index,parent,child1,child2,name1,name2,common,richness,lengthbr,hxmax,hxmin,hymax,hymin,color
0,-268352393,1,70,"null","null","null",39,40.065975,3.6887548,-0.44105524,1.9450194,-2.2438107,-12486656
1,0,2,57,"null","null","null",35,38.882515,3.2310944,-0.6278832,3.1734376,-1.116679,-16731116
2,1,3,54,"null","null","null",28,36.44214,2.5840364,-1.542547,3.625268,-0.37199068,-16731116
3,2,4,31,"null","null","null",26,35.631668,1.5333138,-2.9319177,3.2971134,-0.5905177,-12486656
4,3,5,20,"null","null","null",14,28.86164,0.39173108,-3.6230316,2.604763,-1.0796683,-12486656
5,4,6,17,"null","null","null",8,22.74149,0.54197484,-3.4929106,1.9094126,-2.579044,-12486656
6,5,7,12,"null","null","null",6,19.595299,0.661925,-2.8537693,0.5223193,-3.482712,-12486656
7,6,8,11,"null","null","null",3,12.014802,1.9703119,-2.076365,0.483974,-3.5523148,-12486656
8,7,9,10,"null","null","null",2,12.014802,3.0051737,-1.0892006,0.64591265,-2.9852276,-16731116
12,6,13,16,"null","null","null",3,12.014802,0.8449197,-3.767137,2.4522865,-0.39556193,-12486656
13,12,14,15,"null","null","null",2,12.014802,0.5235969,-3.756458,1.9383984,-1.6186465,-12486656
17,5,18,19,"null","null","null",2,7.580496,1.6917262,-2.1268098,3.5885544,-0.35959634,-12486656
20,4,21,28,"null","null","null",6,19.595297,2.6331244,-1.4981501,3.4931793,-0.76705146,-12486656
21,20,22,27,"null","null","null",4,15.160992,1.6917262,-2.9612668,3.1863725,-0.57550156,-12486656
22,21,23,26,"null","null","null",3,15.160992,0.5272789,-3.767137,2.4522848,-0.665,-16731116
23,22,24,25,"null","null","null",2,15.160992,0.5235972,-3.7564566,1.9383972,-1.6186507,-16731116
28,20,29,30,"null","null","null",2,7.580496,3.7952118,-0.70525837,0.5537423,-2.2791748,-12486656
31,3,32,51,"null","null","null",12,27.175793,3.2905605,-0.28912896,3.1184053,-1.2878697,-12486656
32,31,33,48,"null","null","null",10,25.181862,2.6331244,-1.3260055,3.6562052,-0.34808072,-16731116
33,32,34,43,"null","null","null",8,22.741488,1.5297068,-2.7374787,3.3983064,-0.57550156,-16731116
34,33,35,40,"null","null","null",5,17.601366,0.33848524,-3.4762127,2.727799,-0.8165185,-12486656
35,34,36,39,"null","null","null",3,12.014802,0.5235972,-3.3782551,1.9383972,-2.311047,-12486656
36,35,37,38,"null","null","null",2,12.014802,0.6580925,-2.7162058,0.86751616,-3.2399864,-12486656
40,34,41,42,"null","null","null",2,7.580496,2.3612077,-0.41842145,3.6646914,-0.7950939,-12486656
43,33,44,47,"null","null","null",3,12.014802,3.0981073,-0.2750013,3.0448956,-1.5045784,-16731116
44,43,45,46,"null","null","null",2,12.014802,2.3612077,-0.6619245,3.6646914,-0.32388234,-16731116
48,32,49,50,"null","null","null",2,7.580496,3.7952118,-0.70525837,0.5537423,-2.2791748,-11184866
51,31,52,53,"null","null","null",2,7.580496,2.8755677,-1.1971774,0.31716195,-3.108151,-12486656
54,2,55,56,"null","null","null",2,7.580496,3.8167205,-0.6717526,0.73106873,-2.2381606,-16731116
57,1,58,65,"null","null","null",7,21.281141,3.2514293,-0.92879295,0.33095616,-2.9070072,-12486656
58,57,59,64,"null","null","null",4,21.281141,3.528014,-0.41857028,1.8652952,-2.2381606,-12486656
59,58,60,63,"null","null","null",3,21.281141,3.0657115,-0.61676055,3.1667447,-1.4052784,-12486656
60,59,61,62,"null","null","null",2,21.281141,2.3408206,-0.65809166,3.7190466,-0.34808072,-12486656
65,57,66,69,"null","null","null",3,21.281141,0.357829,-2.7521257,0.902598,-3.625102,-12486656
66,65,67,68,"null","null","null",2,21.281141,1.0880258,-2.1365545,0.46288565,-3.8261662,-11184866
70,0,71,76,"null","null","null",4,15.160992,2.3305707,-2.0763655,0.5623986,-3.492145,-12486656
71,70,72,75,"null","null","null",3,15.160992,3.4735112,-1.0892012,0.6459125,-2.9070072,-12486656
72,71,73,74,"null","null","null",2,15.160992,3.8167205,-0.41857028,0.73106873,-2.2381606,-11184866
