index,parent,child1,child2,name1,name2,common,richness,lengthbr,hxmax,hxmin,hymax,hymin,color
0,-268358580,1,40,"null","null","null",26,40.837532,3.4309168,-0.7673098,0.6527477,-2.9202757,-16731116
1,0,2,27,"null","null","null",20,37.549015,3.6659722,-0.4410549,1.9801649,-2.3023295,-16731116
2,1,3,20,"null","null","null",13,32.14951,3.2014773,-0.6278831,3.2191281,-1.1166805,-16731116
3,2,4,15,"null","null","null",9,32.14951,2.5455337,-1.641892,3.684667,-0.37199032,-16731116
4,3,5,12,"null","null","null",6,32.14951,1.550136,-3.0610676,3.3743331,-0.59051746,-16731116
5,4,6,9,"null","null","null",4,32.14951,0.29948983,-3.7909281,2.7051487,-0.66423035,-16731116
6,5,7,8,"null","null","null",2,32.14951,0.54197454,-3.711177,1.8611674,-1.7914399,-16731116
9,5,10,11,"null","null","null",2,32.14951,2.340821,-0.4290238,3.7190456,-0.76705194,-16731116
12,4,13,14,"null","null","null",2,32.14951,3.3284078,-0.28912875,2.5945044,-1.40528,-16731116
15,3,16,19,"null","null","null",3,32.14951,3.7300873,-0.6717531,1.4251093,-2.238161,-12486656
16,15,17,18,"null","null","null",2,32.14951,3.3284078,-0.6167604,2.5945044,-1.40528,-11184866
20,2,21,26,"null","null","null",4,32.14951,3.4068694,-1.0892029,0.33095595,-2.9070082,-12486656
21,20,22,25,"null","null","null",3,32.14951,3.7300873,-0.41856992,1.4251093,-2.238161,-16731116
22,21,23,24,"null","null","null",2,32.14951,3.3284078,-0.6167604,2.5945044,-1.40528,-12486656
27,1,28,37,"null","null","null",7,24.390368,2.2793067,-2.2165554,0.56239915,-3.62381,-12486656
28,27,29,36,"null","null","null",5,24.390368,3.4068694,-1.0892029,0.6459124,-3.0781722,-11184866
29,28,30,33,"null","null","null",4,24.390368,3.7300873,-0.41856992,1.4251093,-2.4606743,-12486656
30,29,31,32,"null","null","null",2,24.390368,3.3284078,-0.6167604,2.5945044,-1.40528,-12486656
33,29,34,35,"null","null","null",2,24.390368,1.0880233,-2.1365554,0.6001814,-3.8261666,-11513776
37,27,38,39,"null","null","null",2,24.390368,0.48358428,-3.7564583,1.9384001,-1.6186436,-16731116
40,0,41,50,"null","null","null",6,22.458216,0.68969333,-2.6608248,0.88575745,-3.4364264,-16731116
41,40,42,49,"null","null","null",5,22.458216,2.2793067,-2.0763667,0.4839735,-3.4921455,-16731116
42,41,43,48,"null","null","null",4,22.458216,3.4068694,-1.0892029,0.6459124,-2.9070082,-16731116
43,42,44,47,"null","null","null",3,22.458216,3.7300873,-0.41856992,1.4251093,-2.238161,-16731116
44,43,45,46,"null","null","null",2,22.458216,3.3284078,-0.6167604,2.5945044,-1.40528,-16731116
