index,parent,child1,child2,name1,name2,common,richness,lengthbr,hxmax,hxmin,hymax,hymin,color
0,-268386129,1,102,"null","null","null",62,15.255077,0.32388148,-3.5764802,2.551958,-1.2118316,-12486656
1,0,2,63,"null","null","null",51,15.255077,0.5592989,-3.3609874,1.6930466,-2.6721203,-12486656
2,1,3,56,"null","null","null",31,12.596108,0.8246813,-2.6774383,0.41481674,-3.4975276,-12486656
3,2,4,31,"null","null","null",27,12.596108,2.390827,-1.9577086,0.5042378,-3.4866786,-12486656
4,3,5,28,"null","null","null",14,12.596108,3.4484446,-0.7274634,0.6527479,-2.875258,-12486656
5,4,6,21,"null","null","null",12,12.596108,3.6887546,-0.4410558,2.042694,-2.2438087,-12486656
6,5,7,14,"null","null","null",8,12.596108,3.2310927,-0.6278835,3.3004124,-1.1166763,-16731116
7,6,8,11,"null","null","null",4,12.596108,2.584035,-1.0472739,3.7903328,-0.37199128,-16731116
8,7,9,10,"null","null","null",2,12.596108,1.6001867,-2.2880604,3.5116959,-0.59051806,-16731116
11,7,12,13,"null","null","null",2,12.596108,3.8167205,-0.67175174,0.73107064,-2.2381597,-16777216
14,6,15,20,"null","null","null",4,12.596108,3.4068704,-1.0892006,0.33095652,-2.9070063,-16777216
15,14,16,19,"null","null","null",3,12.596108,3.7300863,-0.41857052,1.4251142,-2.2381597,-16777216
16,15,17,18,"null","null","null",2,12.596108,3.328405,-0.6167606,2.5945082,-1.4052775,-16777216
21,5,22,27,"null","null","null",4,12.596108,2.3305721,-2.076365,0.5623976,-3.4921446,-11184866
22,21,23,26,"null","null","null",3,12.596108,3.4735122,-1.0892006,0.64591265,-2.9070063,-11184866
23,22,24,25,"null","null","null",2,12.596108,3.8167205,-0.41857052,0.73107064,-2.2381597,-11184866
28,4,29,30,"null","null","null",2,12.596108,0.37080142,-2.5711775,0.88575673,-3.3442605,-16777216
31,3,32,45,"null","null","null",13,12.596108,0.4428624,-3.3444898,1.730665,-2.5434406,-11184866
32,31,33,44,"null","null","null",7,12.596108,0.68969655,-2.6608222,0.75469065,-3.4364274,-8572416
33,32,34,43,"null","null","null",6,12.596108,2.2793093,-2.076365,0.483974,-3.4921446,-8572416
34,33,35,40,"null","null","null",5,12.596108,3.4068704,-0.8706852,0.64591265,-2.9070063,-8572416
35,34,36,39,"null","null","null",3,12.596108,3.7300863,-0.41857052,1.4251142,-2.2381597,-16777216
36,35,37,38,"null","null","null",2,12.596108,3.328405,-0.6167606,2.5945082,-1.4052775,-16777216
40,34,41,42,"null","null","null",2,12.596108,0.35782912,-2.7162104,0.9025978,-3.239983,-8572416
45,31,46,51,"null","null","null",6,12.596108,1.5297068,-2.9612668,3.1863725,-0.35959634,-12486656
46,45,47,50,"null","null","null",3,12.596108,0.5272789,-3.767137,2.4522848,-0.665,-12486656
47,46,48,49,"null","null","null",2,12.596108,0.5235972,-3.7564566,1.9383972,-1.6186507,-12486656
51,45,52,55,"null","null","null",3,12.596108,3.0981073,-0.2750013,3.0448956,-1.5045784,-16777216
52,51,53,54,"null","null","null",2,12.596108,2.3612077,-0.6619245,3.6646914,-0.32388234,-16777216
56,2,57,62,"null","null","null",4,12.596108,0.8210846,-3.4558175,2.374522,-0.99774426,-16777216
57,56,58,61,"null","null","null",3,12.596108,0.54197484,-3.2755322,1.8611662,-2.472543,-16777216
58,57,59,60,"null","null","null",2,12.596108,0.661925,-2.5711775,0.75469065,-3.3442605,-16777216
63,1,64,95,"null","null","null",20,10.988558,1.4333808,-2.8440948,3.2826338,-0.3173806,-12486656
64,63,65,88,"null","null","null",16,10.988558,0.29949018,-3.5088618,2.58594,-1.1122098,-12486656
65,64,66,87,"null","null","null",12,10.988558,0.54197484,-3.3444898,1.8611662,-2.6213484,-12486656
66,65,67,86,"null","null","null",11,10.988558,0.661925,-2.6608222,0.75469065,-3.5377076,-12486656
67,66,68,85,"null","null","null",10,10.988558,2.1597397,-2.076365,0.483974,-3.6238089,-12486656
68,67,69,80,"null","null","null",9,10.988558,3.25143,-0.8866478,0.64591265,-3.0781698,-12486656
69,68,70,77,"null","null","null",6,10.988558,3.5280137,-0.41857052,1.9147071,-2.4606724,-16731116
70,69,71,76,"null","null","null",4,10.988558,3.0657108,-0.6167606,3.230979,-1.4052775,-16731116
71,70,72,75,"null","null","null",3,10.988558,2.3408198,-0.856262,3.8025498,-0.34808096,-16731116
72,71,73,74,"null","null","null",2,10.988558,1.6917254,-2.1268115,3.5885534,-0.5755017,-12486656
77,69,78,79,"null","null","null",2,10.988558,1.0880251,-2.1365547,0.6001805,-3.8261662,-11184866
80,68,81,84,"null","null","null",3,10.988558,0.35782912,-2.7521262,0.9025978,-3.6251016,-12486656
81,80,82,83,"null","null","null",2,10.988558,1.0880251,-2.1365547,0.46288556,-3.8261662,-12486656
88,64,89,94,"null","null","null",4,10.988558,2.3408206,-1.3545806,3.4508271,-0.76705146,-12486656
89,88,90,93,"null","null","null",3,10.988558,1.6917262,-2.7746265,3.1313148,-0.57550156,-12486656
90,89,91,92,"null","null","null",2,10.988558,0.5272789,-3.524505,2.3807096,-0.665,-11184866
95,63,96,101,"null","null","null",4,10.988558,3.0657115,-0.28912896,3.230978,-1.4052784,-12486656
96,95,97,100,"null","null","null",3,10.988558,2.3408206,-0.85626006,3.8025498,-0.34808072,-12486656
97,96,98,99,"null","null","null",2,10.988558,1.6917262,-2.1268098,3.5885544,-0.57550156,-12486656
102,0,103,114,"null","null","null",11,8.79565,2.4557223,-1.4436038,3.4890308,-0.7370672,-12486656
103,102,104,111,"null","null","null",6,8.79565,1.550134,-2.8032913,3.1200047,-0.5905177,-12486656
104,103,105,110,"null","null","null",4,8.79565,0.4135974,-3.4558175,2.374522,-0.99774426,-12486656
105,104,106,109,"null","null","null",3,8.79565,0.54197484,-3.2755322,1.8611662,-2.472543,-11184866
106,105,107,108,"null","null","null",2,8.79565,0.661925,-2.5711775,0.75469065,-3.3442605,-11184866
111,103,112,113,"null","null","null",2,8.79565,3.328406,-0.28912896,2.5945067,-1.4052784,-12486656
114,102,115,122,"null","null","null",5,8.79565,3.528014,-0.6717526,1.8652952,-2.2381606,-12486656
115,114,116,119,"null","null","null",4,8.79565,3.0657115,-0.61676055,3.1667447,-1.2878697,-12486656
116,115,117,118,"null","null","null",2,8.79565,2.3408206,-0.65809166,3.7190466,-0.34808072,-11184866
119,115,120,121,"null","null","null",2,8.79565,2.8755677,-1.1971774,0.31716195,-3.108151,-16731116
