index,parent,child1,child2,name1,name2,common,richness,lengthbr,hxmax,hxmin,hymax,hymin,color
0,-268433374,1,234,"null","null","null",493,52.80389,2.972362,-0.64591235,3.3666086,-1.089205,-11184866
1,0,2,225,"null","null","null",492,52.80389,2.3231204,-1.8165503,3.6777506,-0.41856945,-11184866
2,1,3,214,"null","null","null",487,52.80389,1.2264603,-3.1033797,3.260371,-0.61676013,-11184866
3,2,4,179,"","null","Rain Frogs",481,52.59404,0.34807986,-3.6366754,2.593877,-1.3517938,-11184866
4,3,5,137,"null","null","null",298,52.59404,0.57550097,-3.3729198,1.5949239,-2.7710066,-8572416
5,4,6,123,"null","null","null",255,52.59404,0.95356864,-2.694796,0.33848894,-3.5198026,-11184866
6,5,7,52,"null","null","null",224,52.594036,2.4892156,-1.8954961,0.5235962,-3.434926,-11184866
7,6,8,35,"null","null","null",188,52.594036,3.4716105,-0.6975698,0.65809226,-2.7898788,-16777216
8,7,9,-268394496,"null","null","null",179,44.17607,3.6266298,-0.46288514,2.1163027,-2.185632,-16777216
9,8,-268396544,10,"null","null","null",123,44.17607,3.112924,-0.6376134,3.2966115,-1.0032609,-16777216
10,9,11,24,"null","null","null",13,44.17607,3.448443,-0.91696227,0.4220482,-2.8342974,-16777216
11,10,12,23,"null","null","null",7,44.17607,3.6887553,-0.44105512,2.0426908,-2.1905584,-16777216
12,11,13,20,"null","null","null",6,44.17607,3.2310948,-0.6278832,3.3004107,-1.1514455,-16777216
13,12,14,17,"null","null","null",4,44.17607,2.5840368,-1.0472679,3.7903333,-0.37199056,-16777216
14,13,15,16,"null","null","null",2,44.17607,1.6001897,-2.2880554,3.5116982,-0.59051764,-16777216
17,13,18,19,"null","null","null",2,44.17607,3.8167202,-0.67175275,0.73106515,-2.238161,-16777216
20,12,21,22,"null","null","null",2,44.17607,3.0051699,-1.0892038,0.3309561,-2.9852314,-16777216
24,10,25,34,"null","null","null",6,44.17607,0.7291248,-2.768663,0.8857573,-3.4364262,-16777216
25,24,26,31,"null","null","null",5,44.17607,2.3305678,-2.216556,0.48397338,-3.4921455,-16777216
26,25,27,30,"null","null","null",3,44.17607,3.4735096,-1.0892038,0.6459124,-2.9070082,-16777216
27,26,28,29,"null","null","null",2,44.17607,3.8167202,-0.4185698,0.73106515,-2.238161,-16777216
31,25,32,33,"null","null","null",2,44.17607,0.48358452,-3.7564592,1.9384005,-1.6186413,-16777216
35,7,36,45,"null","null","null",9,18.711689,0.8217367,-2.6774402,0.866506,-3.473288,-16777216
36,35,37,44,"null","null","null",5,18.711689,2.387001,-2.0102282,0.5042372,-3.4551697,-16777216
37,36,38,43,"null","null","null",4,18.711689,3.4434738,-0.9791728,0.65274775,-2.8342974,-16777216
38,37,39,42,"null","null","null",3,18.711689,3.6822956,-0.44105512,1.6104476,-2.1905584,-16777216
39,38,40,41,"null","null","null",2,18.711689,3.2226973,-0.6278832,2.7384949,-1.3026786,-16777216
45,35,46,51,"null","null","null",4,18.711689,0.82108533,-3.4558184,2.3745222,-0.9977391,-16777216
46,45,47,50,"null","null","null",3,18.711689,0.5419743,-3.2755356,1.8611686,-2.4725387,-16777216
47,46,48,49,"null","null","null",2,18.711689,0.6619249,-2.571182,0.7546941,-3.3442578,-16777216
52,6,53,92,"null","null","null",36,52.594036,0.40148032,-3.3791232,1.7338032,-2.6814826,-11184866
53,52,54,81,"null","null","null",20,52.594036,0.8246769,-2.7010148,0.41481906,-3.5096998,-8572416
54,53,55,78,"null","null","null",14,52.594036,2.3908234,-2.120684,0.5042372,-3.5025048,-16777216
55,54,56,75,"null","null","null",12,21.161606,3.448443,-0.72746766,0.65274775,-2.8958325,-16777216
56,55,57,70,"null","null","null",10,21.161606,3.6887553,-0.44105512,1.8644047,-2.270554,-16777216
57,56,58,67,"null","null","null",7,21.161606,3.2310948,-0.6278832,3.0686388,-1.1514455,-16777216
58,57,59,64,"null","null","null",5,21.161606,2.5840368,-1.5287743,3.48903,-0.37199056,-16777216
59,58,60,63,"null","null","null",3,21.161606,1.6001897,-2.9140136,3.1200042,-0.59051764,-16777216
60,59,61,62,"null","null","null",2,21.161606,0.4135989,-3.5997567,2.3745215,-0.66423035,-16777216
64,58,65,66,"null","null","null",2,21.161606,3.8167202,-0.67175275,0.73106515,-2.238161,-16777216
67,57,68,69,"null","null","null",2,21.161606,3.0051699,-1.0892038,0.3309561,-2.9852314,-16777216
70,56,71,74,"null","null","null",3,21.161606,1.9703064,-2.076367,0.5623988,-3.5523171,-16777216
71,70,72,73,"null","null","null",2,21.161606,3.0051699,-1.0892038,0.6459124,-2.9852314,-16777216
75,55,76,77,"null","null","null",2,21.161606,0.37080103,-2.571182,0.8857573,-3.3442578,-16777216
78,54,79,80,"null","null","null",2,5.9028807,0.44286364,-3.711179,1.8611686,-1.7914356,-16777216
81,53,82,91,"null","null","null",6,15.258725,0.82108533,-3.5088615,2.3745222,-1.198804,-8572416
82,81,83,88,"null","null","null",5,15.258725,0.5419743,-3.3444917,1.9094158,-2.7339232,-8572416
83,82,84,87,"null","null","null",3,15.258725,0.6619249,-2.660825,0.7546941,-3.6840577,-16777216
84,83,85,86,"null","null","null",2,15.258725,1.2662381,-2.076367,0.48397338,-3.8140666,-16777216
88,82,89,90,"null","null","null",2,15.258725,1.691729,-2.1268048,3.5885563,-0.35959762,-8572416
92,52,93,112,"null","null","null",16,52.594036,1.4333824,-2.8828318,3.3743331,-0.31738126,-11184866
93,92,94,109,"null","null","null",10,19.608946,0.29948983,-3.5592217,2.7051487,-1.1988066,-11184866
94,93,95,102,"null","null","null",8,19.608946,0.54197454,-3.4099588,1.7306666,-2.7339253,-11184866
95,94,96,99,"null","null","null",4,19.608946,0.66192496,-2.745932,0.49050736,-3.6840591,-8572416
96,95,97,98,"null","null","null",2,19.608946,1.2662436,-2.076365,0.483974,-3.814066,-3014646
99,95,100,101,"null","null","null",2,19.608946,0.8449197,-3.5245035,2.3807096,-0.39556193,-11184866
102,94,103,108,"null","null","null",4,19.608946,1.6917278,-2.9612656,3.1863737,-0.35959697,-11184866
103,102,104,107,"null","null","null",3,19.608946,0.52728057,-3.767137,2.4522865,-0.665,-11184866
104,103,105,106,"null","null","null",2,19.608946,0.5235969,-3.756458,1.9383984,-1.6186465,-12486656
109,93,110,111,"null","null","null",2,19.608946,2.340821,-0.4290238,3.7190456,-0.76705194,-3014646
112,92,113,118,"null","null","null",6,15.258725,3.0657122,-0.28912875,3.2309766,-1.2264582,-16777216
113,112,114,117,"null","null","null",3,15.258725,2.340821,-0.8562573,3.8025494,-0.34808034,-16777216
114,113,115,116,"null","null","null",2,15.258725,1.6917278,-2.1268075,3.5885549,-0.5755013,-16777216
118,112,119,122,"null","null","null",3,15.258725,3.3814769,-1.1971791,0.31716174,-2.9699724,-16777216
119,118,120,121,"null","null","null",2,15.258725,3.7952118,-0.39551836,0.6459115,-2.2791753,-16777216
123,5,124,136,"null","null","null",31,52.59404,0.7950952,-3.59043,2.3612084,-1.2503638,-16777216
124,123,-268395520,125,"null","null","null",30,52.59404,0.55929863,-3.3791232,1.7338032,-2.7222135,-16777216
125,124,126,133,"null","null","null",6,52.59404,1.550136,-3.0610676,3.3743331,-0.31738126,-16777216
126,125,127,130,"null","null","null",4,11.805761,0.29948983,-3.7909281,2.7051487,-0.66423035,-16777216
127,126,128,129,"null","null","null",2,11.805761,0.54197454,-3.711177,1.8611674,-1.7914399,-16777216
130,126,131,132,"null","null","null",2,11.805761,2.340821,-0.4290238,3.7190456,-0.76705194,-16777216
133,125,134,135,"null","null","null",2,5.9028807,3.3284078,-0.28912875,2.5945044,-1.40528,-16777216
137,4,138,148,"null","null","null",43,52.59404,1.4115132,-2.977038,3.2448392,-0.2750008,-3014646
138,137,-268399616,139,"null","null","null",27,52.59404,0.32388148,-3.5764802,2.551958,-1.219034,-16777216
139,138,140,147,"null","null","null",5,13.706064,2.3134408,-1.6418946,3.4890308,-0.7370672,-16777216
140,139,141,146,"null","null","null",4,13.706064,1.600189,-3.0610695,3.1200047,-0.5905177,-16777216
141,140,142,145,"null","null","null",3,13.706064,0.4135974,-3.790929,2.374522,-0.66423035,-16777216
142,141,143,144,"null","null","null",2,13.706064,0.54197484,-3.7111773,1.8611662,-1.7914411,-16777216
148,137,149,168,"null","null","null",16,52.594036,3.2014763,-0.30320084,3.0686398,-1.116679,-3014646
149,148,150,163,"null","null","null",10,52.59404,2.5455327,-1.4436038,3.4890308,-0.37199068,-3014646
150,149,151,158,"null","null","null",7,52.59404,1.4333808,-2.8032913,3.1200047,-0.5905177,-3014646
151,150,152,157,"null","null","null",4,11.805761,0.4135974,-3.4558175,2.374522,-0.99774426,-16777216
152,151,153,156,"null","null","null",3,11.805761,0.54197484,-3.2755322,1.8611662,-2.472543,-16777216
153,152,154,155,"null","null","null",2,11.805761,0.661925,-2.5711775,0.75469065,-3.3442605,-16777216
158,150,159,162,"null","null","null",3,9.3558445,3.0657115,-0.28912896,3.1667447,-1.4052784,-3014646
159,158,160,161,"null","null","null",2,9.3558445,2.3408206,-0.65809166,3.7190466,-0.34808072,-3014646
163,149,164,167,"null","null","null",3,9.3558445,3.7300868,-0.6717526,1.4251122,-2.2381606,-16777216
164,163,165,166,"null","null","null",2,9.3558445,3.328406,-0.61676055,2.5945067,-1.4052784,-16777216
168,148,169,174,"null","null","null",6,15.258725,3.40687,-0.92879295,0.33095616,-2.9070072,-16777216
169,168,170,173,"null","null","null",3,15.258725,3.7300868,-0.41857028,1.4251122,-2.2381606,-16777216
170,169,171,172,"null","null","null",2,15.258725,3.328406,-0.61676055,2.5945067,-1.4052784,-16777216
174,168,175,178,"null","null","null",3,15.258725,0.357829,-2.7521257,0.902598,-3.625102,-16777216
175,174,176,177,"null","null","null",2,15.258725,1.0880258,-2.1365545,0.46288565,-3.8261662,-16777216
179,3,180,-268397568,"null","null","null",183,52.59404,2.4505904,-1.6631317,3.706901,-0.70525956,-11184866
180,179,181,189,"null","null","null",98,52.59404,1.3808088,-2.9979563,3.3478484,-0.6042887,-11184866
181,180,-268398592,182,"null","null","null",85,52.59404,0.32388148,-3.6036742,2.6858704,-1.219034,-11184866
182,181,183,186,"null","null","null",4,11.805761,2.5840364,-1.0472691,3.7903333,-0.7370672,-16777216
183,182,184,185,"null","null","null",2,11.805761,1.600189,-2.2880564,3.5116978,-0.5905177,-16777216
186,182,187,188,"null","null","null",2,11.805761,3.8167205,-0.6717526,0.73106873,-2.2381606,-16777216
189,180,190,209,"null","null","null",13,21.843254,3.1323915,-0.30320084,3.0686398,-1.116679,-8572416
190,189,191,202,"null","null","null",10,21.843254,2.4557223,-1.4436038,3.4890308,-0.37199068,-8572416
191,190,192,199,"null","null","null",6,21.843254,1.550134,-2.8032913,3.1200047,-0.5905177,-16777216
192,191,193,198,"null","null","null",4,21.843254,0.4135974,-3.4558175,2.374522,-0.99774426,-16777216
193,192,194,197,"null","null","null",3,21.843254,0.54197484,-3.2755322,1.8611662,-2.472543,-16777216
194,193,195,196,"null","null","null",2,21.843254,0.661925,-2.5711775,0.75469065,-3.3442605,-16777216
199,191,200,201,"null","null","null",2,21.843254,3.328406,-0.28912896,2.5945067,-1.4052784,-16777216
202,190,203,208,"null","null","null",4,21.843254,3.528014,-0.6717526,1.8652952,-2.2381606,-8572416
203,202,204,207,"null","null","null",3,21.843254,3.0657115,-0.61676055,3.1667447,-1.4052784,-16777216
204,203,205,206,"null","null","null",2,21.843254,2.3408206,-0.65809166,3.7190466,-0.34808072,-16777216
209,189,210,213,"null","null","null",3,21.843254,3.4735112,-1.0892012,0.33095616,-2.9070072,-16777216
210,209,211,212,"null","null","null",2,21.843254,3.8167205,-0.41857028,0.73106873,-2.2381606,-16777216
214,2,215,220,"null","null","null",6,15.258725,2.9699736,-0.31716147,3.3591185,-1.0032616,-16777216
215,214,216,219,"null","null","null",3,15.258725,2.279176,-1.237134,3.7661476,-0.3955179,-16777216
216,215,217,218,"null","null","null",2,15.258725,1.5045818,-2.444159,3.4248688,-0.6042887,-16777216
220,214,221,224,"null","null","null",3,15.258725,3.554825,-0.9791716,0.34452954,-2.834297,-16777216
221,220,222,223,"null","null","null",2,15.258725,3.8270519,-0.44105524,0.9093958,-2.1905582,-16777216
225,1,226,231,"null","null","null",5,13.706064,3.5166674,-0.6001822,2.1815815,-2.3054075,-12486656
226,225,227,230,"null","null","null",3,13.706064,2.9699736,-0.6376133,3.381475,-1.1971812,-12486656
227,226,228,229,"null","null","null",2,13.706064,2.279176,-0.64591163,3.795211,-0.3955179,-11184866
231,225,232,233,"null","null","null",2,13.706064,1.443346,-2.010228,0.5234822,-3.7907999,-16731116
