index,parent,child1,child2,name1,name2,common,richness,lengthbr,hxmax,hxmin,hymax,hymin,color
0,-268435449,1,116,"null","null","null",1913,138.39574,1.1560425,-3.2064116,3.1835883,-0.3032,-16731116
1,0,2,66,"","null","True Frogs, Shrub Frogs and more",1167,81.7,0.37198922,-3.6681402,2.5222764,-1.5029595,-12486656
2,1,3,38,"null","null","null",1116,78.1,0.5905168,-3.3528504,1.4333867,-2.8804593,-12486656
3,2,4,17,"null","null","null",1047,74.2,1.0751538,-2.677221,0.38599598,-3.5561419,-12486656
4,3,5,16,"null","null","null",1036,72.799995,2.5731802,-1.8248513,0.5419737,-3.4059582,-12486656
5,4,6,-268352512,"null","null","null",887,69.399994,3.4750953,-0.6273492,0.67296016,-2.7407312,-12486656
6,5,7,-268339200,"null","null","null",734,67.7,3.542417,-0.4839731,2.2575548,-2.1014652,-12486656
7,6,8,-268329984,"null","null","null",428,62.099995,2.972362,-0.64591235,3.3785942,-0.89338154,-12486656
8,7,-268345344,9,"RHACOPHORIDAE","null","Shrub Frogs",272,45.299995,2.3231204,-1.8495896,3.6933317,-0.41856945,-12486656
9,8,10,15,"null","null","null",4,11.180647,3.5166674,-0.6001822,2.1815815,-2.1365566,-16731116
10,9,11,14,"null","null","null",3,11.180647,2.9699736,-0.6376133,3.381475,-1.1971812,-16731116
11,10,12,13,"null","null","null",2,11.180647,2.279176,-0.64591163,3.795211,-0.3955179,-16731116
16,4,-268349440,-268326912,"null","null","null",149,70.90001,0.3595989,-3.3982806,1.6246532,-2.7787907,-16731116
17,3,18,33,"null","null","null",11,25.56947,0.76705325,-3.6562035,2.6202111,-1.3385732,-11184866
18,17,19,32,"null","null","null",8,25.56947,0.5755006,-3.3983078,1.6917318,-2.753822,-11184866
19,18,20,29,"null","null","null",7,25.56947,0.9518968,-2.7278001,0.33848965,-3.4974651,-11184866
20,19,21,28,"null","null","null",5,25.56947,2.4870431,-1.9384017,0.52359605,-3.4058878,-11184866
21,20,22,27,"null","null","null",4,25.56947,3.4687877,-0.8675231,0.6580922,-2.752129,-8572416
22,21,23,26,"null","null","null",3,25.56947,3.622961,-0.4628849,1.7924187,-2.1365566,-3014646
23,22,24,25,"null","null","null",2,25.56947,3.1081553,-0.6376133,2.8755634,-1.1971812,-3014646
29,19,30,31,"null","null","null",2,25.56947,0.79509544,-3.664688,2.3612084,-0.4184208,-8572416
33,17,34,37,"null","null","null",3,25.56947,2.2791772,-1.237127,3.7661495,-0.7052604,-11184866
34,33,35,36,"null","null","null",2,25.56947,1.504586,-2.4441528,3.4248729,-0.6042882,-11184866
38,2,39,57,"CERATOBATRACHIDAE","null","null",69,47.09268,1.2264633,-3.0865865,3.0657134,-0.2891281,-12486656
39,38,40,56,"null","null","null",64,36.899998,0.34807923,-3.614847,2.3408217,-1.343874,-12486656
40,39,-268360704,41,"null","null","null",63,36.76027,0.5755006,-3.3445444,1.6364963,-2.760713,-12486656
41,40,42,53,"null","null","null",8,18.45,1.4209496,-2.9239204,3.3383722,-0.27500045,-16731116
42,41,43,50,"null","null","null",6,18.45,0.32388067,-3.5074308,2.6735506,-1.350251,-16731116
43,42,44,49,"null","null","null",4,18.45,0.5592982,-3.2712262,1.7788389,-2.852069,-16731116
44,43,45,48,"null","null","null",3,18.45,0.66423047,-2.5607486,0.6411331,-3.7314649,-16731116
45,44,46,47,"null","null","null",2,18.45,1.4433434,-2.0102289,0.50423694,-3.7908003,-16731116
50,42,51,52,"null","null","null",2,18.45,2.313442,-0.4390182,3.7626085,-0.73706853,-16731116
53,41,54,55,"null","null","null",2,18.45,3.222702,-0.3032004,2.7384896,-1.302682,-16731116
57,38,58,63,"null","null","null",5,17.90053,2.9699755,-0.3171611,3.3591175,-1.0122066,-16731116
58,57,59,62,"null","null","null",3,17.90053,2.2791774,-1.237125,3.76615,-0.3955171,-16731116
59,58,60,61,"null","null","null",2,17.90053,1.5045867,-2.4441512,3.424874,-0.60428816,-11513776
63,57,64,65,"null","null","null",2,17.90053,3.1267982,-0.9791765,0.3445291,-2.8544173,-16731116
66,1,67,115,"PTYCHADENIDAE","null","null",51,45.45838,2.2381635,-1.8495839,3.677752,-0.6717546,-16731116
67,66,68,110,"null","null","null",50,45.45838,1.226465,-3.1463265,3.260374,-0.6167597,-16731116
68,67,69,71,"null","null","null",47,44.51405,0.34807888,-3.6925106,2.59388,-1.3438718,-16731116
69,68,-268359680,70,"null","null","null",27,44.51405,0.57550037,-3.445508,1.691733,-2.7607117,-16731116
71,68,72,109,"null","null","null",20,44.51405,2.2791777,-1.6991804,3.706902,-0.7052609,-16731116
72,71,73,102,"null","null","null",19,44.51405,1.3321714,-3.0448236,3.3478522,-0.60428804,-16731116
73,72,74,97,"null","null","null",15,44.51405,0.32388014,-3.6646073,2.6858742,-1.1974815,-16731116
74,73,75,94,"null","null","null",12,44.51405,0.5592979,-3.4755566,1.79486,-2.6534698,-16731116
75,74,76,87,"null","null","null",10,44.51405,0.8876209,-2.8263783,0.5617663,-3.4732876,-16731116
76,75,77,82,"null","null","null",6,44.51405,2.4726522,-1.927067,0.50423664,-3.455171,-16731116
77,76,78,81,"null","null","null",3,44.51405,3.5548232,-0.979175,0.6527476,-2.8342993,-16731116
78,77,79,80,"null","null","null",2,44.51405,3.827052,-0.44105458,0.90939033,-2.1905596,-16731116
82,76,83,86,"null","null","null",3,44.51405,0.44286472,-3.2755368,1.8611706,-2.4725354,-16731116
83,82,84,85,"null","null","null",2,44.51405,0.66192484,-2.5711837,0.7546954,-3.3442564,-16731116
87,75,88,91,"null","null","null",4,44.51405,0.82108605,-3.7909274,2.7051497,-0.47381002,-16731116
88,87,89,90,"null","null","null",2,44.51405,0.5419738,-3.7111793,1.8611706,-1.7914329,-16731116
91,87,92,93,"null","null","null",2,44.51405,2.3408217,-0.42902336,3.7190433,-0.7670531,-11513776
94,74,95,96,"null","null","null",2,44.51405,1.600195,-2.288046,3.511704,-0.31738296,-16731116
97,73,98,101,"null","null","null",3,44.51405,2.3134425,-1.047256,3.7903352,-0.737069,-16731116
98,97,99,100,"null","null","null",2,44.51405,1.6001958,-2.2880452,3.511704,-0.59051675,-16731116
102,72,103,108,"null","null","null",4,44.51405,3.022947,-0.30320007,3.300408,-1.3026844,-12486656
103,102,104,107,"null","null","null",3,44.51405,2.3134427,-1.0472538,3.7903357,-0.37198916,-12486656
104,103,105,106,"null","null","null",2,44.51405,1.6001966,-2.288043,3.511705,-0.5905167,-12486656
110,67,111,114,"null","null","null",3,12.701768,2.9699764,-0.3171609,3.38147,-1.1971865,-16731116
111,110,112,113,"null","null","null",2,12.701768,2.2791781,-0.64591205,3.7952096,-0.39551675,-16731116
116,0,117,170,"null","null","null",746,114.399994,2.9955642,-0.33095533,3.365132,-0.92879367,-16731116
117,116,118,141,"MICROHYLIDAE","null","Microhylid Frogs",392,77.899994,2.3532817,-1.80252,3.6758342,-0.41856873,-16731116
118,117,119,136,"null","null","null",377,75.799995,1.226465,-3.085144,3.2578812,-0.61675966,-16731116
119,118,120,121,"null","null","null",374,74.49999,0.34807888,-3.6129732,2.590639,-1.3438718,-16731116
120,119,-268358656,-268327936,"null","null","null",366,73.399994,0.57550037,-3.3421097,1.5949281,-2.7607117,-16731116
121,119,122,133,"null","null","null",8,26.138067,2.526481,-1.5568581,3.6996102,-0.7052609,-16731116
122,121,123,132,"null","null","null",6,22.521975,1.5045873,-2.8598049,3.3383727,-0.60428804,-16731116
123,122,124,129,"null","null","null",5,20.230238,0.32388014,-3.424083,2.673551,-1.1773235,-16731116
124,123,125,128,"null","null","null",3,20.230238,0.5592979,-3.162875,1.7788401,-2.6272643,-16731116
125,124,126,127,"null","null","null",2,20.230238,0.66423047,-2.419892,0.6411348,-3.4392204,-16731116
129,123,130,131,"null","null","null",2,20.230238,2.3134425,-0.43901807,3.762608,-0.737069,-16731116
133,121,134,135,"null","null","null",2,8.712689,3.827052,-0.63668275,0.90938497,-2.1905613,-12486656
136,118,137,140,"null","null","null",3,14.031389,2.9699764,-0.3171609,3.38147,-1.1971865,-16731116
137,136,138,139,"null","null","null",2,14.031389,2.2791781,-0.64591205,3.7952096,-0.39551675,-16731116
141,117,142,169,"null","null","null",15,36.13989,3.5845244,-0.6001837,2.1250057,-2.136559,-12486656
142,141,143,168,"null","null","null",14,35.29865,3.0581892,-0.6376128,3.3079314,-1.1971873,-12486656
143,142,144,157,"null","null","null",13,35.29865,2.3938541,-1.6061746,3.6996102,-0.39551657,-12486656
144,143,145,156,"null","null","null",7,35.29865,1.5045888,-2.9239175,3.3383737,-0.60428786,-12486656
145,144,146,153,"null","null","null",6,35.29865,0.32387975,-3.507431,2.6735516,-1.3502465,-11184866
146,145,147,152,"null","null","null",4,35.29865,0.5592977,-3.2712283,1.7788414,-2.8520653,-12486656
147,146,148,151,"null","null","null",3,35.29865,0.66423047,-2.5607514,0.6411365,-3.7314637,-12486656
148,147,149,150,"null","null","null",2,35.29865,1.4433382,-2.010231,0.50423634,-3.7908013,-11184866
153,145,154,155,"null","null","null",2,35.29865,2.313443,-0.4390179,3.7626073,-0.7370695,-11184866
157,143,158,165,"null","null","null",6,35.29865,3.52864,-0.63668334,2.026275,-2.3868923,-16731116
158,157,159,162,"null","null","null",4,35.29865,3.0229478,-0.6278825,3.2790768,-1.1514555,-16731116
159,158,160,161,"null","null","null",2,35.29865,2.3134432,-0.6527475,3.7626069,-0.3719888,-16731116
162,158,163,164,"null","null","null",2,35.29865,3.0051613,-1.0892109,0.3309551,-2.9852405,-16731116
165,157,166,167,"null","null","null",2,35.29865,1.266227,-2.0763707,0.56240135,-3.8140678,-11513776
170,116,171,-268331008,"null","null","null",354,99.5,3.3870215,-0.9025991,0.5259942,-2.7672744,-16731116
171,170,-268348416,-268325888,"null","null","null",323,85.3,3.5166688,-0.462884,2.1250057,-2.1562433,-16731116
