index,parent,child1,child2,name1,name2,common,richness,lengthbr,hxmax,hxmin,hymax,hymin,color
0,-268426126,1,44,"null","null","null",38,19.6,3.0229437,-0.303201,3.219129,-1.1927527,-11184866
1,0,2,43,"","null","Stream Toads",22,18.9,2.3134403,-1.5127466,3.684667,-0.37199056,-12486656
2,1,3,40,"null","null","null",21,18.9,1.5501353,-2.8931777,3.3743324,-0.59051764,-12486656
3,2,4,37,"null","null","null",19,18.9,0.29949006,-3.57267,2.705148,-1.0522804,-12486656
4,3,5,26,"null","null","null",17,18.9,0.5419747,-3.4274406,1.7306662,-2.5434403,-12486656
5,4,6,19,"null","null","null",11,18.9,0.66192496,-2.7686582,0.52231866,-3.4364276,-12486656
6,5,7,16,"null","null","null",7,18.9,2.1597412,-2.2165523,0.48397422,-3.492144,-12486656
7,6,8,15,"null","null","null",5,18.9,3.2514307,-1.0891994,0.64591277,-2.9070053,-12486656
8,7,9,14,"null","null","null",4,18.9,3.5280137,-0.41857076,1.8652986,-2.2381592,-12486656
9,8,10,13,"null","null","null",3,18.9,3.0657103,-0.61676085,3.166747,-1.4052767,-12486656
10,9,11,12,"null","null","null",2,18.9,2.3408196,-0.65809155,3.7190475,-0.34808123,-16731116
16,6,17,18,"null","null","null",2,18.9,0.48358285,-3.7564573,1.9383985,-1.6186471,-12486656
19,5,20,25,"null","null","null",4,18.9,0.84491944,-3.4762132,2.4522867,-0.8165151,-8572416
20,19,21,24,"null","null","null",3,18.9,0.5235968,-3.3782573,1.9383985,-2.311044,-8572416
21,20,22,23,"null","null","null",2,18.9,0.6580924,-2.716209,0.867519,-3.2399843,-8572416
26,4,27,32,"null","null","null",6,18.9,1.5297087,-2.9612648,3.1863742,-0.35959655,-11184866
27,26,28,31,"null","null","null",3,18.9,0.5272817,-3.7671363,2.4522867,-0.665,-11513776
28,27,29,30,"null","null","null",2,18.9,0.5235968,-3.7564573,1.9383985,-1.6186471,-16777216
32,26,33,36,"null","null","null",3,18.9,3.0981078,-0.27500102,3.0448914,-1.5045819,-11184866
33,32,34,35,"null","null","null",2,18.9,2.3612075,-0.66192454,3.6646893,-0.32388148,-12486656
37,3,38,39,"null","null","null",2,18.9,2.3408208,-0.4290239,3.7190452,-0.7670516,-11184866
40,2,41,42,"null","null","null",2,18.9,3.3284082,-0.2891289,2.5945039,-1.4052806,-12486656
44,0,45,74,"null","null","null",16,14.939231,3.2514277,-1.0892038,0.3309561,-3.0781724,-11184866
45,44,46,71,"null","null","null",15,14.591485,3.5280137,-0.4185698,1.8495915,-2.4606745,-11184866
46,45,47,68,"null","null","null",13,14.591485,3.065712,-0.6167603,3.1463318,-1.2878731,-11184866
47,46,48,67,"null","null","null",11,12.920312,2.3408208,-1.3260034,3.6925116,-0.34808022,-11184866
48,47,49,60,"null","null","null",10,12.920312,1.5297087,-2.7374778,3.445506,-0.5755012,-11184866
49,48,50,55,"null","null","null",6,12.920312,0.3384865,-3.4762132,2.7891583,-0.8165151,-11184866
50,49,51,54,"null","null","null",3,12.920312,0.5235968,-3.3782573,1.9383985,-2.311044,-8572416
51,50,52,53,"null","null","null",2,12.920312,0.6580924,-2.716209,0.867519,-3.2399843,-8572416
55,49,56,59,"null","null","null",3,12.920312,2.3612075,-0.6648546,3.8027482,-0.7950944,-11184866
56,55,57,58,"null","null","null",2,12.920312,1.7788353,-1.9610502,3.6551359,-0.5592989,-16731116
60,48,61,66,"null","null","null",4,12.920312,3.0981078,-0.27500102,3.1510901,-1.5045819,-8572416
61,60,62,65,"null","null","null",3,12.920312,2.3612075,-0.6648546,3.8027482,-0.32388148,-8572416
62,61,63,64,"null","null","null",2,12.920312,1.7788353,-1.9610502,3.6551359,-0.5592989,-8572416
68,46,69,70,"","null","Ethiopian Toads",2,3.7348077,2.8755634,-1.1971815,0.31716168,-3.1081553,-11184866
71,45,72,73,"null","null","null",2,3.7348077,1.0880196,-2.1365566,0.6001816,-3.8261666,-3014646
