index,parent,child1,child2,name1,name2,common,richness,lengthbr,hxmax,hxmin,hymax,hymin,color
0,-268378051,1,100,"null","null","null",62,67.098816,3.0087051,-0.6459121,3.3277442,-0.89573663,-12486656
1,0,2,95,"null","null","null",50,67.098816,2.3703651,-1.8036301,3.6272297,-0.4185688,-12486656
2,1,3,52,"null","null","null",47,67.098816,1.2264637,-3.0865862,3.194695,-0.6167598,-12486656
3,2,4,33,"null","null","null",25,67.098816,0.34807912,-3.6148474,2.5084975,-1.338572,-11184866
4,3,5,26,"null","null","null",15,67.098816,0.5755005,-3.3445454,1.5297132,-2.753821,-11184866
5,4,6,17,"null","null","null",11,67.098816,0.95189434,-2.6579094,0.33849132,-3.4974642,-12486656
6,5,7,14,"null","null","null",6,67.098816,2.4870415,-2.0181725,0.52359563,-3.4058886,-12486656
7,6,8,13,"null","null","null",4,67.098816,3.4687877,-0.8675259,0.65809214,-2.7521305,-12486656
8,7,9,12,"null","null","null",3,67.098816,3.6229625,-0.4628845,1.7924147,-2.1365576,-12486656
9,8,10,11,"null","null","null",2,67.098816,3.1081576,-0.6376131,2.8755603,-1.1971837,-12486656
14,6,15,16,"null","null","null",2,67.098816,0.40148157,-3.65514,1.7788392,-1.961041,-11184866
17,5,18,25,"null","null","null",5,67.098816,0.79509604,-3.5074317,2.361209,-1.3502498,-11184866
18,17,19,24,"null","null","null",4,67.098816,0.55929816,-3.2712276,1.7788392,-2.8520675,-12486656
19,18,20,23,"null","null","null",3,67.098816,0.66423047,-2.5607505,0.64113533,-3.731464,-12486656
20,19,21,22,"null","null","null",2,67.098816,1.4433398,-2.0102303,0.5042366,-3.7908006,-12486656
26,4,27,32,"null","null","null",4,67.098816,1.5045848,-3.1510878,3.0981092,-0.27500036,-11184866
27,26,28,31,"null","null","null",3,67.098816,0.32388073,-3.8027482,2.361209,-0.6648486,-11184866
28,27,29,30,"null","null","null",2,67.098816,0.5592984,-3.655138,1.7788378,-1.9610449,-11184866
33,3,34,51,"null","null","null",10,67.098816,2.2791774,-1.5568602,3.514793,-0.7052605,-11184866
34,33,35,44,"null","null","null",9,67.098816,1.3321686,-2.859806,3.0981092,-0.6042883,-11184866
35,34,36,43,"null","null","null",5,67.098816,0.32388073,-3.424082,2.361209,-1.1773279,-11184866
36,35,37,40,"null","null","null",4,67.098816,0.5592984,-3.162872,1.7948565,-2.6272678,-11184866
37,36,38,39,"null","null","null",2,67.098816,0.66423047,-2.4198883,0.6411318,-3.4392228,-12486656
40,36,41,42,"null","null","null",2,67.098816,1.6001918,-2.2880516,3.5117006,-0.3173819,-8572416
44,34,45,50,"null","null","null",4,67.098816,3.0229454,-0.30320042,3.300409,-1.3026809,-11184866
45,44,46,49,"null","null","null",3,67.098816,2.3134418,-1.0472633,3.790334,-0.37198997,-11184866
46,45,47,48,"null","null","null",2,67.098816,1.6001918,-2.2880516,3.5117006,-0.5905173,-11184866
52,2,53,90,"null","null","null",22,67.098816,2.9699755,-0.31716102,3.2525895,-1.003265,-12486656
53,52,54,89,"null","null","null",19,67.098816,2.2791774,-1.606179,3.6276631,-0.39551717,-12486656
54,53,55,86,"null","null","null",18,67.098816,1.4209485,-2.9239204,3.2448406,-0.6042883,-12486656
55,54,56,79,"null","null","null",16,67.098816,0.32388073,-3.5074306,2.5519595,-1.2190304,-12486656
56,55,57,76,"null","null","null",12,67.098816,0.5592984,-3.2712252,1.7948565,-2.6814811,-12486656
57,56,58,75,"null","null","null",10,67.098816,0.75179744,-2.5607474,0.6411318,-3.5096998,-12486656
58,57,59,74,"null","null","null",9,67.098816,2.29608,-2.0102282,0.5042372,-3.5025048,-12486656
59,58,60,73,"null","null","null",8,67.098816,3.3252766,-0.9791728,0.65274775,-2.8958325,-12486656
60,59,61,68,"null","null","null",7,67.098816,3.528639,-0.44105512,2.0426908,-2.270554,-12486656
61,60,62,67,"null","null","null",4,67.098816,3.0229437,-0.6278832,3.3004107,-1.3026786,-12486656
62,61,63,66,"null","null","null",3,67.098816,2.3134403,-1.0472679,3.7903333,-0.37199056,-12486656
63,62,64,65,"null","null","null",2,67.098816,1.6001897,-2.2880554,3.5116982,-0.59051764,-12486656
68,60,69,72,"null","null","null",3,67.098816,1.9703064,-2.076367,0.5623988,-3.5523171,-16731116
69,68,70,71,"null","null","null",2,67.098816,3.0051699,-1.0892038,0.6459124,-2.9852314,-16731116
76,56,77,78,"null","null","null",2,67.098816,1.6001918,-2.2880516,3.5117006,-0.3173819,-11184866
79,55,80,85,"null","null","null",4,67.098816,2.3134418,-1.52877,3.4890296,-0.7370682,-12486656
80,79,81,84,"null","null","null",3,67.098816,1.6001918,-2.9140103,3.1200051,-0.5905173,-12486656
81,80,82,83,"null","null","null",2,67.098816,0.4136008,-3.5997553,2.3745222,-0.66423035,-11184866
86,54,87,88,"null","null","null",2,67.098816,3.2227004,-0.30320042,2.7384913,-1.3026809,-11184866
90,52,91,94,"null","null","null",3,67.098816,3.5548232,-0.979175,0.34452912,-2.8342993,-12486656
91,90,92,93,"null","null","null",2,67.098816,3.827052,-0.44105458,0.90939033,-2.1905596,-16731116
95,1,96,99,"null","null","null",3,67.098816,3.6229632,-0.60018325,1.7924132,-2.136558,-11184866
96,95,97,98,"null","null","null",2,67.098816,3.108159,-0.637613,2.875559,-1.1971844,-8572416
100,0,101,120,"null","null","null",12,67.098816,3.4995854,-0.902599,0.44187438,-2.7725625,-11184866
101,100,102,113,"null","null","null",10,67.098816,3.6630008,-0.46288425,2.0156493,-2.1631186,-12486656
102,101,103,112,"null","null","null",6,67.098816,3.160208,-0.637613,3.1657662,-1.1971844,-11184866
103,102,104,109,"null","null","null",5,67.098816,2.5264797,-1.6992304,3.514793,-0.39551717,-11184866
104,103,105,108,"null","null","null",3,67.098816,1.5045848,-3.0448873,3.0981092,-0.6042883,-11184866
105,104,106,107,"null","null","null",2,67.098816,0.32388073,-3.6646876,2.361209,-0.6619246,-11513776
109,103,110,111,"null","null","null",2,67.098816,3.827052,-0.63668215,0.90939033,-2.1905596,-11184866
113,101,114,117,"null","null","null",4,67.098816,2.1434035,-2.120686,0.52348334,-3.470645,-12486656
114,113,115,116,"null","null","null",2,67.098816,3.1267998,-0.979175,0.6527476,-2.8544154,-16731116
117,113,118,119,"null","null","null",2,67.098816,0.44286472,-3.7111793,1.8611706,-1.7914329,-3014646
120,100,121,122,"null","null","null",2,67.098816,0.38339475,-2.419892,0.8665067,-3.4392204,-11184866
