index,parent,child1,child2,name1,name2,common,richness,lengthbr,hxmax,hxmin,hymax,hymin,color
0,-268432375,1,114,"null","null","null",276,20.296814,0.5755014,-3.33637,1.5949215,-2.7607172,-12486656
1,0,2,55,"null","null","null",195,19.042252,0.953574,-2.6472812,0.42326343,-3.5064235,-16731116
2,1,3,32,"null","null","null",165,18.438972,2.48922,-1.9093037,0.523597,-3.41753,-16731116
3,2,4,-268425216,"null","null","null",153,18.166294,3.471612,-0.72599816,0.65809244,-2.7672634,-16731116
4,3,5,-268422144,"null","null","null",95,16.445301,3.626628,-0.46288598,2.0824475,-2.156234,-16731116
5,4,6,-268421120,"null","null","null",73,15.494029,3.1129203,-0.6376138,3.2525957,-1.003256,-16777216
6,5,-268423168,7,"","null","Beaked Toads",41,13.41073,2.4650087,-1.6694481,3.6276631,-0.39551908,-16777216
7,6,8,29,"null","null","null",13,13.41073,3.6887543,-0.6366792,1.8644108,-2.3868842,-16777216
8,7,9,20,"null","null","null",11,13.41073,3.2310922,-0.62788355,3.068643,-1.1927477,-16777216
9,8,10,17,"null","null","null",6,13.41073,2.5840344,-1.6418996,3.4890313,-0.37199152,-16777216
10,9,11,16,"null","null","null",4,13.41073,1.6001859,-3.0610728,3.1200035,-0.59051824,-16777216
11,10,12,15,"null","null","null",3,13.41073,0.4135942,-3.7909293,2.3745208,-0.6642302,-16777216
12,11,13,14,"null","null","null",2,13.41073,0.5419755,-3.7111747,1.8611634,-1.7914485,-16777216
17,9,18,19,"null","null","null",2,13.41073,3.816721,-0.6717514,0.7310724,-2.2381592,-16777216
20,8,21,28,"null","null","null",5,13.41073,3.4068708,-1.0891994,0.33095664,-3.0781689,-16777216
21,20,22,25,"null","null","null",4,13.41073,3.7300858,-0.41857076,1.425116,-2.4606717,-16777216
22,21,23,24,"null","null","null",2,13.41073,3.328404,-0.61676085,2.5945096,-1.4052767,-16777216
25,21,26,27,"null","null","null",2,13.41073,1.0880269,-2.1365538,0.60018003,-3.8261664,-16777216
29,7,30,31,"null","null","null",2,13.41073,1.2662454,-2.0763643,0.56239724,-3.814066,-16777216
32,2,33,46,"null","null","null",12,8.973681,0.40147862,-3.4101975,1.6207659,-2.653476,-16731116
33,32,34,43,"null","null","null",7,8.973681,0.82174206,-2.7414112,0.41481584,-3.473289,-16731116
34,33,35,42,"null","null","null",5,8.973681,2.3870053,-2.010225,0.50423795,-3.4551678,-16731116
35,34,36,41,"null","null","null",4,8.973681,3.443475,-0.9791683,0.652748,-2.8342938,-16731116
36,35,37,40,"null","null","null",3,8.973681,3.6822934,-0.441056,1.6104554,-2.190556,-16731116
37,36,38,39,"null","null","null",2,8.973681,3.222693,-0.62788355,2.7385008,-1.3026744,-16731116
43,33,44,45,"null","null","null",2,8.973681,0.8210844,-3.5997567,2.3745215,-0.40725267,-16731116
46,32,47,52,"null","null","null",5,8.973681,1.5501353,-3.061069,3.1200042,-0.31738016,-16731116
47,46,48,51,"null","null","null",3,8.973681,0.4135989,-3.7909286,2.3745215,-0.66423035,-16731116
48,47,49,50,"null","null","null",2,8.973681,0.5419747,-3.7111769,1.8611665,-1.7914414,-16731116
52,46,53,54,"null","null","null",2,8.973681,3.3284082,-0.2891289,2.5945039,-1.4052806,-16731116
55,1,56,95,"null","null","null",30,16.1,0.79509413,-3.4835258,2.5519571,-1.2503675,-12486656
56,55,57,80,"null","null","null",20,16.1,0.5592991,-3.2401462,1.7338006,-2.7222161,-11184866
57,56,58,79,"null","null","null",12,8.973681,0.7518035,-2.5203447,0.6411279,-3.5626512,-11184866
58,57,59,70,"null","null","null",11,8.659459,2.2960854,-1.9577075,0.50423795,-3.5713387,-11184866
59,58,60,69,"null","null","null",6,8.659459,3.3252792,-0.9791683,0.652748,-2.9853158,-11184866
60,59,61,66,"null","null","null",5,8.659459,3.5286388,-0.441056,2.026293,-2.3868842,-11184866
61,60,62,65,"null","null","null",3,8.659459,3.022942,-0.62788355,3.2790897,-1.3026744,-11184866
62,61,63,64,"null","null","null",2,8.659459,2.3134391,-0.6527468,3.7626119,-0.37199152,-11184866
66,60,67,68,"null","null","null",2,8.659459,1.2662454,-2.0763643,0.56239724,-3.814066,-11184866
70,58,71,76,"null","null","null",5,8.659459,0.44286197,-3.344489,1.9094133,-2.7339268,-11184866
71,70,72,75,"null","null","null",3,8.659459,0.66192496,-2.6608212,0.7546901,-3.6840599,-8572416
72,71,73,74,"null","null","null",2,8.659459,1.2662454,-2.0763643,0.48397422,-3.814066,-8572416
76,70,77,78,"null","null","null",2,8.659459,1.6917281,-2.1268067,3.5885556,-0.35959655,-12486656
80,56,81,90,"null","null","null",8,16.1,1.4333814,-2.8032904,3.3743324,-0.31738016,-11184866
81,80,82,87,"null","null","null",5,12.461014,0.29949006,-3.4558165,2.705148,-0.9977443,-12486656
82,81,83,86,"null","null","null",3,12.461014,0.5419747,-3.2755313,1.8611665,-2.4725435,-12486656
83,82,84,85,"null","null","null",2,12.461014,0.66192496,-2.571176,0.7546901,-3.3442616,-12486656
87,81,88,89,"null","null","null",2,12.461014,2.3408208,-0.4290239,3.7190452,-0.7670516,-12486656
90,80,91,94,"null","null","null",3,8.505965,3.065712,-0.2891289,3.1667423,-1.4052806,-8572416
91,90,92,93,"null","null","null",2,8.505965,2.3408208,-0.6580918,3.7190452,-0.34808022,-3014646
95,55,96,113,"null","null","null",10,8.3152685,2.3134403,-1.4749897,3.48903,-0.737067,-16731116
96,95,97,108,"null","null","null",9,7.9347825,1.4333814,-2.8440938,3.1200042,-0.59051764,-16731116
97,96,98,107,"null","null","null",6,7.9347825,0.4135989,-3.508861,2.3745215,-1.0796676,-16731116
98,97,99,106,"null","null","null",5,7.9347825,0.5419747,-3.344489,1.8611665,-2.5790436,-16731116
99,98,100,105,"null","null","null",4,7.9347825,0.66192496,-2.6608212,0.7546901,-3.482712,-16731116
100,99,101,104,"null","null","null",3,7.9347825,1.9703138,-2.0763643,0.48397422,-3.5523138,-16731116
101,100,102,103,"null","null","null",2,7.9347825,3.005175,-1.0891994,0.64591277,-2.9852262,-16731116
108,96,109,112,"null","null","null",3,7.9347825,3.065712,-0.2891289,3.1667423,-1.4052806,-16731116
109,108,110,111,"null","null","null",2,7.9347825,2.3408208,-0.6580918,3.7190452,-0.34808022,-16731116
114,0,115,-268424192,"null","null","null",81,19.599998,1.3321645,-2.9979575,3.2448382,-0.27500117,-12486656
115,114,116,181,"null","null","null",43,13.582727,0.32388172,-3.6036744,2.5519571,-1.2503675,-16731116
116,115,117,162,"null","null","null",33,12.62685,0.5592991,-3.3963392,1.746489,-2.7222161,-12486656
117,116,118,143,"","null","Beaked Toads",23,11.323132,0.81431246,-2.7233956,0.5782557,-3.5626512,-16731116
118,117,119,142,"null","null","null",13,9.262737,2.377347,-2.010225,0.50423795,-3.5713387,-16731116
119,118,120,141,"null","null","null",12,9.262737,3.4309192,-0.9791683,0.652748,-2.9853158,-16731116
120,119,121,138,"null","null","null",11,9.262737,3.6659708,-0.441056,1.8644108,-2.3868842,-16731116
121,120,122,135,"null","null","null",9,9.262737,3.2014735,-0.62788355,3.068643,-1.1514399,-16731116
122,121,123,130,"null","null","null",7,9.262737,2.54553,-1.6418996,3.4890313,-0.37199152,-16731116
123,122,124,129,"null","null","null",4,9.262737,1.6001859,-3.0610728,3.1200035,-0.59051824,-16731116
124,123,125,128,"null","null","null",3,9.262737,0.4135942,-3.7909293,2.3745208,-0.6642302,-16731116
125,124,126,127,"null","null","null",2,9.262737,0.5419755,-3.7111747,1.8611634,-1.7914485,-16731116
130,122,131,134,"null","null","null",3,9.262737,3.7300858,-0.6717514,1.425116,-2.2381592,-16731116
131,130,132,133,"null","null","null",2,9.262737,3.328404,-0.61676085,2.5945096,-1.4052767,-16731116
135,121,136,137,"null","null","null",2,9.262737,3.005175,-1.0891994,0.33095664,-2.9852262,-16731116
138,120,139,140,"null","null","null",2,9.262737,1.2662454,-2.0763643,0.56239724,-3.814066,-12486656
143,117,144,155,"null","null","null",10,8.3152685,0.8210844,-3.559222,2.7422612,-1.0796676,-16777216
144,143,145,154,"null","null","null",6,8.3152685,0.5419747,-3.4099584,1.8611665,-2.5790436,-16777216
145,144,146,151,"null","null","null",5,8.3152685,0.66192496,-2.7459316,0.49050635,-3.482712,-16777216
146,145,147,150,"null","null","null",3,8.3152685,1.9703138,-2.0763643,0.48397422,-3.5523138,-16777216
147,146,148,149,"null","null","null",2,8.3152685,3.005175,-1.0891994,0.64591277,-2.9852262,-16777216
151,145,152,153,"null","null","null",2,8.3152685,0.84491944,-3.5245032,2.3807092,-0.39556205,-16777216
155,143,156,159,"null","null","null",4,8.3152685,2.6331253,-0.85625637,3.8025498,-0.7670516,-16777216
156,155,157,158,"null","null","null",2,8.3152685,1.6917281,-2.1268067,3.5885556,-0.5755012,-16777216
159,155,160,161,"null","null","null",2,8.3152685,3.795211,-0.705259,0.5537361,-2.2791758,-16777216
162,116,163,180,"null","null","null",10,8.3152685,1.6001897,-2.882833,3.4028811,-0.31738016,-11184866
163,162,164,175,"","null","Flathead Toads",9,7.9347825,0.29949006,-3.559222,2.7422612,-1.0796676,-12486656
164,163,165,174,"null","null","null",6,7.9347825,0.5419747,-3.4099584,1.8611665,-2.5790436,-12486656
165,164,166,171,"null","null","null",5,7.9347825,0.66192496,-2.7459316,0.49050635,-3.482712,-12486656
166,165,167,170,"null","null","null",3,7.9347825,1.9703138,-2.0763643,0.48397422,-3.5523138,-12486656
167,166,168,169,"null","null","null",2,7.9347825,3.005175,-1.0891994,0.64591277,-2.9852262,-16731116
171,165,172,173,"null","null","null",2,7.9347825,0.84491944,-3.5245032,2.3807092,-0.39556205,-12486656
175,163,176,179,"null","null","null",3,7.9347825,2.3408208,-0.85625637,3.8025498,-0.7670516,-11184866
176,175,177,178,"null","null","null",2,7.9347825,1.6917281,-2.1268067,3.5885556,-0.5755012,-8572416
181,115,182,195,"null","null","null",10,8.3152685,2.5455332,-1.4749897,3.48903,-0.737067,-16731116
182,181,183,192,"null","null","null",7,8.3152685,1.5501353,-2.8440938,3.1200042,-0.59051764,-16731116
183,182,184,191,"null","null","null",5,8.3152685,0.4135989,-3.508861,2.3745215,-1.1988084,-16731116
184,183,185,190,"null","null","null",4,8.3152685,0.5419747,-3.344489,1.8611665,-2.7339268,-16731116
185,184,186,189,"null","null","null",3,8.3152685,0.66192496,-2.6608212,0.7546901,-3.6840599,-16731116
186,185,187,188,"null","null","null",2,8.3152685,1.2662454,-2.0763643,0.48397422,-3.814066,-16731116
192,182,193,194,"null","null","null",2,8.3152685,3.3284082,-0.2891289,2.5945039,-1.4052806,-16731116
195,181,196,199,"null","null","null",3,8.3152685,3.7300878,-0.67175275,1.4251086,-2.238161,-12486656
196,195,197,198,"null","null","null",2,8.3152685,3.3284082,-0.6167603,2.5945039,-1.4052806,-16731116
