index,parent,child1,child2,name1,name2,common,richness,lengthbr,hxmax,hxmin,hymax,hymin,color
0,-268413908,1,98,"null","null","null",50,30.525995,1.5045818,-2.9877687,3.3117235,-0.6042887,-16731116
1,0,2,67,"null","null","null",49,30.368351,0.32388148,-3.59043,2.638908,-1.2130308,-16731116
2,1,3,52,"null","null","null",33,27.283678,0.5592989,-3.3791223,1.7464898,-2.673679,-16731116
3,2,4,37,"null","null","null",25,25.117283,0.75180197,-2.7010136,0.56176186,-3.499554,-16731116
4,3,5,30,"","null","Slender-legged Treefrogs",17,22.107912,2.296084,-1.9577086,0.5042378,-3.4893126,-16731116
5,4,6,23,"null","null","null",13,22.107912,3.3252785,-0.8051321,0.6527479,-2.8786821,-16731116
6,5,7,22,"null","null","null",9,22.107912,3.5286388,-0.4410558,1.9801707,-2.1905565,-16731116
7,6,8,21,"null","null","null",8,22.107912,3.0229423,-0.6278835,3.219132,-1.3026755,-16731116
8,7,9,20,"null","null","null",7,22.107912,2.3134394,-1.6418982,3.684668,-0.37199128,-16731116
9,8,10,17,"null","null","null",6,22.107912,1.5501313,-3.0610719,3.374332,-0.59051806,-16731116
10,9,11,14,"null","null","null",4,22.107912,0.2994908,-3.7909293,2.7051475,-0.6642302,-16731116
11,10,12,13,"null","null","null",2,22.107912,0.54197526,-3.7111754,1.8611641,-1.7914469,-16731116
14,10,15,16,"null","null","null",2,22.107912,2.3408198,-0.42902422,3.719047,-0.76705074,-16731116
17,9,18,19,"null","null","null",2,22.107912,3.328405,-0.28912932,2.5945082,-1.4052775,-16731116
23,5,24,27,"null","null","null",4,22.107912,0.37080142,-2.745932,0.88575673,-3.6840591,-16731116
24,23,25,26,"null","null","null",2,22.107912,1.2662436,-2.076365,0.483974,-3.814066,-16731116
27,23,28,29,"null","null","null",2,22.107912,0.8449197,-3.5245035,2.3807096,-0.39556193,-16731116
30,4,31,36,"null","null","null",4,22.107912,0.4428624,-3.3444898,1.8611662,-2.7339265,-16731116
31,30,32,35,"null","null","null",3,22.107912,0.661925,-2.6608222,0.75469065,-3.6840591,-16731116
32,31,33,34,"null","null","null",2,22.107912,1.2662436,-2.076365,0.483974,-3.814066,-16731116
37,3,38,49,"","null","Amazon Treefrogs",8,16.226137,0.8210846,-3.5088618,2.7051485,-1.0522809,-12486656
38,37,39,48,"null","null","null",6,16.226137,0.54197484,-3.3444898,1.8611662,-2.5434406,-16731116
39,38,40,47,"null","null","null",5,16.226137,0.72912955,-2.6608222,0.75469065,-3.4364274,-16731116
40,39,41,46,"null","null","null",4,16.226137,2.3305721,-2.076365,0.483974,-3.4921446,-11513776
41,40,42,45,"null","null","null",3,16.226137,3.4735122,-1.0892006,0.64591265,-2.9070063,-11513776
42,41,43,44,"null","null","null",2,16.226137,3.8167205,-0.41857052,0.73107064,-2.2381597,-11513776
49,37,50,51,"null","null","null",2,16.226137,2.3408206,-0.42902395,3.7190466,-0.76705146,-11184866
52,2,53,64,"null","null","null",8,16.226137,1.550134,-2.8032913,3.4028807,-0.3173806,-12486656
53,52,54,59,"null","null","null",6,16.226137,0.29949018,-3.4558175,2.742261,-0.99774426,-12486656
54,53,55,58,"null","null","null",3,16.226137,0.54197484,-3.2755322,1.8611662,-2.472543,-12486656
55,54,56,57,"null","null","null",2,16.226137,0.661925,-2.5711775,0.75469065,-3.3442605,-16731116
59,53,60,63,"null","null","null",3,16.226137,2.3408206,-0.85626006,3.8025498,-0.76705146,-11184866
60,59,61,62,"null","null","null",2,16.226137,1.6917262,-2.1268098,3.5885544,-0.57550156,-12486656
64,52,65,66,"null","null","null",2,16.226137,3.328406,-0.28912896,2.5945067,-1.4052784,-8572416
67,1,68,87,"null","null","null",16,21.63485,2.4557223,-1.4749908,3.6846676,-0.7370672,-16731116
68,67,69,84,"null","null","null",10,17.967354,1.550134,-2.8440948,3.374333,-0.5905177,-16731116
69,68,70,81,"null","null","null",8,17.967354,0.29949018,-3.5088618,2.7051485,-1.0796683,-16731116
70,69,71,78,"null","null","null",6,17.967354,0.54197484,-3.3444898,1.9094126,-2.579044,-16731116
71,70,72,77,"null","null","null",4,17.967354,0.661925,-2.6608222,0.75469065,-3.482712,-16731116
72,71,73,76,"null","null","null",3,17.967354,1.9703119,-2.076365,0.483974,-3.5523148,-16731116
73,72,74,75,"null","null","null",2,17.967354,3.0051737,-1.0892006,0.64591265,-2.9852276,-16731116
78,70,79,80,"null","null","null",2,17.967354,1.6917262,-2.1268098,3.5885544,-0.35959634,-16731116
81,69,82,83,"null","null","null",2,17.967354,2.3408206,-0.42902395,3.7190466,-0.76705146,-16731116
84,68,85,86,"null","null","null",2,17.967354,3.328406,-0.28912896,2.5945067,-1.4052784,-16731116
87,67,88,97,"null","null","null",6,13.981319,3.528014,-0.6717526,1.7065854,-2.2381606,-16731116
88,87,89,96,"null","null","null",5,12.558642,3.0657115,-0.61676055,2.960422,-1.4052784,-16731116
89,88,90,95,"null","null","null",4,10.817426,2.3408206,-1.3545806,3.4508271,-0.34808072,-16731116
90,89,91,94,"null","null","null",3,8.572607,1.6917262,-2.7746265,3.1313148,-0.57550156,-16731116
91,90,92,93,"null","null","null",2,8.572607,0.5272789,-3.524505,2.3807096,-0.665,-16731116
