index,parent,child1,child2,name1,name2,common,richness,lengthbr,hxmax,hxmin,hymax,hymin,color
0,-268386253,1,64,"null","null","null",33,12.825438,3.3900387,-0.9791716,0.34452954,-2.8958313,-12486656
1,0,2,57,"null","null","null",32,12.825438,3.6128294,-0.44105524,1.8644058,-2.2705529,-12486656
2,1,3,36,"null","null","null",28,12.825438,3.1323915,-0.6278832,3.0686398,-1.1927514,-12486656
3,2,4,29,"null","null","null",17,12.825438,2.4557223,-1.4749908,3.4890308,-0.37199068,-12486656
4,3,5,26,"null","null","null",13,12.825438,1.550134,-2.8440948,3.1200047,-0.5905177,-12486656
5,4,6,25,"null","null","null",11,12.825438,0.4135974,-3.5088618,2.374522,-1.0522809,-12486656
6,5,7,24,"null","null","null",10,12.825438,0.54197484,-3.3444898,1.8611662,-2.5434406,-12486656
7,6,8,23,"null","null","null",9,12.825438,0.661925,-2.6608222,0.75469065,-3.4364274,-12486656
8,7,9,22,"null","null","null",8,12.825438,2.1597397,-2.076365,0.483974,-3.4921446,-12486656
9,8,10,21,"null","null","null",7,12.825438,3.25143,-1.0892006,0.64591265,-2.9070063,-11184866
10,9,11,20,"null","null","null",6,12.825438,3.5280137,-0.41857052,1.9147071,-2.2381597,-12486656
11,10,12,17,"null","null","null",5,12.825438,3.0657108,-0.6167606,3.230979,-1.2878692,-11184866
12,11,13,16,"null","null","null",3,12.825438,2.3408198,-0.856262,3.8025498,-0.34808096,-11184866
13,12,14,15,"null","null","null",2,12.825438,1.6917254,-2.1268115,3.5885534,-0.5755017,-11184866
17,11,18,19,"null","null","null",2,12.825438,2.8755672,-1.1971784,0.3171621,-3.108152,-12486656
26,4,27,28,"null","null","null",2,12.825438,3.328406,-0.28912896,2.5945067,-1.4052784,-8572416
29,3,30,35,"null","null","null",4,12.825438,3.528014,-0.6717526,1.8652952,-2.2381606,-12486656
30,29,31,34,"null","null","null",3,12.825438,3.0657115,-0.61676055,3.1667447,-1.4052784,-16731116
31,30,32,33,"null","null","null",2,12.825438,2.3408206,-0.65809166,3.7190466,-0.34808072,-16731116
36,2,37,52,"null","null","null",11,12.825438,3.2514293,-0.92879295,0.33095616,-3.0781703,-16731116
37,36,38,49,"null","null","null",8,12.825438,3.528014,-0.41857028,1.7065854,-2.4606729,-12486656
38,37,39,46,"null","null","null",6,12.825438,3.0657115,-0.61676055,2.960422,-1.2878697,-16731116
39,38,40,45,"null","null","null",4,12.825438,2.3408206,-1.3545806,3.4508271,-0.34808072,-12486656
40,39,41,44,"null","null","null",3,12.825438,1.6917262,-2.7746265,3.1313148,-0.57550156,-11184866
41,40,42,43,"null","null","null",2,12.825438,0.5272789,-3.524505,2.3807096,-0.665,-11184866
46,38,47,48,"null","null","null",2,12.825438,2.8755677,-1.1971774,0.31716195,-3.108151,-16731116
49,37,50,51,"null","null","null",2,12.825438,1.0880258,-2.1365545,0.60018086,-3.8261662,-11184866
52,36,53,56,"null","null","null",3,12.825438,0.357829,-2.7521257,0.902598,-3.625102,-16731116
53,52,54,55,"null","null","null",2,12.825438,1.0880258,-2.1365545,0.46288565,-3.8261662,-16731116
57,1,58,61,"null","null","null",4,12.825438,1.9703102,-2.2165542,0.5623986,-3.5523152,-16731116
58,57,59,60,"null","null","null",2,12.825438,3.0051725,-1.0892012,0.6459125,-2.9852285,-16731116
61,57,62,63,"null","null","null",2,12.825438,0.4835837,-3.7564578,1.938399,-1.6186463,-16731116
