index,parent,child1,child2,name1,name2,common,richness,lengthbr,hxmax,hxmin,hymax,hymin,color
0,-268426234,1,48,"null","null","null",28,13.41073,1.3321605,-3.0061624,3.2448366,-0.6042893,-16777216
1,0,2,39,"null","null","null",24,13.41073,0.32388273,-3.6143365,2.5519557,-1.2503729,-16777216
2,1,3,28,"null","null","null",19,13.41073,0.5592997,-3.4101973,1.6207623,-2.72222,-16777216
3,2,4,25,"null","null","null",13,13.41073,0.7518097,-2.7414107,0.4148125,-3.5626516,-16777216
4,3,5,24,"null","null","null",11,13.41073,2.2960906,-2.0102224,0.5042388,-3.5713358,-16777216
5,4,6,17,"null","null","null",10,13.41073,3.325282,-0.76729923,0.6527482,-2.9853115,-16777216
6,5,7,14,"null","null","null",6,13.41073,3.5286388,-0.44105694,2.0262992,-2.3868809,-16777216
7,6,8,11,"null","null","null",4,13.41073,3.0229402,-0.62788403,3.2790937,-1.1514342,-16777216
8,7,9,10,"null","null","null",2,13.41073,2.313438,-0.65274656,3.7626133,-0.3719925,-16777216
11,7,12,13,"null","null","null",2,13.41073,3.0051804,-1.0891951,0.3309572,-2.985221,-16777216
14,6,15,16,"null","null","null",2,13.41073,1.2662525,-2.0763617,0.5623957,-3.814065,-16777216
17,5,18,23,"null","null","null",4,13.41073,0.45201564,-2.6608171,0.8857558,-3.4827123,-16777216
18,17,19,22,"null","null","null",3,13.41073,1.9703209,-2.0763617,0.48397505,-3.5523107,-16777216
19,18,20,21,"null","null","null",2,13.41073,3.0051804,-1.0891951,0.645913,-2.985221,-16777216
25,3,26,27,"null","null","null",2,13.41073,0.8210833,-3.5997598,2.3745208,-0.40725315,-16777216
28,2,29,36,"null","null","null",6,13.41073,1.55013,-2.8032928,3.1200035,-0.31737843,-16777216
29,28,30,35,"null","null","null",4,13.41073,0.4135942,-3.4558153,2.3745208,-0.99775183,-16777216
30,29,31,34,"null","null","null",3,13.41073,0.5419755,-3.2755268,1.8611634,-2.4725502,-16777216
31,30,32,33,"null","null","null",2,13.41073,0.66192514,-2.5711699,0.7546856,-3.344266,-16777216
36,28,37,38,"null","null","null",2,13.41073,3.328404,-0.28912947,2.5945096,-1.4052767,-16777216
39,1,40,47,"null","null","null",5,13.41073,2.3134391,-1.6418996,3.4890313,-0.7370657,-16777216
40,39,41,46,"null","null","null",4,13.41073,1.6001859,-3.0610728,3.1200035,-0.59051824,-16777216
41,40,42,45,"null","null","null",3,13.41073,0.4135942,-3.7909293,2.3745208,-0.6642302,-16777216
42,41,43,44,"null","null","null",2,13.41073,0.5419755,-3.7111747,1.8611634,-1.7914485,-16777216
48,0,49,54,"null","null","null",4,13.41073,3.022942,-0.30320156,3.3004134,-1.3026744,-16777216
49,48,50,53,"null","null","null",3,13.41073,2.3134391,-1.0472758,3.7903328,-0.37199152,-16777216
50,49,51,52,"null","null","null",2,13.41073,1.6001859,-2.288062,3.5116951,-0.59051824,-16777216
