fileID,parentFileID
0,-1
2,0
3,2
9,3
12,9
14,9
13,9
10,9
11,9
5,3
15,3
18,3
16,3
6,3
4,3
17,3
7,3
8,3
54,2
48,2
53,48
50,48
49,48
52,48
51,48
21,2
28,21
31,21
24,21
25,21
29,21
22,21
32,21
26,21
23,21
33,21
30,21
27,21
20,2
34,2
38,34
40,34
39,34
35,34
36,34
37,34
42,2
44,42
46,42
45,42
47,42
43,42
19,2
55,2
41,2
72,0
88,72
89,88
93,88
91,88
90,88
92,88
103,72
104,103
94,72
96,94
98,94
100,94
97,94
101,94
99,94
95,94
81,72
83,81
82,81
84,72
106,72
73,72
74,72
75,72
79,75
78,75
77,75
80,75
76,75
105,72
85,72
86,85
87,85
107,72
108,107
102,72
66,0
67,66
68,0
56,0
61,56
64,56
62,56
58,56
63,56
57,56
59,56
60,56
69,0
1,0
65,0
71,0
70,0
