index,parent,child1,child2,name1,name2,common,richness,lengthbr,hxmax,hxmin,hymax,hymin,color
0,-268413948,1,46,"null","null","null",33,27.283678,1.4115132,-2.977038,3.2448392,-0.2750008,-11184866
1,0,2,27,"null","null","null",23,24.466646,0.32388148,-3.5764802,2.551958,-1.2130308,-8572416
2,1,3,24,"","null","Stream Frogs",13,20.014614,0.5592989,-3.3609874,1.7948527,-2.673679,-8572416
3,2,4,17,"null","null","null",11,20.014614,0.82174075,-2.6774383,0.41481674,-3.499554,-8572416
4,3,5,16,"null","null","null",7,20.014614,2.3870044,-2.010226,0.5042378,-3.4893126,-8572416
5,4,6,11,"null","null","null",6,20.014614,3.443475,-0.76730543,0.6527479,-2.8786821,-8572416
6,5,7,10,"null","null","null",3,20.014614,3.6822941,-0.4410558,1.6104531,-2.1905565,-11184866
7,6,8,9,"null","null","null",2,20.014614,3.2226942,-0.6278835,2.7384992,-1.3026755,-8572416
11,5,12,15,"null","null","null",3,20.014614,0.37080142,-2.6608222,0.88575673,-3.6840591,-8572416
12,11,13,14,"null","null","null",2,20.014614,1.2662436,-2.076365,0.483974,-3.814066,-8572416
17,3,18,23,"null","null","null",4,20.014614,0.8210846,-3.4558175,2.374522,-0.99774426,-8572416
18,17,19,22,"null","null","null",3,20.014614,0.54197484,-3.2755322,1.8611662,-2.472543,-8572416
19,18,20,21,"null","null","null",2,20.014614,0.661925,-2.5711775,0.75469065,-3.3442605,-8572416
24,2,25,26,"null","null","null",2,20.014614,1.600189,-2.2880564,3.5116978,-0.3173806,-3014646
27,1,28,43,"null","null","null",10,17.967354,2.5840364,-1.4749908,3.4890308,-0.7370672,-8572416
28,27,29,40,"","null","Mountain Brook Frogs",8,16.226137,1.550134,-2.8440948,3.1200047,-0.5905177,-11184866
29,28,30,39,"null","null","null",6,16.226137,0.4135974,-3.5088618,2.374522,-1.1988084,-8572416
30,29,31,36,"null","null","null",5,16.226137,0.54197484,-3.3444898,1.9094126,-2.7339265,-8572416
31,30,32,35,"null","null","null",3,16.226137,0.661925,-2.6608222,0.75469065,-3.6840591,-8572416
32,31,33,34,"null","null","null",2,16.226137,1.2662436,-2.076365,0.483974,-3.814066,-8572416
36,30,37,38,"null","null","null",2,16.226137,1.6917262,-2.1268098,3.5885544,-0.35959634,-8572416
40,28,41,42,"null","null","null",2,16.226137,3.328406,-0.28912896,2.5945067,-1.4052784,-12486656
43,27,44,45,"","null","Bromeliad Treefrogs",2,5.4087124,3.8167205,-0.6717526,0.73106873,-2.2381606,-8572416
46,0,47,60,"","null","Fringe-limbed Treefrogs",10,17.967354,3.2014763,-0.30320084,3.0686398,-1.116679,-11184866
47,46,48,55,"null","null","null",7,17.967354,2.5455327,-1.6418946,3.4890308,-0.37199068,-8572416
48,47,49,54,"null","null","null",4,17.967354,1.600189,-3.0610695,3.1200047,-0.5905177,-11184866
49,48,50,53,"null","null","null",3,17.967354,0.4135974,-3.790929,2.374522,-0.66423035,-11184866
50,49,51,52,"null","null","null",2,17.967354,0.54197484,-3.7111773,1.8611662,-1.7914411,-11184866
55,47,56,59,"null","null","null",3,17.967354,3.7300868,-0.6717526,1.4251122,-2.2381606,-8572416
56,55,57,58,"null","null","null",2,17.967354,3.328406,-0.61676055,2.5945067,-1.4052784,-3014646
60,46,61,64,"null","null","null",3,17.967354,3.4735112,-1.0892012,0.33095616,-2.9070072,-11184866
61,60,62,63,"null","null","null",2,17.967354,3.8167205,-0.41857028,0.73106873,-2.2381606,-8572416
