index,parent,child1,child2,name1,name2,common,richness,lengthbr,hxmax,hxmin,hymax,hymin,color
0,-268377942,1,36,"null","null","null",29,55.800003,3.38702,-0.61728567,0.6580919,-2.7962008,-16731116
1,0,2,27,"null","null","null",18,47.896816,3.5166693,-0.46288335,2.1250017,-2.1562462,-16731116
2,1,3,16,"null","null","null",13,47.896816,2.9699788,-0.6376126,3.307929,-1.0032719,-16731116
3,2,4,15,"null","null","null",7,47.896816,2.2791796,-1.7809141,3.6996102,-0.39551586,-16731116
4,3,5,12,"null","null","null",6,47.896816,1.4209586,-3.1510818,3.338375,-0.60428745,-16731116
5,4,6,9,"null","null","null",4,47.896816,0.323879,-3.8027477,2.6735528,-0.6648351,-16731116
6,5,7,8,"null","null","null",2,47.896816,0.5592972,-3.6551423,1.7788439,-1.961033,-16731116
9,5,10,11,"null","null","null",2,47.896816,2.313444,-0.4390176,3.7626064,-0.7370704,-16731116
12,4,13,14,"null","null","null",2,47.896816,3.2227097,-0.30319944,2.7384799,-1.3026892,-16731116
16,2,17,26,"null","null","null",6,47.896816,3.325271,-0.97918236,0.40941346,-2.8343048,-16731116
17,16,18,25,"null","null","null",5,47.896816,3.52864,-0.44105315,2.0262702,-2.1905634,-16731116
18,17,19,22,"null","null","null",4,47.896816,3.0229492,-0.6278822,3.2790737,-1.1514597,-16731116
19,18,20,21,"null","null","null",2,47.896816,2.3134441,-0.6527477,3.7626061,-0.3719881,-16731116
22,18,23,24,"null","null","null",2,47.896816,3.0051577,-1.0892141,0.33095467,-2.9852443,-16731116
27,1,28,35,"null","null","null",5,47.896816,2.3869934,-2.0102336,0.52348524,-3.4551742,-16731116
28,27,29,34,"null","null","null",4,47.896816,3.4434724,-0.97918236,0.6527473,-2.8343048,-16731116
29,28,30,33,"null","null","null",3,47.896816,3.682302,-0.44105315,1.6104288,-2.1905634,-16731116
30,29,31,32,"null","null","null",2,47.896816,3.2227097,-0.6278822,2.7384799,-1.3026892,-16731116
36,0,37,56,"null","null","null",11,39.73591,0.7517853,-2.496787,0.86650753,-3.5626502,-12486656
37,36,38,51,"","null","Web-toed Salamanders",10,30.9,2.2960691,-1.9270749,0.5042357,-3.5713465,-12486656
38,37,39,50,"null","null","null",7,26.11353,3.325271,-0.97918236,0.6527473,-2.9853287,-16777216
39,38,40,47,"null","null","null",6,24.044874,3.52864,-0.44105315,2.0262702,-2.3868947,-16777216
40,39,41,44,"null","null","null",4,24.044874,3.0229492,-0.6278822,3.2790737,-1.1514597,-16777216
41,40,42,43,"null","null","null",2,24.044874,2.3134441,-0.6527477,3.7626061,-0.3719881,-16777216
44,40,45,46,"null","null","null",2,24.044874,3.0051577,-1.0892141,0.33095467,-2.9852443,-16777216
47,39,48,49,"null","null","null",2,24.044874,1.2662215,-2.0763724,0.5624025,-3.8140683,-16777216
51,37,52,55,"null","null","null",3,14.743047,0.44286698,-3.2755444,1.8611758,-2.472525,-12486656
52,51,53,54,"null","null","null",2,14.743047,0.6619246,-2.5711942,0.75470304,-3.3442497,-12486656
