index,parent,child1,child2,name1,name2,common,richness,lengthbr,hxmax,hxmin,hymax,hymin,color
0,-268432217,1,40,"null","null","null",26,26.398926,1.3321655,-2.9157228,3.0981085,-0.6042887,-16731116
1,0,2,39,"null","null","null",20,24.273104,0.32388148,-3.4967704,2.3612084,-1.2130308,-16731116
2,1,3,30,"null","null","null",19,24.273104,0.5592989,-3.2573647,1.6207671,-2.673679,-16731116
3,2,4,29,"null","null","null",14,21.383123,0.75180197,-2.542729,0.6411284,-3.499554,-16731116
4,3,5,20,"null","null","null",13,21.383123,2.296084,-1.986806,0.5042378,-3.4893126,-16731116
5,4,6,15,"null","null","null",8,21.383123,3.3252785,-0.76730543,0.6527479,-2.8786821,-16731116
6,5,7,14,"null","null","null",5,21.383123,3.5286388,-0.4410558,2.042694,-2.1905565,-16731116
7,6,8,13,"null","null","null",4,21.383123,3.0229423,-0.6278835,3.3004124,-1.3026755,-16731116
8,7,9,12,"null","null","null",3,21.383123,2.3134394,-1.0472739,3.7903328,-0.37199128,-16731116
9,8,10,11,"null","null","null",2,21.383123,1.6001867,-2.2880604,3.5116959,-0.59051806,-16731116
15,5,16,19,"null","null","null",3,21.383123,0.37080142,-2.6608222,0.88575673,-3.6840591,-11513776
16,15,17,18,"null","null","null",2,21.383123,1.2662436,-2.076365,0.483974,-3.814066,-11513776
20,4,21,28,"null","null","null",5,21.383123,0.4428624,-3.409959,1.8611662,-2.7339265,-16731116
21,20,22,25,"null","null","null",4,21.383123,0.661925,-2.745932,0.49050736,-3.6840591,-16731116
22,21,23,24,"null","null","null",2,21.383123,1.2662436,-2.076365,0.483974,-3.814066,-16731116
25,21,26,27,"null","null","null",2,21.383123,0.8449197,-3.5245035,2.3807096,-0.39556193,-11513776
30,2,31,38,"null","null","null",5,24.273104,1.600189,-2.8032913,3.1200047,-0.3173806,-16731116
31,30,32,37,"null","null","null",4,11.232534,0.4135974,-3.4558175,2.374522,-0.99774426,-16731116
32,31,33,36,"null","null","null",3,11.232534,0.54197484,-3.2755322,1.8611662,-2.472543,-16731116
33,32,34,35,"null","null","null",2,11.232534,0.661925,-2.5711775,0.75469065,-3.3442605,-16731116
40,0,41,48,"null","null","null",6,14.51784,3.022944,-0.30320084,3.0686398,-1.151444,-16731116
41,40,42,47,"null","null","null",4,14.51784,2.3134408,-1.5287752,3.4890308,-0.37199068,-16731116
42,41,43,46,"null","null","null",3,14.51784,1.600189,-2.9140143,3.1200047,-0.5905177,-16731116
43,42,44,45,"null","null","null",2,14.51784,0.4135974,-3.5997574,2.374522,-0.66423035,-16731116
48,40,49,50,"null","null","null",2,14.51784,3.0051725,-1.0892012,0.33095616,-2.9852285,-11513776
