index,parent,child1,child2,name1,name2,common,richness,lengthbr,hxmax,hxmin,hymax,hymin,color
0,-268339192,1,52,"null","null","null",40,22.31266,0.8210846,-3.5521123,2.6208992,-1.0522809,-16731116
1,0,2,43,"null","null","null",26,22.31266,0.54197484,-3.4007156,1.730665,-2.5434406,-16731116
2,1,3,26,"null","null","null",21,22.31266,0.661925,-2.7339156,0.6720401,-3.4364274,-16731116
3,2,4,19,"null","null","null",12,15.030277,2.1597397,-2.0607436,0.483974,-3.4921446,-16731116
4,3,5,18,"null","null","null",8,15.030277,3.25143,-1.0892006,0.64591265,-2.9070063,-16731116
5,4,6,17,"null","null","null",7,15.030277,3.5280137,-0.41857052,1.706587,-2.2381597,-16731116
6,5,7,14,"null","null","null",6,15.030277,3.0657108,-0.6167606,2.960423,-1.2878692,-16731116
7,6,8,13,"null","null","null",4,15.030277,2.3408198,-1.3545825,3.4508271,-0.34808096,-16731116
8,7,9,12,"null","null","null",3,15.030277,1.6917254,-2.7746282,3.1313143,-0.5755017,-16731116
9,8,10,11,"null","null","null",2,15.030277,0.5272785,-3.5245056,2.3807092,-0.665,-16731116
14,6,15,16,"null","null","null",2,15.030277,2.8755672,-1.1971784,0.3171621,-3.108152,-16731116
19,3,20,25,"null","null","null",4,15.030277,0.48358327,-3.405886,1.9383984,-2.6072884,-16731116
20,19,21,24,"null","null","null",3,15.030277,0.65809244,-2.7521262,0.8675197,-3.6251016,-16731116
21,20,22,23,"null","null","null",2,15.030277,1.0880251,-2.1365547,0.46288556,-3.8261662,-12486656
26,2,27,38,"null","null","null",9,22.31266,0.8449197,-3.4974663,2.7891583,-1.0443957,-16731116
27,26,28,33,"null","null","null",6,10.8376875,0.5235969,-3.405886,1.799379,-2.6072884,-16731116
28,27,29,32,"null","null","null",3,10.8376875,0.65809244,-2.7521262,0.8675197,-3.6251016,-16731116
29,28,30,31,"null","null","null",2,10.8376875,1.0880251,-2.1365547,0.46288556,-3.8261662,-16731116
33,27,34,37,"null","null","null",3,10.8376875,1.7788337,-2.6272755,3.162866,-0.40147883,-16731116
34,33,35,36,"null","null","null",2,10.8376875,0.64112616,-3.439227,2.4198804,-0.6642306,-16731116
38,26,39,42,"null","null","null",3,22.31266,2.361208,-0.66485816,3.8027484,-0.79509425,-16731116
39,38,40,41,"null","null","null",2,4.1925898,1.7788337,-1.9610533,3.6551347,-0.55929923,-16731116
43,1,44,51,"null","null","null",5,9.734892,1.6917262,-2.7374787,3.1863725,-0.35959634,-12486656
44,43,45,50,"null","null","null",4,9.734892,0.5272789,-3.4762127,2.4522848,-0.8165185,-16731116
45,44,46,49,"null","null","null",3,9.734892,0.5235972,-3.3782551,1.9383972,-2.311047,-16731116
46,45,47,48,"null","null","null",2,9.734892,0.6580925,-2.7162058,0.86751616,-3.2399864,-16731116
52,0,53,68,"null","null","null",14,22.31266,2.5084941,-1.3385813,3.5294862,-0.76705146,-16731116
53,52,54,67,"null","null","null",8,12.577769,1.6917262,-2.7538273,3.2335715,-0.57550156,-16731116
54,53,55,66,"null","null","null",7,12.577769,0.5272789,-3.4974658,2.5136433,-0.95190483,-16731116
55,54,56,63,"null","null","null",6,12.577769,0.5235972,-3.4058843,2.0181632,-2.4870493,-12486656
56,55,57,62,"null","null","null",4,12.577769,0.6580925,-2.7521236,0.86751616,-3.468789,-16731116
57,56,58,61,"null","null","null",3,12.577769,1.7924293,-2.136553,0.46288618,-3.6229572,-16731116
58,57,59,60,"null","null","null",2,12.577769,2.875571,-1.1971751,0.6376138,-3.108148,-12486656
63,55,64,65,"null","null","null",2,12.577769,1.7788322,-1.961056,3.6551337,-0.4014782,-11184866
68,52,69,76,"null","null","null",6,10.8376875,3.5147939,-0.70525837,1.6992416,-2.5264754,-12486656
69,68,70,73,"null","null","null",4,10.8376875,3.0981073,-0.6042891,3.0448956,-1.4209398,-12486656
70,69,71,72,"null","null","null",2,10.8376875,2.3612077,-0.6619245,3.6646914,-0.32388234,-11184866
73,69,74,75,"null","null","null",2,10.8376875,2.7385008,-1.3026739,0.30320135,-3.222693,-16731116
76,68,77,78,"null","null","null",2,10.8376875,0.90940213,-2.1905565,0.63667977,-3.8270524,-16731116
