index,parent,child1,child2,name1,name2,common,richness,lengthbr,hxmax,hxmin,hymax,hymin,color
0,-268361721,1,91,"MANTELLIDAE","null","null",156,47.5,3.467001,-0.9025985,0.44187915,-2.767269,-16731116
1,0,2,84,"null","null","null",103,45.4,3.6206384,-0.4628849,2.0156538,-2.1562386,-12486656
2,1,3,55,"null","null","null",99,45.012005,3.1051354,-0.6376133,3.1657689,-1.0214674,-12486656
3,2,4,24,"null","null","null",84,43.402557,2.4548864,-1.6552951,3.5147934,-0.3955179,-16731116
4,3,5,7,"null","null","null",68,41.332657,1.4246768,-2.9877687,3.0981085,-0.6042887,-16731116
5,4,-268328960,6,"null","null","null",59,39.94197,0.32388148,-3.59043,2.3612084,-1.2118316,-16731116
7,4,8,21,"null","null","null",9,21.523157,3.2310944,-0.30320084,3.0686398,-1.151444,-12486656
8,7,9,18,"null","null","null",7,21.523157,2.5840364,-1.6418946,3.4890308,-0.37199068,-16731116
9,8,10,15,"null","null","null",5,21.523157,1.550134,-3.0610695,3.1200047,-0.5905177,-12486656
10,9,11,14,"null","null","null",3,21.523157,0.4135974,-3.790929,2.374522,-0.66423035,-16731116
11,10,12,13,"null","null","null",2,21.523157,0.54197484,-3.7111773,1.8611662,-1.7914411,-16731116
15,9,16,17,"null","null","null",2,21.523157,3.328406,-0.28912896,2.5945067,-1.4052784,-11184866
18,8,19,20,"null","null","null",2,21.523157,3.8167205,-0.6717526,0.73106873,-2.2381606,-16731116
21,7,22,23,"null","null","null",2,21.523157,3.0051725,-1.0892012,0.33095616,-2.9852285,-11184866
24,3,25,54,"null","null","null",16,43.402557,3.6659718,-0.6366811,1.980167,-2.1905582,-16731116
25,24,26,45,"null","null","null",15,26.527006,3.2014763,-0.6278832,3.2191296,-1.116679,-16731116
26,25,27,38,"null","null","null",10,22.555227,2.5455327,-1.6418946,3.6846676,-0.37199068,-16731116
27,26,28,35,"null","null","null",6,22.555227,1.550134,-3.0610695,3.374333,-0.5905177,-16731116
28,27,29,32,"null","null","null",4,22.555227,0.29949018,-3.790929,2.7051485,-0.66423035,-16731116
29,28,30,31,"null","null","null",2,22.555227,0.54197484,-3.7111773,1.8611662,-1.7914411,-16731116
32,28,33,34,"null","null","null",2,22.555227,2.3408206,-0.42902395,3.7190466,-0.76705146,-16731116
35,27,36,37,"null","null","null",2,22.555227,3.328406,-0.28912896,2.5945067,-1.4052784,-16731116
38,26,39,42,"null","null","null",4,22.555227,3.7300868,-0.6717526,1.4251122,-2.4606729,-16731116
39,38,40,41,"null","null","null",2,22.555227,3.328406,-0.61676055,2.5945067,-1.4052784,-16731116
42,38,43,44,"null","null","null",2,22.555227,1.0880258,-2.1365545,0.60018086,-3.8261662,-11513776
45,25,46,51,"null","null","null",5,15.765427,3.40687,-0.92879295,0.33095616,-2.9070072,-16731116
46,45,47,50,"null","null","null",3,15.765427,3.7300868,-0.41857028,1.4251122,-2.2381606,-16731116
47,46,48,49,"null","null","null",2,15.765427,3.328406,-0.61676055,2.5945067,-1.4052784,-16731116
51,45,52,53,"null","null","null",2,15.765427,0.357829,-2.7162097,0.902598,-3.239984,-16731116
55,2,56,75,"null","null","null",15,26.527004,3.3252769,-0.9169625,0.34452954,-2.8752604,-11184866
56,55,57,68,"null","null","null",10,26.527004,3.528639,-0.44105524,1.8644058,-2.2438107,-12486656
57,56,58,65,"null","null","null",6,26.527004,3.022944,-0.6278832,3.0686398,-1.151444,-12486656
58,57,59,64,"null","null","null",4,13.579599,2.3134408,-1.5287752,3.4890308,-0.37199068,-12486656
59,58,60,63,"null","null","null",3,13.579599,1.600189,-2.9140143,3.1200047,-0.5905177,-11184866
60,59,61,62,"null","null","null",2,13.579599,0.4135974,-3.5997574,2.374522,-0.66423035,-11184866
65,57,66,67,"null","null","null",2,26.527004,3.0051725,-1.0892012,0.33095616,-2.9852285,-11184866
68,56,69,74,"null","null","null",4,13.579599,2.3305707,-2.0763655,0.5623986,-3.492145,-11184866
69,68,70,73,"null","null","null",3,13.579599,3.4735112,-1.0892012,0.6459125,-2.9070072,-12486656
70,69,71,72,"null","null","null",2,13.579599,3.8167205,-0.41857028,0.73106873,-2.2381606,-12486656
75,55,76,83,"null","null","null",5,15.765427,0.7291279,-2.6608229,0.8857572,-3.436427,-8572416
76,75,77,82,"null","null","null",4,15.765427,2.3305707,-2.0763655,0.4839738,-3.492145,-8572416
77,76,78,81,"null","null","null",3,15.765427,3.4735112,-1.0892012,0.6459125,-2.9070072,-8572416
78,77,79,80,"null","null","null",2,15.765427,3.8167205,-0.41857028,0.73106873,-2.2381606,-8572416
84,1,85,90,"null","null","null",4,13.579599,2.4726562,-2.010228,0.5234822,-3.4551697,-16731116
85,84,86,89,"null","null","null",3,10.761578,3.554825,-0.9791716,0.65274775,-2.834297,-12486656
86,85,87,88,"null","null","null",2,10.761578,3.8270519,-0.44105524,0.9093958,-2.1905582,-16731116
91,0,92,179,"null","null","null",53,37.345398,0.7901188,-2.7233968,0.8665061,-3.4975271,-16731116
92,91,93,152,"null","null","null",44,35.59488,2.3458974,-1.9503735,0.50423723,-3.48668,-16731116
93,92,94,133,"null","null","null",30,35.59488,3.3900387,-0.805134,0.65274775,-2.8752604,-16731116
94,93,95,126,"null","null","null",20,35.59488,3.6128294,-0.44105524,1.8644058,-2.2438107,-16731116
95,94,96,117,"null","null","null",16,35.59488,3.1323915,-0.6278832,3.0686398,-1.1927514,-16731116
96,95,97,108,"null","null","null",11,35.59488,2.4557223,-1.4436038,3.4890308,-0.37199068,-16731116
97,96,98,107,"null","null","null",6,16.853664,1.600189,-2.8032913,3.1200047,-0.5905177,-16731116
98,97,99,106,"null","null","null",5,16.853664,0.4135974,-3.4558175,2.374522,-0.99774426,-16731116
99,98,100,103,"null","null","null",4,16.853664,0.54197484,-3.2755322,1.9094126,-2.472543,-16731116
100,99,101,102,"null","null","null",2,16.853664,0.661925,-2.5711775,0.75469065,-3.3442605,-16731116
103,99,104,105,"null","null","null",2,16.853664,1.6917262,-2.1268098,3.5885544,-0.35959634,-16731116
108,96,109,116,"null","null","null",5,15.138709,3.528014,-0.6717526,1.9147055,-2.2381606,-12486656
109,108,110,115,"null","null","null",4,15.138709,3.0657115,-0.61676055,3.230978,-1.4052784,-16731116
110,109,111,114,"null","null","null",3,15.138709,2.3408206,-0.85626006,3.8025498,-0.34808072,-16731116
111,110,112,113,"null","null","null",2,15.138709,1.6917262,-2.1268098,3.5885544,-0.57550156,-16731116
117,95,118,125,"null","null","null",5,35.59488,3.40687,-1.0892012,0.33095616,-3.0781703,-11184866
118,117,119,122,"null","null","null",4,13.039774,3.7300868,-0.41857028,1.4251122,-2.4606729,-11184866
119,118,120,121,"null","null","null",2,13.039774,3.328406,-0.61676055,2.5945067,-1.4052784,-11513776
122,118,123,124,"null","null","null",2,13.039774,1.0880258,-2.1365545,0.60018086,-3.8261662,-11184866
126,94,127,132,"null","null","null",4,13.039774,2.3305707,-2.0763655,0.5623986,-3.492145,-16731116
127,126,128,131,"null","null","null",3,13.039774,3.4735112,-1.0892012,0.6459125,-2.9070072,-16731116
128,127,129,130,"null","null","null",2,13.039774,3.8167205,-0.41857028,0.73106873,-2.2381606,-16731116
133,93,134,149,"null","null","null",10,35.59488,0.5977186,-2.7459319,0.8857572,-3.436427,-16731116
134,133,135,148,"null","null","null",8,19.559662,2.1597385,-2.0763655,0.4839738,-3.492145,-16731116
135,134,136,147,"null","null","null",7,19.559662,3.2514293,-1.0892012,0.6459125,-2.9070072,-16731116
136,135,137,146,"null","null","null",6,19.559662,3.528014,-0.41857028,1.7065854,-2.2381606,-16731116
137,136,138,145,"null","null","null",5,19.559662,3.0657115,-0.61676055,2.960422,-1.4052784,-16731116
138,137,139,144,"null","null","null",4,19.559662,2.3408206,-1.3545806,3.4508271,-0.34808072,-16731116
139,138,140,143,"null","null","null",3,19.559662,1.6917262,-2.7746265,3.1313148,-0.57550156,-16731116
140,139,141,142,"null","null","null",2,19.559662,0.5272789,-3.524505,2.3807096,-0.665,-16731116
149,133,150,151,"null","null","null",2,6.519887,0.8449199,-3.5245025,2.3807096,-0.3955618,-16731116
152,92,153,172,"null","null","null",14,35.59488,0.44286343,-3.3279815,1.7306685,-2.6213458,-16731116
153,152,154,171,"null","null","null",10,21.658596,0.66192496,-2.6393614,0.7546917,-3.5377069,-16731116
154,153,155,166,"null","null","null",9,21.658596,2.1597385,-2.0484653,0.4839738,-3.6238089,-16731116
155,154,156,165,"null","null","null",6,21.658596,3.2514293,-1.0892012,0.6459125,-3.0781703,-16731116
156,155,157,162,"null","null","null",5,21.658596,3.528014,-0.41857028,1.8652952,-2.4606729,-16731116
157,156,158,161,"null","null","null",3,21.658596,3.0657115,-0.61676055,3.1667447,-1.4052784,-16731116
158,157,159,160,"null","null","null",2,21.658596,2.3408206,-0.65809166,3.7190466,-0.34808072,-16731116
162,156,163,164,"null","null","null",2,21.658596,1.0880258,-2.1365545,0.60018086,-3.8261662,-16731116
166,154,167,170,"null","null","null",3,21.658596,0.4835837,-3.378258,1.938399,-2.3110433,-16731116
167,166,168,169,"null","null","null",2,21.658596,0.6580924,-2.7162097,0.8675192,-3.239984,-16731116
172,152,173,178,"null","null","null",4,13.039774,1.6917292,-2.9612632,3.186376,-0.3595974,-12486656
173,172,174,177,"null","null","null",3,13.039774,0.52728385,-3.7671359,2.4522893,-0.665,-16731116
174,173,175,176,"null","null","null",2,13.039774,0.5235964,-3.7564583,1.9384001,-1.6186436,-12486656
179,91,180,195,"null","null","null",9,20.667553,0.8210852,-3.559221,2.3745217,-1.0522774,-16731116
180,179,181,194,"null","null","null",8,20.667553,0.5419744,-3.4099588,1.8611681,-2.5434382,-16731116
181,180,182,191,"null","null","null",7,20.667553,0.7291279,-2.7459319,0.49050808,-3.436427,-16731116
182,181,183,190,"null","null","null",5,20.667553,2.3305707,-2.0763655,0.4839738,-3.492145,-16731116
183,182,184,187,"null","null","null",4,20.667553,3.4735112,-0.87068576,0.6459125,-2.9070072,-16731116
184,183,185,186,"null","null","null",2,20.667553,3.8167205,-0.41857028,0.73106873,-2.2381606,-16731116
187,183,188,189,"null","null","null",2,20.667553,0.357829,-2.7162097,0.902598,-3.239984,-16731116
191,181,192,193,"null","null","null",2,20.667553,0.8449199,-3.5245025,2.3807096,-0.3955618,-16731116
