index,parent,child1,child2,name1,name2,common,richness,lengthbr,hxmax,hxmin,hymax,hymin,color
0,-268435449,1,162,"null","null","null",2915,152.5,1.2212491,-2.5519605,0.32388,-3.5904279,-12486656
1,0,2,112,"null","null","null",2910,141.9,2.684368,-1.7242558,0.55929786,-3.3791237,-12486656
2,1,3,101,"null","null","null",2783,63.2,3.5134559,-0.56176686,0.8080374,-2.7010155,-12486656
3,2,4,60,"null","null","null",2777,63.182823,3.5073905,-0.5042366,2.369194,-1.9943807,-12486656
4,3,5,19,"null","null","null",1998,60.56312,2.902185,-0.6527476,3.420328,-0.85306484,-12486656
5,4,6,9,"null","null","null",1977,60.479065,2.2788105,-1.9623985,3.6522088,-0.44105446,-12486656
6,5,7,-268413952,"null","null","null",1920,58.8,1.1624368,-3.196034,3.1835861,-0.6278829,-12486656
7,6,8,-268386304,"null","null","null",1133,57.0,0.37198985,-3.6546469,2.5222743,-1.501971,-12486656
8,7,-268432384,-268380160,"null","null","null",844,55.2,0.59051716,-3.3353076,1.5333176,-2.879172,-12486656
9,5,-268414976,10,"AMPHIGNATHODONTIDAE","null","Marsupial Frogs",57,32.212452,3.570889,-0.5624,2.2575548,-2.0607476,-12486656
10,9,11,18,"null","null","null",5,12.822974,2.607283,-1.9384017,0.48358512,-3.4058878,-16731116
11,10,12,15,"null","null","null",4,12.822974,3.6250997,-0.5831027,0.6580922,-2.752129,-16731116
12,11,13,14,"null","null","null",2,12.822974,3.8261666,-0.4628849,1.0880196,-2.1365566,-12486656
15,11,16,17,"null","null","null",2,12.822974,0.38339514,-2.4198875,0.8665061,-3.439223,-16731116
19,4,20,55,"CRYPTOBATRACHIDAE","null","null",21,24.256813,3.537706,-0.8857578,0.5977129,-2.85377,-12486656
20,19,21,46,"null","null","null",18,23.028639,3.6238108,-0.4839731,2.1597333,-2.0607476,-16731116
21,20,22,39,"null","null","null",13,20.43588,3.0781736,-0.64591235,3.2514265,-0.88665277,-16731116
22,21,23,36,"null","null","null",9,20.43588,2.4606755,-1.7065799,3.5280137,-0.41856945,-16731116
23,22,24,31,"null","null","null",7,20.43588,1.2264603,-2.9604182,3.065713,-0.61676013,-12486656
24,23,25,30,"null","null","null",4,20.43588,0.34807986,-3.4508255,2.3408215,-1.3545737,-16731116
25,24,26,29,"null","null","null",3,20.43588,0.57550097,-3.131315,1.6917293,-2.7746205,-16731116
26,25,27,28,"null","null","null",2,20.43588,0.665,-2.38071,0.5272846,-3.5245008,-16731116
31,23,32,35,"null","null","null",3,20.43588,2.9699736,-0.31716147,3.381475,-1.1971812,-11184866
32,31,33,34,"null","null","null",2,20.43588,2.279176,-0.64591163,3.795211,-0.3955179,-11184866
36,22,37,38,"null","null","null",2,20.43588,3.8261666,-0.6001822,1.0880196,-2.1365566,-16731116
39,21,40,43,"null","null","null",4,20.43588,3.6250997,-0.9025985,0.35782853,-2.752129,-16731116
40,39,41,42,"null","null","null",2,20.43588,3.8261666,-0.4628849,1.0880196,-2.1365566,-16731116
43,39,44,45,"null","null","null",2,20.43588,0.38339514,-2.4198875,0.8665061,-3.439223,-16731116
46,20,47,54,"null","null","null",5,12.822974,2.607283,-1.9384017,0.48358512,-3.4058878,-12486656
47,46,48,51,"null","null","null",4,12.822974,3.6250997,-0.5831027,0.6580922,-2.752129,-12486656
48,47,49,50,"null","null","null",2,12.822974,3.8261666,-0.4628849,1.0880196,-2.1365566,-12486656
51,47,52,53,"null","null","null",2,12.822974,0.38339514,-2.4198875,0.8665061,-3.439223,-11184866
55,19,56,59,"","null","Backpack Frogs",3,8.753041,0.3955614,-2.4522915,0.84492064,-3.7671354,-8572416
56,55,57,58,"null","null","null",2,8.753041,1.6186401,-1.9384017,0.52359605,-3.7564592,-8572416
60,3,61,-268392448,"","null","Rain Frogs, Saddleback Toads and more",779,56.700005,2.5731802,-1.8009684,0.4428649,-3.4269915,-11184866
61,60,62,74,"null","null","null",513,53.142548,3.4750953,-0.6447732,0.66586816,-2.7680745,-12486656
62,61,-268400640,63,"null","null","null",499,52.90691,3.542417,-0.4839731,2.2483351,-2.0607476,-11184866
63,62,64,69,"null","null","null",6,15.258725,2.607283,-1.7993848,0.48358512,-3.4058878,-16731116
64,63,65,68,"null","null","null",3,15.258725,3.6250997,-0.8675231,0.6580922,-2.752129,-16731116
65,64,66,67,"null","null","null",2,15.258725,3.8261666,-0.4628849,1.0880196,-2.1365566,-12486656
69,63,70,73,"null","null","null",3,15.258725,0.40148073,-3.1628714,1.7788374,-2.6272686,-16731116
70,69,71,72,"null","null","null",2,15.258725,0.66423047,-2.4198875,0.64113134,-3.439223,-16731116
74,61,75,98,"null","null","null",14,22.474361,0.9035156,-2.7278001,0.84492064,-3.5743203,-16731116
75,74,76,91,"null","null","null",12,21.161606,2.4241476,-1.847542,0.52359605,-3.5057995,-16731116
76,75,77,90,"","null","Saddleback Toads",8,17.708643,3.3870234,-0.8675231,0.6580922,-2.8820143,-16731116
77,76,78,87,"null","null","null",7,17.708643,3.5166674,-0.4628849,2.1643844,-2.3054075,-16731116
78,77,79,84,"null","null","null",5,17.708643,2.9699736,-0.6376133,3.3591185,-1.0122011,-16731116
79,78,80,83,"null","null","null",3,17.708643,2.279176,-1.237134,3.7661476,-0.3955179,-16731116
80,79,81,82,"null","null","null",2,17.708643,1.5045818,-2.444159,3.4248688,-0.6042887,-16731116
84,78,85,86,"null","null","null",2,17.708643,3.1268032,-0.9791716,0.34452954,-2.8544111,-16731116
87,77,88,89,"null","null","null",2,17.708643,1.443346,-2.010228,0.5234822,-3.7907999,-11513776
91,75,92,97,"","null","Guanabara Frogs",4,11.805761,0.40148073,-3.271225,1.7788374,-2.8520703,-12486656
92,91,93,96,"null","null","null",3,11.805761,0.66423047,-2.560747,0.64113134,-3.7314653,-16731116
93,92,94,95,"null","null","null",2,11.805761,1.443346,-2.010228,0.50423723,-3.7907999,-12486656
98,74,99,100,"null","null","null",2,5.9028807,0.79509544,-3.664688,2.3612084,-0.4184208,-16731116
101,2,102,109,"null","null","null",6,14.275596,1.1987998,-2.70515,0.82108617,-3.5088606,-16731116
102,101,103,108,"null","null","null",4,14.275596,2.7339199,-1.861171,0.5419737,-3.344493,-12486656
103,102,104,107,"null","null","null",3,14.275596,3.6840568,-0.75469595,0.66192484,-2.6608267,-12486656
104,103,105,106,"null","null","null",2,14.275596,3.814067,-0.4839731,1.2662354,-2.0763679,-12486656
109,101,110,111,"null","null","null",2,14.275596,0.76705325,-3.7190435,2.3408217,-0.42902333,-16731116
112,1,113,155,"","null","Gastric-brooding Frogs, Toadlets and more",127,124.4,0.31738317,-3.3528433,1.4333867,-2.877357,-16731116
113,112,114,143,"null","null","null",123,105.9,1.0522721,-2.6772118,0.33634543,-3.5521092,-16731116
114,113,115,128,"MYOBATRACHIDAE","null","null",79,100.4,2.543434,-1.8458409,0.5419737,-3.4007158,-16731116
115,114,116,117,"null","null","null",71,97.94672,3.4364252,-0.54959613,0.67296016,-2.7339165,-16731116
116,115,-268416000,-268379136,"null","null","null",65,44.6,3.492146,-0.4839731,2.2575548,-2.0677323,-16731116
117,115,118,127,"null","null","null",6,41.170567,1.044389,-2.5136518,0.84492064,-3.4974651,-8572416
118,117,119,124,"null","null","null",5,41.170567,2.607283,-2.0181699,0.52359605,-3.4058878,-8572416
119,118,120,123,"","null","Tinker Frogs",3,41.170567,3.6250997,-0.8675231,0.6580922,-2.752129,-8572416
120,119,121,122,"null","null","null",2,41.170567,3.8261666,-0.4628849,1.0880196,-2.1365566,-11184866
124,118,125,126,"null","null","null",2,41.170567,0.40148073,-3.6551375,1.7788374,-1.9610459,-3014646
128,114,129,140,"null","null","null",8,94.5,0.3595989,-3.4455075,1.674941,-2.737475,-12486656
129,128,130,135,"","null","Barred Frogs",6,81.426315,0.8165077,-2.7891603,0.33848965,-3.476214,-12486656
130,129,131,134,"null","null","null",3,81.426315,2.3110373,-1.9384017,0.52359605,-3.3782613,-12486656
131,130,132,133,"null","null","null",2,81.426315,3.23998,-0.8675231,0.6580922,-2.7162147,-12486656
135,129,136,139,"null","null","null",3,81.426315,0.79509544,-3.8027482,2.3612084,-0.66484976,-12486656
136,135,137,138,"null","null","null",2,81.426315,0.55929846,-3.6551375,1.7788374,-1.9610459,-8572416
140,128,141,142,"","null","Gastric-brooding Frogs",2,31.5,1.5045854,-2.4441533,3.4248726,-0.27500045,-16777036
143,113,-268393472,144,"LIMNODYNASTIDAE","null","null",44,83.27729,0.76705325,-3.6561825,2.5084972,-1.3840494,-16731116
144,143,145,154,"null","null","null",6,39.430603,2.2791772,-1.5568599,3.514793,-0.7052604,-8572416
145,144,146,153,"null","null","null",5,39.430603,1.504586,-2.8598058,3.0981097,-0.6042882,-8572416
146,145,147,152,"null","null","null",4,39.430603,0.3238805,-3.4240825,2.361209,-1.177326,-8572416
147,146,148,151,"null","null","null",3,39.430603,0.5592982,-3.1628733,1.7788389,-2.6272664,-8572416
148,147,149,150,"null","null","null",2,39.430603,0.66423047,-2.4198897,0.6411331,-3.4392219,-8572416
155,112,156,161,"CALYPTOCEPHALELLIDAE","null","null",4,35.600403,1.4052846,-3.2309737,3.0657134,-0.2891281,-8572416
156,155,157,160,"null","null","null",3,28.212652,0.34807923,-3.8025503,2.3408217,-0.8562488,-8572416
157,156,158,159,"null","null","null",2,17.800201,0.5755006,-3.5885587,1.6917318,-2.1268003,-8572416
162,0,163,170,"SOOGLOSSIDAE","null","Purple Frog, Seychelles Palm Frog and more",5,96.2,0.73706913,-3.4890285,2.3134422,-1.5287647,-11184866
163,162,164,167,"null","null","null",4,82.86217,0.5905168,-3.1200054,1.5501418,-2.9140062,-11184866
164,163,165,166,"null","null","null",2,41.431084,0.66423047,-2.3745222,0.4136045,-3.5997534,-11184866
167,163,168,169,"null","null","null",2,41.431084,1.4052846,-2.5944977,3.3284123,-0.2891281,-11184866
