index,parent,child1,child2,name1,name2,common,richness,lengthbr,hxmax,hxmin,hymax,hymin,color
0,-268435387,1,208,"null","null","null",114,206.1,0.31738394,-3.3312194,1.4333893,-2.8386195,-12486656
1,0,2,141,"null","null","null",104,189.1,1.0881097,-2.6491,0.33634788,-3.5017529,-12486656
2,1,3,112,"SALAMANDRIDAE","null","True Salamanders and Newts",70,71.9,2.5900252,-1.800972,0.54197323,-3.3352547,-12486656
3,2,4,111,"null","null","null",55,46.8,3.4969974,-0.7547009,0.66498864,-2.648817,-12486656
4,3,5,88,"null","null","null",54,46.58571,3.5708933,-0.48397225,2.2471943,-2.060753,-12486656
5,4,6,77,"null","null","null",42,40.7,3.0093822,-0.64591193,3.3651307,-0.9395903,-16731116
6,5,7,46,"null","null","null",36,39.02143,2.371244,-1.7316337,3.6758344,-0.4185682,-12486656
7,6,8,37,"null","null","null",20,32.62094,1.2264682,-2.9929938,3.2578828,-0.6167594,-16731116
8,7,9,24,"null","null","null",15,19.5,0.34807813,-3.4931812,2.5906405,-1.3385665,-16731116
9,8,10,21,"null","null","null",8,14.973545,0.5754999,-3.186382,1.6749467,-2.7538173,-16731116
10,9,11,20,"null","null","null",6,12.902018,1.044382,-2.4522967,0.5272909,-3.497464,-16731116
11,10,12,19,"null","null","null",5,11.589165,2.6072772,-1.9384052,0.5235952,-3.40589,-16731116
12,11,13,16,"null","null","null",4,11.589165,3.6250966,-0.58310926,0.658092,-2.752133,-16731116
13,12,14,15,"null","null","null",2,11.589165,3.8261666,-0.4628839,1.0880115,-2.136559,-16731116
16,12,17,18,"null","null","null",2,11.589165,0.38339457,-2.4198945,0.86650705,-3.4392192,-16731116
21,9,22,23,"null","null","null",2,4.9911814,1.5045897,-2.4441464,3.4248772,-0.27500063,-12486656
24,8,25,36,"null","null","null",7,19.5,2.2791789,-1.5568547,3.6996098,-0.7052618,-16731116
25,24,26,35,"null","null","null",6,12.902017,1.5045903,-2.8598032,3.3383741,-0.6042876,-16731116
26,25,27,32,"null","null","null",5,12.902017,0.3238794,-3.424084,2.6735523,-1.177318,-16731116
27,26,28,31,"null","null","null",3,12.902017,0.55929744,-3.1628785,1.7788426,-2.6272595,-16731116
28,27,29,30,"null","null","null",2,12.902017,0.66423047,-2.4198966,0.6411383,-3.4392178,-16731116
32,26,33,34,"null","null","null",2,12.902017,2.3134434,-0.43901777,3.762607,-0.73706996,-16731116
37,7,38,45,"null","null","null",5,17.52539,2.969978,-0.3171605,3.1657617,-1.1971898,-11184866
38,37,39,44,"null","null","null",4,15.095551,2.279179,-1.6992202,3.5147917,-0.39551604,-8572416
39,38,40,43,"null","null","null",3,15.095551,1.5045912,-3.044879,3.098111,-0.6042875,-11184866
40,39,41,42,"null","null","null",2,15.095551,0.32387918,-3.6646833,2.3612099,-0.66192484,-11184866
46,6,47,64,"null","null","null",16,30.191101,3.6249356,-0.60018456,2.015643,-2.1562457,-12486656
47,46,48,61,"null","null","null",9,30.191101,3.1107247,-0.63761264,3.1657617,-1.012213,-12486656
48,47,49,56,"null","null","null",7,21.189283,2.4621496,-1.7809153,3.5147917,-0.39551604,-12486656
49,48,50,55,"null","null","null",4,21.189283,1.5045912,-3.1510825,3.098111,-0.6042875,-12486656
50,49,51,54,"null","null","null",3,21.189283,0.32387918,-3.8027477,2.3612099,-0.6648351,-12486656
51,50,52,53,"null","null","null",2,21.189283,0.5592972,-3.6551423,1.7788439,-1.961033,-12486656
56,48,57,60,"null","null","null",3,21.189283,3.6823015,-0.6366841,1.6104301,-2.190563,-12486656
57,56,58,59,"null","null","null",2,21.189283,3.2227087,-0.62788224,2.7384808,-1.3026884,-11184866
61,47,62,63,"null","null","null",2,7.5477753,3.126793,-0.9791815,0.3445285,-2.8544235,-16731116
64,46,65,74,"null","null","null",7,21.189283,2.29607,-2.120691,0.52348495,-3.455174,-12486656
65,64,66,73,"null","null","null",5,21.189283,3.3252714,-0.9791815,0.6527473,-2.834304,-12486656
66,65,67,72,"null","null","null",4,21.189283,3.52864,-0.44105333,2.0262713,-2.190563,-11184866
67,66,68,71,"null","null","null",3,21.189283,3.0229487,-0.62788224,3.2790747,-1.3026884,-12486656
68,67,69,70,"null","null","null",2,21.189283,2.313444,-0.65274763,3.7626064,-0.37198827,-16731116
74,64,75,76,"null","null","null",2,21.189283,0.44286668,-3.7111824,1.8611751,-1.7914228,-16731116
77,5,78,83,"null","null","null",6,19.510715,3.4687877,-0.90259945,0.3578278,-2.8712285,-16731116
78,77,79,82,"null","null","null",3,11.962941,3.6229668,-0.46288353,1.7924047,-2.1365604,-12486656
79,78,80,81,"null","null","null",2,11.962941,3.1081653,-0.63761264,2.8755522,-1.1971898,-12486656
83,77,84,87,"null","null","null",3,11.962941,0.38339433,-2.5607548,0.8665074,-3.731463,-16731116
84,83,85,86,"null","null","null",2,11.962941,1.4433315,-2.0102332,0.50423586,-3.7908025,-16731116
88,4,89,106,"null","null","null",12,23.5,2.4241405,-1.7993928,0.4835871,-3.4058914,-12486656
89,88,90,103,"null","null","null",9,20.779364,3.38702,-0.5831127,0.658092,-2.7521348,-12486656
90,89,91,102,"null","null","null",7,18.402658,3.516669,-0.46288353,2.1643763,-2.1365604,-12486656
91,90,92,97,"null","null","null",6,18.402658,2.969978,-0.63761264,3.3591151,-1.0032711,-12486656
92,91,93,96,"null","null","null",3,18.402658,2.279179,-1.2371163,3.7661512,-0.39551604,-11184866
93,92,94,95,"null","null","null",2,18.402658,1.5045912,-2.444144,3.4248781,-0.6042875,-11184866
97,91,98,101,"null","null","null",3,18.402658,3.554819,-0.9791815,0.3445285,-2.834304,-12486656
98,97,99,100,"null","null","null",2,18.402658,3.827052,-0.44105333,0.9093783,-2.190563,-12486656
103,89,104,105,"null","null","null",2,6.555159,0.38339433,-2.4198992,0.8665074,-3.4392166,-8572416
106,88,107,110,"null","null","null",3,10.389682,0.40148306,-3.1628795,1.7788428,-2.6272585,-11184866
107,106,108,109,"null","null","null",2,10.389682,0.66423047,-2.4198983,0.6411392,-3.4392169,-12486656
112,2,113,140,"null","null","null",15,45.830063,0.35960028,-3.3445463,1.6917354,-2.8080258,-12486656
113,112,114,129,"null","null","null",14,45.830063,0.9035088,-2.6579103,0.47731203,-3.5679345,-12486656
114,113,115,128,"null","null","null",8,45.830063,2.424142,-1.9384054,0.5235952,-3.4975019,-11184866
115,114,116,123,"null","null","null",7,32.93188,3.3870208,-0.64571416,0.658092,-2.8712282,-11184866
116,115,117,122,"null","null","null",4,32.93188,3.516669,-0.4628837,2.1815712,-2.13656,-11184866
117,116,118,121,"null","null","null",3,32.93188,2.9699779,-0.6376127,3.381468,-1.1971889,-11184866
118,117,119,120,"null","null","null",2,32.93188,2.2791789,-0.6459122,3.7952094,-0.39551622,-8572416
123,115,124,127,"null","null","null",3,32.93188,0.38339442,-2.5607538,0.8665073,-3.7314634,-8572416
124,123,125,126,"null","null","null",2,32.93188,1.4433327,-2.0102327,0.504236,-3.7908025,-8572416
129,113,130,137,"null","null","null",6,30.32309,0.79509664,-3.5074315,2.6735516,-1.3502457,-16731116
130,129,131,136,"null","null","null",4,30.32309,0.5592977,-3.2712293,1.7788419,-2.8520646,-12486656
131,130,132,135,"null","null","null",3,30.32309,0.66423047,-2.5607529,0.64113814,-3.7314634,-16731116
132,131,133,134,"null","null","null",2,30.32309,1.4433341,-2.010232,0.5042361,-3.790802,-16731116
137,129,138,139,"null","null","null",2,30.32309,2.313443,-0.4390179,3.762607,-0.73706955,-16731116
141,1,142,201,"AMBYSTOMATIDAE","null","Mole Salamanders",34,128.1,0.76705414,-3.592928,2.5084987,-1.3840456,-12486656
142,141,143,190,"null","null","null",30,123.553276,0.5755001,-3.3160517,1.6364999,-2.812939,-12486656
143,142,144,183,"null","null","null",24,123.553276,0.9343945,-2.6208673,0.338493,-3.574321,-12486656
144,143,145,176,"null","null","null",20,123.553276,2.464293,-1.799392,0.5235953,-3.505804,-12486656
145,144,146,173,"null","null","null",16,123.553276,3.4392176,-0.58311164,0.658092,-2.882021,-12486656
146,145,147,170,"null","null","null",14,123.553276,3.5845249,-0.4628837,2.0156438,-2.3054132,-12486656
147,146,148,165,"null","null","null",12,123.553276,3.0581903,-0.6376127,3.1657624,-1.00327,-12486656
148,147,149,158,"null","null","null",9,123.553276,2.3938553,-1.5568547,3.514792,-0.39551622,-12486656
149,148,150,157,"null","null","null",5,123.553276,1.5045903,-2.8598032,3.0981107,-0.6042876,-12486656
150,149,151,156,"null","null","null",4,123.553276,0.3238794,-3.424084,2.3612094,-1.177318,-16731116
151,150,152,155,"null","null","null",3,123.553276,0.55929744,-3.1628785,1.7788426,-2.6272595,-16731116
152,151,153,154,"null","null","null",2,123.553276,0.66423047,-2.4198966,0.6411383,-3.4392178,-16731116
158,148,159,164,"null","null","null",4,123.553276,3.5286403,-0.6366839,2.0262728,-2.1905627,-12486656
159,158,160,163,"null","null","null",3,123.553276,3.0229487,-0.62788236,3.2790754,-1.3026878,-16731116
160,159,161,162,"null","null","null",2,123.553276,2.3134437,-0.65274763,3.7626066,-0.37198845,-16731116
165,147,166,169,"null","null","null",3,123.553276,3.5548193,-0.9791807,0.3445286,-2.8343034,-12486656
166,165,167,168,"null","null","null",2,123.553276,3.8270519,-0.4410535,0.90937954,-2.1905627,-11184866
170,146,171,172,"null","null","null",2,123.553276,1.4433327,-2.0102327,0.52348465,-3.7908025,-12486656
173,145,174,175,"null","null","null",2,123.553276,0.38339442,-2.419898,0.8665073,-3.439217,-3014646
176,144,177,180,"null","null","null",4,123.553276,0.40148276,-3.1628788,1.7948631,-2.62726,-11184866
177,176,178,179,"null","null","null",2,123.553276,0.66423047,-2.419897,0.6411384,-3.4392178,-8572416
180,176,181,182,"null","null","null",2,123.553276,1.6001973,-2.288042,3.5117059,-0.31738403,-11184866
183,143,184,189,"null","null","null",4,123.553276,0.79509664,-3.4240847,2.3612094,-1.1773195,-11184866
184,183,185,188,"null","null","null",3,123.553276,0.5592977,-3.1628785,1.7788419,-2.6272604,-11184866
185,184,186,187,"null","null","null",2,123.553276,0.66423047,-2.4198968,0.64113814,-3.439218,-3014646
190,142,191,198,"null","null","null",6,123.553276,1.420954,-3.151085,3.3383737,-0.27500027,-12486656
191,190,192,195,"null","null","null",4,123.553276,0.3238798,-3.8027484,2.6735516,-0.66483945,-12486656
192,191,193,194,"null","null","null",2,123.553276,0.5592977,-3.655141,1.7788419,-1.9610364,-8572416
195,191,196,197,"null","null","null",2,123.553276,2.313443,-0.4390179,3.762607,-0.73706955,-16731116
198,190,199,200,"null","null","null",2,123.553276,3.2227054,-0.3031999,2.7384849,-1.3026855,-11184866
201,141,202,207,"","null","Pacific Giant Salamanders",4,50.35909,2.2791784,-1.6992242,3.5147922,-0.70526147,-16731116
202,201,203,206,"null","null","null",3,50.35909,1.5045887,-3.0448823,3.0981102,-0.6042878,-16731116
203,202,204,205,"null","null","null",2,50.35909,0.32387978,-3.664685,2.3612094,-0.6619248,-16731116
208,0,209,220,"null","null","null",10,191.90001,1.2264665,-2.9929953,3.0657148,-0.28912774,-16731116
209,208,210,219,"PROTEIDAE","null","null",6,139.6,0.3480785,-3.4931817,2.3408227,-1.4981358,-12486656
210,209,211,216,"","null","Waterdogs",5,125.39492,0.5755,-3.186382,1.6749458,-2.9612565,-16731116
211,210,212,215,"null","null","null",3,17.5,0.665,-2.4522967,0.5272911,-3.7671344,-12486656
212,211,213,214,"null","null","null",2,17.5,1.6186309,-1.9384054,0.5235952,-3.7564616,-16731116
216,210,217,218,"null","null","null",2,54.00465,1.5045888,-2.4441473,3.4248762,-0.27500042,-16731116
220,208,221,224,"SIRENIDAE","null","Sirens",4,115.53531,2.9699771,-0.31716067,3.3814688,-1.0122106,-16731116
221,220,222,223,"","null","Dwarf Sirens",2,57.767654,2.2791784,-0.6459122,3.7952094,-0.39551643,-16731116
224,220,225,226,"null","null","null",2,1.6,3.1267948,-0.9791795,0.3445287,-2.854421,-16731116
