index,parent,child1,child2,name1,name2,common,richness,lengthbr,hxmax,hxmin,hymax,hymin,color
0,-268378050,1,68,"","null","False Brook Salamanders",50,58.19115,0.3596002,-3.3160505,1.5949298,-2.7787879,-8572416
1,0,2,61,"null","null","null",34,58.19115,0.9701168,-2.6208658,0.33849198,-3.5299242,-8572416
2,1,3,38,"null","null","null",30,58.19115,2.5107312,-1.9383584,0.52359545,-3.4480872,-8572416
3,2,4,35,"null","null","null",18,58.19115,3.4995854,-0.58310705,0.6580921,-2.806989,-8572416
4,3,5,20,"null","null","null",16,58.19115,3.6630008,-0.46288425,2.0156493,-2.2078729,-8572416
5,4,6,15,"null","null","null",8,58.19115,3.160208,-0.637613,3.1657662,-1.003265,-8572416
6,5,7,12,"null","null","null",5,58.19115,2.5264797,-1.6992304,3.514793,-0.39551717,-8572416
7,6,8,11,"null","null","null",3,58.19115,1.5045848,-3.0448873,3.0981092,-0.6042883,-8572416
8,7,9,10,"null","null","null",2,58.19115,0.32388073,-3.6646876,2.361209,-0.6619246,-11184866
12,6,13,14,"null","null","null",2,58.19115,3.827052,-0.63668215,0.90939033,-2.1905596,-8572416
15,5,16,19,"null","null","null",3,58.19115,3.5548232,-0.979175,0.34452912,-2.8342993,-8572416
16,15,17,18,"null","null","null",2,58.19115,3.827052,-0.44105458,0.90939033,-2.1905596,-8572416
20,4,21,32,"null","null","null",8,58.19115,2.2960765,-2.120686,0.52348334,-3.571342,-8572416
21,20,22,31,"null","null","null",6,58.19115,3.325275,-0.979175,0.6527476,-2.9853218,-8572416
22,21,23,28,"null","null","null",5,58.19115,3.5286393,-0.44105458,2.0262823,-2.3868887,-8572416
23,22,24,27,"null","null","null",3,58.19115,3.0229454,-0.62788296,3.2790823,-1.3026809,-11184866
24,23,25,26,"null","null","null",2,58.19115,2.3134418,-0.6527472,3.7626092,-0.37198997,-11184866
28,22,29,30,"null","null","null",2,58.19115,1.2662363,-2.0763676,0.56239974,-3.8140664,-8572416
32,20,33,34,"null","null","null",2,58.19115,0.44286472,-3.7111793,1.8611706,-1.7914329,-3014646
35,3,36,37,"null","null","null",2,58.19115,0.38339475,-2.419892,0.8665067,-3.4392204,-3014646
38,2,39,52,"null","null","null",12,58.19115,0.401482,-3.4755566,1.6207718,-2.6626258,-11184866
39,38,40,47,"null","null","null",7,58.19115,0.66423047,-2.8263783,0.41482085,-3.4851904,-8572416
40,39,41,44,"null","null","null",4,58.19115,2.1434035,-2.120686,0.50423664,-3.470645,-8572416
41,40,42,43,"null","null","null",2,58.19115,3.1267998,-0.979175,0.6527476,-2.8544154,-11184866
44,40,45,46,"null","null","null",2,58.19115,0.44286472,-3.7111793,1.8611706,-1.7914329,-3014646
47,39,48,51,"null","null","null",3,58.19115,0.82108605,-3.7909274,2.3745222,-0.47381002,-8572416
48,47,49,50,"null","null","null",2,58.19115,0.5419738,-3.7111793,1.8611706,-1.7914329,-11184866
52,38,53,58,"null","null","null",5,58.19115,1.5501426,-3.061063,3.1200054,-0.31738296,-11184866
53,52,54,57,"null","null","null",3,58.19115,0.41360593,-3.7909272,2.3745222,-0.66423047,-11184866
54,53,55,56,"null","null","null",2,58.19115,0.5419736,-3.7111802,1.8611718,-1.7914302,-11184866
58,52,59,60,"null","null","null",2,58.19115,3.328414,-0.28912807,2.5944958,-1.4052857,-11184866
61,1,62,67,"null","null","null",4,58.19115,0.7950963,-3.424083,2.361209,-1.1773235,-8572416
62,61,63,66,"null","null","null",3,58.19115,0.5592979,-3.162875,1.7788401,-2.6272643,-8572416
63,62,64,65,"null","null","null",2,58.19115,0.66423047,-2.419892,0.6411348,-3.4392204,-8572416
68,0,69,92,"null","null","null",16,58.19115,1.3321722,-3.0061488,3.244842,-0.275,-8572416
69,68,70,85,"null","null","null",12,58.19115,0.32387993,-3.6143308,2.551961,-1.3502465,-8572416
70,69,71,78,"null","null","null",8,58.19115,0.5592977,-3.4101982,1.6207732,-2.8520653,-8572416
71,70,72,75,"null","null","null",4,58.19115,0.66423047,-2.7414122,0.41482198,-3.7314637,-11184866
72,71,73,74,"null","null","null",2,58.19115,1.4433382,-2.010231,0.50423634,-3.7908013,-11184866
75,71,76,77,"null","null","null",2,58.19115,0.8210864,-3.5997522,2.3745222,-0.40725175,-3014646
78,70,79,82,"null","null","null",4,58.19115,1.5501446,-2.9140034,3.1200056,-0.31738362,-8572416
79,78,80,81,"null","null","null",2,58.19115,0.41360754,-3.5997515,2.3745224,-0.66423047,-3014646
82,78,83,84,"null","null","null",2,58.19115,3.3284154,-0.28912786,2.5944934,-1.4052874,-8572416
85,69,86,91,"null","null","null",4,58.19115,2.313443,-1.5287609,3.4890282,-0.7370695,-8572416
86,85,87,90,"null","null","null",3,58.19115,1.6001972,-2.914003,3.1200058,-0.59051657,-8572416
87,86,88,89,"null","null","null",2,58.19115,0.41360754,-3.5997515,2.3745224,-0.66423047,-8572416
92,68,93,98,"null","null","null",4,58.19115,3.0229473,-0.30319998,3.3004072,-1.3026853,-8572416
93,92,94,97,"null","null","null",3,58.19115,2.313443,-1.047253,3.7903354,-0.37198898,-8572416
94,93,95,96,"null","null","null",2,58.19115,1.6001972,-2.2880425,3.5117052,-0.59051657,-3014646
