index,parent,child1,child2,name1,name2,common,richness,lengthbr,hxmax,hxmin,hymax,hymin,color
0,-268400631,1,166,"null","null","null",110,44.17607,2.4650118,-1.6730632,3.684888,-0.39551812,-16777216
1,0,2,111,"null","null","null",83,44.17607,1.3808081,-3.010866,3.3192306,-0.6042888,-16777216
2,1,3,84,"null","null","null",55,44.17607,0.32388172,-3.6204553,2.6486673,-1.2190355,-16777216
3,2,4,63,"null","null","null",41,44.17607,0.5592991,-3.4181542,1.746489,-2.6814845,-16777216
4,3,5,34,"null","null","null",30,44.17607,0.7518035,-2.7517552,0.51714545,-3.5096998,-16777216
5,4,6,27,"null","null","null",15,44.17607,2.2960854,-1.9577075,0.50423795,-3.5025015,-16777216
6,5,7,26,"null","null","null",11,44.17607,3.3252792,-0.9791683,0.652748,-2.8958278,-16777216
7,6,8,21,"null","null","null",10,44.17607,3.5286388,-0.441056,1.8644108,-2.2705498,-16777216
8,7,9,18,"null","null","null",7,44.17607,3.022942,-0.62788355,3.068643,-1.1514399,-16777216
9,8,10,17,"null","null","null",5,44.17607,2.3134391,-1.6418996,3.4890313,-0.37199152,-16777216
10,9,11,16,"null","null","null",4,44.17607,1.6001859,-3.0610728,3.1200035,-0.59051824,-16777216
11,10,12,15,"null","null","null",3,44.17607,0.4135942,-3.7909293,2.3745208,-0.6642302,-16777216
12,11,13,14,"null","null","null",2,44.17607,0.5419755,-3.7111747,1.8611634,-1.7914485,-16777216
18,8,19,20,"null","null","null",2,44.17607,3.005175,-1.0891994,0.33095664,-2.9852262,-16777216
21,7,22,25,"null","null","null",3,44.17607,1.9703138,-2.0763643,0.56239724,-3.5523138,-16777216
22,21,23,24,"null","null","null",2,44.17607,3.005175,-1.0891994,0.64591277,-2.9852262,-16777216
27,5,28,33,"null","null","null",4,44.17607,0.44286197,-3.344489,1.8611665,-2.7339268,-16777216
28,27,29,32,"null","null","null",3,44.17607,0.66192496,-2.6608212,0.7546901,-3.6840599,-16777216
29,28,30,31,"null","null","null",2,44.17607,1.2662454,-2.0763643,0.48397422,-3.814066,-16777216
34,4,35,52,"null","null","null",15,44.17607,0.8210844,-3.623031,2.6047633,-1.0522804,-16777216
35,34,36,49,"null","null","null",9,44.17607,0.5419747,-3.49291,1.9094133,-2.5434403,-16777216
36,35,37,44,"null","null","null",7,44.17607,0.72913146,-2.8537683,0.52231866,-3.4364276,-16777216
37,36,38,43,"null","null","null",4,44.17607,2.330574,-2.0763643,0.48397422,-3.492144,-16777216
38,37,39,42,"null","null","null",3,44.17607,3.4735134,-1.0891994,0.64591277,-2.9070053,-16777216
39,38,40,41,"null","null","null",2,44.17607,3.816721,-0.41857076,0.7310724,-2.2381592,-16777216
44,36,45,48,"null","null","null",3,44.17607,0.84491944,-3.7671363,2.4522867,-0.39556205,-16777216
45,44,46,47,"null","null","null",2,44.17607,0.5235968,-3.7564573,1.9383985,-1.6186471,-16777216
49,35,50,51,"null","null","null",2,44.17607,1.6917281,-2.1268067,3.5885556,-0.35959655,-16777216
52,34,53,60,"null","null","null",6,44.17607,2.6331253,-1.4981474,3.4931793,-0.7670516,-16777216
53,52,54,59,"null","null","null",4,44.17607,1.6917281,-2.9612648,3.1863742,-0.5755012,-16777216
54,53,55,58,"null","null","null",3,44.17607,0.5272817,-3.7671363,2.4522867,-0.665,-16777216
55,54,56,57,"null","null","null",2,44.17607,0.5235968,-3.7564573,1.9383985,-1.6186471,-16777216
60,52,61,62,"null","null","null",2,44.17607,3.795211,-0.705259,0.5537361,-2.2791758,-16777216
63,3,64,79,"null","null","null",11,44.17607,1.4333814,-2.8440938,3.4028811,-0.31738016,-16777216
64,63,65,74,"null","null","null",8,44.17607,0.29949006,-3.508861,2.7422612,-1.1988084,-16777216
65,64,66,71,"null","null","null",5,44.17607,0.5419747,-3.344489,1.9094133,-2.7339268,-16777216
66,65,67,70,"null","null","null",3,44.17607,0.66192496,-2.6608212,0.7546901,-3.6840599,-16777216
67,66,68,69,"null","null","null",2,44.17607,1.2662454,-2.0763643,0.48397422,-3.814066,-16777216
71,65,72,73,"null","null","null",2,44.17607,1.6917281,-2.1268067,3.5885556,-0.35959655,-16777216
74,64,75,78,"null","null","null",3,44.17607,2.3408208,-0.85625637,3.8025498,-0.7670516,-16777216
75,74,76,77,"null","null","null",2,44.17607,1.6917281,-2.1268067,3.5885556,-0.5755012,-16777216
79,63,80,83,"null","null","null",3,44.17607,3.065712,-0.2891289,3.1667423,-1.4052806,-16777216
80,79,81,82,"null","null","null",2,44.17607,2.3408208,-0.6580918,3.7190452,-0.34808022,-16777216
84,2,85,106,"null","null","null",14,44.17607,2.5455332,-1.4749897,3.7066278,-0.737067,-16777216
85,84,86,105,"null","null","null",11,44.17607,1.6001897,-2.8440938,3.4028811,-0.59051764,-16777216
86,85,87,100,"null","null","null",10,44.17607,0.29949006,-3.508861,2.7422612,-1.0796676,-16777216
87,86,88,95,"null","null","null",7,44.17607,0.5419747,-3.344489,1.7061951,-2.5790436,-16777216
88,87,89,94,"null","null","null",4,44.17607,0.66192496,-2.6608212,0.7546901,-3.482712,-16777216
89,88,90,93,"null","null","null",3,44.17607,1.9703138,-2.0763643,0.48397422,-3.5523138,-16777216
90,89,91,92,"null","null","null",2,44.17607,3.005175,-1.0891994,0.64591277,-2.9852262,-16777216
95,87,96,99,"null","null","null",3,44.17607,1.6917281,-2.7746239,3.1313145,-0.35959655,-16777216
96,95,97,98,"null","null","null",2,44.17607,0.5272817,-3.5245032,2.3807092,-0.665,-16777216
100,86,101,104,"null","null","null",3,44.17607,2.3408208,-0.85625637,3.8025498,-0.7670516,-16777216
101,100,102,103,"null","null","null",2,44.17607,1.6917281,-2.1268067,3.5885556,-0.5755012,-16777216
106,84,107,110,"null","null","null",3,44.17607,3.7300878,-0.67175275,1.4251086,-2.238161,-16777216
107,106,108,109,"null","null","null",2,44.17607,3.3284082,-0.6167603,2.5945039,-1.4052806,-16777216
111,1,112,159,"null","null","null",28,44.17607,3.132392,-0.303201,3.219129,-1.1166797,-16777216
112,111,113,152,"null","null","null",24,44.17607,2.4557228,-1.4749897,3.684667,-0.37199056,-16777216
113,112,114,135,"null","null","null",20,44.17607,1.4333814,-2.8440938,3.3743324,-0.59051764,-16777216
114,113,115,132,"null","null","null",11,44.17607,0.29949006,-3.508861,2.705148,-1.0522804,-16777216
115,114,116,125,"null","null","null",9,44.17607,0.5419747,-3.344489,1.7061951,-2.5434403,-16777216
116,115,117,124,"null","null","null",5,44.17607,0.72913146,-2.6608212,0.7546901,-3.4364276,-16777216
117,116,118,123,"null","null","null",4,44.17607,2.330574,-2.0763643,0.48397422,-3.492144,-16777216
118,117,119,122,"null","null","null",3,44.17607,3.4735134,-1.0891994,0.64591277,-2.9070053,-16777216
119,118,120,121,"null","null","null",2,44.17607,3.816721,-0.41857076,0.7310724,-2.2381592,-16777216
125,115,126,129,"null","null","null",4,44.17607,1.6749359,-2.7746239,3.1313145,-0.35959655,-16777216
126,125,127,128,"null","null","null",2,44.17607,0.5272817,-3.5245032,2.3807092,-0.665,-16777216
129,125,130,131,"null","null","null",2,44.17607,3.4248688,-0.27500102,2.444159,-1.5045819,-16777216
132,114,133,134,"null","null","null",2,44.17607,2.3408208,-0.4290239,3.7190452,-0.7670516,-16777216
135,113,136,145,"null","null","null",9,44.17607,3.065712,-0.2891289,2.9929993,-1.2264589,-16777216
136,135,137,144,"null","null","null",5,44.17607,2.3408208,-1.4981474,3.4931793,-0.34808022,-16777216
137,136,138,143,"null","null","null",4,44.17607,1.6917281,-2.9612648,3.1863742,-0.5755012,-16777216
138,137,139,142,"null","null","null",3,44.17607,0.5272817,-3.7671363,2.4522867,-0.665,-16777216
139,138,140,141,"null","null","null",2,44.17607,0.5235968,-3.7564573,1.9383985,-1.6186471,-16777216
145,135,146,151,"null","null","null",4,44.17607,3.3591185,-1.1971815,0.31716168,-2.9699733,-16777216
146,145,147,150,"null","null","null",3,44.17607,3.7661476,-0.3955179,1.2371341,-2.2791758,-16777216
147,146,148,149,"null","null","null",2,44.17607,3.4248688,-0.6042887,2.444159,-1.5045819,-16777216
152,112,153,158,"null","null","null",4,44.17607,3.5280137,-0.67175275,1.8652921,-2.238161,-16777216
153,152,154,157,"null","null","null",3,44.17607,3.065712,-0.6167603,3.1667423,-1.4052806,-16777216
154,153,155,156,"null","null","null",2,44.17607,2.3408208,-0.6580918,3.7190452,-0.34808022,-16777216
159,111,160,165,"null","null","null",4,44.17607,3.4068692,-1.0892038,0.3309561,-2.9070082,-16777216
160,159,161,164,"null","null","null",3,44.17607,3.7300878,-0.4185698,1.4251086,-2.238161,-16777216
161,160,162,163,"null","null","null",2,44.17607,3.3284082,-0.6167603,2.5945039,-1.4052806,-16777216
166,0,167,212,"null","null","null",27,44.17607,3.6887553,-0.63668066,1.9801664,-2.270554,-16777216
167,166,168,193,"null","null","null",23,44.17607,3.2310948,-0.6278832,3.219129,-1.1166797,-16777216
168,167,169,190,"null","null","null",13,44.17607,2.5840368,-1.4749897,3.684667,-0.37199056,-16777216
169,168,170,187,"null","null","null",11,44.17607,1.5501353,-2.8440938,3.3743324,-0.59051764,-16777216
170,169,171,184,"null","null","null",9,44.17607,0.29949006,-3.508861,2.705148,-1.0522804,-16777216
171,170,172,183,"null","null","null",7,44.17607,0.5419747,-3.344489,1.8611665,-2.5434403,-16777216
172,171,173,182,"null","null","null",6,44.17607,0.689698,-2.6608212,0.7546901,-3.4364276,-16777216
173,172,174,181,"null","null","null",5,44.17607,2.2793105,-2.0763643,0.48397422,-3.492144,-16777216
174,173,175,180,"null","null","null",4,44.17607,3.4068708,-1.0891994,0.64591277,-2.9070053,-16777216
175,174,176,179,"null","null","null",3,44.17607,3.7300858,-0.41857076,1.425116,-2.2381592,-16777216
176,175,177,178,"null","null","null",2,44.17607,3.328404,-0.61676085,2.5945096,-1.4052767,-16777216
184,170,185,186,"null","null","null",2,44.17607,2.3408208,-0.4290239,3.7190452,-0.7670516,-16777216
187,169,188,189,"null","null","null",2,44.17607,3.3284082,-0.2891289,2.5945039,-1.4052806,-16777216
190,168,191,192,"null","null","null",2,44.17607,3.8167202,-0.67175275,0.73106515,-2.238161,-16777216
193,167,194,203,"null","null","null",10,44.17607,3.2514277,-0.92879295,0.3309561,-2.9070082,-16777216
194,193,195,202,"null","null","null",5,44.17607,3.5280137,-0.4185698,1.8652921,-2.238161,-16777216
195,194,196,199,"null","null","null",4,44.17607,3.065712,-0.6167603,3.1667423,-1.2878731,-16777216
196,195,197,198,"null","null","null",2,44.17607,2.3408208,-0.6580918,3.7190452,-0.34808022,-16777216
199,195,200,201,"null","null","null",2,44.17607,2.8755634,-1.1971815,0.31716168,-3.1081553,-16777216
203,193,204,211,"null","null","null",5,44.17607,0.5695158,-2.752129,0.90259826,-3.3870234,-16777216
204,203,205,210,"null","null","null",4,44.17607,2.1815815,-2.1365566,0.4628849,-3.5166674,-16777216
205,204,206,209,"null","null","null",3,44.17607,3.381475,-1.1971815,0.6376133,-2.9699733,-16777216
206,205,207,208,"null","null","null",2,44.17607,3.795211,-0.3955179,0.64591163,-2.2791758,-16777216
212,166,213,216,"null","null","null",4,44.17607,1.9703064,-2.216556,0.5623988,-3.5523171,-16777216
213,212,214,215,"null","null","null",2,44.17607,3.0051699,-1.0892038,0.6459124,-2.9852314,-16777216
216,212,217,218,"null","null","null",2,44.17607,0.48358452,-3.7564592,1.9384005,-1.6186413,-16777216
