index,parent,child1,child2,name1,name2,common,richness,lengthbr,hxmax,hxmin,hymax,hymin,color
0,-268367866,1,42,"null","null","null",27,46.074024,3.475095,-0.6447744,0.676437,-2.7244723,-16731116
1,0,2,35,"null","null","null",21,46.074024,3.542418,-0.48397276,2.2620757,-2.0484712,-16731116
2,1,3,28,"null","null","null",17,46.074024,2.9723635,-0.64591223,3.3844728,-0.88665444,-16731116
3,2,4,19,"null","null","null",13,46.074024,2.3231215,-1.7316397,3.7009754,-0.41856912,-16731116
4,3,5,16,"null","null","null",8,46.074024,1.2878766,-2.9929974,3.2905636,-0.61675996,-16731116
5,4,6,13,"null","null","null",6,46.074024,0.3480795,-3.4931803,2.6331267,-1.4981427,-16731116
6,5,7,12,"null","null","null",4,46.074024,0.5755007,-3.186377,1.6917307,-2.9612615,-16731116
7,6,8,11,"null","null","null",3,46.074024,0.665,-2.4522903,0.5272846,-3.7671356,-16731116
8,7,9,10,"null","null","null",2,46.074024,1.6186419,-1.938401,0.5235962,-3.7564588,-16731116
13,5,14,15,"null","null","null",2,46.074024,2.2791767,-0.5537334,3.7952106,-0.70526004,-16731116
16,4,17,18,"null","null","null",2,46.074024,3.1081572,-0.31716126,2.875561,-1.1971827,-12486656
19,3,20,25,"null","null","null",5,46.074024,3.5166678,-0.6001827,2.181579,-2.305409,-16731116
20,19,21,24,"null","null","null",3,46.074024,2.9699745,-0.6376132,3.3814733,-1.1971827,-16731116
21,20,22,23,"null","null","null",2,46.074024,2.2791767,-0.64591175,3.7952106,-0.39551753,-16731116
25,19,26,27,"null","null","null",2,46.074024,1.4433434,-2.0102289,0.5234828,-3.7908003,-11513776
28,2,29,34,"null","null","null",4,46.074024,3.4687877,-0.90259886,0.35782835,-2.7521303,-16731116
29,28,30,33,"null","null","null",3,46.074024,3.6229622,-0.46288455,1.7924159,-2.1365573,-16731116
30,29,31,32,"null","null","null",2,46.074024,3.1081572,-0.6376132,2.875561,-1.1971827,-16731116
35,1,36,39,"null","null","null",4,46.074024,2.3110347,-2.0181713,0.48358572,-3.3782628,-16731116
36,35,37,38,"null","null","null",2,46.074024,3.2399783,-0.86752474,0.65809214,-2.716217,-16731116
39,35,40,41,"null","null","null",2,46.074024,0.4014814,-3.6551383,1.7788389,-1.9610431,-12486656
42,0,43,50,"null","null","null",6,46.074024,0.8165048,-2.7278004,0.8449211,-3.4762142,-16731116
43,42,44,47,"null","null","null",4,46.074024,2.3110347,-2.0181713,0.52359575,-3.3782628,-16731116
44,43,45,46,"null","null","null",2,46.074024,3.2399783,-0.86752474,0.65809214,-2.716217,-11513776
47,43,48,49,"null","null","null",2,46.074024,0.4014814,-3.6551383,1.7788389,-1.9610431,-16731116
50,42,51,52,"null","null","null",2,46.074024,0.7950959,-3.6646872,2.361209,-0.4184206,-12486656
