index,parent,child1,child2,name1,name2,common,richness,lengthbr,hxmax,hxmin,hymax,hymin,color
0,-268432258,1,52,"null","null","null",31,17.494852,3.6249309,-0.46288514,2.1250145,-2.1562378,-16731116
1,0,2,47,"null","null","null",26,17.494852,3.1107154,-0.6376134,3.307937,-1.0032609,-16731116
2,1,3,40,"null","null","null",23,14.212488,2.4621408,-1.6470424,3.6996107,-0.39551812,-16731116
3,2,4,29,"null","null","null",19,14.212488,1.4246762,-2.977039,3.3383703,-0.6042888,-16731116
4,3,5,26,"null","null","null",13,14.212488,0.32388172,-3.5764804,2.6735487,-1.1974903,-16731116
5,4,6,23,"null","null","null",11,14.212488,0.5592991,-3.360987,1.7948521,-2.653476,-16731116
6,5,7,16,"null","null","null",9,14.212488,0.8876314,-2.6774378,0.41481584,-3.473289,-16731116
7,6,8,15,"null","null","null",5,14.212488,2.4726615,-2.010225,0.50423795,-3.4551678,-16731116
8,7,9,12,"null","null","null",4,14.212488,3.5548282,-0.72746193,0.652748,-2.8342938,-16731116
9,8,10,11,"null","null","null",2,14.212488,3.8270524,-0.441056,0.90940213,-2.190556,-16731116
12,8,13,14,"null","null","null",2,14.212488,0.37080157,-2.571176,0.8857566,-3.3442616,-16731116
16,6,17,22,"null","null","null",4,14.212488,0.8210844,-3.4558165,2.3745215,-0.9977443,-16731116
17,16,18,21,"null","null","null",3,14.212488,0.5419747,-3.2755313,1.8611665,-2.4725435,-16731116
18,17,19,20,"null","null","null",2,14.212488,0.66192496,-2.571176,0.7546901,-3.3442616,-11513776
23,5,24,25,"null","null","null",2,14.212488,1.6001897,-2.2880554,3.5116982,-0.31738016,-16731116
26,4,27,28,"null","null","null",2,14.212488,2.3134403,-0.4390187,3.7626104,-0.737067,-16731116
29,3,30,39,"null","null","null",6,14.212488,3.2310948,-0.303201,3.0686388,-1.3026786,-11184866
30,29,31,36,"null","null","null",5,14.212488,2.5840368,-1.5287743,3.48903,-0.37199056,-12486656
31,30,32,35,"null","null","null",3,14.212488,1.6001897,-2.9140136,3.1200042,-0.59051764,-11184866
32,31,33,34,"null","null","null",2,14.212488,0.4135989,-3.5997567,2.3745215,-0.66423035,-12486656
36,30,37,38,"null","null","null",2,14.212488,3.8167202,-0.67175275,0.73106515,-2.238161,-16731116
40,2,41,44,"null","null","null",4,14.212488,3.6822956,-0.63668066,1.6104476,-2.386887,-16731116
41,40,42,43,"null","null","null",2,14.212488,3.2226973,-0.6278832,2.7384949,-1.3026786,-16731116
44,40,45,46,"null","null","null",2,14.212488,1.2662381,-2.076367,0.5623988,-3.8140666,-16731116
47,1,48,51,"null","null","null",3,4.913074,3.5548253,-0.9791728,0.3445297,-2.8342974,-16731116
48,47,49,50,"null","null","null",2,4.913074,3.8270524,-0.44105512,0.9093949,-2.1905584,-16731116
52,0,53,60,"null","null","null",5,7.1975236,2.472656,-2.0102282,0.5234818,-3.4551697,-12486656
53,52,54,57,"null","null","null",4,7.1975236,3.5548253,-0.72746766,0.65274775,-2.8342974,-12486656
54,53,55,56,"null","null","null",2,7.1975236,3.8270524,-0.44105512,0.9093949,-2.1905584,-16731116
57,53,58,59,"null","null","null",2,7.1975236,0.37080103,-2.571182,0.8857573,-3.3442578,-8572416
