index,parent,child1,child2,name1,name2,common,richness,lengthbr,hxmax,hxmin,hymax,hymin,color
0,-268339108,1,50,"null","null","null",28,27.410877,0.29949018,-3.5521123,2.742261,-1.0522809,-16777216
1,0,2,27,"null","null","null",25,27.410877,0.54197484,-3.4007156,1.824858,-2.5434406,-16777216
2,1,3,16,"null","null","null",13,27.410877,0.661925,-2.7339156,0.64476943,-3.4364274,-16777216
3,2,4,15,"null","null","null",7,27.410877,2.1597397,-2.076365,0.483974,-3.4921446,-16777216
4,3,5,12,"null","null","null",6,27.410877,3.25143,-0.8706852,0.64591265,-2.9070063,-16777216
5,4,6,11,"null","null","null",4,27.410877,3.5280137,-0.41857052,1.8652972,-2.2381597,-16777216
6,5,7,10,"null","null","null",3,27.410877,3.0657108,-0.6167606,3.1667461,-1.4052775,-16777216
7,6,8,9,"null","null","null",2,27.410877,2.3408198,-0.65809166,3.719047,-0.34808096,-16777216
12,4,13,14,"null","null","null",2,27.410877,0.35782912,-2.7162104,0.9025978,-3.239983,-16777216
16,2,17,24,"null","null","null",6,27.410877,0.8449197,-3.4974663,2.7277992,-1.0443957,-16777216
17,16,18,23,"null","null","null",4,27.410877,0.5235969,-3.405886,1.9383984,-2.6072884,-16777216
18,17,19,22,"null","null","null",3,27.410877,0.65809244,-2.7521262,0.8675197,-3.6251016,-16777216
19,18,20,21,"null","null","null",2,27.410877,1.0880251,-2.1365547,0.46288556,-3.8261662,-16777216
24,16,25,26,"null","null","null",2,27.410877,2.361208,-0.4184213,3.6646907,-0.79509425,-16777216
27,1,28,41,"null","null","null",12,27.410877,1.5297068,-2.7538273,3.3983064,-0.35959634,-16777216
28,27,29,38,"null","null","null",7,27.410877,0.33848524,-3.4974658,2.727799,-1.0443985,-16777216
29,28,30,37,"null","null","null",5,27.410877,0.5235972,-3.4058843,1.9383972,-2.6072912,-16777216
30,29,31,34,"null","null","null",4,27.410877,0.6580925,-2.7521236,0.58309376,-3.6251037,-16777216
31,30,32,33,"null","null","null",2,27.410877,1.0880305,-2.136553,0.46288618,-3.8261662,-16777216
34,30,35,36,"null","null","null",2,27.410877,0.8665049,-3.439229,2.419878,-0.38339588,-16777216
38,28,39,40,"null","null","null",2,27.410877,2.3612077,-0.41842145,3.6646914,-0.7950939,-16777216
41,27,42,49,"null","null","null",5,27.410877,3.0981073,-0.2750013,2.8598094,-1.5045784,-16777216
42,41,43,48,"null","null","null",4,27.410877,2.3612077,-1.1773398,3.4240794,-0.32388234,-16777216
43,42,44,47,"null","null","null",3,27.410877,1.7788322,-2.627278,3.1628642,-0.55929947,-16777216
44,43,45,46,"null","null","null",2,27.410877,0.64112437,-3.439229,2.419878,-0.6642306,-16777216
50,0,51,54,"null","null","null",3,27.410877,2.3408206,-0.85626006,3.8025498,-0.76705146,-16777216
51,50,52,53,"null","null","null",2,27.410877,1.6917262,-2.1268098,3.5885544,-0.57550156,-16777216
