index,parent,child1,child2,name1,name2,common,richness,lengthbr,hxmax,hxmin,hymax,hymin,color
0,-268413830,1,80,"null","null","null",63,34.321754,3.3900387,-0.9169625,0.38394892,-2.9020033,-16731116
1,0,2,53,"null","null","null",40,34.321754,3.6128294,-0.44105524,1.9931613,-2.2785766,-16731116
2,1,3,46,"null","null","null",26,34.321754,3.1323915,-0.6278832,3.2360222,-1.116679,-16731116
3,2,4,31,"null","null","null",22,34.321754,2.4557223,-1.5047903,3.7066278,-0.37199068,-16731116
4,3,5,28,"null","null","null",14,34.321754,1.550134,-2.882834,3.4028807,-0.5905177,-16731116
5,4,6,23,"null","null","null",12,34.321754,0.29949018,-3.5592227,2.742261,-1.0796683,-16731116
6,5,7,16,"null","null","null",9,15.090934,0.54197484,-3.409959,1.730665,-2.579044,-16731116
7,6,8,13,"null","null","null",5,15.090934,0.661925,-2.745932,0.49050736,-3.482712,-16731116
8,7,9,12,"null","null","null",3,15.090934,1.9703119,-2.076365,0.483974,-3.5523148,-16731116
9,8,10,11,"null","null","null",2,15.090934,3.0051737,-1.0892006,0.64591265,-2.9852276,-16731116
13,7,14,15,"null","null","null",2,15.090934,0.8449197,-3.5245035,2.3807096,-0.39556193,-16731116
16,6,17,22,"null","null","null",4,15.090934,1.6917262,-2.9612668,3.1863725,-0.35959634,-16731116
17,16,18,21,"null","null","null",3,15.090934,0.5272789,-3.767137,2.4522848,-0.665,-16731116
18,17,19,20,"null","null","null",2,15.090934,0.5235972,-3.7564566,1.9383972,-1.6186507,-16731116
23,5,24,27,"null","null","null",3,7.545467,2.3408206,-0.85626006,3.8025498,-0.76705146,-16731116
24,23,25,26,"null","null","null",2,7.545467,1.6917262,-2.1268098,3.5885544,-0.57550156,-16731116
28,4,29,30,"null","null","null",2,34.321754,3.328406,-0.28912896,2.5945067,-1.4052784,-16777216
31,3,32,41,"null","null","null",8,14.281979,3.528014,-0.6717526,1.7065854,-2.3703585,-12486656
32,31,33,40,"null","null","null",5,14.281979,3.0657115,-0.61676055,2.960422,-1.4052784,-12486656
33,32,34,39,"null","null","null",4,14.281979,2.3408206,-1.3545806,3.4508271,-0.34808072,-12486656
34,33,35,38,"null","null","null",3,14.281979,1.6917262,-2.7746265,3.1313148,-0.57550156,-12486656
35,34,36,37,"null","null","null",2,14.281979,0.5272789,-3.524505,2.3807096,-0.665,-12486656
41,31,42,45,"null","null","null",3,14.281979,1.7924247,-2.1365545,0.60018086,-3.6229587,-11184866
42,41,43,44,"null","null","null",2,14.281979,2.8755677,-1.1971774,0.63761365,-3.108151,-11513776
46,2,47,50,"null","null","null",4,9.521319,3.4735112,-0.92879295,0.33095616,-2.9070072,-16731116
47,46,48,49,"null","null","null",2,9.521319,3.8167205,-0.41857028,0.73106873,-2.2381606,-16731116
50,46,51,52,"null","null","null",2,9.521319,0.357829,-2.7162097,0.902598,-3.239984,-16731116
53,1,54,77,"null","null","null",14,34.321754,2.1597385,-2.2165542,0.5623986,-3.5703688,-16731116
54,53,55,66,"null","null","null",12,34.321754,3.2514293,-0.8866485,0.6459125,-3.0086977,-16731116
55,54,56,61,"null","null","null",6,34.321754,3.528014,-0.41857028,1.8652952,-2.3703585,-16731116
56,55,57,60,"null","null","null",3,7.545467,3.0657115,-0.61676055,3.1667447,-1.4052784,-16731116
57,56,58,59,"null","null","null",2,7.545467,2.3408206,-0.65809166,3.7190466,-0.34808072,-16731116
61,55,62,65,"null","null","null",3,7.545467,1.7924247,-2.1365545,0.60018086,-3.6229587,-16731116
62,61,63,64,"null","null","null",2,7.545467,2.8755677,-1.1971774,0.63761365,-3.108151,-16731116
66,54,67,76,"null","null","null",6,34.321754,0.5562916,-2.7521257,0.902598,-3.3870254,-16731116
67,66,68,75,"null","null","null",5,34.321754,2.1643882,-2.1365545,0.46288565,-3.516667,-16731116
68,67,69,74,"null","null","null",4,9.521319,3.3591201,-1.1971774,0.63761365,-2.9699717,-16731116
69,68,70,73,"null","null","null",3,9.521319,3.7661467,-0.3955187,1.2371405,-2.2791748,-16731116
70,69,71,72,"null","null","null",2,9.521319,3.424866,-0.6042891,2.4441643,-1.5045784,-16731116
77,53,78,79,"null","null","null",2,34.321754,0.4835837,-3.7564578,1.938399,-1.6186463,-11184866
80,0,81,112,"null","null","null",23,34.321754,0.5977186,-2.7339153,0.8857572,-3.4750967,-16731116
81,80,82,101,"null","null","null",16,34.321754,2.1597385,-2.0607443,0.4839738,-3.5424156,-16731116
82,81,83,100,"null","null","null",10,34.321754,3.2514293,-1.0892012,0.6459125,-2.9723587,-16731116
83,82,84,93,"null","null","null",9,15.090934,3.528014,-0.41857028,1.9147055,-2.3231177,-16731116
84,83,85,90,"null","null","null",5,15.090934,3.0657115,-0.61676055,3.230978,-1.2878697,-16731116
85,84,86,89,"null","null","null",3,15.090934,2.3408206,-0.85626006,3.8025498,-0.34808072,-12486656
86,85,87,88,"null","null","null",2,15.090934,1.6917262,-2.1268098,3.5885544,-0.57550156,-11184866
90,84,91,92,"null","null","null",2,15.090934,2.8755677,-1.1971774,0.31716195,-3.108151,-16731116
93,83,94,99,"null","null","null",4,15.090934,2.1815865,-2.1365545,0.60018086,-3.516667,-16731116
94,93,95,98,"null","null","null",3,15.090934,3.381478,-1.1971774,0.63761365,-2.9699717,-16731116
95,94,96,97,"null","null","null",2,15.090934,3.7952118,-0.3955187,0.6459114,-2.2791748,-16731116
101,81,102,107,"null","null","null",6,12.306127,0.4835837,-3.4058857,1.799381,-2.607288,-16731116
102,101,103,106,"null","null","null",3,12.306127,0.6580924,-2.7521257,0.8675192,-3.625102,-16731116
103,102,104,105,"null","null","null",2,12.306127,1.0880258,-2.1365545,0.46288565,-3.8261662,-16731116
107,101,108,111,"null","null","null",3,12.306127,1.7788352,-2.6272726,3.162869,-0.40147927,-16731116
108,107,109,110,"null","null","null",2,12.306127,0.6411294,-3.4392252,2.4198842,-0.6642305,-16731116
112,80,113,120,"null","null","null",7,13.3648615,0.8449199,-3.4974656,2.7891588,-1.0443947,-16731116
113,112,114,119,"null","null","null",4,13.3648615,0.5235967,-3.4058857,1.938399,-2.607288,-12486656
114,113,115,118,"null","null","null",3,13.3648615,0.6580924,-2.7521257,0.8675192,-3.625102,-12486656
115,114,116,117,"null","null","null",2,13.3648615,1.0880258,-2.1365545,0.46288565,-3.8261662,-12486656
120,112,121,124,"null","null","null",3,13.3648615,2.361208,-0.6648538,3.8027484,-0.7950946,-16731116
121,120,122,123,"null","null","null",2,13.3648615,1.7788358,-1.961049,3.655136,-0.55929893,-16731116
