index,parent,child1,child2,name1,name2,common,richness,lengthbr,hxmax,hxmin,hymax,hymin,color
0,-268435451,1,209,"","null","Spadefoot Toads, Asian Horned Frogs and more",141,159.7,2.875268,-0.36641967,3.425025,-0.9169632,-12486656
1,0,2,202,"null","null","null",131,119.399994,2.243817,-1.970377,3.658318,-0.44105375,-12486656
2,1,3,115,"MEGOPHRYIDAE","null","Karin Hills Frogs, Asian Horned Frogs and more",127,65.1,1.1457341,-3.2064102,3.1915293,-0.6278824,-12486656
3,2,4,82,"null","null","null",83,59.448547,0.37198886,-3.66814,2.532599,-1.4972637,-12486656
4,3,5,49,"null","null","null",66,56.414627,0.59051657,-3.3528512,1.4907132,-2.8730562,-12486656
5,4,6,14,"null","null","null",49,56.414627,1.0751519,-2.6772215,0.37285388,-3.5465198,-12486656
6,5,-268366848,7,"null","null","null",31,46.074024,2.5731788,-1.7062011,0.5419735,-3.3934507,-16731116
7,6,8,11,"null","null","null",4,46.074024,0.35959953,-3.1313152,1.6749427,-2.7746155,-16731116
8,7,9,10,"null","null","null",2,46.074024,0.665,-2.3807101,0.52728754,-3.5244987,-16731116
11,7,12,13,"null","null","null",2,46.074024,1.5045867,-2.4441512,3.424874,-0.2750002,-12486656
14,5,15,34,"null","null","null",18,39.505726,0.7670537,-3.6562028,2.590639,-1.3385706,-12486656
15,14,16,29,"null","null","null",10,39.505726,0.57550037,-3.3983078,1.5297141,-2.75382,-12486656
16,15,17,26,"null","null","null",7,39.505726,1.0443869,-2.7278004,0.33849102,-3.4974644,-11184866
17,16,18,23,"null","null","null",5,39.505726,2.6072814,-2.0181713,0.52359575,-3.4058883,-11184866
18,17,19,22,"null","null","null",3,39.505726,3.625099,-0.86752474,0.65809214,-2.7521303,-8572416
19,18,20,21,"null","null","null",2,39.505726,3.8261669,-0.46288455,1.0880169,-2.1365573,-11513776
23,17,24,25,"null","null","null",2,39.505726,0.4014814,-3.6551383,1.7788389,-1.9610431,-11184866
26,16,27,28,"null","null","null",2,39.505726,0.7950959,-3.6646872,2.361209,-0.4184206,-11184866
29,15,30,33,"null","null","null",3,39.505726,1.5045867,-3.0448847,3.0981097,-0.2750002,-12486656
30,29,31,32,"null","null","null",2,39.505726,0.3238803,-3.664686,2.361209,-0.6619247,-11184866
34,14,35,48,"null","null","null",8,39.505726,2.2791777,-1.7809203,3.6996102,-0.7052609,-12486656
35,34,36,43,"null","null","null",7,39.505726,1.3321714,-3.1510856,3.3383727,-0.60428804,-12486656
36,35,37,40,"null","null","null",4,39.505726,0.32388014,-3.802748,2.673551,-0.6648438,-12486656
37,36,38,39,"null","null","null",2,39.505726,0.5592979,-3.6551394,1.7788401,-1.9610406,-8572416
40,36,41,42,"null","null","null",2,39.505726,2.3134425,-0.43901807,3.762608,-0.737069,-12486656
43,35,44,47,"null","null","null",3,39.505726,3.022947,-0.30320007,3.2790785,-1.3026844,-12486656
44,43,45,46,"null","null","null",2,39.505726,2.3134427,-0.6527474,3.7626076,-0.37198916,-12486656
49,4,50,81,"null","null","null",17,38.013405,1.4052863,-3.020925,3.1946955,-0.2891279,-12486656
50,49,51,72,"null","null","null",16,38.013405,0.34807888,-3.5294886,2.5084977,-1.3385706,-12486656
51,50,52,63,"null","null","null",11,38.013405,0.57550037,-3.2335796,1.5297141,-2.75382,-12486656
52,51,53,62,"null","null","null",6,38.013405,1.0443869,-2.5136538,0.52728754,-3.4974644,-12486656
53,52,54,59,"null","null","null",5,38.013405,2.6072814,-2.0181713,0.52359575,-3.4058883,-12486656
54,53,55,58,"null","null","null",3,38.013405,3.625099,-0.86752474,0.65809214,-2.7521303,-12486656
55,54,56,57,"null","null","null",2,38.013405,3.8261669,-0.46288455,1.0880169,-2.1365573,-11184866
59,53,60,61,"null","null","null",2,38.013405,0.4014814,-3.6551383,1.7788389,-1.9610431,-12486656
63,51,64,69,"null","null","null",5,38.013405,1.4209516,-3.151086,3.0981097,-0.2750002,-11184866
64,63,65,68,"null","null","null",3,38.013405,0.3238803,-3.802748,2.361209,-0.6648438,-11184866
65,64,66,67,"null","null","null",2,38.013405,0.5592979,-3.6551394,1.7788401,-1.9610406,-11184866
69,63,70,71,"null","null","null",2,38.013405,3.222704,-0.3032002,2.7384875,-1.3026838,-8572416
72,50,73,80,"null","null","null",5,38.013405,2.2791777,-1.7809203,3.5147924,-0.7052609,-11184866
73,72,74,79,"null","null","null",4,38.013405,1.5045873,-3.1510856,3.0981097,-0.60428804,-11184866
74,73,75,78,"null","null","null",3,38.013405,0.32388014,-3.802748,2.361209,-0.6648438,-11184866
75,74,76,77,"null","null","null",2,38.013405,0.5592979,-3.6551394,1.7788401,-1.9610406,-11184866
82,3,83,106,"null","null","null",17,59.448547,2.3231244,-1.7531196,3.7009754,-0.6717552,-16731116
83,82,84,99,"null","null","null",12,33.34015,1.2264667,-3.0209243,3.2905655,-0.61675954,-16731116
84,83,85,96,"null","null","null",8,27.9,0.34807852,-3.5294893,2.6331284,-1.325995,-12486656
85,84,86,95,"","null","Asian Horned Frogs",6,24.040152,0.57550013,-3.2335815,1.6917346,-2.7374728,-12486656
86,85,87,94,"null","null","null",5,24.040152,0.8165023,-2.513656,0.5272892,-3.4762144,-16731116
87,86,88,91,"null","null","null",4,24.040152,2.3110323,-2.0181732,0.52359545,-3.3782644,-16731116
88,87,89,90,"null","null","null",2,24.040152,3.2399766,-0.8675265,0.6580921,-2.716219,-16731116
91,87,92,93,"null","null","null",2,24.040152,0.401482,-3.6551394,1.7788401,-1.9610406,-16731116
96,84,97,98,"null","null","null",2,9.3,2.2791781,-0.55372405,3.7952094,-0.70526135,-16777216
99,83,100,103,"null","null","null",4,18.6,2.9699774,-0.3171607,3.3814683,-1.0122108,-16731116
100,99,101,102,"null","null","null",2,9.3,2.2791786,-0.6459122,3.795209,-0.3955164,-16731116
103,99,104,105,"null","null","null",2,9.3,3.1267948,-0.97918,0.34452868,-2.8544214,-11513776
106,82,107,114,"","null","Karin Hills Frogs",5,21.593931,3.516669,-0.60018396,2.1643782,-2.1365595,-16731116
107,106,108,113,"null","null","null",4,21.593931,2.9699774,-0.63761276,3.359116,-1.1971881,-12486656
108,107,109,112,"null","null","null",3,21.593931,2.2791786,-1.2371192,3.766151,-0.3955164,-16731116
109,108,110,111,"null","null","null",2,21.593931,1.5045897,-2.4441464,3.4248772,-0.60428774,-16731116
115,2,116,165,"null","null","null",44,45.4,2.9723673,-0.33095512,3.3277428,-0.9287938,-12486656
116,115,117,152,"null","null","null",25,45.4,2.323125,-1.8280969,3.6272297,-0.41856837,-12486656
117,116,118,145,"null","null","null",18,34.676613,1.2264667,-3.1183956,3.1946964,-0.6167594,-12486656
118,117,119,134,"null","null","null",14,34.676613,0.34807852,-3.6562018,2.5084987,-1.325995,-12486656
119,118,120,129,"null","null","null",8,34.676613,0.57550013,-3.398308,1.5297157,-2.7374728,-12486656
120,119,121,126,"null","null","null",5,34.676613,0.8165023,-2.7278004,0.33849198,-3.4762144,-12486656
121,120,122,125,"null","null","null",3,34.676613,2.3110323,-1.938404,0.52359545,-3.3782644,-11184866
122,121,123,124,"null","null","null",2,34.676613,3.2399766,-0.8675265,0.6580921,-2.716219,-11513776
126,120,127,128,"null","null","null",2,34.676613,0.7950963,-3.664686,2.361209,-0.41842043,-12486656
129,119,130,133,"null","null","null",3,34.676613,1.5045881,-3.044883,3.0981102,-0.275,-16731116
130,129,131,132,"null","null","null",2,34.676613,0.32387993,-3.6646852,2.3612092,-0.6619247,-16731116
134,118,135,142,"null","null","null",6,34.676613,2.5264819,-1.7809182,3.5147924,-0.70526135,-12486656
135,134,136,141,"null","null","null",4,34.676613,1.5045888,-3.1510844,3.0981102,-0.60428786,-12486656
136,135,137,140,"null","null","null",3,34.676613,0.32387975,-3.8027482,2.3612092,-0.66484094,-12486656
137,136,138,139,"null","null","null",2,34.676613,0.5592977,-3.6551406,1.7788414,-1.9610381,-12486656
142,134,143,144,"null","null","null",2,34.676613,3.827052,-0.63668334,0.90938234,-2.1905618,-12486656
145,117,146,149,"null","null","null",4,34.676613,2.9699774,-0.3171607,3.3814683,-1.0122108,-12486656
146,145,147,148,"null","null","null",2,34.676613,2.2791786,-0.6459122,3.795209,-0.3955164,-12486656
149,145,150,151,"null","null","null",2,34.676613,3.1267948,-0.97918,0.34452868,-2.8544214,-11184866
152,116,153,164,"null","null","null",7,23.345638,3.516669,-0.6001842,2.0156438,-2.13656,-11184866
153,152,154,161,"null","null","null",6,23.345638,2.9699779,-0.6376127,3.1657624,-1.0122119,-11184866
154,153,155,160,"null","null","null",4,23.345638,2.2791789,-1.6992218,3.514792,-0.39551622,-11184866
155,154,156,159,"null","null","null",3,23.345638,1.5045903,-3.0448804,3.0981107,-0.6042876,-11184866
156,155,157,158,"null","null","null",2,23.345638,0.3238794,-3.6646843,2.3612094,-0.66192484,-11184866
161,153,162,163,"null","null","null",2,23.345638,3.1267936,-0.9791807,0.3445286,-2.8544226,-11184866
165,115,166,193,"null","null","null",19,35.32527,3.3870208,-0.90259933,0.5259919,-2.767276,-16731116
166,165,167,182,"null","null","null",14,31.661522,3.516669,-0.4628837,2.1250036,-2.1562448,-16731116
167,166,168,181,"null","null","null",8,31.661522,2.9699779,-0.6376127,3.30793,-1.1971889,-16731116
168,167,169,180,"null","null","null",7,31.661522,2.2791789,-1.5568547,3.6996098,-0.39551622,-16731116
169,168,170,179,"null","null","null",6,31.661522,1.5045903,-2.8598032,3.3383741,-0.6042876,-16731116
170,169,171,176,"null","null","null",5,31.661522,0.3238794,-3.424084,2.6735523,-1.177318,-16731116
171,170,172,175,"null","null","null",3,31.661522,0.55929744,-3.1628785,1.7788426,-2.6272595,-16731116
172,171,173,174,"null","null","null",2,31.661522,0.66423047,-2.4198966,0.6411383,-3.4392178,-16731116
176,170,177,178,"null","null","null",2,31.661522,2.3134434,-0.43901777,3.762607,-0.73706996,-16731116
182,166,183,192,"null","null","null",6,31.661522,2.2960713,-2.0102327,0.52348465,-3.4551735,-16731116
183,182,184,191,"null","null","null",5,31.661522,3.325272,-0.9791807,0.65274733,-2.8343034,-16731116
184,183,185,190,"null","null","null",4,31.661522,3.5286403,-0.4410535,2.0262728,-2.1905627,-16731116
185,184,186,189,"null","null","null",3,31.661522,3.0229487,-0.62788236,3.2790754,-1.3026878,-12486656
186,185,187,188,"null","null","null",2,31.661522,2.3134437,-0.65274763,3.7626066,-0.37198845,-16731116
193,165,194,199,"null","null","null",5,19.308886,0.63434494,-2.7414122,0.8665073,-3.485192,-16777216
194,193,195,198,"null","null","null",3,13.180365,2.1433957,-2.0102327,0.504236,-3.4706497,-16777216
195,194,196,197,"null","null","null",2,8.315884,3.1267936,-0.9791807,0.65274733,-2.8544226,-16777216
199,193,200,201,"null","null","null",2,8.315884,0.8210869,-3.5997505,2.3745227,-0.40725154,-16777216
202,1,203,208,"","null","European Spadefoot Toads",4,33.899296,3.492148,-0.56240153,2.330558,-2.076371,-12486656
203,202,204,207,"null","null","null",3,33.899296,2.9070134,-0.64591193,3.4735036,-1.0892115,-12486656
204,203,205,206,"null","null","null",2,33.899296,2.2381644,-0.7310503,3.816719,-0.4185682,-11184866
209,0,210,223,"null","null","null",10,154.20001,3.436424,-0.8857584,0.6896846,-2.8537707,-16731116
210,209,211,218,"SCAPHIOPODIDAE","null","American Spadefoot Toads",7,58.4,3.492148,-0.48397225,2.279299,-2.048476,-16731116
211,210,212,217,"","null","Western Spadefoot Toads",4,41.605,2.9070134,-0.64591193,3.4068668,-1.0892115,-16731116
212,211,213,216,"null","null","null",3,41.605,2.2381644,-1.4250932,3.7300913,-0.4185682,-16731116
213,212,214,215,"null","null","null",2,41.605,1.4052893,-2.5944912,3.3284168,-0.6167594,-16731116
218,210,219,222,"","null","Southern Spadefoot Toads",3,32.971184,2.311027,-1.938406,0.4835871,-3.3782682,-16731116
219,218,220,221,"null","null","null",2,32.971184,3.2399726,-0.8675306,0.658092,-2.7162244,-16731116
223,209,224,227,"null","null","null",3,73.5721,0.3955609,-2.4522977,0.8449216,-3.7671342,-16731116
224,223,225,226,"null","null","null",2,73.5721,1.6186295,-1.938406,0.5235951,-3.7564616,-16731116
