index,parent,child1,child2,name1,name2,common,richness,lengthbr,hxmax,hxmin,hymax,hymin,color
0,-268339190,1,40,"null","null","null",30,22.31266,3.612829,-0.4410558,1.9384322,-2.3023262,-12486656
1,0,2,33,"null","null","null",20,22.31266,3.1323895,-0.6278835,3.164872,-1.1166763,-12486656
2,1,3,24,"null","null","null",16,22.31266,2.455721,-1.4749937,3.61413,-0.37199128,-12486656
3,2,4,21,"null","null","null",11,22.31266,1.5501313,-2.8440962,3.2826324,-0.59051806,-16731116
4,3,5,14,"null","null","null",9,22.31266,0.2994908,-3.508861,2.5859385,-1.198813,-16731116
5,4,6,11,"null","null","null",5,22.31266,0.54197526,-3.3444867,1.90941,-2.7339306,-16731116
6,5,7,10,"null","null","null",3,22.31266,0.6619251,-2.660818,0.75468683,-3.6840615,-16731116
7,6,8,9,"null","null","null",2,22.31266,1.2662508,-2.0763621,0.48397484,-3.8140655,-16731116
11,5,12,13,"null","null","null",2,22.31266,1.6917254,-2.1268115,3.5885534,-0.35959524,-16731116
14,4,15,20,"null","null","null",4,22.31266,2.3408198,-1.3545825,3.4508271,-0.76705074,-16731116
15,14,16,19,"null","null","null",3,22.31266,1.6917254,-2.7746282,3.1313143,-0.5755017,-16731116
16,15,17,18,"null","null","null",2,22.31266,0.5272785,-3.5245056,2.3807092,-0.665,-16731116
21,3,22,23,"null","null","null",2,22.31266,3.328405,-0.28912932,2.5945082,-1.4052775,-8572416
24,2,25,32,"null","null","null",5,22.31266,3.5280137,-0.67175174,1.9147071,-2.2381597,-12486656
25,24,26,31,"null","null","null",4,22.31266,3.0657108,-0.6167606,3.230979,-1.4052775,-12486656
26,25,27,30,"null","null","null",3,22.31266,2.3408198,-0.856262,3.8025498,-0.34808096,-11184866
27,26,28,29,"null","null","null",2,22.31266,1.6917254,-2.1268115,3.5885534,-0.5755017,-11184866
33,1,34,39,"null","null","null",4,22.31266,3.4068704,-1.0892006,0.33095652,-2.9070063,-12486656
34,33,35,38,"null","null","null",3,22.31266,3.7300863,-0.41857052,1.4251142,-2.2381597,-11184866
35,34,36,37,"null","null","null",2,22.31266,3.328405,-0.6167606,2.5945082,-1.4052775,-11184866
40,0,41,52,"null","null","null",10,22.31266,2.2793093,-2.0607436,0.5623976,-3.6238089,-12486656
41,40,42,49,"null","null","null",6,22.31266,3.4068704,-0.8706852,0.64591265,-3.0781698,-11184866
42,41,43,46,"null","null","null",4,22.31266,3.7300863,-0.41857052,1.4251142,-2.4606724,-12486656
43,42,44,45,"null","null","null",2,22.31266,3.328405,-0.6167606,2.5945082,-1.4052775,-12486656
46,42,47,48,"null","null","null",2,22.31266,1.0880251,-2.1365547,0.6001805,-3.8261662,-12486656
49,41,50,51,"null","null","null",2,22.31266,0.35782912,-2.7162104,0.9025978,-3.239983,-3014646
52,40,53,58,"null","null","null",4,22.31266,0.48358327,-3.405886,1.9383984,-2.6072884,-12486656
53,52,54,57,"null","null","null",3,22.31266,0.65809244,-2.7521262,0.8675197,-3.6251016,-11184866
54,53,55,56,"null","null","null",2,22.31266,1.0880251,-2.1365547,0.46288556,-3.8261662,-11184866
