index,parent,child1,child2,name1,name2,common,richness,lengthbr,hxmax,hxmin,hymax,hymin,color
0,-268413925,1,62,"null","null","null",33,28.826193,2.3458974,-2.120683,0.50423723,-3.48668,-16731116
1,0,2,53,"null","null","null",31,28.310757,3.3900387,-0.7673078,0.65274775,-2.8752604,-16731116
2,1,3,30,"null","null","null",26,26.860664,3.6128294,-0.44105524,1.8644058,-2.2438107,-16731116
3,2,4,19,"null","null","null",14,26.860664,3.1323915,-0.6278832,3.0686398,-1.1927514,-12486656
4,3,5,12,"null","null","null",8,17.143501,2.4557223,-1.6418946,3.4890308,-0.37199068,-16731116
5,4,6,11,"null","null","null",4,17.143501,1.600189,-3.0610695,3.1200047,-0.5905177,-12486656
6,5,7,10,"null","null","null",3,17.143501,0.4135974,-3.790929,2.374522,-0.66423035,-12486656
7,6,8,9,"null","null","null",2,17.143501,0.54197484,-3.7111773,1.8611662,-1.7914411,-11184866
12,4,13,18,"null","null","null",4,17.143501,3.528014,-0.6717526,1.8652952,-2.2381606,-16731116
13,12,14,17,"null","null","null",3,17.143501,3.0657115,-0.61676055,3.1667447,-1.4052784,-16731116
14,13,15,16,"null","null","null",2,17.143501,2.3408206,-0.65809166,3.7190466,-0.34808072,-16731116
19,3,20,29,"null","null","null",6,14.771769,3.2514293,-1.0892012,0.33095616,-3.0781703,-12486656
20,19,21,26,"null","null","null",5,14.771769,3.528014,-0.41857028,1.8652952,-2.4606729,-12486656
21,20,22,25,"null","null","null",3,14.771769,3.0657115,-0.61676055,3.1667447,-1.4052784,-12486656
22,21,23,24,"null","null","null",2,14.771769,2.3408206,-0.65809166,3.7190466,-0.34808072,-16731116
26,20,27,28,"null","null","null",2,14.771769,1.0880258,-2.1365545,0.60018086,-3.8261662,-12486656
30,2,31,42,"null","null","null",12,26.860664,2.1597385,-2.1051493,0.5623986,-3.492145,-16731116
31,30,32,39,"null","null","null",6,14.771769,3.2514293,-0.87068576,0.6459125,-2.9070072,-16731116
32,31,33,38,"null","null","null",4,14.771769,3.528014,-0.41857028,1.8652952,-2.2381606,-16731116
33,32,34,37,"null","null","null",3,14.771769,3.0657115,-0.61676055,3.1667447,-1.4052784,-16731116
34,33,35,36,"null","null","null",2,14.771769,2.3408206,-0.65809166,3.7190466,-0.34808072,-16731116
39,31,40,41,"null","null","null",2,14.771769,0.357829,-2.7162097,0.902598,-3.239984,-16731116
42,30,43,52,"null","null","null",6,14.771769,0.4835837,-3.505797,1.938399,-2.4870465,-16731116
43,42,44,51,"null","null","null",5,14.771769,0.6580924,-2.8820105,0.8675192,-3.4687881,-16731116
44,43,45,48,"null","null","null",4,14.771769,1.7924247,-2.3054044,0.46288565,-3.6229587,-16731116
45,44,46,47,"null","null","null",2,14.771769,2.8755677,-1.1971774,0.63761365,-3.108151,-16731116
48,44,49,50,"null","null","null",2,14.771769,0.5234808,-3.7907987,2.0102253,-1.4433522,-16731116
53,1,54,61,"","null","Colored Leaf Frogs",5,13.268659,0.7291279,-2.6608229,0.8857572,-3.436427,-16731116
54,53,55,60,"null","null","null",4,13.268659,2.3305707,-2.0763655,0.4839738,-3.492145,-12486656
55,54,56,59,"null","null","null",3,13.268659,3.4735112,-1.0892012,0.6459125,-2.9070072,-12486656
56,55,57,58,"null","null","null",2,13.268659,3.8167205,-0.41857028,0.73106873,-2.2381606,-12486656
62,0,63,64,"null","null","null",2,5.7145004,0.44286343,-3.7111778,1.8611681,-1.791438,-16731116
