index,parent,child1,child2,name1,name2,common,richness,lengthbr,hxmax,hxmin,hymax,hymin,color
0,-268378055,1,44,"null","null","null",23,50.87707,0.34807813,-3.6148462,2.340823,-1.3385665,-12486656
1,0,2,31,"null","null","null",22,50.87707,0.5754999,-3.3445463,1.6365008,-2.7538173,-12486656
2,1,3,22,"null","null","null",15,50.87707,0.9035089,-2.6579103,0.33849317,-3.497464,-12486656
3,2,4,15,"null","null","null",10,50.87707,2.4241421,-1.847547,0.5235952,-3.40589,-12486656
4,3,5,14,"null","null","null",6,50.87707,3.3870208,-0.8675283,0.658092,-2.752133,-12486656
5,4,6,13,"null","null","null",5,50.87707,3.516668,-0.4628839,2.1643786,-2.136559,-12486656
6,5,7,12,"null","null","null",4,50.87707,2.969976,-0.6376129,3.3591158,-1.197186,-16731116
7,6,8,11,"null","null","null",3,50.87707,2.2791777,-1.2371252,3.766149,-0.3955168,-16731116
8,7,9,10,"null","null","null",2,50.87707,1.5045863,-2.4441519,3.4248734,-0.6042881,-12486656
15,3,16,21,"null","null","null",4,50.87707,0.40148264,-3.2712283,1.7788414,-2.8520653,-12486656
16,15,17,20,"null","null","null",3,50.87707,0.66423047,-2.5607514,0.6411365,-3.7314637,-12486656
17,16,18,19,"null","null","null",2,50.87707,1.4433382,-2.010231,0.50423634,-3.7908013,-12486656
22,2,23,30,"null","null","null",5,50.87707,0.79509676,-3.507431,2.3612092,-1.3502465,-12486656
23,22,24,29,"null","null","null",4,50.87707,0.5592977,-3.2712283,1.7788414,-2.8520653,-12486656
24,23,25,28,"null","null","null",3,50.87707,0.66423047,-2.5607514,0.6411365,-3.7314637,-11184866
25,24,26,27,"null","null","null",2,50.87707,1.4433382,-2.010231,0.50423634,-3.7908013,-11184866
31,1,32,41,"null","null","null",7,50.87707,1.4209557,-2.859804,3.3383741,-0.27500063,-12486656
32,31,33,38,"null","null","null",5,50.87707,0.32387957,-3.424084,2.6735523,-1.177318,-12486656
33,32,34,37,"null","null","null",3,50.87707,0.55929744,-3.1628785,1.7788426,-2.6272595,-12486656
34,33,35,36,"null","null","null",2,50.87707,0.66423047,-2.4198966,0.6411383,-3.4392178,-12486656
38,32,39,40,"null","null","null",2,50.87707,2.3134434,-0.43901777,3.762607,-0.73706996,-12486656
41,31,42,43,"null","null","null",2,50.87707,3.2227073,-0.30319974,2.7384832,-1.3026869,-11184866
