index,parent,child1,child2,name1,name2,common,richness,lengthbr,hxmax,hxmin,hymax,hymin,color
0,-268361557,1,126,"HYPEROLIIDAE","null","African Wart Frogs, Reed Frogs, Midwife Frogs and more",195,32.1,2.969977,-0.6376128,3.3079314,-1.0214751,-16731116
1,0,2,125,"null","null","null",170,31.275448,2.2791781,-1.6694287,3.6996102,-0.39551657,-16731116
2,1,3,46,"null","null","null",169,31.24002,1.3808172,-3.006148,3.3383737,-0.60428786,-16731116
3,2,4,43,"null","null","null",129,29.62101,0.32387975,-3.6143308,2.6735516,-1.2211858,-16731116
4,3,5,38,"null","null","null",127,29.527533,0.5592977,-3.4101982,1.6207732,-2.6842864,-16731116
5,4,6,35,"","null","African Reed Frogs",124,29.384565,0.809901,-2.7414122,0.41482198,-3.5133512,-16731116
6,5,7,-268346368,"null","null","null",122,29.384565,2.3716173,-1.9934114,0.50423634,-3.507255,-16731116
7,6,-268347392,8,"null","null","null",76,29.384565,3.4234793,-0.8530656,0.6527475,-2.9020088,-16731116
8,7,9,28,"null","null","null",14,29.384565,0.59771144,-2.85377,0.88575804,-3.4965982,-16731116
9,8,10,25,"null","null","null",10,29.384565,2.159732,-2.216558,0.48397285,-3.5703716,-16731116
10,9,11,22,"null","null","null",8,29.384565,3.2514257,-0.87069225,0.64591223,-3.0087032,-16731116
11,10,12,17,"null","null","null",6,29.384565,3.5280137,-0.41856924,1.8652878,-2.3703632,-16731116
12,11,13,16,"null","null","null",3,29.384565,3.0657134,-0.61676,3.1667395,-1.405283,-16731116
13,12,14,15,"null","null","null",2,29.384565,2.3408217,-0.6580919,3.7190442,-0.34807962,-16731116
17,11,18,21,"null","null","null",3,29.384565,1.7924167,-2.136557,0.60018253,-3.622962,-16731116
18,17,19,20,"null","null","null",2,29.384565,2.8755617,-1.1971824,0.6376132,-3.1081567,-16731116
22,10,23,24,"null","null","null",2,29.384565,0.3578284,-2.716216,0.90259874,-3.2399788,-11513776
25,9,26,27,"null","null","null",2,29.384565,0.48358554,-3.7564592,1.9384025,-1.6186383,-12486656
28,8,29,32,"null","null","null",4,29.384565,0.844921,-3.7671347,2.7278,-0.39556128,-16731116
29,28,30,31,"null","null","null",2,29.384565,0.5235958,-3.7564592,1.9384025,-1.6186383,-16731116
32,28,33,34,"null","null","null",2,29.384565,2.361209,-0.41842067,3.6646867,-0.7950958,-16731116
35,5,36,37,"null","null","null",2,29.384565,0.8210864,-3.5997522,2.3745222,-0.40725175,-16731116
38,4,39,42,"","null","Midwife Frogs",3,6.675013,1.6001966,-2.9140034,3.1200056,-0.31738362,-12486656
39,38,40,41,"null","null","null",2,6.675013,0.41360754,-3.5997515,2.3745224,-0.66423047,-11184866
43,3,44,45,"null","null","null",2,4.2114644,2.313443,-0.4390179,3.7626073,-0.7370695,-16731116
46,2,47,102,"null","null","null",40,22.41311,3.1323972,-0.30319986,3.1734319,-1.1927615,-16731116
47,46,48,93,"","null","Banana Frogs",28,20.246004,2.4557276,-1.5047748,3.6252685,-0.3719888,-16731116
48,47,49,78,"null","null","null",23,20.246004,1.4333901,-2.8828216,3.297119,-0.59051645,-16731116
49,48,50,65,"null","null","null",15,20.246004,0.2994879,-3.5592165,2.6047692,-1.0522664,-12486656
50,49,51,64,"null","null","null",8,20.246004,0.541973,-3.4099584,1.8611743,-2.5434296,-16731116
51,50,52,61,"null","null","null",7,20.246004,0.72911596,-2.745932,0.4905138,-3.4364238,-16731116
52,51,53,60,"null","null","null",5,20.246004,2.3305597,-2.0763705,0.48397225,-3.4921474,-12486656
53,52,54,57,"null","null","null",4,20.246004,3.4735045,-0.8706966,0.645912,-2.9070122,-16731116
54,53,55,56,"null","null","null",2,20.246004,3.816719,-0.41856855,0.7310552,-2.238164,-16731116
57,53,58,59,"null","null","null",2,20.246004,0.35782802,-2.7162204,0.9025992,-3.239976,-12486656
61,51,62,63,"null","null","null",2,20.246004,0.8449216,-3.5244966,2.3807096,-0.3955609,-16731116
65,49,66,77,"null","null","null",7,20.246004,2.3408232,-1.3385656,3.4931822,-0.76705444,-12486656
66,65,67,76,"null","null","null",6,20.246004,1.6917368,-2.7538161,3.1863832,-0.57549983,-12486656
67,66,68,75,"null","null","null",5,20.246004,0.5272925,-3.4974637,2.452298,-1.0443802,-12486656
68,67,69,74,"null","null","null",4,20.246004,0.523595,-3.4058905,1.938406,-2.6072757,-12486656
69,68,70,73,"null","null","null",3,20.246004,0.658092,-2.7521336,0.8675292,-3.6250958,-12486656
70,69,71,72,"null","null","null",2,20.246004,1.0880096,-2.1365595,0.4628837,-3.8261666,-8572416
78,48,79,90,"null","null","null",8,20.246004,3.0657153,-0.28912765,2.9929948,-1.2878841,-16731116
79,78,80,89,"null","null","null",6,20.246004,2.3408232,-1.4981337,3.4931822,-0.34807825,-16731116
80,79,81,86,"null","null","null",5,20.246004,1.6749479,-2.9612546,3.1863832,-0.57549983,-16731116
81,80,82,85,"null","null","null",3,20.246004,0.5272925,-3.7671337,2.452298,-0.665,-12486656
82,81,83,84,"null","null","null",2,20.246004,0.523595,-3.7564616,1.938406,-1.6186303,-11184866
86,80,87,88,"null","null","null",2,20.246004,3.4248781,-0.27500108,2.4441447,-1.5045905,-16731116
90,78,91,92,"null","null","null",2,20.246004,2.875553,-1.1971891,0.31716055,-3.1081648,-16731116
93,47,94,99,"null","null","null",5,20.246004,3.5280135,-0.67175555,1.8652787,-2.4606798,-16731116
94,93,95,98,"null","null","null",3,20.246004,3.0657153,-0.6167594,3.1667323,-1.4052889,-12486656
95,94,96,97,"null","null","null",2,20.246004,2.3408232,-0.65809214,3.7190409,-0.34807825,-12486656
99,93,100,101,"null","null","null",2,20.246004,1.0880071,-2.1365602,0.6001843,-3.826167,-16731116
102,46,103,124,"null","null","null",12,15.097941,3.2514224,-1.0892109,0.3309551,-3.078179,-16731116
103,102,104,121,"","null","Madagascan Reed Frogs",11,14.569273,3.5280135,-0.4185683,1.7065692,-2.4606798,-16731116
104,103,105,114,"null","null","null",9,14.569273,3.0657153,-0.6167594,2.9604099,-1.2264677,-16731116
105,104,106,113,"null","null","null",5,14.569273,2.3408232,-1.3545606,3.4508219,-0.34807825,-16731116
106,105,107,110,"null","null","null",4,14.569273,1.6749479,-2.7746098,3.1313152,-0.57549983,-16731116
107,106,108,109,"null","null","null",2,14.569273,0.5272925,-3.5244956,2.3807096,-0.665,-16731116
110,106,111,112,"null","null","null",2,14.569273,3.4248781,-0.27500108,2.4441447,-1.5045905,-12486656
114,104,115,120,"null","null","null",4,14.569273,3.3591156,-1.1971891,0.31716055,-2.9699779,-16731116
115,114,116,119,"null","null","null",3,14.569273,3.7661514,-0.39551616,1.2371173,-2.2791789,-16731116
116,115,117,118,"null","null","null",2,14.569273,3.4248781,-0.6042876,2.4441447,-1.5045905,-16731116
121,103,122,123,"null","null","null",2,14.569273,1.0880071,-2.1365602,0.6001843,-3.826167,-16731116
126,0,127,168,"null","null","null",25,19.557436,3.325273,-0.9169632,0.37394214,-2.8752675,-16731116
127,126,128,161,"null","null","null",21,18.498089,3.52864,-0.44105384,1.9801558,-2.2438169,-16731116
128,127,129,154,"null","null","null",17,17.214205,3.0229478,-0.6278825,3.2191222,-1.1166879,-16731116
129,128,130,153,"","null","Running Frogs",13,15.5842705,2.3134432,-1.5425322,3.684666,-0.3719888,-16731116
130,129,131,152,"null","null","null",12,15.5842705,1.6001978,-2.931906,3.3743355,-0.59051645,-16731116
131,130,132,149,"null","null","null",11,15.5842705,0.2994879,-3.6230264,2.7051508,-1.0522664,-16731116
132,131,133,146,"null","null","null",9,15.5842705,0.541973,-3.492911,1.9094243,-2.5434296,-16731116
133,132,134,141,"null","null","null",7,15.5842705,0.72911596,-2.8537707,0.52233005,-3.4364238,-16731116
134,133,135,140,"null","null","null",4,15.5842705,2.3305597,-2.0763705,0.48397225,-3.4921474,-16731116
135,134,136,139,"null","null","null",3,15.5842705,3.4735045,-1.0892096,0.645912,-2.9070122,-16731116
136,135,137,138,"null","null","null",2,15.5842705,3.816719,-0.41856855,0.7310552,-2.238164,-12486656
141,133,142,145,"null","null","null",3,15.5842705,0.8449216,-3.7671342,2.4522963,-0.3955609,-16731116
142,141,143,144,"null","null","null",2,15.5842705,0.5235953,-3.756461,1.9384048,-1.6186329,-12486656
146,132,147,148,"null","null","null",2,15.5842705,1.691736,-2.1267915,3.5885625,-0.3596006,-16731116
149,131,150,151,"null","null","null",2,15.5842705,2.3408232,-0.4290229,3.7190409,-0.76705444,-16731116
154,128,155,160,"null","null","null",4,17.214205,3.4068675,-1.0892109,0.3309551,-2.9070132,-16731116
155,154,156,159,"null","null","null",3,6.675013,3.7300918,-0.4185683,1.4250932,-2.2381644,-16731116
156,155,157,158,"","null","Common Striped Frogs",2,4.2114644,3.328417,-0.6167594,2.594491,-1.4052889,-16731116
161,127,162,167,"","null","African Striped Frogs",4,8.422929,2.3305588,-2.0763707,0.56240135,-3.492148,-16731116
162,161,163,166,"null","null","null",3,8.422929,3.4735038,-1.0892109,0.645912,-2.9070132,-16731116
163,162,164,165,"null","null","null",2,8.422929,3.816719,-0.4185683,0.7310512,-2.2381644,-12486656
168,126,169,174,"null","null","null",4,8.422929,0.45198965,-2.6608305,0.8857584,-3.4827127,-12486656
169,168,170,173,"null","null","null",3,6.675013,1.9702954,-2.0763707,0.4839723,-3.5523229,-12486656
170,169,171,172,"","null","African Wart Frogs",2,4.2114644,3.0051613,-1.0892109,0.645912,-2.9852405,-16731116
