index,parent,child1,child2,name1,name2,common,richness,lengthbr,hxmax,hxmin,hymax,hymin,color
0,-268339103,1,56,"null","null","null",30,20.572578,0.29949018,-3.5017514,2.7051485,-1.0751622,-16731116
1,0,2,51,"null","null","null",28,20.572578,0.54197484,-3.3352463,1.7061949,-2.5731864,-12486656
2,1,3,50,"null","null","null",25,20.572578,0.661925,-2.6488056,0.75469065,-3.475097,-12486656
3,2,4,35,"null","null","null",24,20.572578,2.1597397,-2.0607436,0.483974,-3.5424151,-12486656
4,3,5,30,"null","null","null",16,20.572578,3.25143,-0.8866478,0.64591265,-2.9723577,-12486656
5,4,6,21,"null","null","null",13,20.572578,3.5280137,-0.41857052,1.828113,-2.3231168,-12486656
6,5,7,20,"null","null","null",8,20.572578,3.0657108,-0.6167606,3.1184065,-1.4052775,-12486656
7,6,8,19,"null","null","null",7,20.572578,2.3408198,-1.4981518,3.6562057,-0.34808096,-12486656
8,7,9,16,"null","null","null",6,20.572578,1.6749322,-2.961268,3.3983064,-0.5755017,-12486656
9,8,10,13,"null","null","null",4,20.572578,0.33848423,-3.7671375,2.7277985,-0.665,-12486656
10,9,11,12,"null","null","null",2,20.572578,0.52359736,-3.7564564,1.9383965,-1.6186526,-11184866
13,9,14,15,"null","null","null",2,20.572578,2.361207,-0.41842157,3.6646912,-0.79509366,-16731116
16,8,17,18,"null","null","null",2,20.572578,3.4248662,-0.27500144,2.4441638,-1.5045791,-11184866
21,5,22,27,"null","null","null",5,20.572578,2.1815863,-2.3054051,0.6001805,-3.5166664,-16731116
22,21,23,26,"null","null","null",3,20.572578,3.3814778,-1.1971784,0.6376136,-2.9699712,-16731116
23,22,24,25,"null","null","null",2,20.572578,3.7952118,-0.3955186,0.6459114,-2.2791743,-12486656
27,21,28,29,"null","null","null",2,20.572578,0.52348095,-3.7907996,2.0102258,-1.4433501,-16731116
30,4,31,34,"null","null","null",3,20.572578,0.35782912,-2.7521262,0.9025978,-3.6251016,-12486656
31,30,32,33,"null","null","null",2,20.572578,1.0880251,-2.1365547,0.46288556,-3.8261662,-11184866
35,3,36,45,"null","null","null",8,20.572578,0.48358327,-3.405886,1.799379,-2.4241524,-16731116
36,35,37,44,"null","null","null",5,20.572578,0.65809244,-2.7521262,0.8675197,-3.3870246,-16731116
37,36,38,43,"null","null","null",4,20.572578,2.1815863,-2.1365547,0.46288556,-3.5166664,-16731116
38,37,39,42,"null","null","null",3,20.572578,3.3814778,-1.1971784,0.6376136,-2.9699712,-16731116
39,38,40,41,"null","null","null",2,20.572578,3.7952118,-0.3955186,0.6459114,-2.2791743,-16731116
45,35,46,49,"null","null","null",3,20.572578,1.7788337,-2.6272755,3.162866,-0.40147883,-11184866
46,45,47,48,"null","null","null",2,20.572578,0.64112616,-3.439227,2.4198804,-0.6642306,-12486656
51,1,52,55,"null","null","null",3,20.572578,1.6917262,-2.7746265,3.1313148,-0.35959634,-16731116
52,51,53,54,"null","null","null",2,20.572578,0.5272789,-3.524505,2.3807096,-0.665,-16731116
56,0,57,58,"null","null","null",2,20.572578,2.3408206,-0.42902395,3.7190466,-0.76705146,-16731116
