index,parent,child1,child2,name1,name2,common,richness,lengthbr,hxmax,hxmin,hymax,hymin,color
0,-1,1,99,"","null","Amphibians",5713,371.0,2.7787893,-1.6221453,0.275,-3.3982816,-12486656
1,0,2,83,"null","null","null",5565,358.4,3.529926,-0.4619156,0.9343947,-2.727766,-12486656
2,1,3,72,"Salientia","null","Frogs and Toads",5033,237.4,3.44809,-0.52359533,2.4642932,-1.8475478,-12486656
3,2,4,60,"null","null","null",5027,228.0,2.806993,-0.658092,3.4392173,-0.6277604,-12486656
4,3,5,19,"null","null","null",4996,226.1,2.2078767,-2.082432,3.5845242,-0.46288377,-12486656
5,4,6,-268367872,"null","null","null",4975,215.70001,1.0214758,-3.2525866,3.0581892,-0.6376127,-12486656
6,5,7,8,"Neobatrachia","null","Neobatrachia 'New Frogs'",4834,160.90001,0.39551646,-3.6276627,2.393854,-1.6552858,-12486656
7,6,-268433408,-268361728,"null","null","null",4828,155.3,0.60428786,-3.2448416,1.4035679,-2.9877622,-12486656
8,6,9,16,"","null","Ghost Frogs",6,33.973274,2.3868923,-2.0426822,3.5286398,-0.6366832,-12486656
9,8,10,15,"null","null","null",4,33.973274,1.302686,-3.300406,3.0229473,-0.62788254,-12486656
10,9,11,14,"null","null","null",3,33.973274,0.37198886,-3.7903347,2.3134427,-1.0472546,-12486656
11,10,12,13,"null","null","null",2,33.973274,0.59051657,-3.511704,1.6001961,-2.2880442,-11184866
16,8,17,18,"null","null","null",2,33.973274,3.8140678,-0.56240124,1.2662275,-2.0763705,-11184866
19,4,20,41,"null","null","null",21,194.90001,3.5713453,-0.5234846,2.2960713,-2.023681,-12486656
20,19,21,32,"ALYTIDAE","null","Disc-Tongued Frogs",11,146.1,2.9853268,-0.65274733,3.3252718,-0.76731753,-16731116
21,20,22,29,"null","null","null",6,109.1691,2.3868933,-2.0426803,3.5286398,-0.44105357,-16731116
22,21,23,28,"null","null","null",4,109.1691,1.3026873,-3.3004048,3.022948,-0.62788236,-16731116
23,22,24,27,"null","null","null",3,109.1691,0.3719885,-3.7903347,2.3134432,-1.0472516,-16731116
24,23,25,26,"null","null","null",2,109.1691,0.5905163,-3.5117054,1.6001976,-2.2880418,-16731116
29,21,30,31,"null","null","null",2,109.1691,3.8140678,-0.56240183,1.2662247,-2.0763712,-16731116
32,20,33,40,"null","null","null",5,98.06053,3.4364238,-0.88575864,0.7291132,-2.6608315,-12486656
33,32,34,39,"null","null","null",4,98.06053,3.4921482,-0.48397207,2.3305569,-2.0763712,-12486656
34,33,35,38,"null","null","null",3,98.06053,2.907014,-0.6459119,3.4735026,-1.0892122,-16731116
35,34,36,37,"null","null","null",2,98.06053,2.238165,-0.7310497,3.8167186,-0.41856802,-16731116
41,19,42,57,"BOMBINATORIDAE","null","Fire-bellied Toads",10,9.8,2.5434296,-1.9094241,0.44286627,-3.4929113,-12486656
42,41,43,52,"null","null","null",8,8.850282,3.4364238,-0.52233154,0.7291132,-2.8537712,-12486656
43,42,44,51,"null","null","null",5,6.849906,3.4921482,-0.48397207,2.3305569,-2.0763712,-12486656
44,43,45,48,"null","null","null",4,6.849906,2.907014,-0.6459119,3.4735026,-0.87070066,-16731116
45,44,46,47,"null","null","null",2,6.849906,2.238165,-0.7310497,3.8167186,-0.41856802,-12486656
48,44,49,50,"null","null","null",2,6.849906,3.2399716,-0.9025996,0.3578277,-2.7162256,-16731116
52,42,53,56,"null","null","null",3,4.6757884,0.3955608,-2.4522984,0.8449218,-3.7671342,-16777216
53,52,54,55,"null","null","null",2,4.6757884,1.6186283,-1.9384066,0.523595,-3.756462,-16777216
57,41,58,59,"null","null","null",2,2.950094,0.3596006,-3.588562,1.691736,-2.1267917,-11184866
60,3,61,71,"","null","Burrowing Toad, Surinam Toads and more",31,189.4,3.5626504,-0.8665072,0.8142983,-2.5203583,-16731116
61,60,-268365824,62,"PIPIDAE","null","null",30,121.399994,3.5713453,-0.50423604,2.3773348,-1.9577187,-16731116
62,61,63,70,"null","null","null",5,57.44617,2.5790365,-1.8611743,0.44286627,-3.3444963,-16731116
63,62,64,69,"","null","African Dwarf Frogs",4,49.481438,3.4827127,-0.7547017,0.6619247,-2.6608315,-16731116
64,63,65,68,"null","null","null",3,49.481438,3.5523238,-0.48397207,1.9702932,-2.0763712,-16731116
65,64,66,67,"null","null","null",2,49.481438,2.9852421,-0.6459119,3.0051599,-1.0892122,-11513776
72,2,73,80,"LEIOPELMATIDAE","null","null",6,197.1,2.6626253,-1.7948626,0.40148264,-3.2712297,-12486656
73,72,74,79,"","null","New Zealand and North American Primitive Frogs",4,48.9,3.4851923,-0.64113855,0.66423047,-2.5607536,-11184866
74,73,75,78,"null","null","null",3,38.752335,3.4706497,-0.50423604,2.143396,-2.0102324,-8572416
75,74,76,77,"null","null","null",2,24.45,2.8544223,-0.65274733,3.1267939,-0.97918046,-11184866
80,72,81,82,"","null","Tailed Frogs",2,9.2,0.31738394,-3.5117054,1.6001972,-2.2880425,-16731116
83,1,84,-268434432,"Caudata","null","Salamanders and Newts",532,246.4,1.2178401,-2.6389108,0.7950965,-3.6646075,-12486656
84,83,85,-268364800,"null","null","null",483,211.3,2.6799371,-1.7146466,0.5592977,-3.4755578,-12486656
85,84,86,92,"null","null","null",369,163.1,3.5076976,-0.561769,0.7901093,-2.8263798,-12486656
86,85,-268378112,87,"null","null","null",365,152.0,3.4999065,-0.50423604,2.345889,-1.9270728,-12486656
87,86,88,91,"null","null","null",3,28.303724,2.4725273,-1.8611743,0.44286627,-3.275543,-16731116
88,87,89,90,"null","null","null",2,28.303724,3.344251,-0.7547017,0.6619247,-2.5711923,-16731116
92,85,93,96,"","null","Torrent Salamanders",4,38.252815,0.47380126,-2.7051506,0.82108676,-3.7909276,-12486656
93,92,94,95,"null","null","null",2,38.252815,1.7914244,-1.8611743,0.5419732,-3.711182,-16731116
96,92,97,98,"null","null","null",2,38.252815,0.7670542,-3.7190413,2.340823,-0.42902297,-12486656
99,0,100,158,"Gymnophiona","null","Caecilians",148,220.70001,0.275,-3.3060768,1.4246843,-3.0006707,-16731116
100,99,101,148,"null","null","null",139,190.80002,1.2275835,-2.631566,0.32387993,-3.6072094,-16731116
101,100,102,131,"CAECILIIDAE","null","Common Caecilians",95,157.20001,2.692603,-1.7338085,0.55929774,-3.4009402,-16731116
102,101,103,-268362752,"null","null","null",86,149.20001,3.5241628,-0.50878686,0.8246689,-2.7293768,-16731116
103,102,-268368896,104,"null","null","null",47,63.4,3.5213108,-0.5042362,2.390816,-1.9945861,-16731116
104,103,105,128,"null","null","null",14,50.6,2.5434303,-1.9094231,0.44286597,-3.4274492,-16731116
105,104,106,121,"null","null","null",12,50.6,3.436424,-0.52233076,0.6896846,-2.76867,-16731116
106,105,107,118,"null","null","null",8,39.8702,3.492148,-0.48397225,2.279299,-2.216562,-16731116
107,106,108,113,"null","null","null",6,39.8702,2.9070134,-0.64591193,3.4068668,-0.8866597,-16731116
108,107,109,112,"null","null","null",3,39.8702,2.2381644,-1.4250932,3.7300913,-0.4185682,-16731116
109,108,110,111,"null","null","null",2,39.8702,1.4052893,-2.5944912,3.3284168,-0.6167594,-16731116
113,107,114,117,"null","null","null",3,39.8702,3.6250954,-0.90259945,0.3578278,-2.7521348,-11513776
114,113,115,116,"null","null","null",2,39.8702,3.8261669,-0.46288353,1.088006,-2.1365604,-11513776
118,106,119,120,"null","null","null",2,39.8702,1.6186295,-1.938406,0.4835871,-3.7564616,-11513776
121,105,122,127,"null","null","null",4,50.6,0.8164972,-2.4522977,0.8449216,-3.476216,-16731116
122,121,123,126,"null","null","null",3,21.064257,2.311027,-1.938406,0.5235951,-3.3782682,-16731116
123,122,124,125,"null","null","null",2,21.064257,3.2399726,-0.8675306,0.658092,-2.7162244,-16731116
128,104,129,130,"null","null","null",2,50.6,0.35960028,-3.5885615,1.6917354,-2.1267931,-16731116
131,101,132,145,"null","null","null",9,99.0,0.31738362,-3.374335,1.5501443,-2.844088,-16731116
132,131,133,142,"null","null","null",7,87.67657,1.1987963,-2.7051506,0.29948825,-3.5088615,-12486656
133,132,134,139,"null","null","null",5,87.67657,2.7339168,-1.9094224,0.54197335,-3.3444955,-11184866
134,133,135,138,"null","null","null",3,87.67657,3.6840553,-0.7546998,0.6619247,-2.6608303,-11184866
135,134,136,137,"null","null","null",2,87.67657,3.8140678,-0.48397237,1.2662275,-2.0763705,-16731116
139,133,140,141,"null","null","null",2,87.67657,0.35959998,-3.588561,1.6917348,-2.1267943,-11513776
142,132,143,144,"null","null","null",2,87.67657,0.7670539,-3.7190423,2.3408225,-0.4290231,-16731116
145,131,146,147,"null","null","null",2,31.231022,1.405287,-2.5944939,3.328415,-0.28912786,-16731116
148,100,-268363776,149,"ICHTHYOPHIIDAE","null","Asiatic Tailed Caecilians",44,73.6,0.73706937,-3.66814,2.4557266,-1.5005715,-16731116
149,148,150,157,"","null","Indian Caecilians",5,39.6,2.2381637,-1.9146954,3.5280135,-0.671755,-11513776
150,149,151,156,"null","null","null",4,39.6,1.4052868,-3.2309723,3.0657146,-0.61675966,-11513776
151,150,152,155,"null","null","null",3,39.6,0.34807873,-3.8025508,2.3408225,-0.8562428,-11513776
152,151,153,154,"null","null","null",2,39.6,0.5755002,-3.5885608,1.6917344,-2.1267946,-11513776
158,99,159,174,"RHINATREMATIDAE","null","Neotropical Tailed Caecilians",9,147.90001,1.3026851,-3.0686326,3.2310994,-0.30319995,-16731116
159,158,160,171,"null","null","null",8,139.97177,0.371989,-3.4890285,2.5840406,-1.6418836,-16731116
160,159,161,166,"null","null","null",6,139.97177,0.59051657,-3.1200058,1.4333887,-3.061062,-16731116
161,160,162,165,"null","null","null",3,139.97177,0.66423047,-2.3745227,0.41360688,-3.7909276,-11513776
162,161,163,164,"null","null","null",2,139.97177,1.7914269,-1.8611732,0.54197335,-3.7111814,-11513776
166,160,167,170,"null","null","null",3,139.97177,1.405287,-3.1667345,3.0657148,-0.28912786,-16731116
167,166,168,169,"null","null","null",2,139.97177,0.34807867,-3.7190418,2.3408225,-0.658092,-16731116
171,159,172,173,"null","null","null",2,139.97177,2.2381637,-0.7310539,3.8167195,-0.67175514,-16731116
