index,parent,child1,child2,name1,name2,common,richness,lengthbr,hxmax,hxmin,hymax,hymin,color
0,-268433399,1,80,"null","null","null",52,31.48099,3.0093756,-0.64591235,3.3785942,-0.9443795,-12486656
1,0,2,57,"null","null","null",40,31.48099,2.3712378,-1.8495896,3.6933317,-0.41856945,-12486656
2,1,3,44,"null","null","null",28,31.48099,1.311008,-3.1463308,3.2806263,-0.61676013,-12486656
3,2,4,39,"null","null","null",21,31.48099,0.34807986,-3.692512,2.620209,-1.3840528,-12486656
4,3,5,36,"null","null","null",18,31.48099,0.57550097,-3.4455075,1.6749371,-2.8129432,-12486656
5,4,6,29,"null","null","null",16,31.48099,0.9035172,-2.7891603,0.47730732,-3.5743203,-12486656
6,5,7,24,"null","null","null",12,31.48099,2.4241488,-1.7993846,0.5235962,-3.5057988,-12486656
7,6,8,23,"null","null","null",9,31.48099,3.3870237,-0.86752254,0.65809226,-2.8820133,-12486656
8,7,9,20,"null","null","null",8,31.48099,3.516667,-0.46288514,2.015655,-2.3054068,-12486656
9,8,10,17,"null","null","null",6,31.48099,2.9699726,-0.6376134,3.1657696,-1.0122006,-12486656
10,9,11,16,"null","null","null",4,31.48099,2.2791753,-1.6992375,3.5147934,-0.39551812,-16731116
11,10,12,15,"null","null","null",3,31.48099,1.504581,-3.0448925,3.0981078,-0.6042888,-16731116
12,11,13,14,"null","null","null",2,31.48099,0.32388172,-3.66469,2.3612075,-0.6619245,-16731116
17,9,18,19,"null","null","null",2,31.48099,3.126803,-0.9791728,0.3445297,-2.8544118,-12486656
20,8,21,22,"null","null","null",2,31.48099,1.4433452,-2.0102282,0.5234818,-3.7908,-8572416
24,6,25,28,"null","null","null",3,31.48099,0.40148032,-3.1628723,1.7788366,-2.6272693,-11184866
25,24,26,27,"null","null","null",2,31.48099,0.6642305,-2.4198883,0.6411318,-3.4392228,-11184866
29,5,30,33,"null","null","null",4,31.48099,0.7950952,-3.8027492,2.6735497,-0.6648505,-11513776
30,29,31,32,"null","null","null",2,31.48099,0.55929863,-3.655138,1.7788366,-1.9610461,-11513776
33,29,34,35,"null","null","null",2,31.48099,2.3134413,-0.43901843,3.76261,-0.7370677,-11513776
36,4,37,38,"null","null","null",2,31.48099,1.5045818,-2.444159,3.4248688,-0.2750008,-8572416
39,3,40,43,"null","null","null",3,31.48099,2.279176,-1.237134,3.7661476,-0.70525956,-11184866
40,39,41,42,"null","null","null",2,31.48099,1.5045818,-2.444159,3.4248688,-0.6042887,-11184866
44,2,45,54,"null","null","null",7,31.48099,3.1602058,-0.31716147,3.1657689,-1.0122011,-16731116
45,44,46,51,"null","null","null",5,31.48099,2.5264778,-1.6992357,3.5147934,-0.3955179,-16731116
46,45,47,50,"null","null","null",3,31.48099,1.5045818,-3.0448914,3.0981085,-0.6042887,-16731116
47,46,48,49,"null","null","null",2,31.48099,0.32388148,-3.6646893,2.3612084,-0.66192454,-16731116
51,45,52,53,"null","null","null",2,31.48099,3.8270519,-0.6366811,0.9093958,-2.1905582,-16731116
54,44,55,56,"null","null","null",2,31.48099,3.1268032,-0.9791716,0.34452954,-2.8544111,-11184866
57,1,58,75,"null","null","null",12,31.48099,3.6249313,-0.6001822,2.0156538,-2.1631153,-11184866
58,57,59,72,"null","null","null",9,31.48099,3.1107163,-0.6376133,3.1657689,-1.0122011,-11184866
59,58,60,67,"null","null","null",7,31.48099,2.4621415,-1.6992357,3.5147934,-0.3955179,-11184866
60,59,61,64,"null","null","null",4,31.48099,1.4209446,-3.0448914,3.0981085,-0.6042887,-8572416
61,60,62,63,"null","null","null",2,31.48099,0.32388148,-3.6646893,2.3612084,-0.66192454,-8572416
64,60,65,66,"null","null","null",2,31.48099,3.222697,-0.30320084,2.7384958,-1.3026779,-8572416
67,59,68,71,"null","null","null",3,31.48099,3.6822953,-0.6366811,1.6104487,-2.1905582,-11184866
68,67,69,70,"null","null","null",2,31.48099,3.222697,-0.6278832,2.7384958,-1.3026779,-11184866
72,58,73,74,"null","null","null",2,31.48099,3.1268032,-0.9791716,0.34452954,-2.8544111,-16731116
75,57,76,79,"null","null","null",3,31.48099,2.1434085,-2.010228,0.5234822,-3.470642,-11184866
76,75,77,78,"null","null","null",2,31.48099,3.1268032,-0.9791716,0.65274775,-2.8544111,-11184866
80,0,81,94,"null","null","null",12,31.48099,3.3870234,-0.9025985,0.44187915,-2.8820143,-11184866
81,80,82,91,"null","null","null",7,31.48099,3.5166674,-0.4628849,2.0156538,-2.3054075,-11184866
82,81,83,90,"null","null","null",5,31.48099,2.9699736,-0.6376133,3.1657689,-1.1971812,-12486656
83,82,84,89,"null","null","null",4,31.48099,2.279176,-1.6992357,3.5147934,-0.3955179,-12486656
84,83,85,88,"null","null","null",3,31.48099,1.5045818,-3.0448914,3.0981085,-0.6042887,-12486656
85,84,86,87,"null","null","null",2,31.48099,0.32388148,-3.6646893,2.3612084,-0.66192454,-16731116
91,81,92,93,"null","null","null",2,31.48099,1.443346,-2.010228,0.5234822,-3.7907999,-11184866
94,80,95,100,"null","null","null",5,31.48099,0.63435805,-2.741412,0.8665061,-3.4851902,-11184866
95,94,96,99,"null","null","null",3,31.48099,2.1434085,-2.010228,0.50423723,-3.470642,-12486656
96,95,97,98,"null","null","null",2,31.48099,3.1268032,-0.9791716,0.65274775,-2.8544111,-12486656
100,94,101,102,"null","null","null",2,31.48099,0.8210852,-3.5997555,2.3745217,-0.40725225,-8572416
