index,parent,child1,child2,name1,name2,common,richness,lengthbr,hxmax,hxmin,hymax,hymin,color
0,-268345338,1,40,"null","null","null",27,22.82215,2.3908234,-1.9577118,0.5234818,-3.5025048,-11184866
1,0,2,25,"null","null","null",20,22.82215,3.448443,-0.76730907,0.65274775,-2.8958325,-11184866
2,1,3,18,"null","null","null",12,22.82215,3.6887553,-0.44105512,1.8644047,-2.270554,-11184866
3,2,4,13,"null","null","null",8,22.822151,3.2310948,-0.6278832,3.0686388,-1.1166797,-11184866
4,3,5,10,"null","null","null",5,22.822151,2.5840368,-1.5287743,3.48903,-0.37199056,-8572416
5,4,6,9,"null","null","null",3,5.037982,1.6001897,-2.9140136,3.1200042,-0.59051764,-8572416
6,5,7,8,"null","null","null",2,5.037982,0.4135989,-3.5997567,2.3745215,-0.66423035,-8572416
10,4,11,12,"null","null","null",2,3.1786127,3.8167202,-0.67175275,0.73106515,-2.238161,-8572416
13,3,14,17,"null","null","null",3,5.037982,3.4735096,-1.0892038,0.3309561,-2.9070082,-11184866
14,13,15,16,"null","null","null",2,5.037982,3.8167202,-0.4185698,0.73106515,-2.238161,-11184866
18,2,19,22,"null","null","null",4,6.3572254,1.9703064,-2.216556,0.5623988,-3.5523171,-12486656
19,18,20,21,"null","null","null",2,6.3572254,3.0051699,-1.0892038,0.6459124,-2.9852314,-16731116
22,18,23,24,"null","null","null",2,6.3572254,0.48358452,-3.7564592,1.9384005,-1.6186413,-12486656
25,1,26,39,"null","null","null",8,22.82215,0.59771526,-2.660825,0.8857573,-3.4364262,-11184866
26,25,27,38,"null","null","null",7,22.82215,2.1597354,-2.076367,0.48397338,-3.4921455,-11184866
27,26,28,37,"null","null","null",6,8.216595,3.2514277,-1.0892038,0.6459124,-2.9070082,-11184866
28,27,29,36,"null","null","null",5,8.216595,3.5280137,-0.4185698,1.9147029,-2.238161,-8572416
29,28,30,35,"null","null","null",4,8.216595,3.065712,-0.6167603,3.2309766,-1.4052806,-8572416
30,29,31,34,"null","null","null",3,8.216595,2.3408208,-0.85625637,3.8025498,-0.34808022,-8572416
31,30,32,33,"null","null","null",2,8.216595,1.6917281,-2.1268067,3.5885556,-0.5755012,-8572416
40,0,41,52,"null","null","null",7,22.82215,0.44286364,-3.3444917,1.8611686,-2.5434372,-16777036
41,40,42,51,"null","null","null",6,22.82215,0.7291248,-2.660825,0.7546941,-3.4364262,-16777036
42,41,43,50,"null","null","null",5,7.38051,2.3305678,-2.076367,0.48397338,-3.4921455,-16777036
43,42,44,47,"null","null","null",4,7.38051,3.4735096,-0.8706895,0.6459124,-2.9070082,-16777036
44,43,45,46,"null","null","null",2,7.38051,3.8167202,-0.4185698,0.73106515,-2.238161,-16777036
47,43,48,49,"null","null","null",2,7.38051,0.35782874,-2.7162147,0.90259826,-3.23998,-16777036
