index,parent,child1,child2,name1,name2,common,richness,lengthbr,hxmax,hxmin,hymax,hymin,color
0,-268392402,1,46,"null","null","null",24,30.030687,2.2960806,-2.010228,0.50423723,-3.48668,-8572416
1,0,2,39,"null","null","null",23,30.030687,3.3252769,-0.7673078,0.65274775,-2.8752604,-8572416
2,1,3,30,"null","null","null",19,30.030687,3.528639,-0.44105524,1.980167,-2.2438107,-8572416
3,2,4,27,"null","null","null",14,30.030687,3.022944,-0.6278832,3.2191296,-1.151444,-8572416
4,3,5,26,"null","null","null",12,30.030687,2.3134408,-1.4749908,3.6846676,-0.37199068,-8572416
5,4,6,19,"null","null","null",11,30.030687,1.4333808,-2.8440948,3.374333,-0.5905177,-8572416
6,5,7,16,"null","null","null",7,30.030687,0.29949018,-3.5088618,2.7051485,-1.0796683,-16777216
7,6,8,15,"null","null","null",5,30.030687,0.54197484,-3.3444898,1.8611662,-2.579044,-16777216
8,7,9,14,"null","null","null",4,30.030687,0.661925,-2.6608222,0.75469065,-3.482712,-16777216
9,8,10,13,"null","null","null",3,30.030687,1.9703119,-2.076365,0.483974,-3.5523148,-16777216
10,9,11,12,"null","null","null",2,30.030687,3.0051737,-1.0892006,0.64591265,-2.9852276,-16777216
16,6,17,18,"null","null","null",2,30.030687,2.3408206,-0.42902395,3.7190466,-0.76705146,-16777216
19,5,20,25,"null","null","null",4,30.030687,3.0657115,-0.28912896,3.230978,-1.4052784,-8572416
20,19,21,24,"null","null","null",3,30.030687,2.3408206,-0.85626006,3.8025498,-0.34808072,-8572416
21,20,22,23,"null","null","null",2,30.030687,1.6917262,-2.1268098,3.5885544,-0.57550156,-8572416
27,3,28,29,"null","null","null",2,30.030687,3.0051725,-1.0892012,0.33095616,-2.9852285,-3014646
30,2,31,36,"null","null","null",5,30.030687,2.3305707,-2.2165542,0.5623986,-3.492145,-3014646
31,30,32,35,"null","null","null",3,30.030687,3.4735112,-1.0892012,0.6459125,-2.9070072,-3014646
32,31,33,34,"null","null","null",2,30.030687,3.8167205,-0.41857028,0.73106873,-2.2381606,-3014646
36,30,37,38,"null","null","null",2,30.030687,0.4835837,-3.7564578,1.938399,-1.6186463,-16777216
39,1,40,45,"null","null","null",4,30.030687,0.45200443,-2.6608229,0.8857572,-3.4827118,-3014646
40,39,41,44,"null","null","null",3,30.030687,1.9703102,-2.0763655,0.4839738,-3.5523152,-3014646
41,40,42,43,"null","null","null",2,30.030687,3.0051725,-1.0892012,0.6459125,-2.9852285,-16777216
