index,parent,child1,child2,name1,name2,common,richness,lengthbr,hxmax,hxmin,hymax,hymin,color
0,-268345253,1,78,"null","null","null",46,22.82215,3.3252766,-0.91696227,0.3445297,-2.9020042,-11184866
1,0,2,49,"null","null","null",39,22.82215,3.528639,-0.44105512,1.8644047,-2.2785776,-11184866
2,1,3,30,"null","null","null",24,22.82215,3.0229437,-0.6278832,3.0686388,-1.1618762,-11184866
3,2,4,29,"null","null","null",14,22.82215,2.3134403,-1.542546,3.48903,-0.37199056,-11184866
4,3,5,28,"null","null","null",13,22.82215,1.6001897,-2.931917,3.1200042,-0.59051764,-11184866
5,4,6,27,"null","null","null",12,22.82215,0.4135989,-3.623031,2.3745215,-1.1122096,-11184866
6,5,7,26,"null","null","null",11,22.82215,0.5419747,-3.49291,1.8611665,-2.6213481,-11184866
7,6,8,19,"null","null","null",10,22.82215,0.689698,-2.8537683,0.64476854,-3.5377078,-11184866
8,7,9,18,"null","null","null",6,22.82215,2.2793105,-2.0763643,0.48397422,-3.6238084,-12486656
9,8,10,17,"null","null","null",5,22.82215,3.4068708,-1.0891994,0.64591277,-3.0781689,-16731116
10,9,11,14,"null","null","null",4,6.3572254,3.7300858,-0.41857076,1.425116,-2.4606717,-16731116
11,10,12,13,"null","null","null",2,6.3572254,3.328404,-0.61676085,2.5945096,-1.4052767,-16731116
14,10,15,16,"null","null","null",2,6.3572254,1.0880269,-2.1365538,0.60018003,-3.8261664,-12486656
19,7,20,23,"null","null","null",4,22.82215,0.84491944,-3.7671363,2.727799,-0.39556205,-8572416
20,19,21,22,"null","null","null",2,3.1786127,0.5235968,-3.7564573,1.9383985,-1.6186471,-8572416
23,19,24,25,"null","null","null",2,6.3572254,2.3612075,-0.41842124,3.6646893,-0.7950944,-3014646
30,2,31,44,"null","null","null",10,22.82215,3.2514277,-0.92879295,0.3309561,-3.0087004,-11184866
31,30,32,39,"null","null","null",7,22.82215,3.5280137,-0.4185698,1.9147029,-2.3703609,-11184866
32,31,33,38,"null","null","null",4,6.3572254,3.065712,-0.6167603,3.2309766,-1.4052806,-11184866
33,32,34,37,"null","null","null",3,6.3572254,2.3408208,-0.85625637,3.8025498,-0.34808022,-12486656
34,33,35,36,"null","null","null",2,6.3572254,1.6917281,-2.1268067,3.5885556,-0.5755012,-16777036
39,31,40,43,"null","null","null",3,5.037982,1.7924187,-2.1365566,0.6001816,-3.622961,-8572416
40,39,41,42,"null","null","null",2,5.037982,2.8755634,-1.1971815,0.6376133,-3.1081553,-8572416
44,30,45,48,"null","null","null",3,22.82215,0.35782874,-2.752129,0.90259826,-3.6250997,-16731116
45,44,46,47,"null","null","null",2,22.82215,1.0880196,-2.1365566,0.4628849,-3.8261666,-16731116
49,1,50,67,"null","null","null",15,22.82215,2.1597354,-2.0607467,0.5623988,-3.5703702,-11184866
50,49,51,66,"null","null","null",9,22.82215,3.2514277,-1.0892038,0.6459124,-3.0087004,-11184866
51,50,52,61,"null","null","null",8,22.82215,3.5280137,-0.4185698,1.9147029,-2.3703609,-11184866
52,51,53,58,"null","null","null",5,7.38051,3.065712,-0.6167603,3.2309766,-1.2878731,-8572416
53,52,54,57,"null","null","null",3,7.38051,2.3408208,-0.85625637,3.8025498,-0.34808022,-8572416
54,53,55,56,"null","null","null",2,7.38051,1.6917281,-2.1268067,3.5885556,-0.5755012,-8572416
58,52,59,60,"null","null","null",2,7.38051,2.8755634,-1.1971815,0.31716168,-3.1081553,-16777036
61,51,62,65,"null","null","null",3,22.82215,1.7924187,-2.1365566,0.6001816,-3.622961,-11184866
62,61,63,64,"null","null","null",2,3.1786127,2.8755634,-1.1971815,0.6376133,-3.1081553,-11184866
67,49,68,75,"null","null","null",6,22.82215,0.48358452,-3.405888,2.0181682,-2.6072845,-11184866
68,67,69,72,"null","null","null",4,22.822151,0.65809226,-2.752129,0.5831027,-3.6250997,-8572416
69,68,70,71,"null","null","null",2,3.1786127,1.0880196,-2.1365566,0.4628849,-3.8261666,-11184866
72,68,73,74,"null","null","null",2,3.1786127,0.8665061,-3.439223,2.4198875,-0.38339514,-8572416
75,67,76,77,"null","null","null",2,22.82215,1.7788361,-1.9610482,3.6551366,-0.40148008,-11184866
78,0,79,88,"null","null","null",7,22.82215,0.7291248,-2.768663,0.8857573,-3.4364262,-8572416
79,78,80,85,"null","null","null",5,7.38051,2.3305678,-2.216556,0.48397338,-3.4921455,-8572416
80,79,81,84,"null","null","null",3,7.38051,3.4735096,-1.0892038,0.6459124,-2.9070082,-8572416
81,80,82,83,"null","null","null",2,7.38051,3.8167202,-0.4185698,0.73106515,-2.238161,-8572416
85,79,86,87,"null","null","null",2,7.38051,0.48358452,-3.7564592,1.9384005,-1.6186413,-8572416
88,78,89,90,"null","null","null",2,22.82215,0.8449204,-3.5245008,2.3807096,-0.39556158,-11513776
