index,parent,child1,child2,name1,name2,common,richness,lengthbr,hxmax,hxmin,hymax,hymin,color
0,-268433292,1,30,"null","null","null",24,33.95497,2.488209,-1.847542,0.48358512,-3.4216027,-16731116
1,0,2,23,"null","null","null",15,28.933357,3.4703033,-0.6457069,0.6580922,-2.7725587,-16731116
2,1,3,18,"null","null","null",11,28.933357,3.6249313,-0.4628849,2.0156538,-2.1631153,-16731116
3,2,4,17,"null","null","null",8,28.933357,3.1107163,-0.6376133,3.1657689,-1.1971812,-16731116
4,3,5,12,"null","null","null",7,28.933357,2.4621415,-1.7809272,3.5147934,-0.3955179,-16731116
5,4,6,11,"null","null","null",4,28.933357,1.5045818,-3.1510901,3.0981085,-0.6042887,-16731116
6,5,7,10,"null","null","null",3,28.933357,0.32388148,-3.8027482,2.3612084,-0.6648546,-16731116
7,6,8,9,"null","null","null",2,28.933357,0.5592989,-3.6551359,1.7788353,-1.9610502,-16731116
12,4,13,16,"null","null","null",3,28.933357,3.6822953,-0.6366811,1.6104487,-2.1905582,-16731116
13,12,14,15,"null","null","null",2,28.933357,3.222697,-0.6278832,2.7384958,-1.3026779,-16731116
18,2,19,22,"null","null","null",3,28.933357,2.1434085,-2.010228,0.5234822,-3.470642,-16731116
19,18,20,21,"null","null","null",2,28.933357,3.1268032,-0.9791716,0.65274775,-2.8544111,-12486656
23,1,24,29,"null","null","null",4,28.933357,0.63435805,-2.560747,0.8665061,-3.4851902,-16731116
24,23,25,28,"null","null","null",3,28.933357,2.1434085,-2.010228,0.50423723,-3.470642,-16731116
25,24,26,27,"null","null","null",2,28.933357,3.1268032,-0.9791716,0.65274775,-2.8544111,-16731116
30,0,31,46,"null","null","null",9,23.475592,0.40148073,-3.271225,1.7788374,-2.6534727,-16731116
31,30,32,45,"null","null","null",8,22.217175,0.75179815,-2.560747,0.64113134,-3.4732883,-16731116
32,31,33,44,"null","null","null",7,20.790499,2.2960806,-2.010228,0.50423723,-3.4551697,-12486656
33,32,34,43,"null","null","null",6,20.790499,3.3252769,-0.9791716,0.65274775,-2.834297,-12486656
34,33,35,42,"null","null","null",5,20.790499,3.528639,-0.44105524,2.0426912,-2.1905582,-12486656
35,34,36,41,"null","null","null",4,20.790499,3.022944,-0.6278832,3.300411,-1.3026779,-12486656
36,35,37,40,"null","null","null",3,20.790499,2.3134408,-1.0472691,3.7903333,-0.37199068,-12486656
37,36,38,39,"null","null","null",2,20.790499,1.600189,-2.2880564,3.5116978,-0.5905177,-11184866
