index,parent,child1,child2,name1,name2,common,richness,lengthbr,hxmax,hxmin,hymax,hymin,color
0,-268413884,1,138,"null","null","null",80,37.917294,0.32388148,-3.620455,2.551958,-1.219034,-16731116
1,0,2,131,"null","null","null",69,37.917294,0.5592989,-3.4181547,1.6207671,-2.6814833,-16731116
2,1,3,78,"null","null","null",65,37.917294,0.8143109,-2.7517557,0.5493487,-3.5096993,-16731116
3,2,4,71,"null","null","null",38,30.870714,2.3773456,-1.9577086,0.5042378,-3.502502,-16731116
4,3,5,62,"null","null","null",34,30.870714,3.4309187,-0.8051321,0.6527479,-2.8958287,-16731116
5,4,6,57,"null","null","null",29,30.870714,3.665971,-0.4410558,1.9450231,-2.2705507,-16731116
6,5,7,54,"null","null","null",26,30.870714,3.2014742,-0.6278835,3.17344,-1.1514413,-16731116
7,6,8,47,"null","null","null",24,30.870714,2.5455308,-1.5425508,3.6252685,-0.37199128,-16731116
8,7,9,36,"null","null","null",20,30.870714,1.5333115,-2.9319205,3.297112,-0.59051806,-16731116
9,8,10,25,"null","null","null",14,30.870714,0.2994908,-3.6230326,2.6047618,-1.0796719,-16731116
10,9,11,22,"null","null","null",8,30.870714,0.54197526,-3.49291,1.90941,-2.579047,-16731116
11,10,12,17,"null","null","null",6,30.870714,0.6619251,-2.8537679,0.522315,-3.4827127,-16731116
12,11,13,16,"null","null","null",3,30.870714,1.970319,-2.0763621,0.48397484,-3.552312,-16731116
13,12,14,15,"null","null","null",2,30.870714,3.005179,-1.0891962,0.64591295,-2.9852223,-16731116
17,11,18,21,"null","null","null",3,30.870714,0.84491885,-3.7671375,2.4522836,-0.3955624,-16731116
18,17,19,20,"null","null","null",2,30.870714,0.52359736,-3.7564564,1.9383965,-1.6186526,-16731116
22,10,23,24,"null","null","null",2,30.870714,1.6917254,-2.1268115,3.5885534,-0.35959524,-16731116
25,9,26,35,"null","null","null",6,30.870714,2.3408198,-1.3260071,3.4931793,-0.76705074,-16731116
26,25,27,34,"null","null","null",5,30.870714,1.6917254,-2.73748,3.1863718,-0.5755017,-16731116
27,26,28,33,"null","null","null",4,30.870714,0.5272785,-3.476213,2.4522836,-0.8165206,-16731116
28,27,29,32,"null","null","null",3,30.870714,0.52359736,-3.3782544,1.9383965,-2.311049,-16731116
29,28,30,31,"null","null","null",2,30.870714,0.65809256,-2.7162046,0.8675156,-3.2399876,-16731116
36,8,37,46,"null","null","null",6,30.870714,3.2905602,-0.28912932,2.960423,-1.4052775,-16731116
37,36,38,43,"null","null","null",5,30.870714,2.6331239,-1.3545825,3.4508271,-0.34808096,-16731116
38,37,39,42,"null","null","null",3,30.870714,1.6917254,-2.7746282,3.1313143,-0.5755017,-16731116
39,38,40,41,"null","null","null",2,30.870714,0.5272785,-3.5245056,2.3807092,-0.665,-16731116
43,37,44,45,"null","null","null",2,30.870714,3.7952118,-0.705258,0.5537415,-2.2791743,-16731116
47,7,48,51,"null","null","null",4,30.870714,3.7300863,-0.67175174,1.4251142,-2.4606724,-16731116
48,47,49,50,"null","null","null",2,30.870714,3.328405,-0.6167606,2.5945082,-1.4052775,-11513776
51,47,52,53,"null","null","null",2,30.870714,1.0880251,-2.1365547,0.6001805,-3.8261662,-16731116
54,6,55,56,"null","null","null",2,30.870714,3.0051737,-1.0892006,0.33095652,-2.9852276,-16731116
57,5,58,61,"null","null","null",3,30.870714,1.9703119,-2.076365,0.5623976,-3.5523148,-16731116
58,57,59,60,"null","null","null",2,30.870714,3.0051737,-1.0892006,0.64591265,-2.9852276,-16731116
62,4,63,68,"null","null","null",5,30.870714,0.45200622,-2.745932,0.88575673,-3.482712,-16731116
63,62,64,67,"null","null","null",3,30.870714,1.9703119,-2.076365,0.483974,-3.5523148,-16731116
64,63,65,66,"null","null","null",2,30.870714,3.0051737,-1.0892006,0.64591265,-2.9852276,-16731116
68,62,69,70,"null","null","null",2,30.870714,0.8449197,-3.5245035,2.3807096,-0.39556193,-16731116
71,3,72,77,"null","null","null",4,30.870714,0.4428624,-3.3444898,1.8611662,-2.7339265,-12486656
72,71,73,76,"null","null","null",3,30.870714,0.661925,-2.6608222,0.75469065,-3.6840591,-11184866
73,72,74,75,"null","null","null",2,30.870714,1.2662436,-2.076365,0.483974,-3.814066,-11184866
78,2,79,114,"null","null","null",27,37.917294,0.8210846,-3.6230316,2.677219,-1.1122098,-16731116
79,78,80,107,"null","null","null",18,37.917294,0.54197484,-3.4929106,1.730665,-2.6213484,-16731116
80,79,81,102,"null","null","null",14,22.237808,0.661925,-2.8537693,0.5223193,-3.5377076,-16731116
81,80,82,99,"null","null","null",11,22.237808,2.1597397,-2.2165534,0.483974,-3.6238089,-16731116
82,81,83,96,"null","null","null",9,22.237808,3.25143,-0.8706852,0.64591265,-3.0781698,-16731116
83,82,84,93,"null","null","null",7,22.237808,3.5280137,-0.41857052,1.9147071,-2.4606724,-16731116
84,83,85,90,"null","null","null",5,22.237808,3.0657108,-0.6167606,3.230979,-1.2878692,-16731116
85,84,86,89,"null","null","null",3,22.237808,2.3408198,-0.856262,3.8025498,-0.34808096,-16731116
86,85,87,88,"null","null","null",2,22.237808,1.6917254,-2.1268115,3.5885534,-0.5755017,-16731116
90,84,91,92,"null","null","null",2,22.237808,2.8755672,-1.1971784,0.3171621,-3.108152,-16731116
93,83,94,95,"null","null","null",2,22.237808,1.0880251,-2.1365547,0.6001805,-3.8261662,-16731116
96,82,97,98,"null","null","null",2,22.237808,0.35782912,-2.7162104,0.9025978,-3.239983,-16731116
99,81,100,101,"null","null","null",2,22.237808,0.48358327,-3.756458,1.9383984,-1.6186465,-16731116
102,80,103,106,"null","null","null",3,22.237808,0.8449197,-3.767137,2.4522865,-0.39556193,-16731116
103,102,104,105,"null","null","null",2,22.237808,0.5235969,-3.756458,1.9383984,-1.6186465,-16731116
107,79,108,113,"null","null","null",4,11.6815,1.6917262,-2.9612668,3.1863725,-0.35959634,-16731116
108,107,109,112,"null","null","null",3,11.6815,0.5272789,-3.767137,2.4522848,-0.665,-16731116
109,108,110,111,"null","null","null",2,11.6815,0.5235972,-3.7564566,1.9383972,-1.6186507,-16731116
114,78,115,128,"null","null","null",9,18.51474,2.6331244,-1.3385813,3.6562052,-0.76705146,-16731116
115,114,116,127,"null","null","null",7,18.51474,1.6917262,-2.7538273,3.3983064,-0.57550156,-16731116
116,115,117,124,"null","null","null",6,18.51474,0.33848524,-3.4974658,2.727799,-1.0443985,-16731116
117,116,118,123,"null","null","null",4,18.51474,0.5235972,-3.4058843,1.9383972,-2.6072912,-16731116
118,117,119,122,"null","null","null",3,18.51474,0.6580925,-2.7521236,0.86751616,-3.6251037,-16731116
119,118,120,121,"null","null","null",2,18.51474,1.0880305,-2.136553,0.46288618,-3.8261662,-16731116
124,116,125,126,"null","null","null",2,18.51474,2.3612077,-0.41842145,3.6646914,-0.7950939,-16731116
128,114,129,130,"null","null","null",2,18.51474,3.7952118,-0.70525837,0.5537423,-2.2791748,-16731116
131,1,132,137,"null","null","null",4,11.6815,1.600189,-3.0610695,3.1200047,-0.3173806,-16731116
132,131,133,136,"null","null","null",3,11.6815,0.4135974,-3.790929,2.374522,-0.66423035,-16731116
133,132,134,135,"null","null","null",2,11.6815,0.54197484,-3.7111773,1.8611662,-1.7914411,-16731116
138,0,139,154,"null","null","null",11,37.91729,2.5455327,-1.4749908,3.4890308,-0.7370672,-16731116
139,138,140,149,"null","null","null",8,37.91729,1.4333808,-2.8440948,3.1200047,-0.5905177,-16731116
140,139,141,148,"null","null","null",5,13.561802,0.4135974,-3.5088618,2.374522,-1.1988084,-16731116
141,140,142,147,"null","null","null",4,13.561802,0.54197484,-3.3444898,1.8611662,-2.7339265,-16731116
142,141,143,146,"null","null","null",3,13.561802,0.661925,-2.6608222,0.75469065,-3.6840591,-16731116
143,142,144,145,"null","null","null",2,13.561802,1.2662436,-2.076365,0.483974,-3.814066,-16731116
149,139,150,153,"null","null","null",3,9.25737,3.0657115,-0.28912896,3.1667447,-1.4052784,-12486656
150,149,151,152,"null","null","null",2,9.25737,2.3408206,-0.65809166,3.7190466,-0.34808072,-12486656
154,138,155,158,"null","null","null",3,9.25737,3.7300868,-0.6717526,1.4251122,-2.2381606,-16731116
155,154,156,157,"null","null","null",2,9.25737,3.328406,-0.61676055,2.5945067,-1.4052784,-16731116
