index,parent,child1,child2,name1,name2,common,richness,lengthbr,hxmax,hxmin,hymax,hymin,color
0,-268413926,1,178,"null","null","null",100,38.805107,2.2960806,-1.9794706,0.5234822,-3.5072515,-16731116
1,0,2,111,"","null","Snouted Treefrogs",89,37.823143,3.3252769,-0.80092067,0.65274775,-2.9020033,-16731116
2,1,3,84,"null","null","null",55,33.76748,3.528639,-0.44105524,1.9450194,-2.2785766,-16731116
3,2,4,65,"null","null","null",41,33.76748,3.022944,-0.6278832,3.1734376,-1.116679,-16731116
4,3,5,64,"null","null","null",31,33.76748,2.3134408,-1.4674766,3.625268,-0.37199068,-16731116
5,4,6,43,"null","null","null",30,33.76748,1.4333808,-2.834326,3.2971134,-0.5905177,-16731116
6,5,7,26,"null","null","null",19,33.76748,0.3363399,-3.4961624,2.604763,-1.1122098,-16731116
7,6,8,25,"null","null","null",10,33.76748,0.54197484,-3.3279808,1.8611662,-2.6213484,-16731116
8,7,9,24,"null","null","null",9,33.76748,0.68969655,-2.6393604,0.75469065,-3.5377076,-16731116
9,8,10,19,"null","null","null",8,33.76748,2.2793093,-2.0484648,0.483974,-3.6238089,-16731116
10,9,11,18,"null","null","null",5,33.76748,3.4068704,-1.0892006,0.64591265,-3.0781698,-16731116
11,10,12,15,"null","null","null",4,33.76748,3.7300863,-0.41857052,1.4251142,-2.4606724,-16731116
12,11,13,14,"null","null","null",2,33.76748,3.328405,-0.6167606,2.5945082,-1.4052775,-16731116
15,11,16,17,"null","null","null",2,33.76748,1.0880251,-2.1365547,0.6001805,-3.8261662,-16731116
19,9,20,23,"null","null","null",3,33.76748,0.48358327,-3.3782585,1.9383984,-2.3110435,-16731116
20,19,21,22,"null","null","null",2,33.76748,0.65809244,-2.7162104,0.8675197,-3.239983,-16731116
26,6,27,36,"null","null","null",9,33.76748,2.5084941,-1.4981501,3.4931793,-0.76705146,-16731116
27,26,28,33,"null","null","null",5,33.76748,1.674933,-2.9612668,3.1863725,-0.57550156,-16731116
28,27,29,32,"null","null","null",3,33.76748,0.5272789,-3.767137,2.4522848,-0.665,-16731116
29,28,30,31,"null","null","null",2,33.76748,0.5235972,-3.7564566,1.9383972,-1.6186507,-16731116
33,27,34,35,"null","null","null",2,33.76748,3.424866,-0.2750013,2.4441643,-1.5045784,-16731116
36,26,37,42,"null","null","null",4,33.76748,3.5147939,-0.70525837,1.6992416,-2.2791748,-16731116
37,36,38,41,"null","null","null",3,33.76748,3.0981073,-0.6042891,3.0448956,-1.5045784,-16731116
38,37,39,40,"null","null","null",2,33.76748,2.3612077,-0.6619245,3.6646914,-0.32388234,-16731116
43,5,44,61,"null","null","null",11,33.76748,3.0657115,-0.28912896,3.146334,-1.2878697,-16731116
44,43,45,60,"null","null","null",9,33.76748,2.3408206,-1.3260055,3.6925125,-0.34808072,-16731116
45,44,46,57,"null","null","null",8,33.76748,1.674933,-2.7374787,3.4455056,-0.57550156,-16731116
46,45,47,52,"null","null","null",6,33.76748,0.33848524,-3.4762127,2.7891576,-0.8165185,-16731116
47,46,48,51,"null","null","null",3,33.76748,0.5235972,-3.3782551,1.9383972,-2.311047,-16731116
48,47,49,50,"null","null","null",2,33.76748,0.6580925,-2.7162058,0.86751616,-3.2399864,-16731116
52,46,53,56,"null","null","null",3,33.76748,2.3612077,-0.66486126,3.8027484,-0.7950939,-16731116
53,52,54,55,"null","null","null",2,33.76748,1.7788322,-1.961056,3.6551337,-0.55929947,-16731116
57,45,58,59,"null","null","null",2,33.76748,3.424866,-0.2750013,2.4441643,-1.5045784,-16731116
61,43,62,63,"null","null","null",2,33.76748,2.8755677,-1.1971774,0.31716195,-3.108151,-16731116
65,3,66,79,"null","null","null",10,33.76748,3.2514293,-0.92879295,0.33095616,-2.9070072,-16731116
66,65,67,78,"null","null","null",7,33.76748,3.528014,-0.41857028,1.7065854,-2.2381606,-16731116
67,66,68,75,"null","null","null",6,33.76748,3.0657115,-0.61676055,2.960422,-1.2878697,-16731116
68,67,69,74,"null","null","null",4,33.76748,2.3408206,-1.3545806,3.4508271,-0.34808072,-16731116
69,68,70,73,"null","null","null",3,33.76748,1.6917262,-2.7746265,3.1313148,-0.57550156,-16731116
70,69,71,72,"null","null","null",2,33.76748,0.5272789,-3.524505,2.3807096,-0.665,-16731116
75,67,76,77,"null","null","null",2,33.76748,2.8755677,-1.1971774,0.31716195,-3.108151,-16731116
79,65,80,83,"null","null","null",3,33.76748,0.357829,-2.7521257,0.902598,-3.625102,-16731116
80,79,81,82,"null","null","null",2,33.76748,1.0880258,-2.1365545,0.46288565,-3.8261662,-11513776
84,2,85,104,"null","null","null",14,33.76748,2.1597385,-2.0607443,0.5623986,-3.5703688,-16731116
85,84,86,99,"null","null","null",10,33.76748,3.2514293,-0.8866485,0.6459125,-3.0086977,-16731116
86,85,87,94,"null","null","null",7,33.76748,3.528014,-0.41857028,1.8652952,-2.3703585,-16731116
87,86,88,91,"null","null","null",4,33.76748,3.0657115,-0.61676055,3.1667447,-1.2878697,-16731116
88,87,89,90,"null","null","null",2,33.76748,2.3408206,-0.65809166,3.7190466,-0.34808072,-16731116
91,87,92,93,"null","null","null",2,33.76748,2.8755677,-1.1971774,0.31716195,-3.108151,-16731116
94,86,95,98,"null","null","null",3,33.76748,1.7924247,-2.1365545,0.60018086,-3.6229587,-16731116
95,94,96,97,"null","null","null",2,33.76748,2.8755677,-1.1971774,0.63761365,-3.108151,-16731116
99,85,100,103,"null","null","null",3,33.76748,0.357829,-2.7521257,0.902598,-3.625102,-16731116
100,99,101,102,"null","null","null",2,33.76748,1.0880258,-2.1365545,0.46288565,-3.8261662,-16731116
104,84,105,110,"null","null","null",4,33.76748,0.4835837,-3.4058857,1.938399,-2.607288,-16731116
105,104,106,109,"null","null","null",3,33.76748,0.6580924,-2.7521257,0.8675192,-3.625102,-16731116
106,105,107,108,"null","null","null",2,33.76748,1.0880258,-2.1365545,0.46288565,-3.8261662,-16731116
111,1,112,149,"null","null","null",34,29.7146,0.6729653,-2.7364519,0.8857572,-3.4750967,-16731116
112,111,113,148,"null","null","null",19,29.7146,2.2575593,-2.0763655,0.4839738,-3.5424156,-16731116
113,112,114,143,"null","null","null",18,29.7146,3.3785963,-0.8866485,0.6459125,-2.9723587,-16731116
114,113,115,132,"null","null","null",15,29.7146,3.693331,-0.41857028,1.7065854,-2.3231177,-16731116
115,114,116,127,"null","null","null",9,29.7146,3.2806237,-0.61676055,2.960422,-1.2264566,-16731116
116,115,117,122,"null","null","null",6,29.7146,2.6202066,-1.3545806,3.4508271,-0.34808072,-12486656
117,116,118,121,"null","null","null",3,29.7146,1.6917262,-2.7746265,3.1313148,-0.57550156,-16731116
118,117,119,120,"null","null","null",2,29.7146,0.5272789,-3.524505,2.3807096,-0.665,-16731116
122,116,123,126,"null","null","null",3,29.7146,3.7661467,-0.70525837,1.2371405,-2.2791748,-11184866
123,122,124,125,"null","null","null",2,29.7146,3.424866,-0.6042891,2.4441643,-1.5045784,-3014646
127,115,128,131,"null","null","null",3,29.7146,3.381478,-1.1971774,0.31716195,-2.9699717,-16731116
128,127,129,130,"null","null","null",2,29.7146,3.7952118,-0.3955187,0.6459114,-2.2791748,-16731116
132,114,133,142,"null","null","null",6,29.7146,2.1643882,-2.1365545,0.60018086,-3.516667,-16731116
133,132,134,139,"null","null","null",5,29.7146,3.3591201,-1.0121963,0.63761365,-2.9699717,-16731116
134,133,135,138,"null","null","null",3,29.7146,3.7661467,-0.3955187,1.2371405,-2.2791748,-16731116
135,134,136,137,"null","null","null",2,29.7146,3.424866,-0.6042891,2.4441643,-1.5045784,-16731116
139,133,140,141,"null","null","null",2,29.7146,0.34453002,-2.8544066,0.9791679,-3.1268075,-16731116
143,113,144,147,"null","null","null",3,29.7146,0.357829,-2.7521257,0.902598,-3.625102,-16731116
144,143,145,146,"null","null","null",2,29.7146,1.0880258,-2.1365545,0.46288565,-3.8261662,-16731116
149,111,150,175,"null","null","null",15,29.7146,0.8449199,-3.5031726,2.7277994,-0.9035208,-16731116
150,149,151,170,"null","null","null",13,29.7146,0.5235967,-3.4133048,1.799381,-2.424152,-16731116
151,150,152,161,"null","null","null",10,29.7146,0.6580924,-2.7617707,0.7259994,-3.3870254,-16731116
152,151,153,160,"null","null","null",5,29.7146,2.1643882,-2.1365545,0.46288565,-3.516667,-16731116
153,152,154,159,"null","null","null",4,29.7146,3.3591201,-1.1971774,0.63761365,-2.9699717,-16731116
154,153,155,158,"null","null","null",3,29.7146,3.7661467,-0.3955187,1.2371405,-2.2791748,-16731116
155,154,156,157,"null","null","null",2,29.7146,3.424866,-0.6042891,2.4441643,-1.5045784,-16731116
161,151,162,167,"null","null","null",5,29.7146,0.8665054,-3.48519,2.7414112,-0.6343645,-16731116
162,161,163,166,"null","null","null",3,29.7146,0.50423795,-3.470639,2.0102253,-2.1434145,-16731116
163,162,164,165,"null","null","null",2,29.7146,0.652748,-2.8544066,0.9791679,-3.1268075,-11513776
167,161,168,169,"null","null","null",2,29.7146,2.3745215,-0.40725267,3.5997572,-0.8210844,-16731116
170,150,171,174,"null","null","null",3,29.7146,1.7788352,-2.6272726,3.162869,-0.40147927,-16731116
171,170,172,173,"null","null","null",2,29.7146,0.6411294,-3.4392252,2.4198842,-0.6642305,-16731116
175,149,176,177,"null","null","null",2,29.7146,2.361208,-0.41842118,3.6646895,-0.7950946,-16731116
178,0,179,198,"","null","Lime Treefrogs",11,20.205675,0.44286343,-3.3934498,1.8611681,-2.5434382,-16731116
179,178,180,191,"null","null","null",10,20.205675,0.6896951,-2.7244701,0.5223205,-3.436427,-16731116
180,179,181,190,"null","null","null",6,20.205675,2.279308,-2.0763655,0.4839738,-3.492145,-16731116
181,180,182,187,"null","null","null",5,20.205675,3.40687,-0.87068576,0.6459125,-2.9070072,-16731116
182,181,183,186,"null","null","null",3,20.205675,3.7300868,-0.41857028,1.4251122,-2.2381606,-16731116
183,182,184,185,"null","null","null",2,20.205675,3.328406,-0.61676055,2.5945067,-1.4052784,-16731116
187,181,188,189,"null","null","null",2,20.205675,0.357829,-2.7162097,0.902598,-3.239984,-16731116
191,179,192,197,"null","null","null",4,20.205675,0.8449199,-3.4762135,2.4522877,-0.81651413,-16731116
192,191,193,196,"null","null","null",3,20.205675,0.5235967,-3.378258,1.938399,-2.3110433,-16731116
193,192,194,195,"null","null","null",2,20.205675,0.6580924,-2.7162097,0.8675192,-3.239984,-16731116
