index,parent,child1,child2,name1,name2,common,richness,lengthbr,hxmax,hxmin,hymax,hymin,color
0,-268361608,1,116,"null","null","null",263,68.799995,0.9343986,-2.6547427,0.46191365,-3.5064235,-16731116
1,0,2,111,"null","null","null",205,64.7,2.4642966,-1.7993869,0.52359575,-3.417535,-16731116
2,1,3,74,"null","null","null",202,22.5,3.4392185,-0.7080494,0.65809214,-2.7672708,-16731116
3,2,4,61,"null","null","null",116,22.5,3.5845225,-0.46288455,2.1019056,-2.15624,-16731116
4,3,5,-268355584,"null","null","null",109,21.0,3.0581853,-0.6376132,3.2778976,-1.0214694,-16731116
5,4,6,50,"null","null","null",70,19.017647,2.3938508,-1.6631298,3.6605623,-0.39551753,-16731116
6,5,7,45,"null","null","null",64,18.616514,1.332167,-2.9979548,3.2876089,-0.60428846,-16731116
7,6,-268354560,8,"null","null","null",61,18.40161,0.32388112,-3.603674,2.6075585,-1.1974869,-16731116
8,7,9,40,"null","null","null",19,13.180267,2.5455337,-1.5425444,3.6141295,-0.7370677,-16731116
9,8,10,39,"null","null","null",16,12.41101,1.6001905,-2.9319158,3.2826343,-0.59051746,-16731116
10,9,11,32,"null","null","null",15,12.41101,0.29948983,-3.6230307,2.5859401,-1.052279,-16731116
11,10,12,29,"null","null","null",11,12.41101,0.54197454,-3.4929104,1.9094138,-2.5434394,-16731116
12,11,13,24,"null","null","null",9,12.41101,0.68969655,-2.8537693,0.5223193,-3.4364274,-16731116
13,12,14,23,"null","null","null",6,12.41101,2.2793093,-2.076365,0.483974,-3.4921446,-16731116
14,13,15,20,"null","null","null",5,12.41101,3.4068704,-0.8706852,0.64591265,-2.9070063,-16731116
15,14,16,19,"null","null","null",3,12.41101,3.7300863,-0.41857052,1.4251142,-2.2381597,-11513776
16,15,17,18,"null","null","null",2,12.41101,3.328405,-0.6167606,2.5945082,-1.4052775,-11513776
20,14,21,22,"null","null","null",2,12.41101,0.35782912,-2.7162104,0.9025978,-3.239983,-16731116
24,12,25,28,"null","null","null",3,12.41101,0.8449197,-3.767137,2.4522865,-0.39556193,-16731116
25,24,26,27,"null","null","null",2,12.41101,0.5235969,-3.756458,1.9383984,-1.6186465,-16731116
29,11,30,31,"null","null","null",2,12.41101,1.6917278,-2.1268075,3.5885549,-0.35959697,-16731116
32,10,33,38,"null","null","null",4,12.41101,2.340821,-1.354578,3.4508262,-0.76705194,-12486656
33,32,34,37,"null","null","null",3,12.41101,1.6917278,-2.7746243,3.1313148,-0.5755013,-12486656
34,33,35,36,"null","null","null",2,12.41101,0.52728057,-3.5245035,2.3807096,-0.665,-8572416
40,8,41,44,"null","null","null",3,4.917746,3.7300873,-0.6717531,1.4251093,-2.238161,-16731116
41,40,42,43,"null","null","null",2,4.917746,3.3284078,-0.6167604,2.5945044,-1.40528,-16731116
45,6,46,49,"null","null","null",3,4.917746,3.0229447,-0.30320063,3.2790842,-1.3026792,-16731116
46,45,47,48,"null","null","null",2,4.917746,2.3134413,-0.6527471,3.76261,-0.37199032,-11513776
50,5,51,60,"null","null","null",6,8.020498,3.5286393,-0.63668156,2.0426893,-2.1905591,-16731116
51,50,52,57,"null","null","null",5,8.020498,3.0229447,-0.6278831,3.3004098,-1.1514461,-16731116
52,51,53,56,"null","null","null",3,8.020498,2.3134413,-1.0472662,3.7903333,-0.37199032,-16731116
53,52,54,55,"null","null","null",2,8.020498,1.6001905,-2.288054,3.5116992,-0.59051746,-16731116
57,51,58,59,"null","null","null",2,8.020498,3.0051708,-1.0892029,0.33095595,-2.9852307,-11513776
61,3,62,71,"null","null","null",7,8.248073,2.2960787,-2.1206844,0.5234828,-3.4551704,-16731116
62,61,63,70,"null","null","null",5,8.248073,3.325276,-0.9791734,0.6527477,-2.8342981,-16731116
63,62,64,69,"null","null","null",4,8.248073,3.5286393,-0.4410549,2.0262847,-2.1905591,-16731116
64,63,65,68,"null","null","null",3,8.248073,3.0229447,-0.6278831,3.2790842,-1.3026792,-16731116
65,64,66,67,"null","null","null",2,8.248073,2.3134413,-0.6527471,3.76261,-0.37199032,-16731116
71,61,72,73,"null","null","null",2,8.248073,0.44286406,-3.7111783,1.8611695,-1.7914354,-11513776
74,2,75,76,"null","null","null",86,18.880512,0.79011655,-2.701015,0.86650646,-3.4975266,-16731116
75,74,-268356608,-268353536,"null","null","null",68,18.0,2.3458955,-1.9945798,0.50423694,-3.4866807,-16731116
76,74,77,104,"null","null","null",18,12.251334,0.8210856,-3.5088606,2.5859408,-1.1122043,-16731116
77,76,78,95,"null","null","null",14,11.186095,0.5419741,-3.3444915,1.7306706,-2.6213443,-16731116
78,77,79,94,"null","null","null",9,11.186095,0.6619249,-2.6608248,0.7546936,-3.5377066,-12486656
79,78,80,93,"null","null","null",8,11.186095,2.1597364,-2.0763667,0.4839735,-3.62381,-12486656
80,79,81,90,"null","null","null",7,11.186095,3.2514281,-0.87068796,0.6459124,-3.0781722,-12486656
81,80,82,87,"null","null","null",5,11.186095,3.5280137,-0.41856992,1.8652927,-2.4606743,-11184866
82,81,83,86,"null","null","null",3,11.186095,3.0657122,-0.6167604,3.1667428,-1.40528,-11513776
83,82,84,85,"null","null","null",2,11.186095,2.340821,-0.6580918,3.7190456,-0.34808034,-11513776
87,81,88,89,"null","null","null",2,11.186095,1.0880233,-2.1365554,0.6001814,-3.8261666,-11184866
90,80,91,92,"null","null","null",2,11.186095,0.3578288,-2.7162118,0.90259826,-3.2399821,-16731116
95,77,96,103,"null","null","null",5,11.186095,1.6917305,-2.7374756,3.1863775,-0.35959804,-16731116
96,95,97,102,"null","null","null",4,11.186095,0.5272855,-3.4762137,2.452291,-0.81650865,-16731116
97,96,98,101,"null","null","null",3,11.186095,0.52359617,-3.3782606,1.9384013,-2.3110383,-11513776
98,97,99,100,"null","null","null",2,11.186095,0.65809226,-2.7162137,0.86752254,-3.2399807,-11513776
104,76,105,110,"null","null","null",4,5.8760457,2.3408215,-1.3545716,3.4508247,-0.76705265,-16731116
105,104,106,109,"null","null","null",3,5.8760457,1.6917312,-2.7746186,3.131315,-0.5755008,-16731116
106,105,107,108,"null","null","null",2,5.8760457,0.5272855,-3.5245004,2.3807096,-0.665,-16731116
111,1,112,115,"null","null","null",3,13.353388,0.4014814,-3.1628733,1.7788389,-2.6272664,-16731116
112,111,113,114,"null","null","null",2,13.353388,0.66423047,-2.4198897,0.6411331,-3.4392219,-16731116
116,0,117,163,"null","null","null",58,67.5,0.7950959,-3.5003078,2.6389098,-1.2275867,-16731116
117,116,118,136,"null","null","null",49,62.699997,0.5592982,-3.2619662,1.7464942,-2.6926053,-16731116
118,117,119,135,"null","null","null",35,56.983383,0.8143054,-2.5487108,0.6411331,-3.5241623,-16731116
119,118,-268357632,120,"null","null","null",34,44.199997,2.377341,-1.9945798,0.50423694,-3.521307,-16731116
120,119,121,134,"null","null","null",8,25.8,0.44286406,-3.427443,1.8611695,-2.5434365,-16731116
121,120,122,131,"null","null","null",7,24.143251,0.72912574,-2.768662,0.49050927,-3.4364264,-16731116
122,121,123,128,"null","null","null",5,24.143251,2.3305688,-2.2165554,0.4839735,-3.4921455,-16731116
123,122,124,127,"null","null","null",3,24.143251,3.4735103,-1.0892029,0.6459124,-2.9070082,-16731116
124,123,125,126,"null","null","null",2,24.143251,3.8167205,-0.41856992,0.731066,-2.238161,-16731116
128,122,129,130,"null","null","null",2,24.143251,0.48358428,-3.7564583,1.9384001,-1.6186436,-11513776
131,121,132,133,"null","null","null",2,24.143251,0.8449203,-3.5245016,2.3807096,-0.39556164,-11513776
136,117,137,154,"null","null","null",14,43.40331,1.4333856,-2.84409,3.4028833,-0.31738234,-16731116
137,136,138,149,"null","null","null",9,43.40331,0.29948902,-3.5088606,2.7422638,-1.1988003,-16731116
138,137,139,144,"null","null","null",6,43.40331,0.5419738,-3.3444924,1.7061995,-2.7339203,-16731116
139,138,140,143,"null","null","null",3,43.40331,0.66192484,-2.6608262,0.7546954,-3.6840568,-16731116
140,139,141,142,"null","null","null",2,43.40331,1.2662363,-2.0763676,0.48397315,-3.8140664,-16731116
144,138,145,148,"null","null","null",3,43.40331,1.691732,-2.774617,3.131315,-0.3595987,-12486656
145,144,146,147,"null","null","null",2,43.40331,0.5272873,-3.524499,2.3807096,-0.665,-12486656
149,137,150,153,"null","null","null",3,43.40331,2.3408217,-0.85624695,3.8025503,-0.7670531,-16731116
150,149,151,152,"null","null","null",2,43.40331,1.6917326,-2.1267982,3.5885592,-0.57550055,-12486656
154,136,155,160,"null","null","null",5,43.40331,3.0657134,-0.28912827,3.2309742,-1.2878779,-16731116
155,154,156,159,"null","null","null",3,43.40331,2.3408217,-0.85624695,3.8025503,-0.34807935,-16731116
156,155,157,158,"null","null","null",2,43.40331,1.6917326,-2.1267982,3.5885592,-0.57550055,-16731116
160,154,161,162,"null","null","null",2,43.40331,2.8755589,-1.1971843,0.31716117,-3.1081593,-16731116
163,116,164,175,"null","null","null",9,36.373096,2.545537,-1.4435972,3.6846666,-0.73706853,-12486656
164,163,165,174,"null","null","null",6,36.373096,1.6001945,-2.8032873,3.3743343,-0.590517,-12486656
165,164,166,171,"null","null","null",5,36.373096,0.2994888,-3.455818,2.7051497,-0.9977351,-12486656
166,165,167,170,"null","null","null",3,36.373096,0.5419738,-3.2755368,1.8611706,-2.4725354,-12486656
167,166,168,169,"null","null","null",2,36.373096,0.66192484,-2.5711837,0.7546954,-3.3442564,-11184866
171,165,172,173,"null","null","null",2,36.373096,2.3408217,-0.42902336,3.7190433,-0.7670531,-11184866
175,163,176,179,"null","null","null",3,36.373096,3.7300901,-0.67175424,1.4251003,-2.2381628,-12486656
176,175,177,178,"null","null","null",2,36.373096,3.328413,-0.6167599,2.5944967,-1.4052848,-12486656
