index,parent,child1,child2,name1,name2,common,richness,lengthbr,hxmax,hxmin,hymax,hymin,color
0,-268358581,1,46,"null","null","null",26,13.898716,0.44286406,-3.427443,1.7061983,-2.5731823,-16731116
1,0,2,43,"null","null","null",23,13.898716,0.676442,-2.768662,0.49050927,-3.475096,-16731116
2,1,3,40,"null","null","null",21,13.898716,2.26208,-2.2165554,0.4839735,-3.542416,-16731116
3,2,4,29,"null","null","null",19,13.898716,3.3844748,-0.88665044,0.6459124,-2.9723601,-16731116
4,3,5,22,"null","null","null",13,13.898716,3.7009745,-0.41856992,1.7065829,-2.323119,-16731116
5,4,6,15,"null","null","null",9,13.898716,3.2905612,-0.6167604,2.9604201,-1.2264582,-16731116
6,5,7,12,"null","null","null",5,13.898716,2.633125,-1.354578,3.4508262,-0.34808034,-16731116
7,6,8,11,"null","null","null",3,13.898716,1.6917278,-2.7746243,3.1313148,-0.5755013,-16731116
8,7,9,10,"null","null","null",2,13.898716,0.52728057,-3.5245035,2.3807096,-0.665,-16731116
12,6,13,14,"null","null","null",2,13.898716,3.7952118,-0.70525885,0.55373955,-2.2791753,-16731116
15,5,16,19,"null","null","null",4,13.898716,3.3814769,-1.0121982,0.31716174,-2.9699724,-16731116
16,15,17,18,"null","null","null",2,13.898716,3.7952118,-0.39551836,0.6459115,-2.2791753,-16731116
19,15,20,21,"null","null","null",2,13.898716,0.3445298,-2.8544085,0.9791695,-3.1268055,-16777216
22,4,23,28,"null","null","null",4,13.898716,2.1815846,-2.1365554,0.6001814,-3.516667,-16731116
23,22,24,27,"null","null","null",3,13.898716,3.3814769,-1.1971791,0.6376135,-2.9699724,-11513776
24,23,25,26,"null","null","null",2,13.898716,3.7952118,-0.39551836,0.6459115,-2.2791753,-11513776
29,3,30,37,"null","null","null",6,13.898716,0.5695189,-2.7521274,0.90259826,-3.3870244,-16731116
30,29,31,36,"null","null","null",4,13.898716,2.1815846,-2.1365554,0.46288532,-3.516667,-16731116
31,30,32,35,"null","null","null",3,13.898716,3.3814769,-1.1971791,0.6376135,-2.9699724,-16731116
32,31,33,34,"null","null","null",2,13.898716,3.7952118,-0.39551836,0.6459115,-2.2791753,-16731116
37,29,38,39,"null","null","null",2,13.898716,0.86650574,-3.4392252,2.4198842,-0.38339537,-11513776
40,2,41,42,"null","null","null",2,13.898716,0.48358428,-3.7564583,1.9384001,-1.6186436,-16731116
43,1,44,45,"null","null","null",2,13.898716,0.8449203,-3.5245016,2.3807096,-0.39556164,-11513776
46,0,47,50,"null","null","null",3,13.898716,1.6917305,-2.7746193,3.131315,-0.35959804,-16731116
47,46,48,49,"null","null","null",2,13.898716,0.5272855,-3.5245004,2.3807096,-0.665,-11513776
