index,parent,child1,child2,name1,name2,common,richness,lengthbr,hxmax,hxmin,hymax,hymin,color
0,-268433402,1,120,"HYLIDAE","null","Treefrogs and more",787,56.2,3.0099561,-0.33095568,3.3609872,-0.9287933,-16731116
1,0,2,110,"null","null","null",574,53.544598,2.3719926,-1.7906642,3.6704426,-0.41856945,-16731116
2,1,3,66,"null","null","null",331,48.91651,1.311008,-3.069728,3.2508707,-0.61676013,-12486656
3,2,4,44,"null","null","null",229,42.399998,0.34807986,-3.5929284,2.5815268,-1.3577828,-12486656
4,3,5,-268410880,"null","null","null",168,39.982918,0.57550097,-3.3160489,1.5949239,-2.7787926,-11184866
5,4,6,35,"null","null","null",135,38.27646,0.9527953,-2.620864,0.47730732,-3.5299244,-12486656
6,5,7,-268403712,"null","null","null",130,32.1,2.4882104,-1.9031482,0.5235962,-3.4480844,-12486656
7,6,-268406784,8,"null","null","null",66,27.629576,3.4703038,-0.7260017,0.65809226,-2.8069844,-11184866
8,7,9,32,"null","null","null",14,17.40383,0.75179744,-2.7414122,0.866506,-3.4995515,-16731116
9,8,10,29,"","null","Chorus Frogs",12,16.387249,2.29608,-2.120684,0.5042372,-3.4893122,-16731116
10,9,11,22,"null","null","null",10,16.387249,3.3252766,-0.8051344,0.65274775,-2.8786824,-16731116
11,10,12,21,"null","null","null",6,11.816142,3.528639,-0.44105512,2.0426908,-2.1905584,-16731116
12,11,13,18,"null","null","null",5,11.816142,3.0229437,-0.6278832,3.3004107,-1.1514455,-16731116
13,12,14,17,"null","null","null",3,11.816142,2.3134403,-1.0472679,3.7903333,-0.37199056,-16731116
14,13,15,16,"null","null","null",2,11.816142,1.6001897,-2.2880554,3.5116982,-0.59051764,-16731116
18,12,19,20,"null","null","null",2,11.816142,3.0051699,-1.0892038,0.3309561,-2.9852314,-16731116
22,10,23,26,"null","null","null",4,16.387249,0.37080103,-2.745932,0.8857573,-3.6840577,-16731116
23,22,24,25,"null","null","null",2,4.571108,1.2662381,-2.076367,0.48397338,-3.8140666,-16731116
26,22,27,28,"null","null","null",2,4.571108,0.8449204,-3.5245008,2.3807096,-0.39556158,-16731116
29,9,30,31,"null","null","null",2,4.571108,0.44286364,-3.711179,1.8611686,-1.7914356,-16731116
32,8,33,34,"","null","Cricket Frogs",2,4.571108,0.82108533,-3.5997553,2.3745222,-0.4072522,-16731116
35,5,36,41,"null","null","null",5,12.558641,0.7950952,-3.424083,2.6735497,-1.1773298,-8572416
36,35,37,40,"null","null","null",3,12.558641,0.55929863,-3.1628723,1.7788366,-2.6272693,-8572416
37,36,38,39,"null","null","null",2,12.558641,0.6642305,-2.4198883,0.6411318,-3.4392228,-8572416
41,35,42,43,"null","null","null",2,12.558641,2.3134413,-0.43901843,3.76261,-0.7370677,-8572416
44,3,-268409856,45,"null","null","null",61,32.077652,2.4650123,-1.6552951,3.6791127,-0.70525956,-16731116
45,44,46,63,"","null","Heart-tongued Frogs",11,18.711071,3.6887548,-0.6366811,1.980167,-2.3868866,-16731116
46,45,47,62,"null","null","null",9,18.711071,3.2310944,-0.6278832,3.2191296,-1.3026779,-16731116
47,46,48,59,"null","null","null",8,18.711071,2.5840364,-1.6418946,3.6846676,-0.37199068,-16731116
48,47,49,56,"null","null","null",6,13.981319,1.550134,-3.0610695,3.374333,-0.5905177,-16731116
49,48,50,53,"null","null","null",4,13.981319,0.29949018,-3.790929,2.7051485,-0.66423035,-16731116
50,49,51,52,"null","null","null",2,13.981319,0.54197484,-3.7111773,1.8611662,-1.7914411,-16731116
53,49,54,55,"null","null","null",2,13.981319,2.3408206,-0.42902395,3.7190466,-0.76705146,-16731116
56,48,57,58,"null","null","null",2,13.981319,3.328406,-0.28912896,2.5945067,-1.4052784,-16731116
59,47,60,61,"null","null","null",2,5.4087124,3.8167205,-0.6717526,0.73106873,-2.2381606,-11513776
63,45,64,65,"null","null","null",2,5.4087124,1.2662416,-2.0763655,0.5623986,-3.8140664,-3014646
66,2,67,89,"null","null","null",102,39.05418,3.1602058,-0.31716147,3.2525918,-1.0306101,-16731116
67,66,68,86,"null","null","null",91,38.102497,2.5264778,-1.6730614,3.6276631,-0.3955179,-16731116
68,67,-268405760,69,"null","null","null",89,37.917294,1.4246768,-3.0108647,3.2448392,-0.6042887,-16731116
69,68,70,81,"null","null","null",9,18.51474,3.2310944,-0.30320084,3.0686398,-1.116679,-16731116
70,69,71,78,"null","null","null",6,18.51474,2.5840364,-1.6418946,3.4890308,-0.37199068,-16731116
71,70,72,77,"null","null","null",4,18.51474,1.600189,-3.0610695,3.1200047,-0.5905177,-12486656
72,71,73,76,"null","null","null",3,18.51474,0.4135974,-3.790929,2.374522,-0.66423035,-12486656
73,72,74,75,"null","null","null",2,18.51474,0.54197484,-3.7111773,1.8611662,-1.7914411,-16731116
78,70,79,80,"null","null","null",2,18.51474,3.8167205,-0.6717526,0.73106873,-2.2381606,-16731116
81,69,82,85,"null","null","null",3,18.51474,3.4735112,-1.0892012,0.33095616,-2.9070072,-16731116
82,81,83,84,"null","null","null",2,18.51474,3.8167205,-0.41857028,0.73106873,-2.2381606,-16731116
86,67,87,88,"null","null","null",2,5.84075,3.8270519,-0.6366811,0.9093958,-2.1905582,-12486656
89,66,90,107,"null","null","null",11,20.205675,3.3252769,-0.9169625,0.34452954,-2.8958313,-16731116
90,89,91,102,"null","null","null",9,18.51474,3.528639,-0.44105524,1.8644058,-2.2705529,-16731116
91,90,92,99,"null","null","null",6,15.09812,3.022944,-0.6278832,3.0686398,-1.151444,-16731116
92,91,93,98,"null","null","null",4,15.09812,2.3134408,-1.5287752,3.4890308,-0.37199068,-16731116
93,92,94,97,"null","null","null",3,15.09812,1.600189,-2.9140143,3.1200047,-0.5905177,-16731116
94,93,95,96,"null","null","null",2,15.09812,0.4135974,-3.5997574,2.374522,-0.66423035,-16731116
99,91,100,101,"null","null","null",2,15.09812,3.0051725,-1.0892012,0.33095616,-2.9852285,-16731116
102,90,103,106,"","null","Harlequin Frogs",3,9.25737,1.9703102,-2.0763655,0.5623986,-3.5523152,-16777216
103,102,104,105,"null","null","null",2,9.25737,3.0051725,-1.0892012,0.6459125,-2.9852285,-16777216
107,89,108,109,"null","null","null",2,5.84075,0.3708011,-2.5711792,0.8857572,-3.3442597,-16731116
110,1,111,-268408832,"null","null","null",243,46.286846,3.6266298,-0.6001822,2.0824406,-2.1793861,-16731116
111,110,112,113,"null","null","null",143,41.819016,3.1129246,-0.6376133,3.2525918,-1.0032616,-16731116
112,111,-268412928,-268402688,"null","null","null",139,41.579952,2.4650123,-1.6552951,3.6276631,-0.3955179,-16731116
113,111,114,119,"null","null","null",4,11.6815,3.443474,-0.9791716,0.34452954,-2.834297,-16731116
114,113,115,118,"null","null","null",3,11.6815,3.6822953,-0.44105524,1.6104487,-2.1905582,-16731116
115,114,116,117,"null","null","null",2,11.6815,3.222697,-0.6278832,2.7384958,-1.3026779,-11513776
120,0,121,149,"null","null","null",213,44.2,3.439219,-0.9025985,0.5193002,-2.8069854,-16731116
121,120,122,124,"","null","Australasian Treefrogs",161,34.9,3.5845218,-0.4628849,2.1163013,-2.20787,-16731116
122,121,123,-268404736,"null","null","null",148,34.321754,3.0581841,-0.6376133,3.2966106,-1.0333533,-16731116
123,122,-268411904,-268401664,"null","null","null",85,34.321754,2.3938498,-1.6652248,3.6848876,-0.3955179,-16731116
124,121,125,144,"null","null","null",13,17.616533,2.2960806,-1.9270635,0.5234822,-3.5713403,-16731116
125,124,126,137,"null","null","null",10,17.616533,3.3252769,-0.805134,0.65274775,-2.9853187,-16731116
126,125,127,134,"null","null","null",6,17.616533,3.528639,-0.44105524,2.0426912,-2.3868866,-16731116
127,126,128,133,"null","null","null",4,17.616533,3.022944,-0.6278832,3.300411,-1.3026779,-16731116
128,127,129,132,"null","null","null",3,17.616533,2.3134408,-1.0472691,3.7903333,-0.37199068,-16731116
129,128,130,131,"null","null","null",2,17.616533,1.600189,-2.2880564,3.5116978,-0.5905177,-16731116
134,126,135,136,"null","null","null",2,17.616533,1.2662416,-2.0763655,0.5623986,-3.8140664,-16731116
137,125,138,141,"null","null","null",4,17.616533,0.3708011,-2.7459319,0.8857572,-3.6840587,-16731116
138,137,139,140,"null","null","null",2,17.616533,1.2662416,-2.0763655,0.4839738,-3.8140664,-16731116
141,137,142,143,"null","null","null",2,17.616533,0.8449199,-3.5245025,2.3807096,-0.3955618,-16731116
144,124,145,148,"null","null","null",3,17.616533,0.44286343,-3.2755337,1.8611681,-2.4725404,-16731116
145,144,146,147,"null","null","null",2,17.616533,0.66192496,-2.5711792,0.7546917,-3.3442597,-16731116
149,120,-268407808,150,"null","null","null",52,32.575165,0.7901188,-2.729374,0.8665061,-3.4975271,-16731116
150,149,151,180,"null","null","null",19,24.274784,0.8210852,-3.5726697,2.5859404,-1.0522774,-16731116
151,150,152,165,"null","null","null",15,22.325928,0.5419744,-3.427442,1.8458378,-2.5434382,-12486656
152,151,153,164,"null","null","null",7,16.04263,0.7291279,-2.7686605,0.7546917,-3.436427,-12486656
153,152,154,161,"null","null","null",6,14.771769,2.3305707,-2.2165542,0.4839738,-3.492145,-12486656
154,153,155,158,"null","null","null",4,14.771769,3.4735112,-0.87068576,0.6459125,-2.9070072,-12486656
155,154,156,157,"null","null","null",2,14.771769,3.8167205,-0.41857028,0.73106873,-2.2381606,-11184866
158,154,159,160,"null","null","null",2,14.771769,0.357829,-2.7162097,0.902598,-3.239984,-12486656
161,153,162,163,"null","null","null",2,14.771769,0.4835837,-3.7564578,1.938399,-1.6186463,-12486656
165,151,166,177,"","null","Rough Leaf Frogs",8,17.143501,1.6749375,-2.7374768,3.4455068,-0.3595974,-16731116
166,165,167,172,"null","null","null",6,14.771769,0.33848816,-3.4762135,2.7891593,-0.81651133,-12486656
167,166,168,171,"null","null","null",3,14.771769,0.5235964,-3.3782592,1.9384001,-2.3110406,-11184866
168,167,169,170,"null","null","null",2,14.771769,0.6580923,-2.7162118,0.8675207,-3.2399821,-3014646
172,166,173,176,"null","null","null",3,14.771769,2.3612082,-0.6648511,3.8027484,-0.79509497,-16731116
173,172,174,175,"null","null","null",2,14.771769,1.778837,-1.9610467,3.6551373,-0.55929863,-16731116
177,165,178,179,"null","null","null",2,5.7145004,3.42487,-0.27500084,2.4441576,-1.5045823,-16731116
180,150,181,186,"","null","Shining Leaf Frogs",4,11.429001,2.3408213,-1.354574,3.4508257,-0.76705223,-16731116
181,180,182,185,"null","null","null",3,11.429001,1.6917299,-2.7746208,3.1313148,-0.57550097,-16731116
182,181,183,184,"null","null","null",2,11.429001,0.52728385,-3.5245016,2.3807096,-0.665,-16731116
