index,parent,child1,child2,name1,name2,common,richness,lengthbr,hxmax,hxmin,hymax,hymin,color
0,-268392442,1,84,"null","null","null",46,40.333736,1.3321655,-2.977038,3.2448392,-0.6042887,-11184866
1,0,2,77,"null","null","null",42,40.333736,0.32388148,-3.5764802,2.551958,-1.2118316,-11184866
2,1,3,64,"null","null","null",38,40.333736,0.5592989,-3.3609874,1.7338018,-2.6721203,-11184866
3,2,4,57,"null","null","null",31,40.333736,0.8246813,-2.6774383,0.41481674,-3.4975276,-11184866
4,3,5,50,"null","null","null",27,40.333736,2.390827,-1.9270607,0.5042378,-3.4866786,-11184866
5,4,6,39,"null","null","null",23,40.333736,3.4484446,-0.8152332,0.6527479,-2.875258,-11184866
6,5,7,30,"null","null","null",17,40.333736,3.6887546,-0.4410558,1.8644092,-2.2438087,-11184866
7,6,8,23,"null","null","null",12,40.333736,3.2310927,-0.6278835,3.0686421,-1.1166763,-11184866
8,7,9,20,"null","null","null",8,40.333736,2.584035,-1.4436061,3.4890313,-0.37199128,-11184866
9,8,10,17,"null","null","null",6,40.333736,1.5501313,-2.8032923,3.1200037,-0.59051806,-12486656
10,9,11,16,"null","null","null",4,40.333736,0.4135952,-3.4558158,2.374521,-0.99774987,-12486656
11,10,12,15,"null","null","null",3,40.333736,0.54197526,-3.275528,1.8611641,-2.4725485,-12486656
12,11,13,14,"null","null","null",2,40.333736,0.6619251,-2.5711715,0.75468683,-3.3442647,-8572416
17,9,18,19,"null","null","null",2,40.333736,3.328405,-0.28912932,2.5945082,-1.4052775,-11184866
20,8,21,22,"null","null","null",2,40.333736,3.8167205,-0.67175174,0.73107064,-2.2381597,-3014646
23,7,24,29,"null","null","null",4,40.333736,3.4068704,-1.0892006,0.33095652,-2.9070063,-11184866
24,23,25,28,"null","null","null",3,40.333736,3.7300863,-0.41857052,1.4251142,-2.2381597,-11184866
25,24,26,27,"null","null","null",2,40.333736,3.328405,-0.6167606,2.5945082,-1.4052775,-11184866
30,6,31,36,"null","null","null",5,40.333736,2.3305721,-2.2165534,0.5623976,-3.4921446,-11184866
31,30,32,35,"null","null","null",3,40.333736,3.4735122,-1.0892006,0.64591265,-2.9070063,-12486656
32,31,33,34,"null","null","null",2,40.333736,3.8167205,-0.41857052,0.73107064,-2.2381597,-12486656
36,30,37,38,"null","null","null",2,40.333736,0.48358327,-3.756458,1.9383984,-1.6186465,-8572416
39,5,40,47,"null","null","null",6,40.333736,0.45200622,-2.7686596,0.88575673,-3.482712,-12486656
40,39,41,44,"null","null","null",4,40.333736,1.9703119,-2.2165534,0.483974,-3.5523148,-11184866
41,40,42,43,"null","null","null",2,40.333736,3.0051737,-1.0892006,0.64591265,-2.9852276,-3014646
44,40,45,46,"null","null","null",2,40.333736,0.48358327,-3.756458,1.9383984,-1.6186465,-12486656
47,39,48,49,"null","null","null",2,40.333736,0.8449197,-3.5245035,2.3807096,-0.39556193,-16731116
50,4,51,54,"null","null","null",4,40.333736,0.4428624,-3.2755322,1.9094126,-2.472543,-8572416
51,50,52,53,"null","null","null",2,40.333736,0.661925,-2.5711775,0.75469065,-3.3442605,-3014646
54,50,55,56,"null","null","null",2,40.333736,1.6917262,-2.1268098,3.5885544,-0.35959634,-11184866
57,3,58,63,"null","null","null",4,40.333736,0.8210846,-3.4558175,2.374522,-0.99774426,-11184866
58,57,59,62,"null","null","null",3,40.333736,0.54197484,-3.2755322,1.8611662,-2.472543,-8572416
59,58,60,61,"null","null","null",2,40.333736,0.661925,-2.5711775,0.75469065,-3.3442605,-8572416
64,2,65,74,"null","null","null",7,40.333736,1.550134,-2.8032913,3.374333,-0.3173806,-8572416
65,64,66,71,"null","null","null",5,40.333736,0.29949018,-3.4558175,2.7051485,-0.99774426,-8572416
66,65,67,70,"null","null","null",3,40.333736,0.54197484,-3.2755322,1.8611662,-2.472543,-8572416
67,66,68,69,"null","null","null",2,40.333736,0.661925,-2.5711775,0.75469065,-3.3442605,-8572416
71,65,72,73,"null","null","null",2,40.333736,2.3408206,-0.42902395,3.7190466,-0.76705146,-8572416
74,64,75,76,"null","null","null",2,40.333736,3.328406,-0.28912896,2.5945067,-1.4052784,-8572416
77,1,78,83,"null","null","null",4,40.333736,2.3134408,-1.5287752,3.4890308,-0.7370672,-8572416
78,77,79,82,"null","null","null",3,40.333736,1.600189,-2.9140143,3.1200047,-0.5905177,-11513776
79,78,80,81,"null","null","null",2,40.333736,0.4135974,-3.5997574,2.374522,-0.66423035,-16777216
84,0,85,90,"null","null","null",4,40.333736,3.022944,-0.30320084,3.300411,-1.3026779,-8572416
85,84,86,89,"null","null","null",3,40.333736,2.3134408,-1.0472691,3.7903333,-0.37199068,-8572416
86,85,87,88,"null","null","null",2,40.333736,1.600189,-2.2880564,3.5116978,-0.5905177,-11184866
