index,parent,child1,child2,name1,name2,common,richness,lengthbr,hxmax,hxmin,hymax,hymin,color
0,-268345251,1,48,"null","null","null",35,22.82215,3.6583157,-0.63668066,1.8644047,-2.2438111,-11184866
1,0,2,41,"null","null","null",24,22.82215,3.1915236,-0.6278832,3.0686388,-1.1166797,-11184866
2,1,3,26,"null","null","null",20,22.82215,2.5325942,-1.542546,3.48903,-0.37199056,-11184866
3,2,4,25,"null","null","null",12,22.82215,1.6001897,-2.931917,3.1200042,-0.59051764,-11184866
4,3,5,24,"null","null","null",11,22.82215,0.4135989,-3.623031,2.3745215,-1.0522804,-11184866
5,4,6,21,"null","null","null",10,22.822151,0.5419747,-3.49291,1.9094133,-2.5434403,-11184866
6,5,7,14,"null","null","null",8,22.82215,0.72913146,-2.8537683,0.64476854,-3.4364276,-12486656
7,6,8,13,"null","null","null",4,6.3572254,2.330574,-2.0763643,0.48397422,-3.492144,-16731116
8,7,9,12,"null","null","null",3,6.3572254,3.4735134,-1.0891994,0.64591277,-2.9070053,-16731116
9,8,10,11,"null","null","null",2,6.3572254,3.816721,-0.41857076,0.7310724,-2.2381592,-16731116
14,6,15,18,"null","null","null",4,6.3572254,0.84491944,-3.7671363,2.727799,-0.39556205,-11184866
15,14,16,17,"null","null","null",2,6.3572254,0.5235968,-3.7564573,1.9383985,-1.6186471,-11184866
18,14,19,20,"null","null","null",2,6.3572254,2.3612075,-0.41842124,3.6646893,-0.7950944,-8572416
21,5,22,23,"null","null","null",2,3.1786127,1.6917281,-2.1268067,3.5885556,-0.35959655,-8572416
26,2,27,40,"null","null","null",8,22.82215,3.700975,-0.67175275,1.9147029,-2.238161,-8572416
27,26,28,35,"null","null","null",7,22.82215,3.2905617,-0.6167603,3.2309766,-1.2264589,-11184866
28,27,29,32,"null","null","null",4,22.82215,2.6331253,-0.85625637,3.8025498,-0.34808022,-11184866
29,28,30,31,"null","null","null",2,3.1786127,1.6917281,-2.1268067,3.5885556,-0.5755012,-11184866
32,28,33,34,"null","null","null",2,22.82215,3.795211,-0.705259,0.5537361,-2.2791758,-11184866
35,27,36,39,"null","null","null",3,22.82215,3.381475,-1.1971815,0.31716168,-2.9699733,-3014646
36,35,37,38,"null","null","null",2,22.82215,3.795211,-0.3955179,0.64591163,-2.2791758,-16777216
41,1,42,47,"null","null","null",4,22.82215,3.4068692,-1.0892038,0.3309561,-2.9070082,-11184866
42,41,43,46,"null","null","null",3,22.82215,3.7300878,-0.4185698,1.4251086,-2.238161,-12486656
43,42,44,45,"null","null","null",2,22.82215,3.3284082,-0.6167603,2.5945039,-1.4052806,-11513776
48,0,49,60,"null","null","null",11,22.82215,2.1597354,-2.0607467,0.5623988,-3.4921455,-12486656
49,48,50,59,"null","null","null",6,22.82215,3.2514277,-1.0892038,0.6459124,-2.9070082,-12486656
50,49,51,58,"null","null","null",5,22.82215,3.5280137,-0.4185698,1.9147029,-2.238161,-12486656
51,50,52,57,"null","null","null",4,22.822151,3.065712,-0.6167603,3.2309766,-1.4052806,-12486656
52,51,53,56,"null","null","null",3,22.822151,2.3408208,-0.85625637,3.8025498,-0.34808022,-12486656
53,52,54,55,"null","null","null",2,3.1786127,1.6917281,-2.1268067,3.5885556,-0.5755012,-12486656
60,48,61,68,"null","null","null",5,22.82215,0.48358452,-3.405888,1.9384005,-2.4870446,-11184866
61,60,62,67,"null","null","null",4,22.82215,0.65809226,-2.752129,0.8675231,-3.4687877,-12486656
62,61,63,66,"null","null","null",3,22.82215,1.7924187,-2.1365566,0.4628849,-3.622961,-16731116
63,62,64,65,"null","null","null",2,22.82215,2.8755634,-1.1971815,0.6376133,-3.1081553,-16731116
