index,parent,child1,child2,name1,name2,common,richness,lengthbr,hxmax,hxmin,hymax,hymin,color
0,-268433367,1,74,"null","null","null",38,80.05104,0.5755006,-3.3982806,1.6917318,-2.8129413,-16731116
1,0,2,41,"null","null","null",37,79.464165,0.9035156,-2.7277648,0.42326772,-3.5743203,-16731116
2,1,3,22,"null","null","null",20,65.925995,2.4241476,-1.9093078,0.52359605,-3.5057995,-16731116
3,2,4,13,"null","null","null",10,50.672157,3.3870234,-0.72600245,0.6580922,-2.8820143,-16731116
4,3,5,10,"null","null","null",5,50.672157,3.5166674,-0.4628849,2.1815815,-2.3054075,-16731116
5,4,6,9,"null","null","null",3,50.672157,2.9699736,-0.6376133,3.381475,-1.1971812,-16731116
6,5,7,8,"null","null","null",2,50.672157,2.279176,-0.64591163,3.795211,-0.3955179,-16731116
10,4,11,12,"null","null","null",2,50.672157,1.443346,-2.010228,0.5234822,-3.7907999,-16731116
13,3,14,19,"null","null","null",5,50.672157,0.63435805,-2.741412,0.8665061,-3.4851902,-16731116
14,13,15,18,"null","null","null",3,50.672157,2.1434085,-2.010228,0.50423723,-3.470642,-16731116
15,14,16,17,"null","null","null",2,50.672157,3.1268032,-0.9791716,0.65274775,-2.8544111,-16731116
19,13,20,21,"null","null","null",2,50.672157,0.8210852,-3.5997555,2.3745217,-0.40725225,-16731116
22,2,23,34,"null","null","null",10,50.672157,0.40148073,-3.410198,1.6207691,-2.6534727,-16731116
23,22,24,31,"null","null","null",6,39.430603,0.8876256,-2.741412,0.41481847,-3.4732883,-16731116
24,23,25,30,"null","null","null",4,30.507679,2.4726562,-2.010228,0.50423723,-3.4551697,-16731116
25,24,26,29,"null","null","null",3,30.507679,3.554825,-0.9791716,0.65274775,-2.834297,-16731116
26,25,27,28,"null","null","null",2,30.507679,3.8270519,-0.44105524,0.9093958,-2.1905582,-16731116
31,23,32,33,"null","null","null",2,15.2538395,0.8210852,-3.5997555,2.3745217,-0.40725225,-16777216
34,22,35,38,"null","null","null",4,30.507679,1.5501386,-2.9140093,3.120005,-0.31738168,-16731116
35,34,36,37,"null","null","null",2,30.507679,0.4136024,-3.5997543,2.374522,-0.66423035,-16731116
38,34,39,40,"null","null","null",2,30.507679,3.3284106,-0.28912848,2.5945,-1.4052829,-16731116
41,1,42,63,"null","null","null",17,62.349503,0.79509544,-3.6646087,2.551959,-1.2045282,-16731116
42,41,43,56,"null","null","null",11,52.769615,0.55929846,-3.4755561,1.6207691,-2.662628,-16731116
43,42,44,51,"null","null","null",7,42.82294,0.66423047,-2.8263776,0.41481847,-3.4851902,-16731116
44,43,45,48,"null","null","null",4,30.507679,2.1434085,-2.120683,0.50423723,-3.470642,-16731116
45,44,46,47,"null","null","null",2,30.507679,3.1268032,-0.9791716,0.65274775,-2.8544111,-16731116
48,44,49,50,"null","null","null",2,30.507679,0.44286343,-3.7111778,1.8611681,-1.791438,-16731116
51,43,52,55,"null","null","null",3,24.176764,0.8210852,-3.7909281,2.3745217,-0.47381568,-16731116
52,51,53,54,"null","null","null",2,24.176764,0.5419744,-3.7111778,1.8611681,-1.791438,-16731116
56,42,57,62,"","null","Banjo Frogs",4,30.507679,1.6001921,-3.0610657,3.120005,-0.31738168,-16731116
57,56,58,61,"null","null","null",3,30.507679,0.4136024,-3.7909274,2.374522,-0.66423035,-16731116
58,57,59,60,"null","null","null",2,30.507679,0.5419741,-3.7111783,1.8611695,-1.7914354,-16731116
63,41,64,71,"null","null","null",6,39.430603,2.5840383,-1.5287685,3.4890294,-0.73706806,-16731116
64,63,65,68,"null","null","null",4,39.430603,1.55014,-2.9140086,3.1200051,-0.59051716,-16731116
65,64,66,67,"null","null","null",2,39.430603,0.4136024,-3.5997543,2.374522,-0.66423035,-12486656
68,64,69,70,"null","null","null",2,39.430603,3.328412,-0.2891284,2.5944989,-1.4052835,-16731116
71,63,72,73,"null","null","null",2,39.430603,3.81672,-0.67175376,0.7310606,-2.238162,-16731116
