index,parent,child1,child2,name1,name2,common,richness,lengthbr,hxmax,hxmin,hymax,hymin,color
0,-268361722,1,149,"null","null","null",306,62.6,2.489214,-1.9093078,0.48358512,-3.4975019,-16731116
1,0,2,144,"RANIDAE","null","null",293,39.8,3.4716098,-0.6457069,0.6580922,-2.8712275,-16731116
2,1,3,135,"null","null","null",290,39.727886,3.6266298,-0.4628849,2.1128843,-2.1562386,-16731116
3,2,4,88,"null","null","null",285,39.606026,3.1129246,-0.6376133,3.2921684,-1.0032616,-16731116
4,3,5,71,"null","null","null",212,32.399998,2.4650123,-1.6620255,3.6791127,-0.3955179,-16731116
5,4,6,64,"null","null","null",203,32.137608,1.3321655,-2.9965181,3.3117235,-0.6042887,-16731116
6,5,7,61,"null","null","null",199,32.137608,0.32388148,-3.6018043,2.638908,-1.2275922,-16731116
7,6,8,45,"null","null","null",145,30.102411,0.5592989,-3.393909,1.7338018,-2.692609,-16731116
8,7,9,-268335104,"null","null","null",88,27.081745,0.7901225,-2.7202363,0.52431774,-3.5241628,-16731116
9,8,10,30,"null","null","null",48,23.415455,2.3459005,-1.9945761,0.5042378,-3.5213041,-12486656
10,9,-268337152,11,"null","null","null",40,22.31266,3.3900402,-0.8152332,0.6527479,-2.9202714,-12486656
11,10,12,21,"null","null","null",10,22.31266,0.72912955,-2.7686596,0.88575673,-3.4364274,-12486656
12,11,13,18,"null","null","null",5,22.31266,2.3305721,-2.2165534,0.483974,-3.4921446,-12486656
13,12,14,17,"null","null","null",3,22.31266,3.4735122,-1.0892006,0.64591265,-2.9070063,-16731116
14,13,15,16,"null","null","null",2,22.31266,3.8167205,-0.41857052,0.73107064,-2.2381597,-11513776
18,12,19,20,"null","null","null",2,22.31266,0.48358327,-3.756458,1.9383984,-1.6186465,-11184866
21,11,22,27,"null","null","null",5,22.31266,0.8449197,-3.4762144,2.7277992,-0.816515,-12486656
22,21,23,26,"null","null","null",3,22.31266,0.5235969,-3.3782585,1.9383984,-2.3110435,-12486656
23,22,24,25,"null","null","null",2,22.31266,0.65809244,-2.7162104,0.8675197,-3.239983,-16731116
27,21,28,29,"null","null","null",2,22.31266,2.361208,-0.4184213,3.6646907,-0.79509425,-16731116
30,9,31,40,"null","null","null",8,12.577769,0.4428624,-3.4274416,1.7061949,-2.579044,-16731116
31,30,32,39,"null","null","null",5,12.577769,0.661925,-2.7686596,0.75469065,-3.482712,-16731116
32,31,33,36,"null","null","null",4,12.577769,1.9703119,-2.2165534,0.483974,-3.5523148,-16731116
33,32,34,35,"null","null","null",2,12.577769,3.0051737,-1.0892006,0.64591265,-2.9852276,-12486656
36,32,37,38,"null","null","null",2,12.577769,0.48358327,-3.756458,1.9383984,-1.6186465,-16731116
40,30,41,44,"null","null","null",3,12.577769,1.6917262,-2.7746265,3.1313148,-0.35959634,-16731116
41,40,42,43,"null","null","null",2,12.577769,0.5272789,-3.524505,2.3807096,-0.665,-16731116
45,7,-268333056,46,"null","null","null",57,24.454914,1.4333808,-2.8773644,3.374333,-0.3173806,-16731116
46,45,47,54,"null","null","null",8,12.577769,3.0657115,-0.28912896,2.960422,-1.2264566,-12486656
47,46,48,53,"null","null","null",4,12.577769,2.3408206,-1.3545806,3.4508271,-0.34808072,-16731116
48,47,49,52,"null","null","null",3,12.577769,1.6917262,-2.7746265,3.1313148,-0.57550156,-16731116
49,48,50,51,"null","null","null",2,12.577769,0.5272789,-3.524505,2.3807096,-0.665,-16731116
54,46,55,58,"null","null","null",4,12.577769,3.381478,-1.0121963,0.31716195,-2.9699717,-11184866
55,54,56,57,"null","null","null",2,12.577769,3.7952118,-0.3955187,0.6459114,-2.2791748,-12486656
58,54,59,60,"null","null","null",2,12.577769,0.34453002,-2.8544066,0.9791679,-3.1268075,-8572416
61,6,62,-268332032,"null","null","null",54,24.127882,2.4557223,-1.4707837,3.6846676,-0.7370672,-16731116
62,61,-268336128,63,"null","null","null",31,20.770912,1.600189,-2.8386252,3.374333,-0.5905177,-16731116
64,5,65,70,"null","null","null",4,8.3851795,3.022944,-0.30320084,3.300411,-1.3026779,-12486656
65,64,66,69,"null","null","null",3,8.3851795,2.3134408,-1.0472691,3.7903333,-0.37199068,-12486656
66,65,67,68,"null","null","null",2,8.3851795,1.600189,-2.2880564,3.5116978,-0.5905177,-11184866
71,4,72,87,"null","null","null",9,13.290195,3.6887548,-0.6366811,1.8644058,-2.1905582,-12486656
72,71,73,82,"null","null","null",8,12.577769,3.2310944,-0.6278832,3.0686398,-1.116679,-12486656
73,72,74,79,"null","null","null",5,12.577769,2.5840364,-1.5287752,3.4890308,-0.37199068,-12486656
74,73,75,78,"null","null","null",3,12.577769,1.600189,-2.9140143,3.1200047,-0.5905177,-12486656
75,74,76,77,"null","null","null",2,12.577769,0.4135974,-3.5997574,2.374522,-0.66423035,-12486656
79,73,80,81,"null","null","null",2,12.577769,3.8167205,-0.6717526,0.73106873,-2.2381606,-12486656
82,72,83,86,"null","null","null",3,12.577769,3.4735112,-1.0892012,0.33095616,-2.9070072,-12486656
83,82,84,85,"null","null","null",2,12.577769,3.8167205,-0.41857028,0.73106873,-2.2381606,-12486656
88,3,89,133,"null","null","null",73,30.062517,3.3900387,-0.9169625,0.38394892,-2.834297,-16731116
89,88,90,132,"null","null","null",50,27.410877,3.6128294,-0.44105524,1.9931613,-2.1905582,-16777216
90,89,91,129,"null","null","null",49,27.410877,3.1323915,-0.6278832,3.2360222,-1.151444,-16777216
91,90,92,120,"null","null","null",47,27.410877,2.4557223,-1.5005829,3.7066278,-0.37199068,-16777216
92,91,-268334080,93,"null","null","null",42,27.410877,1.490705,-2.8773644,3.4028807,-0.5905177,-16777216
93,92,94,119,"null","null","null",14,27.410877,3.1946912,-0.28912896,2.9930007,-1.4052784,-16777216
94,93,95,108,"null","null","null",13,27.410877,2.5084941,-1.3385813,3.4931793,-0.34808072,-16777216
95,94,96,107,"null","null","null",7,27.410877,1.6917262,-2.7538273,3.1863725,-0.57550156,-16777216
96,95,97,106,"null","null","null",6,27.410877,0.5272789,-3.4974658,2.4522848,-0.95190483,-16777216
97,96,98,105,"null","null","null",5,27.410877,0.5235972,-3.4058843,1.9383972,-2.4870493,-16777216
98,97,99,104,"null","null","null",4,27.410877,0.6580925,-2.7521236,0.86751616,-3.468789,-16777216
99,98,100,103,"null","null","null",3,27.410877,1.7924293,-2.136553,0.46288618,-3.6229572,-16777216
100,99,101,102,"null","null","null",2,27.410877,2.875571,-1.1971751,0.6376138,-3.108148,-16777216
108,94,109,118,"null","null","null",6,27.410877,3.5147939,-0.70525837,1.7809322,-2.2791748,-16777216
109,108,110,115,"null","null","null",5,27.410877,3.0981073,-0.6042891,3.1510932,-1.4209398,-16777216
110,109,111,114,"null","null","null",3,27.410877,2.3612077,-0.66486126,3.8027484,-0.32388234,-16777216
111,110,112,113,"null","null","null",2,27.410877,1.7788322,-1.961056,3.6551337,-0.55929947,-16777216
115,109,116,117,"null","null","null",2,27.410877,2.7385008,-1.3026739,0.30320135,-3.222693,-16777216
120,91,121,128,"null","null","null",5,27.410877,3.528014,-0.6717526,1.9147055,-2.2381606,-16777216
121,120,122,127,"null","null","null",4,27.410877,3.0657115,-0.61676055,3.230978,-1.4052784,-16777216
122,121,123,126,"null","null","null",3,27.410877,2.3408206,-0.85626006,3.8025498,-0.34808072,-16777216
123,122,124,125,"null","null","null",2,27.410877,1.6917262,-2.1268098,3.5885544,-0.57550156,-16777216
129,90,130,131,"null","null","null",2,27.410877,3.0051725,-1.0892012,0.33095616,-2.9852285,-16777216
133,88,-268338176,134,"null","null","null",23,21.969873,0.6729653,-2.6608229,0.8857572,-3.5046988,-16731116
135,2,136,143,"null","null","null",5,11.277057,2.4726562,-2.010228,0.5234822,-3.4551697,-16731116
136,135,137,140,"null","null","null",4,9.713528,3.554825,-0.72746617,0.65274775,-2.834297,-16731116
137,136,138,139,"null","null","null",2,9.713528,3.8270519,-0.44105524,0.9093958,-2.1905582,-16731116
140,136,141,142,"null","null","null",2,9.713528,0.3708011,-2.5711792,0.8857572,-3.3442597,-16731116
144,1,145,148,"null","null","null",3,7.6977887,0.38339514,-2.560747,0.8665061,-3.7314653,-16731116
145,144,146,147,"null","null","null",2,7.6977887,1.443346,-2.010228,0.50423723,-3.7907999,-16731116
149,0,150,173,"NYCTIBATRACHIDAE","null","null",13,52.0,0.40148073,-3.410198,1.7788374,-2.6534727,-11184866
150,149,151,170,"null","null","null",12,50.37727,0.75179815,-2.741412,0.41481847,-3.4732883,-11184866
151,150,152,163,"null","null","null",10,50.37727,2.2960806,-1.9270635,0.50423723,-3.4551697,-11184866
152,151,153,160,"null","null","null",6,50.37727,3.3252769,-0.72746617,0.65274775,-2.834297,-11184866
153,152,154,159,"null","null","null",4,50.37727,3.528639,-0.44105524,2.026287,-2.1905582,-12486656
154,153,155,158,"null","null","null",3,50.37727,3.022944,-0.6278832,3.2790856,-1.3026779,-11184866
155,154,156,157,"null","null","null",2,50.37727,2.3134408,-0.65274704,3.7626104,-0.37199068,-11184866
160,152,161,162,"null","null","null",2,50.37727,0.3708011,-2.5711792,0.8857572,-3.3442597,-8572416
163,151,164,167,"null","null","null",4,50.37727,0.44286343,-3.2755337,1.9094157,-2.4725404,-11184866
164,163,165,166,"null","null","null",2,50.37727,0.66192496,-2.5711792,0.7546917,-3.3442597,-8572416
167,163,168,169,"null","null","null",2,50.37727,1.6917292,-2.1268039,3.588557,-0.3595974,-11184866
170,150,171,172,"null","null","null",2,50.37727,0.8210852,-3.5997555,2.3745217,-0.40725225,-8572416
