index,parent,child1,child2,name1,name2,common,richness,lengthbr,hxmax,hxmin,hymax,hymin,color
0,-268426226,1,34,"null","null","null",32,12.515726,3.448445,-0.9169619,0.34453022,-2.8342938,-16777216
1,0,2,33,"null","null","null",17,12.515726,3.6887543,-0.441056,1.8644108,-2.190556,-16777216
2,1,3,22,"null","null","null",16,12.515726,3.2310922,-0.62788355,3.068643,-1.116675,-16777216
3,2,4,19,"null","null","null",10,12.515726,2.5840344,-1.4436071,3.4890313,-0.37199152,-16777216
4,3,5,14,"null","null","null",8,12.515726,1.4333774,-2.8032928,3.1200035,-0.59051824,-16777216
5,4,6,13,"null","null","null",5,12.515726,0.4135942,-3.4558153,2.3745208,-0.99775183,-16777216
6,5,7,10,"null","null","null",4,12.515726,0.5419755,-3.2755268,1.9094088,-2.4725502,-16777216
7,6,8,9,"null","null","null",2,12.515726,0.66192514,-2.5711699,0.7546856,-3.344266,-16777216
10,6,11,12,"null","null","null",2,12.515726,1.6917245,-2.1268134,3.5885527,-0.35959482,-16777216
14,4,15,18,"null","null","null",3,12.515726,3.0657103,-0.28912947,3.166747,-1.4052767,-16777216
15,14,16,17,"null","null","null",2,12.515726,2.3408196,-0.65809155,3.7190475,-0.34808123,-16777216
19,3,20,21,"null","null","null",2,12.515726,3.816721,-0.6717514,0.7310724,-2.2381592,-16777216
22,2,23,28,"null","null","null",6,12.515726,3.4068708,-0.9287926,0.33095664,-2.9070053,-16777216
23,22,24,27,"null","null","null",3,12.515726,3.7300858,-0.41857076,1.425116,-2.2381592,-16777216
24,23,25,26,"null","null","null",2,12.515726,3.328404,-0.61676085,2.5945096,-1.4052767,-16777216
28,22,29,32,"null","null","null",3,12.515726,0.35782927,-2.7521253,0.90259767,-3.6251023,-16777216
29,28,30,31,"null","null","null",2,12.515726,1.0880269,-2.1365538,0.46288577,-3.8261664,-16777216
34,0,35,62,"null","null","null",15,12.515726,0.5977216,-2.6488042,0.8857566,-3.4965997,-16777216
35,34,36,53,"null","null","null",14,12.515726,2.1597412,-2.0607424,0.48397422,-3.5703678,-16777216
36,35,37,48,"null","null","null",9,12.515726,3.2514307,-0.8866466,0.64591277,-3.008696,-16777216
37,36,38,43,"null","null","null",6,12.515726,3.5280137,-0.41857076,1.8652986,-2.3703573,-16777216
38,37,39,42,"null","null","null",3,12.515726,3.0657103,-0.61676085,3.166747,-1.4052767,-16777216
39,38,40,41,"null","null","null",2,12.515726,2.3408196,-0.65809155,3.7190475,-0.34808123,-16777216
43,37,44,47,"null","null","null",3,12.515726,1.7924259,-2.1365538,0.60018003,-3.6229587,-16777216
44,43,45,46,"null","null","null",2,12.515726,2.8755686,-1.1971772,0.63761365,-3.1081505,-16777216
48,36,49,52,"null","null","null",3,12.515726,0.35782927,-2.7521253,0.90259767,-3.6251023,-16777216
49,48,50,51,"null","null","null",2,12.515726,1.0880269,-2.1365538,0.46288577,-3.8261664,-16777216
53,35,54,59,"null","null","null",5,12.515726,0.48358285,-3.4058852,2.0181658,-2.6072886,-16777216
54,53,55,58,"null","null","null",3,12.515726,0.6580924,-2.7521253,0.867519,-3.6251023,-16777216
55,54,56,57,"null","null","null",2,12.515726,1.0880269,-2.1365538,0.46288577,-3.8261664,-16777216
59,53,60,61,"null","null","null",2,12.515726,1.7788353,-1.9610502,3.6551359,-0.40147904,-16777216
