index,parent,child1,child2,name1,name2,common,richness,lengthbr,hxmax,hxmin,hymax,hymin,color
0,-268339139,1,24,"null","null","null",23,18.965439,3.528014,-0.6717526,1.8495946,-2.3231177,-16731116
1,0,2,19,"null","null","null",12,18.965439,3.0657115,-0.61676055,3.146334,-1.2264566,-16731116
2,1,3,18,"null","null","null",9,18.965439,2.3408206,-1.3260055,3.6925125,-0.34808072,-16731116
3,2,4,15,"null","null","null",8,18.965439,1.674933,-2.7374787,3.4455056,-0.57550156,-16731116
4,3,5,10,"null","null","null",6,18.965439,0.33848524,-3.4762127,2.7891576,-0.8165185,-12486656
5,4,6,9,"null","null","null",3,18.965439,0.5235972,-3.3782551,1.9383972,-2.311047,-16731116
6,5,7,8,"null","null","null",2,18.965439,0.6580925,-2.7162058,0.86751616,-3.2399864,-16731116
10,4,11,14,"null","null","null",3,18.965439,2.3612077,-0.66486126,3.8027484,-0.7950939,-11184866
11,10,12,13,"null","null","null",2,18.965439,1.7788322,-1.961056,3.6551337,-0.55929947,-3014646
15,3,16,17,"null","null","null",2,18.965439,3.424866,-0.2750013,2.4441643,-1.5045784,-16731116
19,1,20,23,"null","null","null",3,18.965439,3.381478,-1.1971774,0.31716195,-2.9699717,-16731116
20,19,21,22,"null","null","null",2,18.965439,3.7952118,-0.3955187,0.6459114,-2.2791748,-16731116
24,0,25,44,"null","null","null",11,18.965439,2.0156589,-2.1365545,0.60018086,-3.516667,-12486656
25,24,26,39,"null","null","null",10,18.965439,3.165772,-1.0032575,0.63761365,-2.9699717,-12486656
26,25,27,38,"null","null","null",7,18.965439,3.5147939,-0.3955187,1.7809322,-2.2791748,-12486656
27,26,28,33,"null","null","null",6,18.965439,3.0981073,-0.6042891,3.1510932,-1.3321618,-11184866
28,27,29,32,"null","null","null",3,18.965439,2.3612077,-0.66486126,3.8027484,-0.32388234,-8572416
29,28,30,31,"null","null","null",2,18.965439,1.7788322,-1.961056,3.6551337,-0.55929947,-16777216
33,27,34,37,"null","null","null",3,18.965439,3.2790897,-1.3026739,0.30320135,-3.0229423,-12486656
34,33,35,36,"null","null","null",2,18.965439,3.7626119,-0.37199152,0.6527468,-2.3134396,-8572416
39,25,40,43,"null","null","null",3,18.965439,0.34453002,-2.8342943,0.9791679,-3.5548282,-12486656
40,39,41,42,"null","null","null",2,18.965439,0.90940213,-2.1905565,0.441056,-3.8270524,-12486656
