index,parent,child1,child2,name1,name2,common,richness,lengthbr,hxmax,hxmin,hymax,hymin,color
0,-268361654,1,46,"null","null","null",26,44.51405,0.9035135,-2.7891607,0.33849102,-3.5064235,-16731116
1,0,2,43,"null","null","null",23,44.51405,2.424146,-2.0181713,0.52359575,-3.417535,-16731116
2,1,3,30,"null","null","null",21,44.51405,3.3870227,-0.6457088,0.65809214,-2.7672708,-16731116
3,2,4,19,"null","null","null",14,44.51405,3.5166678,-0.46288455,2.0156515,-2.15624,-16731116
4,3,5,14,"null","null","null",8,44.51405,2.9699745,-0.6376132,3.1657674,-1.0032632,-16731116
5,4,6,13,"null","null","null",5,44.51405,2.2791767,-1.7809258,3.514793,-0.39551753,-16731116
6,5,7,12,"null","null","null",4,44.51405,1.5045831,-3.1510897,3.0981088,-0.60428846,-16731116
7,6,8,11,"null","null","null",3,44.51405,0.32388112,-3.8027492,2.3612084,-0.6648505,-12486656
8,7,9,10,"null","null","null",2,44.51405,0.55929863,-3.655138,1.7788366,-1.9610461,-16731116
14,4,15,18,"null","null","null",3,44.51405,3.5548244,-0.9791734,0.34452933,-2.8342981,-16731116
15,14,16,17,"null","null","null",2,44.51405,3.827052,-0.4410549,0.90939295,-2.1905591,-16731116
19,3,20,29,"null","null","null",6,44.51405,2.3870003,-2.0102289,0.5234828,-3.4551704,-16731116
20,19,21,26,"null","null","null",5,44.51405,3.4434738,-0.72746825,0.6527477,-2.8342981,-16731116
21,20,22,25,"null","null","null",3,44.51405,3.6822963,-0.4410549,1.6104459,-2.1905591,-16731116
22,21,23,24,"null","null","null",2,44.51405,3.2226985,-0.6278831,2.7384934,-1.3026792,-16731116
26,20,27,28,"null","null","null",2,44.51405,0.3708009,-2.5711813,0.88575745,-3.344258,-16731116
30,2,31,42,"null","null","null",7,44.51405,0.8217356,-2.5607486,0.86650646,-3.4732878,-16731116
31,30,32,41,"null","null","null",6,44.51405,2.3870003,-2.0102289,0.50423694,-3.4551704,-16731116
32,31,33,38,"null","null","null",5,44.51405,3.4434738,-0.72746825,0.6527477,-2.8342981,-16731116
33,32,34,37,"null","null","null",3,44.51405,3.6822963,-0.4410549,1.6104459,-2.1905591,-12486656
34,33,35,36,"null","null","null",2,44.51405,3.2226985,-0.6278831,2.7384934,-1.3026792,-12486656
38,32,39,40,"null","null","null",2,44.51405,0.3708009,-2.5711813,0.88575745,-3.344258,-16731116
43,1,44,45,"null","null","null",2,44.51405,0.4014814,-3.6551383,1.7788389,-1.9610431,-16731116
46,0,47,50,"null","null","null",3,44.51405,0.7950959,-3.8027477,2.361209,-0.6648466,-16731116
47,46,48,49,"null","null","null",2,44.51405,0.5592982,-3.6551383,1.7788389,-1.9610431,-16731116
