index,parent,child1,child2,name1,name2,common,richness,lengthbr,hxmax,hxmin,hymax,hymin,color
0,-268361723,1,136,"DICROGLOSSIDAE","null","null",153,58.300003,0.93440056,-2.6885962,0.84492064,-3.512798,-16731116
1,0,2,116,"null","null","null",131,53.4,2.464298,-1.9093078,0.52359605,-3.4258206,-16731116
2,1,3,99,"null","null","null",82,48.325962,3.439219,-0.763765,0.6580922,-2.7780418,-12486656
3,2,4,95,"null","null","null",73,47.070736,3.5845218,-0.4628849,2.129327,-2.1702433,-16731116
4,3,5,54,"null","null","null",46,41.871338,3.0581841,-0.6376133,3.313544,-1.0032616,-16731116
5,4,6,47,"null","null","null",25,35.202732,2.3938498,-1.6061828,3.706901,-0.3955179,-16731116
6,5,7,28,"null","null","null",21,33.295944,1.4246768,-2.9239225,3.3478484,-0.6042887,-16731116
7,6,8,23,"null","null","null",11,26.224207,0.32388148,-3.5074303,2.6858704,-1.2045312,-16731116
8,7,9,16,"null","null","null",8,22.741488,0.5592989,-3.2712228,1.6207671,-2.6626298,-16731116
9,8,10,15,"null","null","null",4,15.160992,0.6642305,-2.5607443,0.6411284,-3.48519,-16731116
10,9,11,14,"null","null","null",3,12.014802,2.143413,-2.010226,0.5042378,-3.4706397,-16731116
11,10,12,13,"null","null","null",2,12.014802,3.1268065,-0.9791694,0.6527479,-2.8544078,-16731116
16,8,17,22,"null","null","null",4,15.160992,1.600189,-3.0610695,3.1200047,-0.3173806,-16731116
17,16,18,21,"null","null","null",3,15.160992,0.4135974,-3.790929,2.374522,-0.66423035,-16731116
18,17,19,20,"null","null","null",2,15.160992,0.54197484,-3.7111773,1.8611662,-1.7914411,-16731116
23,7,24,27,"null","null","null",3,12.014802,2.3134408,-1.0472691,3.7903333,-0.7370672,-8572416
24,23,25,26,"null","null","null",2,12.014802,1.600189,-2.2880564,3.5116978,-0.5905177,-11184866
28,6,29,38,"null","null","null",10,25.181862,3.2310944,-0.30320084,3.0686398,-1.116679,-16731116
29,28,30,35,"null","null","null",5,17.601366,2.5840364,-1.5287752,3.4890308,-0.37199068,-16731116
30,29,31,34,"null","null","null",3,17.601366,1.600189,-2.9140143,3.1200047,-0.5905177,-16731116
31,30,32,33,"null","null","null",2,17.601366,0.4135974,-3.5997574,2.374522,-0.66423035,-16731116
35,29,36,37,"null","null","null",2,17.601366,3.8167205,-0.6717526,0.73106873,-2.2381606,-16731116
38,28,39,44,"null","null","null",5,17.601366,3.40687,-0.92879295,0.33095616,-2.9070072,-16731116
39,38,40,43,"null","null","null",3,17.601366,3.7300868,-0.41857028,1.4251122,-2.2381606,-16731116
40,39,41,42,"null","null","null",2,17.601366,3.328406,-0.61676055,2.5945067,-1.4052784,-16731116
44,38,45,46,"null","null","null",2,17.601366,0.357829,-2.7162097,0.902598,-3.239984,-11513776
47,5,48,53,"null","null","null",4,15.160992,3.528639,-0.6366811,2.026287,-2.1905582,-16731116
48,47,49,52,"null","null","null",3,15.160992,3.022944,-0.6278832,3.2790856,-1.3026779,-16731116
49,48,50,51,"null","null","null",2,15.160992,2.3134408,-0.65274704,3.7626104,-0.37199068,-16731116
54,4,55,86,"null","null","null",21,33.295944,3.4309173,-0.9169625,0.38394892,-2.834297,-12486656
55,54,56,85,"null","null","null",16,30.321983,3.6659718,-0.44105524,1.9931613,-2.1905582,-12486656
56,55,57,82,"null","null","null",15,30.321983,3.2014763,-0.6278832,3.2360222,-1.151444,-12486656
57,56,58,77,"null","null","null",13,30.321983,2.5455327,-1.4436038,3.7066278,-0.37199068,-12486656
58,57,59,70,"null","null","null",10,30.321983,1.4333808,-2.8032913,3.4028807,-0.5905177,-12486656
59,58,60,65,"null","null","null",6,30.321983,0.29949018,-3.4558175,2.742261,-0.99774426,-11184866
60,59,61,64,"null","null","null",3,30.321983,0.54197484,-3.2755322,1.8611662,-2.472543,-11513776
61,60,62,63,"null","null","null",2,30.321983,0.661925,-2.5711775,0.75469065,-3.3442605,-11513776
65,59,66,69,"null","null","null",3,30.321983,2.3408206,-0.85626006,3.8025498,-0.76705146,-11184866
66,65,67,68,"null","null","null",2,30.321983,1.6917262,-2.1268098,3.5885544,-0.57550156,-3014646
70,58,71,74,"null","null","null",4,30.321983,3.0657115,-0.28912896,3.1667447,-1.2878697,-12486656
71,70,72,73,"null","null","null",2,30.321983,2.3408206,-0.65809166,3.7190466,-0.34808072,-12486656
74,70,75,76,"null","null","null",2,30.321983,2.8755677,-1.1971774,0.31716195,-3.108151,-12486656
77,57,78,81,"null","null","null",3,30.321983,3.7300868,-0.6717526,1.4251122,-2.2381606,-12486656
78,77,79,80,"null","null","null",2,30.321983,3.328406,-0.61676055,2.5945067,-1.4052784,-12486656
82,56,83,84,"null","null","null",2,30.321983,3.0051725,-1.0892012,0.33095616,-2.9852285,-16731116
86,54,87,94,"null","null","null",5,30.321983,0.7291279,-2.6608229,0.8857572,-3.436427,-16731116
87,86,88,93,"null","null","null",4,30.321983,2.3305707,-2.0763655,0.4839738,-3.492145,-16731116
88,87,89,92,"null","null","null",3,30.321983,3.4735112,-1.0892012,0.6459125,-2.9070072,-16731116
89,88,90,91,"null","null","null",2,30.321983,3.8167205,-0.41857028,0.73106873,-2.2381606,-11513776
95,3,96,98,"null","null","null",27,36.442135,2.3458974,-2.010228,0.5234822,-3.48668,-12486656
96,95,-268350464,97,"null","null","null",26,36.442135,3.3900387,-0.9791716,0.65274775,-2.8752604,-12486656
99,2,100,111,"null","null","null",9,24.029604,0.8217374,-2.8263776,0.8665061,-3.4732883,-11184866
100,99,101,108,"null","null","null",6,24.029604,2.3870018,-2.120683,0.50423723,-3.4551697,-11184866
101,100,102,107,"null","null","null",4,24.029604,3.443474,-0.9791716,0.65274775,-2.834297,-11184866
102,101,103,106,"null","null","null",3,24.029604,3.6822953,-0.44105524,1.6104487,-2.1905582,-11184866
103,102,104,105,"null","null","null",2,24.029604,3.222697,-0.6278832,2.7384958,-1.3026779,-11184866
108,100,109,110,"null","null","null",2,24.029604,0.44286343,-3.7111778,1.8611681,-1.791438,-8572416
111,99,112,115,"null","null","null",3,24.029604,0.8210852,-3.7909281,2.3745217,-0.47381568,-11184866
112,111,113,114,"null","null","null",2,24.029604,0.5419744,-3.7111778,1.8611681,-1.791438,-11184866
116,1,117,133,"null","null","null",49,42.56229,0.40148073,-3.410198,1.7948564,-2.672118,-16731116
117,116,118,130,"null","null","null",47,42.106544,0.82467735,-2.741412,0.41481847,-3.4975271,-16731116
118,117,119,123,"null","null","null",45,41.630978,2.3908236,-1.9270635,0.50423723,-3.48668,-12486656
119,118,-268351488,120,"null","null","null",41,40.612907,3.4484427,-0.72746617,0.65274775,-2.8752604,-12486656
120,119,121,122,"null","null","null",2,7.580496,0.3708011,-2.5711792,0.8857572,-3.3442597,-12486656
123,118,124,127,"null","null","null",4,15.160992,0.44286343,-3.2755337,1.9094157,-2.4725404,-12486656
124,123,125,126,"null","null","null",2,15.160992,0.66192496,-2.5711792,0.7546917,-3.3442597,-12486656
127,123,128,129,"null","null","null",2,15.160992,1.6917292,-2.1268039,3.588557,-0.3595974,-16731116
130,117,131,132,"null","null","null",2,7.580496,0.8210852,-3.5997555,2.3745217,-0.40725225,-16731116
133,116,134,135,"null","null","null",2,7.580496,1.6001921,-2.2880507,3.511701,-0.31738168,-16731116
136,0,137,160,"null","null","null",22,35.777145,0.79509544,-3.5764797,2.551959,-1.1974858,-16731116
137,136,138,155,"null","null","null",12,28.76145,0.55929846,-3.3609884,1.6207691,-2.6534727,-16731116
138,137,139,148,"null","null","null",9,28.76145,0.8876256,-2.6774395,0.41481847,-3.4732883,-16731116
139,138,140,145,"null","null","null",5,28.76145,2.4726562,-2.120683,0.50423723,-3.4551697,-16731116
140,139,141,144,"null","null","null",3,28.76145,3.554825,-0.9791716,0.65274775,-2.834297,-16731116
141,140,142,143,"null","null","null",2,28.76145,3.8270519,-0.44105524,0.9093958,-2.1905582,-16731116
145,139,146,147,"null","null","null",2,28.76145,0.44286343,-3.7111778,1.8611681,-1.791438,-16731116
148,138,149,154,"null","null","null",4,28.76145,0.8210852,-3.4558172,2.3745217,-0.9977406,-16731116
149,148,150,153,"null","null","null",3,28.76145,0.5419744,-3.2755337,1.8611681,-2.4725404,-16731116
150,149,151,152,"null","null","null",2,28.76145,0.66192496,-2.5711792,0.7546917,-3.3442597,-16731116
155,137,156,159,"null","null","null",3,28.76145,1.6001921,-2.9140093,3.120005,-0.31738168,-12486656
156,155,157,158,"null","null","null",2,28.76145,0.4136024,-3.5997543,2.374522,-0.66423035,-12486656
160,136,161,174,"null","null","null",10,26.651176,2.545536,-1.4749854,3.4890294,-0.73706806,-12486656
161,160,162,171,"null","null","null",7,26.651176,1.55014,-2.8440905,3.1200051,-0.59051716,-11184866
162,161,163,170,"null","null","null",5,26.651176,0.4136024,-3.5088606,2.374522,-1.1988025,-11184866
163,162,164,169,"null","null","null",4,26.651176,0.5419741,-3.3444915,1.8611695,-2.733922,-11184866
164,163,165,168,"null","null","null",3,26.651176,0.6619249,-2.6608248,0.7546936,-3.6840575,-11184866
165,164,166,167,"null","null","null",2,26.651176,1.2662389,-2.0763667,0.4839735,-3.8140662,-11184866
171,161,172,173,"null","null","null",2,26.651176,3.328412,-0.2891284,2.5944989,-1.4052835,-11184866
174,160,175,178,"null","null","null",3,26.651176,3.7300897,-0.67175376,1.4251032,-2.238162,-16731116
175,174,176,177,"null","null","null",2,26.651176,3.328412,-0.61676,2.5944989,-1.4052835,-16731116
