index,parent,child1,child2,name1,name2,common,richness,lengthbr,hxmax,hxmin,hymax,hymin,color
0,-268358652,1,76,"null","null","null",39,16.399294,3.3900375,-0.9791734,0.3469143,-2.8752618,-16731116
1,0,2,61,"null","null","null",38,16.28302,3.6128297,-0.4410549,1.9450172,-2.2438118,-16731116
2,1,3,60,"null","null","null",30,15.224867,3.1323924,-0.6278831,3.1734364,-1.3026792,-16731116
3,2,4,51,"null","null","null",29,15.224867,2.4557233,-1.4749882,3.625268,-0.37199032,-16731116
4,3,5,38,"null","null","null",24,14.226004,1.4333824,-2.8440928,3.297114,-0.59051746,-16731116
5,4,6,29,"null","null","null",17,14.226004,0.29948983,-3.5088608,2.6047637,-1.052279,-16731116
6,5,7,24,"null","null","null",12,14.226004,0.54197454,-3.3444896,1.7061961,-2.5434394,-16731116
7,6,8,23,"null","null","null",9,14.226004,0.66192496,-2.6608222,0.75469065,-3.4364274,-16731116
8,7,9,22,"null","null","null",8,14.226004,2.1597397,-2.076365,0.483974,-3.4921446,-16731116
9,8,10,21,"null","null","null",7,14.226004,3.25143,-1.0892006,0.64591265,-2.9070063,-16731116
10,9,11,20,"null","null","null",6,14.226004,3.5280137,-0.41857052,1.706587,-2.2381597,-16731116
11,10,12,19,"null","null","null",5,14.226004,3.0657108,-0.6167606,2.960423,-1.4052775,-16731116
12,11,13,18,"null","null","null",4,14.226004,2.3408198,-1.3545825,3.4508271,-0.34808096,-16731116
13,12,14,17,"null","null","null",3,14.226004,1.6917254,-2.7746282,3.1313143,-0.5755017,-16731116
14,13,15,16,"null","null","null",2,14.226004,0.5272785,-3.5245056,2.3807092,-0.665,-16731116
24,6,25,28,"null","null","null",3,14.226004,1.6917278,-2.7746243,3.1313148,-0.35959697,-16731116
25,24,26,27,"null","null","null",2,14.226004,0.52728057,-3.5245035,2.3807096,-0.665,-16731116
29,5,30,37,"null","null","null",5,14.226004,2.340821,-1.4981482,3.4931793,-0.76705194,-16731116
30,29,31,36,"null","null","null",4,14.226004,1.6917278,-2.9612656,3.1863737,-0.5755013,-16731116
31,30,32,35,"null","null","null",3,14.226004,0.52728057,-3.767137,2.4522865,-0.665,-16731116
32,31,33,34,"null","null","null",2,14.226004,0.5235969,-3.756458,1.9383984,-1.6186465,-16731116
38,4,39,46,"null","null","null",7,14.226004,3.0657122,-0.28912875,2.9604201,-1.2264582,-16731116
39,38,40,45,"null","null","null",4,14.226004,2.340821,-1.354578,3.4508262,-0.34808034,-16731116
40,39,41,44,"null","null","null",3,14.226004,1.6917278,-2.7746243,3.1313148,-0.5755013,-16731116
41,40,42,43,"null","null","null",2,14.226004,0.52728057,-3.5245035,2.3807096,-0.665,-16731116
46,38,47,50,"null","null","null",3,14.226004,3.3814769,-1.1971791,0.31716174,-2.9699724,-16731116
47,46,48,49,"null","null","null",2,14.226004,3.7952118,-0.39551836,0.6459115,-2.2791753,-16731116
51,3,52,57,"null","null","null",5,7.204368,3.5280137,-0.6717531,1.8652927,-2.4606743,-16731116
52,51,53,56,"null","null","null",3,7.204368,3.0657122,-0.6167604,3.1667428,-1.40528,-16731116
53,52,54,55,"null","null","null",2,7.204368,2.340821,-0.6580918,3.7190456,-0.34808034,-16731116
57,51,58,59,"null","null","null",2,7.204368,1.0880233,-2.1365554,0.6001814,-3.8261666,-16731116
61,1,62,73,"null","null","null",8,9.308257,2.1597364,-2.2165554,0.56239915,-3.4921455,-16731116
62,61,63,70,"null","null","null",6,9.308257,3.2514281,-0.87068796,0.6459124,-2.9070082,-16731116
63,62,64,69,"null","null","null",4,9.308257,3.5280137,-0.41856992,1.8652927,-2.238161,-16731116
64,63,65,68,"null","null","null",3,9.308257,3.0657122,-0.6167604,3.1667428,-1.40528,-16731116
65,64,66,67,"null","null","null",2,9.308257,2.340821,-0.6580918,3.7190456,-0.34808034,-16731116
70,62,71,72,"null","null","null",2,9.308257,0.3578288,-2.7162118,0.90259826,-3.2399821,-12486656
73,61,74,75,"null","null","null",2,9.308257,0.48358428,-3.7564583,1.9384001,-1.6186436,-11513776
