index,parent,child1,child2,name1,name2,common,richness,lengthbr,hxmax,hxmin,hymax,hymin,color
0,-268426230,1,112,"null","null","null",58,14.663376,0.81431246,-2.7414112,0.866505,-3.497528,-16731116
1,0,2,77,"null","null","null",56,14.536652,2.377347,-1.9535991,0.50423795,-3.4866781,-16731116
2,1,3,68,"null","null","null",38,13.136324,3.4309192,-0.8051311,0.652748,-2.875257,-16731116
3,2,4,55,"null","null","null",33,13.136324,3.6659708,-0.441056,1.9801723,-2.2438078,-16731116
4,3,5,30,"null","null","null",26,13.136324,3.2014735,-0.62788355,3.219133,-1.116675,-16731116
5,4,6,25,"null","null","null",13,13.136324,2.54553,-1.4749951,3.684668,-0.37199152,-16731116
6,5,7,20,"null","null","null",10,13.136324,1.4333774,-2.8440971,3.3743312,-0.59051824,-16731116
7,6,8,17,"null","null","null",7,13.136324,0.29949108,-3.508861,2.705147,-1.1988146,-16731116
8,7,9,14,"null","null","null",5,13.136324,0.5419755,-3.3444862,1.9094088,-2.7339318,-16731116
9,8,10,13,"null","null","null",3,13.136324,0.66192514,-2.6608171,0.7546856,-3.684062,-12486656
10,9,11,12,"null","null","null",2,13.136324,1.2662525,-2.0763617,0.48397505,-3.814065,-12486656
14,8,15,16,"null","null","null",2,13.136324,1.6917245,-2.1268134,3.5885527,-0.35959482,-16731116
17,7,18,19,"null","null","null",2,13.136324,2.3408196,-0.4290243,3.7190475,-0.7670504,-16731116
20,6,21,24,"null","null","null",3,13.136324,3.0657103,-0.28912947,3.166747,-1.4052767,-12486656
21,20,22,23,"null","null","null",2,13.136324,2.3408196,-0.65809155,3.7190475,-0.34808123,-12486656
25,5,26,29,"null","null","null",3,13.136324,3.7300858,-0.6717514,1.425116,-2.2381592,-16731116
26,25,27,28,"null","null","null",2,13.136324,3.328404,-0.61676085,2.5945096,-1.4052767,-16731116
30,4,31,50,"null","null","null",13,13.136324,3.3785977,-0.9287926,0.33095664,-2.9070053,-12486656
31,30,32,49,"null","null","null",10,13.136324,3.6933308,-0.41857076,1.7316486,-2.2381592,-12486656
32,31,33,48,"null","null","null",9,13.136324,3.2806225,-0.61676085,2.993002,-1.4052767,-12486656
33,32,34,43,"null","null","null",8,13.136324,2.6202052,-1.4981532,3.4931788,-0.34808123,-12486656
34,33,35,40,"null","null","null",5,13.136324,1.6749309,-2.961269,3.1863706,-0.5755019,-11184866
35,34,36,39,"null","null","null",3,13.136324,0.52727723,-3.7671375,2.4522824,-0.665,-11184866
36,35,37,38,"null","null","null",2,13.136324,0.5235976,-3.756456,1.9383955,-1.6186541,-3014646
40,34,41,42,"null","null","null",2,13.136324,3.4248652,-0.2750016,2.4441652,-1.5045781,-11513776
43,33,44,47,"null","null","null",3,13.136324,3.7661464,-0.70525765,1.2371417,-2.2791743,-12486656
44,43,45,46,"null","null","null",2,13.136324,3.4248652,-0.6042892,2.4441652,-1.5045781,-12486656
50,30,51,54,"null","null","null",3,13.136324,0.35782927,-2.7521253,0.90259767,-3.6251023,-16731116
51,50,52,53,"null","null","null",2,13.136324,1.0880269,-2.1365538,0.46288577,-3.8261664,-16731116
55,3,56,63,"null","null","null",7,13.136324,2.2793105,-2.0484633,0.56239724,-3.492144,-16731116
56,55,57,62,"null","null","null",4,13.136324,3.4068708,-1.0891994,0.64591277,-2.9070053,-16731116
57,56,58,61,"null","null","null",3,13.136324,3.7300858,-0.41857076,1.425116,-2.2381592,-16731116
58,57,59,60,"null","null","null",2,13.136324,3.328404,-0.61676085,2.5945096,-1.4052767,-12486656
63,55,64,67,"null","null","null",3,13.136324,0.48358285,-3.3782573,1.9383985,-2.311044,-16731116
64,63,65,66,"null","null","null",2,13.136324,0.6580924,-2.716209,0.867519,-3.2399843,-16731116
68,2,69,74,"null","null","null",5,13.136324,0.45200825,-2.7459316,0.8857566,-3.482712,-16731116
69,68,70,73,"null","null","null",3,13.136324,1.9703138,-2.0763643,0.48397422,-3.5523138,-16731116
70,69,71,72,"null","null","null",2,13.136324,3.005175,-1.0891994,0.64591277,-2.9852262,-16731116
74,68,75,76,"null","null","null",2,13.136324,0.84491944,-3.5245032,2.3807092,-0.39556205,-12486656
77,1,78,103,"null","null","null",18,10.437927,0.44286197,-3.3352451,1.7306662,-2.6213481,-12486656
78,77,79,102,"","null","Snouted Frogs",13,9.262737,0.66192496,-2.6488042,0.7546901,-3.5377078,-12486656
79,78,80,91,"null","null","null",12,9.262737,2.1597412,-2.0607424,0.48397422,-3.6238084,-12486656
80,79,81,90,"null","null","null",6,9.262737,3.2514307,-1.0891994,0.64591277,-3.0781689,-12486656
81,80,82,87,"null","null","null",5,9.262737,3.5280137,-0.41857076,1.8652986,-2.4606717,-12486656
82,81,83,86,"null","null","null",3,9.262737,3.0657103,-0.61676085,3.166747,-1.4052767,-12486656
83,82,84,85,"null","null","null",2,9.262737,2.3408196,-0.65809155,3.7190475,-0.34808123,-12486656
87,81,88,89,"null","null","null",2,9.262737,1.0880269,-2.1365538,0.60018003,-3.8261664,-12486656
91,79,92,97,"null","null","null",6,9.262737,0.48358285,-3.4058852,1.7993804,-2.6072886,-12486656
92,91,93,96,"null","null","null",3,9.262737,0.6580924,-2.7521253,0.867519,-3.6251023,-11184866
93,92,94,95,"null","null","null",2,9.262737,1.0880269,-2.1365538,0.46288577,-3.8261664,-8572416
97,91,98,101,"null","null","null",3,9.262737,1.7788353,-2.6272726,3.1628685,-0.40147904,-12486656
98,97,99,100,"null","null","null",2,9.262737,0.641129,-3.4392254,2.4198835,-0.6642305,-12486656
103,77,104,109,"null","null","null",5,5.812123,1.6749359,-2.9612648,3.1863742,-0.35959655,-12486656
104,103,105,108,"null","null","null",3,5.812123,0.5272817,-3.7671363,2.4522867,-0.665,-16731116
105,104,106,107,"null","null","null",2,5.812123,0.5235968,-3.7564573,1.9383985,-1.6186471,-16731116
109,103,110,111,"null","null","null",2,5.812123,3.4248688,-0.27500102,2.444159,-1.5045819,-8572416
112,0,113,114,"","null","Cape Toads",2,2.5031452,0.8210844,-3.5997567,2.3745215,-0.40725267,-12486656
