index,parent,child1,child2,name1,name2,common,richness,lengthbr,hxmax,hxmin,hymax,hymin,color
0,-268378104,1,54,"null","null","null",29,67.098816,2.4882057,-2.0181732,0.48358634,-3.4175363,-12486656
1,0,2,35,"null","null","null",27,67.098816,3.470302,-0.6277564,0.6580921,-2.7672725,-12486656
2,1,3,28,"null","null","null",17,67.098816,3.6249325,-0.46288425,2.0156493,-2.1562414,-11184866
3,2,4,19,"null","null","null",13,67.098816,3.1107192,-0.637613,3.1657662,-1.003265,-11184866
4,3,5,14,"null","null","null",8,67.098816,2.4621441,-1.7809231,3.514793,-0.39551717,-11184866
5,4,6,11,"null","null","null",5,67.098816,1.4209485,-3.1510878,3.0981092,-0.6042883,-11184866
6,5,7,10,"null","null","null",3,67.098816,0.32388073,-3.8027482,2.361209,-0.6648486,-8572416
7,6,8,9,"null","null","null",2,67.098816,0.5592984,-3.655138,1.7788378,-1.9610449,-8572416
11,5,12,13,"null","null","null",2,67.098816,3.2227004,-0.30320042,2.7384913,-1.3026809,-12486656
14,4,15,18,"null","null","null",3,67.098816,3.6822972,-0.63668215,1.610443,-2.1905596,-8572416
15,14,16,17,"null","null","null",2,67.098816,3.2227004,-0.62788296,2.7384913,-1.3026809,-8572416
19,3,20,27,"null","null","null",5,67.098816,3.325275,-0.979175,0.40942526,-2.8342993,-11184866
20,19,21,26,"null","null","null",4,67.098816,3.5286393,-0.44105458,2.0262823,-2.1905596,-11184866
21,20,22,25,"null","null","null",3,67.098816,3.0229454,-0.62788296,3.2790823,-1.3026809,-11184866
22,21,23,24,"null","null","null",2,67.098816,2.3134418,-0.6527472,3.7626092,-0.37198997,-12486656
28,2,29,34,"null","null","null",4,67.098816,2.4726522,-2.01023,0.52348334,-3.455171,-12486656
29,28,30,33,"null","null","null",3,67.098816,3.5548232,-0.979175,0.6527476,-2.8342993,-16731116
30,29,31,32,"null","null","null",2,67.098816,3.827052,-0.44105458,0.90939033,-2.1905596,-16731116
35,1,36,53,"null","null","null",10,67.098816,0.82173336,-2.5203533,0.8665067,-3.4732876,-12486656
36,35,37,46,"null","null","null",9,67.098816,2.3869984,-1.9577141,0.50423664,-3.455171,-12486656
37,36,38,43,"null","null","null",5,67.098816,3.4434733,-0.7274705,0.6527476,-2.8342993,-16731116
38,37,39,42,"null","null","null",3,67.098816,3.6822972,-0.44105458,1.610443,-2.1905596,-16731116
39,38,40,41,"null","null","null",2,67.098816,3.2227004,-0.62788296,2.7384913,-1.3026809,-16731116
43,37,44,45,"null","null","null",2,67.098816,0.37080073,-2.5711837,0.8857578,-3.3442564,-11184866
46,36,47,52,"null","null","null",4,67.098816,0.44286472,-3.3444924,1.8611706,-2.7339203,-11184866
47,46,48,51,"null","null","null",3,67.098816,0.66192484,-2.6608262,0.7546954,-3.6840568,-8572416
48,47,49,50,"null","null","null",2,67.098816,1.2662363,-2.0763676,0.48397315,-3.8140664,-8572416
54,0,55,56,"null","null","null",2,67.098816,0.401482,-3.6551394,1.7788401,-1.9610406,-16731116
