index,parent,child1,child2,name1,name2,common,richness,lengthbr,hxmax,hxmin,hymax,hymin,color
0,-268435395,1,36,"null","null","null",25,116.899994,2.9853268,-0.65274733,3.4309144,-0.8051398,-16731116
1,0,2,33,"null","null","null",18,40.2,2.3868933,-1.980154,3.665975,-0.44105357,-16731116
2,1,3,26,"null","null","null",16,38.561844,1.1166892,-3.2191207,3.2014842,-0.62788236,-16731116
3,2,4,19,"null","null","null",12,38.561844,0.3719885,-3.6846654,2.54554,-1.5047749,-16731116
4,3,5,18,"null","null","null",8,28.921383,0.5905163,-3.3743353,1.6001976,-2.882822,-16731116
5,4,6,15,"null","null","null",7,28.921383,1.198795,-2.7051506,0.29948795,-3.559217,-12486656
6,5,7,14,"null","null","null",5,28.921383,2.733916,-1.8611735,0.54197323,-3.4099584,-16731116
7,6,8,11,"null","null","null",4,28.921383,3.684055,-0.49051315,0.6619247,-2.745932,-16731116
8,7,9,10,"null","null","null",2,28.921383,3.8140674,-0.48397243,1.2662301,-2.0763698,-16731116
11,7,12,13,"null","null","null",2,28.921383,0.39556104,-2.38071,0.84492135,-3.5244975,-16731116
15,5,16,17,"null","null","null",2,28.921383,0.76705414,-3.7190418,2.3408225,-0.42902303,-11184866
19,3,20,23,"null","null","null",4,19.280922,2.46068,-1.4250932,3.7300913,-0.6717557,-12486656
20,19,21,22,"null","null","null",2,19.280922,1.4052893,-2.5944912,3.3284168,-0.6167594,-16731116
23,19,24,25,"null","null","null",2,19.280922,3.8261669,-0.60018456,1.088006,-2.1365604,-12486656
26,2,27,32,"null","null","null",4,19.280922,2.907014,-0.3309549,3.406866,-1.0892122,-16731116
27,26,28,31,"null","null","null",3,19.280922,2.238165,-1.4250925,3.730091,-0.41856802,-16731116
28,27,29,30,"null","null","null",2,19.280922,1.4052893,-2.5944912,3.3284168,-0.6167593,-16731116
33,1,34,35,"null","null","null",2,9.640461,3.8140678,-0.56240183,1.2662247,-2.0763712,-16731116
36,0,37,46,"","null","Surinam Toads",7,70.66967,3.4364238,-0.88575864,0.6896832,-2.7459316,-16731116
37,36,38,45,"null","null","null",5,58.449997,3.4921482,-0.48397207,2.2792978,-2.0763712,-16731116
38,37,39,44,"null","null","null",4,50.34609,2.907014,-0.6459119,3.406866,-1.0892122,-16731116
39,38,40,43,"null","null","null",3,39.89833,2.238165,-1.4250925,3.730091,-0.41856802,-16731116
40,39,41,42,"null","null","null",2,25.173044,1.4052893,-2.5944912,3.3284168,-0.6167593,-16731116
46,36,47,48,"null","null","null",2,25.173044,0.3955608,-2.3807096,0.8449218,-3.5244951,-12486656
