index,parent,child1,child2,name1,name2,common,richness,lengthbr,hxmax,hxmin,hymax,hymin,color
0,-268432260,1,82,"null","null","null",46,17.300001,0.7950952,-3.603674,2.5519586,-1.2190323,-12486656
1,0,2,81,"null","null","null",41,16.780052,0.55929863,-3.3963404,1.7788366,-2.6814826,-12486656
2,1,3,64,"null","null","null",40,16.668476,0.75179744,-2.7233968,0.5617643,-3.5096998,-12486656
3,2,4,55,"null","null","null",31,16.668476,2.29608,-1.9577118,0.5042372,-3.5025048,-16731116
4,3,5,48,"null","null","null",26,16.668476,3.3252766,-0.8051344,0.65274775,-2.8958325,-16731116
5,4,6,43,"null","null","null",22,13.967105,3.528639,-0.44105512,1.9801664,-2.270554,-12486656
6,5,7,28,"null","null","null",19,13.967105,3.0229437,-0.6278832,3.219129,-1.1166797,-12486656
7,6,8,27,"null","null","null",11,13.967105,2.3134403,-1.4749897,3.684667,-0.37199056,-16731116
8,7,9,22,"null","null","null",10,13.967105,1.4333814,-2.8440938,3.3743324,-0.59051764,-12486656
9,8,10,19,"null","null","null",7,13.967105,0.29949006,-3.508861,2.705148,-1.1988084,-16731116
10,9,11,16,"null","null","null",5,13.967105,0.5419747,-3.344489,1.9094133,-2.7339268,-16731116
11,10,12,15,"null","null","null",3,13.967105,0.66192496,-2.6608212,0.7546901,-3.6840599,-16731116
12,11,13,14,"null","null","null",2,13.967105,1.2662454,-2.0763643,0.48397422,-3.814066,-16731116
16,10,17,18,"null","null","null",2,13.967105,1.6917281,-2.1268067,3.5885556,-0.35959655,-12486656
19,9,20,21,"null","null","null",2,13.967105,2.3408208,-0.4290239,3.7190452,-0.7670516,-12486656
22,8,23,26,"null","null","null",3,13.967105,3.065712,-0.2891289,3.1667423,-1.4052806,-12486656
23,22,24,25,"null","null","null",2,13.967105,2.3408208,-0.6580918,3.7190452,-0.34808022,-16731116
28,6,29,38,"null","null","null",8,13.967105,3.2514277,-0.92879295,0.3309561,-2.9070082,-12486656
29,28,30,37,"null","null","null",5,13.967105,3.5280137,-0.4185698,1.9147029,-2.238161,-12486656
30,29,31,36,"null","null","null",4,13.967105,3.065712,-0.6167603,3.2309766,-1.4052806,-12486656
31,30,32,35,"null","null","null",3,13.967105,2.3408208,-0.85625637,3.8025498,-0.34808022,-12486656
32,31,33,34,"null","null","null",2,13.967105,1.6917281,-2.1268067,3.5885556,-0.5755012,-11184866
38,28,39,42,"null","null","null",3,13.967105,0.35782874,-2.752129,0.90259826,-3.6250997,-16731116
39,38,40,41,"null","null","null",2,13.967105,1.0880196,-2.1365566,0.4628849,-3.8261666,-16731116
43,5,44,47,"null","null","null",3,13.967105,1.9703064,-2.076367,0.5623988,-3.5523171,-12486656
44,43,45,46,"null","null","null",2,13.967105,3.0051699,-1.0892038,0.6459124,-2.9852314,-16731116
48,4,49,52,"null","null","null",4,6.264074,0.37080103,-2.745932,0.8857573,-3.6840577,-16731116
49,48,50,51,"null","null","null",2,6.264074,1.2662381,-2.076367,0.48397338,-3.8140666,-16731116
52,48,53,54,"null","null","null",2,6.264074,0.8449204,-3.5245008,2.3807096,-0.39556158,-16731116
55,3,56,63,"null","null","null",5,7.2723646,0.44286364,-3.3444917,1.8611686,-2.5790417,-16731116
56,55,57,62,"null","null","null",4,7.2723646,0.6619249,-2.660825,0.7546941,-3.482712,-16731116
57,56,58,61,"null","null","null",3,7.2723646,1.9703064,-2.076367,0.48397338,-3.5523171,-16731116
58,57,59,60,"null","null","null",2,7.2723646,3.0051699,-1.0892038,0.6459124,-2.9852314,-16731116
64,2,65,78,"null","null","null",9,9.928322,0.82108533,-3.5592208,2.7051492,-1.0522765,-12486656
65,64,66,77,"null","null","null",7,9.928322,0.5419743,-3.4099588,1.8611686,-2.5434372,-11184866
66,65,67,74,"null","null","null",6,9.928322,0.7291248,-2.745932,0.49050963,-3.4364262,-11184866
67,66,68,73,"null","null","null",4,9.928322,2.3305678,-2.076367,0.48397338,-3.4921455,-11184866
68,67,69,72,"null","null","null",3,9.928322,3.4735096,-1.0892038,0.6459124,-2.9070082,-12486656
69,68,70,71,"null","null","null",2,9.928322,3.8167202,-0.4185698,0.73106515,-2.238161,-12486656
74,66,75,76,"null","null","null",2,9.928322,0.8449204,-3.5245008,2.3807096,-0.39556158,-11184866
78,64,79,80,"null","null","null",2,9.928322,2.3408213,-0.42902362,3.719045,-0.76705235,-16731116
82,0,83,90,"null","null","null",5,7.2723646,2.3134413,-1.641892,3.48903,-0.7370677,-12486656
83,82,84,89,"null","null","null",4,7.2723646,1.6001905,-3.0610676,3.1200047,-0.59051746,-12486656
84,83,85,88,"null","null","null",3,7.2723646,0.41359925,-3.7909281,2.374522,-0.66423035,-11184866
85,84,86,87,"null","null","null",2,7.2723646,0.54197454,-3.711177,1.8611674,-1.7914399,-12486656
