index,parent,child1,child2,name1,name2,common,richness,lengthbr,hxmax,hxmin,hymax,hymin,color
0,-268433348,1,158,"null","null","null",266,47.549374,0.3595989,-3.3445444,1.6139354,-2.7738812,-11184866
1,0,2,138,"null","null","null",148,42.556545,0.9535667,-2.657908,0.48278463,-3.523542,-11184866
2,1,3,127,"CRAUGASTORIDAE","null","null",114,40.333736,2.489214,-1.9093078,0.52359605,-3.4397876,-11184866
3,2,4,74,"null","null","null",108,40.333736,3.4716098,-0.70804787,0.6580922,-2.7961988,-11184866
4,3,5,65,"null","null","null",81,40.333736,3.6266298,-0.4628849,2.0824406,-2.1562386,-11184866
5,4,6,38,"null","null","null",76,40.333736,3.1129246,-0.6376133,3.2525918,-1.0703824,-11184866
6,5,-268390400,7,"null","null","null",62,40.333736,2.4650123,-1.6470408,3.6276631,-0.3955179,-11184866
7,6,8,35,"null","null","null",16,40.333736,3.6887548,-0.6366811,1.980167,-2.3868866,-11184866
8,7,9,26,"null","null","null",14,40.333736,3.2310944,-0.6278832,3.2191296,-1.116679,-11184866
9,8,10,23,"null","null","null",9,40.333736,2.5840364,-1.6418946,3.6846676,-0.37199068,-12486656
10,9,11,18,"null","null","null",7,40.333736,1.4333808,-3.0610695,3.374333,-0.5905177,-11184866
11,10,12,15,"null","null","null",4,40.333736,0.29949018,-3.790929,2.7051485,-0.66423035,-12486656
12,11,13,14,"null","null","null",2,40.333736,0.54197484,-3.7111773,1.8611662,-1.7914411,-16731116
15,11,16,17,"null","null","null",2,40.333736,2.3408206,-0.42902395,3.7190466,-0.76705146,-8572416
18,10,19,22,"null","null","null",3,40.333736,3.0657115,-0.28912896,3.1667447,-1.4052784,-8572416
19,18,20,21,"null","null","null",2,40.333736,2.3408206,-0.65809166,3.7190466,-0.34808072,-3014646
23,9,24,25,"null","null","null",2,40.333736,3.8167205,-0.6717526,0.73106873,-2.2381606,-16731116
26,8,27,32,"null","null","null",5,40.333736,3.40687,-0.92879295,0.33095616,-2.9070072,-8572416
27,26,28,31,"null","null","null",3,40.333736,3.7300868,-0.41857028,1.4251122,-2.2381606,-8572416
28,27,29,30,"null","null","null",2,40.333736,3.328406,-0.61676055,2.5945067,-1.4052784,-3014646
32,26,33,34,"null","null","null",2,40.333736,0.357829,-2.7162097,0.902598,-3.239984,-11184866
35,7,36,37,"null","null","null",2,40.333736,1.2662416,-2.0763655,0.5623986,-3.8140664,-11184866
38,5,39,58,"null","null","null",14,40.333736,3.3252769,-0.9169625,0.34452954,-2.9853187,-12486656
39,38,40,55,"null","null","null",10,40.333736,3.528639,-0.44105524,1.8644058,-2.3868866,-12486656
40,39,41,50,"null","null","null",8,40.333736,3.022944,-0.6278832,3.0686398,-1.116679,-12486656
41,40,42,49,"null","null","null",5,40.333736,2.3134408,-1.6418946,3.4890308,-0.37199068,-11184866
42,41,43,48,"null","null","null",4,40.333736,1.600189,-3.0610695,3.1200047,-0.5905177,-11184866
43,42,44,47,"null","null","null",3,40.333736,0.4135974,-3.790929,2.374522,-0.66423035,-11184866
44,43,45,46,"null","null","null",2,40.333736,0.54197484,-3.7111773,1.8611662,-1.7914411,-11184866
50,40,51,54,"null","null","null",3,40.333736,3.4735112,-1.0892012,0.33095616,-2.9070072,-16731116
51,50,52,53,"null","null","null",2,40.333736,3.8167205,-0.41857028,0.73106873,-2.2381606,-12486656
55,39,56,57,"null","null","null",2,40.333736,1.2662416,-2.0763655,0.5623986,-3.8140664,-16731116
58,38,59,64,"null","null","null",4,40.333736,0.45200443,-2.6608229,0.8857572,-3.4827118,-12486656
59,58,60,63,"null","null","null",3,40.333736,1.9703102,-2.0763655,0.4839738,-3.5523152,-12486656
60,59,61,62,"null","null","null",2,40.333736,3.0051725,-1.0892012,0.6459125,-2.9852285,-11184866
65,4,66,73,"null","null","null",5,40.333736,2.3870018,-2.010228,0.5234822,-3.4551697,-11184866
66,65,67,72,"null","null","null",4,40.333736,3.443474,-0.9791716,0.65274775,-2.834297,-12486656
67,66,68,71,"null","null","null",3,40.333736,3.6822953,-0.44105524,1.6104487,-2.1905582,-11184866
68,67,69,70,"null","null","null",2,40.333736,3.222697,-0.6278832,2.7384958,-1.3026779,-11184866
74,3,75,114,"null","null","null",27,40.333736,0.75179815,-2.7010143,0.8665061,-3.5626504,-11184866
75,74,76,95,"null","null","null",20,40.333736,2.2960806,-1.986808,0.50423723,-3.5713403,-11184866
76,75,77,86,"null","null","null",10,40.333736,3.3252769,-0.8152357,0.65274775,-2.9853187,-12486656
77,76,78,83,"null","null","null",5,40.333736,3.528639,-0.44105524,2.026287,-2.3868866,-12486656
78,77,79,82,"null","null","null",3,40.333736,3.022944,-0.6278832,3.2790856,-1.3026779,-16731116
79,78,80,81,"null","null","null",2,40.333736,2.3134408,-0.65274704,3.7626104,-0.37199068,-16777216
83,77,84,85,"null","null","null",2,40.333736,1.2662416,-2.0763655,0.5623986,-3.8140664,-11184866
86,76,87,94,"null","null","null",5,40.333736,0.45200443,-2.7686605,0.8857572,-3.4827118,-12486656
87,86,88,91,"null","null","null",4,40.333736,1.9703102,-2.2165542,0.4839738,-3.5523152,-12486656
88,87,89,90,"null","null","null",2,40.333736,3.0051725,-1.0892012,0.6459125,-2.9852285,-16777216
91,87,92,93,"null","null","null",2,40.333736,0.4835837,-3.7564578,1.938399,-1.6186463,-12486656
95,75,96,113,"null","null","null",10,40.333736,0.44286343,-3.4099588,1.8611681,-2.5434382,-11184866
96,95,97,110,"null","null","null",9,40.333736,0.6896951,-2.7459319,0.49050808,-3.436427,-11184866
97,96,98,105,"null","null","null",7,40.333736,2.279308,-2.0484653,0.4839738,-3.492145,-8572416
98,97,99,104,"null","null","null",4,40.333736,3.40687,-1.0892012,0.6459125,-2.9070072,-11184866
99,98,100,103,"null","null","null",3,40.333736,3.7300868,-0.41857028,1.4251122,-2.2381606,-8572416
100,99,101,102,"null","null","null",2,40.333736,3.328406,-0.61676055,2.5945067,-1.4052784,-8572416
105,97,106,109,"null","null","null",3,40.333736,0.4835837,-3.378258,1.938399,-2.3110433,-8572416
106,105,107,108,"null","null","null",2,40.333736,0.6580924,-2.7162097,0.8675192,-3.239984,-8572416
110,96,111,112,"null","null","null",2,40.333736,0.8449199,-3.5245025,2.3807096,-0.3955618,-11184866
114,74,115,126,"null","null","null",7,40.333736,0.8210852,-3.5088606,2.3745217,-1.0522774,-11184866
115,114,116,125,"null","null","null",6,40.333736,0.5419744,-3.34449,1.8611681,-2.5434382,-11184866
116,115,117,124,"null","null","null",5,40.333736,0.7291279,-2.6608229,0.7546917,-3.436427,-11184866
117,116,118,123,"null","null","null",4,40.333736,2.3305707,-2.0763655,0.4839738,-3.492145,-11184866
118,117,119,122,"null","null","null",3,40.333736,3.4735112,-1.0892012,0.6459125,-2.9070072,-11184866
119,118,120,121,"null","null","null",2,40.333736,3.8167205,-0.41857028,0.73106873,-2.2381606,-16731116
127,2,128,135,"null","null","null",6,40.333736,0.40148073,-3.410198,1.7948564,-2.8520703,-8572416
128,127,129,132,"null","null","null",4,40.333736,0.66423047,-2.741412,0.41481847,-3.7314653,-8572416
129,128,130,131,"null","null","null",2,40.333736,1.443346,-2.010228,0.50423723,-3.7907999,-8572416
132,128,133,134,"null","null","null",2,40.333736,0.8210852,-3.5997555,2.3745217,-0.40725225,-3014646
135,127,136,137,"null","null","null",2,40.333736,1.6001921,-2.2880507,3.511701,-0.31738168,-8572416
138,1,139,153,"null","null","null",34,30.030687,0.79509544,-3.5074308,2.685872,-1.2118284,-8572416
139,138,140,142,"null","null","null",31,30.030687,0.55929846,-3.271225,1.6207691,-2.672118,-8572416
140,139,-268388352,141,"null","null","null",25,30.030687,0.75179815,-2.560747,0.64113134,-3.4975271,-8572416
142,139,143,152,"null","null","null",6,30.030687,1.6001921,-2.8440912,3.120005,-0.31738168,-11184866
143,142,144,151,"null","null","null",5,30.030687,0.4136024,-3.5088606,2.374522,-1.1988025,-11184866
144,143,145,150,"null","null","null",4,30.030687,0.5419741,-3.3444915,1.8611695,-2.733922,-11184866
145,144,146,149,"null","null","null",3,30.030687,0.6619249,-2.6608248,0.7546936,-3.6840575,-16777216
146,145,147,148,"null","null","null",2,30.030687,1.2662389,-2.0763667,0.4839735,-3.8140662,-16777216
153,138,154,157,"null","null","null",3,30.030687,2.3134415,-1.0472617,3.7903342,-0.73706806,-11184866
154,153,155,156,"null","null","null",2,30.030687,1.600193,-2.28805,3.5117013,-0.59051716,-11184866
158,0,159,-268391424,"","null","Rain Frogs",118,40.627422,1.380813,-2.9979522,3.28761,-0.27500045,-16777216
159,158,160,-268387328,"null","null","null",94,38.690956,0.32388067,-3.6036723,2.6075597,-1.2130237,-16777216
160,159,161,179,"null","null","null",49,38.690956,0.5592982,-3.3963401,1.7338055,-2.6736734,-16777216
161,160,-268389376,162,"null","null","null",38,38.690956,0.8246757,-2.7233968,0.5087835,-3.4995508,-16777216
162,161,163,172,"null","null","null",9,38.690956,0.8210856,-3.5592203,2.5859408,-1.1988025,-16777216
163,162,164,171,"null","null","null",5,38.690956,0.5419741,-3.4099588,1.8611695,-2.733922,-16777216
164,163,165,168,"null","null","null",4,38.690956,0.6619249,-2.745932,0.49050927,-3.6840575,-16777216
165,164,166,167,"null","null","null",2,38.690956,1.2662389,-2.0763667,0.4839735,-3.8140662,-16777216
168,164,169,170,"null","null","null",2,38.690956,0.8449203,-3.5245016,2.3807096,-0.39556164,-16777216
172,162,173,178,"null","null","null",4,38.690956,2.3408215,-1.3545716,3.4508247,-0.76705265,-16777216
173,172,174,177,"null","null","null",3,38.690956,1.6917312,-2.7746186,3.131315,-0.5755008,-16777216
174,173,175,176,"null","null","null",2,38.690956,0.5272855,-3.5245004,2.3807096,-0.665,-16777216
179,160,180,199,"null","null","null",11,38.690956,1.6001936,-2.84409,3.374334,-0.31738234,-16777216
180,179,181,196,"null","null","null",10,38.690956,0.29948902,-3.5088606,2.7051497,-1.052273,-16777216
181,180,182,195,"null","null","null",8,38.690956,0.5419738,-3.3444924,1.8611706,-2.5434349,-16777216
182,181,183,194,"null","null","null",7,38.690956,0.66192484,-2.6608262,0.7546954,-3.4364257,-16777216
183,182,184,193,"null","null","null",6,38.690956,2.1597342,-2.0763676,0.48397315,-3.492146,-16777216
184,183,185,192,"null","null","null",5,38.690956,3.251427,-1.0892045,0.64591235,-2.9070091,-16777216
185,184,186,191,"null","null","null",4,38.690956,3.5280137,-0.41856956,1.8652903,-2.2381618,-16777216
186,185,187,190,"null","null","null",3,38.690956,3.0657125,-0.6167602,3.1667411,-1.4052815,-16777216
187,186,188,189,"null","null","null",2,38.690956,2.3408213,-0.6580918,3.719045,-0.34807998,-16777216
196,180,197,198,"null","null","null",2,38.690956,2.3408217,-0.42902336,3.7190433,-0.7670531,-16777216
