index,parent,child1,child2,name1,name2,common,richness,lengthbr,hxmax,hxmin,hymax,hymin,color
0,-268435400,1,114,"PLETHODONTIDAE","null","Lungless Salamanders",362,88.1,2.892456,-0.65274733,3.390035,-0.80495095,-12486656
1,0,2,77,"null","null","null",278,84.15196,2.266161,-1.9605291,3.6128316,-0.44105357,-11184866
2,1,3,76,"null","null","null",259,83.09337,1.3026873,-3.1936085,3.1323977,-0.62788236,-11184866
3,2,4,56,"null","null","null",258,82.6,0.3719885,-3.6514993,2.4557276,-1.4721657,-11184866
4,3,5,55,"null","null","null",225,80.564224,0.5905163,-3.3312192,1.5187973,-2.84043,-11184866
5,4,6,10,"null","null","null",165,75.95068,1.0878733,-2.6490998,0.33634794,-3.5041075,-11184866
6,5,7,-268371968,"null","null","null",142,73.71768,2.5897179,-1.7883071,0.54197323,-3.338316,-11184866
7,6,8,9,"null","null","null",92,67.26138,3.4965975,-0.7546993,0.6619247,-2.6527967,-12486656
8,7,-268372992,-268369920,"","null","Tropical Climbing Salamanders",91,67.098816,3.5703726,-0.48397243,2.218437,-2.065927,-12486656
10,5,11,40,"","null","Minute Salamanders",23,46.640324,0.76705414,-3.592927,2.5084987,-1.3385687,-8572416
11,10,12,29,"null","null","null",15,46.640324,0.57550013,-3.3160505,1.5297157,-2.7538188,-8572416
12,11,13,22,"null","null","null",9,46.640324,1.0443842,-2.6208658,0.33849198,-3.4974642,-8572416
13,12,14,21,"null","null","null",5,46.640324,2.607279,-1.938404,0.52359545,-3.405889,-8572416
14,13,15,18,"null","null","null",4,46.640324,3.6250975,-0.58310705,0.6580921,-2.7521315,-8572416
15,14,16,17,"null","null","null",2,46.640324,3.8261666,-0.46288425,1.0880141,-2.136558,-8572416
18,14,19,20,"null","null","null",2,46.640324,0.38339475,-2.419892,0.8665067,-3.4392204,-8572416
22,12,23,28,"null","null","null",4,46.640324,0.7950963,-3.424083,2.361209,-1.1773235,-8572416
23,22,24,27,"null","null","null",3,46.640324,0.5592979,-3.162875,1.7788401,-2.6272643,-8572416
24,23,25,26,"null","null","null",2,46.640324,0.66423047,-2.419892,0.6411348,-3.4392204,-8572416
29,11,30,35,"null","null","null",6,46.640324,1.3321722,-3.1510851,3.0981102,-0.275,-8572416
30,29,31,34,"null","null","null",3,46.640324,0.32387993,-3.8027482,2.3612092,-0.66484094,-8572416
31,30,32,33,"null","null","null",2,46.640324,0.5592977,-3.6551406,1.7788414,-1.9610381,-8572416
35,29,36,39,"null","null","null",3,46.640324,3.0229473,-0.30319998,3.2790778,-1.3026853,-8572416
36,35,37,38,"null","null","null",2,46.640324,2.313443,-0.65274745,3.7626073,-0.37198898,-8572416
40,10,41,48,"null","null","null",8,46.640324,2.4621477,-1.6992244,3.5147924,-0.70526135,-8572416
41,40,42,45,"null","null","null",4,46.640324,1.4209546,-3.0448823,3.0981102,-0.60428786,-8572416
42,41,43,44,"null","null","null",2,46.640324,0.32387975,-3.6646852,2.3612092,-0.6619248,-3014646
45,41,46,47,"null","null","null",2,46.640324,3.2227063,-0.30319986,2.7384841,-1.3026861,-8572416
48,40,49,52,"null","null","null",4,46.640324,3.6823003,-0.63668334,1.6104344,-2.3868923,-8572416
49,48,50,51,"null","null","null",2,46.640324,3.2227063,-0.6278825,2.7384841,-1.3026861,-3014646
52,48,53,54,"null","null","null",2,46.640324,1.266227,-2.0763707,0.56240135,-3.8140678,-8572416
55,4,-268376064,-268370944,"null","null","null",60,60.903175,1.3110149,-3.0865836,3.2578819,-0.28912768,-11184866
56,3,57,63,"null","null","null",33,54.6,2.3231254,-1.8036249,3.5280132,-0.6717557,-12486656
57,56,-268377088,58,"","null","Brook Salamanders",26,50.87707,1.2264682,-3.0865824,3.0657153,-0.6167594,-12486656
58,57,59,62,"null","null","null",3,50.87707,2.969978,-0.3171605,3.3814673,-1.1971898,-12486656
59,58,60,61,"null","null","null",2,50.87707,2.279179,-0.6459123,3.795209,-0.39551604,-11184866
63,56,64,73,"null","null","null",7,30.386518,3.516669,-0.60018456,2.015643,-2.3054137,-12486656
64,63,65,72,"","null","Spring Salamanders",5,25.132309,2.969978,-0.63761264,3.1657617,-1.1971898,-12486656
65,64,66,71,"null","null","null",4,21.647793,2.279179,-1.6992202,3.5147917,-0.39551604,-11184866
66,65,67,70,"null","null","null",3,21.647793,1.5045912,-3.044879,3.098111,-0.6042875,-12486656
67,66,68,69,"null","null","null",2,21.647793,0.32387918,-3.6646833,2.3612099,-0.66192484,-12486656
73,63,74,75,"null","null","null",2,10.823896,1.4433315,-2.0102332,0.52348495,-3.7908025,-16731116
77,1,78,113,"","null","Slender Salamanders",19,44.029316,3.5424206,-0.56240183,2.2620697,-2.0763712,-16731116
78,77,79,100,"null","null","null",18,44.029316,2.9723682,-0.6459119,3.3844695,-0.94438833,-16731116
79,78,80,91,"null","null","null",11,44.029316,2.3231258,-1.9146914,3.7009754,-0.41856802,-12486656
80,79,81,88,"null","null","null",6,44.029316,1.2878847,-3.2309701,3.2905664,-0.6167593,-12486656
81,80,82,85,"null","null","null",4,44.029316,0.34807813,-3.8025503,2.6331294,-0.85624,-16731116
82,81,83,84,"null","null","null",2,44.029316,0.5754999,-3.5885615,1.6917357,-2.1267927,-16731116
85,81,86,87,"null","null","null",2,44.029316,2.2791789,-0.55372137,3.7952094,-0.7052618,-11513776
88,80,89,90,"null","null","null",2,44.029316,3.1081653,-0.3171605,2.8755522,-1.1971898,-11184866
91,79,92,99,"null","null","null",5,44.029316,3.5166693,-0.6001848,2.164375,-2.136561,-16731116
92,91,93,98,"null","null","null",4,44.029316,2.9699788,-0.6376126,3.3591144,-1.1971906,-12486656
93,92,94,97,"null","null","null",3,44.029316,2.2791796,-1.2371151,3.7661512,-0.39551586,-16731116
94,93,95,96,"null","null","null",2,44.029316,1.5045918,-2.4441433,3.4248786,-0.60428745,-11513776
100,78,101,112,"null","null","null",7,44.029316,3.38702,-0.9025996,0.5562769,-2.8820229,-16731116
101,100,102,109,"null","null","null",6,44.029316,3.5166693,-0.46288335,2.164375,-2.3054144,-16731116
102,101,103,108,"null","null","null",4,44.029316,2.9699788,-0.6376126,3.3591144,-1.1971906,-16731116
103,102,104,107,"null","null","null",3,44.029316,2.2791796,-1.2371151,3.7661512,-0.39551586,-16731116
104,103,105,106,"null","null","null",2,44.029316,1.5045918,-2.4441433,3.4248786,-0.60428745,-16731116
109,101,110,111,"null","null","null",2,44.029316,1.44333,-2.0102336,0.52348524,-3.7908027,-11184866
114,0,115,169,"null","null","null",84,63.700005,3.5377054,-0.88575864,0.642864,-2.7455068,-16731116
115,114,116,165,"","null","Woodland Salamanders",48,55.65464,3.6238143,-0.48397207,2.218433,-2.1014695,-16731116
116,115,117,142,"null","null","null",25,55.65464,3.0781798,-0.6459119,3.3277416,-0.8933906,-16731116
117,116,118,139,"null","null","null",13,55.654636,2.4606805,-1.731633,3.6272297,-0.41856802,-16731116
118,117,119,136,"null","null","null",11,55.654636,1.2878847,-2.9929938,3.1946974,-0.6167593,-16731116
119,118,120,129,"null","null","null",9,55.654636,0.34807813,-3.4931812,2.5084994,-1.3259928,-12486656
120,119,121,128,"null","null","null",5,23.138216,0.5754999,-3.186382,1.6917357,-2.7374713,-16731116
121,120,122,127,"null","null","null",4,23.138216,0.8164995,-2.4522967,0.5272909,-3.4762142,-16731116
122,121,123,126,"null","null","null",3,23.138216,2.31103,-1.9384052,0.5235952,-3.3782654,-12486656
123,122,124,125,"null","null","null",2,23.138216,3.239975,-0.8675283,0.658092,-2.716221,-12486656
129,119,130,135,"null","null","null",4,55.654636,2.2791789,-1.6992218,3.514792,-0.7052618,-11184866
130,129,131,134,"null","null","null",3,15.79429,1.5045903,-3.0448804,3.0981107,-0.6042876,-11184866
131,130,132,133,"null","null","null",2,15.79429,0.3238794,-3.6646843,2.3612094,-0.66192484,-11184866
136,118,137,138,"null","null","null",2,9.965087,3.1081653,-0.3171605,2.8755522,-1.1971898,-16731116
139,117,140,141,"null","null","null",2,9.965087,3.826167,-0.6001848,1.0880048,-2.136561,-12486656
142,116,143,162,"null","null","null",12,55.65464,3.4995842,-0.9025996,0.5562769,-2.767278,-16731116
143,142,144,155,"null","null","null",10,33.103302,3.663003,-0.46288335,2.164375,-2.1562462,-16731116
144,143,145,152,"null","null","null",6,33.103302,3.1602125,-0.6376126,3.3591144,-1.0122141,-16731116
145,144,146,149,"null","null","null",4,33.103302,2.5264835,-1.2371151,3.7661512,-0.39551586,-16731116
146,145,147,148,"null","null","null",2,33.103302,1.5045918,-2.4441433,3.4248786,-0.60428745,-16731116
149,145,150,151,"null","null","null",2,33.103302,3.8270519,-0.6366844,0.90937686,-2.1905634,-12486656
152,144,153,154,"null","null","null",2,33.103302,3.126792,-0.97918236,0.34452838,-2.8544245,-12486656
155,143,156,161,"null","null","null",4,33.103302,2.4726443,-2.0102336,0.52348524,-3.4551742,-16731116
156,155,157,160,"null","null","null",3,33.103302,3.5548184,-0.97918236,0.6527473,-2.8343048,-12486656
157,156,158,159,"null","null","null",2,33.103302,3.8270519,-0.44105315,0.90937686,-2.1905634,-12486656
162,142,163,164,"null","null","null",2,9.965087,0.38339424,-2.4199004,0.86650753,-3.439216,-16731116
165,115,-268375040,166,"null","null","null",23,55.65464,2.510728,-2.018177,0.48358738,-3.497502,-16731116
166,165,167,168,"null","null","null",2,9.965087,0.4014834,-3.6551423,1.7788435,-1.9610333,-16731116
169,114,170,182,"null","null","null",36,58.900005,0.9035067,-2.3824084,0.8449218,-3.523539,-16731116
170,169,-268374016,171,"null","null","null",35,58.436977,2.42414,-1.8475497,0.523595,-3.4397883,-16731116
171,170,172,177,"","null","Climbing salamanders",6,29.45,0.4014834,-3.271231,1.6207755,-2.8520627,-16731116
172,171,173,176,"null","null","null",3,29.45,0.66423035,-2.5607548,0.64114004,-3.7314627,-16731116
173,172,174,175,"null","null","null",2,29.45,1.4433315,-2.0102332,0.50423574,-3.7908025,-16731116
177,171,178,181,"null","null","null",3,29.45,1.6001987,-2.9140003,3.120006,-0.3173847,-16731116
178,177,179,180,"null","null","null",2,29.45,0.41361004,-3.59975,2.3745227,-0.66423047,-16731116
