index,parent,child1,child2,name1,name2,common,richness,lengthbr,hxmax,hxmin,hymax,hymin,color
0,-268361712,1,130,"PHRYNOBATRACHIDAE","null","Dwarf Puddle Frogs",68,50.9,1.332169,-3.0061524,3.3117254,-0.27500045,-16731116
1,0,2,99,"null","null","null",65,50.9,0.32388067,-3.6143324,2.6389098,-1.2118258,-16731116
2,1,3,72,"null","null","null",49,50.9,0.5592982,-3.4101982,1.7338055,-2.6721163,-16731116
3,2,4,69,"null","null","null",35,50.9,0.8143054,-2.7414122,0.41481966,-3.4975266,-16731116
4,3,5,56,"null","null","null",33,50.9,2.377341,-1.9577124,0.50423694,-3.4866807,-16731116
5,4,6,35,"null","null","null",26,50.9,3.4309168,-0.7577714,0.6527477,-2.8752618,-16731116
6,5,7,26,"null","null","null",15,50.9,3.6659722,-0.4410549,1.8644031,-2.2438118,-12486656
7,6,8,25,"null","null","null",10,50.9,3.2014773,-0.6278831,3.0686378,-1.3026792,-16731116
8,7,9,18,"null","null","null",9,50.9,2.5455337,-1.641892,3.48903,-0.37199032,-16731116
9,8,10,15,"null","null","null",5,50.9,1.550136,-3.0610676,3.1200047,-0.59051746,-16731116
10,9,11,14,"null","null","null",3,50.9,0.41359925,-3.7909281,2.374522,-0.66423035,-16731116
11,10,12,13,"null","null","null",2,50.9,0.54197454,-3.711177,1.8611674,-1.7914399,-16731116
15,9,16,17,"null","null","null",2,50.9,3.3284078,-0.28912875,2.5945044,-1.40528,-12486656
18,8,19,22,"null","null","null",4,50.9,3.7300873,-0.6717531,1.4251093,-2.4606743,-16731116
19,18,20,21,"null","null","null",2,50.9,3.3284078,-0.6167604,2.5945044,-1.40528,-16731116
22,18,23,24,"null","null","null",2,50.9,1.0880233,-2.1365554,0.6001814,-3.8261666,-16777216
26,6,27,32,"null","null","null",5,50.9,2.3305688,-2.2165554,0.56239915,-3.4921455,-11184866
27,26,28,31,"null","null","null",3,50.9,3.4735103,-1.0892029,0.6459124,-2.9070082,-8572416
28,27,29,30,"null","null","null",2,50.9,3.8167205,-0.41856992,0.731066,-2.238161,-11513776
32,26,33,34,"null","null","null",2,50.9,0.48358428,-3.7564583,1.9384001,-1.6186436,-11184866
35,5,36,55,"null","null","null",11,50.9,0.5977162,-2.6393633,0.88575745,-3.5377066,-16731116
36,35,37,50,"null","null","null",10,50.9,2.1597364,-2.048467,0.4839735,-3.62381,-16731116
37,36,38,47,"null","null","null",7,50.9,3.2514281,-0.87068796,0.6459124,-3.0781722,-16731116
38,37,39,44,"null","null","null",5,50.9,3.5280137,-0.41856992,1.8652927,-2.4606743,-16731116
39,38,40,43,"null","null","null",3,50.9,3.0657122,-0.6167604,3.1667428,-1.40528,-16731116
40,39,41,42,"null","null","null",2,50.9,2.340821,-0.6580918,3.7190456,-0.34808034,-16731116
44,38,45,46,"null","null","null",2,50.9,1.0880233,-2.1365554,0.6001814,-3.8261666,-16731116
47,37,48,49,"null","null","null",2,50.9,0.3578288,-2.7162118,0.90259826,-3.2399821,-16731116
50,36,51,54,"null","null","null",3,50.9,0.48358428,-3.3782592,1.9384001,-2.3110406,-12486656
51,50,52,53,"null","null","null",2,50.9,0.6580923,-2.7162118,0.8675207,-3.2399821,-12486656
56,4,57,68,"null","null","null",7,50.9,0.44286406,-3.3444915,1.8611695,-2.5434365,-16731116
57,56,58,67,"null","null","null",6,50.9,0.68969333,-2.6608248,0.7546936,-3.4364264,-16731116
58,57,59,66,"null","null","null",5,50.9,2.2793067,-2.0763667,0.4839735,-3.4921455,-16731116
59,58,60,65,"null","null","null",4,50.9,3.4068694,-1.0892029,0.6459124,-2.9070082,-16731116
60,59,61,64,"null","null","null",3,50.9,3.7300873,-0.41856992,1.4251093,-2.238161,-16731116
61,60,62,63,"null","null","null",2,50.9,3.3284078,-0.6167604,2.5945044,-1.40528,-16731116
69,3,70,71,"null","null","null",2,50.9,0.8210856,-3.5997543,2.374522,-0.40725207,-11184866
72,2,73,88,"null","null","null",14,50.9,1.4333856,-2.84409,3.374334,-0.31738234,-16731116
73,72,74,85,"null","null","null",8,50.9,0.29948902,-3.5088606,2.7051497,-1.1988003,-16731116
74,73,75,80,"null","null","null",6,50.9,0.5419738,-3.3444924,1.7061995,-2.7339203,-16731116
75,74,76,79,"null","null","null",3,50.9,0.66192484,-2.6608262,0.7546954,-3.6840568,-12486656
76,75,77,78,"null","null","null",2,50.9,1.2662363,-2.0763676,0.48397315,-3.8140664,-11184866
80,74,81,84,"null","null","null",3,50.9,1.691732,-2.774617,3.131315,-0.3595987,-16731116
81,80,82,83,"null","null","null",2,50.9,0.5272873,-3.524499,2.3807096,-0.665,-16731116
85,73,86,87,"null","null","null",2,50.9,2.3408217,-0.42902336,3.7190433,-0.7670531,-16731116
88,72,89,98,"null","null","null",6,50.9,3.0657134,-0.28912827,2.992998,-1.4052842,-16731116
89,88,90,97,"null","null","null",5,50.9,2.3408217,-1.49814,3.4931812,-0.34807935,-16731116
90,89,91,96,"null","null","null",4,50.9,1.6917326,-2.9612591,3.186379,-0.57550055,-16731116
91,90,92,95,"null","null","null",3,50.9,0.5272873,-3.7671347,2.4522927,-0.665,-16731116
92,91,93,94,"null","null","null",2,50.9,0.5235958,-3.7564592,1.9384025,-1.6186383,-16731116
99,1,100,119,"null","null","null",16,50.9,2.4557254,-1.5047814,3.6846666,-0.73706853,-12486656
100,99,101,116,"null","null","null",10,50.9,1.5501416,-2.8828268,3.3743343,-0.590517,-12486656
101,100,102,113,"null","null","null",8,50.9,0.2994888,-3.5592194,2.7051497,-1.0796609,-11184866
102,101,103,112,"null","null","null",6,50.9,0.5419738,-3.4099588,1.8611706,-2.579039,-11184866
103,102,104,109,"null","null","null",5,50.9,0.66192484,-2.745932,0.49051046,-3.4827113,-11184866
104,103,105,108,"null","null","null",3,50.9,1.970305,-2.0763676,0.48397315,-3.5523176,-11184866
105,104,106,107,"null","null","null",2,50.9,3.005169,-1.0892045,0.64591235,-2.9852326,-11184866
109,103,110,111,"null","null","null",2,50.9,0.84492064,-3.5245004,2.3807096,-0.39556143,-11513776
113,101,114,115,"null","null","null",2,50.9,2.3408217,-0.42902336,3.7190433,-0.7670531,-12486656
116,100,117,118,"null","null","null",2,50.9,3.328413,-0.28912815,2.5944967,-1.4052848,-12486656
119,99,120,127,"null","null","null",6,50.9,3.5280137,-0.67175424,1.9146981,-2.460677,-16731116
120,119,121,126,"null","null","null",4,50.9,3.065714,-0.6167599,3.2309737,-1.4052848,-16731116
121,120,122,125,"null","null","null",3,50.9,2.3408222,-0.856245,3.8025508,-0.34807917,-12486656
122,121,123,124,"null","null","null",2,50.9,1.6917332,-2.1267962,3.58856,-0.5755004,-12486656
127,119,128,129,"null","null","null",2,50.9,1.0880139,-2.136558,0.6001829,-3.8261666,-16731116
130,0,131,134,"null","null","null",3,50.9,3.022946,-0.3032004,3.279081,-1.302682,-12486656
131,130,132,133,"null","null","null",2,50.9,2.313442,-0.6527473,3.7626085,-0.37198973,-11513776
