index,parent,child1,child2,name1,name2,common,richness,lengthbr,hxmax,hxmin,hymax,hymin,color
0,-268413924,1,82,"null","null","null",52,26.057323,3.6249309,-0.46288514,2.0824416,-2.2078693,-8572416
1,0,2,47,"","null","Spikethumb Frogs",41,24.489946,3.1107154,-0.6376134,3.252592,-1.0703816,-8572416
2,1,3,42,"null","null","null",23,20.677689,2.4621408,-1.6991903,3.6276627,-0.39551812,-8572416
3,2,4,37,"null","null","null",20,20.677689,1.3321645,-3.044831,3.2448382,-0.6042888,-8572416
4,3,5,30,"null","null","null",17,20.677689,0.32388172,-3.66461,2.5519571,-1.1974903,-8572416
5,4,6,23,"null","null","null",13,20.677689,0.5592991,-3.4755552,1.6207659,-2.653476,-8572416
6,5,7,18,"null","null","null",9,20.677689,0.8876314,-2.8263764,0.41481584,-3.473289,-8572416
7,6,8,15,"null","null","null",6,20.677689,2.4726615,-2.1206799,0.50423795,-3.4551678,-11184866
8,7,9,12,"null","null","null",4,20.677689,3.5548282,-0.72746193,0.652748,-2.8342938,-8572416
9,8,10,11,"null","null","null",2,20.677689,3.8270524,-0.441056,0.90940213,-2.190556,-8572416
12,8,13,14,"null","null","null",2,20.677689,0.37080157,-2.571176,0.8857566,-3.3442616,-8572416
15,7,16,17,"null","null","null",2,20.677689,0.44286197,-3.7111769,1.8611665,-1.7914414,-12486656
18,6,19,22,"null","null","null",3,20.677689,0.8210844,-3.7909286,2.3745215,-0.4738196,-3014646
19,18,20,21,"null","null","null",2,20.677689,0.5419747,-3.7111769,1.8611665,-1.7914414,-3014646
23,5,24,29,"null","null","null",4,20.677689,1.6001897,-3.061069,3.1200042,-0.31738016,-3014646
24,23,25,28,"null","null","null",3,20.677689,0.4135989,-3.7909286,2.3745215,-0.66423035,-3014646
25,24,26,27,"null","null","null",2,20.677689,0.5419747,-3.7111769,1.8611665,-1.7914414,-3014646
30,4,31,36,"null","null","null",4,20.677689,2.3134403,-1.5287743,3.48903,-0.737067,-8572416
31,30,32,35,"null","null","null",3,20.677689,1.6001897,-2.9140136,3.1200042,-0.59051764,-8572416
32,31,33,34,"null","null","null",2,20.677689,0.4135989,-3.5997567,2.3745215,-0.66423035,-8572416
37,3,38,41,"null","null","null",3,20.677689,3.0229437,-0.303201,3.2790852,-1.3026786,-8572416
38,37,39,40,"null","null","null",2,20.677689,2.3134403,-0.65274704,3.7626104,-0.37199056,-3014646
42,2,43,46,"null","null","null",3,20.677689,3.6822956,-0.63668066,1.6104476,-2.1905584,-8572416
43,42,44,45,"null","null","null",2,20.677689,3.2226973,-0.6278832,2.7384949,-1.3026786,-8572416
47,1,48,73,"null","null","null",18,19.061176,3.3900387,-0.91696227,0.3739525,-2.9853194,-8572416
48,47,49,70,"null","null","null",13,19.061176,3.61283,-0.44105512,1.9801664,-2.386887,-8572416
49,48,50,67,"null","null","null",11,19.061176,3.132392,-0.6278832,3.219129,-1.1514455,-8572416
50,49,51,60,"null","null","null",9,19.061176,2.4557228,-1.6418939,3.684667,-0.37199056,-8572416
51,50,52,59,"null","null","null",5,19.061176,1.6001897,-3.061069,3.3743324,-0.59051764,-8572416
52,51,53,56,"null","null","null",4,19.061176,0.29949006,-3.7909286,2.705148,-0.66423035,-8572416
53,52,54,55,"null","null","null",2,19.061176,0.5419747,-3.7111769,1.8611665,-1.7914414,-3014646
56,52,57,58,"null","null","null",2,19.061176,2.3408208,-0.4290239,3.7190452,-0.7670516,-8572416
60,50,61,66,"null","null","null",4,19.061176,3.5280137,-0.67175275,1.8652921,-2.238161,-8572416
61,60,62,65,"null","null","null",3,19.061176,3.065712,-0.6167603,3.1667423,-1.4052806,-8572416
62,61,63,64,"null","null","null",2,19.061176,2.3408208,-0.6580918,3.7190452,-0.34808022,-3014646
67,49,68,69,"null","null","null",2,19.061176,3.0051699,-1.0892038,0.3309561,-2.9852314,-3014646
70,48,71,72,"null","null","null",2,19.061176,1.2662381,-2.076367,0.5623988,-3.8140666,-3014646
73,47,74,79,"null","null","null",5,19.061176,0.45200062,-2.745932,0.8857573,-3.482712,-8572416
74,73,75,78,"null","null","null",3,19.061176,1.9703064,-2.076367,0.48397338,-3.5523171,-8572416
75,74,76,77,"null","null","null",2,19.061176,3.0051699,-1.0892038,0.6459124,-2.9852314,-8572416
79,73,80,81,"null","null","null",2,19.061176,0.8449204,-3.5245008,2.3807096,-0.39556158,-8572416
82,0,83,100,"null","null","null",11,15.813435,2.3908234,-2.120684,0.5234818,-3.5713406,-11184866
83,82,84,97,"null","null","null",9,15.813435,3.448443,-0.72746766,0.65274775,-2.9853194,-11184866
84,83,85,94,"null","null","null",7,15.813435,3.6887553,-0.44105512,2.0426908,-2.386887,-11184866
85,84,86,93,"null","null","null",5,15.813435,3.2310948,-0.6278832,3.3004107,-1.3026786,-12486656
86,85,87,90,"null","null","null",4,15.813435,2.5840368,-1.0472679,3.7903333,-0.37199056,-12486656
87,86,88,89,"null","null","null",2,15.813435,1.6001897,-2.2880554,3.5116982,-0.59051764,-12486656
90,86,91,92,"null","null","null",2,15.813435,3.8167202,-0.67175275,0.73106515,-2.238161,-11184866
94,84,95,96,"null","null","null",2,15.813435,1.2662381,-2.076367,0.5623988,-3.8140666,-8572416
97,83,98,99,"null","null","null",2,15.813435,0.37080103,-2.571182,0.8857573,-3.3442578,-8572416
100,82,101,102,"null","null","null",2,15.813435,0.44286364,-3.711179,1.8611686,-1.7914356,-16731116
