index,parent,child1,child2,name1,name2,common,richness,lengthbr,hxmax,hxmin,hymax,hymin,color
0,-268361608,1,108,"null","null","null",103,68.6,1.3321707,-2.9877632,3.244841,-0.2750002,-16731116
1,0,2,79,"null","null","null",54,59.042133,0.3238803,-3.590428,2.55196,-1.1974815,-12486656
2,1,3,46,"null","null","null",39,54.22546,0.5592979,-3.3791237,1.7338068,-2.6534698,-12486656
3,2,4,33,"null","null","null",22,45.751434,0.7517934,-2.7010155,0.41482085,-3.4732876,-12486656
4,3,5,26,"null","null","null",15,40.082653,2.2960765,-1.9577141,0.50423664,-3.455171,-16731116
5,4,6,19,"null","null","null",11,35.49196,3.325275,-0.7673116,0.6527476,-2.8342993,-16731116
6,5,7,18,"null","null","null",7,35.49196,3.5286393,-0.44105458,1.864401,-2.1905596,-16731116
7,6,8,17,"null","null","null",6,35.49196,3.0229454,-0.62788296,3.0686367,-1.3026809,-16731116
8,7,9,16,"null","null","null",5,35.49196,2.3134418,-1.52877,3.4890296,-0.37198997,-16731116
9,8,10,13,"null","null","null",4,35.49196,1.5501379,-2.9140103,3.1200051,-0.5905173,-16731116
10,9,11,12,"null","null","null",2,35.49196,0.4136008,-3.5997553,2.3745222,-0.66423035,-16731116
13,9,14,15,"null","null","null",2,35.49196,3.3284092,-0.28912854,2.5945022,-1.4052815,-16777216
19,5,20,25,"null","null","null",4,35.49196,0.45199895,-2.6608262,0.8857578,-3.4827113,-12486656
20,19,21,24,"null","null","null",3,35.49196,1.970305,-2.0763676,0.48397315,-3.5523176,-12486656
21,20,22,23,"null","null","null",2,35.49196,3.005169,-1.0892045,0.64591235,-2.9852326,-12486656
26,4,27,32,"null","null","null",4,20.518955,0.44286472,-3.3444924,1.8611706,-2.7339203,-12486656
27,26,28,31,"null","null","null",3,20.518955,0.66192484,-2.6608262,0.7546954,-3.6840568,-12486656
28,27,29,30,"null","null","null",2,20.518955,1.2662363,-2.0763676,0.48397315,-3.8140664,-11184866
33,3,34,45,"null","null","null",7,28.801994,0.82108605,-3.5088606,2.3745222,-1.0796609,-11184866
34,33,35,42,"null","null","null",6,28.801994,0.5419738,-3.3444924,1.9094191,-2.579039,-11184866
35,34,36,41,"null","null","null",4,28.801994,0.66192484,-2.6608262,0.7546954,-3.4827113,-11184866
36,35,37,40,"null","null","null",3,28.801994,1.970305,-2.0763676,0.48397315,-3.5523176,-3014646
37,36,38,39,"null","null","null",2,28.801994,3.005169,-1.0892045,0.64591235,-2.9852326,-3014646
42,34,43,44,"null","null","null",2,28.801994,1.691732,-2.1267989,3.5885592,-0.3595987,-11513776
46,2,47,72,"null","null","null",17,41.93523,1.4333872,-2.8828256,3.3743343,-0.31738296,-12486656
47,46,48,69,"null","null","null",13,37.964577,0.29948863,-3.5592184,2.7051501,-1.0522709,-12486656
48,47,49,68,"null","null","null",11,35.49196,0.5419736,-3.4099586,1.8611718,-2.5434332,-12486656
49,48,50,65,"null","null","null",10,35.49196,0.6896894,-2.745932,0.49051154,-3.4364252,-12486656
50,49,51,60,"null","null","null",8,35.49196,2.2793033,-2.0484705,0.48397285,-3.4921465,-12486656
51,50,52,57,"null","null","null",5,35.49196,3.4068682,-0.87069225,0.64591223,-2.90701,-11184866
52,51,53,56,"null","null","null",3,35.49196,3.7300887,-0.41856924,1.4251035,-2.2381625,-11184866
53,52,54,55,"null","null","null",2,35.49196,3.3284109,-0.61676,2.5944998,-1.405283,-11184866
57,51,58,59,"null","null","null",2,35.49196,0.3578284,-2.716216,0.90259874,-3.2399788,-12486656
60,50,61,64,"null","null","null",3,35.49196,0.48358554,-3.378262,1.9384025,-2.3110356,-12486656
61,60,62,63,"null","null","null",2,35.49196,0.65809214,-2.716216,0.86752415,-3.2399788,-16731116
65,49,66,67,"null","null","null",2,35.49196,0.844921,-3.524499,2.3807096,-0.39556128,-16731116
69,47,70,71,"null","null","null",2,10.259478,2.3408222,-0.4290232,3.7190425,-0.7670536,-11184866
72,46,73,76,"null","null","null",4,20.518955,3.0657141,-0.28912807,3.1667361,-1.2878801,-12486656
73,72,74,75,"null","null","null",2,20.518955,2.3408222,-0.658092,3.7190425,-0.348079,-8572416
76,72,77,78,"null","null","null",2,20.518955,2.875557,-1.1971859,0.31716096,-3.1081612,-12486656
79,1,80,105,"null","null","null",15,40.082653,2.5840397,-1.5047789,3.4890285,-0.737069,-12486656
80,79,81,98,"null","null","null",13,37.964577,1.433388,-2.882825,3.1200056,-0.59051675,-12486656
81,80,82,97,"null","null","null",9,32.521774,0.41360593,-3.5592184,2.3745222,-1.0796595,-12486656
82,81,83,92,"null","null","null",8,32.521774,0.5419736,-3.4099586,1.7062007,-2.5790384,-12486656
83,82,84,89,"null","null","null",5,32.521774,0.6619248,-2.745932,0.49051154,-3.4827118,-12486656
84,83,85,88,"null","null","null",3,32.521774,1.9703023,-2.0763686,0.48397285,-3.552319,-12486656
85,84,86,87,"null","null","null",2,32.521774,3.005167,-1.0892061,0.64591223,-2.9852347,-12486656
89,83,90,91,"null","null","null",2,32.521774,0.844921,-3.524499,2.3807096,-0.39556128,-12486656
92,82,93,96,"null","null","null",3,32.521774,1.6917332,-2.7746146,3.1313152,-0.35959932,-11184866
93,92,94,95,"null","null","null",2,32.521774,0.52728903,-3.5244977,2.3807096,-0.665,-11184866
98,80,99,102,"null","null","null",4,37.964577,3.0657144,-0.28912795,3.1667354,-1.2878811,-16731116
99,98,100,101,"null","null","null",2,10.259478,2.3408222,-0.658092,3.7190423,-0.34807882,-16731116
102,98,103,104,"null","null","null",2,10.259478,2.8755558,-1.197187,0.31716084,-3.1081624,-16731116
105,79,106,107,"null","null","null",2,10.259478,3.8167193,-0.6717548,0.7310553,-2.2381635,-11184866
108,0,109,192,"null","null","null",49,57.603992,3.0229468,-0.3032002,3.1734333,-1.1927587,-16731116
109,108,110,191,"null","null","null",42,55.32236,2.3134425,-1.542536,3.625268,-0.37198934,-16731116
110,109,111,160,"null","null","null",41,54.965687,1.433388,-2.931909,3.297117,-0.59051675,-16731116
111,110,112,149,"null","null","null",25,47.64354,0.29948846,-3.6230278,2.6047673,-1.0522709,-16731116
112,111,113,136,"null","null","null",19,43.581516,0.5419736,-3.4929109,1.8248643,-2.5434332,-16731116
113,112,114,131,"null","null","null",12,43.581516,0.6619248,-2.85377,0.52232623,-3.4364252,-16731116
114,113,115,128,"null","null","null",9,43.581516,2.159732,-2.216558,0.48397285,-3.4921465,-16731116
115,114,116,123,"null","null","null",7,43.581516,3.2514257,-0.8866538,0.64591223,-2.90701,-16731116
116,115,117,122,"null","null","null",4,43.581516,3.5280137,-0.41856924,1.8652878,-2.2381625,-16731116
117,116,118,121,"null","null","null",3,43.581516,3.0657134,-0.61676,3.1667395,-1.405283,-16731116
118,117,119,120,"null","null","null",2,43.581516,2.3408217,-0.6580919,3.7190442,-0.34807962,-16731116
123,115,124,127,"null","null","null",3,43.581516,0.3578284,-2.7521296,0.90259874,-3.6250987,-16731116
124,123,125,126,"null","null","null",2,43.581516,1.0880178,-2.136557,0.46288466,-3.8261664,-16731116
128,114,129,130,"null","null","null",2,43.581516,0.48358554,-3.7564592,1.9384025,-1.6186383,-16731116
131,113,132,135,"null","null","null",3,43.581516,0.844921,-3.7671347,2.4522927,-0.39556128,-8572416
132,131,133,134,"null","null","null",2,43.581516,0.5235958,-3.7564592,1.9384025,-1.6186383,-8572416
136,112,137,148,"null","null","null",7,43.581516,1.6917332,-2.7538197,3.398308,-0.35959932,-16731116
137,136,138,145,"null","null","null",6,43.581516,0.33849168,-3.4974644,2.7278004,-1.0443852,-16731116
138,137,139,144,"null","null","null",4,43.581516,0.5235956,-3.405889,1.9384036,-2.60728,-16731116
139,138,140,143,"null","null","null",3,43.581516,0.6580921,-2.7521312,0.8675258,-3.625098,-16731116
140,139,141,142,"null","null","null",2,43.581516,1.0880151,-2.136558,0.46288437,-3.8261666,-16731116
145,137,146,147,"null","null","null",2,43.581516,2.361209,-0.41842052,3.6646857,-0.79509616,-16731116
149,111,150,159,"null","null","null",6,47.64354,2.3408222,-1.3259958,3.4931815,-0.7670536,-16731116
150,149,151,158,"null","null","null",5,47.64354,1.6917341,-2.737473,3.1863804,-0.5755003,-16731116
151,150,152,157,"null","null","null",4,47.64354,0.52728903,-3.4762142,2.4522943,-0.816503,-16731116
152,151,153,156,"null","null","null",3,16.260887,0.5235956,-3.3782637,1.9384036,-2.311033,-16731116
153,152,154,155,"null","null","null",2,16.260887,0.6580921,-2.7162182,0.8675258,-3.2399771,-16731116
160,110,161,176,"null","null","null",16,36.4,3.0657144,-0.28912795,2.9929967,-1.2264655,-16731116
161,160,162,175,"null","null","null",8,32.4,2.3408222,-1.3385688,3.4931822,-0.34807882,-16731116
162,161,163,172,"null","null","null",7,30.319433,1.6749449,-2.7538185,3.1863818,-0.5755002,-16731116
163,162,164,171,"null","null","null",5,25.076824,0.52729076,-3.4974642,2.4522963,-1.0443827,-16731116
164,163,165,170,"null","null","null",4,25.076824,0.5235953,-3.4058897,1.9384048,-2.6072779,-16731116
165,164,166,169,"null","null","null",3,25.076824,0.658092,-2.7521324,0.8675277,-3.6250968,-16731116
166,165,167,168,"null","null","null",2,25.076824,1.0880123,-2.1365585,0.462884,-3.8261666,-16731116
172,162,173,174,"null","null","null",2,10.8,3.4248757,-0.2750001,2.444148,-1.5045884,-12486656
176,160,177,190,"null","null","null",8,27.3,3.307932,-1.197187,0.31716084,-2.969977,-16731116
177,176,178,189,"null","null","null",7,27.3,3.6996102,-0.3955167,1.5568576,-2.2791781,-16731116
178,177,179,188,"null","null","null",6,23.523159,3.3383734,-0.60428786,2.859805,-1.5045884,-16731116
179,178,180,185,"null","null","null",5,23.523159,2.6735516,-1.1773193,3.4240844,-0.32387987,-16731116
180,179,181,184,"null","null","null",3,23.523159,1.7788422,-2.6272602,3.162878,-0.5592977,-16731116
181,180,182,183,"null","null","null",2,23.523159,0.6411381,-3.439218,2.4198961,-0.66423047,-16731116
185,179,186,187,"null","null","null",2,23.523159,3.762607,-0.73706955,0.4390179,-2.3134432,-16731116
192,108,193,202,"null","null","null",7,28.801994,3.251424,-0.92879355,0.3309554,-3.0781765,-16731116
193,192,194,199,"null","null","null",5,23.82177,3.5280135,-0.41856882,1.8652828,-2.460678,-16731116
194,193,195,198,"null","null","null",3,23.82177,3.0657144,-0.61675966,3.1667354,-1.4052866,-16731116
195,194,196,197,"null","null","null",2,10.259478,2.3408222,-0.658092,3.7190423,-0.34807882,-16731116
199,193,200,201,"null","null","null",2,10.259478,1.088011,-2.136559,0.6001835,-3.826167,-16731116
202,192,203,204,"null","null","null",2,10.259478,0.35782817,-2.7162204,0.902599,-3.2399757,-16731116
