index,parent,child1,child2,name1,name2,common,richness,lengthbr,hxmax,hxmin,hymax,hymin,color
0,-268392405,1,26,"null","null","null",24,27.064487,3.1323948,-0.3032004,3.0686352,-1.1166836,-16777216
1,0,2,15,"null","null","null",13,27.064487,2.4557254,-1.4435972,3.489029,-0.37198973,-16777216
2,1,3,12,"null","null","null",7,27.064487,1.5501416,-2.8032873,3.1200054,-0.590517,-16777216
3,2,4,11,"null","null","null",5,27.064487,0.4136042,-3.455818,2.3745222,-0.9977351,-16777216
4,3,5,8,"null","null","null",4,27.064487,0.5419738,-3.2755368,1.9094191,-2.4725354,-16777216
5,4,6,7,"null","null","null",2,27.064487,0.66192484,-2.5711837,0.7546954,-3.3442564,-16777216
8,4,9,10,"null","null","null",2,27.064487,1.691732,-2.1267989,3.5885592,-0.3595987,-16777216
12,2,13,14,"null","null","null",2,27.064487,3.328413,-0.28912815,2.5944967,-1.4052848,-16777216
15,1,16,25,"null","null","null",6,27.064487,3.5280137,-0.67175424,1.7065759,-2.2381628,-16777216
16,15,17,24,"null","null","null",5,27.064487,3.065714,-0.6167599,2.9604146,-1.4052848,-16777216
17,16,18,23,"null","null","null",4,27.064487,2.3408222,-1.3545666,3.4508238,-0.34807917,-16777216
18,17,19,22,"null","null","null",3,27.064487,1.6917332,-2.7746146,3.1313152,-0.5755004,-16777216
19,18,20,21,"null","null","null",2,27.064487,0.52728903,-3.5244977,2.3807096,-0.665,-16777216
26,0,27,42,"null","null","null",11,27.064487,3.3785944,-0.92879343,0.3309556,-2.9070106,-16777216
27,26,28,41,"null","null","null",8,27.064487,3.6933331,-0.41856915,1.7065759,-2.2381628,-16777216
28,27,29,40,"null","null","null",7,27.064487,3.2806292,-0.6167599,2.9604146,-1.4052848,-16777216
29,28,30,35,"null","null","null",6,27.064487,2.620212,-1.3545666,3.4508238,-0.34807917,-16777216
30,29,31,34,"null","null","null",3,27.064487,1.6917332,-2.7746146,3.1313152,-0.5755004,-16777216
31,30,32,33,"null","null","null",2,27.064487,0.52728903,-3.5244977,2.3807096,-0.665,-16777216
35,29,36,39,"null","null","null",3,27.064487,3.76615,-0.7052607,1.2371243,-2.2791777,-16777216
36,35,37,38,"null","null","null",2,27.064487,3.4248743,-0.6042881,2.4441504,-1.5045869,-16777216
42,26,43,46,"null","null","null",3,27.064487,0.35782838,-2.752131,0.90259874,-3.6250982,-16777216
43,42,44,45,"null","null","null",2,27.064487,1.0880139,-2.136558,0.46288443,-3.8261666,-16777216
