index,parent,child1,child2,name1,name2,common,richness,lengthbr,hxmax,hxmin,hymax,hymin,color
0,-268400502,1,28,"null","null","null",22,52.59404,0.5592989,-3.3609874,1.6207671,-2.6814833,-16777216
1,0,2,21,"null","null","null",14,22.474361,0.75180197,-2.6774383,0.41481674,-3.5096993,-16777216
2,1,3,18,"null","null","null",10,22.474361,2.296084,-2.1206808,0.5042378,-3.502502,-16777216
3,2,4,17,"null","null","null",8,22.474361,3.3252785,-0.9791694,0.6527479,-2.8958287,-16777216
4,3,5,12,"null","null","null",7,22.474361,3.5286388,-0.4410558,2.042694,-2.2705507,-16777216
5,4,6,11,"null","null","null",4,22.474361,3.0229423,-0.6278835,3.3004124,-1.3026755,-16777216
6,5,7,10,"null","null","null",3,22.474361,2.3134394,-1.0472739,3.7903328,-0.37199128,-16777216
7,6,8,9,"null","null","null",2,22.474361,1.6001867,-2.2880604,3.5116959,-0.59051806,-16777216
12,4,13,16,"null","null","null",3,22.474361,1.9703119,-2.076365,0.5623976,-3.5523148,-16777216
13,12,14,15,"null","null","null",2,22.474361,3.0051737,-1.0892006,0.64591265,-2.9852276,-16777216
18,2,19,20,"null","null","null",2,22.474361,0.4428624,-3.7111773,1.8611662,-1.7914411,-16777216
21,1,22,27,"null","null","null",4,22.474361,0.8210846,-3.4558175,2.374522,-0.99774426,-16777216
22,21,23,26,"null","null","null",3,22.474361,0.54197484,-3.2755322,1.8611662,-2.472543,-16777216
23,22,24,25,"null","null","null",2,22.474361,0.661925,-2.5711775,0.75469065,-3.3442605,-16777216
28,0,29,38,"null","null","null",8,17.708643,1.4333808,-2.8032913,3.1200047,-0.3173806,-16777216
29,28,30,37,"null","null","null",5,17.708643,0.4135974,-3.4558175,2.374522,-0.99774426,-16777216
30,29,31,34,"null","null","null",4,17.708643,0.54197484,-3.2755322,1.9094126,-2.472543,-16777216
31,30,32,33,"null","null","null",2,17.708643,0.661925,-2.5711775,0.75469065,-3.3442605,-16777216
34,30,35,36,"null","null","null",2,17.708643,1.6917262,-2.1268098,3.5885544,-0.35959634,-16777216
38,28,39,42,"null","null","null",3,17.708643,3.0657115,-0.28912896,3.1667447,-1.4052784,-16777216
39,38,40,41,"null","null","null",2,17.708643,2.3408206,-0.65809166,3.7190466,-0.34808072,-16777216
