index,parent,child1,child2,name1,name2,common,richness,lengthbr,hxmax,hxmin,hymax,hymin,color
0,-268378057,1,24,"null","null","null",25,60.903175,3.160211,-0.3171607,3.3135405,-1.021476,-11184866
1,0,2,21,"","null","Splayfoot Salamanders",12,36.962864,2.5264823,-1.5568557,3.7069025,-0.3955164,-8572416
2,1,3,14,"null","null","null",10,36.962864,1.3321738,-2.859804,3.347854,-0.60428774,-8572416
3,2,4,9,"null","null","null",6,36.962864,0.32387957,-3.424084,2.685876,-1.177318,-8572416
4,3,5,8,"null","null","null",3,36.962864,0.55929744,-3.1628785,1.7788426,-2.6272595,-8572416
5,4,6,7,"null","null","null",2,36.962864,0.66423047,-2.4198966,0.6411383,-3.4392178,-8572416
9,3,10,13,"null","null","null",3,36.962864,2.3134434,-1.0472503,3.7903354,-0.73706996,-8572416
10,9,11,12,"null","null","null",2,36.962864,1.6001987,-2.2880404,3.5117064,-0.5905163,-3014646
14,2,15,20,"null","null","null",4,36.962864,3.0229483,-0.30319974,3.300406,-1.3026869,-11184866
15,14,16,19,"null","null","null",3,36.962864,2.3134434,-1.0472503,3.7903354,-0.37198862,-11184866
16,15,17,18,"null","null","null",2,36.962864,1.6001987,-2.2880404,3.5117064,-0.5905163,-12486656
21,1,22,23,"null","null","null",2,36.962864,3.827052,-0.6366836,0.909381,-2.190562,-8572416
24,0,25,40,"","null","Moss Salamanders",13,38.153496,3.3252726,-0.91696334,0.42203832,-2.8752682,-11184866
25,24,26,33,"null","null","null",8,38.153496,3.52864,-0.4410537,2.0426812,-2.2438173,-12486656
26,25,27,32,"null","null","null",4,38.153496,3.0229483,-0.6278824,3.300406,-1.3026869,-12486656
27,26,28,31,"null","null","null",3,38.153496,2.3134434,-1.0472503,3.7903354,-0.37198862,-16731116
28,27,29,30,"null","null","null",2,38.153496,1.6001987,-2.2880404,3.5117064,-0.5905163,-12486656
33,25,34,39,"null","null","null",4,38.153496,2.3305578,-2.0763712,0.56240165,-3.492148,-11184866
34,33,35,38,"null","null","null",3,38.153496,3.4735034,-1.0892116,0.64591193,-2.9070134,-11184866
35,34,36,37,"null","null","null",2,38.153496,3.816719,-0.41856813,0.73104995,-2.2381647,-12486656
40,24,41,46,"null","null","null",5,38.153496,0.45198798,-2.7459319,0.8857585,-3.4827127,-8572416
41,40,42,45,"null","null","null",3,38.153496,1.9702938,-2.0763712,0.48397216,-3.5523233,-8572416
42,41,43,44,"null","null","null",2,38.153496,3.0051603,-1.0892116,0.64591193,-2.9852414,-8572416
46,40,47,48,"null","null","null",2,38.153496,0.8449217,-3.5244958,2.3807096,-0.39556086,-11184866
