index,parent,child1,child2,name1,name2,common,richness,lengthbr,hxmax,hxmin,hymax,hymin,color
0,-268435386,1,68,"null","null","null",39,36.1,0.5905167,-3.352851,1.4333884,-2.8773558,-16731116
1,0,2,49,"null","null","null",34,34.748047,1.052269,-2.6772213,0.38599777,-3.552109,-16731116
2,1,3,38,"null","null","null",24,34.748047,2.5434313,-1.7306759,0.5419735,-3.4007168,-16731116
3,2,4,23,"null","null","null",18,34.748047,3.4364245,-0.4905132,0.6619247,-2.7339177,-16731116
4,3,5,16,"null","null","null",10,34.748047,3.492148,-0.48397237,2.1597273,-2.0607522,-16731116
5,4,6,13,"null","null","null",6,34.748047,2.907013,-0.645912,3.2514226,-0.8706984,-16731116
6,5,7,12,"null","null","null",4,34.748047,2.2381642,-1.8652804,3.5280132,-0.41856837,-16731116
7,6,8,11,"null","null","null",3,34.748047,1.4052877,-3.166734,3.0657148,-0.6167594,-16731116
8,7,9,10,"null","null","null",2,34.748047,0.34807852,-3.7190418,2.3408225,-0.6580921,-16731116
13,5,14,15,"null","null","null",2,34.748047,3.2399735,-0.90259933,0.3578279,-2.7162232,-16777216
16,4,17,22,"null","null","null",4,34.748047,2.6072767,-1.9384054,0.48358673,-3.405891,-16731116
17,16,18,21,"null","null","null",3,34.748047,3.6250963,-0.86752975,0.658092,-2.7521338,-16731116
18,17,19,20,"null","null","null",2,34.748047,3.826167,-0.4628837,1.0880075,-2.13656,-16731116
23,3,24,37,"null","null","null",8,34.748047,1.044382,-2.3807096,0.84492147,-3.497465,-12486656
24,23,25,32,"null","null","null",7,34.748047,2.6072767,-1.799392,0.5235953,-3.405891,-12486656
25,24,26,29,"null","null","null",4,34.748047,3.6250963,-0.58311164,0.658092,-2.7521338,-11184866
26,25,27,28,"null","null","null",2,34.748047,3.826167,-0.4628837,1.0880075,-2.13656,-11184866
29,25,30,31,"null","null","null",2,34.748047,0.38339442,-2.419898,0.8665073,-3.439217,-11513776
32,24,33,36,"null","null","null",3,34.748047,0.40148276,-3.1628788,1.7788422,-2.62726,-16731116
33,32,34,35,"null","null","null",2,34.748047,0.66423047,-2.419897,0.6411384,-3.4392178,-16731116
38,2,39,46,"null","null","null",6,34.748047,0.35959998,-3.1863816,1.6749449,-2.7374735,-16731116
39,38,40,45,"null","null","null",4,34.748047,0.81649995,-2.452296,0.52729005,-3.4762158,-16731116
40,39,41,44,"null","null","null",3,34.748047,2.31103,-1.9384048,0.52359533,-3.3782666,-16731116
41,40,42,43,"null","null","null",2,34.748047,3.2399745,-0.8675288,0.658092,-2.7162223,-11513776
46,38,47,48,"null","null","null",2,34.748047,1.504588,-2.4441488,3.4248753,-0.2750001,-11513776
49,1,50,63,"null","null","null",10,34.748047,0.7670537,-3.6562023,2.6202128,-1.325996,-12486656
50,49,51,60,"null","null","null",7,34.748047,0.5755002,-3.398308,1.6749443,-2.7374737,-12486656
51,50,52,57,"null","null","null",5,34.748047,0.8165001,-2.7278004,0.33849233,-3.4762158,-16731116
52,51,53,56,"null","null","null",3,34.748047,2.31103,-1.9384048,0.52359545,-3.3782666,-11513776
53,52,54,55,"null","null","null",2,34.748047,3.2399745,-0.8675288,0.658092,-2.7162223,-11513776
57,51,58,59,"null","null","null",2,34.748047,0.7950964,-3.6646852,2.3612092,-0.41842043,-16731116
60,50,61,62,"null","null","null",2,34.748047,1.5045877,-2.444149,3.4248748,-0.27500004,-11184866
63,49,64,67,"null","null","null",3,34.748047,2.2791781,-1.237122,3.76615,-0.7052612,-11513776
64,63,65,66,"null","null","null",2,34.748047,1.5045879,-2.4441488,3.424875,-0.6042879,-11513776
68,0,69,74,"null","null","null",5,15.859077,1.2878811,-3.2309723,3.0657146,-0.2891279,-11513776
69,68,70,73,"null","null","null",3,15.859077,0.34807876,-3.8025508,2.3408225,-0.8562428,-11513776
70,69,71,72,"null","null","null",2,15.859077,0.5755002,-3.5885608,1.6917344,-2.1267946,-11513776
74,68,75,76,"null","null","null",2,15.859077,3.108162,-0.31716082,2.8755562,-1.1971867,-11513776
