index,parent,child1,child2,name1,name2,common,richness,lengthbr,hxmax,hxmin,hymax,hymin,color
0,-268413840,1,174,"null","null","null",110,39.608223,1.4115132,-2.9877687,3.2448392,-0.6042887,-16731116
1,0,2,145,"null","null","null",87,37.63162,0.32388148,-3.59043,2.551958,-1.2118316,-16731116
2,1,3,130,"null","null","null",72,36.036987,0.5592989,-3.3791223,1.7464898,-2.6721203,-16731116
3,2,4,115,"null","null","null",64,35.0445,0.80991125,-2.7010136,0.56176186,-3.4975276,-16731116
4,3,5,106,"null","null","null",56,33.919308,2.371626,-1.9577086,0.5042378,-3.4866786,-16731116
5,4,6,83,"null","null","null",51,33.131218,3.4234831,-0.8530597,0.6527479,-2.875258,-16731116
6,5,7,68,"null","null","null",39,30.870712,3.6563048,-0.4410558,1.9931648,-2.2438087,-16731116
7,6,8,61,"null","null","null",31,28.936222,3.188908,-0.6278835,3.2360241,-1.1166763,-16731116
8,7,9,38,"null","null","null",27,28.936222,2.529195,-1.5425508,3.7066278,-0.37199128,-16731116
9,8,10,35,"null","null","null",15,28.936222,1.5501313,-2.9319205,3.4028797,-0.59051806,-16731116
10,9,11,30,"null","null","null",13,28.936222,0.2994908,-3.6230326,2.7422597,-1.052285,-16731116
11,10,12,29,"null","null","null",10,28.936222,0.54197526,-3.49291,1.8611641,-2.5434442,-16731116
12,11,13,22,"null","null","null",9,28.936222,0.7291362,-2.8537679,0.6447661,-3.436429,-16731116
13,12,14,21,"null","null","null",5,28.936222,2.3305783,-2.0763621,0.48397484,-3.4921432,-16731116
14,13,15,18,"null","null","null",4,28.936222,3.4735157,-0.87067944,0.64591295,-2.9070032,-16731116
15,14,16,17,"null","null","null",2,28.936222,3.8167214,-0.4185714,0.7310779,-2.2381577,-16731116
18,14,19,20,"null","null","null",2,28.936222,0.35782966,-2.7162046,0.9025972,-3.2399876,-16731116
22,12,23,26,"null","null","null",4,28.936222,0.84491885,-3.7671375,2.7277985,-0.3955624,-11184866
23,22,24,25,"null","null","null",2,28.936222,0.52359736,-3.7564564,1.9383965,-1.6186526,-11513776
26,22,27,28,"null","null","null",2,28.936222,2.361207,-0.41842157,3.6646912,-0.79509366,-11184866
30,10,31,34,"null","null","null",3,28.936222,2.3408198,-0.856262,3.8025498,-0.76705074,-16731116
31,30,32,33,"null","null","null",2,28.936222,1.6917254,-2.1268115,3.5885534,-0.5755017,-16731116
35,9,36,37,"null","null","null",2,28.936222,3.328405,-0.28912932,2.5945082,-1.4052775,-16731116
38,8,39,58,"null","null","null",12,28.936222,3.6933308,-0.67175174,1.7316476,-2.4606724,-16731116
39,38,40,55,"null","null","null",10,28.936222,3.280623,-0.6167606,2.9930017,-1.2878692,-16731116
40,39,41,48,"null","null","null",8,28.936222,2.6202059,-1.4981518,3.4931793,-0.34808096,-16731116
41,40,42,47,"null","null","null",4,28.936222,1.6917254,-2.961268,3.1863718,-0.5755017,-16731116
42,41,43,46,"null","null","null",3,28.936222,0.5272785,-3.7671375,2.4522836,-0.665,-16731116
43,42,44,45,"null","null","null",2,28.936222,0.52359736,-3.7564564,1.9383965,-1.6186526,-16731116
48,40,49,52,"null","null","null",4,28.936222,3.7661467,-0.705258,1.2371399,-2.526476,-12486656
49,48,50,51,"null","null","null",2,28.936222,3.4248662,-0.60428905,2.4441638,-1.5045791,-11513776
52,48,53,54,"null","null","null",2,28.936222,0.9093985,-2.1905575,0.6366799,-3.827052,-12486656
55,39,56,57,"null","null","null",2,28.936222,2.8755672,-1.1971784,0.3171621,-3.108152,-16731116
58,38,59,60,"null","null","null",2,28.936222,1.0880251,-2.1365547,0.6001805,-3.8261662,-16731116
61,7,62,67,"null","null","null",4,28.936222,3.4068704,-1.0892006,0.33095652,-2.9070063,-16731116
62,61,63,66,"null","null","null",3,28.936222,3.7300863,-0.41857052,1.4251142,-2.2381597,-16731116
63,62,64,65,"null","null","null",2,28.936222,3.328405,-0.6167606,2.5945082,-1.4052775,-11513776
68,6,69,82,"null","null","null",8,17.522251,2.1597397,-2.076365,0.5623976,-3.4921446,-16731116
69,68,70,81,"null","null","null",7,17.522251,3.25143,-1.0892006,0.64591265,-2.9070063,-16731116
70,69,71,80,"null","null","null",6,17.522251,3.5280137,-0.41857052,1.9147071,-2.2381597,-16731116
71,70,72,77,"null","null","null",5,17.522251,3.0657108,-0.6167606,3.230979,-1.2878692,-16731116
72,71,73,76,"null","null","null",3,17.522251,2.3408198,-0.856262,3.8025498,-0.34808096,-16731116
73,72,74,75,"null","null","null",2,17.522251,1.6917254,-2.1268115,3.5885534,-0.5755017,-16731116
77,71,78,79,"null","null","null",2,17.522251,2.8755672,-1.1971784,0.3171621,-3.108152,-16731116
83,5,84,101,"null","null","null",12,20.93887,0.59772,-2.8537693,0.88575673,-3.4364274,-16731116
84,83,85,94,"null","null","null",9,18.51474,2.1597397,-2.0607436,0.483974,-3.4921446,-16731116
85,84,86,93,"null","null","null",5,18.51474,3.25143,-1.0892006,0.64591265,-2.9070063,-16731116
86,85,87,92,"null","null","null",4,18.51474,3.5280137,-0.41857052,1.8652972,-2.2381597,-16731116
87,86,88,91,"null","null","null",3,18.51474,3.0657108,-0.6167606,3.1667461,-1.4052775,-16731116
88,87,89,90,"null","null","null",2,18.51474,2.3408198,-0.65809166,3.719047,-0.34808096,-12486656
94,84,95,100,"null","null","null",4,18.51474,0.48358327,-3.405886,1.9383984,-2.6072884,-16731116
95,94,96,99,"null","null","null",3,18.51474,0.65809244,-2.7521262,0.8675197,-3.6251016,-16731116
96,95,97,98,"null","null","null",2,18.51474,1.0880251,-2.1365547,0.46288556,-3.8261662,-16731116
101,83,102,105,"null","null","null",3,9.25737,0.8449197,-3.767137,2.4522865,-0.39556193,-16731116
102,101,103,104,"null","null","null",2,9.25737,0.5235969,-3.756458,1.9383984,-1.6186465,-16731116
106,4,107,112,"null","null","null",5,13.561802,0.4428624,-3.3444898,1.9094126,-2.7339265,-16731116
107,106,108,111,"null","null","null",3,13.561802,0.661925,-2.6608222,0.75469065,-3.6840591,-16731116
108,107,109,110,"null","null","null",2,13.561802,1.2662436,-2.076365,0.483974,-3.814066,-16731116
112,106,113,114,"null","null","null",2,13.561802,1.6917262,-2.1268098,3.5885544,-0.35959634,-16731116
115,3,116,127,"null","null","null",8,17.522251,0.8210846,-3.5088618,2.7051485,-1.0522809,-16731116
116,115,117,126,"null","null","null",6,17.522251,0.54197484,-3.3444898,1.8611662,-2.5434406,-16731116
117,116,118,125,"null","null","null",5,17.522251,0.72912955,-2.6608222,0.75469065,-3.4364274,-16731116
118,117,119,124,"null","null","null",4,17.522251,2.3305721,-2.076365,0.483974,-3.4921446,-16731116
119,118,120,123,"null","null","null",3,17.522251,3.4735122,-1.0892006,0.64591265,-2.9070063,-16731116
120,119,121,122,"null","null","null",2,17.522251,3.8167205,-0.41857052,0.73107064,-2.2381597,-16731116
127,115,128,129,"null","null","null",2,17.522251,2.3408206,-0.42902395,3.7190466,-0.76705146,-16731116
130,2,131,144,"null","null","null",8,17.522251,1.600189,-2.8440948,3.4028807,-0.3173806,-16731116
131,130,132,139,"null","null","null",7,17.522251,0.29949018,-3.5088618,2.742261,-1.1988084,-16731116
132,131,133,138,"null","null","null",4,17.522251,0.54197484,-3.3444898,1.8611662,-2.7339265,-16731116
133,132,134,137,"null","null","null",3,17.522251,0.661925,-2.6608222,0.75469065,-3.6840591,-16731116
134,133,135,136,"null","null","null",2,17.522251,1.2662436,-2.076365,0.483974,-3.814066,-16731116
139,131,140,143,"null","null","null",3,17.522251,2.3408206,-0.85626006,3.8025498,-0.76705146,-16731116
140,139,141,142,"null","null","null",2,17.522251,1.6917262,-2.1268098,3.5885544,-0.57550156,-16731116
145,1,146,171,"","null","Canebrake Treefrogs",15,22.819172,2.5840364,-1.5127478,3.4890308,-0.7370672,-16731116
146,145,147,160,"null","null","null",13,22.819172,1.4333808,-2.8931787,3.1200047,-0.5905177,-16731116
147,146,148,159,"null","null","null",7,16.397058,0.4135974,-3.572671,2.374522,-1.0796683,-16731116
148,147,149,158,"null","null","null",6,16.397058,0.54197484,-3.4274416,1.8611662,-2.579044,-16731116
149,148,150,157,"null","null","null",5,16.397058,0.661925,-2.7686596,0.75469065,-3.482712,-16731116
150,149,151,154,"null","null","null",4,16.397058,1.9703119,-2.2165534,0.483974,-3.5523148,-16731116
151,150,152,153,"null","null","null",2,16.397058,3.0051737,-1.0892006,0.64591265,-2.9852276,-12486656
154,150,155,156,"null","null","null",2,16.397058,0.48358327,-3.756458,1.9383984,-1.6186465,-16731116
160,146,161,168,"null","null","null",6,15.09812,3.0657115,-0.28912896,2.960422,-1.2878697,-16731116
161,160,162,167,"null","null","null",4,15.09812,2.3408206,-1.3545806,3.4508271,-0.34808072,-16731116
162,161,163,166,"null","null","null",3,15.09812,1.6917262,-2.7746265,3.1313148,-0.57550156,-16731116
163,162,164,165,"null","null","null",2,15.09812,0.5272789,-3.524505,2.3807096,-0.665,-16731116
168,160,169,170,"null","null","null",2,15.09812,2.8755677,-1.1971774,0.31716195,-3.108151,-16731116
171,145,172,173,"null","null","null",2,5.84075,3.8167205,-0.6717526,0.73106873,-2.2381606,-16731116
174,0,175,212,"null","null","null",23,26.420996,3.2014763,-0.30320084,3.0686398,-1.116679,-16731116
175,174,176,205,"null","null","null",19,26.420996,2.5455327,-1.5047903,3.4890308,-0.37199068,-16731116
176,175,177,196,"null","null","null",15,22.819172,1.4333808,-2.882834,3.1200047,-0.5905177,-16731116
177,176,178,195,"null","null","null",10,22.819172,0.4135974,-3.5592227,2.374522,-1.0796683,-16731116
178,177,179,188,"null","null","null",9,22.819172,0.54197484,-3.409959,1.730665,-2.579044,-16731116
179,178,180,185,"null","null","null",5,22.819172,0.661925,-2.745932,0.49050736,-3.482712,-16731116
180,179,181,184,"null","null","null",3,22.819172,1.9703119,-2.076365,0.483974,-3.5523148,-16731116
181,180,182,183,"null","null","null",2,22.819172,3.0051737,-1.0892006,0.64591265,-2.9852276,-11513776
185,179,186,187,"null","null","null",2,22.819172,0.8449197,-3.5245035,2.3807096,-0.39556193,-16731116
188,178,189,194,"null","null","null",4,22.819172,1.6917262,-2.9612668,3.1863725,-0.35959634,-16731116
189,188,190,193,"null","null","null",3,22.819172,0.5272789,-3.767137,2.4522848,-0.665,-16731116
190,189,191,192,"null","null","null",2,22.819172,0.5235972,-3.7564566,1.9383972,-1.6186507,-16731116
196,176,197,204,"null","null","null",5,22.819172,3.0657115,-0.28912896,2.960422,-1.4052784,-12486656
197,196,198,203,"null","null","null",4,22.819172,2.3408206,-1.3545806,3.4508271,-0.34808072,-12486656
198,197,199,202,"null","null","null",3,22.819172,1.6917262,-2.7746265,3.1313148,-0.57550156,-11184866
199,198,200,201,"null","null","null",2,22.819172,0.5272789,-3.524505,2.3807096,-0.665,-3014646
205,175,206,209,"null","null","null",4,11.6815,3.7300868,-0.6717526,1.4251122,-2.4606729,-16731116
206,205,207,208,"null","null","null",2,11.6815,3.328406,-0.61676055,2.5945067,-1.4052784,-16731116
209,205,210,211,"null","null","null",2,11.6815,1.0880258,-2.1365545,0.60018086,-3.8261662,-16731116
212,174,213,216,"null","null","null",4,26.420994,3.4735112,-0.92879295,0.33095616,-2.9070072,-16731116
213,212,214,215,"null","null","null",2,5.84075,3.8167205,-0.41857028,0.73106873,-2.2381606,-11513776
216,212,217,218,"null","null","null",2,5.84075,0.357829,-2.7162097,0.902598,-3.239984,-16731116
