index,parent,child1,child2,name1,name2,common,richness,lengthbr,hxmax,hxmin,hymax,hymin,color
0,-268435353,1,62,"null","null","null",33,57.576645,2.9202821,-0.6527474,3.4484391,-0.7274768,-16731116
1,0,2,41,"null","null","null",31,57.576645,2.3023353,-1.980156,3.6887565,-0.44105375,-16731116
2,1,3,26,"null","null","null",20,57.576645,1.1166875,-3.2191226,3.2310996,-0.6278824,-16731116
3,2,4,23,"null","null","null",12,57.576645,0.37198886,-3.6846662,2.5840406,-1.4749801,-16731116
4,3,5,16,"null","null","null",10,57.576645,0.59051657,-3.374335,1.4333884,-2.8440876,-16731116
5,4,6,13,"null","null","null",6,57.576645,1.1987973,-2.7051506,0.29948834,-3.5088606,-16731116
6,5,7,12,"null","null","null",4,57.576645,2.733918,-1.8611722,0.5419735,-3.3444939,-16731116
7,6,8,11,"null","null","null",3,57.576645,3.6840558,-0.7546976,0.6619248,-2.660828,-16731116
8,7,9,10,"null","null","null",2,57.576645,3.8140671,-0.48397276,1.2662327,-2.076369,-11513776
13,5,14,15,"null","null","null",2,57.576645,0.7670537,-3.7190428,2.3408222,-0.42902315,-11513776
16,4,17,20,"null","null","null",4,57.576645,1.2878807,-3.166736,3.0657144,-0.2891279,-16731116
17,16,18,19,"null","null","null",2,57.576645,0.34807888,-3.7190428,2.3408222,-0.658092,-16731116
20,16,21,22,"null","null","null",2,57.576645,3.1081617,-0.3171609,2.8755562,-1.1971865,-11513776
23,3,24,25,"null","null","null",2,57.576645,2.238164,-0.7310531,3.8167195,-0.6717552,-11513776
26,2,27,34,"null","null","null",8,57.576645,2.907013,-0.33095512,3.2514226,-0.9287938,-16731116
27,26,28,33,"null","null","null",4,57.576645,2.2381642,-1.8652804,3.5280132,-0.41856837,-16731116
28,27,29,32,"null","null","null",3,57.576645,1.4052877,-3.166734,3.0657148,-0.6167594,-11513776
29,28,30,31,"null","null","null",2,57.576645,0.34807852,-3.7190418,2.3408225,-0.6580921,-11513776
34,26,35,38,"null","null","null",4,57.576645,3.6250963,-0.90259933,0.3578279,-2.7521338,-11513776
35,34,36,37,"null","null","null",2,57.576645,3.826167,-0.4628837,1.0880075,-2.13656,-11513776
38,34,39,40,"null","null","null",2,57.576645,0.38339442,-2.419898,0.8665073,-3.439217,-11513776
41,1,42,55,"null","null","null",11,57.576645,3.6238139,-0.56240153,2.1597264,-2.048476,-16731116
42,41,43,52,"null","null","null",7,57.576645,3.0781791,-0.64591193,3.2514222,-0.8706996,-16731116
43,42,44,49,"null","null","null",5,57.576645,2.46068,-1.8652785,3.5280132,-0.4185682,-16731116
44,43,45,48,"null","null","null",3,57.576645,1.4052893,-3.1667323,3.0657153,-0.6167594,-16731116
45,44,46,47,"null","null","null",2,57.576645,0.34807813,-3.7190413,2.340823,-0.65809214,-16731116
49,43,50,51,"null","null","null",2,57.576645,3.8261669,-0.60018456,1.088006,-2.1365604,-16731116
52,42,53,54,"null","null","null",2,57.576645,3.2399726,-0.90259945,0.3578278,-2.7162244,-11513776
55,41,56,59,"null","null","null",4,57.576645,2.311027,-2.018176,0.4835871,-3.3782682,-16731116
56,55,57,58,"null","null","null",2,57.576645,3.2399726,-0.8675306,0.658092,-2.7162244,-11513776
59,55,60,61,"null","null","null",2,57.576645,0.40148306,-3.6551414,1.7788428,-1.9610348,-16731116
62,0,63,64,"null","null","null",2,57.576645,3.3442519,-0.8857584,0.37080023,-2.571191,-16731116
