index,parent,child1,child2,name1,name2,common,richness,lengthbr,hxmax,hxmin,hymax,hymin,color
0,-268361655,1,96,"null","null","null",55,35.55536,0.93440056,-2.657908,0.48278463,-3.5064235,-12486656
1,0,2,55,"null","null","null",48,35.555363,2.464298,-1.9031488,0.52359605,-3.4175336,-12486656
2,1,3,54,"null","null","null",27,29.242558,3.439219,-0.8675231,0.6580922,-2.767269,-16731116
3,2,4,45,"null","null","null",26,29.242558,3.5845218,-0.4628849,2.0156538,-2.1562386,-16731116
4,3,5,38,"null","null","null",21,29.242558,3.0581841,-0.6376133,3.1657689,-1.0032616,-16731116
5,4,6,31,"null","null","null",17,29.242558,2.3938498,-1.6359315,3.5147934,-0.3955179,-16731116
6,5,7,22,"null","null","null",13,29.242558,1.3321655,-2.962596,3.0981085,-0.6042887,-16731116
7,6,8,21,"null","null","null",8,29.242558,0.32388148,-3.5577056,2.3612084,-1.1974893,-16731116
8,7,9,20,"null","null","null",7,29.242558,0.5592989,-3.3365808,1.7788353,-2.6534753,-12486656
9,8,10,19,"null","null","null",6,29.242558,0.88763,-2.6457095,0.6411284,-3.473289,-12486656
10,9,11,16,"null","null","null",5,29.242558,2.4726603,-2.1206808,0.5042378,-3.4551682,-12486656
11,10,12,15,"null","null","null",3,29.242558,3.5548277,-0.9791694,0.6527479,-2.8342948,-12486656
12,11,13,14,"null","null","null",2,29.242558,3.8270526,-0.4410558,0.9094003,-2.1905565,-12486656
16,10,17,18,"null","null","null",2,29.242558,0.4428624,-3.7111773,1.8611662,-1.7914411,-16777216
22,6,23,28,"null","null","null",5,29.242558,3.022944,-0.30320084,3.300411,-1.151444,-16731116
23,22,24,27,"null","null","null",3,29.242558,2.3134408,-1.0472691,3.7903333,-0.37199068,-16731116
24,23,25,26,"null","null","null",2,29.242558,1.600189,-2.2880564,3.5116978,-0.5905177,-16731116
28,22,29,30,"null","null","null",2,29.242558,3.0051725,-1.0892012,0.33095616,-2.9852285,-11513776
31,5,32,37,"null","null","null",4,29.242558,3.528639,-0.6366811,2.026287,-2.1905582,-16731116
32,31,33,36,"null","null","null",3,29.242558,3.022944,-0.6278832,3.2790856,-1.3026779,-16731116
33,32,34,35,"null","null","null",2,29.242558,2.3134408,-0.65274704,3.7626104,-0.37199068,-16731116
38,4,39,44,"null","null","null",4,29.242558,3.443474,-0.9791716,0.34452954,-2.834297,-16777216
39,38,40,43,"null","null","null",3,29.242558,3.6822953,-0.44105524,1.6104487,-2.1905582,-11513776
40,39,41,42,"null","null","null",2,29.242558,3.222697,-0.6278832,2.7384958,-1.3026779,-16777216
45,3,46,53,"null","null","null",5,29.242558,2.3870018,-2.010228,0.5234822,-3.4551697,-16731116
46,45,47,52,"null","null","null",4,29.242558,3.443474,-0.9791716,0.65274775,-2.834297,-16731116
47,46,48,51,"null","null","null",3,29.242558,3.6822953,-0.44105524,1.6104487,-2.1905582,-16731116
48,47,49,50,"null","null","null",2,29.242558,3.222697,-0.6278832,2.7384958,-1.3026779,-16777216
55,1,56,79,"null","null","null",21,35.555363,0.40148073,-3.3963401,1.6207691,-2.6534727,-11184866
56,55,57,68,"null","null","null",12,22.04752,0.8876256,-2.7233968,0.41481847,-3.4732883,-12486656
57,56,58,65,"null","null","null",6,22.04752,2.4726562,-2.120683,0.50423723,-3.4551697,-12486656
58,57,59,62,"null","null","null",4,22.04752,3.554825,-0.72746617,0.65274775,-2.834297,-12486656
59,58,60,61,"null","null","null",2,22.04752,3.8270519,-0.44105524,0.9093958,-2.1905582,-16731116
62,58,63,64,"null","null","null",2,22.04752,0.3708011,-2.5711792,0.8857572,-3.3442597,-8572416
65,57,66,67,"null","null","null",2,22.04752,0.44286343,-3.7111778,1.8611681,-1.791438,-11184866
68,56,69,78,"null","null","null",6,22.04752,0.8210852,-3.559221,2.3745217,-1.198805,-12486656
69,68,70,77,"null","null","null",5,22.04752,0.5419744,-3.4099588,1.8611681,-2.7339242,-8572416
70,69,71,74,"null","null","null",4,22.04752,0.66192496,-2.7459319,0.49050808,-3.6840587,-8572416
71,70,72,73,"null","null","null",2,22.04752,1.2662416,-2.0763655,0.4839738,-3.8140664,-8572416
74,70,75,76,"null","null","null",2,22.04752,0.8449199,-3.5245025,2.3807096,-0.3955618,-16777216
79,55,80,93,"null","null","null",9,19.495039,1.5501386,-2.8440912,3.120005,-0.31738168,-11184866
80,79,81,92,"null","null","null",7,19.495039,0.4136024,-3.5088606,2.374522,-1.0796632,-11184866
81,80,82,89,"null","null","null",6,19.495039,0.5419741,-3.3444915,1.9094175,-2.5790408,-11184866
82,81,83,88,"null","null","null",4,19.495039,0.6619249,-2.6608248,0.7546936,-3.4827118,-11184866
83,82,84,87,"null","null","null",3,19.495039,1.9703076,-2.0763667,0.4839735,-3.5523167,-11184866
84,83,85,86,"null","null","null",2,19.495039,3.0051708,-1.0892029,0.6459124,-2.9852307,-8572416
89,81,90,91,"null","null","null",2,19.495039,1.6917305,-2.1268015,3.5885582,-0.35959804,-11184866
93,79,94,95,"null","null","null",2,19.495039,3.3284106,-0.28912848,2.5945,-1.4052829,-8572416
96,0,97,104,"null","null","null",7,17.265232,0.79509544,-3.5074308,2.685872,-1.3502532,-12486656
97,96,98,103,"null","null","null",4,17.265232,0.55929846,-3.271225,1.7788374,-2.8520703,-11184866
98,97,99,102,"null","null","null",3,17.265232,0.66423047,-2.560747,0.64113134,-3.7314653,-11184866
99,98,100,101,"null","null","null",2,17.265232,1.443346,-2.010228,0.50423723,-3.7907999,-12486656
104,96,105,108,"null","null","null",3,17.265232,2.3134415,-1.0472617,3.7903342,-0.73706806,-12486656
105,104,106,107,"null","null","null",2,17.265232,1.600193,-2.28805,3.5117013,-0.59051716,-11184866
