index,parent,child1,child2,name1,name2,common,richness,lengthbr,hxmax,hxmin,hymax,hymin,color
0,-268433405,1,162,"null","null","null",763,53.8,1.0751576,-2.6544154,0.3363431,-3.5544662,-12486656
1,0,2,123,"null","null","null",641,50.7,2.5731833,-1.81559,0.5419742,-3.403778,-12486656
2,1,3,86,"BUFONIDAE","null","True toads",414,41.2,3.4750965,-0.5972441,0.66499925,-2.7378974,-12486656
3,2,4,72,"null","null","null",395,40.878788,3.542416,-0.48397362,2.247204,-2.0662248,-12486656
4,3,5,59,"null","null","null",310,39.222046,2.9723597,-0.6459125,3.3651357,-0.94437706,-12486656
5,4,6,44,"null","null","null",303,39.065887,2.3231184,-1.7999182,3.6758332,-0.41857004,-12486656
6,5,7,23,"null","null","null",295,38.882942,1.3110056,-3.0817554,3.257877,-0.61676043,-12486656
7,6,-268426240,8,"null","null","null",284,20.4,0.34808046,-3.6085613,2.5906355,-1.3438804,-12486656
8,7,9,20,"null","null","null",8,15.7,2.526477,-1.5568649,3.6996107,-0.7052587,-16731116
9,8,10,19,"","null","Asian Tree Toads",6,13.52797,1.504581,-2.8598082,3.3383703,-0.6042888,-12486656
10,9,11,16,"null","null","null",5,13.52797,0.32388172,-3.4240804,2.6735487,-1.1773354,-11184866
11,10,12,15,"null","null","null",3,13.52797,0.5592991,-3.162867,1.7788345,-2.6272743,-12486656
12,11,13,14,"null","null","null",2,13.52797,0.6642305,-2.4198818,0.6411279,-3.4392266,-16777216
16,10,17,18,"null","null","null",2,13.52797,2.3134403,-0.4390187,3.7626104,-0.737067,-8572416
20,8,21,22,"null","null","null",2,5.233333,3.8270524,-0.63668066,0.9093949,-2.1905584,-16731116
23,6,24,39,"null","null","null",11,16.394869,3.160205,-0.3171618,3.307937,-1.0032609,-11184866
24,23,25,36,"null","null","null",8,14.21754,2.526477,-1.5568649,3.6996107,-0.39551812,-11184866
25,24,26,35,"","null","Smalltongue Toads",6,12.250603,1.504581,-2.8598082,3.3383703,-0.6042888,-8572416
26,25,27,32,"null","null","null",5,12.250603,0.32388172,-3.4240804,2.6735487,-1.1773354,-8572416
27,26,28,31,"null","null","null",3,12.250603,0.5592991,-3.162867,1.7788345,-2.6272743,-8572416
28,27,29,30,"null","null","null",2,12.250603,0.6642305,-2.4198818,0.6411279,-3.4392266,-8572416
32,26,33,34,"null","null","null",2,12.250603,2.3134403,-0.4390187,3.7626104,-0.737067,-8572416
36,24,37,38,"","null","African Tree Toads",2,4.73918,3.8270524,-0.63668066,0.9093949,-2.1905584,-16731116
39,23,40,43,"","null","Wolterstorff Toads",3,7.5114226,3.5548253,-0.9791728,0.3445297,-2.8342974,-8572416
40,39,41,42,"null","null","null",2,7.5114226,3.8270524,-0.44105512,0.9093949,-2.1905584,-8572416
44,5,45,52,"null","null","null",8,14.21754,3.516667,-0.6001812,2.181583,-2.1631145,-16731116
45,44,46,49,"null","null","null",4,14.21754,2.9699726,-0.6376134,3.3814757,-1.0122006,-16731116
46,45,47,48,"null","null","null",2,14.21754,2.2791753,-0.6459116,3.7952113,-0.39551812,-12486656
49,45,50,51,"null","null","null",2,14.21754,3.126803,-0.9791728,0.3445297,-2.8544118,-16731116
52,44,53,56,"null","null","null",4,14.21754,2.143408,-2.120684,0.5234818,-3.4706426,-16731116
53,52,54,55,"null","null","null",2,14.21754,3.126803,-0.9791728,0.65274775,-2.8544118,-16731116
56,52,57,58,"null","null","null",2,14.21754,0.44286364,-3.711179,1.8611686,-1.7914356,-16731116
59,4,60,67,"null","null","null",7,13.304561,3.4687881,-0.90259814,0.3578289,-2.8820133,-16731116
60,59,61,64,"null","null","null",4,13.304561,3.6229606,-0.46288514,1.7924204,-2.3054068,-16731116
61,60,62,63,"null","null","null",2,13.304561,3.1081543,-0.6376134,2.8755643,-1.1971804,-16731116
64,60,65,66,"null","null","null",2,13.304561,1.4433452,-2.0102282,0.5234818,-3.7908,-16731116
67,59,68,71,"null","null","null",3,13.304561,0.38339525,-2.5607474,0.866506,-3.7314653,-12486656
68,67,69,70,"null","null","null",2,13.304561,1.4433452,-2.0102282,0.5042372,-3.7908,-12486656
72,3,-268430336,73,"null","null","null",85,30.375257,2.4892156,-1.9093072,0.4835841,-3.4182153,-8572416
73,72,74,85,"null","null","null",7,30.375257,0.40148032,-3.4101982,1.7788366,-2.6534734,-11184866
74,73,75,82,"","null","Plump Toads",6,12.250603,0.8876251,-2.7414122,0.41481906,-3.473288,-11184866
75,74,76,81,"null","null","null",4,12.250603,2.472656,-2.0102282,0.5042372,-3.4551697,-11184866
76,75,77,80,"null","null","null",3,12.250603,3.5548253,-0.9791728,0.65274775,-2.8342974,-11184866
77,76,78,79,"null","null","null",2,12.250603,3.8270524,-0.44105512,0.9093949,-2.1905584,-12486656
82,74,83,84,"null","null","null",2,12.250603,0.82108533,-3.5997553,2.3745222,-0.4072522,-8572416
86,2,87,116,"","null","South American Redbelly Toads",19,20.131693,0.9701229,-2.620864,0.84492016,-3.506424,-16731116
87,86,88,113,"null","null","null",15,20.131693,2.5107362,-2.0181692,0.5235962,-3.4175334,-12486656
88,87,89,110,"null","null","null",13,20.131693,3.4995873,-0.58310217,0.65809226,-2.7672682,-12486656
89,88,90,101,"null","null","null",11,20.131693,3.6629996,-0.46288514,2.015655,-2.1562378,-12486656
90,89,91,100,"null","null","null",6,20.131693,3.160205,-0.6376134,3.1657696,-1.1971804,-16731116
91,90,92,97,"null","null","null",5,20.131693,2.526477,-1.6992375,3.5147934,-0.39551812,-16731116
92,91,93,96,"null","null","null",3,20.131693,1.504581,-3.0448925,3.0981078,-0.6042888,-16731116
93,92,94,95,"null","null","null",2,20.131693,0.32388172,-3.66469,2.3612075,-0.6619245,-12486656
97,91,98,99,"null","null","null",2,20.131693,3.8270524,-0.63668066,0.9093949,-2.1905584,-16731116
101,89,102,109,"null","null","null",5,20.131693,2.472656,-2.0102282,0.5234818,-3.4551697,-12486656
102,101,103,106,"null","null","null",4,20.131693,3.5548253,-0.72746766,0.65274775,-2.8342974,-12486656
103,102,104,105,"null","null","null",2,20.131693,3.8270524,-0.44105512,0.9093949,-2.1905584,-12486656
106,102,107,108,"null","null","null",2,20.131693,0.37080103,-2.571182,0.8857573,-3.3442578,-11184866
110,88,111,112,"null","null","null",2,20.131693,0.38339525,-2.4198883,0.866506,-3.4392228,-12486656
113,87,114,115,"null","null","null",2,20.131693,0.40148032,-3.655138,1.7788366,-1.9610461,-16731116
116,86,117,122,"null","null","null",4,20.131693,0.7950952,-3.424083,2.3612084,-1.1773298,-16731116
117,116,118,121,"null","null","null",3,20.131693,0.55929863,-3.1628723,1.7788366,-2.6272693,-12486656
118,117,119,120,"null","null","null",2,20.131693,0.6642305,-2.4198883,0.6411318,-3.4392228,-11513776
123,1,124,-268429312,"","null","Poison Dart Frogs",227,24.3,0.3595978,-3.3774476,1.6246502,-2.761119,-12486656
124,123,125,-268419072,"DENDROBATIDAE","null","null",142,22.225367,0.9527953,-2.7006822,0.42326677,-3.5069485,-12486656
125,124,126,-268417024,"null","null","null",96,20.504309,2.4882104,-1.9031482,0.5235962,-3.4182153,-12486656
126,125,-268420096,127,"null","null","null",49,17.494852,3.4703038,-0.7637643,0.65809226,-2.7681546,-12486656
127,126,128,157,"null","null","null",18,12.925953,0.75179744,-2.8263779,0.866506,-3.4995515,-12486656
128,127,129,152,"null","null","null",15,12.925953,2.29608,-1.9270647,0.5042372,-3.4893122,-11184866
129,128,130,147,"null","null","null",12,12.925953,3.3252766,-0.76730907,0.65274775,-2.8786824,-11184866
130,129,131,146,"null","null","null",9,12.925953,3.528639,-0.44105512,1.8644047,-2.1905584,-11184866
131,130,132,141,"null","null","null",8,12.925953,3.0229437,-0.6278832,3.0686388,-1.1166797,-11184866
132,131,133,140,"null","null","null",5,12.925953,2.3134403,-1.5287743,3.48903,-0.37199056,-11184866
133,132,134,137,"null","null","null",4,12.925953,1.5501353,-2.9140136,3.1200042,-0.59051764,-11184866
134,133,135,136,"null","null","null",2,12.925953,0.4135989,-3.5997567,2.3745215,-0.66423035,-11184866
137,133,138,139,"null","null","null",2,12.925953,3.3284082,-0.2891289,2.5945039,-1.4052806,-8572416
141,131,142,145,"null","null","null",3,12.925953,3.4735096,-1.0892038,0.3309561,-2.9070082,-11513776
142,141,143,144,"null","null","null",2,12.925953,3.8167202,-0.4185698,0.73106515,-2.238161,-11513776
147,129,148,151,"null","null","null",3,12.925953,0.37080103,-2.660825,0.8857573,-3.6840577,-11184866
148,147,149,150,"null","null","null",2,12.925953,1.2662381,-2.076367,0.48397338,-3.8140666,-12486656
152,128,153,156,"null","null","null",3,12.925953,0.44286364,-3.2755356,1.8611686,-2.4725387,-11513776
153,152,154,155,"null","null","null",2,12.925953,0.6619249,-2.571182,0.7546941,-3.3442578,-16777216
157,127,158,161,"null","null","null",3,12.925953,0.82108533,-3.7909288,2.3745222,-0.47381365,-16731116
158,157,159,160,"null","null","null",2,12.925953,0.5419743,-3.711179,1.8611686,-1.7914356,-16731116
162,0,163,167,"","null","Darwin's Frogs and more",122,51.6,0.76705253,-3.6048932,2.508496,-1.3577828,-16731116
163,162,164,-268428288,"CYCLORAMPHIDAE","null","null",86,51.6,0.57550097,-3.331603,1.6364934,-2.7787926,-12486656
164,163,165,-268418048,"null","null","null",53,45.99261,0.9035172,-2.6410842,0.33848894,-3.5299244,-12486656
165,164,-268431360,166,"null","null","null",28,38.600887,2.4241488,-1.938401,0.5235962,-3.4480844,-16731116
167,162,-268427264,168,"HYLODIDAE","null","null",36,29.03568,2.4650123,-1.5998752,3.5147934,-0.70525956,-16731116
168,167,169,184,"null","null","null",10,18.656837,3.6887548,-0.6366811,1.8644058,-2.3868866,-16731116
169,168,170,183,"null","null","null",8,18.656837,3.2310944,-0.6278832,3.0686398,-1.3026779,-16731116
170,169,171,180,"null","null","null",7,15.766856,2.5840364,-1.4436038,3.4890308,-0.37199068,-16731116
171,170,172,179,"null","null","null",5,15.766856,1.600189,-2.8032913,3.1200047,-0.5905177,-16731116
172,171,173,178,"null","null","null",4,15.766856,0.4135974,-3.4558175,2.374522,-0.99774426,-16731116
173,172,174,177,"null","null","null",3,15.766856,0.54197484,-3.2755322,1.8611662,-2.472543,-16731116
174,173,175,176,"null","null","null",2,15.766856,0.661925,-2.5711775,0.75469065,-3.3442605,-16731116
180,170,181,182,"null","null","null",2,15.766856,3.8167205,-0.6717526,0.73106873,-2.2381606,-11513776
184,168,185,186,"null","null","null",2,5.616267,1.2662416,-2.0763655,0.5623986,-3.8140664,-11513776
