index,parent,child1,child2,name1,name2,common,richness,lengthbr,hxmax,hxmin,hymax,hymin,color
0,-268432219,1,34,"null","null","null",27,38.179596,3.3870237,-0.64570624,0.65809226,-2.8069844,-16731116
1,0,2,19,"null","null","null",17,32.820477,3.516667,-0.46288514,2.015655,-2.2078693,-16731116
2,1,3,16,"null","null","null",9,32.820477,2.9699726,-0.6376134,3.1657696,-1.0122006,-16731116
3,2,4,15,"null","null","null",7,32.820477,2.2791753,-1.7809287,3.5147934,-0.39551812,-16731116
4,3,5,10,"null","null","null",6,32.820477,1.3321645,-3.151091,3.0981078,-0.6042888,-16731116
5,4,6,9,"null","null","null",3,32.820477,0.32388172,-3.8027482,2.3612075,-0.6648563,-16731116
6,5,7,8,"null","null","null",2,32.820477,0.5592991,-3.6551354,1.7788345,-1.9610517,-16731116
10,4,11,14,"null","null","null",3,32.820477,3.0229437,-0.303201,3.2790852,-1.3026786,-16731116
11,10,12,13,"null","null","null",2,32.820477,2.3134403,-0.65274704,3.7626104,-0.37199056,-12486656
16,2,17,18,"null","null","null",2,32.820477,3.126803,-0.9791728,0.3445297,-2.8544118,-16731116
19,1,20,31,"null","null","null",8,32.820477,2.387001,-2.120684,0.5234818,-3.5713406,-16731116
20,19,21,28,"null","null","null",6,32.820477,3.4434738,-0.72746766,0.65274775,-2.9853194,-16731116
21,20,22,25,"null","null","null",4,32.820477,3.6822956,-0.44105512,1.6104476,-2.386887,-16731116
22,21,23,24,"null","null","null",2,32.820477,3.2226973,-0.6278832,2.7384949,-1.3026786,-16731116
25,21,26,27,"null","null","null",2,32.820477,1.2662381,-2.076367,0.5623988,-3.8140666,-16731116
28,20,29,30,"null","null","null",2,32.820477,0.37080103,-2.571182,0.8857573,-3.3442578,-16731116
31,19,32,33,"null","null","null",2,32.820477,0.44286364,-3.711179,1.8611686,-1.7914356,-16731116
34,0,35,52,"null","null","null",10,26.67358,0.75179744,-2.5607474,0.866506,-3.473288,-16731116
35,34,36,51,"null","null","null",9,26.67358,2.29608,-2.0102282,0.5042372,-3.4551697,-16731116
36,35,37,48,"null","null","null",8,26.67358,3.3252766,-0.72746766,0.65274775,-2.8342974,-16731116
37,36,38,47,"null","null","null",6,26.67358,3.528639,-0.44105512,2.0426908,-2.1905584,-16731116
38,37,39,44,"null","null","null",5,26.67358,3.0229437,-0.6278832,3.3004107,-1.1514455,-16731116
39,38,40,43,"null","null","null",3,26.67358,2.3134403,-1.0472679,3.7903333,-0.37199056,-16731116
40,39,41,42,"null","null","null",2,26.67358,1.6001897,-2.2880554,3.5116982,-0.59051764,-16731116
44,38,45,46,"null","null","null",2,26.67358,3.0051699,-1.0892038,0.3309561,-2.9852314,-11513776
48,36,49,50,"null","null","null",2,26.67358,0.37080103,-2.571182,0.8857573,-3.3442578,-12486656
