index,parent,child1,child2,name1,name2,common,richness,lengthbr,hxmax,hxmin,hymax,hymin,color
0,-268413929,1,102,"null","null","null",53,34.321754,1.4209446,-3.000677,3.319231,-0.6042887,-12486656
1,0,2,63,"null","null","null",51,34.321754,0.32388148,-3.6072109,2.6486678,-1.1974893,-12486656
2,1,3,44,"null","null","null",31,34.321754,0.5592989,-3.4009376,1.7464898,-2.6534753,-12486656
3,2,4,25,"null","null","null",21,34.321754,0.75180197,-2.7293735,0.57825625,-3.473289,-16731116
4,3,5,18,"null","null","null",11,34.321754,2.296084,-1.9577086,0.5042378,-3.4551682,-16731116
5,4,6,15,"null","null","null",7,34.321754,3.3252785,-0.7274634,0.6527479,-2.8342948,-16731116
6,5,7,14,"null","null","null",5,34.321754,3.5286388,-0.4410558,2.042694,-2.1905565,-16731116
7,6,8,13,"null","null","null",4,34.321754,3.0229423,-0.6278835,3.3004124,-1.3026755,-16731116
8,7,9,12,"null","null","null",3,7.545467,2.3134394,-1.0472739,3.7903328,-0.37199128,-16731116
9,8,10,11,"null","null","null",2,7.545467,1.6001867,-2.2880604,3.5116959,-0.59051806,-16731116
15,5,16,17,"null","null","null",2,4.7606597,0.37080142,-2.5711775,0.88575673,-3.3442605,-16731116
18,4,19,24,"null","null","null",4,9.521319,0.4428624,-3.3444898,1.8611662,-2.7339265,-16731116
19,18,20,23,"null","null","null",3,9.521319,0.661925,-2.6608222,0.75469065,-3.6840591,-16731116
20,19,21,22,"null","null","null",2,9.521319,1.2662436,-2.076365,0.483974,-3.814066,-16731116
25,3,26,39,"null","null","null",10,34.321754,0.8210846,-3.572671,2.742261,-1.0522809,-12486656
26,25,27,38,"null","null","null",7,34.321754,0.54197484,-3.4274416,1.8611662,-2.5434406,-12486656
27,26,28,37,"null","null","null",6,12.306127,0.72912955,-2.7686596,0.75469065,-3.4364274,-12486656
28,27,29,34,"null","null","null",5,12.306127,2.3305721,-2.2165534,0.483974,-3.4921446,-12486656
29,28,30,33,"null","null","null",3,12.306127,3.4735122,-1.0892006,0.64591265,-2.9070063,-11184866
30,29,31,32,"null","null","null",2,12.306127,3.8167205,-0.41857052,0.73107064,-2.2381597,-11184866
34,28,35,36,"null","null","null",2,12.306127,0.48358327,-3.756458,1.9383984,-1.6186465,-16731116
39,25,40,43,"null","null","null",3,7.545467,2.3408206,-0.85626006,3.8025498,-0.76705146,-16731116
40,39,41,42,"null","null","null",2,7.545467,1.6917262,-2.1268098,3.5885544,-0.57550156,-16731116
44,2,45,60,"null","null","null",10,34.321754,1.550134,-2.8440948,3.4028807,-0.3173806,-12486656
45,44,46,55,"null","null","null",8,34.321754,0.29949018,-3.5088618,2.742261,-1.0796683,-12486656
46,45,47,54,"null","null","null",5,11.053909,0.54197484,-3.3444898,1.8611662,-2.579044,-12486656
47,46,48,53,"null","null","null",4,11.053909,0.661925,-2.6608222,0.75469065,-3.482712,-11184866
48,47,49,52,"null","null","null",3,11.053909,1.9703119,-2.076365,0.483974,-3.5523148,-12486656
49,48,50,51,"null","null","null",2,11.053909,3.0051737,-1.0892006,0.64591265,-2.9852276,-11184866
55,45,56,59,"null","null","null",3,34.321754,2.3408206,-0.85626006,3.8025498,-0.76705146,-11184866
56,55,57,58,"null","null","null",2,4.7606597,1.6917262,-2.1268098,3.5885544,-0.57550156,-12486656
60,44,61,62,"null","null","null",2,34.321754,3.328406,-0.28912896,2.5945067,-1.4052784,-11513776
63,1,64,91,"null","null","null",20,34.321754,2.4557223,-1.5047903,3.7066278,-0.7370672,-12486656
64,63,65,82,"null","null","null",14,18.12552,1.4333808,-2.882834,3.4028807,-0.5905177,-16731116
65,64,66,75,"null","null","null",9,18.12552,0.39173108,-3.5592227,2.742261,-1.1988084,-16731116
66,65,67,74,"null","null","null",5,18.12552,0.54197484,-3.409959,1.8611662,-2.7339265,-16731116
67,66,68,71,"null","null","null",4,18.12552,0.661925,-2.745932,0.49050736,-3.6840591,-16731116
68,67,69,70,"null","null","null",2,18.12552,1.2662436,-2.076365,0.483974,-3.814066,-16731116
71,67,72,73,"null","null","null",2,18.12552,0.8449197,-3.5245035,2.3807096,-0.39556193,-16731116
75,65,76,79,"null","null","null",4,18.12552,2.6331244,-0.85626006,3.8025498,-0.76705146,-16731116
76,75,77,78,"null","null","null",2,18.12552,1.6917262,-2.1268098,3.5885544,-0.57550156,-11513776
79,75,80,81,"null","null","null",2,18.12552,3.7952118,-0.70525837,0.5537423,-2.2791748,-16731116
82,64,83,88,"null","null","null",5,18.12552,3.0657115,-0.28912896,3.230978,-1.2878697,-16731116
83,82,84,87,"null","null","null",3,18.12552,2.3408206,-0.85626006,3.8025498,-0.34808072,-16731116
84,83,85,86,"null","null","null",2,18.12552,1.6917262,-2.1268098,3.5885544,-0.57550156,-16731116
88,82,89,90,"null","null","null",2,18.12552,2.8755677,-1.1971774,0.31716195,-3.108151,-11513776
91,63,92,99,"null","null","null",6,34.321754,3.528014,-0.6717526,1.9147055,-2.4606729,-11184866
92,91,93,98,"null","null","null",4,9.521319,3.0657115,-0.61676055,3.230978,-1.4052784,-8572416
93,92,94,97,"null","null","null",3,9.521319,2.3408206,-0.85626006,3.8025498,-0.34808072,-8572416
94,93,95,96,"null","null","null",2,9.521319,1.6917262,-2.1268098,3.5885544,-0.57550156,-3014646
99,91,100,101,"null","null","null",2,4.7606597,1.0880258,-2.1365545,0.60018086,-3.8261662,-16731116
102,0,103,104,"null","null","null",2,34.321754,3.222697,-0.30320084,2.7384958,-1.3026779,-12486656
