index,parent,child1,child2,name1,name2,common,richness,lengthbr,hxmax,hxmin,hymax,hymin,color
0,-268361557,1,158,"ARTHROLEPTIDAE","null","Forest Treefrogs, Night Frogs and more",128,67.0,2.3908172,-1.9827046,0.5234841,-3.4551728,-12486656
1,0,2,103,"","null","Screeching Frogs, Night Frogs and more",79,62.0,3.44844,-0.8021875,0.65274745,-2.8343022,-12486656
2,1,3,102,"null","null","null",51,55.790386,3.6887572,-0.44105384,1.9506594,-2.1905618,-12486656
3,2,4,73,"null","null","null",50,55.5094,3.2311,-0.6278825,3.1807768,-1.1618857,-12486656
4,3,5,70,"","null","Screeching Frogs",35,50.448383,2.584041,-1.5005682,3.634817,-0.3719888,-16731116
5,4,6,59,"null","null","null",33,50.448383,1.5333239,-2.877353,3.309532,-0.59051645,-16731116
6,5,7,36,"null","null","null",27,50.448383,0.2994879,-3.5521073,2.6209064,-1.1121957,-12486656
7,6,8,31,"null","null","null",15,50.448383,0.541973,-3.4007165,1.7062032,-2.621338,-12486656
8,7,9,22,"null","null","null",12,50.448383,0.68968534,-2.7339177,0.52233005,-3.5377047,-12486656
9,8,10,21,"null","null","null",7,50.448383,2.2793,-2.0763705,0.48397225,-3.6238127,-16731116
10,9,11,18,"null","null","null",6,50.448383,3.406867,-0.8706966,0.645912,-3.0781772,-16731116
11,10,12,15,"null","null","null",4,50.448383,3.7300901,-0.41856855,1.425098,-2.4606783,-16731116
12,11,13,14,"null","null","null",2,50.448383,3.328414,-0.61675966,2.5944955,-1.4052861,-16731116
15,11,16,17,"null","null","null",2,50.448383,1.0880123,-2.1365585,0.6001837,-3.8261666,-11513776
18,10,19,20,"null","null","null",2,50.448383,0.35782802,-2.7162204,0.9025992,-3.239976,-12486656
22,8,23,30,"null","null","null",5,50.448383,0.8449216,-3.4974642,2.4522963,-1.0443827,-12486656
23,22,24,29,"null","null","null",4,50.448383,0.5235953,-3.4058897,1.9384048,-2.6072779,-11184866
24,23,25,28,"null","null","null",3,50.448383,0.658092,-2.7521324,0.8675277,-3.6250968,-12486656
25,24,26,27,"null","null","null",2,50.448383,1.0880123,-2.1365585,0.462884,-3.8261666,-8572416
31,7,32,35,"null","null","null",3,50.448383,1.691736,-2.7746105,3.1313152,-0.3596006,-12486656
32,31,33,34,"null","null","null",2,50.448383,0.5272925,-3.5244956,2.3807096,-0.665,-16731116
36,6,37,58,"null","null","null",12,50.448383,2.3408232,-1.3385656,3.5294905,-0.76705444,-12486656
37,36,38,53,"null","null","null",11,50.448383,1.529718,-2.7538161,3.2335844,-0.57549983,-12486656
38,37,39,52,"null","null","null",8,50.448383,0.5272925,-3.4974637,2.5136595,-0.9518897,-16731116
39,38,40,49,"null","null","null",7,50.448383,0.523595,-3.4058905,2.018176,-2.487038,-12486656
40,39,41,46,"null","null","null",5,50.448383,0.658092,-2.7521336,0.58311075,-3.4687867,-16731116
41,40,42,45,"null","null","null",3,50.448383,1.7924087,-2.1365595,0.4628837,-3.6229649,-16731116
42,41,43,44,"null","null","null",2,50.448383,2.8755558,-1.1971871,0.63761276,-3.108162,-16731116
46,40,47,48,"null","null","null",2,50.448383,0.8665073,-3.439218,2.4198961,-0.38339445,-16731116
49,39,50,51,"null","null","null",2,50.448383,1.7788428,-1.9610344,3.6551418,-0.40148306,-11184866
53,37,54,57,"null","null","null",3,50.448383,3.098111,-0.27500108,3.0448797,-1.5045905,-12486656
54,53,55,56,"null","null","null",2,50.448383,2.3612099,-0.66192484,3.6646838,-0.3238793,-11184866
59,5,60,69,"null","null","null",6,50.448383,3.2905662,-0.28912765,2.9604099,-1.4052889,-16731116
60,59,61,66,"null","null","null",5,50.448383,2.6331294,-1.3545606,3.4508219,-0.34807825,-16731116
61,60,62,65,"null","null","null",3,50.448383,1.6917368,-2.7746098,3.1313152,-0.57549983,-16731116
62,61,63,64,"null","null","null",2,50.448383,0.5272925,-3.5244956,2.3807096,-0.665,-11513776
66,60,67,68,"null","null","null",2,50.448383,3.7952092,-0.70526195,0.5537209,-2.2791789,-16731116
70,4,71,72,"null","null","null",2,50.448383,3.816719,-0.67175555,0.7310512,-2.2381644,-16731116
73,3,74,99,"","null","Long-fingered Frogs",15,38.425705,3.3785923,-0.9287938,0.3309551,-3.0087085,-12486656
74,73,75,94,"null","null","null",13,38.425705,3.693334,-0.4185683,1.7065692,-2.3703685,-11184866
75,74,76,89,"null","null","null",10,38.425705,3.280632,-0.6167594,2.9604099,-1.2264677,-11184866
76,75,77,84,"null","null","null",7,38.425705,2.620215,-1.3545606,3.4508219,-0.34807825,-11184866
77,76,78,81,"null","null","null",4,38.425705,1.6749479,-2.7746098,3.1313152,-0.57549983,-11184866
78,77,79,80,"null","null","null",2,38.425705,0.5272925,-3.5244956,2.3807096,-0.665,-12486656
81,77,82,83,"null","null","null",2,38.425705,3.4248781,-0.27500108,2.4441447,-1.5045905,-8572416
84,76,85,88,"null","null","null",3,38.425705,3.7661514,-0.70526195,1.2371173,-2.2791789,-11184866
85,84,86,87,"null","null","null",2,38.425705,3.4248781,-0.6042876,2.4441447,-1.5045905,-11184866
89,75,90,93,"null","null","null",3,38.425705,3.3814676,-1.1971891,0.31716055,-2.9699779,-11184866
90,89,91,92,"null","null","null",2,38.425705,3.7952092,-0.39551616,0.64591223,-2.2791789,-12486656
94,74,95,98,"null","null","null",3,38.425705,1.7924057,-2.1365602,0.6001843,-3.6229668,-11184866
95,94,96,97,"null","null","null",2,38.425705,2.875553,-1.1971891,0.6376127,-3.1081648,-8572416
99,73,100,101,"null","null","null",2,38.425705,0.35782787,-2.7162237,0.90259933,-3.2399733,-16731116
103,1,104,133,"null","null","null",28,47.282104,0.67643285,-2.7392912,0.8857584,-3.4364243,-11184866
104,103,105,132,"","null","Egg Frogs",15,38.425705,2.2620716,-2.0763707,0.4839723,-3.492148,-11184866
105,104,106,125,"null","null","null",14,38.425705,3.3844705,-0.88665915,0.645912,-2.9070132,-11184866
106,105,107,124,"null","null","null",10,38.425705,3.7009757,-0.4185683,1.7316346,-2.2381644,-11184866
107,106,108,123,"null","null","null",9,31.177378,3.2905662,-0.6167594,2.9929948,-1.4052889,-11184866
108,107,109,120,"null","null","null",8,31.177378,2.6331294,-1.4981337,3.4931822,-0.34807825,-11184866
109,108,110,115,"null","null","null",6,31.177378,1.529718,-2.9612546,3.1863832,-0.57549983,-12486656
110,109,111,114,"null","null","null",3,31.177378,0.5272925,-3.7671337,2.452298,-0.665,-11184866
111,110,112,113,"null","null","null",2,31.177378,0.523595,-3.7564616,1.938406,-1.6186303,-11184866
115,109,116,119,"null","null","null",3,31.177378,3.098111,-0.27500108,3.0448797,-1.5045905,-12486656
116,115,117,118,"null","null","null",2,31.177378,2.3612099,-0.66192484,3.6646838,-0.3238793,-11184866
120,108,121,122,"null","null","null",2,31.177378,3.7952092,-0.70526195,0.5537209,-2.2791789,-11184866
125,105,126,131,"null","null","null",4,19.670734,0.35782787,-2.7521343,0.90259933,-3.4687881,-8572416
126,125,127,130,"null","null","null",3,19.670734,1.7924057,-2.1365602,0.46288365,-3.6229668,-8572416
127,126,128,129,"null","null","null",2,19.670734,2.875553,-1.1971891,0.6376127,-3.1081648,-8572416
133,103,134,157,"null","null","null",13,36.395184,0.8449216,-3.5095549,2.4522967,-0.9035088,-12486656
134,133,135,156,"null","null","null",12,35.259422,0.5235952,-3.421608,1.9384053,-2.424142,-11184866
135,134,136,155,"","null","Night Frogs",11,34.02478,0.658092,-2.7725663,0.86752915,-3.387021,-11184866
136,135,137,150,"null","null","null",10,34.02478,2.1250045,-2.1631224,0.46288377,-3.516669,-11184866
137,136,138,149,"null","null","null",7,34.02478,3.3079307,-1.1971884,0.63761276,-2.9699774,-11184866
138,137,139,148,"null","null","null",6,34.02478,3.6996102,-0.39551634,1.780917,-2.2791786,-11184866
139,138,140,147,"null","null","null",5,34.02478,3.3383741,-0.6042877,3.1510837,-1.5045899,-11184866
140,139,141,144,"null","null","null",4,34.02478,2.6735523,-0.66483647,3.8027482,-0.3238795,-12486656
141,140,142,143,"null","null","null",2,34.02478,1.7788435,-1.9610338,3.655142,-0.55929744,-12486656
144,140,145,146,"null","null","null",2,34.02478,3.7626069,-0.73707,0.43901774,-2.3134434,-11184866
150,136,151,154,"null","null","null",3,34.02478,0.52348447,-3.4706488,2.0102322,-2.1433966,-11184866
151,150,152,153,"null","null","null",2,34.02478,0.6527474,-2.854421,0.9791797,-3.1267948,-12486656
158,0,159,197,"","null","Forest Treefrogs",49,53.740795,0.44286576,-3.4007168,1.7306763,-2.5959496,-16731116
159,158,160,170,"null","null","null",40,53.740795,0.6619247,-2.7339177,0.61371315,-3.5046983,-16731116
160,159,-268324864,161,"null","null","null",26,53.740795,2.159728,-2.0607517,0.48397243,-3.5809035,-16731116
161,160,162,169,"null","null","null",5,53.740795,0.48358655,-3.4058905,1.938405,-2.4870403,-16731116
162,161,163,168,"null","null","null",4,53.740795,0.658092,-2.7521331,0.86752844,-3.4687881,-16731116
163,162,164,167,"null","null","null",3,53.740795,1.7924082,-2.1365592,0.46288386,-3.6229658,-12486656
164,163,165,166,"null","null","null",2,53.740795,2.8755548,-1.1971877,0.6376128,-3.1081629,-16731116
170,159,171,186,"null","null","null",14,53.740795,0.84492135,-3.497465,2.6579099,-0.9518931,-16731116
171,170,172,181,"null","null","null",8,53.740795,0.5235954,-3.4058902,1.7993907,-2.4870408,-12486656
172,171,173,178,"null","null","null",5,53.740795,0.658092,-2.752133,0.5831096,-3.4687886,-12486656
173,172,174,177,"null","null","null",3,53.740795,1.7924082,-2.1365592,0.46288395,-3.6229658,-12486656
174,173,175,176,"null","null","null",2,53.740795,2.8755548,-1.1971877,0.6376128,-3.1081629,-12486656
178,172,179,180,"null","null","null",2,53.740795,0.86650705,-3.4392183,2.4198956,-0.3833946,-12486656
181,171,182,185,"null","null","null",3,53.740795,1.7788413,-2.6272614,3.1628776,-0.4014824,-16731116
182,181,183,184,"null","null","null",2,53.740795,0.64113754,-3.4392183,2.4198956,-0.66423047,-12486656
186,170,187,194,"null","null","null",6,53.740795,2.6735516,-1.3502465,3.5074315,-0.7950964,-16731116
187,186,188,193,"null","null","null",4,53.740795,1.7788415,-2.852065,3.271229,-0.5592978,-16731116
188,187,189,192,"null","null","null",3,53.740795,0.64113754,-3.7314634,2.5607524,-0.66423047,-16731116
189,188,190,191,"null","null","null",2,53.740795,0.5042362,-3.7908018,2.0102315,-1.443336,-16731116
194,186,195,196,"null","null","null",2,53.740795,3.7626076,-0.73706937,0.43901795,-2.3134427,-11184866
197,158,198,209,"null","null","null",9,53.740795,1.5297159,-2.7538188,3.1863818,-0.35960007,-16731116
198,197,199,208,"null","null","null",6,53.740795,0.5272905,-3.4974647,2.4522963,-0.9518925,-16731116
199,198,200,207,"null","null","null",5,53.740795,0.5235953,-3.4058905,1.938405,-2.4870403,-16731116
200,199,201,206,"null","null","null",4,53.740795,0.658092,-2.7521331,0.86752844,-3.4687881,-16731116
201,200,202,205,"null","null","null",3,53.740795,1.7924082,-2.1365592,0.46288386,-3.6229658,-16731116
202,201,203,204,"null","null","null",2,53.740795,2.8755548,-1.1971877,0.6376128,-3.1081629,-16731116
209,197,210,213,"null","null","null",3,53.740795,3.0981102,-0.27500013,3.0448828,-1.5045884,-16731116
210,209,211,212,"null","null","null",2,53.740795,2.3612094,-0.6619247,3.6646852,-0.3238799,-16731116
