index,parent,child1,child2,name1,name2,common,richness,lengthbr,hxmax,hxmin,hymax,hymin,color
0,-268352429,1,32,"null","null","null",25,35.631664,3.6128294,-0.44105524,1.980167,-2.2438107,-12486656
1,0,2,21,"null","null","null",16,35.631664,3.1323915,-0.6278832,3.2191296,-1.1927514,-12486656
2,1,3,12,"null","null","null",10,35.631664,2.4557223,-1.6418946,3.6846676,-0.37199068,-12486656
3,2,4,11,"null","null","null",5,35.631664,1.600189,-3.0610695,3.374333,-0.5905177,-11184866
4,3,5,8,"null","null","null",4,35.631664,0.29949018,-3.790929,2.7051485,-0.66423035,-11184866
5,4,6,7,"null","null","null",2,35.631664,0.54197484,-3.7111773,1.8611662,-1.7914411,-11184866
8,4,9,10,"null","null","null",2,35.631664,2.3408206,-0.42902395,3.7190466,-0.76705146,-11184866
12,2,13,18,"null","null","null",5,35.631664,3.528014,-0.6717526,1.8652952,-2.4606729,-12486656
13,12,14,17,"null","null","null",3,35.631664,3.0657115,-0.61676055,3.1667447,-1.4052784,-12486656
14,13,15,16,"null","null","null",2,35.631664,2.3408206,-0.65809166,3.7190466,-0.34808072,-16731116
18,12,19,20,"null","null","null",2,35.631664,1.0880258,-2.1365545,0.60018086,-3.8261662,-12486656
21,1,22,31,"null","null","null",6,35.631664,3.2514293,-1.0892012,0.33095616,-3.0781703,-12486656
22,21,23,28,"null","null","null",5,35.631664,3.528014,-0.41857028,1.8652952,-2.4606729,-11184866
23,22,24,27,"null","null","null",3,35.631664,3.0657115,-0.61676055,3.1667447,-1.4052784,-11184866
24,23,25,26,"null","null","null",2,35.631664,2.3408206,-0.65809166,3.7190466,-0.34808072,-12486656
28,22,29,30,"null","null","null",2,35.631664,1.0880258,-2.1365545,0.60018086,-3.8261662,-11513776
32,0,33,42,"null","null","null",9,35.631664,2.279308,-2.0607443,0.5623986,-3.492145,-16731116
33,32,34,39,"null","null","null",5,35.631664,3.40687,-0.87068576,0.6459125,-2.9070072,-16731116
34,33,35,38,"null","null","null",3,35.631664,3.7300868,-0.41857028,1.4251122,-2.2381606,-16731116
35,34,36,37,"null","null","null",2,35.631664,3.328406,-0.61676055,2.5945067,-1.4052784,-12486656
39,33,40,41,"null","null","null",2,35.631664,0.357829,-2.7162097,0.902598,-3.239984,-16731116
42,32,43,48,"null","null","null",4,35.631664,0.4835837,-3.4058857,1.938399,-2.607288,-12486656
43,42,44,47,"null","null","null",3,35.631664,0.6580924,-2.7521257,0.8675192,-3.625102,-12486656
44,43,45,46,"null","null","null",2,35.631664,1.0880258,-2.1365545,0.46288565,-3.8261662,-12486656
