index,parent,child1,child2,name1,name2,common,richness,lengthbr,hxmax,hxmin,hymax,hymin,color
0,-268361640,1,179,"null","null","null",268,45.181824,1.2264603,-3.1463308,3.2806263,-0.61676013,-12486656
1,0,2,174,"null","null","null",260,44.940155,0.34807986,-3.692512,2.620209,-1.3495431,-12486656
2,1,3,34,"null","null","null",257,25.5,0.57550097,-3.4455075,1.6279869,-2.768081,-12486656
3,2,4,29,"null","null","null",159,23.244822,0.94992465,-2.7891603,0.33848894,-3.5159993,-11184866
4,3,5,10,"null","null","null",156,23.15747,2.4844785,-1.8765895,0.5235962,-3.4299817,-11184866
5,4,6,9,"null","null","null",146,22.853666,3.4654524,-0.86752254,0.65809226,-2.783451,-11184866
6,5,7,-268343296,"null","null","null",145,22.82215,3.6186242,-0.46288514,2.0824416,-2.1772757,-11184866
7,6,8,-268342272,"null","null","null",118,22.82215,3.1025171,-0.6376134,3.252592,-1.0333527,-11184866
8,7,-268344320,-268340224,"null","null","null",72,22.82215,2.451483,-1.6991903,3.6276627,-0.39551812,-11184866
10,4,11,24,"null","null","null",10,10.559123,0.40148032,-3.3365836,1.6207683,-2.6534734,-16731116
11,10,12,23,"null","null","null",7,10.559123,0.8876251,-2.6457133,0.6411318,-3.473288,-12486656
12,11,13,20,"null","null","null",6,10.559123,2.472656,-2.120684,0.5042372,-3.4551697,-12486656
13,12,14,17,"null","null","null",4,10.559123,3.5548253,-0.72746766,0.65274775,-2.8342974,-12486656
14,13,15,16,"null","null","null",2,10.559123,3.8270524,-0.44105512,0.9093949,-2.1905584,-11184866
17,13,18,19,"null","null","null",2,10.559123,0.37080103,-2.571182,0.8857573,-3.3442578,-16731116
20,12,21,22,"null","null","null",2,10.559123,0.44286364,-3.711179,1.8611686,-1.7914356,-16731116
24,10,25,28,"null","null","null",3,10.559123,1.6001905,-2.9140122,3.1200047,-0.31738126,-16731116
25,24,26,27,"null","null","null",2,10.559123,0.41359925,-3.5997562,2.374522,-0.66423035,-11513776
29,3,30,33,"null","null","null",3,5.037982,0.7950952,-3.8027492,2.3612084,-0.6648505,-12486656
30,29,31,32,"null","null","null",2,5.037982,0.55929863,-3.655138,1.7788366,-1.9610461,-12486656
34,2,35,113,"null","null","null",98,21.163876,1.4070897,-2.9877687,3.319231,-0.2750008,-16731116
35,34,36,96,"null","null","null",67,19.482616,0.32388148,-3.59043,2.6486678,-1.2118316,-16731116
36,35,37,-268341248,"null","null","null",58,18.851517,0.5592989,-3.3791223,1.6930466,-2.6721203,-16731116
37,36,38,77,"null","null","null",30,18.851517,0.75180197,-2.7010136,0.57825625,-3.4975276,-16731116
38,37,39,68,"null","null","null",20,18.851517,2.296084,-1.9577086,0.5042378,-3.4866786,-16731116
39,38,40,59,"null","null","null",15,18.851517,3.3252785,-0.8051321,0.6527479,-2.875258,-16731116
40,39,41,50,"null","null","null",10,10.996193,3.5286388,-0.4410558,2.042694,-2.2438087,-16731116
41,40,42,47,"null","null","null",5,10.996193,3.0229423,-0.6278835,3.3004124,-1.1514413,-12486656
42,41,43,46,"null","null","null",3,10.996193,2.3134394,-1.0472739,3.7903328,-0.37199128,-12486656
43,42,44,45,"null","null","null",2,10.996193,1.6001867,-2.2880604,3.5116959,-0.59051806,-12486656
47,41,48,49,"null","null","null",2,10.996193,3.0051737,-1.0892006,0.33095652,-2.9852276,-12486656
50,40,51,56,"null","null","null",5,10.996193,2.3305721,-2.2165534,0.5623976,-3.4921446,-16731116
51,50,52,55,"null","null","null",3,10.996193,3.4735122,-1.0892006,0.64591265,-2.9070063,-16731116
52,51,53,54,"null","null","null",2,10.996193,3.8167205,-0.41857052,0.73107064,-2.2381597,-16731116
56,50,57,58,"null","null","null",2,10.996193,0.48358327,-3.756458,1.9383984,-1.6186465,-16731116
59,39,60,65,"null","null","null",5,7.38051,0.45200622,-2.745932,0.88575673,-3.482712,-12486656
60,59,61,64,"null","null","null",3,7.38051,1.9703119,-2.076365,0.483974,-3.5523148,-12486656
61,60,62,63,"null","null","null",2,7.38051,3.0051737,-1.0892006,0.64591265,-2.9852276,-16731116
65,59,66,67,"null","null","null",2,7.38051,0.8449197,-3.5245035,2.3807096,-0.39556193,-11513776
68,38,69,76,"null","null","null",5,7.38051,0.4428624,-3.3444898,1.8611662,-2.579044,-12486656
69,68,70,75,"null","null","null",4,7.38051,0.661925,-2.6608222,0.75469065,-3.482712,-16731116
70,69,71,74,"null","null","null",3,7.38051,1.9703119,-2.076365,0.483974,-3.5523148,-16731116
71,70,72,73,"null","null","null",2,7.38051,3.0051737,-1.0892006,0.64591265,-2.9852276,-11513776
77,37,78,89,"null","null","null",10,18.851517,0.8210846,-3.5088618,2.742261,-1.0796683,-16731116
78,77,79,86,"null","null","null",6,8.216595,0.54197484,-3.3444898,1.9094126,-2.579044,-16731116
79,78,80,85,"null","null","null",4,8.216595,0.661925,-2.6608222,0.75469065,-3.482712,-16731116
80,79,81,84,"null","null","null",3,8.216595,1.9703119,-2.076365,0.483974,-3.5523148,-16731116
81,80,82,83,"null","null","null",2,8.216595,3.0051737,-1.0892006,0.64591265,-2.9852276,-16731116
86,78,87,88,"null","null","null",2,8.216595,1.6917262,-2.1268098,3.5885544,-0.35959634,-11513776
89,77,90,93,"null","null","null",4,6.3572254,2.6331244,-0.85626006,3.8025498,-0.76705146,-12486656
90,89,91,92,"null","null","null",2,6.3572254,1.6917262,-2.1268098,3.5885544,-0.57550156,-16731116
93,89,94,95,"null","null","null",2,6.3572254,3.7952118,-0.70525837,0.5537423,-2.2791748,-8572416
96,35,97,110,"null","null","null",9,19.482616,2.5840364,-1.4436038,3.7066278,-0.7370672,-12486656
97,96,98,109,"null","null","null",7,8.923494,1.600189,-2.8032913,3.4028807,-0.5905177,-12486656
98,97,99,104,"null","null","null",6,8.923494,0.29949018,-3.4558175,2.742261,-0.99774426,-12486656
99,98,100,103,"null","null","null",3,8.923494,0.54197484,-3.2755322,1.8611662,-2.472543,-12486656
100,99,101,102,"null","null","null",2,8.923494,0.661925,-2.5711775,0.75469065,-3.3442605,-8572416
104,98,105,108,"null","null","null",3,8.923494,2.3408206,-0.85626006,3.8025498,-0.76705146,-16731116
105,104,106,107,"null","null","null",2,8.923494,1.6917262,-2.1268098,3.5885544,-0.57550156,-16731116
110,96,111,112,"null","null","null",2,3.1786127,3.8167205,-0.6717526,0.73106873,-2.2381606,-16777216
113,34,114,145,"null","null","null",31,15.747471,3.1915236,-0.30320084,3.0686398,-1.1927514,-16731116
114,113,115,134,"null","null","null",16,12.714451,2.532594,-1.5047903,3.4890308,-0.37199068,-16731116
115,114,116,131,"null","null","null",10,12.714451,1.550134,-2.882834,3.1200047,-0.5905177,-16731116
116,115,117,130,"null","null","null",8,12.714451,0.4135974,-3.5592227,2.374522,-1.0796683,-12486656
117,116,118,127,"null","null","null",7,12.714451,0.54197484,-3.409959,1.9094126,-2.579044,-12486656
118,117,119,124,"null","null","null",5,12.714451,0.661925,-2.745932,0.49050736,-3.482712,-12486656
119,118,120,123,"null","null","null",3,12.714451,1.9703119,-2.076365,0.483974,-3.5523148,-16731116
120,119,121,122,"null","null","null",2,12.714451,3.0051737,-1.0892006,0.64591265,-2.9852276,-16731116
124,118,125,126,"null","null","null",2,12.714451,0.8449197,-3.5245035,2.3807096,-0.39556193,-8572416
127,117,128,129,"null","null","null",2,12.714451,1.6917262,-2.1268098,3.5885544,-0.35959634,-16731116
131,115,132,133,"null","null","null",2,12.714451,3.328406,-0.28912896,2.5945067,-1.4052784,-16731116
134,114,135,144,"null","null","null",6,12.714451,3.7009747,-0.6717526,1.9147055,-2.2381606,-12486656
135,134,136,143,"null","null","null",5,12.714451,3.2905605,-0.61676055,3.230978,-1.4052784,-12486656
136,135,137,140,"null","null","null",4,12.714451,2.6331244,-0.85626006,3.8025498,-0.34808072,-16731116
137,136,138,139,"null","null","null",2,12.714451,1.6917262,-2.1268098,3.5885544,-0.57550156,-16731116
140,136,141,142,"null","null","null",2,12.714451,3.7952118,-0.70525837,0.5537423,-2.2791748,-12486656
145,113,146,165,"null","null","null",15,12.418492,3.384476,-0.92879295,0.33095616,-3.0781703,-16731116
146,145,147,162,"null","null","null",10,12.418492,3.7009747,-0.41857028,1.7065854,-2.4606729,-16731116
147,146,148,157,"null","null","null",8,12.418492,3.2905605,-0.61676055,2.960422,-1.2264566,-16731116
148,147,149,154,"null","null","null",5,12.418492,2.6331244,-1.3545806,3.4508271,-0.34808072,-16731116
149,148,150,153,"null","null","null",3,12.418492,1.6917262,-2.7746265,3.1313148,-0.57550156,-16731116
150,149,151,152,"null","null","null",2,12.418492,0.5272789,-3.524505,2.3807096,-0.665,-16731116
154,148,155,156,"null","null","null",2,12.418492,3.7952118,-0.70525837,0.5537423,-2.2791748,-16731116
157,147,158,161,"null","null","null",3,12.418492,3.381478,-1.1971774,0.31716195,-2.9699717,-11513776
158,157,159,160,"null","null","null",2,12.418492,3.7952118,-0.3955187,0.6459114,-2.2791748,-16777216
162,146,163,164,"null","null","null",2,12.418492,1.0880258,-2.1365545,0.60018086,-3.8261662,-16731116
165,145,166,173,"null","null","null",5,12.418492,0.56952107,-2.7521257,0.902598,-3.3870254,-16731116
166,165,167,172,"null","null","null",4,12.418492,2.1815865,-2.1365545,0.46288565,-3.516667,-16731116
167,166,168,171,"null","null","null",3,12.418492,3.381478,-1.1971774,0.63761365,-2.9699717,-16731116
168,167,169,170,"null","null","null",2,12.418492,3.7952118,-0.3955187,0.6459114,-2.2791748,-16731116
174,1,175,178,"null","null","null",3,8.860453,2.279176,-1.237134,3.7661476,-0.70525956,-16731116
175,174,176,177,"null","null","null",2,8.860453,1.5045818,-2.444159,3.4248688,-0.6042887,-16731116
179,0,180,191,"null","null","null",8,16.77097,2.9699736,-0.31716147,3.1657689,-1.0122011,-16777216
180,179,181,190,"null","null","null",6,14.450776,2.279176,-1.5568638,3.5147934,-0.3955179,-16777216
181,180,182,189,"null","null","null",5,14.450776,1.5045818,-2.859808,3.0981085,-0.6042887,-16777216
182,181,183,188,"null","null","null",4,14.450776,0.32388148,-3.4240808,2.3612084,-1.1773334,-16777216
183,182,184,187,"null","null","null",3,14.450776,0.5592989,-3.1628685,1.7788353,-2.6272726,-16777216
184,183,185,186,"null","null","null",2,14.450776,0.6642305,-2.4198837,0.6411284,-3.4392254,-16777216
191,179,192,193,"null","null","null",2,5.5903234,3.1268032,-0.9791716,0.34452954,-2.8544111,-16777216
