index,parent,child1,child2,name1,name2,common,richness,lengthbr,hxmax,hxmin,hymax,hymin,color
0,-268433389,1,50,"","null","Toadlets and more",41,35.2,2.9070096,-0.64591235,3.3785942,-0.9443795,-16731116
1,0,2,49,"null","null","null",25,30.510902,2.238162,-1.8281059,3.6933317,-0.41856945,-16731116
2,1,3,36,"null","null","null",24,30.12396,1.311008,-3.118402,3.2806263,-0.61676013,-16731116
3,2,4,29,"null","null","null",17,30.12396,0.34807986,-3.6562042,2.620209,-1.3840528,-16731116
4,3,5,24,"null","null","null",13,30.12396,0.57550097,-3.3983073,1.5297103,-2.8129432,-16731116
5,4,6,21,"null","null","null",10,30.12396,0.9518985,-2.7278,0.33848894,-3.5743203,-16731116
6,5,7,18,"null","null","null",8,30.12396,2.4870446,-2.0181692,0.5235962,-3.5057988,-16731116
7,6,8,15,"null","null","null",6,30.12396,3.4687881,-0.58310217,0.65809226,-2.8820133,-16731116
8,7,9,12,"null","null","null",4,30.12396,3.6229606,-0.46288514,1.7924204,-2.3054068,-16731116
9,8,10,11,"null","null","null",2,30.12396,3.1081543,-0.6376134,2.8755643,-1.1971804,-16731116
12,8,13,14,"null","null","null",2,30.12396,1.4433452,-2.0102282,0.5234818,-3.7908,-16731116
15,7,16,17,"null","null","null",2,30.12396,0.38339525,-2.4198883,0.866506,-3.4392228,-16731116
18,6,19,20,"null","null","null",2,30.12396,0.40148032,-3.655138,1.7788366,-1.9610461,-16731116
21,5,22,23,"null","null","null",2,30.12396,0.7950952,-3.6646886,2.3612084,-0.4184209,-16731116
24,4,25,28,"null","null","null",3,30.12396,1.5045818,-3.0448914,3.0981085,-0.2750008,-16731116
25,24,26,27,"null","null","null",2,30.12396,0.32388148,-3.6646893,2.3612084,-0.66192454,-16731116
29,3,30,33,"null","null","null",4,30.12396,2.5264778,-1.237134,3.7661476,-0.70525956,-16731116
30,29,31,32,"null","null","null",2,30.12396,1.5045818,-2.444159,3.4248688,-0.6042887,-11513776
33,29,34,35,"null","null","null",2,30.12396,3.8270519,-0.6366811,0.9093958,-2.1905582,-16731116
36,2,37,48,"null","null","null",7,30.12396,3.1602058,-0.31716147,3.1657689,-1.1971812,-16731116
37,36,38,45,"null","null","null",6,30.12396,2.5264778,-1.6992357,3.5147934,-0.3955179,-16731116
38,37,39,42,"null","null","null",4,30.12396,1.4209446,-3.0448914,3.0981085,-0.6042887,-16731116
39,38,40,41,"null","null","null",2,30.12396,0.32388148,-3.6646893,2.3612084,-0.66192454,-16731116
42,38,43,44,"null","null","null",2,30.12396,3.222697,-0.30320084,2.7384958,-1.3026779,-16731116
45,37,46,47,"null","null","null",2,30.12396,3.8270519,-0.6366811,0.9093958,-2.1905582,-16731116
50,0,51,76,"null","null","null",16,26.28066,3.439219,-0.9025985,0.44187915,-2.8820143,-16731116
51,50,52,73,"null","null","null",13,24.3125,3.5845218,-0.4628849,2.0156538,-2.3054075,-12486656
52,51,53,72,"null","null","null",11,24.3125,3.0581841,-0.6376133,3.1657689,-1.1971812,-12486656
53,52,54,63,"null","null","null",10,24.3125,2.3938498,-1.7809272,3.5147934,-0.3955179,-12486656
54,53,55,60,"null","null","null",5,24.3125,1.4209446,-3.1510901,3.0981085,-0.6042887,-12486656
55,54,56,59,"null","null","null",3,24.3125,0.32388148,-3.8027482,2.3612084,-0.6648546,-12486656
56,55,57,58,"null","null","null",2,24.3125,0.5592989,-3.6551359,1.7788353,-1.9610502,-12486656
60,54,61,62,"null","null","null",2,24.3125,3.222697,-0.30320084,2.7384958,-1.3026779,-12486656
63,53,64,69,"null","null","null",5,24.3125,3.528639,-0.6366811,2.026287,-2.3868866,-16731116
64,63,65,68,"null","null","null",3,24.3125,3.022944,-0.6278832,3.2790856,-1.3026779,-16731116
65,64,66,67,"null","null","null",2,24.3125,2.3134408,-0.65274704,3.7626104,-0.37199068,-16731116
69,63,70,71,"null","null","null",2,24.3125,1.2662416,-2.0763655,0.5623986,-3.8140664,-11184866
73,51,74,75,"null","null","null",2,24.3125,1.443346,-2.010228,0.5234822,-3.7907999,-16731116
76,50,77,80,"null","null","null",3,10.413465,0.38339514,-2.560747,0.8665061,-3.7314653,-16731116
77,76,78,79,"null","null","null",2,6.5701647,1.443346,-2.010228,0.50423723,-3.7907999,-16731116
