index,parent,child1,child2,name1,name2,common,richness,lengthbr,hxmax,hxmin,hymax,hymin,color
0,-268413840,1,38,"null","null","null",29,28.374252,3.6887548,-0.6366811,1.9931613,-2.3023279,-12486656
1,0,2,37,"null","null","null",19,28.374252,3.2310944,-0.6278832,3.2360222,-1.3026779,-12486656
2,1,3,34,"null","null","null",18,28.374252,2.5840364,-1.4749908,3.7066278,-0.37199068,-12486656
3,2,4,21,"null","null","null",16,23.363,1.5333138,-2.8440948,3.4028807,-0.5905177,-12486656
4,3,5,14,"null","null","null",9,23.363,0.39173108,-3.5088618,2.742261,-1.0796683,-12486656
5,4,6,13,"null","null","null",5,23.363,0.54197484,-3.3444898,1.8611662,-2.579044,-16731116
6,5,7,12,"null","null","null",4,23.363,0.661925,-2.6608222,0.75469065,-3.482712,-16731116
7,6,8,11,"null","null","null",3,23.363,1.9703119,-2.076365,0.483974,-3.5523148,-16731116
8,7,9,10,"null","null","null",2,23.363,3.0051737,-1.0892006,0.64591265,-2.9852276,-16731116
14,4,15,18,"null","null","null",4,23.363,2.6331244,-0.85626006,3.8025498,-0.76705146,-11184866
15,14,16,17,"null","null","null",2,23.363,1.6917262,-2.1268098,3.5885544,-0.57550156,-11184866
18,14,19,20,"null","null","null",2,23.363,3.7952118,-0.70525837,0.5537423,-2.2791748,-12486656
21,3,22,31,"null","null","null",7,23.363,3.2905605,-0.28912896,2.960422,-1.2878697,-11184866
22,21,23,28,"null","null","null",5,23.363,2.6331244,-1.3545806,3.4508271,-0.34808072,-12486656
23,22,24,27,"null","null","null",3,23.363,1.6917262,-2.7746265,3.1313148,-0.57550156,-12486656
24,23,25,26,"null","null","null",2,23.363,0.5272789,-3.524505,2.3807096,-0.665,-12486656
28,22,29,30,"null","null","null",2,23.363,3.7952118,-0.70525837,0.5537423,-2.2791748,-16731116
31,21,32,33,"null","null","null",2,23.363,2.8755677,-1.1971774,0.31716195,-3.108151,-8572416
34,2,35,36,"null","null","null",2,5.84075,3.8167205,-0.6717526,0.73106873,-2.2381606,-12486656
38,0,39,50,"null","null","null",10,19.402552,2.279308,-2.0484653,0.5623986,-3.6238089,-11184866
39,38,40,47,"null","null","null",6,19.402552,3.40687,-0.87068576,0.6459125,-3.0781703,-11184866
40,39,41,44,"null","null","null",4,19.402552,3.7300868,-0.41857028,1.4251122,-2.4606729,-11184866
41,40,42,43,"null","null","null",2,19.402552,3.328406,-0.61676055,2.5945067,-1.4052784,-11184866
44,40,45,46,"null","null","null",2,19.402552,1.0880258,-2.1365545,0.60018086,-3.8261662,-11184866
47,39,48,49,"null","null","null",2,19.402552,0.357829,-2.7162097,0.902598,-3.239984,-3014646
50,38,51,54,"null","null","null",4,19.402552,0.4835837,-3.378258,2.0181665,-2.3110433,-8572416
51,50,52,53,"null","null","null",2,19.402552,0.6580924,-2.7162097,0.8675192,-3.239984,-11513776
54,50,55,56,"null","null","null",2,19.402552,1.7788352,-1.9610496,3.655136,-0.40147927,-8572416
