index,parent,child1,child2,name1,name2,common,richness,lengthbr,hxmax,hxmin,hymax,hymin,color
0,-268400604,1,120,"null","null","null",81,52.59404,0.5592989,-3.3963397,1.7338018,-2.6814833,-11184866
1,0,2,105,"null","null","null",60,52.59404,0.7901225,-2.7233963,0.57825625,-3.5096993,-11184866
2,1,3,98,"null","null","null",52,52.59404,2.3459005,-1.9577086,0.5042378,-3.502502,-11184866
3,2,4,85,"null","null","null",48,52.59404,3.3900402,-0.8152332,0.6527479,-2.8958287,-11184866
4,3,5,80,"null","null","null",41,31.62499,3.612829,-0.4410558,1.8644092,-2.2705507,-11184866
5,4,6,43,"null","null","null",38,31.62499,3.1323895,-0.6278835,3.0686421,-1.1166763,-11184866
6,5,7,28,"null","null","null",19,31.62499,2.455721,-1.4749937,3.4890313,-0.37199128,-11184866
7,6,8,19,"null","null","null",11,31.62499,1.4333783,-2.8440962,3.1200037,-0.59051806,-11184866
8,7,9,18,"null","null","null",6,31.62499,0.4135952,-3.508861,2.374521,-1.0796719,-11184866
9,8,10,17,"null","null","null",5,31.62499,0.54197526,-3.3444867,1.8611641,-2.579047,-11184866
10,9,11,16,"null","null","null",4,31.62499,0.6619251,-2.660818,0.75468683,-3.4827127,-8572416
11,10,12,15,"null","null","null",3,31.62499,1.970319,-2.0763621,0.48397484,-3.552312,-8572416
12,11,13,14,"null","null","null",2,31.62499,3.005179,-1.0891962,0.64591295,-2.9852223,-11184866
19,7,20,27,"null","null","null",5,31.62499,3.0657108,-0.28912932,2.960423,-1.4052775,-11184866
20,19,21,26,"null","null","null",4,31.62499,2.3408198,-1.3545825,3.4508271,-0.34808096,-11184866
21,20,22,25,"null","null","null",3,31.62499,1.6917254,-2.7746282,3.1313143,-0.5755017,-8572416
22,21,23,24,"null","null","null",2,31.62499,0.5272785,-3.5245056,2.3807092,-0.665,-8572416
28,6,29,36,"null","null","null",8,31.62499,3.5280137,-0.67175174,1.8652972,-2.3231168,-11184866
29,28,30,33,"null","null","null",4,31.62499,3.0657108,-0.6167606,3.1667461,-1.2878692,-12486656
30,29,31,32,"null","null","null",2,31.62499,2.3408198,-0.65809166,3.719047,-0.34808096,-16731116
33,29,34,35,"null","null","null",2,31.62499,2.8755672,-1.1971784,0.3171621,-3.108152,-11184866
36,28,37,42,"null","null","null",4,31.62499,2.1815863,-2.1365547,0.6001805,-3.5166664,-11184866
37,36,38,41,"null","null","null",3,31.62499,3.3814778,-1.1971784,0.6376136,-2.9699712,-8572416
38,37,39,40,"null","null","null",2,31.62499,3.7952118,-0.3955186,0.6459114,-2.2791743,-8572416
43,5,44,77,"null","null","null",19,31.62499,3.3277493,-0.9287927,0.33095652,-2.9070063,-11184866
44,43,45,76,"null","null","null",17,31.62499,3.6272287,-0.41857052,1.828113,-2.2381597,-11184866
45,44,46,73,"null","null","null",16,31.62499,3.1946905,-0.6167606,3.1184065,-1.2878692,-11184866
46,45,47,64,"null","null","null",14,31.62499,2.5084934,-1.3385825,3.6562057,-0.34808096,-12486656
47,46,48,61,"null","null","null",9,31.62499,1.6749322,-2.753828,3.3983064,-0.5755017,-11184866
48,47,49,58,"null","null","null",7,31.62499,0.33848423,-3.4974656,2.7277985,-0.9519061,-11184866
49,48,50,57,"null","null","null",5,31.62499,0.52359736,-3.4058833,1.9383965,-2.48705,-11184866
50,49,51,56,"null","null","null",4,31.62499,0.65809256,-2.7521224,0.8675156,-3.4687893,-11184866
51,50,52,55,"null","null","null",3,31.62499,1.7924314,-2.136552,0.46288642,-3.6229568,-11184866
52,51,53,54,"null","null","null",2,31.62499,2.8755727,-1.1971738,0.6376139,-3.1081471,-11184866
58,48,59,60,"null","null","null",2,31.62499,2.361207,-0.41842157,3.6646912,-0.79509366,-12486656
61,47,62,63,"null","null","null",2,31.62499,3.4248662,-0.27500144,2.4441638,-1.5045791,-16731116
64,46,65,70,"null","null","null",5,31.62499,3.5147934,-0.705258,1.6992409,-2.526476,-12486656
65,64,66,69,"null","null","null",3,31.62499,3.0981069,-0.60428905,3.0448952,-1.5045791,-12486656
66,65,67,68,"null","null","null",2,31.62499,2.361207,-0.6619245,3.6646912,-0.32388222,-12486656
70,64,71,72,"null","null","null",2,31.62499,0.9093985,-2.1905575,0.6366799,-3.827052,-12486656
73,45,74,75,"null","null","null",2,31.62499,2.8755672,-1.1971784,0.3171621,-3.108152,-3014646
77,43,78,79,"null","null","null",2,31.62499,0.35782912,-2.7162104,0.9025978,-3.239983,-11184866
80,4,81,84,"null","null","null",3,31.62499,1.9703119,-2.076365,0.5623976,-3.5523148,-8572416
81,80,82,83,"null","null","null",2,31.62499,3.0051737,-1.0892006,0.64591265,-2.9852276,-8572416
85,3,86,95,"null","null","null",7,16.571482,0.72912955,-2.7686596,0.88575673,-3.4364274,-16777216
86,85,87,92,"null","null","null",5,16.571482,2.3305721,-2.2165534,0.483974,-3.4921446,-16777216
87,86,88,91,"null","null","null",3,16.571482,3.4735122,-1.0892006,0.64591265,-2.9070063,-16777216
88,87,89,90,"null","null","null",2,16.571482,3.8167205,-0.41857052,0.73107064,-2.2381597,-16777216
92,86,93,94,"null","null","null",2,16.571482,0.48358327,-3.756458,1.9383984,-1.6186465,-16777216
95,85,96,97,"null","null","null",2,16.571482,0.8449197,-3.5245035,2.3807096,-0.39556193,-16777216
98,2,99,104,"null","null","null",4,11.805761,0.4428624,-3.3444898,1.8611662,-2.7339265,-16777216
99,98,100,103,"null","null","null",3,11.805761,0.661925,-2.6608222,0.75469065,-3.6840591,-16777216
100,99,101,102,"null","null","null",2,11.805761,1.2662436,-2.076365,0.483974,-3.814066,-16777216
105,1,106,115,"null","null","null",8,17.708643,0.8210846,-3.5592227,2.742261,-1.1988084,-3014646
106,105,107,114,"null","null","null",5,17.708643,0.54197484,-3.409959,1.8611662,-2.7339265,-16777216
107,106,108,111,"null","null","null",4,17.708643,0.661925,-2.745932,0.49050736,-3.6840591,-16777216
108,107,109,110,"null","null","null",2,17.708643,1.2662436,-2.076365,0.483974,-3.814066,-16777216
111,107,112,113,"null","null","null",2,17.708643,0.8449197,-3.5245035,2.3807096,-0.39556193,-16777216
115,105,116,119,"null","null","null",3,17.708643,2.3408206,-0.85626006,3.8025498,-0.76705146,-3014646
116,115,117,118,"null","null","null",2,17.708643,1.6917262,-2.1268098,3.5885544,-0.57550156,-16777216
120,0,121,150,"null","null","null",21,52.594036,1.4333808,-2.8931787,3.374333,-0.3173806,-8572416
121,120,122,147,"null","null","null",15,23.061909,0.29949018,-3.572671,2.7051485,-1.0522809,-8572416
122,121,123,136,"null","null","null",13,23.061909,0.54197484,-3.4274416,1.730665,-2.5434406,-8572416
123,122,124,133,"null","null","null",7,23.061909,0.72912955,-2.7686596,0.49050736,-3.4364274,-8572416
124,123,125,130,"null","null","null",5,23.061909,2.3305721,-2.2165534,0.483974,-3.4921446,-8572416
125,124,126,129,"null","null","null",3,23.061909,3.4735122,-1.0892006,0.64591265,-2.9070063,-8572416
126,125,127,128,"null","null","null",2,23.061909,3.8167205,-0.41857052,0.73107064,-2.2381597,-16777216
130,124,131,132,"null","null","null",2,23.061909,0.48358327,-3.756458,1.9383984,-1.6186465,-16777216
133,123,134,135,"null","null","null",2,23.061909,0.8449197,-3.5245035,2.3807096,-0.39556193,-16777216
136,122,137,144,"null","null","null",6,23.061909,1.674933,-2.7374787,3.1863725,-0.35959634,-16777216
137,136,138,143,"null","null","null",4,23.061909,0.5272789,-3.4762127,2.4522848,-0.8165185,-16777216
138,137,139,142,"null","null","null",3,23.061909,0.5235972,-3.3782551,1.9383972,-2.311047,-16777216
139,138,140,141,"null","null","null",2,23.061909,0.6580925,-2.7162058,0.86751616,-3.2399864,-16777216
144,136,145,146,"null","null","null",2,23.061909,3.424866,-0.2750013,2.4441643,-1.5045784,-16777216
147,121,148,149,"null","null","null",2,23.061909,2.3408206,-0.42902395,3.7190466,-0.76705146,-16777216
150,120,151,158,"null","null","null",6,15.258725,3.0657115,-0.28912896,2.960422,-1.2878697,-16777216
151,150,152,157,"null","null","null",4,15.258725,2.3408206,-1.3545806,3.4508271,-0.34808072,-16777216
152,151,153,156,"null","null","null",3,15.258725,1.6917262,-2.7746265,3.1313148,-0.57550156,-16777216
153,152,154,155,"null","null","null",2,15.258725,0.5272789,-3.524505,2.3807096,-0.665,-16777216
158,150,159,160,"null","null","null",2,15.258725,2.8755677,-1.1971774,0.31716195,-3.108151,-16777216
