index,parent,child1,child2,name1,name2,common,richness,lengthbr,hxmax,hxmin,hymax,hymin,color
0,-268400516,1,26,"null","null","null",24,52.594036,0.75179744,-2.7010148,0.5171489,-3.5626502,-16777216
1,0,2,17,"null","null","null",13,21.843254,2.29608,-1.9577118,0.5042372,-3.5713406,-16777216
2,1,3,14,"null","null","null",8,21.843254,3.3252766,-0.72746766,0.65274775,-2.9853194,-16777216
3,2,4,11,"null","null","null",6,21.843254,3.528639,-0.44105512,2.0426908,-2.386887,-16777216
4,3,5,10,"null","null","null",4,21.843254,3.0229437,-0.6278832,3.3004107,-1.3026786,-16777216
5,4,6,9,"null","null","null",3,21.843254,2.3134403,-1.0472679,3.7903333,-0.37199056,-16777216
6,5,7,8,"null","null","null",2,21.843254,1.6001897,-2.2880554,3.5116982,-0.59051764,-16777216
11,3,12,13,"null","null","null",2,21.843254,1.2662381,-2.076367,0.5623988,-3.8140666,-16777216
14,2,15,16,"null","null","null",2,21.843254,0.37080103,-2.571182,0.8857573,-3.3442578,-16777216
17,1,18,25,"null","null","null",5,21.843254,0.44286364,-3.3444917,1.8611686,-2.5790417,-16777216
18,17,19,24,"null","null","null",4,21.843254,0.6619249,-2.660825,0.7546941,-3.482712,-16777216
19,18,20,23,"null","null","null",3,21.843254,1.9703064,-2.076367,0.48397338,-3.5523171,-16777216
20,19,21,22,"null","null","null",2,21.843254,3.0051699,-1.0892038,0.6459124,-2.9852314,-16777216
26,0,27,38,"null","null","null",11,20.420612,0.82108533,-3.5088615,2.6047645,-1.198804,-16777216
27,26,28,33,"null","null","null",6,20.420612,0.5419743,-3.3444917,1.7061975,-2.7339232,-16777216
28,27,29,32,"null","null","null",3,20.420612,0.6619249,-2.660825,0.7546941,-3.6840577,-16777216
29,28,30,31,"null","null","null",2,20.420612,1.2662381,-2.076367,0.48397338,-3.8140666,-16777216
33,27,34,37,"null","null","null",3,20.420612,1.691729,-2.774622,3.131315,-0.35959762,-16777216
34,33,35,36,"null","null","null",2,20.420612,0.52728236,-3.524502,2.38071,-0.665,-16777216
38,26,39,46,"null","null","null",5,20.420612,2.3408213,-1.4981455,3.4931798,-0.76705235,-16777216
39,38,40,45,"null","null","null",4,20.420612,1.691729,-2.9612634,3.1863751,-0.5755011,-16777216
40,39,41,44,"null","null","null",3,20.420612,0.52728236,-3.7671359,2.4522882,-0.665,-16777216
41,40,42,43,"null","null","null",2,20.420612,0.5235966,-3.7564578,1.9383993,-1.6186452,-16777216
