index,parent,child1,child2,name1,name2,common,richness,lengthbr,hxmax,hxmin,hymax,hymin,color
0,-268413921,1,120,"null","null","null",64,18.499998,0.40148032,-3.3963404,1.6207683,-2.6814826,-12486656
1,0,2,65,"null","null","null",60,18.212912,0.8246769,-2.7233968,0.55652314,-3.5096998,-16731116
2,1,3,44,"null","null","null",32,15.416666,2.3908234,-1.9945794,0.5042372,-3.5025048,-16731116
3,2,4,37,"null","null","null",21,13.542978,3.448443,-0.76730907,0.65274775,-2.8958325,-16731116
4,3,5,32,"null","null","null",17,12.60301,3.6887553,-0.44105512,1.8644047,-2.270554,-16731116
5,4,6,27,"null","null","null",14,11.739345,3.2310948,-0.6278832,3.0686388,-1.1166797,-16731116
6,5,7,24,"null","null","null",11,10.666581,2.5840368,-1.5047891,3.48903,-0.37199056,-16731116
7,6,8,21,"null","null","null",9,10.666581,1.5501353,-2.882833,3.1200042,-0.59051764,-16731116
8,7,9,20,"null","null","null",7,10.666581,0.4135989,-3.559222,2.3745215,-1.0796676,-12486656
9,8,10,19,"null","null","null",6,10.666581,0.5419747,-3.4099584,1.8611665,-2.5790436,-12486656
10,9,11,16,"null","null","null",5,10.666581,0.66192496,-2.7459316,0.49050635,-3.482712,-12486656
11,10,12,15,"null","null","null",3,10.666581,1.9703138,-2.0763643,0.48397422,-3.5523138,-12486656
12,11,13,14,"null","null","null",2,10.666581,3.005175,-1.0891994,0.64591277,-2.9852262,-11184866
16,10,17,18,"null","null","null",2,10.666581,0.84491944,-3.5245032,2.3807092,-0.39556205,-11184866
21,7,22,23,"null","null","null",2,10.666581,3.3284082,-0.2891289,2.5945039,-1.4052806,-16731116
24,6,25,26,"null","null","null",2,10.666581,3.8167202,-0.67175275,0.73106515,-2.238161,-12486656
27,5,28,31,"null","null","null",3,4.8869677,3.4735096,-1.0892038,0.3309561,-2.9070082,-16731116
28,27,29,30,"null","null","null",2,4.8869677,3.8167202,-0.4185698,0.73106515,-2.238161,-16731116
32,4,33,36,"null","null","null",3,4.8869677,1.9703064,-2.076367,0.5623988,-3.5523171,-16731116
33,32,34,35,"null","null","null",2,4.8869677,3.0051699,-1.0892038,0.6459124,-2.9852314,-16731116
37,3,38,43,"null","null","null",4,6.1666665,0.45200062,-2.660825,0.8857573,-3.482712,-16731116
38,37,39,42,"null","null","null",3,6.1666665,1.9703064,-2.076367,0.48397338,-3.5523171,-16731116
39,38,40,41,"null","null","null",2,6.1666665,3.0051699,-1.0892038,0.6459124,-2.9852314,-16731116
44,2,45,60,"null","null","null",11,10.666581,0.44286364,-3.427444,1.7061975,-2.5434372,-16731116
45,44,46,57,"","null","Mexican Treefrogs",8,9.25,0.6896925,-2.768663,0.49050963,-3.4364262,-16731116
46,45,47,54,"null","null","null",6,9.25,2.279306,-2.216556,0.48397338,-3.4921455,-16731116
47,46,48,53,"null","null","null",4,9.25,3.4068692,-1.0892038,0.6459124,-2.9070082,-16731116
48,47,49,52,"null","null","null",3,9.25,3.7300878,-0.4185698,1.4251086,-2.238161,-16731116
49,48,50,51,"null","null","null",2,9.25,3.3284082,-0.6167603,2.5945039,-1.4052806,-16731116
54,46,55,56,"null","null","null",2,9.25,0.48358452,-3.7564592,1.9384005,-1.6186413,-12486656
57,45,58,59,"null","null","null",2,9.25,0.8449204,-3.5245008,2.3807096,-0.39556158,-16731116
60,44,61,64,"null","null","null",3,4.8869677,1.691729,-2.774622,3.131315,-0.35959762,-16731116
61,60,62,63,"","null","Shovel-headed Treefrogs",2,3.0833333,0.52728236,-3.524502,2.38071,-0.665,-16731116
65,1,66,93,"null","null","null",28,14.822678,0.82108533,-3.5592208,2.6933565,-1.0522765,-12486656
66,65,67,88,"null","null","null",14,11.739345,0.5419743,-3.4099588,1.7061975,-2.5434372,-16731116
67,66,68,85,"null","null","null",11,11.739345,0.6896925,-2.745932,0.49050963,-3.4364262,-16731116
68,67,69,78,"null","null","null",9,11.739345,2.279306,-2.0607467,0.48397338,-3.4921455,-16731116
69,68,70,75,"null","null","null",5,11.739345,3.4068692,-0.8706895,0.6459124,-2.9070082,-16731116
70,69,71,74,"null","null","null",3,11.739345,3.7300878,-0.4185698,1.4251086,-2.238161,-16731116
71,70,72,73,"null","null","null",2,11.739345,3.3284082,-0.6167603,2.5945039,-1.4052806,-16731116
75,69,76,77,"null","null","null",2,11.739345,0.35782874,-2.7162147,0.90259826,-3.23998,-16731116
78,68,79,84,"null","null","null",4,11.739345,0.48358452,-3.405888,1.9384005,-2.6072845,-16731116
79,78,80,83,"null","null","null",3,11.739345,0.65809226,-2.752129,0.8675231,-3.6250997,-16731116
80,79,81,82,"null","null","null",2,11.739345,1.0880196,-2.1365566,0.4628849,-3.8261666,-16731116
85,67,86,87,"null","null","null",2,11.739345,0.8449204,-3.5245008,2.3807096,-0.39556158,-16731116
88,66,89,92,"null","null","null",3,11.739345,1.691729,-2.774622,3.131315,-0.35959762,-16731116
89,88,90,91,"null","null","null",2,11.739345,0.52728236,-3.524502,2.38071,-0.665,-16731116
93,65,94,113,"null","null","null",14,11.739345,2.5084958,-1.326002,3.6925116,-0.76705235,-11184866
94,93,95,108,"null","null","null",10,10.242612,1.5297099,-2.7374768,3.4455066,-0.5755011,-11184866
95,94,96,103,"null","null","null",7,10.242612,0.33848763,-3.4762132,2.7891588,-0.8165132,-11184866
96,95,97,100,"null","null","null",4,10.242612,0.5235966,-3.3782582,2.0181665,-2.3110423,-8572416
97,96,98,99,"null","null","null",2,10.242612,0.6580924,-2.7162104,0.8675197,-3.239983,-3014646
100,96,101,102,"null","null","null",2,10.242612,1.7788349,-1.9610509,3.6551359,-0.40147948,-11184866
103,95,104,107,"null","null","null",3,10.242612,2.3612084,-0.6648554,3.8027484,-0.7950947,-12486656
104,103,105,106,"null","null","null",2,10.242612,1.7788349,-1.9610509,3.6551359,-0.559299,-11184866
108,94,109,112,"null","null","null",3,10.242612,3.0981085,-0.27500087,3.0448916,-1.5045813,-8572416
109,108,110,111,"null","null","null",2,10.242612,2.3612084,-0.66192454,3.6646895,-0.3238816,-8572416
113,93,114,119,"null","null","null",4,6.1666665,3.5147934,-0.7052593,1.6992364,-2.2791758,-11184866
114,113,115,118,"null","null","null",3,6.1666665,3.0981085,-0.6042887,3.0448916,-1.5045813,-11184866
115,114,116,117,"null","null","null",2,6.1666665,2.3612084,-0.66192454,3.6646895,-0.3238816,-11184866
120,0,121,126,"null","null","null",4,6.1666665,1.6001905,-3.0610676,3.1200047,-0.31738126,-8572416
121,120,122,125,"null","null","null",3,6.1666665,0.41359925,-3.7909281,2.374522,-0.66423035,-8572416
122,121,123,124,"null","null","null",2,6.1666665,0.54197454,-3.711177,1.8611674,-1.7914399,-3014646
