index,parent,child1,child2,name1,name2,common,richness,lengthbr,hxmax,hxmin,hymax,hymin,color
0,-268413919,1,62,"null","null","null",32,34.321754,3.528639,-0.6366811,1.980167,-2.1905582,-16731116
1,0,2,49,"null","null","null",31,34.321754,3.022944,-0.6278832,3.2191296,-1.1927514,-16731116
2,1,3,48,"null","null","null",24,34.321754,2.3134408,-1.4674766,3.6846676,-0.37199068,-16731116
3,2,4,43,"null","null","null",23,21.53514,1.4333808,-2.834326,3.374333,-0.5905177,-16731116
4,3,5,40,"null","null","null",20,21.53514,0.29949018,-3.4961624,2.7051485,-1.1122098,-16731116
5,4,6,27,"null","null","null",18,21.53514,0.54197484,-3.3279808,1.730665,-2.6213484,-16731116
6,5,7,26,"null","null","null",11,21.53514,0.661925,-2.6393604,0.75469065,-3.5377076,-16731116
7,6,8,21,"null","null","null",10,21.53514,2.1597397,-2.0484648,0.483974,-3.6238089,-12486656
8,7,9,20,"null","null","null",7,21.53514,3.25143,-1.0892006,0.64591265,-3.0781698,-11184866
9,8,10,17,"null","null","null",6,21.53514,3.5280137,-0.41857052,1.9147071,-2.4606724,-11184866
10,9,11,16,"null","null","null",4,21.53514,3.0657108,-0.6167606,3.230979,-1.4052775,-11184866
11,10,12,15,"null","null","null",3,21.53514,2.3408198,-0.856262,3.8025498,-0.34808096,-11184866
12,11,13,14,"null","null","null",2,21.53514,1.6917254,-2.1268115,3.5885534,-0.5755017,-11184866
17,9,18,19,"null","null","null",2,21.53514,1.0880251,-2.1365547,0.6001805,-3.8261662,-8572416
21,7,22,25,"null","null","null",3,21.53514,0.48358327,-3.3782585,1.9383984,-2.3110435,-16731116
22,21,23,24,"null","null","null",2,21.53514,0.65809244,-2.7162104,0.8675197,-3.239983,-16731116
27,5,28,37,"null","null","null",7,21.53514,1.674933,-2.7538273,3.1863725,-0.35959634,-16731116
28,27,29,36,"null","null","null",5,21.53514,0.5272789,-3.4974658,2.4522848,-1.0443985,-16731116
29,28,30,35,"null","null","null",4,21.53514,0.5235972,-3.4058843,1.9383972,-2.6072912,-16731116
30,29,31,34,"null","null","null",3,21.53514,0.6580925,-2.7521236,0.86751616,-3.6251037,-16731116
31,30,32,33,"null","null","null",2,21.53514,1.0880305,-2.136553,0.46288618,-3.8261662,-16731116
37,27,38,39,"null","null","null",2,21.53514,3.424866,-0.2750013,2.4441643,-1.5045784,-11513776
40,4,41,42,"null","null","null",2,21.53514,2.3408206,-0.42902395,3.7190466,-0.76705146,-11513776
43,3,44,47,"null","null","null",3,21.53514,3.0657115,-0.28912896,3.1667447,-1.4052784,-16731116
44,43,45,46,"null","null","null",2,21.53514,2.3408206,-0.65809166,3.7190466,-0.34808072,-16731116
49,1,50,61,"null","null","null",7,34.321754,3.2514293,-1.0892012,0.33095616,-3.0781703,-16731116
50,49,51,58,"null","null","null",6,12.306127,3.528014,-0.41857028,1.9147055,-2.4606729,-16731116
51,50,52,57,"null","null","null",4,12.306127,3.0657115,-0.61676055,3.230978,-1.4052784,-16731116
52,51,53,56,"null","null","null",3,12.306127,2.3408206,-0.85626006,3.8025498,-0.34808072,-16731116
53,52,54,55,"null","null","null",2,12.306127,1.6917262,-2.1268098,3.5885544,-0.57550156,-16731116
58,50,59,60,"null","null","null",2,12.306127,1.0880258,-2.1365545,0.60018086,-3.8261662,-16731116
