index,parent,child1,child2,name1,name2,common,richness,lengthbr,hxmax,hxmin,hymax,hymin,color
0,-268400632,1,60,"null","null","null",56,44.17607,2.29608,-1.9827005,0.5234818,-3.5213065,-16777216
1,0,2,41,"null","null","null",30,44.17607,3.3252766,-0.75777113,0.65274775,-2.9202747,-16777216
2,1,3,26,"null","null","null",20,44.17607,3.528639,-0.44105512,1.8644047,-2.3023288,-16777216
3,2,4,23,"null","null","null",12,44.17607,3.0229437,-0.6278832,3.0686388,-1.1514455,-16777216
4,3,5,22,"null","null","null",10,44.17607,2.3134403,-1.4436026,3.48903,-0.37199056,-16777216
5,4,6,15,"null","null","null",9,44.17607,1.4333814,-2.8032904,3.1200042,-0.59051764,-16777216
6,5,7,14,"null","null","null",5,44.17607,0.4135989,-3.4558165,2.3745215,-0.9977443,-16777216
7,6,8,11,"null","null","null",4,44.17607,0.5419747,-3.2755313,1.9094133,-2.4725435,-16777216
8,7,9,10,"null","null","null",2,44.17607,0.66192496,-2.571176,0.7546901,-3.3442616,-16777216
11,7,12,13,"null","null","null",2,44.17607,1.6917281,-2.1268067,3.5885556,-0.35959655,-16777216
15,5,16,21,"null","null","null",4,44.17607,3.065712,-0.2891289,3.2309766,-1.4052806,-16777216
16,15,17,20,"null","null","null",3,44.17607,2.3408208,-0.85625637,3.8025498,-0.34808022,-16777216
17,16,18,19,"null","null","null",2,44.17607,1.6917281,-2.1268067,3.5885556,-0.5755012,-16777216
23,3,24,25,"null","null","null",2,44.17607,3.0051699,-1.0892038,0.3309561,-2.9852314,-16777216
26,2,27,36,"null","null","null",8,44.17607,2.279306,-2.0484684,0.5623988,-3.6238103,-16777216
27,26,28,35,"null","null","null",5,44.17607,3.4068692,-1.0892038,0.6459124,-3.0781724,-16777216
28,27,29,32,"null","null","null",4,44.17607,3.7300878,-0.4185698,1.4251086,-2.4606745,-16777216
29,28,30,31,"null","null","null",2,44.17607,3.3284082,-0.6167603,2.5945039,-1.4052806,-16777216
32,28,33,34,"null","null","null",2,44.17607,1.0880196,-2.1365566,0.6001816,-3.8261666,-16777216
36,26,37,40,"null","null","null",3,44.17607,0.48358452,-3.3782616,1.9384005,-2.3110387,-16777216
37,36,38,39,"null","null","null",2,44.17607,0.65809226,-2.7162147,0.8675231,-3.23998,-16777216
41,1,42,59,"null","null","null",10,44.17607,0.6896925,-2.6393647,0.8857573,-3.4364262,-16777216
42,41,43,52,"null","null","null",9,44.17607,2.279306,-2.0484684,0.48397338,-3.4921455,-16777216
43,42,44,49,"null","null","null",5,44.17607,3.4068692,-0.8706895,0.6459124,-2.9070082,-16777216
44,43,45,48,"null","null","null",3,44.17607,3.7300878,-0.4185698,1.4251086,-2.238161,-16777216
45,44,46,47,"null","null","null",2,44.17607,3.3284082,-0.6167603,2.5945039,-1.4052806,-16777216
49,43,50,51,"null","null","null",2,44.17607,0.35782874,-2.7162147,0.90259826,-3.23998,-16777216
52,42,53,56,"null","null","null",4,44.17607,0.48358452,-3.3782616,2.0181682,-2.3110387,-16777216
53,52,54,55,"null","null","null",2,44.17607,0.65809226,-2.7162147,0.8675231,-3.23998,-16777216
56,52,57,58,"null","null","null",2,44.17607,1.7788361,-1.9610482,3.6551366,-0.40148008,-16777216
60,0,61,96,"null","null","null",26,44.17607,0.44286364,-3.400716,1.7306687,-2.5434372,-16777216
61,60,62,83,"null","null","null",18,44.17607,0.6619249,-2.7339165,0.67204285,-3.4364262,-16777216
62,61,63,78,"null","null","null",11,44.17607,2.1597354,-2.0484684,0.48397338,-3.4921455,-16777216
63,62,64,75,"null","null","null",8,44.17607,3.2514277,-0.8706895,0.6459124,-2.9070082,-16777216
64,63,65,74,"null","null","null",6,44.17607,3.5280137,-0.4185698,1.9147029,-2.238161,-16777216
65,64,66,71,"null","null","null",5,44.17607,3.065712,-0.6167603,3.2309766,-1.2878731,-16777216
66,65,67,70,"null","null","null",3,44.17607,2.3408208,-0.85625637,3.8025498,-0.34808022,-16777216
67,66,68,69,"null","null","null",2,44.17607,1.6917281,-2.1268067,3.5885556,-0.5755012,-16777216
71,65,72,73,"null","null","null",2,44.17607,2.8755634,-1.1971815,0.31716168,-3.1081553,-16777216
75,63,76,77,"null","null","null",2,44.17607,0.35782874,-2.7162147,0.90259826,-3.23998,-16777216
78,62,79,82,"null","null","null",3,44.17607,0.48358452,-3.3782616,1.9384005,-2.3110387,-16777216
79,78,80,81,"null","null","null",2,44.17607,0.65809226,-2.7162147,0.8675231,-3.23998,-16777216
83,61,84,91,"null","null","null",7,44.17607,0.8449204,-3.497466,2.7891593,-1.0443912,-16777216
84,83,85,90,"null","null","null",4,44.17607,0.52359635,-3.405888,1.9384005,-2.6072845,-16777216
85,84,86,89,"null","null","null",3,44.17607,0.65809226,-2.752129,0.8675231,-3.6250997,-16777216
86,85,87,88,"null","null","null",2,44.17607,1.0880196,-2.1365566,0.4628849,-3.8261666,-16777216
91,83,92,95,"null","null","null",3,44.17607,2.3612084,-0.66485244,3.8027482,-0.7950951,-16777216
92,91,93,94,"null","null","null",2,44.17607,1.7788361,-1.9610482,3.6551366,-0.55929875,-16777216
96,60,97,106,"null","null","null",8,44.17607,1.5297099,-2.7538245,3.1863751,-0.35959762,-16777216
97,96,98,105,"null","null","null",5,44.17607,0.52728236,-3.4974651,2.4522882,-1.0443938,-16777216
98,97,99,104,"null","null","null",4,44.17607,0.5235966,-3.4058857,1.9383993,-2.6072872,-16777216
99,98,100,103,"null","null","null",3,44.17607,0.6580924,-2.7521262,0.8675197,-3.6251016,-16777216
100,99,101,102,"null","null","null",2,44.17607,1.0880251,-2.1365547,0.46288556,-3.8261662,-16777216
106,96,107,110,"null","null","null",3,44.17607,3.0981085,-0.27500087,3.0448916,-1.5045813,-16777216
107,106,108,109,"null","null","null",2,44.17607,2.3612084,-0.66192454,3.6646895,-0.3238816,-16777216
