index,parent,child1,child2,name1,name2,common,richness,lengthbr,hxmax,hxmin,hymax,hymin,color
0,-268386162,1,76,"null","null","null",44,35.70189,0.32388148,-3.6072109,2.551958,-1.1974893,-16731116
1,0,2,71,"null","null","null",38,34.116158,0.5592989,-3.4009376,1.6207671,-2.6534753,-16731116
2,1,3,40,"null","null","null",35,34.116158,0.75180197,-2.7293735,0.57825625,-3.473289,-16731116
3,2,4,33,"null","null","null",19,34.116158,2.296084,-1.9577086,0.5042378,-3.4551682,-16731116
4,3,5,24,"null","null","null",15,34.116158,3.3252785,-0.76730543,0.6527479,-2.8342948,-16731116
5,4,6,23,"null","null","null",10,21.595463,3.5286388,-0.4410558,1.9801707,-2.1905565,-16731116
6,5,7,18,"null","null","null",9,21.595463,3.0229423,-0.6278835,3.219132,-1.1166763,-16731116
7,6,8,17,"null","null","null",6,21.595463,2.3134394,-1.6418982,3.684668,-0.37199128,-16731116
8,7,9,16,"null","null","null",5,21.595463,1.6001867,-3.0610719,3.374332,-0.59051806,-16731116
9,8,10,13,"null","null","null",4,21.595463,0.2994908,-3.7909293,2.7051475,-0.6642302,-16731116
10,9,11,12,"null","null","null",2,21.595463,0.54197526,-3.7111754,1.8611641,-1.7914469,-12486656
13,9,14,15,"null","null","null",2,21.595463,2.3408198,-0.42902422,3.719047,-0.76705074,-16731116
18,6,19,22,"null","null","null",3,21.595463,3.4735122,-1.0892006,0.33095652,-2.9070063,-16731116
19,18,20,21,"null","null","null",2,21.595463,3.8167205,-0.41857052,0.73107064,-2.2381597,-16731116
24,4,25,32,"null","null","null",5,15.094581,0.72912955,-2.6608222,0.88575673,-3.4364274,-16731116
25,24,26,31,"null","null","null",4,15.094581,2.3305721,-2.076365,0.483974,-3.4921446,-16731116
26,25,27,30,"null","null","null",3,15.094581,3.4735122,-1.0892006,0.64591265,-2.9070063,-16731116
27,26,28,29,"null","null","null",2,15.094581,3.8167205,-0.41857052,0.73107064,-2.2381597,-16731116
33,3,34,39,"null","null","null",4,13.001764,0.4428624,-3.3444898,1.8611662,-2.7339265,-16731116
34,33,35,38,"null","null","null",3,13.001764,0.661925,-2.6608222,0.75469065,-3.6840591,-16731116
35,34,36,37,"null","null","null",2,13.001764,1.2662436,-2.076365,0.483974,-3.814066,-16731116
40,2,41,66,"null","null","null",16,34.116158,0.8210846,-3.572671,2.742261,-1.0522809,-16731116
41,40,42,59,"null","null","null",13,34.116158,0.54197484,-3.4274416,1.730665,-2.5434406,-16731116
42,41,43,58,"null","null","null",9,20.60731,0.68969655,-2.7686596,0.75469065,-3.4364274,-16731116
43,42,44,55,"null","null","null",8,20.60731,2.2793093,-2.2165534,0.483974,-3.4921446,-16731116
44,43,45,50,"null","null","null",6,20.60731,3.4068704,-0.8866478,0.64591265,-2.9070063,-16731116
45,44,46,49,"null","null","null",3,20.60731,3.7300863,-0.41857052,1.4251142,-2.2381597,-16731116
46,45,47,48,"null","null","null",2,20.60731,3.328405,-0.6167606,2.5945082,-1.4052775,-16731116
50,44,51,54,"null","null","null",3,20.60731,0.35782912,-2.7521262,0.9025978,-3.6251016,-16731116
51,50,52,53,"null","null","null",2,20.60731,1.0880251,-2.1365547,0.46288556,-3.8261662,-16731116
55,43,56,57,"null","null","null",2,20.60731,0.48358327,-3.756458,1.9383984,-1.6186465,-16731116
59,41,60,65,"null","null","null",4,13.001764,1.6917262,-2.9612668,3.1863725,-0.35959634,-12486656
60,59,61,64,"null","null","null",3,13.001764,0.5272789,-3.767137,2.4522848,-0.665,-12486656
61,60,62,63,"null","null","null",2,13.001764,0.5235972,-3.7564566,1.9383972,-1.6186507,-8572416
66,40,67,70,"null","null","null",3,10.303655,2.3408206,-0.85626006,3.8025498,-0.76705146,-11513776
67,66,68,69,"null","null","null",2,10.303655,1.6917262,-2.1268098,3.5885544,-0.57550156,-11513776
71,1,72,75,"null","null","null",3,10.303655,1.600189,-2.9140143,3.1200047,-0.3173806,-16731116
72,71,73,74,"null","null","null",2,10.303655,0.4135974,-3.5997574,2.374522,-0.66423035,-16731116
76,0,77,82,"null","null","null",6,16.804537,2.5455327,-1.5287752,3.4890308,-0.7370672,-16731116
77,76,78,81,"null","null","null",3,16.804537,1.600189,-2.9140143,3.1200047,-0.5905177,-16731116
78,77,79,80,"null","null","null",2,16.804537,0.4135974,-3.5997574,2.374522,-0.66423035,-16731116
82,76,83,86,"null","null","null",3,16.804537,3.7300868,-0.6717526,1.4251122,-2.2381606,-16731116
83,82,84,85,"null","null","null",2,16.804537,3.328406,-0.61676055,2.5945067,-1.4052784,-16731116
