index,parent,child1,child2,name1,name2,common,richness,lengthbr,hxmax,hxmin,hymax,hymin,color
0,-268339067,1,42,"null","null","null",22,21.658407,2.2575593,-2.0763655,0.4839738,-3.5808983,-16777216
1,0,2,37,"null","null","null",21,21.658407,3.3785963,-0.8866485,0.6459125,-3.0223866,-16777216
2,1,3,26,"null","null","null",18,21.658407,3.693331,-0.41857028,1.7316461,-2.388154,-16777216
3,2,4,17,"null","null","null",12,21.658407,3.2806237,-0.61676055,2.9930007,-1.2264566,-16777216
4,3,5,12,"null","null","null",7,21.658407,2.6202066,-1.4981501,3.4931793,-0.34808072,-16777216
5,4,6,11,"null","null","null",4,21.658407,1.6917262,-2.9612668,3.1863725,-0.57550156,-16777216
6,5,7,10,"null","null","null",3,21.658407,0.5272789,-3.767137,2.4522848,-0.665,-16777216
7,6,8,9,"null","null","null",2,21.658407,0.5235972,-3.7564566,1.9383972,-1.6186507,-16777216
12,4,13,16,"null","null","null",3,21.658407,3.7661467,-0.70525837,1.2371405,-2.2791748,-16777216
13,12,14,15,"null","null","null",2,21.658407,3.424866,-0.6042891,2.4441643,-1.5045784,-16777216
17,3,18,23,"null","null","null",5,21.658407,3.3591201,-1.0121963,0.31716195,-2.9699717,-16777216
18,17,19,22,"null","null","null",3,21.658407,3.7661467,-0.3955187,1.2371405,-2.2791748,-16777216
19,18,20,21,"null","null","null",2,21.658407,3.424866,-0.6042891,2.4441643,-1.5045784,-16777216
23,17,24,25,"null","null","null",2,21.658407,0.34453002,-2.8544066,0.9791679,-3.1268075,-16777216
26,2,27,36,"null","null","null",6,21.658407,2.1643882,-2.1365545,0.60018086,-3.6629987,-16777216
27,26,28,35,"null","null","null",5,21.658407,3.3591201,-1.1971774,0.63761365,-3.160203,-16777216
28,27,29,32,"null","null","null",4,21.658407,3.7661467,-0.3955187,1.2371405,-2.5264754,-16777216
29,28,30,31,"null","null","null",2,21.658407,3.424866,-0.6042891,2.4441643,-1.5045784,-16777216
32,28,33,34,"null","null","null",2,21.658407,0.90940213,-2.1905565,0.63667977,-3.8270524,-16777216
37,1,38,41,"null","null","null",3,21.658407,0.357829,-2.7521257,0.902598,-3.625102,-16777216
38,37,39,40,"null","null","null",2,21.658407,1.0880258,-2.1365545,0.46288565,-3.8261662,-16777216
