index,parent,child1,child2,name1,name2,common,richness,lengthbr,hxmax,hxmin,hymax,hymin,color
0,-268400603,1,104,"null","null","null",85,52.594036,3.6563056,-0.6366811,1.938429,-2.3023279,-16777216
1,0,2,87,"null","null","null",52,52.594036,3.1889102,-0.6278832,3.16487,-1.116679,-16777216
2,1,3,46,"null","null","null",43,32.030594,2.5291967,-1.5127478,3.61413,-0.37199068,-16777216
3,2,4,31,"null","null","null",22,32.030594,1.5333138,-2.8931787,3.2826338,-0.5905177,-16777216
4,3,5,22,"null","null","null",14,32.030594,0.39173108,-3.572671,2.58594,-1.0522809,-16777216
5,4,6,19,"null","null","null",9,32.030594,0.54197484,-3.4274416,1.9094126,-2.5434406,-16777216
6,5,7,16,"null","null","null",7,32.030594,0.72912955,-2.7686596,0.49050736,-3.4364274,-16777216
7,6,8,13,"null","null","null",5,32.030594,2.3305721,-2.2165534,0.483974,-3.4921446,-16777216
8,7,9,12,"null","null","null",3,32.030594,3.4735122,-1.0892006,0.64591265,-2.9070063,-16777216
9,8,10,11,"null","null","null",2,32.030594,3.8167205,-0.41857052,0.73107064,-2.2381597,-16777216
13,7,14,15,"null","null","null",2,32.030594,0.48358327,-3.756458,1.9383984,-1.6186465,-16777216
16,6,17,18,"null","null","null",2,32.030594,0.8449197,-3.5245035,2.3807096,-0.39556193,-16777216
19,5,20,21,"null","null","null",2,32.030594,1.6917262,-2.1268098,3.5885544,-0.35959634,-16777216
22,4,23,28,"null","null","null",5,32.030594,2.6331244,-1.3545806,3.4508271,-0.76705146,-16777216
23,22,24,27,"null","null","null",3,32.030594,1.6917262,-2.7746265,3.1313148,-0.57550156,-16777216
24,23,25,26,"null","null","null",2,32.030594,0.5272789,-3.524505,2.3807096,-0.665,-16777216
28,22,29,30,"null","null","null",2,32.030594,3.7952118,-0.70525837,0.5537423,-2.2791748,-16777216
31,3,32,45,"null","null","null",8,32.030594,3.2905605,-0.28912896,2.9930007,-1.4052784,-16777216
32,31,33,42,"null","null","null",7,32.030594,2.6331244,-1.3260055,3.4931793,-0.34808072,-16777216
33,32,34,41,"null","null","null",5,32.030594,1.6917262,-2.7374787,3.1863725,-0.57550156,-16777216
34,33,35,40,"null","null","null",4,32.030594,0.5272789,-3.4762127,2.4522848,-0.8165185,-16777216
35,34,36,39,"null","null","null",3,32.030594,0.5235972,-3.3782551,1.9383972,-2.311047,-16777216
36,35,37,38,"null","null","null",2,32.030594,0.6580925,-2.7162058,0.86751616,-3.2399864,-16777216
42,32,43,44,"null","null","null",2,32.030594,3.7952118,-0.70525837,0.5537423,-2.2791748,-16777216
46,2,47,68,"null","null","null",21,32.030594,3.693331,-0.6717526,1.7316461,-2.388154,-16777216
47,46,48,61,"null","null","null",11,32.030594,3.2806237,-0.61676055,2.9930007,-1.2264566,-16777216
48,47,49,56,"null","null","null",7,32.030594,2.6202066,-1.4981501,3.4931793,-0.34808072,-16777216
49,48,50,55,"null","null","null",4,32.030594,1.6917262,-2.9612668,3.1863725,-0.57550156,-16777216
50,49,51,54,"null","null","null",3,32.030594,0.5272789,-3.767137,2.4522848,-0.665,-16777216
51,50,52,53,"null","null","null",2,32.030594,0.5235972,-3.7564566,1.9383972,-1.6186507,-16777216
56,48,57,60,"null","null","null",3,32.030594,3.7661467,-0.70525837,1.2371405,-2.2791748,-16777216
57,56,58,59,"null","null","null",2,32.030594,3.424866,-0.6042891,2.4441643,-1.5045784,-16777216
61,47,62,67,"null","null","null",4,32.030594,3.3591201,-1.1971774,0.31716195,-2.9699717,-16777216
62,61,63,66,"null","null","null",3,32.030594,3.7661467,-0.3955187,1.2371405,-2.2791748,-16777216
63,62,64,65,"null","null","null",2,32.030594,3.424866,-0.6042891,2.4441643,-1.5045784,-16777216
68,46,69,84,"null","null","null",10,32.030594,2.0156589,-2.3054044,0.60018086,-3.6629987,-16777216
69,68,70,83,"null","null","null",8,32.030594,3.165772,-1.1971774,0.63761365,-3.160203,-16777216
70,69,71,80,"null","null","null",7,32.030594,3.5147939,-0.3955187,1.7809322,-2.5264754,-16777216
71,70,72,77,"null","null","null",5,32.030594,3.0981073,-0.6042891,3.1510932,-1.4209398,-16777216
72,71,73,76,"null","null","null",3,32.030594,2.3612077,-0.66486126,3.8027484,-0.32388234,-16777216
73,72,74,75,"null","null","null",2,32.030594,1.7788322,-1.961056,3.6551337,-0.55929947,-16777216
77,71,78,79,"null","null","null",2,32.030594,2.7385008,-1.3026739,0.30320135,-3.222693,-16777216
80,70,81,82,"null","null","null",2,32.030594,0.90940213,-2.1905565,0.63667977,-3.8270524,-16777216
84,68,85,86,"null","null","null",2,32.030594,0.5234808,-3.7907987,2.0102253,-1.4433522,-16777216
87,1,88,97,"null","null","null",9,18.711689,3.2514293,-0.92879295,0.33095616,-2.9070072,-16777216
88,87,89,96,"null","null","null",5,18.711689,3.528014,-0.41857028,1.9147055,-2.2381606,-16777216
89,88,90,95,"null","null","null",4,18.711689,3.0657115,-0.61676055,3.230978,-1.4052784,-16777216
90,89,91,94,"null","null","null",3,18.711689,2.3408206,-0.85626006,3.8025498,-0.34808072,-16777216
91,90,92,93,"null","null","null",2,18.711689,1.6917262,-2.1268098,3.5885544,-0.57550156,-16777216
97,87,98,101,"null","null","null",4,18.711689,0.357829,-2.7521257,0.902598,-3.625102,-16777216
98,97,99,100,"null","null","null",2,18.711689,1.0880258,-2.1365545,0.46288565,-3.8261662,-16777216
101,97,102,103,"null","null","null",2,18.711689,0.8665054,-3.4392266,2.4198818,-0.38339558,-16777216
104,0,105,148,"null","null","null",33,52.594036,2.1597385,-2.0677283,0.5623986,-3.6238089,-16777216
105,104,106,129,"null","null","null",22,52.594036,3.2514293,-0.944375,0.6459125,-3.0781703,-16777216
106,105,107,126,"null","null","null",12,21.161606,3.528014,-0.41857028,1.7316461,-2.4606729,-16777216
107,106,108,119,"null","null","null",10,21.161606,3.0657115,-0.61676055,2.9930007,-1.2264566,-16777216
108,107,109,118,"null","null","null",6,21.161606,2.3408206,-1.4981501,3.4931793,-0.34808072,-16777216
109,108,110,115,"null","null","null",5,21.161606,1.674933,-2.9612668,3.1863725,-0.57550156,-16777216
110,109,111,114,"null","null","null",3,21.161606,0.5272789,-3.767137,2.4522848,-0.665,-16777216
111,110,112,113,"null","null","null",2,21.161606,0.5235972,-3.7564566,1.9383972,-1.6186507,-16777216
115,109,116,117,"null","null","null",2,21.161606,3.424866,-0.2750013,2.4441643,-1.5045784,-16777216
119,107,120,123,"null","null","null",4,21.161606,3.381478,-1.0121963,0.31716195,-2.9699717,-16777216
120,119,121,122,"null","null","null",2,21.161606,3.7952118,-0.3955187,0.6459114,-2.2791748,-16777216
123,119,124,125,"null","null","null",2,21.161606,0.34453002,-2.8544066,0.9791679,-3.1268075,-16777216
126,106,127,128,"null","null","null",2,21.161606,1.0880258,-2.1365545,0.60018086,-3.8261662,-16777216
129,105,130,143,"null","null","null",10,19.608946,0.5562916,-2.8820105,0.902598,-3.3870254,-16777216
130,129,131,140,"null","null","null",7,19.608946,2.1643882,-2.3054044,0.46288565,-3.516667,-16777216
131,130,132,137,"null","null","null",5,19.608946,3.3591201,-1.0121963,0.63761365,-2.9699717,-16777216
132,131,133,136,"null","null","null",3,19.608946,3.7661467,-0.3955187,1.2371405,-2.2791748,-16777216
133,132,134,135,"null","null","null",2,19.608946,3.424866,-0.6042891,2.4441643,-1.5045784,-16777216
137,131,138,139,"null","null","null",2,19.608946,0.34453002,-2.8544066,0.9791679,-3.1268075,-16777216
140,130,141,142,"null","null","null",2,19.608946,0.5234808,-3.7907987,2.0102253,-1.4433522,-16777216
143,129,144,147,"null","null","null",3,19.608946,0.8665054,-3.7314668,2.5607433,-0.38339558,-16777216
144,143,145,146,"null","null","null",2,19.608946,0.50423795,-3.7907987,2.0102253,-1.4433522,-16777216
148,104,149,166,"null","null","null",11,20.420612,0.4835837,-3.4215999,2.0181665,-2.424152,-16777216
149,148,150,163,"null","null","null",9,20.420612,0.6580924,-2.7725542,0.5830974,-3.3870254,-16777216
150,149,151,158,"null","null","null",7,20.420612,2.1815865,-2.1631112,0.46288565,-3.516667,-16777216
151,150,152,155,"null","null","null",4,20.420612,3.381478,-1.0121963,0.63761365,-2.9699717,-16777216
152,151,153,154,"null","null","null",2,20.420612,3.7952118,-0.3955187,0.6459114,-2.2791748,-16777216
155,151,156,157,"null","null","null",2,20.420612,0.34453002,-2.8544066,0.9791679,-3.1268075,-16777216
158,150,159,162,"null","null","null",3,20.420612,0.5234808,-3.470639,2.0102253,-2.1434145,-16777216
159,158,160,161,"null","null","null",2,20.420612,0.652748,-2.8544066,0.9791679,-3.1268075,-16777216
163,149,164,165,"null","null","null",2,20.420612,0.8665054,-3.4392266,2.4198818,-0.38339558,-16777216
166,148,167,168,"null","null","null",2,20.420612,1.7788352,-1.9610496,3.655136,-0.40147927,-16777216
