index,parent,child1,child2,name1,name2,common,richness,lengthbr,hxmax,hxmin,hymax,hymin,color
0,-268361712,1,110,"null","null","null",81,68.600006,0.9535667,-2.7277648,0.42326772,-3.5299244,-12486656
1,0,2,101,"PYXICEPHALIDAE","null","null",55,56.300003,2.489214,-1.847542,0.52359605,-3.4480848,-16731116
2,1,3,84,"null","null","null",50,44.7,3.4716098,-0.763765,0.6580922,-2.8069854,-16731116
3,2,4,69,"null","null","null",41,42.492687,3.6266298,-0.4628849,2.0824406,-2.20787,-16731116
4,3,5,48,"null","null","null",33,40.090363,3.1129246,-0.6376133,3.2525918,-1.0032616,-16731116
5,4,6,27,"null","null","null",22,35.646694,2.4650123,-1.6061828,3.6276631,-0.3955179,-16731116
6,5,7,24,"null","null","null",11,27.261106,1.4209446,-2.9239225,3.2448392,-0.6042887,-16731116
7,6,8,17,"null","null","null",9,27.261106,0.32388148,-3.5074303,2.551958,-1.3502572,-16731116
8,7,9,14,"null","null","null",5,27.261106,0.5592989,-3.2712228,1.7948527,-2.8520734,-16731116
9,8,10,13,"null","null","null",3,27.261106,0.6642305,-2.5607443,0.6411284,-3.7314665,-16731116
10,9,11,12,"null","null","null",2,27.261106,1.4433506,-2.010226,0.5042378,-3.7907991,-16731116
14,8,15,16,"null","null","null",2,27.261106,1.600189,-2.2880564,3.5116978,-0.3173806,-12486656
17,7,18,23,"null","null","null",4,27.261106,2.3134408,-1.5287752,3.4890308,-0.7370672,-16731116
18,17,19,22,"null","null","null",3,27.261106,1.600189,-2.9140143,3.1200047,-0.5905177,-12486656
19,18,20,21,"null","null","null",2,27.261106,0.4135974,-3.5997574,2.374522,-0.66423035,-12486656
24,6,25,26,"null","null","null",2,27.261106,3.222697,-0.30320084,2.7384958,-1.3026779,-11184866
27,5,28,45,"null","null","null",11,28.250319,3.6887548,-0.6366811,1.8644058,-2.3868866,-16731116
28,27,29,40,"null","null","null",9,26.177547,3.2310944,-0.6278832,3.0686398,-1.116679,-16731116
29,28,30,37,"null","null","null",6,26.177547,2.5840364,-1.6418946,3.4890308,-0.37199068,-16731116
30,29,31,36,"null","null","null",4,26.177547,1.600189,-3.0610695,3.1200047,-0.5905177,-16731116
31,30,32,35,"null","null","null",3,26.177547,0.4135974,-3.790929,2.374522,-0.66423035,-16731116
32,31,33,34,"null","null","null",2,26.177547,0.54197484,-3.7111773,1.8611662,-1.7914411,-11513776
37,29,38,39,"null","null","null",2,26.177547,3.8167205,-0.6717526,0.73106873,-2.2381606,-16731116
40,28,41,44,"null","null","null",3,26.177547,3.4735112,-1.0892012,0.33095616,-2.9070072,-12486656
41,40,42,43,"null","null","null",2,26.177547,3.8167205,-0.41857028,0.73106873,-2.2381606,-16731116
45,27,46,47,"null","null","null",2,7.880227,1.2662416,-2.0763655,0.5623986,-3.8140664,-12486656
48,4,49,60,"null","null","null",11,27.261106,3.4484427,-0.9169625,0.4220488,-2.834297,-12486656
49,48,50,59,"null","null","null",6,27.261106,3.6887548,-0.44105524,2.0426912,-2.1905582,-16731116
50,49,51,58,"null","null","null",5,27.261106,3.2310944,-0.6278832,3.300411,-1.3026779,-12486656
51,50,52,55,"null","null","null",4,27.261106,2.5840364,-1.0472691,3.7903333,-0.37199068,-12486656
52,51,53,54,"null","null","null",2,27.261106,1.600189,-2.2880564,3.5116978,-0.5905177,-12486656
55,51,56,57,"null","null","null",2,27.261106,3.8167205,-0.6717526,0.73106873,-2.2381606,-16731116
60,48,61,68,"null","null","null",5,27.261106,0.45200443,-2.7686605,0.8857572,-3.4827118,-12486656
61,60,62,65,"null","null","null",4,27.261106,1.9703102,-2.2165542,0.4839738,-3.5523152,-12486656
62,61,63,64,"null","null","null",2,27.261106,3.0051725,-1.0892012,0.6459125,-2.9852285,-16731116
65,61,66,67,"null","null","null",2,27.261106,0.4835837,-3.7564578,1.938399,-1.6186463,-8572416
69,3,70,83,"null","null","null",8,23.640682,2.2960806,-2.010228,0.5234822,-3.5713403,-12486656
70,69,71,80,"null","null","null",7,22.122595,3.3252769,-0.72746617,0.65274775,-2.9853187,-16731116
71,70,72,77,"null","null","null",5,18.297321,3.528639,-0.44105524,2.026287,-2.3868866,-16731116
72,71,73,76,"null","null","null",3,12.489864,3.022944,-0.6278832,3.2790856,-1.3026779,-12486656
73,72,74,75,"null","null","null",2,12.489864,2.3134408,-0.65274704,3.7626104,-0.37199068,-12486656
77,71,78,79,"null","null","null",2,7.880227,1.2662416,-2.0763655,0.5623986,-3.8140664,-16731116
80,70,81,82,"null","null","null",2,7.880227,0.3708011,-2.5711792,0.8857572,-3.3442597,-16731116
84,2,85,94,"null","null","null",9,24.979729,0.8876256,-2.8263776,0.8665061,-3.4732883,-16731116
85,84,86,91,"null","null","null",5,24.979729,2.4726562,-2.120683,0.50423723,-3.4551697,-16731116
86,85,87,90,"null","null","null",3,24.979729,3.554825,-0.9791716,0.65274775,-2.834297,-16731116
87,86,88,89,"null","null","null",2,24.979729,3.8270519,-0.44105524,0.9093958,-2.1905582,-16731116
91,85,92,93,"null","null","null",2,24.979729,0.44286343,-3.7111778,1.8611681,-1.791438,-16731116
94,84,95,98,"null","null","null",4,24.979729,0.8210852,-3.7909281,2.705149,-0.47381568,-16731116
95,94,96,97,"null","null","null",2,24.979729,0.5419744,-3.7111778,1.8611681,-1.791438,-16731116
98,94,99,100,"null","null","null",2,24.979729,2.3408213,-0.42902368,3.7190447,-0.76705223,-16731116
101,1,102,107,"null","null","null",5,22.510172,0.40148073,-3.271225,1.7948564,-2.8520703,-16731116
102,101,103,106,"null","null","null",3,15.365582,0.66423047,-2.560747,0.64113134,-3.7314653,-16731116
103,102,104,105,"null","null","null",2,15.365582,1.443346,-2.010228,0.50423723,-3.7907999,-16731116
107,101,108,109,"null","null","null",2,9.694603,1.6001921,-2.2880507,3.511701,-0.31738168,-16731116
110,0,111,150,"null","null","null",26,66.100006,0.79509544,-3.6646087,2.551959,-1.1974858,-11184866
111,110,112,131,"null","null","null",20,62.300003,0.55929846,-3.4755561,1.7464929,-2.6534727,-11184866
112,111,113,126,"null","null","null",10,47.88513,0.8217374,-2.8263776,0.41481847,-3.4732883,-12486656
113,112,114,123,"null","null","null",7,40.467632,2.3870018,-2.120683,0.50423723,-3.4551697,-12486656
114,113,115,120,"null","null","null",5,33.470272,3.443474,-0.72746617,0.65274775,-2.834297,-12486656
115,114,116,119,"null","null","null",3,22.847015,3.6822953,-0.44105524,1.6104487,-2.1905582,-16731116
116,115,117,118,"null","null","null",2,14.414863,3.222697,-0.6278832,2.7384958,-1.3026779,-16731116
120,114,121,122,"null","null","null",2,14.414863,0.3708011,-2.5711792,0.8857572,-3.3442597,-12486656
123,113,124,125,"null","null","null",2,14.414863,0.44286343,-3.7111778,1.8611681,-1.791438,-11184866
126,112,127,130,"null","null","null",3,22.847017,0.8210852,-3.7909281,2.3745217,-0.47381568,-8572416
127,126,128,129,"null","null","null",2,22.847017,0.5419744,-3.7111778,1.8611681,-1.791438,-8572416
131,111,132,147,"RANIXALIDAE","null","null",10,25.4,1.5501386,-2.8440912,3.402883,-0.31738168,-11184866
132,131,133,142,"null","null","null",8,25.4,0.29948938,-3.5088606,2.7422633,-1.0796632,-11184866
133,132,134,141,"null","null","null",5,25.4,0.5419741,-3.3444915,1.8611695,-2.5790408,-11184866
134,133,135,140,"null","null","null",4,25.4,0.6619249,-2.6608248,0.7546936,-3.4827118,-11184866
135,134,136,139,"null","null","null",3,25.4,1.9703076,-2.0763667,0.4839735,-3.5523167,-12486656
136,135,137,138,"null","null","null",2,25.4,3.0051708,-1.0892029,0.6459124,-2.9852307,-11184866
142,132,143,146,"null","null","null",3,25.4,2.3408215,-0.85625,3.8025503,-0.76705265,-8572416
143,142,144,145,"null","null","null",2,25.4,1.6917312,-2.1268008,3.5885582,-0.5755008,-8572416
147,131,148,149,"null","null","null",2,25.4,3.3284106,-0.28912848,2.5945,-1.4052829,-12486656
150,110,151,156,"null","null","null",6,36.35107,2.545536,-1.5287685,3.4890294,-0.73706806,-12486656
151,150,152,155,"null","null","null",3,36.35107,1.600193,-2.9140086,3.1200051,-0.59051716,-12486656
152,151,153,154,"null","null","null",2,36.35107,0.4136024,-3.5997543,2.374522,-0.66423035,-12486656
156,150,157,160,"null","null","null",3,36.35107,3.7300897,-0.67175376,1.4251032,-2.238162,-11184866
157,156,158,159,"null","null","null",2,36.35107,3.328412,-0.61676,2.5944989,-1.4052835,-8572416
