index,parent,child1,child2,name1,name2,common,richness,lengthbr,hxmax,hxmin,hymax,hymin,color
0,-268345308,1,40,"null","null","null",28,18.851517,1.5333138,-2.9319177,3.2826338,-0.3173806,-12486656
1,0,2,29,"null","null","null",20,18.851517,0.39173108,-3.6230316,2.58594,-1.0522809,-12486656
2,1,3,22,"null","null","null",14,12.102107,0.54197484,-3.4929106,1.730665,-2.5434406,-16731116
3,2,4,17,"null","null","null",10,12.102107,0.68969655,-2.8537693,0.5223193,-3.4364274,-16731116
4,3,5,14,"null","null","null",7,12.102107,2.2793093,-2.2165534,0.483974,-3.4921446,-16731116
5,4,6,11,"null","null","null",5,12.102107,3.4068704,-0.8706852,0.64591265,-2.9070063,-16731116
6,5,7,10,"null","null","null",3,12.102107,3.7300863,-0.41857052,1.4251142,-2.2381597,-12486656
7,6,8,9,"null","null","null",2,12.102107,3.328405,-0.6167606,2.5945082,-1.4052775,-12486656
11,5,12,13,"null","null","null",2,12.102107,0.35782912,-2.7162104,0.9025978,-3.239983,-16731116
14,4,15,16,"null","null","null",2,12.102107,0.48358327,-3.756458,1.9383984,-1.6186465,-16777216
17,3,18,21,"null","null","null",3,12.102107,0.8449197,-3.767137,2.4522865,-0.39556193,-16731116
18,17,19,20,"null","null","null",2,12.102107,0.5235969,-3.756458,1.9383984,-1.6186465,-16731116
22,2,23,28,"null","null","null",4,12.102107,1.6917262,-2.9612668,3.1863725,-0.35959634,-16731116
23,22,24,27,"null","null","null",3,12.102107,0.5272789,-3.767137,2.4522848,-0.665,-16731116
24,23,25,26,"null","null","null",2,12.102107,0.5235972,-3.7564566,1.9383972,-1.6186507,-16731116
29,1,30,37,"null","null","null",6,9.535838,2.6331244,-1.3545806,3.4508271,-0.76705146,-12486656
30,29,31,34,"null","null","null",4,9.535838,1.674933,-2.7746265,3.1313148,-0.57550156,-12486656
31,30,32,33,"null","null","null",2,9.535838,0.5272789,-3.524505,2.3807096,-0.665,-11184866
34,30,35,36,"null","null","null",2,9.535838,3.424866,-0.2750013,2.4441643,-1.5045784,-16731116
37,29,38,39,"null","null","null",2,9.535838,3.7952118,-0.70525837,0.5537423,-2.2791748,-11184866
40,0,41,48,"null","null","null",8,18.851517,3.2905605,-0.28912896,3.230978,-1.2264566,-12486656
41,40,42,45,"null","null","null",4,6.3572254,2.6331244,-0.85626006,3.8025498,-0.34808072,-12486656
42,41,43,44,"null","null","null",2,6.3572254,1.6917262,-2.1268098,3.5885544,-0.57550156,-12486656
45,41,46,47,"null","null","null",2,6.3572254,3.7952118,-0.70525837,0.5537423,-2.2791748,-16731116
48,40,49,52,"null","null","null",4,6.3572254,3.381478,-1.0121963,0.31716195,-2.9699717,-12486656
49,48,50,51,"null","null","null",2,6.3572254,3.7952118,-0.3955187,0.6459114,-2.2791748,-11184866
52,48,53,54,"null","null","null",2,6.3572254,0.34453002,-2.8544066,0.9791679,-3.1268075,-12486656
