index,parent,child1,child2,name1,name2,common,richness,lengthbr,hxmax,hxmin,hymax,hymin,color
0,-268392287,1,38,"null","null","null",29,38.690956,2.3908224,-1.9945798,0.50423694,-3.4893122,-16777216
1,0,2,33,"null","null","null",19,38.690956,3.4484425,-0.7673098,0.6527477,-2.8786826,-16777216
2,1,3,20,"null","null","null",16,38.690956,3.6887555,-0.4410549,1.8644031,-2.2438118,-16777216
3,2,4,15,"null","null","null",9,38.690956,3.2310956,-0.6278831,3.0686378,-1.1166805,-16777216
4,3,5,12,"null","null","null",6,38.690956,2.5840373,-1.641892,3.48903,-0.37199032,-16777216
5,4,6,11,"null","null","null",4,38.690956,1.6001905,-3.0610676,3.1200047,-0.59051746,-16777216
6,5,7,10,"null","null","null",3,38.690956,0.41359925,-3.7909281,2.374522,-0.66423035,-16777216
7,6,8,9,"null","null","null",2,38.690956,0.54197454,-3.711177,1.8611674,-1.7914399,-16777216
12,4,13,14,"null","null","null",2,38.690956,3.8167205,-0.6717531,0.731066,-2.238161,-16777216
15,3,16,19,"null","null","null",3,38.690956,3.4735103,-1.0892029,0.33095595,-2.9070082,-16777216
16,15,17,18,"null","null","null",2,38.690956,3.8167205,-0.41856992,0.731066,-2.238161,-16777216
20,2,21,30,"null","null","null",7,38.690956,2.2793067,-2.2165554,0.56239915,-3.4921455,-16777216
21,20,22,27,"null","null","null",5,38.690956,3.4068694,-0.87068796,0.6459124,-2.9070082,-16777216
22,21,23,26,"null","null","null",3,38.690956,3.7300873,-0.41856992,1.4251093,-2.238161,-16777216
23,22,24,25,"null","null","null",2,38.690956,3.3284078,-0.6167604,2.5945044,-1.40528,-16777216
27,21,28,29,"null","null","null",2,38.690956,0.3578288,-2.7162118,0.90259826,-3.2399821,-16777216
30,20,31,32,"null","null","null",2,38.690956,0.48358428,-3.7564583,1.9384001,-1.6186436,-16777216
33,1,34,37,"null","null","null",3,38.690956,0.3708009,-2.6608248,0.88575745,-3.6840575,-16777216
34,33,35,36,"null","null","null",2,38.690956,1.2662389,-2.0763667,0.4839735,-3.8140662,-16777216
38,0,39,54,"null","null","null",10,38.690956,0.44286406,-3.427443,1.9094175,-2.6213443,-16777216
39,38,40,53,"null","null","null",8,38.690956,0.68969333,-2.768662,0.7546936,-3.5377066,-16777216
40,39,41,50,"null","null","null",7,38.690956,2.2793067,-2.2165554,0.4839735,-3.62381,-16777216
41,40,42,49,"null","null","null",5,38.690956,3.4068694,-1.0892029,0.6459124,-3.0781722,-16777216
42,41,43,46,"null","null","null",4,38.690956,3.7300873,-0.41856992,1.4251093,-2.4606743,-16777216
43,42,44,45,"null","null","null",2,38.690956,3.3284078,-0.6167604,2.5945044,-1.40528,-16777216
46,42,47,48,"null","null","null",2,38.690956,1.0880233,-2.1365554,0.6001814,-3.8261666,-16777216
50,40,51,52,"null","null","null",2,38.690956,0.48358428,-3.7564583,1.9384001,-1.6186436,-16777216
54,38,55,56,"null","null","null",2,38.690956,1.6917305,-2.1268015,3.5885582,-0.35959804,-16777216
