index,parent,child1,child2,name1,name2,common,richness,lengthbr,hxmax,hxmin,hymax,hymin,color
0,-268432259,1,66,"null","null","null",47,17.312292,0.40148032,-3.3963404,1.7338032,-2.7222135,-12486656
1,0,2,53,"null","null","null",33,17.312292,0.7901181,-2.7233968,0.41481906,-3.5626502,-11184866
2,1,3,34,"null","null","null",26,17.312292,2.345897,-1.9868083,0.5042372,-3.5713406,-12486656
3,2,4,31,"null","null","null",16,17.312292,3.3900387,-0.72746766,0.65274775,-2.9853194,-11184866
4,3,5,28,"null","null","null",14,17.312292,3.61283,-0.44105512,1.8644047,-2.386887,-11184866
5,4,6,25,"null","null","null",12,17.312292,3.132392,-0.6278832,3.0686388,-1.1514455,-11184866
6,5,7,18,"null","null","null",10,17.312292,2.4557228,-1.4436026,3.48903,-0.37199056,-11184866
7,6,8,15,"null","null","null",6,17.312292,1.5501353,-2.8032904,3.1200042,-0.59051764,-8572416
8,7,9,14,"null","null","null",4,17.312292,0.4135989,-3.4558165,2.3745215,-0.9977443,-8572416
9,8,10,13,"null","null","null",3,17.312292,0.5419747,-3.2755313,1.8611665,-2.4725435,-8572416
10,9,11,12,"null","null","null",2,17.312292,0.66192496,-2.571176,0.7546901,-3.3442616,-8572416
15,7,16,17,"null","null","null",2,17.312292,3.3284082,-0.2891289,2.5945039,-1.4052806,-11513776
18,6,19,24,"null","null","null",4,17.312292,3.5280137,-0.67175275,1.8652921,-2.238161,-11184866
19,18,20,23,"null","null","null",3,17.312292,3.065712,-0.6167603,3.1667423,-1.4052806,-3014646
20,19,21,22,"null","null","null",2,17.312292,2.3408208,-0.6580918,3.7190452,-0.34808022,-3014646
25,5,26,27,"null","null","null",2,17.312292,3.0051699,-1.0892038,0.3309561,-2.9852314,-8572416
28,4,29,30,"null","null","null",2,17.312292,1.2662381,-2.076367,0.5623988,-3.8140666,-11184866
31,3,32,33,"null","null","null",2,17.312292,0.37080103,-2.571182,0.8857573,-3.3442578,-11513776
34,2,35,50,"null","null","null",10,17.312292,0.44286364,-3.4099588,1.9094158,-2.5434372,-12486656
35,34,36,47,"null","null","null",8,17.312292,0.6619249,-2.745932,0.49050963,-3.4364262,-12486656
36,35,37,46,"null","null","null",6,17.312292,2.1597354,-2.076367,0.48397338,-3.4921455,-12486656
37,36,38,45,"null","null","null",5,17.312292,3.2514277,-1.0892038,0.6459124,-2.9070082,-16731116
38,37,39,44,"null","null","null",4,17.312292,3.5280137,-0.4185698,1.8652921,-2.238161,-16731116
39,38,40,43,"null","null","null",3,17.312292,3.065712,-0.6167603,3.1667423,-1.4052806,-12486656
40,39,41,42,"null","null","null",2,17.312292,2.3408208,-0.6580918,3.7190452,-0.34808022,-11513776
47,35,48,49,"null","null","null",2,17.312292,0.8449204,-3.5245008,2.3807096,-0.39556158,-11184866
50,34,51,52,"null","null","null",2,17.312292,1.691729,-2.1268048,3.5885563,-0.35959762,-16731116
53,1,54,65,"null","null","null",7,17.312292,0.82108533,-3.5592208,2.3745222,-1.0796645,-11184866
54,53,55,64,"null","null","null",6,17.312292,0.5419743,-3.4099588,1.8611686,-2.5790417,-11184866
55,54,56,61,"null","null","null",5,17.312292,0.6619249,-2.745932,0.49050963,-3.482712,-11184866
56,55,57,60,"null","null","null",3,17.312292,1.9703064,-2.076367,0.48397338,-3.5523171,-12486656
57,56,58,59,"null","null","null",2,17.312292,3.0051699,-1.0892038,0.6459124,-2.9852314,-12486656
61,55,62,63,"null","null","null",2,17.312292,0.8449204,-3.5245008,2.3807096,-0.39556158,-8572416
66,0,67,80,"null","null","null",14,17.312292,1.4333824,-2.8440928,3.3743331,-0.31738126,-12486656
67,66,68,77,"null","null","null",7,17.312292,0.29948983,-3.5088608,2.7051487,-1.1988066,-12486656
68,67,69,74,"null","null","null",5,17.312292,0.54197454,-3.3444896,1.9094138,-2.7339253,-11184866
69,68,70,73,"null","null","null",3,17.312292,0.66192496,-2.6608222,0.75469065,-3.6840591,-3014646
70,69,71,72,"null","null","null",2,17.312292,1.2662436,-2.076365,0.483974,-3.814066,-3014646
74,68,75,76,"null","null","null",2,17.312292,1.6917278,-2.1268075,3.5885549,-0.35959697,-16731116
77,67,78,79,"null","null","null",2,17.312292,2.340821,-0.4290238,3.7190456,-0.76705194,-16731116
80,66,81,92,"null","null","null",7,17.312292,3.0657122,-0.28912875,3.1184037,-1.40528,-16731116
81,80,82,91,"null","null","null",6,17.312292,2.340821,-1.4981482,3.6562047,-0.34808034,-12486656
82,81,83,90,"null","null","null",5,17.312292,1.6917278,-2.9612656,3.3983068,-0.5755013,-12486656
83,82,84,87,"null","null","null",4,17.312292,0.3384863,-3.767137,2.7277992,-0.665,-11184866
84,83,85,86,"null","null","null",2,17.312292,0.5235969,-3.756458,1.9383984,-1.6186465,-11184866
87,83,88,89,"null","null","null",2,17.312292,2.361208,-0.4184213,3.6646907,-0.79509425,-11513776
