index,parent,child1,child2,name1,name2,common,richness,lengthbr,hxmax,hxmin,hymax,hymin,color
0,-268361558,1,44,"null","null","null",31,70.0,0.75179005,-2.7010164,0.86650693,-3.4975274,-16731116
1,0,2,31,"BREVICIPITIDAE","null","null",22,49.899998,2.2960732,-1.9945853,0.50423634,-3.4866846,-16731116
2,1,3,20,"null","null","null",15,43.717194,3.325273,-0.85306734,0.65274745,-2.8752675,-16731116
3,2,4,13,"null","null","null",9,43.717194,3.52864,-0.44105384,2.0426826,-2.2438169,-16731116
4,3,5,10,"null","null","null",5,43.717194,3.0229478,-0.6278825,3.3004067,-1.1514555,-16731116
5,4,6,9,"null","null","null",3,43.717194,2.3134432,-1.0472512,3.7903357,-0.3719888,-16731116
6,5,7,8,"null","null","null",2,43.717194,1.6001978,-2.2880409,3.5117064,-0.59051645,-16731116
10,4,11,12,"null","null","null",2,43.717194,3.0051613,-1.0892109,0.3309551,-2.9852405,-16731116
13,3,14,19,"null","null","null",4,43.717194,2.3305588,-2.0763707,0.56240135,-3.492148,-16731116
14,13,15,18,"null","null","null",3,43.717194,3.4735038,-1.0892109,0.645912,-2.9070132,-16731116
15,14,16,17,"null","null","null",2,43.717194,3.816719,-0.4185683,0.7310512,-2.2381644,-12486656
20,2,21,26,"null","null","null",6,43.717194,0.45198965,-2.8537707,0.8857584,-3.4827127,-16731116
21,20,22,25,"null","null","null",3,43.717194,1.9702954,-2.0763707,0.4839723,-3.5523229,-16731116
22,21,23,24,"null","null","null",2,43.717194,3.0051613,-1.0892109,0.645912,-2.9852405,-16731116
26,20,27,30,"null","null","null",3,43.717194,0.8449216,-3.7671342,2.4522967,-0.39556095,-16731116
27,26,28,29,"null","null","null",2,43.717194,0.5235952,-3.7564611,1.9384053,-1.6186315,-12486656
31,1,32,43,"null","null","null",7,31.413649,0.44286576,-3.4274483,1.8611733,-2.5790377,-12486656
32,31,33,40,"null","null","null",6,31.400002,0.6619247,-2.7686687,0.4905131,-3.4827127,-11184866
33,32,34,37,"null","null","null",4,22.379534,1.9702967,-2.2165608,0.48397243,-3.5523221,-11184866
34,33,35,36,"null","null","null",2,22.379534,3.0051622,-1.08921,0.64591205,-2.9852395,-11184866
37,33,38,39,"null","null","null",2,22.379534,0.48358655,-3.7564611,1.938405,-1.6186321,-11184866
40,32,41,42,"null","null","null",2,31.4,0.84492135,-3.5244968,2.3807096,-0.395561,-12486656
44,0,45,56,"","null","Shovelnose Frogs",9,44.789253,0.8210864,-3.5088613,2.7422652,-1.0796586,-16731116
45,44,46,53,"null","null","null",6,44.789253,0.5419734,-3.344495,1.9094222,-2.579038,-16731116
46,45,47,52,"null","null","null",4,44.789253,0.6619247,-2.6608295,0.75469923,-3.4827127,-16731116
47,46,48,51,"null","null","null",3,44.789253,1.9702967,-2.07637,0.4839725,-3.5523221,-16731116
48,47,49,50,"null","null","null",2,44.789253,3.0051622,-1.08921,0.64591205,-2.9852395,-16731116
53,45,54,55,"null","null","null",2,44.789253,1.6917346,-2.1267946,3.5885608,-0.35959992,-12486656
56,44,57,60,"null","null","null",3,44.789253,2.3408227,-0.8562427,3.8025506,-0.76705384,-16731116
57,56,58,59,"null","null","null",2,44.789253,1.6917347,-2.1267946,3.5885608,-0.57550013,-16731116
