index,parent,child1,child2,name1,name2,common,richness,lengthbr,hxmax,hxmin,hymax,hymin,color
0,-268392289,1,54,"null","null","null",45,38.690956,2.4998214,-1.5127403,3.614129,-0.73706853,-16777216
1,0,2,31,"null","null","null",27,38.690956,1.5289043,-2.8931735,3.2826355,-0.590517,-16777216
2,1,3,24,"null","null","null",15,38.690956,0.2994888,-3.57267,2.5859413,-1.052273,-16777216
3,2,4,19,"null","null","null",11,38.690956,0.5419738,-3.4274445,1.7061995,-2.5434349,-16777216
4,3,5,18,"null","null","null",8,38.690956,0.66192484,-2.768664,0.7546954,-3.4364257,-16777216
5,4,6,15,"null","null","null",7,38.690956,2.1597342,-2.2165565,0.48397315,-3.492146,-16777216
6,5,7,14,"null","null","null",5,38.690956,3.251427,-1.0892045,0.64591235,-2.9070091,-16777216
7,6,8,13,"null","null","null",4,38.690956,3.5280137,-0.41856956,1.8652903,-2.2381618,-16777216
8,7,9,12,"null","null","null",3,38.690956,3.0657125,-0.6167602,3.1667411,-1.4052815,-16777216
9,8,10,11,"null","null","null",2,38.690956,2.3408213,-0.6580918,3.719045,-0.34807998,-16777216
15,5,16,17,"null","null","null",2,38.690956,0.48358494,-3.7564588,1.9384013,-1.618641,-16777216
19,3,20,23,"null","null","null",3,38.690956,1.691732,-2.774617,3.131315,-0.3595987,-16777216
20,19,21,22,"null","null","null",2,38.690956,0.5272873,-3.524499,2.3807096,-0.665,-16777216
24,2,25,30,"null","null","null",4,38.690956,2.3408217,-1.3545686,3.4508243,-0.7670531,-16777216
25,24,26,29,"null","null","null",3,38.690956,1.6917326,-2.7746162,3.131315,-0.57550055,-16777216
26,25,27,28,"null","null","null",2,38.690956,0.5272873,-3.524499,2.3807096,-0.665,-16777216
31,1,32,49,"null","null","null",12,38.690956,3.2806292,-0.28912815,2.9929976,-1.2264637,-16777216
32,31,33,42,"null","null","null",9,38.690956,2.620212,-1.4981389,3.4931817,-0.34807917,-16777216
33,32,34,39,"null","null","null",5,38.690956,1.6749431,-2.9612584,3.1863804,-0.5755004,-16777216
34,33,35,38,"null","null","null",3,38.690956,0.52728903,-3.7671347,2.4522943,-0.665,-16777216
35,34,36,37,"null","null","null",2,38.690956,0.5235956,-3.7564604,1.9384036,-1.6186355,-16777216
39,33,40,41,"null","null","null",2,38.690956,3.4248743,-0.27500018,2.4441504,-1.5045869,-16777216
42,32,43,46,"null","null","null",4,38.690956,3.76615,-0.7052607,1.2371243,-2.5264807,-16777216
43,42,44,45,"null","null","null",2,38.690956,3.4248743,-0.6042881,2.4441504,-1.5045869,-16777216
46,42,47,48,"null","null","null",2,38.690956,0.90938586,-2.1905608,0.63668257,-3.8270524,-16777216
49,31,50,53,"null","null","null",3,38.690956,3.3814712,-1.1971853,0.31716108,-2.969976,-16777216
50,49,51,52,"null","null","null",2,38.690956,3.79521,-0.39551705,0.64591193,-2.2791777,-16777216
54,0,55,88,"null","null","null",18,38.690956,3.6272302,-0.67175424,1.7531238,-2.2381628,-16777216
55,54,56,83,"null","null","null",17,38.690956,3.194695,-0.6167599,3.020927,-1.2264637,-16777216
56,55,57,70,"null","null","null",14,38.690956,2.5084975,-1.3385706,3.52949,-0.34807917,-16777216
57,56,58,69,"null","null","null",7,38.690956,1.6917332,-2.7538197,3.233581,-0.5755004,-16777216
58,57,59,68,"null","null","null",6,38.690956,0.52728903,-3.4974644,2.5136554,-1.0443852,-16777216
59,58,60,65,"null","null","null",5,38.690956,0.5235956,-3.405889,2.018173,-2.60728,-16777216
60,59,61,64,"null","null","null",3,38.690956,0.6580921,-2.7521312,0.8675258,-3.625098,-16777216
61,60,62,63,"null","null","null",2,38.690956,1.0880151,-2.136558,0.46288437,-3.8261666,-16777216
65,59,66,67,"null","null","null",2,38.690956,1.7788403,-1.9610395,3.6551402,-0.4014818,-16777216
70,56,71,80,"null","null","null",7,38.690956,3.5147924,-0.7052607,1.7809211,-2.5264807,-16777216
71,70,72,77,"null","null","null",5,38.690956,3.0981097,-0.6042881,3.151086,-1.4209518,-16777216
72,71,73,76,"null","null","null",3,38.690956,2.361209,-0.6648422,3.8027482,-0.32388026,-16777216
73,72,74,75,"null","null","null",2,38.690956,1.7788409,-1.9610388,3.6551402,-0.5592979,-16777216
77,71,78,79,"null","null","null",2,38.690956,2.738487,-1.302684,0.30320016,-3.222704,-16777216
80,70,81,82,"null","null","null",2,38.690956,0.90938586,-2.1905608,0.63668257,-3.8270524,-16777216
83,55,84,87,"null","null","null",3,38.690956,3.3814712,-1.1971853,0.31716108,-2.969976,-16777216
84,83,85,86,"null","null","null",2,38.690956,3.79521,-0.39551705,0.64591193,-2.2791777,-16777216
