index,parent,child1,child2,name1,name2,common,richness,lengthbr,hxmax,hxmin,hymax,hymin,color
0,-268329979,1,66,"null","null","null",58,39.77452,0.5592989,-3.3791223,1.6930466,-2.6721203,-16731116
1,0,2,55,"null","null","null",33,34.250427,0.75180197,-2.7010136,0.56176186,-3.4975276,-12486656
2,1,3,34,"null","null","null",27,34.250427,2.296084,-1.9945761,0.5042378,-3.4866786,-12486656
3,2,4,23,"null","null","null",16,27.159199,3.3252785,-0.76730543,0.6527479,-2.875258,-16731116
4,3,5,16,"null","null","null",10,27.159199,3.5286388,-0.4410558,2.042694,-2.2438087,-12486656
5,4,6,11,"null","null","null",6,27.159199,3.0229423,-0.6278835,3.3004124,-1.1166763,-12486656
6,5,7,10,"null","null","null",3,27.159199,2.3134394,-1.0472739,3.7903328,-0.37199128,-12486656
7,6,8,9,"null","null","null",2,27.159199,1.6001867,-2.2880604,3.5116959,-0.59051806,-12486656
11,5,12,15,"null","null","null",3,27.159199,3.4735122,-1.0892006,0.33095652,-2.9070063,-11184866
12,11,13,14,"null","null","null",2,27.159199,3.8167205,-0.41857052,0.73107064,-2.2381597,-11184866
16,4,17,22,"null","null","null",4,27.159199,2.3305721,-2.076365,0.5623976,-3.4921446,-16731116
17,16,18,21,"null","null","null",3,27.159199,3.4735122,-1.0892006,0.64591265,-2.9070063,-12486656
18,17,19,20,"null","null","null",2,27.159199,3.8167205,-0.41857052,0.73107064,-2.2381597,-12486656
23,3,24,33,"null","null","null",6,27.159199,0.68969655,-2.6608222,0.88575673,-3.4364274,-16731116
24,23,25,32,"null","null","null",5,27.159199,2.2793093,-2.076365,0.483974,-3.4921446,-16731116
25,24,26,31,"null","null","null",4,27.159199,3.4068704,-1.0892006,0.64591265,-2.9070063,-16731116
26,25,27,30,"null","null","null",3,27.159199,3.7300863,-0.41857052,1.4251142,-2.2381597,-16731116
27,26,28,29,"null","null","null",2,27.159199,3.328405,-0.6167606,2.5945082,-1.4052775,-16731116
34,2,35,50,"null","null","null",11,34.250427,0.4428624,-3.4274416,1.7061949,-2.6213484,-12486656
35,34,36,49,"null","null","null",8,20.3694,0.68969655,-2.7686596,0.75469065,-3.5377076,-12486656
36,35,37,46,"null","null","null",7,20.3694,2.2793093,-2.2165534,0.483974,-3.6238089,-12486656
37,36,38,45,"null","null","null",5,20.3694,3.4068704,-1.0892006,0.64591265,-3.0781698,-12486656
38,37,39,42,"null","null","null",4,20.3694,3.7300863,-0.41857052,1.4251142,-2.4606724,-12486656
39,38,40,41,"null","null","null",2,20.3694,3.328405,-0.6167606,2.5945082,-1.4052775,-12486656
42,38,43,44,"null","null","null",2,20.3694,1.0880251,-2.1365547,0.6001805,-3.8261662,-12486656
46,36,47,48,"null","null","null",2,20.3694,0.48358327,-3.756458,1.9383984,-1.6186465,-16731116
50,34,51,54,"null","null","null",3,10.761578,1.6917262,-2.7746265,3.1313148,-0.35959634,-11184866
51,50,52,53,"null","null","null",2,10.761578,0.5272789,-3.524505,2.3807096,-0.665,-11184866
55,1,56,63,"null","null","null",6,34.250427,0.8210846,-3.5088618,2.7051485,-1.1988084,-12486656
56,55,57,62,"null","null","null",4,13.579599,0.54197484,-3.3444898,1.8611662,-2.7339265,-12486656
57,56,58,61,"null","null","null",3,13.579599,0.661925,-2.6608222,0.75469065,-3.6840591,-12486656
58,57,59,60,"null","null","null",2,13.579599,1.2662436,-2.076365,0.483974,-3.814066,-12486656
63,55,64,65,"null","null","null",2,6.7897997,2.3408206,-0.42902395,3.7190466,-0.76705146,-12486656
66,0,67,98,"null","null","null",25,31.530853,1.5333138,-2.882834,3.2826338,-0.3173806,-16731116
67,66,68,85,"null","null","null",16,31.530853,0.38598984,-3.5592227,2.58594,-1.0796683,-16731116
68,67,69,78,"null","null","null",9,21.523157,0.54197484,-3.409959,1.730665,-2.579044,-12486656
69,68,70,75,"null","null","null",5,21.523157,0.661925,-2.745932,0.49050736,-3.482712,-16731116
70,69,71,74,"null","null","null",3,21.523157,1.9703119,-2.076365,0.483974,-3.5523148,-16731116
71,70,72,73,"null","null","null",2,21.523157,3.0051737,-1.0892006,0.64591265,-2.9852276,-16731116
75,69,76,77,"null","null","null",2,21.523157,0.8449197,-3.5245035,2.3807096,-0.39556193,-16731116
78,68,79,84,"null","null","null",4,21.523157,1.6917262,-2.9612668,3.1863725,-0.35959634,-11184866
79,78,80,83,"null","null","null",3,21.523157,0.5272789,-3.767137,2.4522848,-0.665,-8572416
80,79,81,82,"null","null","null",2,21.523157,0.5235972,-3.7564566,1.9383972,-1.6186507,-8572416
85,67,86,93,"null","null","null",7,19.061378,2.6202066,-1.3545806,3.4508271,-0.76705146,-16731116
86,85,87,90,"null","null","null",4,19.061378,1.674933,-2.7746265,3.1313148,-0.57550156,-16731116
87,86,88,89,"null","null","null",2,19.061378,0.5272789,-3.524505,2.3807096,-0.665,-16731116
90,86,91,92,"null","null","null",2,19.061378,3.424866,-0.2750013,2.4441643,-1.5045784,-16731116
93,85,94,97,"null","null","null",3,19.061378,3.7661467,-0.70525837,1.2371405,-2.2791748,-16731116
94,93,95,96,"null","null","null",2,19.061378,3.424866,-0.6042891,2.4441643,-1.5045784,-16731116
98,66,99,108,"null","null","null",9,31.530853,3.2905605,-0.28912896,2.960422,-1.2264566,-16731116
99,98,100,105,"null","null","null",5,15.765427,2.6331244,-1.3545806,3.4508271,-0.34808072,-16731116
100,99,101,104,"null","null","null",3,15.765427,1.6917262,-2.7746265,3.1313148,-0.57550156,-16731116
101,100,102,103,"null","null","null",2,15.765427,0.5272789,-3.524505,2.3807096,-0.665,-16731116
105,99,106,107,"null","null","null",2,15.765427,3.7952118,-0.70525837,0.5537423,-2.2791748,-16731116
108,98,109,114,"null","null","null",4,31.530853,3.3591201,-1.1971774,0.31716195,-2.9699717,-16731116
109,108,110,113,"null","null","null",3,31.530853,3.7661467,-0.3955187,1.2371405,-2.2791748,-16731116
110,109,111,112,"null","null","null",2,6.7897997,3.424866,-0.6042891,2.4441643,-1.5045784,-16731116
