index,parent,child1,child2,name1,name2,common,richness,lengthbr,hxmax,hxmin,hymax,hymin,color
0,-266623990,1,124,"null","null","null",63,0.019270001,3.6085622,-0.34808195,1.3385882,-2.3408191,-16777216
1,0,2,115,"null","null","null",62,0.01913,3.3363671,-0.57550234,2.753832,-1.5297022,-16777216
2,1,3,86,"null","null","null",57,0.01899,2.6472778,-0.93441665,3.4974666,-0.33848113,-16777216
3,2,4,81,"null","null","null",42,0.01885,1.799371,-2.464311,3.4058812,-0.5235982,-16777216
4,3,5,80,"null","null","null",39,0.01871,0.8675109,-3.439224,2.752119,-0.65809274,-16777216
5,4,6,79,"null","null","null",38,0.01857,0.4628873,-3.584518,2.1365497,-2.0156703,-16777216
6,5,7,78,"null","null","null",37,0.01847,0.63761425,-3.058175,1.1971695,-3.165779,-16777216
7,6,8,65,"null","null","null",36,0.01836,1.592052,-2.3938422,0.3955205,-3.5147953,-16777216
8,7,9,64,"null","null","null",29,0.01825,2.905542,-1.5045712,0.6042901,-3.098105,-16777216
9,8,10,63,"null","null","null",28,0.01814,3.4835236,-0.3238842,1.1975052,-2.3612058,-16777216
10,9,11,62,"null","null","null",27,0.01804,3.2401361,-0.5593008,2.653487,-1.7788258,-16777216
11,10,12,61,"null","null","null",26,0.01794,2.5203311,-0.82469773,3.4732924,-0.6411163,-16777216
12,11,13,54,"null","null","null",25,0.01429,1.9576966,-2.390841,3.4551635,-0.50424,-16777216
13,12,14,51,"null","null","null",21,0.0104600005,0.7274473,-3.448451,2.8342862,-0.6527486,-16777216
14,13,15,50,"null","null","null",19,0.007520001,0.44105828,-3.6887524,2.190551,-1.8644266,-16777216
15,14,16,47,"null","null","null",18,0.007410001,0.6278846,-3.2310855,1.1514258,-3.0686536,-16777216
16,15,17,44,"null","null","null",16,0.007290001,1.4750085,-2.5840292,0.37199396,-3.4890347,-16777216
17,16,18,43,"null","null","null",14,0.007150001,2.8441055,-1.6001762,0.59051967,-3.1200018,-16777216
18,17,19,42,"null","null","null",13,0.0070000007,3.5088613,-0.41358262,1.1122293,-2.3745198,-16777216
19,18,20,41,"null","null","null",12,0.006890001,3.344479,-0.5419773,2.6213632,-1.8611552,-16777216
20,19,21,40,"null","null","null",11,0.006790001,2.6608074,-0.66192544,3.537712,-0.75467396,-16777216
21,20,22,39,"null","null","null",10,0.006650001,2.076355,-2.1597612,3.6238017,-0.48397717,-16777216
22,21,23,38,"null","null","null",9,0.0060800007,1.0891838,-3.2514422,3.0781562,-0.64591384,-16777216
23,22,24,35,"null","null","null",8,0.0059400005,0.41857398,-3.528015,2.4606616,-1.7316662,-16777216
24,23,25,34,"null","null","null",6,0.0058000004,0.6167625,-3.0657053,1.4052622,-2.9930112,-16777216
25,24,26,33,"null","null","null",5,0.0056600003,1.4981738,-2.3408163,0.34808463,-3.493176,-16777216
26,25,27,32,"null","null","null",4,0.0041300002,2.961284,-1.6917118,0.57550406,-3.1863577,-16777216
27,26,28,31,"null","null","null",3,3.0E-4,3.767142,-0.527261,0.665,-2.4522665,-16777216
28,27,29,30,"null","null","null",2,1.4E-4,3.7564502,-0.5236003,1.6186792,-1.9383851,-16777216
35,23,36,37,"null","null","null",2,0.00186,2.1365457,-1.0880524,3.8261652,-0.6001748,-16777216
44,16,45,46,"null","null","null",2,0.0029,0.67174786,-3.8167224,2.2381544,-0.7310905,-16777216
47,15,48,49,"null","null","null",2,8.9E-4,1.0891883,-3.005188,2.9852133,-0.33095804,-16777216
51,13,52,53,"null","null","null",2,1.6E-4,2.571161,-0.37080288,3.344272,-0.8857547,-16777216
54,12,55,60,"null","null","null",4,0.00323,3.344482,-0.4428578,2.7339392,-1.8611584,-16777216
55,54,56,59,"null","null","null",3,0.0019699999,2.6608114,-0.6619253,3.684065,-0.7546786,-16777216
56,55,57,58,"null","null","null",2,0.00186,2.0763578,-1.2662635,3.814064,-0.48397633,-16777216
65,7,66,77,"null","null","null",7,0.0,0.636677,-3.5286386,2.1905532,-1.8644202,-16777216
66,65,67,76,"null","null","null",6,0.0,0.62788427,-3.0229392,1.302668,-3.0686493,-16777216
67,66,68,75,"null","null","null",5,0.0,1.641908,-2.3134372,0.37199298,-3.4890332,-16777216
68,67,69,74,"null","null","null",4,0.0,3.0610783,-1.60018,0.5905191,-3.1200023,-16777216
69,68,70,73,"null","null","null",3,0.0,3.7909303,-0.4135872,0.6642301,-2.3745203,-16777216
70,69,71,72,"null","null","null",2,0.0,3.7111716,-0.5419766,1.791459,-1.8611584,-16777216
81,3,82,85,"null","null","null",3,6.6E-4,3.16286,-0.4014761,2.6272833,-1.7788293,-16777216
82,81,83,84,"null","null","null",2,5.5E-4,2.4198725,-0.66423064,3.4392319,-0.6411209,-16777216
86,2,87,114,"null","null","null",15,0.01707,3.4835243,-0.79509246,1.1974994,-2.3612065,-16777216
87,86,88,113,"null","null","null",14,0.01691,3.24014,-0.55930007,2.6534827,-1.7788293,-16777216
88,87,89,112,"null","null","null",13,0.01613,2.5203366,-0.75181305,3.4732912,-0.6411209,-16777216
89,88,90,103,"null","null","null",12,0.01317,1.957701,-2.2960935,3.4551654,-0.5042392,-16777216
90,89,91,102,"null","null","null",7,0.00942,0.97916144,-3.3252835,2.8342896,-0.65274835,-16777216
91,90,92,101,"null","null","null",6,0.00927,0.44105738,-3.5286386,2.1905532,-1.8644202,-16777216
92,91,93,100,"null","null","null",5,0.00913,0.62788427,-3.0229392,1.302668,-3.0686493,-16777216
93,92,94,99,"null","null","null",4,0.00898,1.5287918,-2.3134372,0.37199298,-3.4890332,-16777216
94,93,95,98,"null","null","null",3,0.0050600003,2.9140272,-1.60018,0.5905191,-3.1200023,-16777216
95,94,96,97,"null","null","null",2,0.00135,3.5997639,-0.4135872,0.6642301,-2.3745203,-16777216
103,89,104,109,"null","null","null",5,0.00111,3.3444848,-0.44285947,2.7339342,-1.9094067,-16777216
104,103,105,108,"null","null","null",3,0.00101,2.6608152,-0.6619252,3.684063,-0.75468326,-16777216
105,104,106,107,"null","null","null",2,8.9E-4,2.0763602,-1.2662561,3.8140647,-0.48397547,-16777216
109,103,110,111,"null","null","null",2,1.4E-4,2.1268163,-1.6917226,0.35959396,-3.5885513,-16777216
115,1,116,121,"null","null","null",5,0.0070399996,3.1510963,-1.4209358,0.27500203,-3.0981061,-16777216
116,115,117,120,"null","null","null",3,0.0069299997,3.8027484,-0.3238832,0.6648681,-2.3612065,-16777216
117,116,118,119,"null","null","null",2,0.0061,3.6551313,-0.55930007,1.9610621,-1.7788293,-16777216
121,115,122,123,"null","null","null",2,1.4E-4,0.30320185,-3.2226906,1.3026721,-2.7385035,-16777216
