index,parent,child1,child2,name1,name2,common,richness,lengthbr,hxmax,hxmin,hymax,hymin,color
0,-267061222,1,28,"'24","null","null",21,1.4E-4,3.2712107,-0.4014727,2.6534915,-1.6207534,-16777216
1,0,2,27,"null","null","null",14,0.0,2.560728,-0.75182545,3.4732938,-0.64111173,-16777216
2,1,3,26,"null","null","null",13,0.0,2.0102153,-2.2961042,3.4551618,-0.50424075,-16777216
3,2,4,25,"null","null","null",12,0.0,0.97915244,-3.3252888,2.8342829,-0.6527488,-16777216
4,3,5,24,"null","null","null",11,0.0,0.44105917,-3.528638,2.190549,-1.864433,-16777216
5,4,6,23,"null","null","null",10,0.0,0.6278851,-3.0229352,1.3026595,-3.0686579,-16777216
6,5,7,22,"null","null","null",9,0.0,1.4750142,-2.3134348,0.3719949,-3.489036,-16777216
7,6,8,21,"null","null","null",8,0.0,2.8441093,-1.6001725,0.59052026,-3.1200013,-16777216
8,7,9,20,"null","null","null",7,0.0,3.508862,-0.41357803,1.0523074,-2.3745196,-16777216
9,8,10,19,"null","null","null",6,0.0,3.3444767,-0.541978,2.5434616,-1.8611519,-16777216
10,9,11,18,"null","null","null",5,0.0,2.6608036,-0.7291604,3.4364357,-0.75466925,-16777216
11,10,12,17,"null","null","null",4,0.0,2.0763526,-2.3306005,3.4921384,-0.48397803,-16777216
12,11,13,16,"null","null","null",3,0.0,1.0891793,-3.473529,2.906993,-0.6459141,-16777216
13,12,14,15,"null","null","null",2,0.0,0.41857493,-3.8167238,2.238151,-0.731105,-16777216
28,0,29,36,"null","null","null",7,0.00186,2.803299,-1.4333674,0.31737414,-3.1200018,-16777216
29,28,30,35,"null","null","null",4,0.00171,3.4558127,-0.41358262,0.9977701,-2.3745198,-16777216
30,29,31,34,"null","null","null",3,9.3000004E-4,3.2755158,-0.5419773,2.4725661,-1.8611552,-16777216
31,30,32,33,"null","null","null",2,7.9E-4,2.571155,-0.66192544,3.344276,-0.75467396,-16777216
36,28,37,40,"null","null","null",3,0.0,0.2891309,-3.0657067,1.4052664,-3.166759,-16777216
37,36,38,39,"null","null","null",2,0.0,0.65809107,-2.3408172,0.34808367,-3.7190523,-16777216
