index,parent,child1,child2,name1,name2,common,richness,lengthbr,hxmax,hxmin,hymax,hymin,color
0,-266264575,1,155,"'100","null","null",261,0.09131,2.0824406,-2.2078705,0.6001816,-3.5845218,-16777216
1,0,2,136,"null","null","null",247,0.0872,3.2525916,-1.0703831,0.6376133,-3.0581841,-16777216
2,1,3,105,"null","null","null",237,0.07421,3.627663,-0.3955179,1.6611556,-2.3938498,-16777216
3,2,4,104,"null","null","null",221,0.06711,3.2448387,-0.6042887,2.995387,-1.5045819,-16777216
4,3,5,93,"null","null","null",220,0.059660003,2.5519576,-1.221195,3.600334,-0.32388148,-16777216
5,4,6,86,"null","null","null",214,0.057700004,1.6207669,-2.6842928,3.3919976,-0.5592989,-16777216
6,5,7,-266256384,"null","null","null",210,0.052060004,0.4148165,-3.5133517,2.7177515,-0.8246813,-16777216
7,6,8,-266257408,"'93","null","null",159,0.048850004,0.5042378,-3.5072498,1.9826975,-2.390827,-16777216
8,7,9,47,"'100","null","null",121,0.035570003,0.6527479,-2.902001,0.7673053,-3.4484446,-16777216
9,8,-266258432,10,"null","null","null",101,0.032950003,1.8644093,-2.2785747,0.44105583,-3.6887546,-16777216
10,9,11,44,"null","null","null",19,0.044049997,0.5623976,-3.5703683,2.2165532,-2.2620838,-16777216
11,10,12,43,"null","null","null",17,0.033409998,0.64591265,-3.008697,1.0892005,-3.3844771,-16777216
12,11,13,38,"null","null","null",16,0.02362,1.7316471,-2.370358,0.41857052,-3.700975,-16777216
13,12,14,31,"null","null","null",13,0.01608,2.9930012,-1.2264555,0.61676073,-3.2905602,-16777216
14,13,15,28,"null","null","null",9,0.0113200005,3.4931788,-0.34808096,1.3385828,-2.6331239,-16777216
15,14,16,25,"null","null","null",7,0.0015,3.1863713,-0.5755017,2.7538283,-1.6749322,-16777216
16,15,17,24,"null","null","null",5,0.00135,2.4522834,-1.0444007,3.4974658,-0.52727836,-16777216
17,16,18,23,"null","null","null",4,0.00119,1.9383963,-2.607293,3.4058833,-0.52359736,-16777216
18,17,19,22,"null","null","null",3,0.00105,0.86751556,-3.6251044,2.7521224,-0.65809256,-16777216
19,18,20,21,"null","null","null",2,9.1E-4,0.46288642,-3.8261662,2.136552,-1.0880324,-16777216
25,15,26,27,"null","null","null",2,0.01127,2.4441638,-1.5045791,0.27500144,-3.4248662,-16777216
28,14,29,30,"null","null","null",2,0.01109,0.5537415,-2.2791743,0.705258,-3.7952118,-16777216
31,13,32,37,"null","null","null",4,0.01144,0.3171621,-2.9699712,1.1971781,-3.35912,-16777216
32,31,33,36,"null","null","null",3,0.00672,1.2371399,-2.2791743,0.3955186,-3.7661467,-16777216
33,32,34,35,"null","null","null",2,0.0,2.4441638,-1.5045791,0.60428905,-3.4248662,-16777216
38,12,39,42,"null","null","null",3,0.0062100003,0.6001805,-3.6229591,2.1365542,-1.7924242,-16777216
39,38,40,41,"null","null","null",2,0.00417,0.6376136,-3.108152,1.1971781,-2.8755672,-16777216
44,10,45,46,"null","null","null",2,0.00433,1.9383993,-1.6186453,3.7564578,-0.48358327,-16777216
47,8,48,85,"null","null","null",20,0.02538,0.88575673,-3.4364274,2.660822,-0.59772,-16777216
48,47,49,84,"null","null","null",19,0.01666,0.483974,-3.4921446,2.0763648,-2.1597397,-16777216
49,48,50,83,"null","null","null",18,0.0135699995,0.64591265,-2.9070063,1.0892005,-3.25143,-16777216
50,49,51,82,"null","null","null",17,0.01277,1.7316471,-2.2381597,0.41857052,-3.5280137,-16777216
51,50,52,77,"null","null","null",16,0.01116,2.9930012,-1.2264555,0.61676073,-3.0657108,-16777216
52,51,53,76,"null","null","null",13,0.01028,3.4931788,-0.34808096,1.384059,-2.3408198,-16777216
53,52,54,75,"null","null","null",12,0.01013,3.1863713,-0.5755017,2.8129475,-1.6917254,-16777216
54,53,55,74,"null","null","null",11,0.00997,2.4522834,-0.9035264,3.5743208,-0.52727836,-16777216
55,54,56,73,"null","null","null",10,0.00984,1.9383963,-2.4241564,3.5057945,-0.52359736,-16777216
56,55,57,72,"null","null","null",9,0.009690001,0.86751556,-3.3870273,2.8820066,-0.65809256,-16777216
57,56,58,69,"null","null","null",8,0.009540001,0.46288642,-3.516666,2.3054016,-2.0156643,-16777216
58,57,59,68,"null","null","null",6,0.009400001,0.6376139,-2.9699693,1.1971738,-3.1657753,-16777216
59,58,60,67,"null","null","null",5,0.009300001,1.7809371,-2.279173,0.39551955,-3.5147946,-16777216
60,59,61,66,"null","null","null",4,0.009190001,3.1510963,-1.5045749,0.6042896,-3.0981061,-16777216
61,60,62,65,"null","null","null",3,0.00437,3.8027484,-0.3238832,0.6648681,-2.3612065,-16777216
62,61,63,64,"null","null","null",2,1.5E-4,3.6551313,-0.55930007,1.9610621,-1.7788293,-16777216
69,57,70,71,"null","null","null",2,0.0,2.0102236,-1.4433559,3.7907982,-0.52347934,-16777216
77,51,78,81,"null","null","null",3,7.9E-4,0.3171621,-2.9699712,1.1971781,-3.3814778,-16777216
78,77,79,80,"null","null","null",2,6.5E-4,0.6459114,-2.2791743,0.3955186,-3.7952118,-16777216
86,5,87,92,"null","null","null",4,0.02521,3.1200044,-0.3173806,3.0610676,-1.6001905,-16777216
87,86,88,91,"null","null","null",3,0.01483,2.3745215,-0.66423035,3.7909281,-0.41359985,-16777216
88,87,89,90,"null","null","null",2,0.0044,1.8611674,-1.7914399,3.711177,-0.54197454,-16777216
93,4,94,101,"null","null","null",6,0.04203,3.48903,-0.7370672,1.641892,-2.5840373,-16777216
94,93,95,100,"null","null","null",4,0.03771,3.1200044,-0.59051746,3.0610676,-1.6001905,-16777216
95,94,96,99,"null","null","null",3,0.02499,2.3745215,-0.66423035,3.7909281,-0.41359985,-16777216
96,95,97,98,"null","null","null",2,0.01524,1.8611674,-1.7914399,3.711177,-0.54197454,-16777216
101,93,102,103,"null","null","null",2,0.01706,0.7310634,-2.2381618,0.6717531,-3.81672,-16777216
105,2,106,133,"null","null","null",16,0.023279998,1.9931589,-2.386888,0.63668096,-3.5286393,-16777216
106,105,107,132,"null","null","null",14,0.00593,3.2360206,-1.3026797,0.6278831,-3.0229445,-16777216
107,106,108,131,"null","null","null",13,0.00103,3.7066274,-0.37199032,1.467474,-2.3134408,-16777216
108,107,109,130,"null","null","null",12,7.0000003E-4,3.4028814,-0.59051746,2.8343241,-1.6001905,-16777216
109,108,110,125,"null","null","null",11,5.6E-4,2.7422616,-1.052279,3.4961617,-0.29948983,-16777216
110,109,111,124,"null","null","null",8,4.2E-4,1.8611674,-2.5434394,3.3279805,-0.54197454,-16777216
111,110,112,123,"null","null","null",7,2.8E-4,0.75469124,-3.4364274,2.6393604,-0.72912955,-16777216
112,111,113,118,"null","null","null",6,1.4E-4,0.483974,-3.4921446,2.0484645,-2.3305721,-16777216
113,112,114,117,"null","null","null",3,2.8E-4,0.64591265,-2.9070063,1.0892005,-3.4735122,-16777216
114,113,115,116,"null","null","null",2,1.4E-4,0.73107064,-2.2381597,0.41857052,-3.8167205,-16777216
118,112,119,122,"null","null","null",3,0.0,1.9383993,-2.3110423,3.3782582,-0.48358327,-16777216
119,118,120,121,"null","null","null",2,0.0,0.86752015,-3.239983,2.7162104,-0.6580924,-16777216
125,109,126,129,"null","null","null",3,0.00372,3.8025498,-0.76705194,0.85625446,-2.3408208,-16777216
126,125,127,128,"null","null","null",2,0.00279,3.5885563,-0.5755011,2.126805,-1.6917291,-16777216
133,105,134,135,"null","null","null",2,0.01785,0.56239915,-3.814067,2.0763667,-1.2662375,-16777216
136,1,137,154,"null","null","null",10,0.00425,0.42204678,-2.9853206,0.9791734,-3.4484425,-16777216
137,136,138,151,"null","null","null",9,0.0041,2.0426893,-2.386888,0.4410549,-3.6887555,-16777216
138,137,139,146,"null","null","null",7,0.00252,3.3004098,-1.116681,0.6278831,-3.2310956,-16777216
139,138,140,143,"null","null","null",4,0.0023700001,3.7903333,-0.37199032,1.0472662,-2.5840373,-16777216
140,139,141,142,"null","null","null",2,0.00136,3.5116992,-0.59051746,2.288054,-1.6001905,-16777216
143,139,144,145,"null","null","null",2,7.9E-4,0.7310634,-2.2381618,0.6717531,-3.81672,-16777216
146,138,147,150,"null","null","null",3,9.4E-4,0.33095595,-2.9070091,1.0892045,-3.4735088,-16777216
147,146,148,149,"null","null","null",2,1.6E-4,0.7310634,-2.2381618,0.41856956,-3.81672,-16777216
151,137,152,153,"null","null","null",2,0.00244,0.56239915,-3.814067,2.0763667,-1.2662375,-16777216
155,0,156,173,"null","null","null",14,0.01097,0.5234822,-3.5713418,1.9577107,-2.2960799,-16777216
156,155,157,168,"null","null","null",9,0.00859,0.65274775,-2.9853206,0.7673098,-3.325276,-16777216
157,156,158,165,"null","null","null",6,0.0069,2.0262847,-2.386888,0.4410549,-3.5286393,-16777216
158,157,159,162,"null","null","null",4,0.0019100001,3.2790842,-1.1514469,0.6278831,-3.0229445,-16777216
159,158,160,161,"null","null","null",2,0.00132,3.76261,-0.37199032,0.6527471,-2.3134408,-16777216
162,158,163,164,"null","null","null",2,0.00183,0.33095595,-2.9852326,1.0892045,-3.005169,-16777216
165,157,166,167,"null","null","null",2,0.00164,0.56239915,-3.814067,2.0763667,-1.2662375,-16777216
168,156,169,172,"null","null","null",3,0.0047600004,0.88575745,-3.6840582,2.6608248,-0.3708009,-16777216
169,168,170,171,"null","null","null",2,0.00461,0.4839735,-3.814067,2.0763667,-1.2662375,-16777216
173,155,174,179,"null","null","null",5,0.01123,1.9094152,-2.7339242,3.34449,-0.44286343,-16777216
174,173,175,178,"null","null","null",3,0.00966,0.7546917,-3.6840587,2.6608229,-0.66192496,-16777216
175,174,176,177,"null","null","null",2,0.00854,0.4839738,-3.8140664,2.0763655,-1.2662416,-16777216
179,173,180,181,"null","null","null",2,0.00158,3.5885558,-0.35959738,2.1268058,-1.6917286,-16777216
