index,parent,child1,child2,name1,name2,common,richness,lengthbr,hxmax,hxmin,hymax,hymin,color
0,-261366774,1,110,"null","null","null",56,0.006810001,0.6278846,-3.2310855,1.3026637,-3.0686536,-16777216
1,0,2,107,"null","null","null",55,0.006670001,1.4750085,-2.5840292,0.37199396,-3.4890347,-16777216
2,1,3,106,"null","null","null",53,0.006530001,2.8441055,-1.6001762,0.59051967,-3.1200018,-16777216
3,2,4,105,"null","null","null",52,0.0063900007,3.5088613,-0.41358262,1.0751815,-2.3745198,-16777216
4,3,5,104,"null","null","null",51,0.0062500006,3.344479,-0.5419773,2.573201,-1.8611552,-16777216
5,4,6,103,"null","null","null",50,0.0061100004,2.6608074,-0.66192544,3.4751012,-0.75467396,-16777216
6,5,7,102,"null","null","null",49,0.0059700003,2.076355,-2.218467,3.5424075,-0.48397717,-16777216
7,6,8,101,"null","null","null",48,0.00583,1.0891838,-3.3277597,2.972344,-0.64591384,-16777216
8,7,9,90,"null","null","null",47,0.00569,0.41857398,-3.6272278,2.3231056,-1.7316662,-16777216
9,8,10,89,"null","null","null",41,0.00555,0.6167625,-3.1946821,1.4052622,-2.9930112,-16777216
10,9,11,64,"null","null","null",40,0.0054099998,1.3840791,-2.5084863,0.34808463,-3.493176,-16777216
11,10,12,49,"null","null","null",27,0.0052699996,2.8129606,-1.6364738,0.57550406,-3.1863577,-16777216
12,11,13,48,"null","null","null",19,0.0051599997,3.5743217,-0.527261,0.9035493,-2.4522665,-16777216
13,12,14,47,"null","null","null",18,0.00499,3.5057838,-0.5236003,2.4241753,-1.9383851,-16777216
14,13,15,46,"null","null","null",17,0.0041699996,2.8819904,-0.6580932,3.3870358,-0.86749834,-16777216
15,14,16,43,"null","null","null",16,0.0040199994,2.3053887,-2.015687,3.516663,-0.46288973,-16777216
16,15,17,40,"null","null","null",14,0.0038899996,1.0121707,-3.1657894,2.9699602,-0.6376153,-16777216
17,16,18,39,"null","null","null",12,0.0037399996,0.3955231,-3.5147977,2.2791672,-1.669476,-16777216
18,17,19,36,"null","null","null",11,0.0025999998,0.6042916,-3.098102,1.4209158,-3.006183,-16777216
19,18,20,35,"null","null","null",9,0.0024599999,1.1975216,-2.361204,0.32388693,-3.614345,-16777216
20,19,21,34,"null","null","null",8,0.00231,2.6534991,-1.7788163,0.5593027,-3.4101963,-16777216
21,20,22,31,"null","null","null",7,0.0021499998,3.4732962,-0.4147995,0.8217703,-2.7414093,-16777216
22,21,23,30,"null","null","null",5,0.00201,3.455159,-0.5042422,2.3870277,-2.0102105,-16777216
23,22,24,29,"null","null","null",4,0.00187,2.8342776,-0.6527493,3.443482,-0.97914445,-16777216
24,23,25,28,"null","null","null",3,0.00173,2.1905453,-1.6104945,3.6822822,-0.44106078,-16777216
25,24,26,27,"null","null","null",2,0.00159,1.3026521,-2.7385306,3.2226696,-0.6278858,-16777216
31,21,32,33,"null","null","null",2,0.0,0.4072551,-2.3745193,0.821079,-3.5997722,-16777216
36,18,37,38,"null","null","null",2,0.00166,1.3026563,-2.738525,3.222674,-0.303204,-16777216
40,16,41,42,"null","null","null",2,0.0,2.8543832,-0.34453255,3.1268277,-0.9791491,-16777216
43,15,44,45,"null","null","null",2,1.4E-4,3.790794,-0.5234733,1.4433827,-2.0102134,-16777216
49,11,50,63,"null","null","null",8,0.0029100003,0.2750036,-3.338363,1.504564,-2.9239364,-16777216
50,49,51,60,"null","null","null",7,0.0028100002,1.2045541,-2.6735425,0.32388595,-3.507429,-16777216
51,50,52,59,"null","null","null",5,0.0027100001,2.6626446,-1.7788199,0.559302,-3.2712083,-16777216
52,51,53,58,"null","null","null",4,0.00261,3.4851897,-0.6411083,0.6642308,-2.560725,-16777216
53,52,54,57,"null","null","null",3,0.00246,3.470624,-0.5042414,2.1434443,-2.0102134,-16777216
54,53,55,56,"null","null","null",2,0.00161,2.8543832,-0.65274906,3.1268277,-0.9791491,-16777216
60,50,61,62,"null","null","null",2,0.0,0.7370616,-3.7626169,2.313435,-0.43902037,-16777216
64,10,65,88,"null","null","null",13,2.4E-4,0.70525306,-3.5147967,2.2791688,-1.6062064,-16777216
65,64,66,81,"null","null","null",12,1.4E-4,0.6042911,-3.098103,1.3321465,-2.9239364,-16777216
66,65,67,80,"null","null","null",8,0.0,1.1975157,-2.3612046,0.32388595,-3.507429,-16777216
67,66,68,79,"null","null","null",7,0.0,2.6534948,-1.7788199,0.559302,-3.2712083,-16777216
68,67,69,78,"null","null","null",6,0.0,3.4732947,-0.6411083,0.8217648,-2.560725,-16777216
69,68,70,77,"null","null","null",5,0.0,3.4551606,-0.5042414,2.3870232,-2.0102134,-16777216
70,69,71,76,"null","null","null",4,0.0,2.834281,-0.65274906,3.4434805,-0.9791491,-16777216
71,70,72,75,"null","null","null",3,0.0,2.1905475,-1.6104869,3.6822844,-0.4410599,-16777216
72,71,73,74,"null","null","null",2,0.0,1.3026563,-2.738525,3.222674,-0.6278854,-16777216
81,65,82,87,"null","null","null",4,8.1E-4,1.3026603,-3.300422,3.0229354,-0.30320343,-16777216
82,81,83,86,"null","null","null",3,0.0,0.37199467,-3.7903304,2.313435,-1.047301,-16777216
83,82,84,85,"null","null","null",2,0.0,0.59052014,-3.5116844,1.6001736,-2.288083,-16777216
90,8,91,100,"null","null","null",6,0.0028499996,2.1365457,-2.0156808,3.516664,-0.6001748,-16777216
91,90,92,99,"null","null","null",5,0.0027099997,1.197162,-3.1657856,2.9699626,-0.63761497,-16777216
92,91,93,98,"null","null","null",4,0.0025899997,0.39552215,-3.5147967,2.2791688,-1.6992667,-16777216
93,92,94,97,"null","null","null",3,0.0024799998,0.6042911,-3.098103,1.504564,-3.0449145,-16777216
94,93,95,96,"null","null","null",2,0.00237,0.661924,-2.3612046,0.32388595,-3.6647005,-16777216
107,1,108,109,"null","null","null",2,0.0,0.67174786,-3.8167224,2.2381544,-0.7310905,-16777216
