index,parent,child1,child2,name1,name2,common,richness,lengthbr,hxmax,hxmin,hymax,hymin,color
0,-267029485,1,66,"null","null","null",40,0.00206,2.8931851,-1.4333714,0.31737584,-3.2826302,-16777216
1,0,2,59,"null","null","null",33,0.0019200002,3.572669,-0.29949257,1.0751758,-2.5859365,-16777216
2,1,3,56,"null","null","null",29,0.0017800002,3.427432,-0.5419766,2.5731966,-1.9094019,-16777216
3,2,4,53,"null","null","null",27,0.0016400001,2.7686462,-0.6729828,3.4751,-0.49049866,-16777216
4,3,5,50,"null","null","null",25,8.200001E-4,2.216543,-2.2575746,3.5424094,-0.48397633,-16777216
5,4,6,49,"null","null","null",23,6.7000004E-4,1.0891883,-3.378604,2.9723477,-0.6459135,-16777216
6,5,7,38,"null","null","null",22,5.6E-4,0.41857308,-3.6933289,2.3231087,-1.7316611,-16777216
7,6,8,31,"null","null","null",16,4.2E-4,0.616762,-3.2806149,1.2264436,-2.9930084,-16777216
8,7,9,26,"null","null","null",12,2.8E-4,1.3385983,-2.620198,0.34808367,-3.4931765,-16777216
9,8,10,23,"null","null","null",9,1.4E-4,2.7538388,-1.6749185,0.57550347,-3.1863613,-16777216
10,9,11,22,"null","null","null",7,0.0,3.4974678,-0.5272655,0.90354335,-2.452271,-16777216
11,10,12,21,"null","null","null",6,0.0,3.405877,-0.5235995,2.4241705,-1.9383881,-16777216
12,11,13,20,"null","null","null",5,0.0,2.7521129,-0.6580931,3.3870337,-0.86750305,-16777216
13,12,14,19,"null","null","null",4,0.0,2.1365457,-2.1816094,3.516664,-0.46288884,-16777216
14,13,15,18,"null","null","null",3,0.0,1.197162,-3.3814929,2.9699626,-0.63761497,-16777216
15,14,16,17,"null","null","null",2,0.0,0.39552215,-3.795216,2.2791688,-0.64591026,-16777216
23,9,24,25,"null","null","null",2,0.00183,0.27500305,-3.424856,1.5045681,-2.444181,-16777216
26,8,27,30,"null","null","null",3,2.9E-4,0.70525444,-3.7661433,2.2791705,-1.2371609,-16777216
27,26,28,29,"null","null","null",2,1.4E-4,0.6042905,-3.424856,1.5045681,-2.444181,-16777216
31,7,32,35,"null","null","null",4,0.00105,1.012182,-3.3814888,2.9699652,-0.31716365,-16777216
32,31,33,34,"null","null","null",2,9.1E-4,0.3955212,-3.795215,2.2791705,-0.6459106,-16777216
35,31,36,37,"null","null","null",2,9.1E-4,2.854394,-0.34453148,3.1268182,-0.97915804,-16777216
38,6,39,46,"null","null","null",6,0.00133,2.3053956,-2.164401,3.5166647,-0.6001763,-16777216
39,38,40,45,"null","null","null",4,0.00119,1.1971662,-3.359126,2.9699652,-0.63761455,-16777216
40,39,41,44,"null","null","null",3,2.8E-4,0.3955212,-3.7661433,2.2791705,-1.2371609,-16777216
41,40,42,43,"null","null","null",2,1.4E-4,0.6042905,-3.424856,1.5045681,-2.444181,-16777216
46,38,47,48,"null","null","null",2,9.1E-4,3.790796,-0.52347654,1.4433684,-2.0102189,-16777216
50,4,51,52,"null","null","null",2,0.00174,3.7564535,-0.48357874,1.618665,-1.938391,-16777216
53,3,54,55,"null","null","null",2,1.5E-4,3.5245113,-0.84491706,0.39556327,-2.380709,-16777216
56,2,57,58,"null","null","null",2,0.00275,2.126823,-1.691719,0.35959226,-3.5885482,-16777216
59,1,60,65,"null","null","null",4,0.0029,1.3545951,-2.3408182,0.76704866,-3.4508302,-16777216
60,59,61,64,"null","null","null",3,0.00199,2.7746382,-1.691719,0.5755029,-3.1313138,-16777216
61,60,62,63,"null","null","null",2,0.00183,3.5245113,-0.5272703,0.665,-2.380709,-16777216
66,0,67,74,"null","null","null",7,0.00196,0.28913033,-3.0657082,1.2264479,-2.960431,-16777216
67,66,68,73,"null","null","null",4,0.00162,1.3545951,-2.3408182,0.3480827,-3.4508302,-16777216
68,67,69,72,"null","null","null",3,0.00105,2.7746382,-1.691719,0.5755029,-3.1313138,-16777216
69,68,70,71,"null","null","null",2,9.1E-4,3.5245113,-0.5272703,0.665,-2.380709,-16777216
74,66,75,78,"null","null","null",3,0.00289,1.1971705,-3.381485,2.9699674,-0.31716308,-16777216
75,74,76,77,"null","null","null",2,0.00275,0.39552027,-3.795214,2.279172,-0.64591086,-16777216
