index,parent,child1,child2,name1,name2,common,richness,lengthbr,hxmax,hxmin,hymax,hymin,color
0,-262608836,1,144,"null","null","null",766,0.0067100013,1.7906878,-2.3231077,0.4185733,-3.627228,-16777216
1,0,2,137,"null","null","null",761,0.006570001,3.0697422,-1.2264423,0.61676216,-3.1946836,-16777216
2,1,3,82,"null","null","null",757,0.006430001,3.5929294,-0.3480839,1.3803047,-2.5084875,-16777216
3,2,4,62,"null","null","null",470,0.006290001,3.3160393,-0.5755036,2.8080566,-1.5296944,-16777216
4,3,5,55,"null","null","null",325,0.0061500007,2.6208522,-0.9508667,3.5679495,-0.33847487,-16777216
5,4,6,50,"null","null","null",321,0.0060100006,1.7993604,-2.48569,3.4975023,-0.5235997,-16777216
6,5,7,43,"null","null","null",318,0.005850001,0.7259867,-3.4670084,2.8712249,-0.6580931,-16777216
7,6,8,34,"null","null","null",314,0.0057100006,0.46288905,-3.6206303,2.156221,-2.0824676,-16777216
8,7,9,31,"null","null","null",309,0.0055700005,0.637615,-3.1051185,1.0121748,-3.2526073,-16777216
9,8,10,12,"null","null","null",307,0.0054400004,1.6553245,-2.4548717,0.3955224,-3.627664,-16777216
10,9,-262516736,11,"null","null","null",297,0.0053000003,2.9877887,-1.5045632,0.6042912,-3.2448304,-16777216
12,9,13,30,"null","null","null",10,5.6E-4,0.6366741,-3.665966,2.190549,-1.864433,-16777216
13,12,14,29,"null","null","null",9,4.2E-4,0.6278851,-3.2014613,1.3026595,-3.0686579,-16777216
14,13,15,24,"null","null","null",8,2.8E-4,1.6419196,-2.5455189,0.3719949,-3.489036,-16777216
15,14,16,21,"null","null","null",5,1.4E-4,3.0610862,-1.550112,0.59052026,-3.1200013,-16777216
16,15,17,20,"null","null","null",3,0.0,3.7909317,-0.41357803,0.66423005,-2.3745196,-16777216
17,16,18,19,"null","null","null",2,0.0,3.7111673,-0.541978,1.7914729,-1.8611519,-16777216
21,15,22,23,"null","null","null",2,9.1E-4,0.28913146,-3.3283896,1.4052622,-2.5945308,-16777216
24,14,25,28,"null","null","null",3,0.00182,0.6717465,-3.73008,2.2381527,-1.4251428,-16777216
25,24,26,27,"null","null","null",2,9.1E-4,0.6167625,-3.3283896,1.4052622,-2.5945308,-16777216
31,8,32,33,"null","null","null",2,0.0,0.97915244,-3.126824,2.8543873,-0.34453213,-16777216
34,7,35,42,"null","null","null",5,2.8E-4,2.0102153,-2.38702,3.4551618,-0.5234745,-16777216
35,34,36,41,"null","null","null",4,1.4E-4,0.97915244,-3.4434795,2.8342829,-0.6527488,-16777216
36,35,37,40,"null","null","null",3,0.0,0.44105917,-3.6822858,2.190549,-1.6104813,-16777216
37,36,38,39,"null","null","null",2,0.0,0.6278851,-3.2226772,1.3026595,-2.7385206,-16777216
43,6,44,47,"null","null","null",4,1.4E-4,2.7414098,-0.38339752,3.7314727,-0.86650217,-16777216
44,43,45,46,"null","null","null",2,9.1E-4,2.0102153,-1.4433775,3.7907946,-0.50424075,-16777216
47,43,48,49,"null","null","null",2,0.0,3.5997672,-0.8210808,0.40725428,-2.3745198,-16777216
50,5,51,54,"null","null","null",3,1.4E-4,3.1628504,-0.4014727,2.6272955,-1.7788224,-16777216
51,50,52,53,"null","null","null",2,0.0,2.41986,-0.66423076,3.4392393,-0.64111173,-16777216
55,4,56,61,"null","null","null",4,2.8E-4,3.4240751,-0.7950902,1.1773605,-2.361205,-16777216
56,55,57,60,"null","null","null",3,1.4E-4,3.1628504,-0.5593015,2.6272955,-1.7788224,-16777216
57,56,58,59,"null","null","null",2,0.0,2.41986,-0.66423076,3.4392393,-0.64111173,-16777216
62,3,63,80,"null","null","null",145,0.00112,2.977053,-1.3321496,0.27500317,-3.0981038,-16777216
63,62,64,79,"null","null","null",108,9.8E-4,3.5764835,-0.3238852,1.250387,-2.361205,-16777216
64,63,65,-262508544,"null","null","null",107,8.4000005E-4,3.3609815,-0.5593015,2.72223,-1.6930321,-16777216
65,64,66,70,"null","null","null",72,7.0000003E-4,2.6774302,-0.75182545,3.5626538,-0.561749,-16777216
66,65,-262510592,67,"null","null","null",67,5.6E-4,2.1206656,-2.2961042,3.5713298,-0.50424075,-16777216
67,66,68,69,"null","null","null",2,0.00182,3.7111692,-0.44285613,1.7914659,-1.8611552,-16777216
70,65,71,76,"null","null","null",5,0.00196,3.4558127,-0.8210808,0.9977701,-2.7051442,-16777216
71,70,72,75,"null","null","null",3,0.00182,3.2755158,-0.5419773,2.4725661,-1.8611552,-16777216
72,71,73,74,"null","null","null",2,9.1E-4,2.571155,-0.66192544,3.344276,-0.75467396,-16777216
76,70,77,78,"null","null","null",2,9.1E-4,0.42902535,-2.3408172,0.7670475,-3.7190523,-16777216
80,62,-262517760,81,"null","null","null",37,0.005629999,0.303203,-3.0229368,1.3026637,-3.0686536,-16777216
82,2,83,115,"null","null","null",287,0.007990003,1.5920565,-2.4312568,0.705254,-3.514796,-16777216
83,82,84,106,"null","null","null",212,0.007830002,2.9055443,-1.3321496,0.60429066,-3.0981038,-16777216
84,83,85,105,"null","null","null",207,0.0076900027,3.4835224,-0.3238852,1.2118521,-2.361205,-16777216
85,84,86,102,"null","null","null",206,0.007590003,3.2401319,-0.5593015,2.6721346,-1.7948356,-16777216
86,85,87,101,"null","null","null",204,0.0074500027,2.5203257,-0.7901448,3.49753,-0.64111173,-16777216
87,86,-262512640,88,"null","null","null",203,0.0073100026,1.9576921,-2.3459194,3.4866688,-0.50424075,-16777216
88,87,89,96,"null","null","null",7,2.8E-4,3.344479,-0.44285613,2.5790563,-1.7061833,-16777216
89,88,90,95,"null","null","null",4,1.4E-4,2.6608074,-0.66192544,3.4827132,-0.75467396,-16777216
90,89,91,94,"null","null","null",3,0.0,2.076355,-1.9703388,3.552303,-0.48397717,-16777216
91,90,92,93,"null","null","null",2,0.0,1.0891838,-3.005193,2.985208,-0.64591384,-16777216
96,88,97,100,"null","null","null",3,0.00179,2.774644,-1.6917154,0.35959053,-3.1313136,-16777216
97,96,98,99,"null","null","null",2,9.1E-4,3.5245144,-0.5272655,0.665,-2.3807087,-16777216
102,85,103,104,"null","null","null",2,0.0,2.2880783,-1.6001762,0.31737414,-3.5116868,-16777216
106,83,107,114,"null","null","null",5,0.00134,0.303203,-3.0229368,1.3026637,-3.0686536,-16777216
107,106,108,113,"null","null","null",4,0.00119,1.528799,-2.313436,0.37199396,-3.4890347,-16777216
108,107,109,112,"null","null","null",3,0.00105,2.9140332,-1.6001762,0.59051967,-3.1200018,-16777216
109,108,110,111,"null","null","null",2,9.1E-4,3.5997672,-0.41358262,0.6642301,-2.3745198,-16777216
115,82,116,134,"null","null","null",75,0.01172,0.63667554,-3.6128266,2.386876,-1.976058,-16777216
116,115,117,129,"null","null","null",73,0.01158,0.6278846,-3.132382,1.1166636,-3.2137742,-16777216
117,116,-262509568,118,"null","null","null",70,0.01148,1.5425684,-2.4557145,0.37199396,-3.6776915,-16777216
118,117,119,128,"null","null","null",6,0.0013,0.67174786,-3.5280147,2.2381544,-1.7066052,-16777216
119,118,120,127,"null","null","null",5,0.00119,0.616762,-3.0657067,1.4052664,-2.9604359,-16777216
120,119,121,126,"null","null","null",4,2.8E-4,1.3546021,-2.3408172,0.34808367,-3.4508324,-16777216
121,120,122,125,"null","null","null",3,1.4E-4,2.774644,-1.6917154,0.57550347,-3.1313136,-16777216
122,121,123,124,"null","null","null",2,0.0,3.5245144,-0.5272655,0.665,-2.3807087,-16777216
129,116,130,133,"null","null","null",3,0.0,1.0891883,-3.4735217,2.9069982,-0.33095804,-16777216
130,129,131,132,"null","null","null",2,0.0,0.41857308,-3.8167224,2.2381544,-0.7310905,-16777216
134,115,135,136,"null","null","null",2,1.4E-4,2.0763578,-1.2662635,3.814064,-0.5623933,-16777216
137,1,138,143,"null","null","null",4,0.0012099999,0.3171638,-2.9699643,1.1971651,-3.3591266,-16777216
138,137,139,142,"null","null","null",3,0.00105,1.2371628,-2.2791698,0.39552143,-3.766143,-16777216
139,138,140,141,"null","null","null",2,9.1E-4,2.4441824,-1.504567,0.60429066,-3.424855,-16777216
144,0,145,152,"null","null","null",5,0.00198,0.6001759,-3.5166643,2.1365476,-2.1644025,-16777216
145,144,146,151,"null","null","null",4,0.00119,0.63761467,-2.9699643,1.1971651,-3.3591266,-16777216
146,145,147,150,"null","null","null",3,0.00105,1.2371628,-2.2791698,0.39552143,-3.766143,-16777216
147,146,148,149,"null","null","null",2,9.1E-4,2.4441824,-1.504567,0.60429066,-3.424855,-16777216
