index,parent,child1,child2,name1,name2,common,richness,lengthbr,hxmax,hxmin,hymax,hymin,color
0,-267380708,1,143,"null","null","null",152,0.011230005,0.4153772,-3.4730706,2.826617,-0.7506695,-16777216
1,0,2,140,"null","null","null",149,0.011090005,0.5040918,-3.4554949,2.1214175,-2.2951016,-16777216
2,1,3,137,"null","null","null",147,0.010950005,0.6527027,-2.834878,0.72853863,-3.3247743,-16777216
3,2,4,136,"null","null","null",145,0.010810005,1.8632382,-2.1909413,0.4408899,-3.5286856,-16777216
4,3,5,135,"null","null","null",144,0.010670004,3.067861,-1.3034656,0.62780476,-3.023309,-16777216
5,4,6,134,"null","null","null",143,0.010530004,3.4887881,-0.3718108,1.5117875,-2.3136773,-16777216
6,5,7,89,"null","null","null",142,0.010390004,3.1201339,-0.5904076,2.8926098,-1.434142,-16777216
7,6,8,88,"null","null","null",119,0.010250004,2.374599,-1.051136,3.5727448,-0.41447568,-16777216
8,7,9,87,"null","null","null",118,0.010110004,1.8617905,-2.5425458,3.4281108,-0.5418362,-16777216
9,8,10,58,"null","null","null",117,0.009970004,0.6454159,-3.436093,2.7695937,-0.66383886,-16777216
10,9,11,55,"null","null","null",102,0.009830004,0.48381126,-3.4923935,2.217286,-2.2461762,-16777216
11,10,12,54,"null","null","null",100,0.0096900035,0.64585257,-2.907551,1.09007,-3.364611,-16777216
12,11,13,53,"null","null","null",99,0.009550003,1.7306656,-2.2385175,0.4183885,-3.6759224,-16777216
13,12,14,52,"null","null","null",98,0.009410003,2.992494,-1.4060956,0.6166656,-3.258367,-16777216
14,13,15,37,"null","null","null",97,0.009270003,3.4933577,-0.34788576,1.3374475,-2.5910707,-16777216
15,14,16,36,"null","null","null",89,0.009110003,3.1871245,-0.575374,2.753048,-1.6924607,-16777216
16,15,17,35,"null","null","null",88,0.008970003,2.45322,-0.951668,3.4973254,-0.52821964,-16777216
17,16,18,34,"null","null","null",87,0.0088300025,1.9390194,-2.4873347,3.406352,-0.5234408,-16777216
18,17,19,33,"null","null","null",86,0.008690002,0.8684583,-3.4700382,2.7528558,-0.6580541,-16777216
19,18,20,32,"null","null","null",85,0.008570002,0.46270573,-3.625342,2.137037,-2.1238258,-16777216
20,19,21,29,"null","null","null",84,0.008430002,0.6375375,-3.1115384,1.0133897,-3.307238,-16777216
21,20,22,24,"null","null","null",82,0.008290002,1.6349113,-2.462891,0.39532062,-3.6995444,-16777216
22,21,-267375616,23,"null","null","null",79,0.008150002,2.962057,-1.5054181,0.6041767,-3.3387327,-16777216
24,21,25,28,"null","null","null",3,0.00278,0.63698626,-3.6827583,2.19099,-1.608881,-16777216
25,24,26,27,"null","null","null",2,0.00187,0.62779474,-3.2236426,1.3035657,-2.7372909,-16777216
29,20,30,31,"null","null","null",2,0.0055,0.9801038,-3.125811,2.8555498,-0.34441575,-16777216
37,14,38,51,"null","null","null",8,0.00133,1.7798235,-2.2794814,0.7055249,-3.6995482,-16777216
38,37,39,46,"null","null","null",7,0.00119,3.1504023,-1.333008,0.60418254,-3.338714,-16777216
39,38,40,43,"null","null","null",4,0.00105,3.802706,-0.3236836,0.6632735,-2.6738453,-16777216
40,39,41,42,"null","null","null",2,0.00182,3.6556463,-0.5591613,1.9596584,-1.7795353,-16777216
43,39,44,45,"null","null","null",2,9.1E-4,0.4389392,-2.3136933,0.73732066,-3.7622998,-16777216
46,38,47,50,"null","null","null",3,0.00188,0.3030867,-3.0233338,1.3035192,-3.2782145,-16777216
47,46,48,49,"null","null","null",2,0.00178,0.65279627,-2.3136933,0.37179855,-3.7622998,-16777216
55,10,56,57,"null","null","null",2,0.00182,1.9389861,-1.6172695,3.756774,-0.483903,-16777216
58,9,59,84,"null","null","null",15,0.0035799996,2.727942,-0.90234166,3.5064175,-0.8450984,-16777216
59,58,60,83,"null","null","null",13,0.0026699996,1.9389861,-2.4231787,3.4181366,-0.5234492,-16777216
60,59,61,82,"null","null","null",12,0.0025199996,0.8684082,-3.3865886,2.768169,-0.65805614,-16777216
61,60,62,73,"null","null","null",11,0.0023799997,0.46271533,-3.5168173,2.156969,-2.0144746,-16777216
62,61,63,72,"null","null","null",6,0.0022399998,0.6375414,-2.970441,1.1980363,-3.1650367,-16777216
63,62,64,71,"null","null","null",5,0.0021,1.7798235,-2.2794814,0.395331,-3.5146384,-16777216
64,63,65,70,"null","null","null",4,0.00119,3.1504023,-1.5053747,0.60418254,-3.0983315,-16777216
65,64,66,69,"null","null","null",3,0.00105,3.802706,-0.3236836,0.6632735,-2.3613482,-16777216
66,65,67,68,"null","null","null",2,9.1E-4,3.6556463,-0.5591613,1.9596584,-1.7795353,-16777216
73,61,74,81,"null","null","null",5,0.0021,2.010774,-2.3861847,3.4555168,-0.52379596,-16777216
74,73,75,80,"null","null","null",4,0.00119,0.9800544,-3.4432359,2.8349175,-0.65269953,-16777216
75,74,76,79,"null","null","null",3,0.00105,0.44087845,-3.6827345,2.1909673,-1.6089628,-16777216
76,75,77,78,"null","null","null",2,9.1E-4,0.6277994,-3.2235937,1.3035192,-2.7373536,-16777216
84,58,85,86,"null","null","null",2,0.00273,3.6642258,-0.7953056,0.4183361,-2.3613405,-16777216
89,6,90,133,"null","null","null",23,0.0082100015,3.1074204,-1.4060506,0.28902033,-3.0660014,-16777216
90,89,91,132,"null","null","null",22,0.008070001,3.642716,-0.34789646,1.3830463,-2.3410063,-16777216
91,90,92,131,"null","null","null",21,0.007930001,3.3812618,-0.57538104,2.8122885,-1.6924207,-16777216
92,91,93,120,"null","null","null",20,0.007020001,2.7056007,-0.96899945,3.5742908,-0.33908546,-16777216
93,92,94,119,"null","null","null",14,0.0068800007,1.9389861,-2.5098338,3.5063717,-0.5234492,-16777216
94,93,95,112,"null","null","null",13,0.006780001,0.64667404,-3.4992404,2.8828745,-0.65805614,-16777216
95,94,96,109,"null","null","null",9,0.0066400007,0.46271533,-3.6632645,2.306086,-2.0144746,-16777216
96,95,97,108,"null","null","null",7,0.0065000006,0.6375414,-3.1608224,1.1980363,-3.1650367,-16777216
97,96,98,105,"null","null","null",6,0.0063600005,1.7798235,-2.526977,0.395331,-3.5146384,-16777216
98,97,99,104,"null","null","null",4,0.0062200003,3.1504023,-1.5053747,0.60418254,-3.0983315,-16777216
99,98,100,103,"null","null","null",3,0.0057900003,3.802706,-0.3236836,0.6632735,-2.3613482,-16777216
100,99,101,102,"null","null","null",2,0.00486,3.6556463,-0.5591613,1.9596584,-1.7795353,-16777216
105,97,106,107,"null","null","null",2,9.1E-4,0.6369703,-3.8270154,2.1909673,-0.9079547,-16777216
109,95,110,111,"null","null","null",2,0.00182,2.010774,-1.4419452,3.7910304,-0.52379596,-16777216
112,94,113,118,"null","null","null",4,1.4E-4,2.5615692,-0.6329123,3.4852276,-0.8666674,-16777216
113,112,114,117,"null","null","null",3,0.0,2.010774,-2.1420517,3.4713416,-0.5040816,-16777216
114,113,115,116,"null","null","null",2,0.0,0.9800544,-3.1258633,2.8554897,-0.65269953,-16777216
120,92,121,130,"null","null","null",6,0.0059200004,3.6139586,-0.7953056,1.3490906,-2.3613405,-16777216
121,120,122,129,"null","null","null",5,0.0057800002,3.410244,-0.5591688,2.8511846,-1.7794976,-16777216
122,121,123,126,"null","null","null",4,0.00564,2.741484,-0.6642184,3.731142,-0.41541636,-16777216
123,122,124,125,"null","null","null",2,0.00274,2.010774,-1.4419452,3.7910304,-0.5040816,-16777216
126,122,127,128,"null","null","null",2,0.0055,3.599207,-0.82128096,0.40716246,-2.3746,-16777216
137,2,138,139,"null","null","null",2,0.00182,0.8858918,-3.3435187,2.5722837,-0.37070572,-16777216
140,1,141,142,"null","null","null",2,0.00176,1.861755,-1.7901732,3.7115536,-0.44316727,-16777216
143,0,144,147,"null","null","null",3,1.4E-4,2.374595,-0.4724142,3.790803,-0.8212681,-16777216
144,143,145,146,"null","null","null",2,0.0,1.861755,-1.7901732,3.7115536,-0.5418441,-16777216
