index,parent,child1,child2,name1,name2,common,richness,lengthbr,hxmax,hxmin,hymax,hymin,color
0,-266417013,1,90,"null","null","null",47,0.0068699997,0.49050415,-3.4750981,2.7459316,-0.67645216,-16777216
1,0,2,53,"null","null","null",45,0.0053,0.48397484,-3.5424132,2.0622294,-2.262089,-16777216
2,1,3,52,"null","null","null",26,0.00452,0.64591295,-2.9723542,1.0891962,-3.3844798,-16777216
3,2,4,33,"null","null","null",25,0.00374,1.8281188,-2.323114,0.4185714,-3.7009745,-16777216
4,3,5,26,"null","null","null",15,0.00358,3.1184103,-1.2264514,0.61676115,-3.2905579,-16777216
5,4,6,23,"null","null","null",11,0.00279,3.6562066,-0.34808195,1.3385882,-2.6331222,-16777216
6,5,7,22,"null","null","null",9,0.00121,3.398305,-0.57550234,2.753832,-1.6917218,-16777216
7,6,8,19,"null","null","null",8,4.3000001E-4,2.7277975,-0.95191145,3.4974666,-0.33848113,-16777216
8,7,9,18,"null","null","null",6,2.8E-4,1.9383934,-2.487054,3.4058812,-0.5235982,-16777216
9,8,10,15,"null","null","null",5,1.4E-4,0.58308744,-3.46879,2.752119,-0.65809274,-16777216
10,9,11,14,"null","null","null",3,0.0,0.4628873,-3.622954,2.1365497,-1.7924387,-16777216
11,10,12,13,"null","null","null",2,0.0,0.63761425,-3.108142,1.1971695,-2.8755782,-16777216
15,9,16,17,"null","null","null",2,7.8E-4,2.4198725,-0.3833965,3.4392319,-0.86650383,-16777216
19,7,20,21,"null","null","null",2,0.0,3.6646938,-0.79509246,0.418422,-2.3612065,-16777216
23,5,24,25,"null","null","null",2,1.5E-4,0.5537487,-2.279173,0.7052567,-3.7952132,-16777216
26,4,27,32,"null","null","null",4,0.0025,0.31716266,-2.9699693,1.1971738,-3.3591223,-16777216
27,26,28,31,"null","null","null",3,9.2E-4,1.2371475,-2.279173,0.39551955,-3.7661455,-16777216
28,27,29,30,"null","null","null",2,7.8E-4,2.44417,-1.5045749,0.6042896,-3.4248624,-16777216
33,3,34,45,"null","null","null",10,0.0058699995,0.60017896,-3.516666,2.156232,-2.0156643,-16777216
34,33,35,42,"null","null","null",6,0.0050899996,0.6376139,-2.9699693,1.012192,-3.1657753,-16777216
35,34,36,41,"null","null","null",4,0.0043099998,1.6992477,-2.279173,0.39551955,-3.5147946,-16777216
36,35,37,40,"null","null","null",3,0.0034599998,3.0449004,-1.5045749,0.6042896,-3.0981061,-16777216
37,36,38,39,"null","null","null",2,0.00268,3.6646938,-0.3238832,0.66192436,-2.3612065,-16777216
42,34,43,44,"null","null","null",2,0.0,0.979166,-3.1268096,2.8544035,-0.34453052,-16777216
45,33,46,51,"null","null","null",4,0.0010800001,2.0102236,-2.4726644,3.4551668,-0.52347934,-16777216
46,45,47,50,"null","null","null",3,9.2E-4,0.979166,-3.5548296,2.8342924,-0.6527481,-16777216
47,46,48,49,"null","null","null",2,1.4E-4,0.4410565,-3.8270524,2.190555,-0.9094058,-16777216
53,1,54,83,"null","null","null",19,0.0045499997,1.8475343,-2.4241564,3.409236,-0.4835816,-16777216
54,53,55,72,"null","null","null",15,0.0037699996,0.64569855,-3.3870273,2.7564807,-0.65809256,-16777216
55,54,56,71,"null","null","null",9,0.0036299997,0.46288642,-3.516666,2.136552,-2.0156643,-16777216
56,55,57,66,"null","null","null",8,0.0034899998,0.6376139,-2.9699693,1.0032537,-3.1657753,-16777216
57,56,58,65,"null","null","null",5,0.0033399998,1.7809371,-2.279173,0.39551955,-3.5147946,-16777216
58,57,59,64,"null","null","null",4,0.00256,3.1510963,-1.5045749,0.6042896,-3.0981061,-16777216
59,58,60,63,"null","null","null",3,0.00242,3.8027484,-0.3238832,0.6648681,-2.3612065,-16777216
60,59,61,62,"null","null","null",2,0.00227,3.6551313,-0.55930007,1.9610621,-1.7788293,-16777216
66,56,67,70,"null","null","null",3,9.2E-4,0.979166,-3.5548296,2.8342924,-0.34453052,-16777216
67,66,68,69,"null","null","null",2,7.8E-4,0.4410565,-3.8270524,2.190555,-0.9094058,-16777216
72,54,73,82,"null","null","null",6,0.00108,2.5607407,-0.88763475,3.4732897,-0.86650467,-16777216
73,72,74,81,"null","null","null",5,9.3E-4,2.0102236,-2.4726644,3.4551668,-0.50423837,-16777216
74,73,75,78,"null","null","null",4,7.8E-4,0.7274589,-3.5548296,2.8342924,-0.6527481,-16777216
75,74,76,77,"null","null","null",2,8.8E-4,0.4410565,-3.8270524,2.190555,-0.9094058,-16777216
78,74,79,80,"null","null","null",2,0.0,2.5711727,-0.3708018,3.3442638,-0.88575625,-16777216
83,53,84,89,"null","null","null",4,9.2E-4,3.2712202,-0.40147775,2.8520768,-1.7788329,-16777216
84,83,85,88,"null","null","null",3,1.4E-4,2.5607407,-0.6642306,3.7314677,-0.6411255,-16777216
85,84,86,87,"null","null","null",2,0.0,2.0102236,-1.4433559,3.7907982,-0.50423837,-16777216
90,0,91,92,"null","null","null",2,0.0,2.3807092,-0.3955624,3.5245056,-0.8449187,-16777216
