index,parent,child1,child2,name1,name2,common,richness,lengthbr,hxmax,hxmin,hymax,hymin,color
0,-265832440,1,162,"null","null","null",82,0.012840001,2.9877803,-1.5045712,0.2750026,-3.098105,-16777216
1,0,2,161,"null","null","null",81,0.012700001,3.5904336,-0.3238842,1.2118466,-2.3612058,-16777216
2,1,3,114,"null","null","null",80,0.012290001,3.3791192,-0.5593008,2.6721308,-1.6207569,-16777216
3,2,4,89,"null","null","null",56,0.012150001,2.7010093,-0.82469773,3.4975293,-0.41480786,-16777216
4,3,5,88,"null","null","null",43,0.012010001,2.0102181,-2.390841,3.4866714,-0.50424,-16777216
5,4,6,71,"null","null","null",42,0.010020001,0.7577512,-3.448451,2.8752465,-0.6527486,-16777216
6,5,7,58,"null","null","null",33,0.009880001,0.44105828,-3.6887524,2.2437992,-1.8644266,-16777216
7,6,8,57,"null","null","null",26,0.009740001,0.6278846,-3.2310855,1.3026637,-3.0686536,-16777216
8,7,9,54,"null","null","null",25,0.009610001,1.504813,-2.5840292,0.37199396,-3.4890347,-16777216
9,8,10,37,"null","null","null",23,0.009490001,2.8828511,-1.4333674,0.59051967,-3.1200018,-16777216
10,9,11,36,"null","null","null",14,0.009350001,3.5592306,-0.41358262,1.0523012,-2.3745198,-16777216
11,10,12,33,"null","null","null",13,0.009230001,3.409959,-0.5419773,2.5434566,-1.9093975,-16777216
12,11,13,30,"null","null","null",11,0.009090001,2.7459314,-0.66192544,3.4364336,-0.49049556,-16777216
13,12,14,29,"null","null","null",9,0.00898,2.076355,-2.1597612,3.4921396,-0.48397717,-16777216
14,13,15,28,"null","null","null",8,0.00827,1.0891838,-3.2514422,2.9069955,-0.64591384,-16777216
15,14,16,27,"null","null","null",7,0.00562,0.41857398,-3.528015,2.2381527,-1.7066118,-16777216
16,15,17,26,"null","null","null",6,5.9E-4,0.6167625,-3.0657053,1.4052622,-2.9604404,-16777216
17,16,18,25,"null","null","null",5,4.3000001E-4,1.3546094,-2.3408163,0.34808463,-3.4508338,-16777216
18,17,19,22,"null","null","null",4,2.8E-4,2.77465,-1.6749135,0.57550406,-3.1313133,-16777216
19,18,20,21,"null","null","null",2,0.0053,3.524518,-0.527261,0.665,-2.3807087,-16777216
22,18,23,24,"null","null","null",2,1.4E-4,0.2750036,-3.4248524,1.504564,-2.444187,-16777216
30,12,31,32,"null","null","null",2,0.0,3.5245144,-0.8449162,0.39556375,-2.3807087,-16777216
33,11,34,35,"null","null","null",2,0.0,2.12683,-1.6917154,0.35959053,-3.5885453,-16777216
37,9,38,53,"null","null","null",9,0.00305,0.2891309,-3.0657067,1.4052664,-2.9930084,-16777216
38,37,39,52,"null","null","null",8,0.00291,1.3385983,-2.3408172,0.34808367,-3.4931765,-16777216
39,38,40,51,"null","null","null",7,0.00275,2.7538388,-1.6917154,0.57550347,-3.1863613,-16777216
40,39,41,50,"null","null","null",6,5.8E-4,3.4974678,-0.5272655,0.9519206,-2.452271,-16777216
41,40,42,49,"null","null","null",5,2.8E-4,3.405877,-0.5235995,2.487061,-1.9383881,-16777216
42,41,43,48,"null","null","null",4,1.4E-4,2.7521129,-0.6580931,3.4687915,-0.86750305,-16777216
43,42,44,47,"null","null","null",3,0.0,2.1365457,-1.7924517,3.6229491,-0.46288884,-16777216
44,43,45,46,"null","null","null",2,0.0,1.197162,-2.8755877,3.1081333,-0.63761497,-16777216
54,8,55,56,"null","null","null",2,0.0,0.67174786,-3.8167224,2.2381544,-0.7310905,-16777216
58,6,59,66,"null","null","null",7,2.8E-4,2.0484514,-2.3305883,3.4921408,-0.5623933,-16777216
59,58,60,63,"null","null","null",4,1.4E-4,0.8706691,-3.4735217,2.9069982,-0.6459135,-16777216
60,59,61,62,"null","null","null",2,0.0,0.41857308,-3.8167224,2.2381544,-0.7310905,-16777216
63,59,64,65,"null","null","null",2,0.0,2.7161942,-0.3578306,3.2399955,-0.9025961,-16777216
66,58,67,70,"null","null","null",3,3.0E-4,3.3782473,-0.48357874,2.311061,-1.938391,-16777216
67,66,68,69,"null","null","null",2,1.4E-4,2.7161942,-0.65809286,3.2399955,-0.8675076,-16777216
71,5,72,87,"null","null","null",9,0.0018600001,2.639345,-0.5977373,3.436432,-0.8857547,-16777216
72,71,73,82,"null","null","null",8,7.7000004E-4,2.0484514,-2.1597555,3.4921408,-0.48397633,-16777216
73,72,74,81,"null","null","null",5,1.4E-4,1.0891883,-3.251439,2.9069982,-0.6459135,-16777216
74,73,75,80,"null","null","null",4,0.0,0.41857308,-3.5280147,2.2381544,-1.8653152,-16777216
75,74,76,79,"null","null","null",3,0.0,0.616762,-3.0657067,1.4052664,-3.166759,-16777216
76,75,77,78,"null","null","null",2,0.0,0.65809107,-2.3408172,0.34808367,-3.7190523,-16777216
82,72,83,86,"null","null","null",3,3.6E-4,3.3782473,-0.48357874,2.311061,-1.938391,-16777216
83,82,84,85,"null","null","null",2,1.4E-4,2.7161942,-0.65809286,3.2399955,-0.8675076,-16777216
89,3,90,113,"null","null","null",13,0.0,3.5088615,-0.8210819,1.0522953,-2.3745203,-16777216
90,89,91,112,"null","null","null",12,0.0,3.344482,-0.5419766,2.543452,-1.8611584,-16777216
91,90,92,111,"null","null","null",11,0.0,2.6608114,-0.6619253,3.436432,-0.7546786,-16777216
92,91,93,110,"null","null","null",10,0.0,2.0763578,-2.1597555,3.4921408,-0.48397633,-16777216
93,92,94,109,"null","null","null",9,0.0,1.0891883,-3.251439,2.9069982,-0.6459135,-16777216
94,93,95,108,"null","null","null",8,0.0,0.41857308,-3.5280147,2.2381544,-1.7316611,-16777216
95,94,96,107,"null","null","null",7,0.0,0.616762,-3.0657067,1.4052664,-2.9930084,-16777216
96,95,97,106,"null","null","null",6,0.0,1.3260202,-2.3408172,0.34808367,-3.4931765,-16777216
97,96,98,105,"null","null","null",5,0.0,2.7374876,-1.6917154,0.57550347,-3.1863613,-16777216
98,97,99,104,"null","null","null",4,0.0,3.476211,-0.5272655,0.8165411,-2.452271,-16777216
99,98,100,103,"null","null","null",3,0.0,3.3782434,-0.5235995,2.3110676,-1.9383881,-16777216
100,99,101,102,"null","null","null",2,0.0,2.7161887,-0.6580931,3.2399998,-0.86750305,-16777216
114,2,115,152,"null","null","null",24,0.00321,2.8441024,-1.4333714,0.31737584,-3.1200023,-16777216
115,114,116,151,"null","null","null",19,0.00305,3.5088615,-0.4135872,1.0522953,-2.3745203,-16777216
116,115,117,150,"null","null","null",18,0.0029,3.344482,-0.5419766,2.543452,-1.8611584,-16777216
117,116,118,149,"null","null","null",17,0.00265,2.6608114,-0.67646265,3.436432,-0.7546786,-16777216
118,117,119,148,"null","null","null",16,0.0025499999,2.0763578,-2.2620983,3.4921408,-0.48397633,-16777216
119,118,120,147,"null","null","null",15,0.00241,1.0891883,-3.3844848,2.9069982,-0.6459135,-16777216
120,119,121,146,"null","null","null",14,0.00231,0.41857308,-3.700974,2.2381544,-1.7316611,-16777216
121,120,122,135,"null","null","null",13,0.00217,0.616762,-3.290554,1.2264436,-2.9930084,-16777216
122,121,123,132,"null","null","null",7,0.00207,1.3260202,-2.6331186,0.34808367,-3.4931765,-16777216
123,122,124,131,"null","null","null",5,0.00196,2.7374876,-1.6917154,0.57550347,-3.1863613,-16777216
124,123,125,130,"null","null","null",4,0.0018,3.476211,-0.5272655,0.8165411,-2.452271,-16777216
125,124,126,129,"null","null","null",3,0.0017,3.3782434,-0.5235995,2.3110676,-1.9383881,-16777216
126,125,127,128,"null","null","null",2,0.00151,2.7161887,-0.6580931,3.2399998,-0.86750305,-16777216
132,122,133,134,"null","null","null",2,0.0,0.70525444,-3.795215,2.2791705,-0.5537613,-16777216
135,121,136,145,"null","null","null",6,0.0,1.1971662,-3.165782,2.9699652,-0.31716365,-16777216
136,135,137,144,"null","null","null",5,0.0,0.3955212,-3.514796,2.2791705,-1.780947,-16777216
137,136,138,143,"null","null","null",4,0.0,0.6042905,-3.0981045,1.5045681,-3.1511025,-16777216
138,137,139,142,"null","null","null",3,0.0,0.6648817,-2.3612056,0.32388496,-3.8027492,-16777216
139,138,140,141,"null","null","null",2,0.0,1.961074,-1.7788231,0.55930126,-3.6551273,-16777216
152,114,153,160,"null","null","null",5,6.5E-4,0.28913033,-3.0657082,1.4052703,-2.960431,-16777216
153,152,154,159,"null","null","null",4,5.1E-4,1.3545951,-2.3408182,0.3480827,-3.4508302,-16777216
154,153,155,158,"null","null","null",3,3.7999998E-4,2.7746382,-1.691719,0.5755029,-3.1313138,-16777216
155,154,156,157,"null","null","null",2,2.4E-4,3.5245113,-0.5272703,0.665,-2.380709,-16777216
