index,parent,child1,child2,name1,name2,common,richness,lengthbr,hxmax,hxmin,hymax,hymin,color
0,-266655646,1,112,"'100","null","null",70,0.015700001,3.1184065,-1.26566,0.28912932,-3.1946905,-16777216
1,0,2,77,"null","null","null",56,0.01011,3.6562057,-0.34808096,1.3385828,-2.5084934,-16777216
2,1,3,76,"null","null","null",38,0.00996,3.398306,-0.5755017,2.7538283,-1.6917254,-16777216
3,2,4,73,"null","null","null",37,0.00982,2.7277982,-0.9035264,3.4974658,-0.3384841,-16777216
4,3,5,70,"null","null","null",35,0.00968,2.0181627,-2.4241564,3.4058833,-0.52359736,-16777216
5,4,6,69,"null","null","null",33,0.00954,0.86751556,-3.3870273,2.7521224,-0.65809256,-16777216
6,5,7,68,"null","null","null",32,0.0094,0.46288642,-3.516666,2.136552,-2.0156643,-16777216
7,6,8,63,"null","null","null",31,0.00926,0.6376139,-2.9699693,1.0032537,-3.1657753,-16777216
8,7,9,62,"null","null","null",28,0.00912,1.655306,-2.279173,0.39551955,-3.5147946,-16777216
9,8,10,53,"null","null","null",27,0.008979999,2.987776,-1.3321582,0.6042896,-3.0981061,-16777216
10,9,11,52,"null","null","null",22,0.008839999,3.590432,-0.3238832,1.211841,-2.3612065,-16777216
11,10,12,51,"null","null","null",21,0.00869,3.3791199,-0.55930007,2.6721268,-1.7788293,-16777216
12,11,13,40,"null","null","null",20,0.00854,2.7010105,-0.8246919,3.4975286,-0.41481102,-16777216
13,12,14,39,"null","null","null",14,0.00617,2.010221,-2.390836,3.4866738,-0.5042392,-16777216
14,13,15,38,"null","null","null",13,0.0022800001,0.97916144,-3.4484487,2.8752503,-0.65274835,-16777216
15,14,16,31,"null","null","null",12,0.0011200001,0.44105738,-3.6887531,2.2438025,-1.8644202,-16777216
16,15,17,30,"null","null","null",8,9.900001E-4,0.62788427,-3.2310882,1.302668,-3.0686493,-16777216
17,16,18,27,"null","null","null",7,2.6E-4,1.4436144,-2.584031,0.37199298,-3.4890332,-16777216
18,17,19,26,"null","null","null",5,1.1E-4,2.8032966,-1.60018,0.5905191,-3.1200023,-16777216
19,18,20,25,"null","null","null",4,0.0,3.455814,-0.4135872,0.9977628,-2.3745203,-16777216
20,19,21,24,"null","null","null",3,0.0,3.2755203,-0.5419766,2.4725597,-1.8611584,-16777216
21,20,22,23,"null","null","null",2,0.0,2.571161,-0.6619253,3.344272,-0.7546786,-16777216
27,17,28,29,"null","null","null",2,0.00881,0.67174923,-3.8167214,2.2381563,-0.7310834,-16777216
31,15,32,37,"null","null","null",4,4.2E-4,2.0763602,-2.3305824,3.492142,-0.56239486,-16777216
32,31,33,36,"null","null","null",3,2.8E-4,1.0891929,-3.4735181,2.907001,-0.6459132,-16777216
33,32,34,35,"null","null","null",2,1.4E-4,0.41857213,-3.8167214,2.2381563,-0.7310834,-16777216
40,12,41,50,"null","null","null",6,0.0,3.508861,-0.82108283,1.0796752,-2.3745208,-16777216
41,40,42,49,"null","null","null",5,0.0,3.3444848,-0.54197586,2.579049,-1.8611617,-16777216
42,41,43,48,"null","null","null",4,0.0,2.6608152,-0.6619252,3.4827125,-0.75468326,-16777216
43,42,44,47,"null","null","null",3,0.0,2.0763602,-1.9703245,3.5523093,-0.48397547,-16777216
44,43,45,46,"null","null","null",2,0.0,1.0891929,-3.0051827,2.9852185,-0.6459132,-16777216
53,9,54,59,"null","null","null",5,0.0076400004,0.30320185,-3.0229409,1.151437,-3.3004146,-16777216
54,53,55,58,"null","null","null",3,0.0074400003,1.0472794,-2.3134384,0.371992,-3.790332,-16777216
55,54,56,57,"null","null","null",2,0.00498,2.288065,-1.600184,0.5905185,-3.5116932,-16777216
59,53,60,61,"null","null","null",2,0.0019,1.0891972,-3.0051777,2.9852235,-0.33095694,-16777216
63,7,64,67,"null","null","null",3,2.8E-4,0.979166,-3.5548296,2.8342924,-0.34453052,-16777216
64,63,65,66,"null","null","null",2,1.4E-4,0.4410565,-3.8270524,2.190555,-0.9094058,-16777216
70,4,71,72,"null","null","null",2,0.0,3.6551342,-0.40147775,1.9610553,-1.7788329,-16777216
73,3,74,75,"null","null","null",2,0.0,3.6646912,-0.79509354,0.41842157,-2.361207,-16777216
77,1,78,103,"null","null","null",18,1.4E-4,1.6061871,-2.3938475,0.705258,-3.5147934,-16777216
78,77,79,102,"null","null","null",13,0.0,2.923925,-1.5045791,0.60428905,-3.0981069,-16777216
79,78,80,101,"null","null","null",12,0.0,3.50743,-0.32388222,1.1974933,-2.361207,-16777216
80,79,81,100,"'s__Chromohalobactersalexigens'","null","null",11,0.0,3.2712202,-0.55929935,2.6534781,-1.7788329,-16777216
81,80,82,99,"null","null","null",10,0.0,2.5607407,-0.7518066,3.4732897,-0.6411255,-16777216
82,81,83,98,"null","null","null",9,0.0,2.0102236,-2.2960877,3.4551668,-0.50423837,-16777216
83,82,84,97,"null","null","null",8,0.0,0.979166,-3.3252804,2.8342924,-0.6527481,-16777216
84,83,85,96,"null","null","null",7,0.0,0.4410565,-3.5286386,2.190555,-1.864414,-16777216
85,84,86,95,"null","null","null",6,0.0,0.6278838,-3.0229409,1.3026721,-3.068645,-16777216
86,85,87,94,"null","null","null",5,0.0,1.641902,-2.3134384,0.371992,-3.489032,-16777216
87,86,88,93,"null","null","null",4,0.0,3.0610743,-1.600184,0.5905185,-3.1200032,-16777216
88,87,89,92,"null","null","null",3,0.0,3.7909293,-0.41359186,0.6642302,-2.3745208,-16777216
89,88,90,91,"null","null","null",2,0.0,3.7111735,-0.54197586,1.7914519,-1.8611617,-16777216
103,77,104,109,"null","null","null",5,0.00269,0.6366799,-3.5286388,2.3868856,-2.0262897,-16777216
104,103,105,108,"null","null","null",3,0.00255,0.6278834,-3.022943,1.3026766,-3.2790875,-16777216
105,104,106,107,"null","null","null",2,0.00239,0.6527469,-2.3134398,0.37199104,-3.7626112,-16777216
109,103,110,111,"null","null","null",2,1.4E-4,2.0763655,-1.2662419,3.8140664,-0.562398,-16777216
112,0,113,138,"null","null","null",14,0.00749,0.3171621,-3.0581813,1.1971781,-3.1657712,-16777216
113,112,114,129,"null","null","null",13,0.00443,1.6061871,-2.3938475,0.3955186,-3.5147934,-16777216
114,113,115,126,"null","null","null",8,0.00416,2.923925,-1.4209411,0.60428905,-3.0981069,-16777216
115,114,116,125,"null","null","null",6,0.004,3.50743,-0.32388222,1.3502617,-2.361207,-16777216
116,115,117,122,"null","null","null",5,0.00322,3.2712202,-0.55929935,2.8520768,-1.7948499,-16777216
117,116,118,121,"null","null","null",3,0.00306,2.5607407,-0.6642306,3.7314677,-0.6411255,-16777216
118,117,119,120,"null","null","null",2,1.4E-4,2.0102236,-1.4433559,3.7907982,-0.50423837,-16777216
122,116,123,124,"null","null","null",2,1.4E-4,2.2880588,-1.6001878,0.3173793,-3.5116968,-16777216
126,114,127,128,"null","null","null",2,0.00637,0.3032013,-3.222695,1.3026766,-2.7384977,-16777216
129,113,130,135,"'100","null","null",5,2.8E-4,0.6366799,-3.5286388,2.3868856,-2.0262897,-16777216
130,129,131,134,"null","null","null",3,1.4E-4,0.6278834,-3.022943,1.3026766,-3.2790875,-16777216
131,130,132,133,"null","null","null",2,0.0,0.6527469,-2.3134398,0.37199104,-3.7626112,-16777216
135,129,136,137,"null","null","null",2,0.0,2.0763655,-1.2662419,3.8140664,-0.562398,-16777216
