index,parent,child1,child2,name1,name2,common,richness,lengthbr,hxmax,hxmin,hymax,hymin,color
0,-265695085,1,44,"null","null","null",23,0.01448,0.75469124,-3.475097,2.6488056,-0.66192496,-16777216
1,0,2,25,"null","null","null",22,0.00863,0.483974,-3.5424151,2.0607433,-2.1597397,-16777216
2,1,3,22,"null","null","null",12,0.00447,0.64591265,-2.9723577,0.8706852,-3.25143,-16777216
3,2,4,15,"null","null","null",10,0.00193,1.9147071,-2.3231168,0.41857052,-3.5280137,-16777216
4,3,5,10,"null","null","null",6,0.0011100001,3.230979,-1.2264555,0.61676073,-3.0657108,-16777216
5,4,6,9,"null","null","null",3,0.00162,3.8025498,-0.34808096,0.85626227,-2.3408198,-16777216
6,5,7,8,"null","null","null",2,8.1E-4,3.5885534,-0.5755017,2.1268117,-1.6917254,-16777216
10,4,11,14,"null","null","null",3,3.0E-4,0.3171621,-2.9699712,1.1971781,-3.3814778,-16777216
11,10,12,13,"null","null","null",2,1.4E-4,0.6459114,-2.2791743,0.3955186,-3.7952118,-16777216
15,3,16,21,"null","null","null",4,0.0068200002,0.6001805,-3.5166664,2.1365542,-2.1815863,-16777216
16,15,17,20,"null","null","null",3,0.00601,0.6376136,-2.9699712,1.1971781,-3.3814778,-16777216
17,16,18,19,"null","null","null",2,1.4E-4,0.6459114,-2.2791743,0.3955186,-3.7952118,-16777216
22,2,23,24,"null","null","null",2,0.00576,0.9025978,-3.239983,2.7162104,-0.35782912,-16777216
25,1,26,39,"null","null","null",10,0.00603,1.7993816,-2.4241512,3.4058857,-0.48358327,-16777216
26,25,27,38,"null","null","null",7,0.00134,0.86752015,-3.3870246,2.7521257,-0.6580924,-16777216
27,26,28,37,"null","null","null",6,0.0011999999,0.46288556,-3.5166664,2.1365542,-2.1643877,-16777216
28,27,29,34,"null","null","null",5,0.0011,0.6376136,-2.9699712,1.0121977,-3.35912,-16777216
29,28,30,33,"null","null","null",3,9.6000003E-4,1.2371399,-2.2791743,0.3955186,-3.7661467,-16777216
30,29,31,32,"null","null","null",2,8.2E-4,2.4441638,-1.5045791,0.60428905,-3.4248662,-16777216
34,28,35,36,"null","null","null",2,0.00248,0.9791704,-3.1268048,2.8544092,-0.34452996,-16777216
39,25,40,43,"null","null","null",3,0.00272,3.1628695,-0.40147948,2.627271,-1.7788361,-16777216
40,39,41,42,"null","null","null",2,0.00182,2.419885,-0.6642305,3.4392245,-0.64113027,-16777216
