index,parent,child1,child2,name1,name2,common,richness,lengthbr,hxmax,hxmin,hymax,hymin,color
0,-267662278,1,146,"null","null","null",74,7.2E-4,2.834281,-0.65274906,3.325291,-0.9791491,-16777216
1,0,2,145,"null","null","null",73,5.8E-4,2.1905475,-1.8644375,3.528638,-0.4410599,-16777216
2,1,3,86,"null","null","null",72,4.2E-4,1.1456993,-3.0686607,3.0229335,-0.6278854,-16777216
3,2,4,85,"null","null","null",42,2.8E-4,0.37199563,-3.489037,2.313434,-1.4750184,-16777216
4,3,5,66,"null","null","null",41,1.4E-4,0.5905207,-3.1200008,1.4333603,-2.844112,-16777216
5,4,6,65,"null","null","null",31,0.0,1.0523118,-2.3745193,0.4135744,-3.5088623,-16777216
6,5,7,64,"null","null","null",30,0.0,2.543465,-1.8611495,0.5419786,-3.3444748,-16777216
7,6,8,63,"null","null","null",29,0.0,3.4364367,-0.754666,0.6619257,-2.6608007,-16777216
8,7,9,62,"null","null","null",28,0.0,3.4921374,-0.48397863,2.1597712,-2.0763507,-16777216
9,8,10,61,"null","null","null",27,0.0,2.9069908,-0.6459143,3.2514482,-1.0891759,-16777216
10,9,11,60,"null","null","null",26,0.0,2.2381496,-1.7316748,3.5280154,-0.4185756,-16777216
11,10,12,59,"null","null","null",25,0.0,1.4052548,-2.9930158,3.0657024,-0.6167633,-16777216
12,11,13,58,"null","null","null",24,0.0,0.34808636,-3.4931746,2.3408146,-1.3386137,-16777216
13,12,14,57,"null","null","null",23,0.0,0.5755052,-3.1863513,1.6917055,-2.7538497,-16777216
14,13,15,56,"null","null","null",22,0.0,0.90356004,-2.4522583,0.5272528,-3.49747,-16777216
15,14,16,55,"null","null","null",21,0.0,2.424184,-1.9383796,0.52360165,-3.4058712,-16777216
16,15,17,54,"null","null","null",20,0.0,3.3870397,-0.8674905,0.6580936,-2.7521033,-16777216
17,16,18,53,"null","null","null",19,0.0,3.5166616,-0.46289122,2.0156977,-2.1365395,-16777216
18,17,19,52,"null","null","null",18,0.0,2.969956,-0.6376159,3.1657963,-1.19715,-16777216
19,18,20,51,"null","null","null",17,0.0,2.2791646,-1.6062269,3.5147994,-0.39552477,-16777216
20,19,21,50,"null","null","null",16,0.0,1.5045532,-2.9239526,3.0981007,-0.6042925,-16777216
21,20,22,49,"null","null","null",15,0.0,0.32388866,-3.5074382,2.3612037,-1.1975209,-16777216
22,21,23,48,"null","null","null",14,0.0,0.5593028,-3.2712166,1.7788204,-2.6534972,-16777216
23,22,24,47,"null","null","null",13,0.0,0.7518128,-2.5607357,0.64111376,-3.473299,-16777216
24,23,25,46,"null","null","null",12,0.0,2.2960904,-2.0102227,0.50424004,-3.455172,-16777216
25,24,26,45,"null","null","null",11,0.0,3.3252814,-0.9791683,0.6527482,-2.8342986,-16777216
26,25,27,44,"null","null","null",10,0.0,3.5286434,-0.44105563,1.8643943,-2.1905613,-16777216
27,26,28,43,"null","null","null",9,0.0,3.0229511,-0.6278828,3.0686293,-1.3026875,-16777216
28,27,29,42,"null","null","null",8,0.0,2.313447,-1.4749691,3.4890275,-0.3719882,-16777216
29,28,30,41,"null","null","null",7,0.0,1.6002097,-2.8440812,3.1200101,-0.5905153,-16777216
30,29,31,40,"null","null","null",6,0.0,0.4136278,-3.5088682,2.3745265,-1.0796347,-16777216
31,30,32,39,"null","null","null",5,0.0,0.5419697,-3.3445191,1.8611939,-2.5790224,-16777216
32,31,33,38,"null","null","null",4,0.0,0.66192394,-2.6608632,0.75473326,-3.4827204,-16777216
33,32,34,37,"null","null","null",3,0.0,1.9702239,-2.0763943,0.4839659,-3.5523596,-16777216
34,33,35,36,"null","null","null",2,0.0,3.005106,-1.0892547,0.64590925,-2.9852986,-16777216
66,4,67,84,"null","null","null",10,0.0017900001,1.405259,-3.1463523,3.0657039,-0.2891319,-16777216
67,66,68,83,"null","null","null",9,0.0016500001,0.34808537,-3.692516,2.3408155,-1.3260286,-16777216
68,67,69,82,"null","null","null",8,0.0015100001,0.57550454,-3.4454982,1.691709,-2.7374926,-16777216
69,68,70,77,"null","null","null",7,0.0013700001,0.8165541,-2.7891493,0.33847022,-3.4762099,-16777216
70,69,71,74,"null","null","null",4,0.00123,2.3110793,-2.0181432,0.5236008,-3.3782363,-16777216
71,70,72,73,"null","null","null",2,0.00109,3.2400076,-0.86749494,0.65809345,-2.7161784,-16777216
74,70,75,76,"null","null","null",2,1.4E-4,0.40147012,-3.6551228,1.7788172,-1.961086,-16777216
77,69,78,81,"null","null","null",3,0.0,0.79508865,-3.8027494,2.3612041,-0.66489553,-16777216
78,77,79,80,"null","null","null",2,0.0,0.55930245,-3.6551228,1.7788172,-1.961086,-16777216
86,2,87,126,"null","null","null",30,0.00521,2.9723413,-0.33095902,3.2514448,-0.9287907,-16777216
87,86,88,117,"null","null","null",20,0.00432,2.3231034,-1.8281412,3.5280151,-0.4185747,-16777216
88,87,89,110,"null","null","null",15,0.0034099997,1.2264359,-3.1184258,3.0657039,-0.6167628,-16777216
89,88,90,109,"null","null","null",11,0.0026699996,0.34808537,-3.6562119,2.3408155,-1.3386083,-16777216
90,89,91,106,"null","null","null",10,0.0025199996,0.57550454,-3.3983026,1.6749098,-2.753846,-16777216
91,90,92,103,"null","null","null",8,0.0023799997,0.9519302,-2.727795,0.33847022,-3.4974692,-16777216
92,91,93,100,"null","null","null",6,0.0022399998,2.4870682,-2.0181432,0.5236008,-3.4058733,-16777216
93,92,94,99,"null","null","null",4,0.0021,3.4687932,-0.86749494,0.65809345,-2.7521067,-16777216
94,93,95,98,"null","null","null",3,0.00196,3.6229448,-0.46289036,1.7924646,-2.1365418,-16777216
95,94,96,97,"null","null","null",2,0.00182,3.1081252,-0.63761556,2.8755972,-1.1971544,-16777216
100,92,101,102,"null","null","null",2,0.00183,0.40147012,-3.6551228,1.7788172,-1.961086,-16777216
103,91,104,105,"null","null","null",2,0.00366,0.79508865,-3.6647022,2.3612041,-0.41842353,-16777216
106,90,107,108,"null","null","null",2,9.1E-4,1.5045612,-2.4441917,3.4248495,-0.27500403,-16777216
110,88,111,114,"null","null","null",4,0.00106,2.969961,-0.31716463,3.381496,-1.0121721,-16777216
111,110,112,113,"null","null","null",2,0.00274,2.2791677,-0.64591,3.795217,-0.39552286,-16777216
114,110,115,116,"null","null","null",2,9.1E-4,3.1268265,-0.9791502,0.34453243,-2.8543844,-16777216
117,87,118,123,"null","null","null",5,0.00198,3.5166636,-0.6001736,2.1816142,-2.3053896,-16777216
118,117,119,122,"null","null","null",3,0.00183,2.969961,-0.6376152,3.381496,-1.1971588,-16777216
119,118,120,121,"null","null","null",2,9.2E-4,2.2791677,-0.64591,3.795217,-0.39552286,-16777216
123,117,124,125,"null","null","null",2,1.4E-4,1.4433811,-2.0102139,0.52347374,-3.7907944,-16777216
126,86,127,136,"null","null","null",10,0.0031599998,3.3870354,-0.90259504,0.5563158,-2.761765,-16777216
127,126,128,135,"null","null","null",5,0.0030099999,3.5166636,-0.4628895,2.1644096,-2.1365438,-16777216
128,127,129,134,"null","null","null",4,0.0021,2.969961,-0.6376152,3.35913,-1.1971588,-16777216
129,128,130,133,"null","null","null",3,0.00196,2.2791677,-1.2371743,3.7661414,-0.39552286,-16777216
130,129,131,132,"null","null","null",2,0.00182,1.5045612,-2.4441917,3.4248495,-0.60429144,-16777216
136,126,137,142,"null","null","null",5,1.4E-4,0.6343945,-2.7414098,0.8665017,-3.4851897,-16777216
137,136,138,141,"null","null","null",3,0.0,2.1434426,-2.0102139,0.50424117,-3.470625,-16777216
138,137,139,140,"null","null","null",2,0.0,3.1268265,-0.9791502,0.65274894,-2.8543844,-16777216
142,136,143,144,"null","null","null",2,9.1E-4,0.8210803,-3.5997684,2.3745198,-0.40725452,-16777216
