index,parent,child1,child2,name1,name2,common,richness,lengthbr,hxmax,hxmin,hymax,hymin,color
0,-263099356,1,44,"null","null","null",25,7.0000003E-4,2.0484514,-2.218462,3.4921408,-0.48397633,-16777216
1,0,2,35,"null","null","null",22,5.6E-4,0.88663447,-3.3277574,2.9069982,-0.6459135,-16777216
2,1,3,34,"null","null","null",17,4.2E-4,0.41857308,-3.6272283,2.2381544,-1.7316611,-16777216
3,2,4,33,"null","null","null",16,2.8E-4,0.616762,-3.1946843,1.4052664,-2.9930084,-16777216
4,3,5,26,"null","null","null",15,1.4E-4,1.3385983,-2.5084882,0.34808367,-3.4931765,-16777216
5,4,6,25,"null","null","null",11,0.0,2.7538388,-1.6917154,0.57550347,-3.1863613,-16777216
6,5,7,24,"null","null","null",10,0.0,3.4974678,-0.5272655,0.90354335,-2.452271,-16777216
7,6,8,23,"null","null","null",9,0.0,3.405877,-0.5235995,2.4241705,-1.9383881,-16777216
8,7,9,22,"null","null","null",8,0.0,2.7521129,-0.6580931,3.3870337,-0.86750305,-16777216
9,8,10,21,"null","null","null",7,0.0,2.1365457,-2.0156808,3.516664,-0.46288884,-16777216
10,9,11,20,"null","null","null",6,0.0,1.197162,-3.1657856,2.9699626,-0.63761497,-16777216
11,10,12,19,"null","null","null",5,0.0,0.39552215,-3.5147967,2.2791688,-1.7809522,-16777216
12,11,13,18,"null","null","null",4,0.0,0.6042911,-3.098103,1.504564,-3.1511056,-16777216
13,12,14,17,"null","null","null",3,0.0,0.66488963,-2.3612046,0.32388595,-3.8027492,-16777216
14,13,15,16,"null","null","null",2,0.0,1.9610809,-1.7788199,0.559302,-3.6551247,-16777216
26,4,27,32,"null","null","null",4,0.00947,0.70525444,-3.514796,2.2791705,-1.6992598,-16777216
27,26,28,31,"null","null","null",3,0.00933,0.6042905,-3.0981045,1.5045681,-3.0449092,-16777216
28,27,29,30,"null","null","null",2,0.00705,0.6619241,-2.3612056,0.32388496,-3.664698,-16777216
35,1,36,41,"null","null","null",5,2.8E-4,2.7521162,-0.3578306,3.4687905,-0.9025961,-16777216
36,35,37,40,"null","null","null",3,1.4E-4,2.136548,-1.7924442,3.6229517,-0.46288794,-16777216
37,36,38,39,"null","null","null",2,0.0,1.1971662,-2.8755822,3.1081383,-0.63761455,-16777216
41,35,42,43,"null","null","null",2,7.8E-4,3.439235,-0.86650324,0.3833969,-2.4198678,-16777216
44,0,45,48,"null","null","null",3,2.8E-4,3.3782473,-0.48357874,2.311061,-1.938391,-16777216
45,44,46,47,"null","null","null",2,1.4E-4,2.7161942,-0.65809286,3.2399955,-0.8675076,-16777216
