index,parent,child1,child2,name1,name2,common,richness,lengthbr,hxmax,hxmin,hymax,hymin,color
0,-267798521,1,129,"null","null","null",129,0.013160007,3.0061686,-1.504572,0.60429,-3.0981054,-16777216
1,0,2,128,"null","null","null",128,0.012950007,3.6143394,-0.32388395,1.1975032,-2.361206,-16777216
2,1,3,127,"null","null","null",127,0.012200007,3.4101973,-0.5593006,2.6534853,-1.7788266,-16777216
3,2,4,124,"null","null","null",126,0.012060007,2.7414107,-0.75181305,3.4732912,-0.41481102,-16777216
4,3,5,123,"null","null","null",124,0.011920007,2.010221,-2.2960935,3.4551654,-0.5042392,-16777216
5,4,6,120,"null","null","null",123,0.011780007,0.72745305,-3.3252835,2.8342896,-0.65274835,-16777216
6,5,7,119,"null","null","null",121,0.011640007,0.44105738,-3.5286386,2.1905532,-1.8644202,-16777216
7,6,8,118,"null","null","null",120,0.011500007,0.62788427,-3.0229392,1.302668,-3.0686493,-16777216
8,7,9,117,"null","null","null",119,0.011360006,1.4707948,-2.3134372,0.37199298,-3.4890332,-16777216
9,8,10,116,"null","null","null",118,0.011220006,2.8386312,-1.60018,0.5905191,-3.1200023,-16777216
10,9,11,115,"null","null","null",117,0.011080006,3.501749,-0.4135872,1.0522953,-2.3745203,-16777216
11,10,12,114,"null","null","null",116,0.010940006,3.335236,-0.5419766,2.543452,-1.8611584,-16777216
12,11,13,113,"null","null","null",115,0.010800006,2.6487918,-0.6619253,3.436432,-0.7546786,-16777216
13,12,14,70,"null","null","null",114,0.010660006,2.0607324,-2.1597555,3.4921408,-0.48397633,-16777216
14,13,15,69,"null","null","null",92,0.010520006,1.0891883,-3.251439,2.9069982,-0.6459135,-16777216
15,14,16,68,"null","null","null",91,0.010380005,0.41857308,-3.5280147,2.2381544,-1.7316611,-16777216
16,15,17,67,"null","null","null",90,0.010240005,0.616762,-3.0657067,1.4052664,-2.9930084,-16777216
17,16,18,66,"null","null","null",89,0.010100005,1.3385983,-2.3408172,0.34808367,-3.4931765,-16777216
18,17,19,65,"null","null","null",88,0.009960005,2.7538388,-1.6917154,0.57550347,-3.1863613,-16777216
19,18,20,64,"null","null","null",87,0.009820005,3.4974678,-0.5272655,0.95281875,-2.452271,-16777216
20,19,21,63,"null","null","null",86,0.009680005,3.405877,-0.5235995,2.4882286,-1.9383881,-16777216
21,20,22,62,"null","null","null",85,0.009540005,2.7521129,-0.6580931,3.4703093,-0.86750305,-16777216
22,21,23,61,"null","null","null",84,0.0094000045,2.1365457,-2.0156808,3.6249223,-0.46288884,-16777216
23,22,24,60,"null","null","null",83,0.009260004,1.197162,-3.1657856,3.1106987,-0.63761497,-16777216
24,23,25,55,"null","null","null",82,0.009120004,0.39552215,-3.5147967,2.4621255,-1.6062064,-16777216
25,24,26,54,"null","null","null",79,0.008980004,0.6042911,-3.098103,1.504564,-2.9239364,-16777216
26,25,27,53,"null","null","null",78,0.008840004,1.2118564,-2.3612046,0.32388595,-3.507429,-16777216
27,26,28,52,"null","null","null",77,0.008700004,2.6721375,-1.7788199,0.559302,-3.2712083,-16777216
28,27,29,51,"null","null","null",76,0.008560004,3.4975305,-0.6411083,0.81433666,-2.560725,-16777216
29,28,30,50,"null","null","null",75,0.008420004,3.4866672,-0.5042414,2.3773665,-2.0102134,-16777216
30,29,31,49,"null","null","null",74,0.008300004,2.8752391,-0.65274906,3.4309268,-0.9791491,-16777216
31,30,32,42,"null","null","null",73,0.008160003,2.2437932,-1.9931906,3.6659646,-0.4410599,-16777216
32,31,33,39,"null","null","null",69,0.008020003,1.1514161,-3.2360396,3.2014587,-0.6278854,-16777216
33,32,-267796480,34,"null","null","null",67,0.007180003,0.37199563,-3.7066293,2.5455165,-1.5006152,-16777216
34,33,35,38,"null","null","null",3,2.8E-4,2.2381516,-1.4251484,3.7300787,-0.6717454,-16777216
35,34,36,37,"null","null","null",2,1.4E-4,1.405259,-2.594535,3.3283865,-0.6167628,-16777216
39,32,40,41,"null","null","null",2,0.0017,2.9852042,-0.33095902,3.0051968,-1.0891805,-16777216
42,31,43,48,"null","null","null",4,0.00206,3.4921389,-0.56239057,2.3305988,-2.0763533,-16777216
43,42,44,47,"null","null","null",3,0.0019200001,2.9069936,-0.6459141,3.473528,-1.0891805,-16777216
44,43,45,46,"null","null","null",2,0.00178,2.2381516,-0.7311032,3.8167233,-0.4185747,-16777216
55,24,56,59,"null","null","null",3,0.00227,2.1905496,-1.6104795,3.6822863,-0.63667446,-16777216
56,55,57,58,"null","null","null",2,0.00178,1.3026603,-2.7385192,3.2226782,-0.627885,-16777216
70,13,71,112,"null","null","null",22,0.0,3.4058795,-0.48357874,2.4241652,-1.938391,-16777216
71,70,72,111,"null","null","null",21,0.0,2.7521162,-0.65809286,3.3870313,-0.8675076,-16777216
72,71,73,110,"null","null","null",20,0.0,2.136548,-2.0156748,3.5166647,-0.46288794,-16777216
73,72,74,109,"null","null","null",19,0.0,1.1971662,-3.165782,2.9699652,-0.63761455,-16777216
74,73,75,108,"null","null","null",18,0.0,0.3955212,-3.514796,2.2791705,-1.6062012,-16777216
75,74,76,107,"null","null","null",17,0.0,0.6042905,-3.0981045,1.5045681,-2.9239333,-16777216
76,75,77,106,"null","null","null",16,0.0,1.1975098,-2.3612056,0.32388496,-3.5074291,-16777216
77,76,78,105,"null","null","null",15,0.0,2.6534905,-1.7788231,0.55930126,-3.2712114,-16777216
78,77,79,104,"null","null","null",14,0.0,3.4732935,-0.64111286,0.7518239,-2.560729,-16777216
79,78,80,103,"null","null","null",13,0.0,3.4551625,-0.5042406,2.2961028,-2.010216,-16777216
80,79,81,102,"null","null","null",12,0.0,2.834284,-0.6527488,3.325288,-0.97915363,-16777216
81,80,82,101,"null","null","null",11,0.0,2.1905496,-1.8644313,3.528638,-0.441059,-16777216
82,81,83,100,"null","null","null",10,0.0,1.3026603,-3.0686567,3.0229354,-0.627885,-16777216
83,82,84,99,"null","null","null",9,0.0,0.37199467,-3.4890356,2.313435,-1.475013,-16777216
84,83,85,98,"null","null","null",8,0.0,0.59052014,-3.1200013,1.6001736,-2.8441086,-16777216
85,84,86,97,"null","null","null",7,0.0,1.052306,-2.3745198,0.4135791,-3.5088618,-16777216
86,85,87,96,"null","null","null",6,0.0,2.5434606,-1.8611528,0.5419778,-3.3444774,-16777216
87,86,88,95,"null","null","null",5,0.0,3.4364352,-0.7546705,0.72915864,-2.6608047,-16777216
88,87,89,94,"null","null","null",4,0.0,3.4921389,-0.4839778,2.3305988,-2.0763533,-16777216
89,88,90,93,"null","null","null",3,0.0,2.9069936,-0.6459141,3.473528,-1.0891805,-16777216
90,89,91,92,"null","null","null",2,0.0,2.2381516,-0.7311032,3.8167233,-0.4185747,-16777216
120,5,121,122,"null","null","null",2,0.00178,2.571167,-0.37080234,3.3442678,-0.88575554,-16777216
124,3,125,126,"null","null","null",2,0.00178,3.5997612,-0.82108283,0.40725338,-2.3745208,-16777216
