index,parent,child1,child2,name1,name2,common,richness,lengthbr,hxmax,hxmin,hymax,hymin,color
0,-265058267,1,160,"null","null","null",88,0.00414,2.7233949,-0.8246919,3.4975286,-0.5617558,-16777216
1,0,2,95,"null","null","null",80,0.0039999997,1.9943695,-2.390836,3.4866738,-0.5042392,-16777216
2,1,3,80,"null","null","null",47,0.0038499995,0.8530533,-3.4484487,2.8752503,-0.65274835,-16777216
3,2,4,61,"null","null","null",39,0.0036999995,0.44105738,-3.6887531,2.2438025,-1.8644202,-16777216
4,3,5,40,"null","null","null",29,0.0035599996,0.62788427,-3.2310882,1.1166681,-3.0686493,-16777216
5,4,6,37,"null","null","null",18,0.0034199997,1.4750034,-2.584031,0.37199298,-3.4890332,-16777216
6,5,7,24,"null","null","null",16,0.0032799998,2.8441024,-1.4333714,0.5905191,-3.1200023,-16777216
7,6,8,23,"null","null","null",9,0.0023799997,3.5088615,-0.4135872,1.0522953,-2.3745203,-16777216
8,7,9,20,"null","null","null",8,0.0022399998,3.344482,-0.5419766,2.543452,-1.9094019,-16777216
9,8,10,19,"null","null","null",6,0.0021,2.6608114,-0.7291472,3.436432,-0.7546786,-16777216
10,9,11,18,"null","null","null",5,0.00119,2.0763578,-2.3305883,3.4921408,-0.48397633,-16777216
11,10,12,15,"null","null","null",4,0.00105,0.8706691,-3.4735217,2.9069982,-0.6459135,-16777216
12,11,13,14,"null","null","null",2,0.00182,0.41857308,-3.8167224,2.2381544,-0.7310905,-16777216
15,11,16,17,"null","null","null",2,9.1E-4,2.7161942,-0.3578306,3.2399955,-0.9025961,-16777216
20,8,21,22,"null","null","null",2,0.0,2.126823,-1.691719,0.35959226,-3.5885482,-16777216
24,6,25,36,"null","null","null",7,0.0032999995,0.28913033,-3.0657082,1.4052703,-2.993006,-16777216
25,24,26,35,"null","null","null",6,0.0031599996,1.4981619,-2.3408182,0.3480827,-3.4931774,-16777216
26,25,27,32,"null","null","null",5,0.0030199997,2.9612753,-1.6749235,0.5755029,-3.1863651,-16777216
27,26,28,31,"null","null","null",3,0.0028799998,3.7671397,-0.5272703,0.665,-2.4522755,-16777216
28,27,29,30,"null","null","null",2,0.00274,3.7564535,-0.52359873,1.618665,-1.938391,-16777216
32,26,33,34,"null","null","null",2,0.0,0.27500245,-3.4248598,1.504572,-2.4441745,-16777216
37,5,38,39,"null","null","null",2,1.4E-4,0.67174923,-3.8167214,2.2381563,-0.7310834,-16777216
40,4,41,56,"null","null","null",11,0.00237,0.9287919,-3.3844817,2.907001,-0.33095747,-16777216
41,40,42,55,"null","null","null",8,0.00147,0.41857213,-3.700974,2.2381563,-1.7065986,-16777216
42,41,43,54,"null","null","null",7,0.00133,0.6167615,-3.290556,1.4052703,-2.960431,-16777216
43,42,44,51,"null","null","null",6,0.00119,1.3545951,-2.6331205,0.3480827,-3.4508302,-16777216
44,43,45,48,"null","null","null",4,0.00105,2.7746382,-1.6749235,0.5755029,-3.1313138,-16777216
45,44,46,47,"null","null","null",2,9.1E-4,3.5245113,-0.5272703,0.665,-2.380709,-16777216
48,44,49,50,"null","null","null",2,9.1E-4,0.27500245,-3.4248598,1.504572,-2.4441745,-16777216
51,43,52,53,"null","null","null",2,0.0,0.7052557,-3.795214,2.279172,-0.553754,-16777216
56,40,57,60,"null","null","null",3,0.0028799998,2.7521198,-0.35783008,3.625106,-0.9025967,-16777216
57,56,58,59,"null","null","null",2,0.00274,2.1365504,-1.0880378,3.8261657,-0.46288708,-16777216
61,3,62,75,"null","null","null",10,0.00133,2.0484562,-2.1597497,3.492142,-0.56239486,-16777216
62,61,63,74,"null","null","null",7,4.2E-4,1.0891929,-3.2514358,2.907001,-0.6459132,-16777216
63,62,64,73,"null","null","null",6,2.8E-4,0.41857213,-3.5280142,2.2381563,-1.9147164,-16777216
64,63,65,70,"null","null","null",5,1.4E-4,0.6167615,-3.0657082,1.2878593,-3.2309842,-16777216
65,64,66,69,"null","null","null",3,0.0,0.85627556,-2.3408182,0.3480827,-3.8025491,-16777216
66,65,67,68,"null","null","null",2,0.0,2.126823,-1.691719,0.5755029,-3.5885482,-16777216
70,64,71,72,"null","null","null",2,0.00182,1.1971705,-2.8755767,3.108143,-0.31716308,-16777216
75,61,76,79,"null","null","null",3,0.0015199999,3.378251,-0.4835804,2.3110542,-1.9383942,-16777216
76,75,77,78,"null","null","null",2,9.1E-4,2.7161999,-0.6580927,3.2399912,-0.8675122,-16777216
80,2,81,90,"null","null","null",8,0.00452,2.8537674,-0.72914076,3.43643,-0.88575554,-16777216
81,80,82,87,"null","null","null",5,0.00363,2.2165468,-2.3305824,3.492142,-0.48397547,-16777216
82,81,83,86,"null","null","null",3,0.00272,1.0891929,-3.4735181,2.907001,-0.6459132,-16777216
83,82,84,85,"null","null","null",2,0.00183,0.41857213,-3.8167214,2.2381563,-0.7310834,-16777216
87,81,88,89,"null","null","null",2,0.0,3.7564552,-0.4835804,1.6186578,-1.9383942,-16777216
90,80,91,94,"null","null","null",3,0.00101,3.7671385,-0.844918,0.39556277,-2.4522803,-16777216
91,90,92,93,"null","null","null",2,9.1E-4,3.7564552,-0.52359796,1.6186578,-1.9383942,-16777216
95,1,96,145,"null","null","null",33,0.00402,3.4269888,-0.44285947,2.5434473,-1.730659,-16777216
96,95,97,126,"null","null","null",25,0.00387,2.7680707,-0.6619252,3.43643,-0.52231133,-16777216
97,96,98,125,"null","null","null",15,0.0037699998,2.0763602,-2.1597497,3.492142,-0.48397547,-16777216
98,97,99,124,"null","null","null",14,0.0031599998,1.0891929,-3.2514358,2.907001,-0.6459132,-16777216
99,98,100,123,"null","null","null",13,0.0025499999,0.41857213,-3.5280142,2.2381563,-1.8281239,-16777216
100,99,101,114,"null","null","null",12,0.0023999999,0.6167615,-3.0657082,1.2264479,-3.1184142,-16777216
101,100,102,113,"null","null","null",7,0.00225,1.3260154,-2.3408182,0.3480827,-3.656208,-16777216
102,101,103,112,"null","null","null",6,0.00134,2.7374847,-1.691719,0.5755029,-3.3983047,-16777216
103,102,104,109,"null","null","null",5,0.00119,3.4762118,-0.3384788,0.8165337,-2.727797,-16777216
104,103,105,108,"null","null","null",3,0.00105,3.3782473,-0.52359873,2.311061,-1.938391,-16777216
105,104,106,107,"null","null","null",2,9.1E-4,2.7161942,-0.65809286,3.2399955,-0.8675076,-16777216
109,103,110,111,"null","null","null",2,0.00274,0.41842234,-2.361206,0.7950916,-3.6646955,-16777216
114,100,115,120,"null","null","null",5,1.4E-4,1.0121877,-3.359124,2.9699674,-0.31716308,-16777216
115,114,116,119,"null","null","null",3,0.0,0.39552027,-3.7661448,2.279172,-1.2371532,-16777216
116,115,117,118,"null","null","null",2,0.0,0.60429,-3.4248598,1.504572,-2.4441745,-16777216
120,114,121,122,"null","null","null",2,0.00183,2.8543994,-0.3445309,3.1268134,-0.9791625,-16777216
126,96,127,144,"null","null","null",10,0.00147,3.5743208,-0.844918,0.903531,-2.4522803,-16777216
127,126,128,143,"null","null","null",9,5.6E-4,3.5057921,-0.52359796,2.4241602,-1.9383942,-16777216
128,127,129,142,"null","null","null",8,4.2E-4,2.8820033,-0.6580927,3.387029,-0.8675122,-16777216
129,128,130,139,"null","null","null",7,2.8E-4,2.305399,-2.1643963,3.5166655,-0.46288708,-16777216
130,129,131,136,"null","null","null",5,1.4E-4,1.0121877,-3.359124,2.9699674,-0.6376142,-16777216
131,130,132,135,"null","null","null",3,0.0,0.39552027,-3.7661448,2.279172,-1.2371532,-16777216
132,131,133,134,"null","null","null",2,0.0,0.60429,-3.4248598,1.504572,-2.4441745,-16777216
136,130,137,138,"null","null","null",2,0.00182,2.8543994,-0.3445309,3.1268134,-0.9791625,-16777216
139,129,140,141,"null","null","null",2,9.1E-4,3.7907972,-0.52347815,1.4433613,-2.0102215,-16777216
145,95,146,153,"null","null","null",8,0.0021,2.7374816,-1.5297031,0.35959396,-3.186369,-16777216
146,145,147,152,"null","null","null",4,0.00119,3.476212,-0.5272748,0.81652635,-2.4522803,-16777216
147,146,148,151,"null","null","null",3,0.00105,3.378251,-0.52359796,2.3110542,-1.9383942,-16777216
148,147,149,150,"null","null","null",2,9.1E-4,2.7161999,-0.6580927,3.2399912,-0.8675122,-16777216
153,145,154,159,"null","null","null",4,7.5E-4,0.27500188,-3.0981064,1.504576,-3.1510956,-16777216
154,153,155,158,"null","null","null",3,1.4E-4,0.66486627,-2.3612065,0.32388297,-3.8027487,-16777216
155,154,156,157,"null","null","null",2,0.0,1.9610603,-1.7788302,0.55929995,-3.6551323,-16777216
160,0,161,172,"null","null","null",8,0.00134,3.5592256,-0.82108283,1.1988177,-2.7051466,-16777216
161,160,162,169,"null","null","null",6,0.00119,3.4099588,-0.54197586,2.7339342,-1.9094067,-16777216
162,161,163,166,"null","null","null",4,0.00105,2.7459316,-0.6619252,3.684063,-0.49050176,-16777216
163,162,164,165,"null","null","null",2,9.1E-4,2.0763602,-1.2662561,3.8140647,-0.48397547,-16777216
166,162,167,168,"null","null","null",2,0.0,3.524508,-0.844918,0.39556277,-2.380709,-16777216
169,161,170,171,"null","null","null",2,0.00182,2.1268163,-1.6917226,0.35959396,-3.5885513,-16777216
172,160,173,174,"null","null","null",2,8.8E-4,0.42902452,-2.3408191,0.7670499,-3.7190485,-16777216
