index,parent,child1,child2,name1,name2,common,richness,lengthbr,hxmax,hxmin,hymax,hymin,color
0,-266131445,1,40,"null","null","null",33,0.0043699993,1.6207669,-2.673679,3.3365808,-0.5592989,-16777216
1,0,2,39,"null","null","null",20,0.004229999,0.641129,-3.499554,2.6457095,-0.75180197,-16777216
2,1,3,36,"null","null","null",19,0.004089999,0.5042378,-3.4893126,2.1206808,-2.296084,-16777216
3,2,4,31,"null","null","null",17,0.003949999,0.6527479,-2.8786821,0.7673053,-3.3252785,-16777216
4,3,5,30,"null","null","null",14,0.003819999,1.8644093,-2.1905565,0.44105583,-3.5286388,-16777216
5,4,6,29,"null","null","null",13,0.0036799992,3.0686421,-1.3026755,0.6278835,-3.0229423,-16777216
6,5,7,28,"null","null","null",12,0.0035399992,3.4890313,-0.37199128,1.467479,-2.3134394,-16777216
7,6,8,27,"null","null","null",11,0.0033999993,3.1200037,-0.59051806,2.834327,-1.6001867,-16777216
8,7,9,26,"null","null","null",10,0.0032899994,2.374521,-1.052285,3.496161,-0.4135952,-16777216
9,8,10,25,"null","null","null",9,0.0031499995,1.8611641,-2.5434442,3.3279767,-0.54197526,-16777216
10,9,11,24,"null","null","null",8,0.0030099996,0.7546867,-3.436429,2.6393547,-0.6897019,-16777216
11,10,12,19,"null","null","null",7,0.0028699997,0.48397484,-3.4921432,2.0484598,-2.2793138,-16777216
12,11,13,18,"null","null","null",4,0.0027299998,0.64591295,-2.9070032,1.0891962,-3.406872,-16777216
13,12,14,17,"null","null","null",3,0.00259,1.4251217,-2.2381577,0.4185714,-3.7300844,-16777216
14,13,15,16,"null","null","null",2,0.00245,2.5945141,-1.4052734,0.61676115,-3.328401,-16777216
19,11,20,23,"null","null","null",3,9.6000003E-4,1.9383963,-2.3110492,3.3782544,-0.4835816,-16777216
20,19,21,22,"null","null","null",2,8.2E-4,0.86751556,-3.2399879,2.7162046,-0.65809256,-16777216
31,3,32,35,"null","null","null",3,0.0029799999,0.88575673,-3.6840591,2.660822,-0.37080142,-16777216
32,31,33,34,"null","null","null",2,0.00253,0.483974,-3.814066,2.0763648,-1.2662436,-16777216
36,2,37,38,"null","null","null",2,0.00162,1.8611674,-1.7914399,3.711177,-0.4428624,-16777216
40,0,41,60,"null","null","null",13,0.0023400001,3.1200044,-0.3173806,2.8931766,-1.4333824,-16777216
41,40,42,59,"null","null","null",10,0.00221,2.3745215,-1.052279,3.5726697,-0.41359985,-16777216
42,41,43,58,"null","null","null",9,0.0017300001,1.8611674,-2.5434394,3.4274411,-0.54197454,-16777216
43,42,44,57,"null","null","null",8,0.0015900001,0.75469124,-3.4364274,2.768659,-0.66192496,-16777216
44,43,45,54,"null","null","null",7,0.0014500001,0.483974,-3.4921446,2.2165532,-2.1597397,-16777216
45,44,46,53,"null","null","null",5,0.0013100001,0.64591265,-2.9070063,1.0892005,-3.25143,-16777216
46,45,47,52,"null","null","null",4,0.0011700001,1.8652972,-2.2381597,0.41857052,-3.5280137,-16777216
47,46,48,51,"null","null","null",3,0.00103,3.1667461,-1.4052775,0.61676073,-3.0657108,-16777216
48,47,49,50,"null","null","null",2,1.4E-4,3.719047,-0.34808096,0.65809166,-2.3408198,-16777216
54,44,55,56,"null","null","null",2,0.0,1.9383993,-1.6186453,3.7564578,-0.48358327,-16777216
60,40,61,64,"null","null","null",3,9.7000005E-4,3.1667411,-1.4052817,0.28912875,-3.0657122,-16777216
61,60,62,63,"null","null","null",2,1.5E-4,3.719045,-0.34807998,0.6580918,-2.3408208,-16777216
