index,parent,child1,child2,name1,name2,common,richness,lengthbr,hxmax,hxmin,hymax,hymin,color
0,-264002405,1,46,"null","null","null",27,0.01739,0.44105738,-3.5286386,2.2438025,-1.8644202,-16777216
1,0,2,45,"null","null","null",23,0.01619,0.62788427,-3.0229392,1.302668,-3.0686493,-16777216
2,1,3,44,"null","null","null",22,0.01606,1.5127593,-2.3134372,0.37199298,-3.4890332,-16777216
3,2,4,43,"null","null","null",21,0.01592,2.8931851,-1.60018,0.5905191,-3.1200023,-16777216
4,3,5,42,"null","null","null",20,0.01582,3.572669,-0.4135872,1.0751758,-2.3745203,-16777216
5,4,6,41,"null","null","null",19,0.01572,3.427432,-0.5419766,2.5731966,-1.8611584,-16777216
6,5,7,40,"null","null","null",18,0.014690001,2.7686462,-0.67646265,3.4751,-0.7546786,-16777216
7,6,8,37,"null","null","null",17,0.01441,2.216543,-2.2620983,3.5424094,-0.48397633,-16777216
8,7,9,36,"null","null","null",15,0.0142,1.0891883,-3.3844848,2.9723477,-0.6459135,-16777216
9,8,10,27,"null","null","null",14,0.010720001,0.41857308,-3.700974,2.3231087,-1.7316611,-16777216
10,9,11,24,"null","null","null",9,0.0105800005,0.616762,-3.290554,1.287854,-2.9930084,-16777216
11,10,12,21,"null","null","null",7,0.0104600005,1.3260202,-2.6331186,0.34808367,-3.4931765,-16777216
12,11,13,20,"null","null","null",5,0.01032,2.7374876,-1.6917154,0.57550347,-3.1863613,-16777216
13,12,14,19,"null","null","null",4,0.00806,3.476211,-0.5272655,0.8165411,-2.452271,-16777216
14,13,15,18,"null","null","null",3,0.0023599998,3.3782434,-0.5235995,2.3110676,-1.9383881,-16777216
15,14,16,17,"null","null","null",2,0.00222,2.7161887,-0.6580931,3.2399998,-0.86750305,-16777216
21,11,22,23,"null","null","null",2,1.4E-4,0.70525444,-3.795215,2.2791705,-0.5537613,-16777216
24,10,25,26,"null","null","null",2,0.00769,1.1971662,-2.8755822,3.1081383,-0.31716365,-16777216
27,9,28,35,"null","null","null",5,2.8E-4,2.136548,-2.1816032,3.5166647,-0.6001763,-16777216
28,27,29,32,"null","null","null",4,1.4E-4,1.012182,-3.3814888,2.9699652,-0.63761455,-16777216
29,28,30,31,"null","null","null",2,0.00272,0.3955212,-3.795215,2.2791705,-0.6459106,-16777216
32,28,33,34,"null","null","null",2,0.0,2.854394,-0.34453148,3.1268182,-0.97915804,-16777216
37,7,38,39,"null","null","null",2,0.00338,3.7564535,-0.48357874,1.618665,-1.938391,-16777216
46,0,47,52,"null","null","null",4,0.00357,2.0763602,-2.3305824,3.492142,-0.56239486,-16777216
47,46,48,51,"null","null","null",3,0.00284,1.0891929,-3.4735181,2.907001,-0.6459132,-16777216
48,47,49,50,"null","null","null",2,8.9E-4,0.41857213,-3.8167214,2.2381563,-0.7310834,-16777216
