index,parent,child1,child2,name1,name2,common,richness,lengthbr,hxmax,hxmin,hymax,hymin,color
0,-265514998,1,46,"null","null","null",24,0.01468,3.5465276,-0.8210808,1.1122293,-2.3745198,-16777216
1,0,2,45,"null","null","null",23,0.01386,3.3934453,-0.5419773,2.6213632,-1.8611552,-16777216
2,1,3,38,"null","null","null",22,0.01305,2.7244632,-0.67646873,3.537712,-0.5223011,-16777216
3,2,4,33,"null","null","null",18,0.01291,2.0484467,-2.2621038,3.6238017,-0.48397717,-16777216
4,3,5,28,"null","null","null",15,0.01277,0.8866298,-3.3844874,3.0781562,-0.64591384,-16777216
5,4,6,25,"null","null","null",12,0.01263,0.41857398,-3.7009737,2.4606616,-1.7316662,-16777216
6,5,7,24,"null","null","null",10,0.01249,0.6167625,-3.2905517,1.4052622,-2.9930112,-16777216
7,6,8,21,"null","null","null",9,0.0123499995,1.3386039,-2.633117,0.34808463,-3.493176,-16777216
8,7,9,20,"null","null","null",7,0.0122,2.7538428,-1.6917118,0.57550406,-3.1863577,-16777216
9,8,10,19,"null","null","null",6,0.01205,3.4974687,-0.527261,0.9519259,-2.4522665,-16777216
10,9,11,18,"null","null","null",5,0.01129,3.405875,-0.5236003,2.4870648,-1.9383851,-16777216
11,10,12,17,"null","null","null",4,0.00708,2.752109,-0.6580932,3.4687922,-0.86749834,-16777216
12,11,13,16,"null","null","null",3,0.0065,2.1365433,-1.7924589,3.6229465,-0.46288973,-16777216
13,12,14,15,"null","null","null",2,1.5E-4,1.1971577,-2.875593,3.1081285,-0.6376153,-16777216
21,7,22,23,"null","null","null",2,0.0017,0.70525306,-3.795216,2.2791688,-0.5537684,-16777216
25,5,26,27,"null","null","null",2,0.0017,2.1365457,-1.0880524,3.8261652,-0.6001748,-16777216
28,4,29,32,"null","null","null",3,0.00269,2.7521129,-0.35783115,3.6251116,-0.9025955,-16777216
29,28,30,31,"null","null","null",2,0.00255,2.1365457,-1.0880524,3.8261652,-0.46288884,-16777216
33,3,34,37,"null","null","null",3,0.0026099999,3.3782434,-0.48357707,2.3110676,-1.9383881,-16777216
34,33,35,36,"null","null","null",2,0.00247,2.7161887,-0.6580931,3.2399998,-0.86750305,-16777216
38,2,39,44,"null","null","null",4,0.0014200001,3.476211,-0.8449162,0.8165411,-2.452271,-16777216
39,38,40,43,"null","null","null",3,9.6000003E-4,3.3782434,-0.5235995,2.3110676,-1.9383881,-16777216
40,39,41,42,"null","null","null",2,8.2E-4,2.7161887,-0.6580931,3.2399998,-0.86750305,-16777216
