index,parent,child1,child2,name1,name2,common,richness,lengthbr,hxmax,hxmin,hymax,hymin,color
0,-263153598,1,44,"null","null","null",29,0.01789,2.9319289,-1.5333037,0.31737584,-3.2971077,-16777216
1,0,2,33,"null","null","null",22,0.013110001,3.623036,-0.39172304,1.0522953,-2.6047573,-16777216
2,1,3,20,"null","null","null",16,0.008160001,3.492909,-0.5419766,2.543452,-1.8248494,-16777216
3,2,4,15,"null","null","null",9,0.0044900007,2.8537664,-0.68971133,3.436432,-0.5223061,-16777216
4,3,5,12,"null","null","null",6,0.0043400005,2.216543,-2.2793217,3.4921408,-0.48397633,-16777216
5,4,6,11,"null","null","null",4,0.0041900002,1.0891883,-3.4068751,2.9069982,-0.6459135,-16777216
6,5,7,10,"null","null","null",3,9.4E-4,0.41857308,-3.7300816,2.2381544,-1.4251349,-16777216
7,6,8,9,"null","null","null",2,8.0E-4,0.616762,-3.328394,1.4052664,-2.5945246,-16777216
12,4,13,14,"null","null","null",2,0.01199,3.7564535,-0.48357874,1.618665,-1.938391,-16777216
15,3,16,19,"null","null","null",3,0.00466,3.7671397,-0.84491706,0.39556327,-2.4522755,-16777216
16,15,17,18,"null","null","null",2,0.00429,3.7564535,-0.52359873,1.618665,-1.938391,-16777216
20,2,21,32,"null","null","null",7,2.8E-4,2.7538352,-1.691719,0.35959226,-3.3983047,-16777216
21,20,22,29,"null","null","null",6,1.4E-4,3.4974673,-0.3384788,1.0444114,-2.727797,-16777216
22,21,23,28,"null","null","null",4,0.0,3.4058795,-0.52359873,2.607302,-1.938391,-16777216
23,22,24,27,"null","null","null",3,0.0,2.7521162,-0.65809286,3.625109,-0.8675076,-16777216
24,23,25,26,"null","null","null",2,0.0,2.136548,-1.088045,3.8261657,-0.46288794,-16777216
29,21,30,31,"null","null","null",2,1.4E-4,0.41842234,-2.361206,0.7950916,-3.6646955,-16777216
33,1,34,41,"null","null","null",6,0.0042900005,1.4981619,-2.6331205,0.76704866,-3.4931774,-16777216
34,33,35,40,"null","null","null",4,0.0041500004,2.9612753,-1.691719,0.5755029,-3.1863651,-16777216
35,34,36,39,"null","null","null",3,0.0016900001,3.7671397,-0.5272703,0.665,-2.4522755,-16777216
36,35,37,38,"null","null","null",2,8.5E-4,3.7564535,-0.52359873,1.618665,-1.938391,-16777216
41,33,42,43,"null","null","null",2,1.4E-4,0.7052557,-3.795214,2.279172,-0.553754,-16777216
44,0,45,56,"null","null","null",7,0.01088,0.28913033,-3.290556,1.4052703,-2.993006,-16777216
45,44,46,53,"null","null","null",6,0.00364,1.4981619,-2.6331205,0.3480827,-3.4931774,-16777216
46,45,47,52,"null","null","null",4,0.0010800001,2.9612753,-1.691719,0.5755029,-3.1863651,-16777216
47,46,48,51,"null","null","null",3,9.2E-4,3.7671397,-0.5272703,0.665,-2.4522755,-16777216
48,47,49,50,"null","null","null",2,7.8E-4,3.7564535,-0.52359873,1.618665,-1.938391,-16777216
53,45,54,55,"null","null","null",2,0.0,0.7052557,-3.795214,2.279172,-0.553754,-16777216
