index,parent,child1,child2,name1,name2,common,richness,lengthbr,hxmax,hxmin,hymax,hymin,color
0,-264039404,1,42,"null","null","null",22,0.0058800005,3.5592337,-0.41357803,1.0751872,-2.3745196,-16777216
1,0,2,37,"null","null","null",21,0.0057400004,3.4099598,-0.541978,2.5732052,-1.70618,-16777216
2,1,3,34,"null","null","null",18,0.0056000003,2.7459316,-0.66192555,3.4751024,-0.49049252,-16777216
3,2,4,33,"null","null","null",16,0.00546,2.0763526,-2.159767,3.5424056,-0.48397803,-16777216
4,3,5,32,"null","null","null",15,0.00532,1.0891793,-3.2514455,2.97234,-0.6459141,-16777216
5,4,6,25,"null","null","null",14,0.00442,0.41857493,-3.5280151,2.3231025,-1.7316709,-16777216
6,5,7,24,"null","null","null",10,0.00428,0.61676294,-3.0657034,1.405258,-2.9930136,-16777216
7,6,8,23,"null","null","null",9,0.00413,1.32603,-2.340815,0.34808564,-3.493175,-16777216
8,7,9,16,"null","null","null",8,0.0039899996,2.7374933,-1.5296879,0.5755047,-3.1863542,-16777216
9,8,10,15,"null","null","null",4,0.0038499997,3.4762099,-0.5272563,0.81655586,-2.452262,-16777216
10,9,11,14,"null","null","null",3,0.0037099998,3.3782353,-0.52360106,2.311081,-1.938382,-16777216
11,10,12,13,"null","null","null",2,0.00357,2.716177,-0.65809345,3.2400088,-0.8674938,-16777216
16,8,17,22,"null","null","null",4,0.00202,0.27500418,-3.098102,1.5045601,-3.1511095,-16777216
17,16,18,21,"null","null","null",3,0.0018900001,0.6648972,-2.361204,0.32388693,-3.8027496,-16777216
18,17,19,20,"null","null","null",2,0.00178,1.9610875,-1.7788163,0.5593027,-3.6551223,-16777216
25,5,26,31,"null","null","null",4,0.0030699999,2.1365433,-2.1816156,3.516663,-0.60017323,-16777216
26,25,27,30,"null","null","null",3,0.00293,1.1971577,-3.3814967,2.9699602,-0.6376153,-16777216
27,26,28,29,"null","null","null",2,0.00281,0.3955231,-3.795217,2.2791672,-0.6459099,-16777216
34,2,35,36,"null","null","null",2,0.00243,3.524518,-0.8449153,0.39556426,-2.3807087,-16777216
37,1,38,41,"null","null","null",3,0.00885,2.77465,-1.6917118,0.3595888,-3.1313133,-16777216
38,37,39,40,"null","null","null",2,0.00722,3.524518,-0.527261,0.665,-2.3807087,-16777216
