index,parent,child1,child2,name1,name2,common,richness,lengthbr,hxmax,hxmin,hymax,hymin,color
0,-266398561,1,98,"null","null","null",58,1.4E-4,2.543465,-1.7306404,0.44285318,-3.3444748,-16777216
1,0,2,97,"null","null","null",49,0.0,3.4364367,-0.754666,0.6619257,-2.6608007,-16777216
2,1,3,96,"null","null","null",48,0.0,3.4921374,-0.48397863,2.1597712,-2.0763507,-16777216
3,2,4,95,"null","null","null",47,0.0,2.9069908,-0.6459143,3.2514482,-1.0891759,-16777216
4,3,5,94,"null","null","null",46,0.0,2.2381496,-1.7316748,3.5280154,-0.4185756,-16777216
5,4,6,93,"null","null","null",45,0.0,1.4052548,-2.9930158,3.0657024,-0.6167633,-16777216
6,5,7,92,"null","null","null",44,0.0,0.34808636,-3.4931746,2.3408146,-1.3386137,-16777216
7,6,8,91,"null","null","null",43,0.0,0.5755052,-3.1863513,1.6917055,-2.7538497,-16777216
8,7,9,90,"null","null","null",42,0.0,0.90356004,-2.4522583,0.5272528,-3.49747,-16777216
9,8,10,89,"null","null","null",41,0.0,2.424184,-1.9383796,0.52360165,-3.4058712,-16777216
10,9,11,88,"null","null","null",40,0.0,3.3870397,-0.8674905,0.6580936,-2.7521033,-16777216
11,10,12,87,"null","null","null",39,0.0,3.5166616,-0.46289122,2.0156977,-2.1365395,-16777216
12,11,13,86,"null","null","null",38,0.0,2.969956,-0.6376159,3.1657963,-1.19715,-16777216
13,12,14,85,"null","null","null",37,0.0,2.2791646,-1.6062269,3.5147994,-0.39552477,-16777216
14,13,15,84,"null","null","null",36,0.0,1.5045532,-2.9239526,3.0981007,-0.6042925,-16777216
15,14,16,83,"null","null","null",35,0.0,0.32388866,-3.5074382,2.3612037,-1.1975209,-16777216
16,15,17,82,"null","null","null",34,0.0,0.5593028,-3.2712166,1.7788204,-2.6534972,-16777216
17,16,18,81,"null","null","null",33,0.0,0.7518128,-2.5607357,0.64111376,-3.473299,-16777216
18,17,19,80,"null","null","null",32,0.0,2.2960904,-2.0102227,0.50424004,-3.455172,-16777216
19,18,20,79,"null","null","null",31,0.0,3.3252814,-0.9791683,0.6527482,-2.8342986,-16777216
20,19,21,78,"null","null","null",30,0.0,3.5286434,-0.44105563,1.8643943,-2.1905613,-16777216
21,20,22,77,"null","null","null",29,0.0,3.0229511,-0.6278828,3.0686293,-1.3026875,-16777216
22,21,23,76,"null","null","null",28,0.0,2.313447,-1.4749691,3.4890275,-0.3719882,-16777216
23,22,24,75,"null","null","null",27,0.0,1.6002097,-2.8440812,3.1200101,-0.5905153,-16777216
24,23,25,74,"null","null","null",26,0.0,0.4136278,-3.5088682,2.3745265,-1.0522352,-16777216
25,24,26,73,"null","null","null",25,0.0,0.5419697,-3.3445191,1.8611939,-2.5434031,-16777216
26,25,27,72,"null","null","null",24,0.0,0.66192394,-2.6608632,0.75473326,-3.4364157,-16777216
27,26,28,71,"null","null","null",23,0.0,2.1596744,-2.0763943,0.4839659,-3.4921637,-16777216
28,27,29,70,"null","null","null",22,0.0,3.2513916,-1.0892547,0.64590925,-2.907044,-16777216
29,28,30,69,"null","null","null",21,0.0,3.5280137,-0.41855878,1.7315807,-2.2381864,-16777216
30,29,31,68,"null","null","null",20,0.0,3.0657372,-0.6167539,2.9929698,-1.4053407,-16777216
31,30,32,67,"null","null","null",19,0.0,2.3408384,-1.3384857,3.4932036,-0.34806567,-16777216
32,31,33,66,"null","null","null",18,0.0,1.6917927,-2.7537615,3.186448,-0.57549083,-16777216
33,32,34,65,"null","null","null",17,0.0,0.5273687,-3.4974594,2.4523792,-0.9033984,-16777216
34,33,35,64,"null","null","null",16,0.0,0.523582,-3.405939,1.9384621,-2.4240487,-16777216
35,34,36,63,"null","null","null",15,0.0,0.65808856,-2.7522075,0.86761886,-3.3869798,-16777216
36,35,37,62,"null","null","null",14,0.0,2.0155134,-2.1366103,0.46286625,-3.5166893,-16777216
37,36,38,61,"null","null","null",13,0.0,3.1656797,-1.1972857,0.6376049,-2.9700336,-16777216
38,37,39,60,"null","null","null",12,0.0,3.5147758,-0.39549482,1.6060505,-2.279217,-16777216
39,38,40,59,"null","null","null",11,0.0,3.0981407,-0.60427487,2.9238477,-1.5046893,-16777216
40,39,41,58,"null","null","null",10,0.0,2.3612297,-1.1973195,3.5074492,-0.32385448,-16777216
41,40,42,57,"null","null","null",9,0.0,1.7789395,-2.6533494,3.271328,-0.5592792,-16777216
42,41,43,56,"null","null","null",8,0.0,0.64127374,-3.4732563,2.5608826,-0.7515979,-16777216
43,42,44,55,"null","null","null",7,0.0,0.50421214,-3.455233,2.0103197,-2.2959046,-16777216
44,43,45,54,"null","null","null",6,0.0,0.65273964,-2.8344078,0.97932416,-3.3251863,-16777216
45,44,46,53,"null","null","null",5,0.0,2.042512,-2.1906328,0.44102445,-3.5286517,-16777216
46,45,47,52,"null","null","null",4,0.0,3.3003204,-1.3028339,0.6278681,-3.0230188,-16777216
47,46,48,51,"null","null","null",3,0.0,3.790369,-0.37195486,1.0469587,-2.3134904,-16777216
48,47,49,50,"null","null","null",2,0.0,3.511836,-0.5904951,2.2877927,-1.6003412,-16777216
98,0,99,114,"null","null","null",9,0.0010800001,0.35958755,-3.1863549,1.691709,-2.753846,-16777216
99,98,100,113,"null","null","null",8,9.7000005E-4,0.90355426,-2.4522629,0.52725744,-3.4974692,-16777216
100,99,101,112,"null","null","null",7,8.3000003E-4,2.4241796,-1.9383827,0.5236008,-3.4058733,-16777216
101,100,102,111,"null","null","null",6,6.9E-4,3.387038,-0.86749494,0.65809345,-2.7521067,-16777216
102,101,103,110,"null","null","null",5,5.5E-4,3.516663,-0.46289036,2.1644144,-2.1365418,-16777216
103,102,104,109,"null","null","null",4,4.4E-4,2.9699588,-0.63761556,3.359132,-1.1971544,-16777216
104,103,105,108,"null","null","null",3,3.1E-4,2.2791662,-1.2371819,3.76614,-0.39552382,-16777216
105,104,106,107,"null","null","null",2,1.5E-4,1.5045571,-2.4441977,3.4248457,-0.60429204,-16777216
