index,parent,child1,child2,name1,name2,common,richness,lengthbr,hxmax,hxmin,hymax,hymin,color
0,-268435442,1,151,"null","null","null",325,0.23898001,2.9955602,-0.33095568,3.3785942,-0.9287933,-16777216
1,0,2,99,"null","null","null",309,0.22835001,2.353278,-1.8281059,3.6933317,-0.41856945,-16777216
2,1,3,15,"null","null","null",250,0.21260001,1.2890127,-3.118402,3.2806263,-0.61676013,-16777216
3,2,4,10,"'100","null","null",141,0.15709001,0.34807986,-3.6562042,2.620209,-1.3438773,-16777216
4,3,5,9,"null","null","null",138,0.12341,0.57550097,-3.3983073,1.6246502,-2.7607152,-16777216
5,4,-263749632,6,"null","null","null",92,0.11089,0.9444801,-2.7278,0.33848894,-3.506424,-16777216
6,5,7,8,"null","null","null",2,0.00733,0.7950952,-3.6646886,2.3612084,-0.4184209,-16777216
9,4,-263750656,-263748608,"'85","null","null",46,0.17772,1.3808088,-3.0448298,3.3117235,-0.2750008,-16777216
10,3,11,14,"'100","null","null",3,0.02002,2.279176,-1.237134,3.7661476,-0.70525956,-16777216
11,10,12,13,"null","null","null",2,0.01499,1.5045818,-2.444159,3.4248688,-0.6042887,-16777216
15,2,16,86,"'100","null","null",109,0.13906999,3.1107163,-0.31716147,3.2525918,-1.0032616,-16777216
16,15,17,79,"null","null","null",102,0.1239,2.4621415,-1.6694396,3.6276631,-0.3955179,-16777216
17,16,18,26,"'100","null","null",98,0.08742,1.3808088,-3.0061564,3.2448392,-0.6042887,-16777216
18,17,-263752704,19,"'100","null","null",71,0.07451,0.32388148,-3.614334,2.551958,-1.2118316,-16777216
19,18,20,25,"null","null","null",4,0.00727,2.3134408,-1.5287752,3.4890308,-0.7370672,-16777216
20,19,21,24,"null","null","null",3,0.00568,1.600189,-2.9140143,3.1200047,-0.5905177,-16777216
21,20,22,23,"null","null","null",2,0.0033,0.4135974,-3.5997574,2.374522,-0.66423035,-16777216
26,17,27,58,"null","null","null",27,0.05676,3.1323915,-0.30320084,3.2360222,-1.116679,-16777216
27,26,28,49,"null","null","null",16,0.05404,2.4557223,-1.4749908,3.7066278,-0.37199068,-16777216
28,27,29,46,"'100","null","null",11,0.028390002,1.550134,-2.8440948,3.4028807,-0.5905177,-16777216
29,28,30,41,"null","null","null",9,0.020970002,0.29949018,-3.5088618,2.742261,-1.0796683,-16777216
30,29,31,38,"null","null","null",6,0.01834,0.54197484,-3.3444898,1.9094126,-2.579044,-16777216
31,30,32,37,"null","null","null",4,0.01719,0.661925,-2.6608222,0.75469065,-3.482712,-16777216
32,31,33,36,"null","null","null",3,0.01114,1.9703119,-2.076365,0.483974,-3.5523148,-16777216
33,32,34,35,"null","null","null",2,0.00669,3.0051737,-1.0892006,0.64591265,-2.9852276,-16777216
38,30,39,40,"null","null","null",2,0.00609,1.6917262,-2.1268098,3.5885544,-0.35959634,-16777216
41,29,42,45,"null","null","null",3,0.01494,2.3408206,-0.85626006,3.8025498,-0.76705146,-16777216
42,41,43,44,"null","null","null",2,0.00603,1.6917262,-2.1268098,3.5885544,-0.57550156,-16777216
46,28,47,48,"null","null","null",2,0.00322,3.328406,-0.28912896,2.5945067,-1.4052784,-16777216
49,27,50,55,"null","null","null",5,0.03886,3.528014,-0.6717526,1.8652952,-2.4606729,-16777216
50,49,51,54,"null","null","null",3,0.02474,3.0657115,-0.61676055,3.1667447,-1.4052784,-16777216
51,50,52,53,"null","null","null",2,0.00894,2.3408206,-0.65809166,3.7190466,-0.34808072,-16777216
55,49,56,57,"null","null","null",2,0.01277,1.0880258,-2.1365545,0.60018086,-3.8261662,-16777216
58,26,59,76,"'100","null","null",11,0.0161,3.2514293,-0.92879295,0.33095616,-2.9070072,-16777216
59,58,60,75,"null","null","null",9,0.01463,3.528014,-0.41857028,1.7316461,-2.2381606,-16777216
60,59,61,74,"null","null","null",8,0.00793,3.0657115,-0.61676055,2.9930007,-1.4052784,-16777216
61,60,62,73,"null","null","null",7,0.00779,2.3408206,-1.3260055,3.4931793,-0.34808072,-16777216
62,61,63,70,"null","null","null",6,0.0066400003,1.674933,-2.7374787,3.1863725,-0.57550156,-16777216
63,62,64,69,"null","null","null",4,0.00205,0.5272789,-3.4762127,2.4522848,-0.8165185,-16777216
64,63,65,68,"null","null","null",3,2.8E-4,0.5235972,-3.3782551,1.9383972,-2.311047,-16777216
65,64,66,67,"null","null","null",2,1.4E-4,0.6580925,-2.7162058,0.86751616,-3.2399864,-16777216
70,62,71,72,"null","null","null",2,1.4E-4,3.424866,-0.2750013,2.4441643,-1.5045784,-16777216
76,58,77,78,"null","null","null",2,8.1E-4,0.357829,-2.7162097,0.902598,-3.239984,-16777216
79,16,80,83,"null","null","null",4,0.00293,3.6822953,-0.6366811,1.6104487,-2.3868866,-16777216
80,79,81,82,"null","null","null",2,0.00277,3.222697,-0.6278832,2.7384958,-1.3026779,-16777216
83,79,84,85,"null","null","null",2,0.00196,1.2662416,-2.0763655,0.5623986,-3.8140664,-16777216
86,15,87,96,"'100","null","null",7,0.066470005,3.3252769,-0.9169625,0.4220488,-2.834297,-16777216
87,86,88,95,"null","null","null",5,0.057590004,3.528639,-0.44105524,2.0426912,-2.1905582,-16777216
88,87,89,94,"null","null","null",4,0.048180003,3.022944,-0.6278832,3.300411,-1.3026779,-16777216
89,88,90,93,"null","null","null",3,0.03575,2.3134408,-1.0472691,3.7903333,-0.37199068,-16777216
90,89,91,92,"null","null","null",2,0.00437,1.600189,-2.2880564,3.5116978,-0.5905177,-16777216
96,86,97,98,"null","null","null",2,0.01702,0.3708011,-2.5711792,0.8857572,-3.3442597,-16777216
99,1,100,144,"'100","null","null",59,0.17854,3.5845218,-0.6001822,2.125013,-2.1562386,-16777216
100,99,101,111,"'100","null","null",55,0.14987001,3.0581841,-0.6376133,3.307936,-1.0229886,-16777216
101,100,-263751680,102,"null","null","null",38,0.14247,2.3938498,-1.6694396,3.6996105,-0.3955179,-16777216
102,101,103,108,"null","null","null",5,0.03376,3.528639,-0.6366811,2.026287,-2.3868866,-16777216
103,102,104,107,"null","null","null",3,0.0217,3.022944,-0.6278832,3.2790856,-1.3026779,-16777216
104,103,105,106,"null","null","null",2,0.00923,2.3134408,-0.65274704,3.7626104,-0.37199068,-16777216
108,102,109,110,"null","null","null",2,0.00665,1.2662416,-2.0763655,0.5623986,-3.8140664,-16777216
111,100,112,139,"null","null","null",17,0.0752,3.3252769,-0.9169625,0.34452954,-2.8786826,-16777216
112,111,113,126,"null","null","null",14,0.06511,3.528639,-0.44105524,1.8644058,-2.2438107,-16777216
113,112,114,123,"null","null","null",7,0.07497,3.022944,-0.6278832,3.0686398,-1.151444,-16777216
114,113,115,122,"null","null","null",5,0.02846,2.3134408,-1.6418946,3.4890308,-0.37199068,-16777216
115,114,116,121,"null","null","null",4,0.01078,1.600189,-3.0610695,3.1200047,-0.5905177,-16777216
116,115,117,120,"null","null","null",3,0.00492,0.4135974,-3.790929,2.374522,-0.66423035,-16777216
117,116,118,119,"null","null","null",2,0.00218,0.54197484,-3.7111773,1.8611662,-1.7914411,-16777216
123,113,124,125,"null","null","null",2,0.01311,3.0051725,-1.0892012,0.33095616,-2.9852285,-16777216
126,112,127,134,"null","null","null",7,0.05441,2.3305707,-2.0484653,0.5623986,-3.492145,-16777216
127,126,128,131,"null","null","null",4,0.03788,3.4735112,-0.87068576,0.6459125,-2.9070072,-16777216
128,127,129,130,"null","null","null",2,0.02304,3.8167205,-0.41857028,0.73106873,-2.2381606,-16777216
131,127,132,133,"null","null","null",2,0.00182,0.357829,-2.7162097,0.902598,-3.239984,-16777216
134,126,135,138,"null","null","null",3,0.01423,0.4835837,-3.378258,1.938399,-2.3110433,-16777216
135,134,136,137,"null","null","null",2,0.00569,0.6580924,-2.7162097,0.8675192,-3.239984,-16777216
139,111,140,143,"null","null","null",3,0.03933,0.3708011,-2.6608229,0.8857572,-3.6840587,-16777216
140,139,141,142,"null","null","null",2,0.03321,1.2662416,-2.0763655,0.4839738,-3.8140664,-16777216
144,99,145,150,"'100","null","null",4,0.07462,2.4726562,-2.010228,0.5234822,-3.4551697,-16777216
145,144,146,149,"null","null","null",3,0.03339,3.554825,-0.9791716,0.65274775,-2.834297,-16777216
146,145,147,148,"null","null","null",2,0.00175,3.8270519,-0.44105524,0.9093958,-2.1905582,-16777216
151,0,152,173,"'57","null","null",16,0.18342,3.499587,-0.9025985,0.44187915,-2.7725587,-16777216
152,151,153,166,"null","null","null",11,0.15555,3.663,-0.4628849,2.0156538,-2.1631153,-16777216
153,152,154,163,"'100","null","null",7,0.10252,3.1602058,-0.6376133,3.1657689,-1.0122011,-16777216
154,153,155,160,"null","null","null",5,0.040629998,2.5264778,-1.6992357,3.5147934,-0.3955179,-16777216
155,154,156,159,"null","null","null",3,0.012519999,1.5045818,-3.0448914,3.0981085,-0.6042887,-16777216
156,155,157,158,"null","null","null",2,1.5E-4,0.32388148,-3.6646893,2.3612084,-0.66192454,-16777216
160,154,161,162,"null","null","null",2,1.4E-4,3.8270519,-0.6366811,0.9093958,-2.1905582,-16777216
163,153,164,165,"null","null","null",2,0.04127,3.1268032,-0.9791716,0.34452954,-2.8544111,-16777216
166,152,167,170,"'100","null","null",4,0.10963,2.1434085,-2.120683,0.5234822,-3.470642,-16777216
167,166,168,169,"null","null","null",2,0.00863,3.1268032,-0.9791716,0.65274775,-2.8544111,-16777216
170,166,171,172,"null","null","null",2,0.00552,0.44286343,-3.7111778,1.8611681,-1.791438,-16777216
173,151,174,179,"'100","null","null",5,0.09959,0.63435805,-2.741412,0.8665061,-3.4851902,-16777216
174,173,175,178,"null","null","null",3,0.01678,2.1434085,-2.010228,0.50423723,-3.470642,-16777216
175,174,176,177,"null","null","null",2,1.4E-4,3.1268032,-0.9791716,0.65274775,-2.8544111,-16777216
179,173,180,181,"null","null","null",2,0.02742,0.8210852,-3.5997555,2.3745217,-0.40725225,-16777216
