index,parent,child1,child2,name1,name2,common,richness,lengthbr,hxmax,hxmin,hymax,hymin,color
0,-262983538,1,42,"null","null","null",25,0.01932,1.7306623,-2.5897295,3.3352423,-0.44286072,-16777216
1,0,2,41,"null","null","null",21,0.0125,0.7546867,-3.4966002,2.6488004,-0.6619251,-16777216
2,1,3,34,"null","null","null",20,0.00748,0.48397484,-3.570366,2.0607393,-2.1597457,-16777216
3,2,4,25,"null","null","null",16,0.00573,0.64591295,-3.0086927,0.8866429,-3.2514334,-16777216
4,3,5,18,"null","null","null",11,0.0055899997,1.7065935,-2.3703542,0.4185714,-3.5280142,-16777216
5,4,6,13,"null","null","null",7,0.00548,2.9604275,-1.2264514,0.61676115,-3.0657094,-16777216
6,5,7,12,"null","null","null",4,0.0036499999,3.4508288,-0.34808195,1.3545897,-2.3408191,-16777216
7,6,8,11,"null","null","null",3,0.0018,3.1313138,-0.57550234,2.774634,-1.6917218,-16777216
8,7,9,10,"null","null","null",2,1.3E-4,2.380709,-0.665,3.5245087,-0.5272737,-16777216
13,5,14,17,"null","null","null",3,0.00365,0.31716266,-2.9699693,1.1971738,-3.381482,-16777216
14,13,15,16,"null","null","null",2,1.6E-4,0.6459111,-2.279173,0.39551955,-3.7952132,-16777216
18,4,19,22,"null","null","null",4,0.00249,0.60017896,-3.6229568,2.3054016,-1.7924314,-16777216
19,18,20,21,"null","null","null",2,0.00368,0.6376139,-3.1081471,1.1971738,-2.8755727,-16777216
22,18,23,24,"null","null","null",2,0.0,2.0102236,-1.4433559,3.7907982,-0.52347934,-16777216
25,3,26,33,"null","null","null",5,0.00881,0.9025972,-3.3870273,2.7521224,-0.56952715,-16777216
26,25,27,32,"null","null","null",4,0.00719,0.46288642,-3.516666,2.136552,-2.1815925,-16777216
27,26,28,31,"null","null","null",3,0.00189,0.6376139,-2.9699693,1.1971738,-3.381482,-16777216
28,27,29,30,"null","null","null",2,8.8E-4,0.6459111,-2.279173,0.39551955,-3.7952132,-16777216
34,2,35,40,"null","null","null",4,0.0055,1.9383963,-2.607293,3.4058833,-0.4835816,-16777216
35,34,36,39,"null","null","null",3,2.8E-4,0.86751556,-3.6251044,2.7521224,-0.65809256,-16777216
36,35,37,38,"null","null","null",2,1.4E-4,0.46288642,-3.8261662,2.136552,-1.0880324,-16777216
42,0,43,48,"null","null","null",4,0.01303,3.1863713,-0.35959524,2.961268,-1.6917254,-16777216
43,42,44,47,"null","null","null",3,0.01113,2.4522834,-0.665,3.7671375,-0.52727836,-16777216
44,43,45,46,"null","null","null",2,1.4E-4,1.9383963,-1.6186526,3.7564564,-0.52359736,-16777216
