index,parent,child1,child2,name1,name2,common,richness,lengthbr,hxmax,hxmin,hymax,hymin,color
0,-263579636,1,178,"null","null","null",90,0.007600001,2.3408198,-1.3476546,3.4931793,-0.34808096,-16777216
1,0,2,155,"null","null","null",89,0.006810001,1.5949193,-2.7656217,3.1863718,-0.5755017,-16777216
2,1,3,154,"null","null","null",77,0.006180001,0.5272785,-3.5127974,2.4522836,-0.9035262,-16777216
3,2,4,153,"null","null","null",76,0.006020001,0.52359736,-3.4258146,1.9383965,-2.4241562,-16777216
4,3,5,152,"null","null","null",75,0.005910001,0.65809256,-2.7780333,0.8675156,-3.3870273,-16777216
5,4,6,101,"null","null","null",74,0.005770001,2.0156643,-2.170236,0.46288642,-3.516666,-16777216
6,5,7,88,"null","null","null",48,0.005630001,3.1657753,-1.0032537,0.6376139,-2.9699693,-16777216
7,6,8,87,"null","null","null",41,0.005490001,3.5147946,-0.39551952,1.6061922,-2.279173,-16777216
8,7,9,86,"null","null","null",40,0.0053500007,3.0981061,-0.6042896,2.9239283,-1.504575,-16777216
9,8,10,85,"null","null","null",39,0.0052100006,2.3612065,-1.1974994,3.5074298,-0.3238832,-16777216
10,9,11,80,"null","null","null",38,0.0050700004,1.6207606,-2.6534827,3.271217,-0.55930007,-16777216
11,10,12,79,"null","null","null",35,0.0049300003,0.641121,-3.4732912,2.5607367,-0.82469165,-16777216
12,11,13,78,"null","null","null",34,0.00479,0.50423914,-3.4551654,2.010221,-2.3908358,-16777216
13,12,14,77,"null","null","null",33,0.00465,0.65274835,-2.8342896,0.9791615,-3.4484484,-16777216
14,13,15,76,"null","null","null",32,0.00451,1.8644207,-2.1905532,0.44105738,-3.6887531,-16777216
15,14,16,75,"null","null","null",31,0.0043699997,3.0686498,-1.302668,0.62788427,-3.2310882,-16777216
16,15,17,72,"null","null","null",30,0.0042299996,3.4890337,-0.37199298,1.4674875,-2.584031,-16777216
17,16,18,69,"null","null","null",28,0.0040899995,3.1200027,-0.5905191,2.8343318,-1.5501223,-16777216
18,17,19,68,"null","null","null",26,0.0039499993,2.3745208,-1.0522908,3.4961598,-0.41359067,-16777216
19,18,20,67,"null","null","null",25,0.0038099994,1.8611609,-2.5434484,3.3279724,-0.541976,-16777216
20,19,21,66,"null","null","null",24,0.0036699995,0.754682,-3.4364305,2.639349,-0.6619252,-16777216
21,20,22,61,"null","null","null",23,0.0035299996,0.4839757,-3.4921417,2.0484548,-2.1597514,-16777216
22,21,23,60,"null","null","null",20,0.0033899997,0.64591324,-2.9070005,1.0891917,-3.2514367,-16777216
23,22,24,59,"null","null","null",19,0.0032499998,1.8281254,-2.2381558,0.41857237,-3.5280144,-16777216
24,23,25,56,"null","null","null",18,0.0030999999,3.118415,-1.287858,0.6167616,-3.0657077,-16777216
25,24,26,55,"null","null","null",16,0.00232,3.6562085,-0.34808293,1.338594,-2.340818,-16777216
26,25,27,54,"null","null","null",15,0.00217,3.3983047,-0.575503,2.7538362,-1.6917181,-16777216
27,26,28,51,"null","null","null",14,0.00203,2.727797,-0.9035386,3.4974675,-0.33847797,-16777216
28,27,29,48,"null","null","null",12,0.0019100001,2.0181541,-2.4241664,3.405879,-0.5235989,-16777216
29,28,30,47,"null","null","null",10,0.0017700001,0.86750656,-3.3870318,2.7521157,-0.6580929,-16777216
30,29,31,46,"null","null","null",9,0.0016300001,0.46288818,-3.5166643,2.1365476,-2.015676,-16777216
31,30,32,45,"null","null","null",8,0.00149,0.63761467,-2.9699643,1.1971651,-3.1657827,-16777216
32,31,33,44,"null","null","null",7,0.00135,1.5568807,-2.2791698,0.39552143,-3.514796,-16777216
33,32,34,43,"null","null","null",6,0.00121,2.8598156,-1.504567,0.60429066,-3.0981038,-16777216
34,33,35,42,"null","null","null",5,0.00107,3.4240751,-0.3238852,1.1773605,-2.361205,-16777216
35,34,36,39,"null","null","null",4,9.3000004E-4,3.1628504,-0.5593015,2.6272955,-1.7948356,-16777216
36,35,37,38,"null","null","null",2,1.4E-4,2.41986,-0.66423076,3.4392393,-0.64111173,-16777216
39,35,40,41,"null","null","null",2,8.1E-4,2.2880783,-1.6001762,0.31737414,-3.5116868,-16777216
48,28,49,50,"null","null","null",2,0.0015,3.6551292,-0.40147436,1.9610689,-1.7788258,-16777216
51,27,52,53,"null","null","null",2,0.0,3.6646962,-0.7950914,0.41842246,-2.3612058,-16777216
56,24,57,58,"null","null","null",2,1.4E-4,0.31716323,-3.108142,1.1971695,-2.8755782,-16777216
61,21,62,65,"null","null","null",3,0.00307,1.9383934,-2.3110557,3.3782504,-0.48358,-16777216
62,61,63,64,"null","null","null",2,0.00157,0.8675109,-3.2399921,2.716199,-0.65809274,-16777216
69,17,70,71,"null","null","null",2,0.00149,2.5945187,-1.4052703,0.28913033,-3.3283978,-16777216
72,16,73,74,"null","null","null",2,0.00314,0.73108333,-2.2381563,0.67174923,-3.8167214,-16777216
80,10,81,84,"null","null","null",3,1.4E-4,3.1200032,-0.31737757,2.914022,-1.600184,-16777216
81,80,82,83,"null","null","null",2,0.0,2.3745208,-0.6642302,3.5997612,-0.41359186,-16777216
88,6,89,100,"null","null","null",7,0.0,0.3445305,-2.8342924,0.979166,-3.3252807,-16777216
89,88,90,99,"null","null","null",6,0.0,1.8644137,-2.190555,0.4410565,-3.5286388,-16777216
90,89,91,98,"null","null","null",5,0.0,3.0686448,-1.3026721,0.6278838,-3.022941,-16777216
91,90,92,97,"null","null","null",4,0.0,3.4890318,-0.371992,1.5287849,-2.3134387,-16777216
92,91,93,96,"null","null","null",3,0.0,3.1200032,-0.5905185,2.914022,-1.600184,-16777216
93,92,94,95,"null","null","null",2,0.0,2.3745208,-0.6642302,3.5997612,-0.41359186,-16777216
101,5,102,147,"null","null","null",26,0.00301,0.52347934,-3.4866762,1.927057,-2.2960882,-16777216
102,101,103,140,"null","null","null",23,0.00223,0.6527481,-2.8752546,0.76730174,-3.3252807,-16777216
103,102,104,123,"null","null","null",19,0.00148,1.980175,-2.243806,0.4410565,-3.5286388,-16777216
104,103,105,122,"null","null","null",10,0.00134,3.2191346,-1.3026721,0.6278838,-3.022941,-16777216
105,104,106,121,"null","null","null",9,4.2E-4,3.6846685,-0.371992,1.4749976,-2.3134387,-16777216
106,105,107,118,"null","null","null",8,2.8E-4,3.3743308,-0.5905185,2.8440986,-1.5501275,-16777216
107,106,108,115,"null","null","null",6,1.4E-4,2.7051466,-1.1988177,3.508861,-0.29949155,-16777216
108,107,109,114,"null","null","null",4,0.0,1.8611617,-2.7339342,3.3444848,-0.54197586,-16777216
109,108,110,113,"null","null","null",3,0.0,0.75468326,-3.684063,2.6608152,-0.6619252,-16777216
110,109,111,112,"null","null","null",2,0.0,0.48397547,-3.8140647,2.0763602,-1.2662561,-16777216
115,107,116,117,"null","null","null",2,0.00276,3.7190485,-0.7670499,0.42902452,-2.3408191,-16777216
118,106,119,120,"null","null","null",2,9.2E-4,2.5945127,-1.4052746,0.28912973,-3.328402,-16777216
123,103,124,135,"null","null","null",9,2.8E-4,0.56239647,-3.4921434,2.048461,-2.159744,-16777216
124,123,125,134,"null","null","null",6,1.4E-4,0.6459129,-2.9070039,1.0891972,-3.2514324,-16777216
125,124,126,133,"null","null","null",5,0.0,1.914711,-2.2381582,0.4185712,-3.528014,-16777216
126,125,127,132,"null","null","null",4,0.0,3.230981,-1.4052746,0.616761,-3.0657096,-16777216
127,126,128,131,"null","null","null",3,0.0,3.8025494,-0.3480817,0.85626775,-2.3408191,-16777216
128,127,129,130,"null","null","null",2,0.0,3.5885513,-0.57550216,2.1268163,-1.6917226,-16777216
135,123,136,139,"null","null","null",3,0.0025,1.9383972,-2.3110476,3.3782551,-0.48358202,-16777216
136,135,137,138,"null","null","null",2,0.00236,0.86751676,-3.239987,2.7162058,-0.6580925,-16777216
140,102,141,146,"null","null","null",4,0.0,0.88575625,-3.4827123,2.660819,-0.45201206,-16777216
141,140,142,145,"null","null","null",3,0.0,0.48397464,-3.5523124,2.076363,-1.9703174,-16777216
142,141,143,144,"null","null","null",2,0.0,0.6459129,-2.9852235,1.0891972,-3.0051777,-16777216
147,101,148,151,"null","null","null",3,0.00295,1.8611649,-2.4725468,3.275529,-0.44286114,-16777216
148,147,149,150,"null","null","null",2,1.6E-4,0.75468767,-3.3442638,2.571173,-0.6619251,-16777216
155,1,156,177,"null","null","null",12,0.00459,3.2448373,-0.27500144,3.00616,-1.5045791,-16777216
156,155,157,170,"null","null","null",11,0.00444,2.5519567,-1.2045348,3.6143355,-0.32388222,-16777216
157,156,158,169,"null","null","null",7,0.0031899998,1.7788329,-2.662632,3.4101973,-0.55929935,-16777216
158,157,159,166,"null","null","null",6,0.0030399999,0.41481417,-3.4851897,2.7414107,-0.6642306,-16777216
159,158,160,163,"null","null","null",4,0.0029,0.50423837,-3.4706368,2.1206777,-2.1434178,-16777216
160,159,161,162,"null","null","null",2,0.00276,0.6527481,-2.8544035,0.979166,-3.1268096,-16777216
163,159,164,165,"null","null","null",2,0.0,1.8611649,-1.7914449,3.7111757,-0.44286114,-16777216
166,158,167,168,"null","null","null",2,0.00363,2.3745213,-0.4072529,3.5997584,-0.8210838,-16777216
170,156,171,176,"null","null","null",4,0.00384,3.4890306,-0.7370663,1.5287776,-2.3134398,-16777216
171,170,172,175,"null","null","null",3,0.0037,3.120004,-0.5905179,2.9140162,-1.6001878,-16777216
172,171,173,174,"null","null","null",2,0.0,2.3745213,-0.66423035,3.5997584,-0.4135964,-16777216
