index,parent,child1,child2,name1,name2,common,richness,lengthbr,hxmax,hxmin,hymax,hymin,color
0,-261878726,1,38,"null","null","null",22,0.008950001,0.5592933,-3.2712612,1.620802,-2.6534379,-16777216
1,0,2,37,"null","null","null",19,0.00793,0.7900524,-2.5607948,0.64117813,-3.473282,-16777216
2,1,3,36,"null","null","null",18,0.00778,2.3458395,-2.010262,0.5042288,-3.4551969,-16777216
3,2,4,35,"null","null","null",17,0.0067600003,3.3900142,-0.9792312,0.65274477,-2.834343,-16777216
4,3,5,34,"null","null","null",16,0.0066000004,3.612849,-0.44104308,1.8643064,-2.1905904,-16777216
5,4,6,33,"null","null","null",15,0.0064600003,3.1324413,-0.6278769,3.0685709,-1.3027464,-16777216
6,5,7,26,"null","null","null",14,0.00632,2.4557662,-1.5126581,3.4890094,-0.37197477,-16777216
7,6,8,25,"null","null","null",10,0.00618,1.6002625,-2.8931272,3.1200194,-0.59050715,-16777216
8,7,9,24,"null","null","null",9,0.00604,0.41369218,-3.5726876,2.374532,-1.0521522,-16777216
9,8,10,23,"null","null","null",8,0.0058999998,0.54195964,-3.4275265,1.8612391,-2.5433385,-16777216
10,9,11,22,"null","null","null",7,0.00578,0.7289673,-2.7687774,0.7547975,-3.4363914,-16777216
11,10,12,19,"null","null","null",6,0.00488,2.33042,-2.2166479,0.48395416,-3.4921813,-16777216
12,11,13,16,"null","null","null",4,0.00427,3.4734187,-0.8708379,0.6459049,-2.9070826,-16777216
13,12,14,15,"null","null","null",2,0.00366,3.8167038,-0.4185459,0.73086125,-2.2382116,-16777216
16,12,17,18,"null","null","null",2,9.2E-4,0.35781494,-2.7163608,0.9026147,-3.23987,-16777216
19,11,20,21,"null","null","null",2,0.00104,0.4836244,-3.7564993,1.9384712,-1.6184726,-16777216
26,6,27,32,"null","null","null",4,0.00119,3.5280128,-0.67177767,1.865176,-2.2381916,-16777216
27,26,28,31,"null","null","null",3,0.00105,3.065742,-0.61675245,3.166655,-1.405353,-16777216
28,27,29,30,"null","null","null",2,9.1E-4,2.3408415,-0.6580951,3.719007,-0.34806275,-16777216
38,0,39,42,"null","null","null",3,0.00199,1.6002209,-2.9139638,3.120012,-0.3173972,-16777216
39,38,40,41,"null","null","null",2,0.00183,0.4136415,-3.599728,2.3745275,-0.6642308,-16777216
