index,parent,child1,child2,name1,name2,common,richness,lengthbr,hxmax,hxmin,hymax,hymin,color
0,-268368888,1,88,"null","null","null",225,20.124437,3.6887543,-0.441056,1.9450241,-2.26615,-16731116
1,0,2,56,"null","null","null",177,19.438787,3.2310922,-0.62788355,3.1734405,-1.161871,-16731116
2,1,3,53,"Timaliidae","null","Babblers and parrotbills",127,14.723095,2.5840344,-1.5115554,3.625268,-0.37199152,-16731116
3,2,4,-268360704,"null","null","null",125,14.140159,1.4907016,-2.8916254,3.2971113,-0.59051824,-16731116
4,3,5,14,"","null","Laughingthrushes, Babblers and more",101,13.968183,0.33633703,-3.5706477,2.6047611,-1.0751673,-16731116
5,4,6,7,"null","null","null",81,12.893732,0.5419755,-3.4248087,1.7306614,-2.5731902,-16731116
6,5,-268359680,-268357632,"null","null","null",77,12.893732,0.66192514,-2.7652364,0.6447492,-3.4750981,-16731116
7,5,8,13,"null","null","null",4,5.011468,1.6917245,-2.961269,3.1863706,-0.35959482,-12486656
8,7,9,12,"null","null","null",3,3.5852556,0.52727723,-3.7671375,2.4522824,-0.665,-12486656
9,8,10,11,"null","null","null",2,1.4356899,0.5235976,-3.756456,1.9383955,-1.6186541,-12486656
14,4,15,44,"null","null","null",20,11.546135,2.508493,-1.3385844,3.4931788,-0.7670504,-16731116
15,14,16,37,"null","null","null",15,7.0933876,1.529705,-2.7538295,3.1863706,-0.5755019,-16731116
16,15,17,36,"null","null","null",11,7.009092,0.52727723,-3.497466,2.4522824,-0.97013295,-16731116
17,16,18,35,"null","null","null",10,6.6030564,0.5235976,-3.4058828,1.9383955,-2.5107443,-16731116
18,17,19,32,"null","null","null",9,5.2617216,0.6580926,-2.7521214,0.5830918,-3.4995904,-16731116
19,18,20,31,"null","null","null",7,4.7531633,2.164394,-2.1365514,0.46288663,-3.6629972,-16731116
20,19,21,28,"null","null","null",6,4.7531633,3.3591228,-1.0121906,0.637614,-3.1601992,-16731116
21,20,22,25,"null","null","null",4,3.654614,3.7661452,-0.39551976,1.2371495,-2.5264726,-16731116
22,21,23,24,"null","null","null",2,2.8332677,3.4248614,-0.60428977,2.4441714,-1.5045741,-16731116
25,21,26,27,"null","null","null",2,2.5026975,0.9094076,-2.1905546,0.6366781,-3.8270526,-16731116
28,20,29,30,"null","null","null",2,1.8085043,0.34453064,-2.8544023,0.97916484,-3.126811,-12486656
32,18,33,34,"null","null","null",2,1.8967502,0.86650443,-3.439229,2.419877,-0.38339615,-16731116
37,15,38,43,"null","null","null",4,5.2799683,3.0981069,-0.2750016,3.151094,-1.5045781,-16731116
38,37,39,42,"null","null","null",3,4.9194574,2.361207,-0.6648622,3.8027487,-0.32388246,-16731116
39,38,40,41,"null","null","null",2,1.4882419,1.7788317,-1.9610568,3.6551337,-0.5592996,-16731116
44,14,45,52,"null","null","null",5,9.646457,3.5147939,-0.70525765,1.780933,-2.2791743,-16731116
45,44,46,51,"null","null","null",4,8.576847,3.0981069,-0.6042892,3.151094,-1.5045781,-16731116
46,45,47,50,"null","null","null",3,3.550577,2.361207,-0.6648622,3.8027487,-0.32388246,-16731116
47,46,48,49,"null","null","null",2,2.6635766,1.7788317,-1.9610568,3.6551337,-0.5592996,-16731116
53,2,54,55,"null","null","null",2,4.4825997,3.816721,-0.6717514,0.7310724,-2.2381592,-16731116
56,1,57,87,"null","null","null",50,18.357038,3.32775,-1.0891994,0.33095664,-3.008696,-16731116
57,56,58,82,"null","null","null",49,17.333609,3.6272287,-0.41857076,1.8036424,-2.3703573,-16731116
58,57,-268358656,59,"Timaliidae","null","Babblers and parrotbills",46,15.568505,3.1946898,-0.61676085,3.0865939,-1.265659,-16731116
59,58,60,79,"null","null","null",12,14.803274,3.1657724,-1.0121964,0.31716225,-3.0581808,-16731116
60,59,61,72,"null","null","null",10,10.095095,3.5147939,-0.39551884,1.5568684,-2.393847,-16731116
61,60,62,69,"null","null","null",6,7.0895777,3.0981069,-0.6042892,2.8598099,-1.4209399,-16731116
62,61,63,68,"null","null","null",4,4.2649174,2.361207,-1.1773405,3.4240794,-0.32388246,-16731116
63,62,64,67,"null","null","null",3,3.031804,1.7788317,-2.6272786,3.1628635,-0.5592996,-16731116
64,63,65,66,"null","null","null",2,1.5601696,0.6411245,-3.439229,2.419877,-0.6642306,-12486656
69,61,70,71,"null","null","null",2,1.9942087,2.7384992,-1.3026755,0.30320144,-3.2226942,-16731116
72,60,73,78,"null","null","null",4,6.3702717,2.026291,-2.1905565,0.63667953,-3.5286388,-16731116
73,72,74,77,"null","null","null",3,3.5078921,3.2790883,-1.3026755,0.6278835,-3.0229423,-16731116
74,73,75,76,"null","null","null",2,2.0118704,3.7626114,-0.37199128,0.6527469,-2.3134394,-16731116
79,59,80,81,"null","null","null",2,3.7698507,0.3445301,-2.8544078,0.9791694,-3.1268065,-16731116
82,57,83,86,"null","null","null",3,6.3373604,1.7924259,-2.1365538,0.60018003,-3.6229587,-12486656
83,82,84,85,"Timaliidae","null","Babblers and parrotbills",2,2.20642,2.8755686,-1.1971772,0.63761365,-3.1081505,-11184866
88,0,89,150,"Timaliidae","null","Babblers and parrotbills",48,15.510498,2.257562,-2.0677266,0.56239724,-3.5424147,-16731116
89,88,90,133,"null","null","null",31,14.396311,3.3785977,-0.89572597,0.64591277,-2.972357,-16731116
90,89,91,122,"null","null","null",22,10.913701,3.6933308,-0.41857076,1.8495978,-2.3231165,-16731116
91,90,92,121,"null","null","null",16,10.142062,3.2806225,-0.61676085,3.146336,-1.4052767,-16731116
92,91,93,116,"null","null","null",15,9.075147,2.6202052,-1.3385844,3.692513,-0.34808123,-16731116
93,92,94,109,"null","null","null",12,6.968191,1.529705,-2.7538295,3.445505,-0.5755019,-16731116
94,93,95,104,"null","null","null",8,4.9833,0.33848345,-3.497466,2.789157,-1.044402,-16731116
95,94,96,101,"null","null","null",5,2.2029657,0.5235976,-3.4058828,2.0181618,-2.607294,-16731116
96,95,97,100,"null","null","null",3,0.89487433,0.6580926,-2.7521214,0.86751455,-3.6251051,-16731116
97,96,98,99,"null","null","null",2,0.5606134,1.0880342,-2.1365514,0.46288663,-3.8261662,-16731116
101,95,102,103,"null","null","null",2,0.7770458,1.7788317,-1.9610568,3.6551337,-0.40147734,-16731116
104,94,105,108,"null","null","null",3,2.3430247,2.361207,-0.6648622,3.8027487,-0.7950933,-16731116
105,104,106,107,"null","null","null",2,1.7682337,1.7788317,-1.9610568,3.6551337,-0.5592996,-12486656
109,93,110,115,"null","null","null",4,3.8126552,3.0981069,-0.2750016,3.151094,-1.5045781,-16731116
110,109,111,114,"null","null","null",3,1.7307391,2.361207,-0.6648622,3.8027487,-0.32388246,-16731116
111,110,112,113,"null","null","null",2,1.1695946,1.7788317,-1.9610568,3.6551337,-0.5592996,-16731116
116,92,117,120,"null","null","null",3,6.412182,3.7661464,-0.70525765,1.2371417,-2.2791743,-16731116
117,116,118,119,"null","null","null",2,2.0536134,3.4248652,-0.6042892,2.4441652,-1.5045781,-16731116
122,90,123,128,"null","null","null",6,5.0579433,2.1815877,-2.1631112,0.60018003,-3.516667,-16731116
123,122,124,127,"null","null","null",3,2.5358276,3.3814788,-1.1971772,0.63761365,-2.9699712,-16731116
124,123,125,126,"null","null","null",2,1.2116586,3.7952123,-0.39551884,0.64591134,-2.2791743,-16731116
128,122,129,132,"null","null","null",3,2.8639755,0.52348053,-3.4706397,2.010226,-2.143413,-16731116
129,128,130,131,"null","null","null",2,1.3710119,0.6527479,-2.8544078,0.9791694,-3.1268065,-16731116
133,89,134,149,"null","null","null",9,9.769337,0.55629253,-2.772554,0.90259767,-3.3870258,-16731116
134,133,135,142,"null","null","null",8,7.1195717,2.1643891,-2.1631112,0.46288577,-3.516667,-16731116
135,134,136,141,"null","null","null",4,5.030283,3.3591206,-1.1971772,0.63761365,-2.9699712,-12486656
136,135,137,140,"null","null","null",3,2.6683562,3.7661464,-0.39551884,1.2371417,-2.2791743,-16731116
137,136,138,139,"null","null","null",2,1.4727334,3.4248652,-0.6042892,2.4441652,-1.5045781,-16731116
142,134,143,146,"null","null","null",4,4.5869064,0.52348053,-3.4706397,2.1206808,-2.143413,-16731116
143,142,144,145,"null","null","null",2,2.0032966,0.6527479,-2.8544078,0.9791694,-3.1268065,-12486656
146,142,147,148,"null","null","null",2,1.8718575,1.8611674,-1.7914399,3.711177,-0.4428624,-16731116
150,88,151,178,"null","null","null",17,11.967434,0.48358285,-3.4215996,1.7993804,-2.4241529,-16731116
151,150,152,169,"null","null","null",14,9.933696,0.6580924,-2.772554,0.6457026,-3.3870258,-16731116
152,151,153,164,"null","null","null",9,7.164266,2.1643891,-2.1631112,0.46288577,-3.516667,-16731116
153,152,154,159,"null","null","null",6,5.290277,3.3591206,-1.0032573,0.63761365,-2.9699712,-16731116
154,153,155,158,"null","null","null",3,3.0572822,3.7661464,-0.39551884,1.2371417,-2.2791743,-16731116
155,154,156,157,"null","null","null",2,1.8784634,3.4248652,-0.6042892,2.4441652,-1.5045781,-16731116
159,153,160,163,"null","null","null",3,2.082164,0.3445301,-2.8342948,0.9791694,-3.5548277,-16731116
160,159,161,162,"null","null","null",2,0.30514637,0.90940034,-2.1905565,0.44105583,-3.8270526,-16731116
164,152,165,168,"null","null","null",3,2.2063537,0.52348053,-3.4706397,2.010226,-2.143413,-16731116
165,164,166,167,"null","null","null",2,2.1553247,0.6527479,-2.8544078,0.9791694,-3.1268065,-16731116
169,151,170,177,"null","null","null",5,6.287982,0.86650527,-3.473289,2.5607443,-0.88763,-16731116
170,169,171,176,"null","null","null",4,4.8091784,0.5042378,-3.4551682,2.010226,-2.4726603,-16731116
171,170,172,175,"null","null","null",3,3.2941692,0.6527479,-2.8342948,0.9791694,-3.5548277,-16731116
172,171,173,174,"null","null","null",2,1.539854,0.90940034,-2.1905565,0.44105583,-3.8270526,-16731116
178,150,179,182,"null","null","null",3,9.439091,1.7788353,-2.6272726,3.1628685,-0.40147904,-16731116
179,178,180,181,"null","null","null",2,8.330538,0.641129,-3.4392254,2.4198835,-0.6642305,-16731116
