index,parent,child1,child2,name1,name2,common,richness,lengthbr,hxmax,hxmin,hymax,hymin,color
0,-268380058,1,34,"null","null","null",26,9.305211,2.508493,-1.3840599,3.4518213,-0.34808123,-16731116
1,0,2,31,"null","null","null",17,7.6536365,1.6749309,-2.8129478,3.132606,-0.5755019,-16731116
2,1,3,30,"null","null","null",15,7.6536365,0.52727723,-3.5743203,2.3823884,-0.90352786,-16731116
3,2,4,21,"null","null","null",14,7.6536365,0.5235976,-3.5057936,1.8475332,-2.4241579,-16731116
4,3,5,16,"null","null","null",9,7.2208805,0.6580926,-2.8820057,0.64569753,-3.387028,-16731116
5,4,6,13,"null","null","null",6,6.796994,2.164394,-2.3054006,0.46288663,-3.516666,-16731116
6,5,7,12,"null","null","null",4,6.123064,3.3591228,-1.1971728,0.637614,-2.9699686,-16731116
7,6,8,11,"null","null","null",3,5.1903133,3.7661452,-0.39551976,1.2371495,-2.2791727,-16731116
8,7,9,10,"Thraupidae","null","Tanagers",2,3.240532,3.4248614,-0.60428977,2.4441714,-1.5045741,-16731116
13,5,14,15,"Thraupidae","null","Tanagers",2,6.005058,0.523479,-3.7907977,2.0102232,-1.4433578,-12486656
16,4,17,20,"Thraupidae","null","Tanagers",3,3.582713,0.86650443,-3.7314677,2.56074,-0.38339615,-16731116
17,16,18,19,"null","null","null",2,2.594737,0.50423855,-3.7907977,2.0102232,-1.4433578,-16731116
21,3,22,27,"Thraupidae","null","Tanagers",5,6.9967794,1.7948487,-2.8520777,3.2712197,-0.40147734,-16731116
22,21,23,26,"null","null","null",3,5.199116,0.6411245,-3.7314677,2.56074,-0.6642306,-12486656
23,22,24,25,"null","null","null",2,4.1412826,0.50423855,-3.7907977,2.0102232,-1.4433578,-12486656
27,21,28,29,"null","null","null",2,5.348249,3.5116959,-0.31737888,2.2880604,-1.6001867,-16731116
31,1,32,33,"Thraupidae","null","Tanagers",2,2.6400552,3.4248652,-0.2750016,2.4441652,-1.5045781,-16731116
34,0,35,50,"null","null","null",9,7.9250836,3.5147939,-0.70525765,1.5568684,-2.2791743,-16731116
35,34,36,43,"null","null","null",8,3.8269548,3.0981069,-0.6042892,2.8598099,-1.3321614,-16731116
36,35,37,42,"null","null","null",4,2.934782,2.361207,-1.1773405,3.4240794,-0.32388246,-16731116
37,36,38,41,"Thraupidae","null","Tanagers",3,2.8725967,1.7788317,-2.6272786,3.1628635,-0.5592996,-16731116
38,37,39,40,"null","null","null",2,1.1772282,0.6411245,-3.439229,2.419877,-0.6642306,-16731116
43,35,44,49,"Thraupidae","null","Tanagers",4,2.3085833,3.3004124,-1.3026755,0.30320144,-3.0229423,-16731116
44,43,45,48,"null","null","null",3,1.2158909,3.7903328,-0.37199128,1.0472739,-2.3134394,-16731116
45,44,46,47,"null","null","null",2,0.87416136,3.5116959,-0.59051806,2.2880604,-1.6001867,-16731116
