index,parent,child1,child2,name1,name2,common,richness,lengthbr,hxmax,hxmin,hymax,hymin,color
0,-268300216,1,50,"null","null","null",30,31.071709,1.4333808,-2.882834,3.374333,-0.3173806,-16731116
1,0,2,47,"null","null","null",25,29.046207,0.29949018,-3.5592227,2.7051485,-1.0522809,-16731116
2,1,3,28,"null","null","null",23,25.089195,0.54197484,-3.409959,1.7061949,-2.5434406,-16731116
3,2,4,25,"null","null","null",13,23.090939,0.661925,-2.745932,0.49050736,-3.4364274,-16731116
4,3,5,18,"Artamidae","null","Woodswallows",11,13.679923,2.1597397,-2.0607436,0.483974,-3.4921446,-16731116
5,4,6,15,"null","null","null",7,8.512858,3.25143,-0.8706852,0.64591265,-2.9070063,-16731116
6,5,7,14,"null","null","null",5,7.350766,3.5280137,-0.41857052,1.8652972,-2.2381597,-16731116
7,6,8,11,"null","null","null",4,6.40084,3.0657108,-0.6167606,3.1667461,-1.2878692,-16731116
8,7,9,10,"null","null","null",2,2.4568756,2.3408198,-0.65809166,3.719047,-0.34808096,-16731116
11,7,12,13,"null","null","null",2,3.0296328,2.8755672,-1.1971784,0.3171621,-3.108152,-16731116
15,5,16,17,"null","null","null",2,2.8051856,0.35782912,-2.7162104,0.9025978,-3.239983,-16731116
18,4,19,24,"null","null","null",4,5.046804,0.48358327,-3.405886,1.9383984,-2.6072884,-16731116
19,18,20,23,"null","null","null",3,3.6858659,0.65809244,-2.7521262,0.8675197,-3.6251016,-16731116
20,19,21,22,"null","null","null",2,0.90891415,1.0880251,-2.1365547,0.46288556,-3.8261662,-16731116
25,3,26,27,"Cracticidae","null","Butcherbirds",2,7.5780687,0.8449197,-3.5245035,2.3807096,-0.39556193,-16731116
28,2,29,42,"Cracticidae","null","Butcherbirds",10,16.607866,1.5297068,-2.7538273,3.1313148,-0.35959634,-16731116
29,28,30,41,"null","null","null",7,11.435413,0.5272789,-3.4974658,2.3807096,-1.0443985,-16731116
30,29,31,36,"null","null","null",6,10.697914,0.5235972,-3.4058843,1.799377,-2.6072912,-16731116
31,30,32,35,"null","null","null",3,5.4002123,0.6580925,-2.7521236,0.86751616,-3.6251037,-16731116
32,31,33,34,"null","null","null",2,3.057371,1.0880305,-2.136553,0.46288618,-3.8261662,-16731116
36,30,37,40,"null","null","null",3,6.907896,1.7788322,-2.627278,3.1628642,-0.4014782,-16731116
37,36,38,39,"null","null","null",2,2.7680993,0.64112437,-3.439229,2.419878,-0.6642306,-16731116
42,28,43,46,"","null","Currawongs",3,8.856783,3.0981073,-0.2750013,3.0448956,-1.5045784,-16731116
43,42,44,45,"null","null","null",2,3.7461023,2.3612077,-0.6619245,3.6646914,-0.32388234,-16731116
47,1,48,49,"Machaerirhynchidae","null","Boatbills",2,9.231189,2.3408206,-0.42902395,3.7190466,-0.76705146,-16731116
50,0,51,58,"null","null","null",5,26.651686,3.0657115,-0.28912896,2.960422,-1.4052784,-16731116
51,50,52,57,"Aegithinidae","null","Ioras",4,15.406606,2.3408206,-1.3545806,3.4508271,-0.34808072,-16731116
52,51,53,56,"null","null","null",3,7.88349,1.6917262,-2.7746265,3.1313148,-0.57550156,-16731116
53,52,54,55,"null","null","null",2,4.534063,0.5272789,-3.524505,2.3807096,-0.665,-16731116
