index,parent,child1,child2,name1,name2,common,richness,lengthbr,hxmax,hxmin,hymax,hymin,color
0,-268435405,1,104,"null","null","null",211,26.430487,2.834303,-0.65274733,3.448439,-0.76197815,-16731116
1,0,2,103,"Phasianidae","null","Grouse, Pheasants and more",178,23.766268,2.1905622,-1.9760256,3.688757,-0.44105357,-16731116
2,1,3,56,"null","null","null",177,20.910076,1.1166892,-3.2137537,3.2311006,-0.62788236,-16731116
3,2,4,53,"null","null","null",153,19.721813,0.3719885,-3.6776881,2.5840414,-1.5005683,-16731116
4,3,5,35,"null","null","null",151,18.75133,0.5905163,-3.3652647,1.4907149,-2.8773534,-16731116
5,4,6,29,"null","null","null",101,18.140944,1.0878733,-2.693359,0.38599873,-3.5521078,-16731116
6,5,7,28,"null","null","null",63,16.755342,2.5897179,-1.8611735,0.54197323,-3.4007163,-16731116
7,6,8,9,"null","null","null",62,15.187718,3.4965975,-0.5972491,0.67643464,-2.7339172,-16731116
8,7,-268282880,-268280832,"null","null","null",52,14.612221,3.5703726,-0.48397243,2.2620735,-2.1014674,-16731116
9,7,10,19,"null","null","null",10,13.822643,1.0443842,-2.6208658,0.84492135,-3.4974642,-12486656
10,9,11,16,"null","null","null",5,9.818642,2.607279,-2.0181732,0.52359545,-3.405889,-16731116
11,10,12,15,"LOPHORORUS","null","Monal",3,3.9738376,3.6250975,-0.8675265,0.6580921,-2.7521315,-12486656
12,11,13,14,"null","null","null",2,2.8594654,3.8261666,-0.46288425,1.0880141,-2.136558,-12486656
16,10,17,18,"null","null","null",2,1.6179944,0.401482,-3.6551394,1.7788401,-1.9610406,-16731116
19,9,20,25,"TRAGOPAN","null","Tragopans",5,5.0842257,0.7950963,-3.424083,2.673551,-1.1773235,-12486656
20,19,21,24,"null","null","null",3,3.3649125,0.5592979,-3.162875,1.7788401,-2.6272643,-12486656
21,20,22,23,"null","null","null",2,1.6405052,0.66423047,-2.419892,0.6411348,-3.4392204,-12486656
25,19,26,27,"null","null","null",2,1.8312516,2.3134425,-0.43901807,3.762608,-0.737069,-12486656
29,5,-268281856,30,"null","null","null",38,16.984797,0.76705414,-3.6925101,2.620213,-1.3400922,-16731116
30,29,31,34,"","null","Peafowl or Peacocks",3,5.058879,2.2791781,-1.2371211,3.76615,-0.70526135,-12486656
31,30,32,33,"null","null","null",2,1.4954939,1.5045888,-2.444148,3.4248753,-0.60428786,-12486656
35,4,-268283904,36,"null","null","null",50,15.884384,1.3110149,-3.1183956,3.1946964,-0.28912768,-16731116
36,35,37,48,"null","null","null",9,11.163676,3.160211,-0.3171607,3.165763,-1.0032692,-16731116
37,36,38,45,"null","null","null",6,8.433635,2.5264823,-1.6992228,3.514792,-0.3955164,-16731116
38,37,39,42,"null","null","null",4,5.4805074,1.4209557,-3.044881,3.0981104,-0.60428774,-16731116
39,38,40,41,"null","null","null",2,2.2408752,0.32387957,-3.6646843,2.3612094,-0.6619248,-16731116
42,38,43,44,"null","null","null",2,0.5162438,3.2227073,-0.30319974,2.7384832,-1.3026869,-16731116
45,37,46,47,"null","null","null",2,2.97935,3.827052,-0.6366836,0.909381,-2.190562,-16731116
48,36,49,52,"null","null","null",3,5.8607497,3.55482,-0.97918,0.34452868,-2.8343027,-16731116
49,48,50,51,"null","null","null",2,2.1709158,3.827052,-0.4410537,0.909381,-2.190562,-16731116
53,3,54,55,"","null","Argus",2,4.5571,2.2381644,-0.7310503,3.816719,-0.6717557,-12486656
56,2,57,102,"","null","Partridges",24,17.745928,2.907014,-0.3309549,3.3277416,-1.0892122,-16731116
57,56,58,101,"null","null","null",23,14.889164,2.238165,-1.7065685,3.6272297,-0.41856802,-16731116
58,57,59,98,"null","null","null",22,14.765799,1.2878847,-2.96041,3.1946974,-0.6167593,-16731116
59,58,60,87,"null","null","null",20,10.527538,0.34807813,-3.4508224,2.5084994,-1.3802652,-16731116
60,59,61,82,"null","null","null",14,7.6343656,0.5754999,-3.1313155,1.529717,-2.8080254,-16731116
61,60,62,81,"null","null","null",11,5.7206907,0.9035089,-2.3807101,0.5272909,-3.5679345,-16731116
62,61,63,76,"null","null","null",10,5.718708,2.4241421,-1.7993909,0.5235952,-3.4975019,-16731116
63,62,64,71,"null","null","null",7,3.5765073,3.3870208,-0.64571226,0.658092,-2.8712282,-16731116
64,63,65,70,"null","null","null",4,2.6773148,3.516668,-0.4628839,2.1815746,-2.136559,-16731116
65,64,66,69,"null","null","null",3,1.2844453,2.969976,-0.6376129,3.3814704,-1.197186,-12486656
66,65,67,68,"null","null","null",2,1.2844453,2.2791777,-0.645912,3.79521,-0.3955168,-16731116
71,63,72,75,"null","null","null",3,3.1635683,0.38339457,-2.5607514,0.86650705,-3.7314637,-16731116
72,71,73,74,"null","null","null",2,1.3309203,1.4433382,-2.010231,0.50423634,-3.7908013,-16731116
76,62,77,80,"null","null","null",3,2.8818386,0.40148264,-3.1628768,1.7788414,-2.6272619,-12486656
77,76,78,79,"null","null","null",2,2.4547644,0.66423047,-2.4198945,0.6411365,-3.4392192,-12486656
82,60,83,86,"null","null","null",3,3.168239,1.5045897,-3.044881,3.0981104,-0.27500063,-16731116
83,82,84,85,"null","null","null",2,1.6626451,0.32387957,-3.6646843,2.3612094,-0.6619248,-16731116
87,59,88,97,"null","null","null",6,5.7699423,2.2791789,-1.7809162,3.514792,-0.7052618,-12486656
88,87,89,94,"null","null","null",5,4.5628953,1.4209566,-3.151083,3.0981107,-0.6042876,-12486656
89,88,90,93,"null","null","null",3,3.571904,0.3238794,-3.8027477,2.3612094,-0.66483784,-12486656
90,89,91,92,"null","null","null",2,1.7328615,0.55929744,-3.6551414,1.7788426,-1.9610354,-12486656
94,88,95,96,"null","null","null",2,1.7046214,3.2227082,-0.30319965,2.738482,-1.3026878,-12486656
98,58,99,100,"null","null","null",2,10.03183,3.1081653,-0.3171605,2.8755522,-1.1971898,-12486656
104,0,105,168,"null","null","null",33,24.983795,3.4965987,-0.88575864,0.6729524,-2.648818,-16731116
105,104,106,161,"Odontophoridae","null","New World quails",32,19.708288,3.5703757,-0.48397207,2.2575479,-2.0607538,-16731116
106,105,107,144,"null","null","null",28,14.723101,3.0087097,-0.6459119,3.378591,-0.89574224,-16731116
107,106,108,137,"null","null","null",19,13.111624,2.3703694,-1.8280945,3.6933336,-0.41856802,-16731116
108,107,109,134,"ODONTOPHORUS","null","Wood-Quails",15,11.1143465,1.2878847,-3.118394,3.280632,-0.6167593,-16731116
109,108,110,127,"null","null","null",13,8.758884,0.34807813,-3.6562014,2.6202145,-1.3259928,-16731116
110,109,111,120,"null","null","null",9,7.37809,0.5754999,-3.3983083,1.529717,-2.7374713,-16731116
111,110,112,117,"null","null","null",5,6.6349325,0.8164995,-2.7278008,0.33849317,-3.4762142,-16731116
112,111,113,116,"null","null","null",3,4.190071,2.31103,-1.9384052,0.5235952,-3.3782654,-16731116
113,112,114,115,"null","null","null",2,2.203404,3.239975,-0.8675283,0.658092,-2.716221,-16731116
117,111,118,119,"null","null","null",2,2.311474,0.79509676,-3.6646852,2.3612092,-0.4184203,-16731116
120,110,121,124,"null","null","null",4,5.1356544,1.4209557,-3.044881,3.0981104,-0.27500063,-12486656
121,120,122,123,"null","null","null",2,2.2838733,0.32387957,-3.6646843,2.3612094,-0.6619248,-11184866
124,120,125,126,"null","null","null",2,2.3471236,3.2227073,-0.30319974,2.7384832,-1.3026869,-16731116
127,109,128,131,"null","null","null",4,4.454184,2.5264828,-1.237118,3.766151,-0.7052618,-16731116
128,127,129,130,"null","null","null",2,2.4207385,1.5045903,-2.4441457,3.4248772,-0.6042876,-12486656
131,127,132,133,"null","null","null",2,2.2170997,3.8270519,-0.6366839,0.90937954,-2.1905627,-16731116
134,108,135,136,"null","null","null",2,2.1533542,3.1081653,-0.3171605,2.8755522,-1.1971898,-12486656
137,107,138,141,"null","null","null",4,8.274161,3.6229672,-0.6001848,1.792403,-2.3054144,-16731116
138,137,139,140,"null","null","null",2,3.784543,3.1081662,-0.6376126,2.875551,-1.1971906,-16731116
141,137,142,143,"null","null","null",2,3.135325,1.44333,-2.0102336,0.52348524,-3.7908027,-12486656
144,106,145,160,"null","null","null",9,11.849203,3.38702,-0.9025996,0.5562769,-2.7725692,-16731116
145,144,146,153,"null","null","null",8,6.7916527,3.5166693,-0.46288335,2.164375,-2.1631248,-16731116
146,145,147,152,"COLINUS","null","Bobwhites",4,3.8444273,2.9699788,-0.6376126,3.3591144,-1.1971906,-16731116
147,146,148,151,"null","null","null",3,1.9022874,2.2791796,-1.2371151,3.7661512,-0.39551586,-16731116
148,147,149,150,"null","null","null",2,0.8734286,1.5045918,-2.4441433,3.4248786,-0.60428745,-16731116
153,145,154,157,"null","null","null",4,4.1857195,2.143393,-2.1206918,0.52348524,-3.470651,-16731116
154,153,155,156,"null","null","null",2,1.3610197,3.126792,-0.97918236,0.6527473,-2.8544245,-16731116
157,153,158,159,"null","null","null",2,3.0614583,0.44286698,-3.7111826,1.8611758,-1.7914215,-16731116
161,105,162,167,"null","null","null",4,10.800032,2.6072748,-1.9384066,0.48358738,-3.405892,-16731116
162,161,163,166,"DENDRORTYX","null","Wood-Partridges",3,7.0027876,3.6250954,-0.86753124,0.6580919,-2.7521353,-16731116
163,162,164,165,"null","null","null",2,2.9200659,3.826167,-0.46288335,1.0880048,-2.136561,-12486656
