index,parent,child1,child2,name1,name2,common,richness,lengthbr,hxmax,hxmin,hymax,hymin,color
0,-268300279,1,28,"null","null","null",22,14.818179,2.29608,-1.9945794,0.5042372,-3.5713406,-16731116
1,0,2,21,"null","null","null",14,12.869581,3.3252766,-0.76730907,0.65274775,-2.9853194,-16731116
2,1,3,18,"null","null","null",10,10.695728,3.528639,-0.44105512,1.9801664,-2.386887,-16731116
3,2,4,15,"null","null","null",8,6.117533,3.0229437,-0.6278832,3.219129,-1.1514455,-16731116
4,3,5,14,"null","null","null",6,5.377039,2.3134403,-1.6418939,3.684667,-0.37199056,-12486656
5,4,6,13,"null","null","null",5,5.2404623,1.6001897,-3.061069,3.3743324,-0.59051764,-16731116
6,5,7,10,"null","null","null",4,4.459086,0.29949006,-3.7909286,2.705148,-0.66423035,-16731116
7,6,8,9,"null","null","null",2,1.9837078,0.5419747,-3.7111769,1.8611665,-1.7914414,-12486656
10,6,11,12,"null","null","null",2,0.8112563,2.3408208,-0.4290239,3.7190452,-0.7670516,-16731116
15,3,16,17,"null","null","null",2,2.0459516,3.0051699,-1.0892038,0.3309561,-2.9852314,-16731116
18,2,19,20,"null","null","null",2,4.8019557,1.2662381,-2.076367,0.5623988,-3.8140666,-16731116
21,1,22,27,"null","null","null",4,12.151225,0.45200062,-2.660825,0.8857573,-3.482712,-16731116
22,21,23,26,"null","null","null",3,7.0494404,1.9703064,-2.076367,0.48397338,-3.5523171,-16731116
23,22,24,25,"null","null","null",2,3.0928786,3.0051699,-1.0892038,0.6459124,-2.9852314,-16731116
28,0,29,42,"null","null","null",8,13.952594,0.44286364,-3.427444,1.8611686,-2.5434372,-16731116
29,28,30,39,"null","null","null",7,11.585065,0.7291248,-2.768663,0.49050963,-3.4364262,-16731116
30,29,31,36,"null","null","null",5,6.423725,2.3305678,-2.216556,0.48397338,-3.4921455,-16731116
31,30,32,35,"null","null","null",3,5.30177,3.4735096,-1.0892038,0.6459124,-2.9070082,-16731116
32,31,33,34,"null","null","null",2,5.2355742,3.8167202,-0.4185698,0.73106515,-2.238161,-16731116
36,30,37,38,"null","null","null",2,5.8142357,0.48358452,-3.7564592,1.9384005,-1.6186413,-16731116
39,29,40,41,"null","null","null",2,2.349242,0.8449204,-3.5245008,2.3807096,-0.39556158,-16731116
