index,parent,child1,child2,name1,name2,common,richness,lengthbr,hxmax,hxmin,hymax,hymin,color
0,-268368793,1,62,"null","null","null",32,22.376413,3.3277473,-1.0892038,0.3309561,-3.0093741,-16731116
1,0,2,47,"null","null","null",31,20.892712,3.6272292,-0.4185698,1.7906663,-2.3712368,-16731116
2,1,3,38,"null","null","null",23,17.661507,3.1946921,-0.6167603,3.069729,-1.2264589,-16731116
3,2,4,29,"null","null","null",18,14.780698,2.5084949,-1.3840548,3.592928,-0.34808022,-16731116
4,3,5,28,"null","null","null",13,8.644916,1.6917281,-2.8129447,3.3160472,-0.5755012,-16731116
5,4,6,19,"null","null","null",12,8.494825,0.47730488,-3.5743203,2.6208618,-0.9035219,-16731116
6,5,7,18,"null","null","null",7,6.2827854,0.5235968,-3.5057967,1.9383985,-2.4241529,-16731116
7,6,8,17,"null","null","null",6,3.0827825,0.6580924,-2.88201,0.867519,-3.3870258,-16731116
8,7,9,14,"null","null","null",5,2.7667158,2.1815877,-2.3054042,0.46288577,-3.516667,-16731116
9,8,10,13,"null","null","null",3,2.1289406,3.3814788,-1.1971772,0.63761365,-2.9699712,-16731116
10,9,11,12,"null","null","null",2,1.3840631,3.7952123,-0.39551884,0.64591134,-2.2791743,-12486656
14,8,15,16,"null","null","null",2,1.7845201,0.52348053,-3.7907991,2.010226,-1.4433506,-16731116
19,5,20,25,"null","null","null",5,7.505843,2.673549,-1.1773334,3.4240808,-0.7950944,-16731116
20,19,21,24,"null","null","null",3,5.126377,1.7788353,-2.6272726,3.1628685,-0.5592989,-16731116
21,20,22,23,"null","null","null",2,5.0793023,0.641129,-3.4392254,2.4198835,-0.6642305,-16731116
25,19,26,27,"null","null","null",2,5.9386377,3.76261,-0.7370672,0.4390186,-2.3134408,-12486656
29,3,30,35,"null","null","null",5,13.601532,3.514793,-0.705259,1.6992358,-2.5264778,-16731116
30,29,31,34,"null","null","null",3,10.738489,3.0981078,-0.6042887,3.0448914,-1.5045819,-16731116
31,30,32,33,"null","null","null",2,3.4380996,2.3612075,-0.66192454,3.6646893,-0.32388148,-16731116
35,29,36,37,"null","null","null",2,4.522045,0.9093931,-2.1905591,0.63668096,-3.827052,-16731116
38,2,39,46,"null","null","null",5,11.874264,3.1657686,-1.1971815,0.31716168,-2.9699733,-16731116
39,38,40,45,"null","null","null",4,9.727198,3.514793,-0.3955179,1.6992358,-2.2791758,-16731116
40,39,41,44,"null","null","null",3,5.564426,3.0981078,-0.6042887,3.0448914,-1.5045819,-16731116
41,40,42,43,"null","null","null",2,3.4819872,2.3612075,-0.66192454,3.6646893,-0.32388148,-16731116
47,1,48,61,"null","null","null",8,19.48174,2.0156536,-2.1365566,0.6001816,-3.6249318,-16731116
48,47,49,60,"null","null","null",7,15.812595,3.1657686,-1.1971815,0.6376133,-3.1107168,-16731116
49,48,50,55,"null","null","null",6,9.357649,3.514793,-0.3955179,1.6992358,-2.462142,-16731116
50,49,51,54,"null","null","null",3,4.8709984,3.0981078,-0.6042887,3.0448914,-1.5045819,-16731116
51,50,52,53,"null","null","null",2,3.359263,2.3612075,-0.66192454,3.6646893,-0.32388148,-16731116
55,49,56,59,"null","null","null",3,5.7548413,1.6104459,-2.1905591,0.63668096,-3.6822963,-16731116
56,55,57,58,"null","null","null",2,1.9815344,2.7384934,-1.3026797,0.6278831,-3.2226985,-16731116
