index,parent,child1,child2,name1,name2,common,richness,lengthbr,hxmax,hxmin,hymax,hymin,color
0,-268405752,1,174,"null","null","null",3623,48.002174,1.0876031,-2.5859408,0.39173418,-3.5589683,-16731116
1,0,2,87,"null","null","null",3618,47.30945,2.5893624,-1.8114581,0.5419742,-3.4096308,-16731116
2,1,3,49,"null","null","null",3574,45.59263,3.4961293,-0.6348246,0.6619249,-2.7455056,-16731116
3,2,4,17,"null","null","null",2356,45.095753,3.569759,-0.48397362,2.236008,-2.0736518,-16731116
4,3,5,8,"null","null","null",1608,41.378918,3.0079052,-0.6459125,3.350581,-0.94437706,-16731116
5,4,6,-268371968,"null","null","null",1603,38.11513,2.3693278,-1.8186147,3.6569118,-0.41857004,-16731116
6,5,7,-268332032,"null","null","null",1418,33.459866,1.2899919,-3.106061,3.2332795,-0.61676043,-16731116
7,6,-268390400,-268324864,"null","null","null",1126,29.258358,0.34808046,-3.6401584,2.5586586,-1.3480217,-16731116
8,4,9,16,"null","null","null",5,40.970505,3.4687881,-0.90259814,0.3578289,-2.8820133,-16731116
9,8,10,13,"","null","Sugarbirds and more",4,40.024757,3.6229606,-0.46288514,1.7924204,-2.3054068,-16731116
10,9,11,12,"Muscicapidae","null","Chats and Old World flycatchers",2,22.80201,3.1081543,-0.6376134,2.8755643,-1.1971804,-12486656
13,9,14,15,"Promeropidae","null","Sugarbirds",2,5.521652,1.4433452,-2.0102282,0.5234818,-3.7908,-16731116
17,3,18,38,"null","null","null",748,44.58592,2.4642994,-1.9093072,0.4835841,-3.434926,-16731116
18,17,-268346368,19,"null","null","null",742,40.639683,3.4392195,-0.627752,0.65809226,-2.7898788,-16731116
19,18,20,37,"","null","Waxwings and more",10,36.50803,0.8217367,-2.5203502,0.866506,-3.473288,-16731116
20,19,21,30,"null","null","null",9,33.18537,2.387001,-1.9577118,0.5042372,-3.4551697,-16731116
21,20,22,27,"null","null","null",5,30.18126,3.4434738,-0.72746766,0.65274775,-2.8342974,-16731116
22,21,23,26,"Bombycillidae","null","Waxwings",3,10.873741,3.6822956,-0.44105512,1.6104476,-2.1905584,-16731116
23,22,24,25,"null","null","null",2,7.1272726,3.2226973,-0.6278832,2.7384949,-1.3026786,-16731116
27,21,28,29,"null","null","null",2,25.590876,0.37080103,-2.571182,0.8857573,-3.3442578,-16731116
30,20,31,36,"Bombycillidae","null","Waxwings",4,27.622349,0.44286364,-3.3444917,1.8611686,-2.7339232,-16731116
31,30,32,35,"null","null","null",3,21.915257,0.6619249,-2.660825,0.7546941,-3.6840577,-16731116
32,31,33,34,"null","null","null",2,8.110377,1.2662381,-2.076367,0.48397338,-3.8140666,-16731116
38,17,39,48,"Reguliidae","null","Goldcrests and kinglets",6,34.601562,0.40148032,-3.4101982,1.7788366,-2.6626291,-16731116
39,38,40,45,"null","null","null",5,29.568316,0.6642305,-2.7414122,0.41481906,-3.4851904,-16731116
40,39,41,44,"null","null","null",3,18.87626,2.143408,-2.0102282,0.5042372,-3.4706426,-16731116
41,40,42,43,"null","null","null",2,12.2258,3.126803,-0.9791728,0.65274775,-2.8544118,-16731116
45,39,46,47,"null","null","null",2,15.169245,0.82108533,-3.5997553,2.3745222,-0.4072522,-16731116
49,2,50,-268333056,"null","null","null",1218,42.228542,0.94992465,-2.70542,0.84492016,-3.5235424,-16731116
50,49,51,-268325888,"null","null","null",1144,34.879433,2.4844785,-1.8413825,0.5235962,-3.4397874,-16731116
51,50,-268368896,52,"null","null","null",1049,34.736122,3.4654524,-0.6975698,0.65809226,-2.7961984,-16731116
52,51,53,78,"Sylviidae","null","Old World warblers",18,28.574924,0.75179744,-2.6774402,0.866506,-3.5626502,-16731116
53,52,54,71,"null","null","null",13,24.36645,2.29608,-1.9577118,0.5042372,-3.5713406,-16731116
54,53,55,70,"","null","Crombecs",9,20.187466,3.3252766,-0.9791728,0.65274775,-2.9853194,-16731116
55,54,56,67,"null","null","null",8,15.505049,3.528639,-0.44105512,1.8644047,-2.386887,-16731116
56,55,57,64,"null","null","null",6,13.749157,3.0229437,-0.6278832,3.0686388,-1.1514455,-16731116
57,56,58,63,"null","null","null",4,10.315719,2.3134403,-1.5287743,3.48903,-0.37199056,-16731116
58,57,59,62,"null","null","null",3,9.065195,1.6001897,-2.9140136,3.1200042,-0.59051764,-16731116
59,58,60,61,"null","null","null",2,6.1636324,0.4135989,-3.5997567,2.3745215,-0.66423035,-16731116
64,56,65,66,"null","null","null",2,8.373881,3.0051699,-1.0892038,0.3309561,-2.9852314,-16731116
67,55,68,69,"null","null","null",2,5.134995,1.2662381,-2.076367,0.5623988,-3.8140666,-16731116
71,53,72,77,"null","null","null",4,19.36838,0.44286364,-3.3444917,1.8611686,-2.7339232,-16731116
72,71,73,76,"null","null","null",3,13.211997,0.6619249,-2.660825,0.7546941,-3.6840577,-16731116
73,72,74,75,"null","null","null",2,8.305842,1.2662381,-2.076367,0.48397338,-3.8140666,-16731116
78,52,79,86,"","null","Longbills",5,23.720453,0.82108533,-3.4558184,2.3745222,-0.9977391,-16731116
79,78,80,83,"null","null","null",4,16.055534,0.5419743,-3.2755356,1.9094158,-2.4725387,-16731116
80,79,81,82,"null","null","null",2,6.5498633,0.6619249,-2.571182,0.7546941,-3.3442578,-12486656
83,79,84,85,"null","null","null",2,7.5973835,1.691729,-2.1268048,3.5885563,-0.35959762,-16731116
87,1,88,163,"Petroicidae","null","Australasian robins",44,39.296444,0.3595978,-3.3681507,1.5297103,-2.8129432,-16731116
88,87,89,130,"null","null","null",38,38.300995,0.9701229,-2.6885962,0.48278344,-3.5743203,-16731116
89,88,90,119,"null","null","null",21,35.143177,2.5107362,-1.9093072,0.5235962,-3.5057988,-16731116
90,89,91,116,"null","null","null",15,30.131193,3.4995873,-0.58310217,0.65809226,-2.8820133,-16731116
91,90,92,113,"null","null","null",13,28.231735,3.6629996,-0.46288514,2.015655,-2.3054068,-16731116
92,91,93,112,"null","null","null",11,16.090738,3.160205,-0.6376134,3.1657696,-1.1971804,-16731116
93,92,94,109,"null","null","null",10,14.450197,2.526477,-1.6694413,3.5147934,-0.39551812,-16731116
94,93,95,108,"null","null","null",8,12.1394825,1.504581,-3.0061576,3.0981078,-0.6042888,-16731116
95,94,96,107,"null","null","null",7,10.548095,0.32388172,-3.6143346,2.3612075,-1.3502585,-16731116
96,95,97,104,"null","null","null",6,10.2315235,0.5592991,-3.4101975,1.7948521,-2.8520744,-16731116
97,96,98,101,"null","null","null",4,7.6148796,0.6642305,-2.7414112,0.41481584,-3.7314668,-16731116
98,97,99,100,"null","null","null",2,5.0595098,1.4433522,-2.010225,0.50423795,-3.7907987,-16731116
101,97,102,103,"null","null","null",2,5.6751356,0.8210844,-3.5997567,2.3745215,-0.40725267,-16731116
104,96,105,106,"null","null","null",2,4.649654,1.6001897,-2.2880554,3.5116982,-0.31738016,-16731116
109,93,110,111,"null","null","null",2,4.6505585,3.8270524,-0.63668066,0.9093949,-2.1905584,-12486656
113,91,114,115,"null","null","null",2,10.60778,1.4433452,-2.0102282,0.5234818,-3.7908,-16731116
116,90,117,118,"","null","Ground-robins",2,14.720513,0.38339525,-2.4198883,0.866506,-3.4392228,-16731116
119,89,120,127,"","null","Flyrobins",6,25.6473,0.40148032,-3.4101982,1.7948548,-2.8520713,-16731116
120,119,121,124,"null","null","null",4,13.983365,0.6642305,-2.7414122,0.41481906,-3.7314653,-16731116
121,120,122,123,"null","null","null",2,6.040244,1.4433452,-2.0102282,0.5042372,-3.7908,-16731116
124,120,125,126,"null","null","null",2,10.881341,0.82108533,-3.5997553,2.3745222,-0.4072522,-16731116
127,119,128,129,"null","null","null",2,7.1213465,1.6001905,-2.288054,3.5116992,-0.31738126,-16731116
130,88,131,158,"null","null","null",17,36.693424,0.7950952,-3.5764806,2.6858711,-1.1974869,-16731116
131,130,132,157,"null","null","null",14,35.115982,0.55929863,-3.360989,1.7788366,-2.6534734,-16731116
132,131,133,148,"null","null","null",13,20.321087,0.75179744,-2.6774402,0.5617643,-3.473288,-16731116
133,132,134,147,"null","null","null",8,14.315391,2.29608,-2.0102282,0.5042372,-3.4551697,-16731116
134,133,135,144,"null","null","null",7,13.464286,3.3252766,-0.72746766,0.65274775,-2.8342974,-16731116
135,134,136,143,"null","null","null",5,12.279852,3.528639,-0.44105512,2.0262864,-2.1905584,-16731116
136,135,137,140,"null","null","null",4,11.648188,3.0229437,-0.6278832,3.2790852,-1.1514455,-16731116
137,136,138,139,"null","null","null",2,5.0296516,2.3134403,-0.65274704,3.7626104,-0.37199056,-16731116
140,136,141,142,"null","null","null",2,9.622995,3.0051699,-1.0892038,0.3309561,-2.9852314,-16731116
144,134,145,146,"null","null","null",2,2.6985025,0.37080103,-2.571182,0.8857573,-3.3442578,-16731116
148,132,149,154,"null","null","null",5,17.136366,0.82108533,-3.4558184,2.7051492,-0.9977391,-16731116
149,148,150,153,"null","null","null",3,14.045834,0.5419743,-3.2755356,1.8611686,-2.4725387,-16731116
150,149,151,152,"null","null","null",2,4.1462827,0.6619249,-2.571182,0.7546941,-3.3442578,-16731116
154,148,155,156,"null","null","null",2,5.539214,2.3408213,-0.42902362,3.719045,-0.76705235,-16731116
158,130,159,162,"null","null","null",3,32.890064,2.3134413,-1.0472662,3.7903333,-0.7370677,-16731116
159,158,160,161,"null","null","null",2,11.836207,1.6001905,-2.288054,3.5116992,-0.59051746,-16731116
163,87,164,171,"null","null","null",6,22.489222,1.4209446,-2.859808,3.0981085,-0.2750008,-16731116
164,163,165,170,"null","null","null",4,11.057996,0.32388148,-3.4240808,2.3612084,-1.1773334,-16731116
165,164,166,169,"null","null","null",3,8.952602,0.5592989,-3.1628685,1.7788353,-2.6272726,-16731116
166,165,167,168,"null","null","null",2,2.9569519,0.6642305,-2.4198837,0.6411284,-3.4392254,-16731116
171,163,172,173,"null","null","null",2,6.0753465,3.222697,-0.30320084,2.7384958,-1.3026779,-16731116
174,0,175,180,"","null","Rockjumpers and Rockfowl",5,40.267853,0.76705253,-3.4508255,2.633126,-1.3545737,-12486656
175,174,176,179,"null","null","null",3,28.85865,0.57550097,-3.131315,1.6917293,-2.7746205,-16731116
176,175,177,178,"Turdidae","null","Thrushes",2,13.969667,0.665,-2.38071,0.5272846,-3.5245008,-16731116
180,174,181,182,"Picathartidae","null","Rockfowl",2,7.596429,2.279176,-0.55373603,3.795211,-0.70525956,-11184866
