index,parent,child1,child2,name1,name2,common,richness,lengthbr,hxmax,hxmin,hymax,hymin,color
0,-268390392,1,214,"null","null","null",214,11.798569,0.5592997,-3.396339,1.733797,-2.6926134,-16731116
1,0,2,155,"null","null","null",200,11.682046,0.7901299,-2.723395,0.5782518,-3.5241632,-16731116
2,1,3,123,"null","null","null",170,11.3782015,2.3459067,-1.9826932,0.5042388,-3.5213008,-16731116
3,2,4,-268382208,"null","null","null",99,11.074897,3.3900428,-0.7997865,0.6527482,-2.9202657,-16731116
4,3,5,102,"null","null","null",60,10.738765,3.6128278,-0.44105694,1.93844,-2.3023214,-16731116
5,4,6,69,"null","null","null",49,9.965664,3.1323862,-0.62788403,3.164877,-1.1457152,-16731116
6,5,7,42,"null","null","null",32,9.550747,2.4557178,-1.4750004,3.6141312,-0.3719925,-16731116
7,6,8,37,"Thraupidae","null","Flowerpiercers",18,8.704921,1.4333732,-2.8441002,3.282631,-0.59051883,-16731116
8,7,9,30,"null","null","null",15,7.6512737,0.29949206,-3.508861,2.5859368,-1.0522923,-16731116
9,8,10,25,"null","null","null",11,6.394622,0.5419762,-3.3444834,1.7061883,-2.5434496,-16731116
10,9,11,24,"null","null","null",8,4.243415,0.66192526,-2.6608133,0.7546809,-3.4364312,-16731116
11,10,12,23,"null","null","null",7,3.850983,2.1597526,-2.076359,0.4839759,-3.4921417,-16731116
12,11,13,20,"null","null","null",6,3.3622828,3.2514372,-0.87067205,0.64591336,-2.907,-16731116
13,12,14,19,"null","null","null",4,0.27380955,3.5280142,-0.4185726,1.8653121,-2.2381556,-16731116
14,13,15,18,"null","null","null",3,0.18240775,3.0657072,-0.61676174,3.1667566,-1.4052683,-16731116
15,14,16,17,"null","null","null",2,0.12830362,2.3408177,-0.6580912,3.7190514,-0.34808317,-16731116
20,12,21,22,"null","null","null",2,1.9232789,0.35783035,-2.7161973,0.90259635,-3.2399933,-12486656
25,9,26,29,"null","null","null",3,1.8781445,1.691721,-2.7746353,3.1313138,-0.3595931,-12486656
26,25,27,28,"null","null","null",2,0.75208545,0.52727246,-3.5245097,2.3807087,-0.665,-12486656
30,8,31,36,"null","null","null",4,6.774861,2.3408184,-1.3545914,3.450829,-0.7670493,-16731116
31,30,32,35,"null","null","null",3,3.368972,1.691721,-2.7746353,3.1313138,-0.5755025,-16731116
32,31,33,34,"null","null","null",2,0.44474635,0.52727246,-3.5245097,2.3807087,-0.665,-16731116
37,7,38,41,"null","null","null",3,5.874894,3.0657086,-0.28913003,3.166752,-1.4052725,-16731116
38,37,39,40,"null","null","null",2,3.2095768,2.3408184,-0.6580914,3.7190495,-0.34808218,-16731116
42,6,43,64,"null","null","null",14,8.683563,3.528014,-0.67174995,1.7316535,-2.3703532,-16731116
43,42,44,55,"null","null","null",11,8.41544,3.0657086,-0.61676127,2.9930046,-1.2264501,-16731116
44,43,45,54,"null","null","null",6,7.88079,2.3408184,-1.4981592,3.493178,-0.34808218,-16731116
45,44,46,51,"Emberizidae","null","null",5,5.093074,1.6749259,-2.9612732,3.186367,-0.5755025,-16731116
46,45,47,50,"null","null","null",3,2.689555,0.52727246,-3.767139,2.452278,-0.665,-16731116
47,46,48,49,"null","null","null",2,1.9360534,0.5235983,-3.7564542,1.9383926,-1.6186615,-16731116
51,45,52,53,"null","null","null",2,1.6999313,3.4248614,-0.27500218,2.4441714,-1.5045741,-16731116
55,43,56,61,"Emberizidae","null","Sierra-finches",5,6.802933,3.3591228,-1.0121906,0.3171628,-2.9699686,-16731116
56,55,57,60,"null","null","null",3,5.9418883,3.7661452,-0.39551976,1.2371495,-2.2791727,-16731116
57,56,58,59,"null","null","null",2,5.806548,3.4248614,-0.60428977,2.4441714,-1.5045741,-16731116
61,55,62,63,"null","null","null",2,2.5194845,0.34453064,-2.8544023,0.97916484,-3.126811,-16731116
64,42,65,68,"Emberizidae","null","Seedeaters and more",3,6.111293,1.792433,-2.1365514,0.60017854,-3.6229558,-16731116
65,64,66,67,"null","null","null",2,2.3584702,2.8755739,-1.1971728,0.637614,-3.1081457,-16731116
69,5,70,93,"Emberizidae","null","Finches and more",17,8.5027075,3.3844805,-0.9287921,0.3309572,-2.9723532,-16731116
70,69,71,84,"null","null","null",12,7.3076572,3.7009745,-0.41857165,1.7065952,-2.3231132,-16731116
71,70,72,81,"null","null","null",7,4.476122,3.2905574,-0.61676127,2.9604287,-1.2878622,-16731116
72,71,73,78,"null","null","null",5,3.8702798,2.6331215,-1.3545914,3.450829,-0.34808218,-16731116
73,72,74,77,"null","null","null",3,2.1496718,1.691721,-2.7746353,3.1313138,-0.5755025,-16731116
74,73,75,76,"null","null","null",2,1.1683494,0.52727246,-3.5245097,2.3807087,-0.665,-16731116
78,72,79,80,"null","null","null",2,1.3898393,3.7952137,-0.70525634,0.5537506,-2.2791727,-16731116
81,71,82,83,"null","null","null",2,1.342445,2.8755739,-1.1971728,0.3171628,-3.1081457,-16731116
84,70,85,90,"null","null","null",5,4.8749485,2.1815941,-2.3054006,0.60017854,-3.516666,-16731116
85,84,86,89,"null","null","null",3,2.4267695,3.381483,-1.1971728,0.637614,-2.9699686,-16731116
86,85,87,88,"null","null","null",2,1.374594,3.7952137,-0.39551976,0.6459111,-2.2791727,-16731116
90,84,91,92,"null","null","null",2,1.3200109,0.523479,-3.7907977,2.0102232,-1.4433578,-16731116
93,69,94,99,"null","null","null",5,6.80853,0.3578298,-2.7521214,0.90259707,-3.4687893,-16731116
94,93,95,98,"null","null","null",3,1.5268104,1.792433,-2.1365514,0.46288663,-3.6229558,-16731116
95,94,96,97,"null","null","null",2,1.1988188,2.8755739,-1.1971728,0.637614,-3.1081457,-16731116
99,93,100,101,"null","null","null",2,2.6000326,0.86650443,-3.439229,2.419877,-0.38339615,-16731116
102,4,103,116,"Thraupidae","null","Conebills",11,5.666885,2.1597466,-2.0484586,0.5623957,-3.6238062,-16731116
103,102,104,115,"null","null","null",7,4.365249,3.2514338,-1.0891951,0.645913,-3.078165,-16731116
104,103,105,112,"null","null","null",6,3.7113955,3.528014,-0.41857165,1.8653054,-2.4606688,-16731116
105,104,106,109,"null","null","null",4,3.314463,3.0657086,-0.61676127,3.166752,-1.2878622,-16731116
106,105,107,108,"null","null","null",2,1.2879184,2.3408184,-0.6580914,3.7190495,-0.34808218,-16731116
109,105,110,111,"null","null","null",2,1.4178135,2.8755739,-1.1971728,0.3171628,-3.1081457,-12486656
112,104,113,114,"null","null","null",2,1.4086976,1.0880342,-2.1365514,0.60017854,-3.8261662,-16731116
116,102,117,120,"null","null","null",4,3.220772,0.48358122,-3.3782535,2.0181618,-2.3110504,-16731116
117,116,118,119,"null","null","null",2,1.1397386,0.6580926,-2.7162032,0.86751455,-3.2399886,-16731116
120,116,121,122,"null","null","null",2,1.1494488,1.7788317,-1.9610568,3.6551337,-0.40147734,-16731116
123,2,-268383232,124,"null","null","null",71,11.211234,0.4428603,-3.4007142,1.8248549,-2.5731902,-16731116
124,123,125,148,"null","null","null",16,8.307498,1.529705,-2.8129478,3.398306,-0.35959482,-16731116
125,124,126,145,"null","null","null",12,7.651578,0.33848345,-3.5743203,2.7277982,-0.90352786,-16731116
126,125,127,138,"Thraupidae","null","Dacnis",10,6.743245,0.5235976,-3.5057936,1.8475332,-2.4241579,-16731116
127,126,128,137,"null","null","null",6,4.568515,0.6580926,-2.8820057,0.86751455,-3.387028,-16731116
128,127,129,134,"null","null","null",5,3.9758487,2.1815941,-2.3054006,0.46288663,-3.516666,-16731116
129,128,130,133,"null","null","null",3,1.7790529,3.381483,-1.1971728,0.637614,-2.9699686,-16731116
130,129,131,132,"null","null","null",2,1.2814754,3.7952137,-0.39551976,0.6459111,-2.2791727,-16731116
134,128,135,136,"null","null","null",2,1.4186147,0.523479,-3.7907977,2.0102232,-1.4433578,-12486656
138,126,139,144,"null","null","null",4,3.6199818,1.7788317,-2.8520777,3.2712197,-0.40147734,-12486656
139,138,140,143,"null","null","null",3,2.5301268,0.6411245,-3.7314677,2.56074,-0.6642306,-12486656
140,139,141,142,"null","null","null",2,1.3578545,0.50423855,-3.7907977,2.0102232,-1.4433578,-11184866
145,125,146,147,"null","null","null",2,2.5417488,2.361207,-0.4184217,3.664692,-0.7950933,-16731116
148,124,149,154,"Thraupidae","null","Honeycreepers",4,6.549776,3.0981069,-0.2750016,3.151094,-1.5045781,-16731116
149,148,150,153,"null","null","null",3,4.413432,2.361207,-0.6648622,3.8027487,-0.32388246,-16731116
150,149,151,152,"null","null","null",2,3.8470774,1.7788317,-1.9610568,3.6551337,-0.5592996,-16731116
155,1,156,209,"null","null","null",30,10.588517,0.8210833,-3.5592246,2.742259,-1.112215,-16731116
156,155,157,184,"null","null","null",27,9.7259035,0.5419755,-3.4099588,1.7061918,-2.6213522,-16731116
157,156,158,181,"null","null","null",14,8.948126,0.66192514,-2.7459316,0.49050337,-3.5377088,-16731116
158,157,159,180,"null","null","null",12,8.854795,2.1597466,-2.0763617,0.48397505,-3.6238062,-16731116
159,158,160,171,"null","null","null",11,8.752902,3.2514338,-0.88664174,0.645913,-3.078165,-16731116
160,159,161,168,"null","null","null",6,8.045484,3.528014,-0.41857165,1.9147136,-2.4606688,-16731116
161,160,162,167,"Thraupidae","null","Tanagers",4,4.05309,3.0657086,-0.61676127,3.2309828,-1.4052725,-16731116
162,161,163,166,"null","null","null",3,3.5133634,2.3408184,-0.85627186,3.8025494,-0.34808218,-16731116
163,162,164,165,"null","null","null",2,0.41978905,1.691721,-2.1268198,3.5885496,-0.5755025,-16731116
168,160,169,170,"Emberizidae","null","null",2,3.3644655,1.0880342,-2.1365514,0.60017854,-3.8261662,-16731116
171,159,172,177,"null","null","null",5,8.046029,0.3578298,-2.7521214,0.90259707,-3.4687893,-16731116
172,171,173,176,"Thraupidae","null","Tanagers",3,4.486879,1.792433,-2.1365514,0.46288663,-3.6229558,-16731116
173,172,174,175,"null","null","null",2,4.108497,2.8755739,-1.1971728,0.637614,-3.1081457,-16731116
177,171,178,179,"null","null","null",2,7.012683,0.86650443,-3.439229,2.419877,-0.38339615,-16731116
181,157,182,183,"Thraupidae","null","Tanagers",2,4.650453,0.8449185,-3.5245066,2.3807092,-0.39556253,-16731116
184,156,185,204,"Thraupidae","null","Tanagers",13,5.896708,1.529705,-2.7538295,3.1313143,-0.35959482,-16731116
185,184,186,203,"null","null","null",10,4.94817,0.52727723,-3.497466,2.3807092,-0.9519073,-16731116
186,185,187,196,"null","null","null",9,2.9718823,0.5235976,-3.4058828,1.799375,-2.487051,-16731116
187,186,188,193,"null","null","null",5,1.5095041,0.6580926,-2.7521214,0.5830918,-3.4687893,-16731116
188,187,189,192,"null","null","null",3,1.1895213,1.792433,-2.1365514,0.46288663,-3.6229558,-16731116
189,188,190,191,"null","null","null",2,0.35298347,2.8755739,-1.1971728,0.637614,-3.1081457,-16731116
193,187,194,195,"null","null","null",2,0.74614817,0.86650443,-3.439229,2.419877,-0.38339615,-16731116
196,186,197,200,"null","null","null",4,1.9779172,1.7948487,-2.6272786,3.1628635,-0.40147734,-16731116
197,196,198,199,"null","null","null",2,0.42479306,0.6411245,-3.439229,2.419877,-0.6642306,-16731116
200,196,201,202,"null","null","null",2,0.8475698,3.5116959,-0.31737888,2.2880604,-1.6001867,-16731116
204,184,205,208,"null","null","null",3,4.821658,3.0981069,-0.2750016,3.0448964,-1.5045781,-16731116
205,204,206,207,"null","null","null",2,2.8689852,2.361207,-0.6619245,3.664692,-0.32388246,-16731116
209,155,210,213,"null","null","null",3,8.455797,2.3408196,-0.8562642,3.8025498,-0.7670504,-12486656
210,209,211,212,"Thraupidae","null","Tanagers",2,2.625977,1.6917245,-2.1268134,3.5885527,-0.5755019,-11184866
214,0,215,228,"null","null","null",14,10.115925,1.5333102,-2.8440971,3.3743312,-0.31737843,-16731116
215,214,216,225,"Thraupidae","null","Tanagers",7,8.466564,0.29949108,-3.508861,2.705147,-1.1988146,-16731116
216,215,217,222,"null","null","null",5,7.762189,0.5419755,-3.3444862,1.9094088,-2.7339318,-16731116
217,216,218,221,"null","null","null",3,3.6955235,0.66192514,-2.6608171,0.7546856,-3.684062,-16731116
218,217,219,220,"null","null","null",2,1.579747,1.2662525,-2.0763617,0.48397505,-3.814065,-16731116
222,216,223,224,"null","null","null",2,1.7594528,1.6917245,-2.1268134,3.5885527,-0.35959482,-16731116
225,215,226,227,"null","null","null",2,2.6029446,2.3408196,-0.4290243,3.7190475,-0.7670504,-16731116
228,214,229,238,"null","null","null",7,6.4758587,3.2905593,-0.28912947,2.9604242,-1.2878677,-16731116
229,228,230,235,"Emberizidae","null","Inca-finches",5,3.764354,2.6331234,-1.3545845,3.4508276,-0.34808123,-16731116
230,229,231,234,"null","null","null",3,1.832217,1.6917245,-2.7746296,3.1313143,-0.5755019,-16731116
231,230,232,233,"null","null","null",2,1.0499904,0.52727723,-3.5245066,2.3807092,-0.665,-16731116
235,229,236,237,"null","null","null",2,1.0896788,3.7952123,-0.70525765,0.55374324,-2.2791743,-12486656
238,228,239,240,"Thraupidae","null","Tanagers",2,4.380277,2.8755686,-1.1971772,0.31716225,-3.1081505,-16731116
