index,parent,child1,child2,name1,name2,common,richness,lengthbr,hxmax,hxmin,hymax,hymin,color
0,-268315643,1,46,"","null","Parakeets",25,12.141029,3.4309173,-0.9169625,0.34452954,-2.9853187,-12486656
1,0,2,43,"null","null","null",23,11.484959,3.6659718,-0.44105524,1.938429,-2.3868866,-12486656
2,1,3,42,"null","null","null",21,11.058863,3.2014763,-0.6278832,3.16487,-1.3026779,-12486656
3,2,4,37,"null","null","null",20,5.822834,2.5455327,-1.4749908,3.61413,-0.37199068,-12486656
4,3,5,26,"null","null","null",17,4.0188565,1.4333808,-2.8440948,3.2826338,-0.5905177,-12486656
5,4,6,17,"null","null","null",11,2.5705879,0.39173108,-3.5088618,2.58594,-1.1988084,-16731116
6,5,7,12,"null","null","null",6,2.228773,0.54197484,-3.3444898,1.7061949,-2.7339265,-16731116
7,6,8,11,"null","null","null",3,1.594152,0.661925,-2.6608222,0.75469065,-3.6840591,-16731116
8,7,9,10,"null","null","null",2,0.75970876,1.2662436,-2.076365,0.483974,-3.814066,-12486656
12,6,13,16,"null","null","null",3,1.656073,1.6917262,-2.7746265,3.1313148,-0.35959634,-12486656
13,12,14,15,"null","null","null",2,1.5441699,0.5272789,-3.524505,2.3807096,-0.665,-16731116
17,5,18,23,"null","null","null",5,1.7452788,2.6331244,-1.3545806,3.4508271,-0.76705146,-16731116
18,17,19,22,"null","null","null",3,1.3307416,1.6917262,-2.7746265,3.1313148,-0.57550156,-16731116
19,18,20,21,"null","null","null",2,0.796486,0.5272789,-3.524505,2.3807096,-0.665,-16731116
23,17,24,25,"null","null","null",2,0.8822713,3.7952118,-0.70525837,0.5537423,-2.2791748,-16731116
26,4,27,34,"null","null","null",6,2.2766147,3.0657115,-0.28912896,2.960422,-1.2878697,-12486656
27,26,28,33,"null","null","null",4,1.7417116,2.3408206,-1.3545806,3.4508271,-0.34808072,-11184866
28,27,29,32,"null","null","null",3,1.1056038,1.6917262,-2.7746265,3.1313148,-0.57550156,-12486656
29,28,30,31,"null","null","null",2,0.7542416,0.5272789,-3.524505,2.3807096,-0.665,-11184866
34,26,35,36,"null","null","null",2,1.1285089,2.8755677,-1.1971774,0.31716195,-3.108151,-12486656
37,3,38,41,"null","null","null",3,2.563653,3.7300868,-0.6717526,1.4251122,-2.2381606,-12486656
38,37,39,40,"null","null","null",2,1.9455884,3.328406,-0.61676055,2.5945067,-1.4052784,-12486656
43,1,44,45,"null","null","null",2,3.8902993,1.2662416,-2.0763655,0.5623986,-3.8140664,-11184866
46,0,47,48,"null","null","null",2,4.302221,0.3708011,-2.5711792,0.8857572,-3.3442597,-16731116
