index,parent,child1,child2,name1,name2,common,richness,lengthbr,hxmax,hxmin,hymax,hymin,color
0,-268346299,1,70,"null","null","null",38,18.9645,3.2514277,-0.92879295,0.3309561,-3.0093741,-16731116
1,0,2,47,"Sturnidae","null","Starlings",35,8.47408,3.5280137,-0.4185698,1.8495915,-2.3712368,-16731116
2,1,3,44,"null","null","null",23,7.852822,3.065712,-0.6167603,3.1463318,-1.2878731,-16731116
3,2,4,43,"null","null","null",21,5.432756,2.3408208,-1.3385786,3.6925116,-0.34808022,-16731116
4,3,5,26,"null","null","null",20,4.5978427,1.6407046,-2.7538254,3.445506,-0.5755012,-16731116
5,4,6,21,"null","null","null",11,4.3266773,0.3384865,-3.4974654,2.7891583,-0.95190215,-12486656
6,5,7,16,"null","null","null",8,3.773419,0.5235968,-3.4058852,1.7993804,-2.4870472,-12486656
7,6,8,13,"null","null","null",5,3.6596606,0.6580924,-2.7521253,0.5830978,-3.4687886,-12486656
8,7,9,12,"null","null","null",3,2.1934083,1.7924259,-2.1365538,0.46288577,-3.6229587,-11184866
9,8,10,11,"null","null","null",2,0.51050043,2.8755686,-1.1971772,0.63761365,-3.1081505,-11184866
13,7,14,15,"null","null","null",2,1.4082632,0.86650527,-3.4392254,2.4198835,-0.38339564,-16731116
16,6,17,20,"null","null","null",3,3.345044,1.7788353,-2.6272726,3.1628685,-0.40147904,-16731116
17,16,18,19,"null","null","null",2,1.3956978,0.641129,-3.4392254,2.4198835,-0.6642305,-12486656
21,5,22,25,"null","null","null",3,1.7054082,2.3612075,-0.6648546,3.8027482,-0.7950944,-16731116
22,21,23,24,"null","null","null",2,1.2546487,1.7788353,-1.9610502,3.6551359,-0.5592989,-12486656
26,4,27,40,"null","null","null",9,3.8101683,3.3478484,-0.27500102,2.9239225,-1.4209453,-16731116
27,26,28,35,"null","null","null",7,2.8913574,2.6858704,-1.3502572,3.5074303,-0.32388148,-16731116
28,27,29,34,"null","null","null",4,2.3846262,1.7788353,-2.8520734,3.2712228,-0.5592989,-16731116
29,28,30,33,"null","null","null",3,1.5369322,0.641129,-3.7314665,2.5607443,-0.6642305,-16731116
30,29,31,32,"null","null","null",2,1.0942931,0.5042378,-3.7907991,2.010226,-1.4433506,-16731116
35,27,36,39,"null","null","null",3,2.0375128,3.7903333,-0.7370672,1.0472662,-2.3134408,-16731116
36,35,37,38,"null","null","null",2,1.4457054,3.5116992,-0.59051746,2.288054,-1.6001905,-16731116
40,26,41,42,"null","null","null",2,1.3654903,2.7384934,-1.3026797,0.30320084,-3.2226985,-16731116
44,2,45,46,"null","null","null",2,5.918979,2.8755634,-1.1971815,0.31716168,-3.1081553,-16731116
47,1,48,61,"null","null","null",12,6.179092,2.0156536,-2.156239,0.6001816,-3.6249318,-16731116
48,47,49,60,"null","null","null",7,5.8558044,3.1657686,-1.1971815,0.6376133,-3.1107168,-16731116
49,48,50,55,"null","null","null",6,4.0811067,3.514793,-0.3955179,1.6992358,-2.462142,-16731116
50,49,51,54,"null","null","null",3,2.1495419,3.0981078,-0.6042887,3.0448914,-1.5045819,-16731116
51,50,52,53,"null","null","null",2,1.0105665,2.3612075,-0.66192454,3.6646893,-0.32388148,-16731116
55,49,56,59,"null","null","null",3,2.2014701,1.6104459,-2.1905591,0.63668096,-3.6822963,-16731116
56,55,57,58,"null","null","null",2,1.4398618,2.7384934,-1.3026797,0.6278831,-3.2226985,-12486656
61,47,62,67,"null","null","null",5,5.717022,0.5234822,-3.4551706,2.120683,-2.4726558,-16731116
62,61,63,66,"null","null","null",3,4.84994,0.65274775,-2.8342981,0.9791734,-3.5548244,-16731116
63,62,64,65,"null","null","null",2,1.6625054,0.9093931,-2.1905591,0.4410549,-3.827052,-16731116
67,61,68,69,"null","null","null",2,4.0704794,1.8611681,-1.791438,3.7111778,-0.44286343,-16731116
70,0,71,74,"Rhabdornithidae","null","Philippine creepers",3,10.944554,0.35782874,-2.752129,0.90259826,-3.6250997,-16731116
71,70,72,73,"null","null","null",2,3.8933485,1.0880196,-2.1365566,0.4628849,-3.8261666,-16731116
