index,parent,child1,child2,name1,name2,common,richness,lengthbr,hxmax,hxmin,hymax,hymin,color
0,-268390333,1,104,"null","null","null",64,16.150536,0.44286197,-3.4248085,1.8248582,-2.5731862,-12486656
1,0,2,67,"null","null","null",52,15.434159,0.66192496,-2.7652369,0.64476854,-3.4750972,-12486656
2,1,3,60,"null","null","null",33,14.200439,2.1597412,-2.0607424,0.48397422,-3.5424147,-16731116
3,2,4,43,"null","null","null",29,13.7447195,3.2514307,-0.94437313,0.64591277,-2.972357,-16731116
4,3,5,30,"null","null","null",20,12.847799,3.5280137,-0.41857076,1.7316486,-2.3231165,-16731116
5,4,6,19,"null","null","null",13,8.400402,3.0657103,-0.61676085,2.993002,-1.311002,-16731116
6,5,7,18,"null","null","null",7,6.640854,2.3408196,-1.3260083,3.4931788,-0.34808123,-16731116
7,6,8,15,"null","null","null",6,3.0114322,1.6749309,-2.7374806,3.1863706,-0.5755019,-16731116
8,7,9,14,"null","null","null",4,1.4928669,0.52727723,-3.476213,2.4522824,-0.8165221,-16731116
9,8,10,13,"null","null","null",3,0.24613048,0.5235976,-3.3782535,1.9383955,-2.3110504,-16731116
10,9,11,12,"null","null","null",2,0.16048661,0.6580926,-2.7162032,0.86751455,-3.2399886,-16731116
15,7,16,17,"null","null","null",2,1.2181356,3.4248652,-0.2750016,2.4441652,-1.5045781,-16731116
19,5,20,27,"null","null","null",6,6.631286,3.3591206,-1.0121964,0.31716225,-3.1602027,-16731116
20,19,21,24,"null","null","null",4,4.1608524,3.7661464,-0.39551884,1.2371417,-2.5264754,-16731116
21,20,22,23,"null","null","null",2,2.817669,3.4248652,-0.6042892,2.4441652,-1.5045781,-16731116
24,20,25,26,"null","null","null",2,1.589352,0.90940034,-2.1905565,0.63667953,-3.8270526,-16731116
27,19,28,29,"null","null","null",2,1.8189799,0.3445301,-2.8544078,0.9791694,-3.1268065,-16731116
30,4,31,38,"null","null","null",7,11.401356,2.1643891,-2.1631112,0.60018003,-3.516667,-16731116
31,30,32,37,"null","null","null",4,6.5283456,3.3591206,-1.1971772,0.63761365,-2.9699712,-12486656
32,31,33,36,"null","null","null",3,3.8945866,3.7661464,-0.39551884,1.2371417,-2.2791743,-12486656
33,32,34,35,"null","null","null",2,1.3552939,3.4248652,-0.6042892,2.4441652,-1.5045781,-11184866
38,30,39,42,"null","null","null",3,4.4107957,0.52348053,-3.4706397,2.010226,-2.143413,-16731116
39,38,40,41,"null","null","null",2,3.4480135,0.6527479,-2.8544078,0.9791694,-3.1268065,-16731116
43,3,44,53,"null","null","null",9,9.869115,0.56952226,-2.88201,0.90259767,-3.3870258,-16731116
44,43,45,50,"null","null","null",5,8.749226,2.1815877,-2.3054042,0.46288577,-3.516667,-16731116
45,44,46,49,"null","null","null",3,4.505684,3.3814788,-1.1971772,0.63761365,-2.9699712,-16731116
46,45,47,48,"null","null","null",2,2.5490437,3.7952123,-0.39551884,0.64591134,-2.2791743,-16731116
50,44,51,52,"null","null","null",2,2.5327387,0.52348053,-3.7907991,2.010226,-1.4433506,-16731116
53,43,54,57,"null","null","null",4,6.6264777,0.86650527,-3.7314665,2.7414112,-0.38339564,-16731116
54,53,55,56,"null","null","null",2,5.1802964,0.5042378,-3.7907991,2.010226,-1.4433506,-16731116
57,53,58,59,"null","null","null",2,5.080979,2.3745215,-0.40725255,3.5997562,-0.8210846,-16731116
60,2,61,66,"null","null","null",4,12.376962,0.48358285,-3.4058852,1.9383985,-2.6072886,-12486656
61,60,62,65,"null","null","null",3,5.180083,0.6580924,-2.7521253,0.867519,-3.6251023,-12486656
62,61,63,64,"null","null","null",2,4.130211,1.0880269,-2.1365538,0.46288577,-3.8261664,-11184866
67,1,68,101,"null","null","null",19,7.980897,0.84491944,-3.5679398,2.727799,-0.9701271,-11184866
68,67,69,98,"null","null","null",17,6.2897415,0.5235968,-3.4975019,2.0181658,-2.5107396,-11184866
69,68,70,93,"null","null","null",15,5.7080617,0.6580924,-2.8712268,0.6457026,-3.4995887,-11184866
70,69,71,82,"null","null","null",12,4.95177,2.0156596,-2.156235,0.46288577,-3.6629987,-11184866
71,70,72,81,"null","null","null",6,4.0396643,3.1657724,-1.1971772,0.63761365,-3.1602027,-11184866
72,71,73,78,"null","null","null",5,3.5713458,3.5147939,-0.39551884,1.6992425,-2.5264754,-11184866
73,72,74,77,"null","null","null",3,3.4852676,3.0981069,-0.6042892,3.0448964,-1.5045781,-12486656
74,73,75,76,"null","null","null",2,1.6700538,2.361207,-0.6619245,3.664692,-0.32388246,-12486656
78,72,79,80,"null","null","null",2,1.0798904,0.90940034,-2.1905565,0.63667953,-3.8270526,-8572416
82,70,83,88,"null","null","null",6,4.5792627,0.52348053,-3.4551682,1.9270607,-2.4726603,-11184866
83,82,84,87,"null","null","null",3,3.1649795,0.6527479,-2.8342948,0.9791694,-3.5548277,-8572416
84,83,85,86,"null","null","null",2,1.6793741,0.90940034,-2.1905565,0.44105583,-3.8270526,-8572416
88,82,89,92,"null","null","null",3,2.7460792,1.8611674,-2.4725418,3.2755322,-0.4428624,-11184866
89,88,90,91,"null","null","null",2,1.9026878,0.75469124,-3.3442605,2.5711775,-0.66192496,-12486656
93,69,94,97,"null","null","null",3,4.208134,0.86650527,-3.7314665,2.5607443,-0.38339564,-8572416
94,93,95,96,"null","null","null",2,1.3698473,0.5042378,-3.7907991,2.010226,-1.4433506,-8572416
98,68,99,100,"null","null","null",2,5.522582,1.7788353,-1.9610502,3.6551359,-0.40147904,-8572416
101,67,102,103,"null","null","null",2,3.0779114,2.3612075,-0.41842124,3.6646893,-0.7950944,-8572416
104,0,105,124,"null","null","null",12,14.679287,1.6749359,-2.8129447,3.3983066,-0.35959655,-16731116
105,104,106,121,"null","null","null",10,11.639586,0.3384865,-3.5743203,2.727799,-0.9035219,-16731116
106,105,107,120,"null","null","null",8,7.350915,0.5235968,-3.5057967,1.9383985,-2.4241529,-16731116
107,106,108,119,"null","null","null",7,6.439727,0.6580924,-2.88201,0.867519,-3.3870258,-16731116
108,107,109,116,"null","null","null",6,4.2136183,2.1643891,-2.3054042,0.46288577,-3.516667,-16731116
109,108,110,115,"null","null","null",4,3.6711092,3.3591206,-1.1971772,0.63761365,-2.9699712,-16731116
110,109,111,114,"null","null","null",3,2.078393,3.7661464,-0.39551884,1.2371417,-2.2791743,-16731116
111,110,112,113,"null","null","null",2,1.3338403,3.4248652,-0.6042892,2.4441652,-1.5045781,-16731116
116,108,117,118,"null","null","null",2,1.3124043,0.52348053,-3.7907991,2.010226,-1.4433506,-12486656
121,105,122,123,"null","null","null",2,3.8773634,2.3612075,-0.41842124,3.6646893,-0.7950944,-16731116
124,104,125,126,"null","null","null",2,6.251863,3.4248688,-0.27500102,2.444159,-1.5045819,-16731116
