index,parent,child1,child2,name1,name2,common,richness,lengthbr,hxmax,hxmin,hymax,hymin,color
0,-268390294,1,30,"null","null","null",27,12.703535,3.3252792,-0.7955922,0.652748,-2.9853158,-16731116
1,0,2,27,"null","null","null",15,11.415431,3.5286388,-0.441056,1.9931663,-2.3868842,-16731116
2,1,3,22,"null","null","null",13,9.932851,3.022942,-0.62788355,3.236025,-1.116675,-16731116
3,2,4,21,"null","null","null",10,6.5085506,2.3134391,-1.4749951,3.7066278,-0.37199152,-16731116
4,3,5,18,"null","null","null",9,5.391054,1.55013,-2.8440971,3.402879,-0.59051824,-16731116
5,4,6,13,"null","null","null",7,5.04377,0.29949108,-3.508861,2.742259,-1.1988146,-16731116
6,5,7,12,"null","null","null",4,3.4038804,0.5419755,-3.3444862,1.8611634,-2.7339318,-16731116
7,6,8,11,"null","null","null",3,3.3252344,0.66192514,-2.6608171,0.7546856,-3.684062,-16731116
8,7,9,10,"null","null","null",2,1.0865699,1.2662525,-2.0763617,0.48397505,-3.814065,-16731116
13,5,14,17,"null","null","null",3,2.9308734,2.3408196,-0.8562642,3.8025498,-0.7670504,-12486656
14,13,15,16,"null","null","null",2,2.2992904,1.6917245,-2.1268134,3.5885527,-0.5755019,-16731116
18,4,19,20,"null","null","null",2,2.0144567,3.328404,-0.28912947,2.5945096,-1.4052767,-16731116
22,2,23,26,"null","null","null",3,4.180828,3.4735134,-1.0891994,0.33095664,-2.9070053,-16731116
23,22,24,25,"null","null","null",2,3.2507653,3.816721,-0.41857076,0.7310724,-2.2381592,-16731116
27,1,28,29,"null","null","null",2,3.0875993,1.2662454,-2.0763643,0.56239724,-3.814066,-16731116
30,0,31,42,"null","null","null",12,9.755649,0.72913146,-2.7244692,0.8857566,-3.4364276,-16731116
31,30,32,37,"null","null","null",6,6.887693,2.330574,-2.0484633,0.48397422,-3.492144,-16731116
32,31,33,36,"null","null","null",3,4.9680514,3.4735134,-1.0891994,0.64591277,-2.9070053,-16731116
33,32,34,35,"null","null","null",2,2.186477,3.816721,-0.41857076,0.7310724,-2.2381592,-16731116
37,31,38,41,"null","null","null",3,5.969379,0.48358285,-3.3782573,1.9383985,-2.311044,-16731116
38,37,39,40,"null","null","null",2,2.339899,0.6580924,-2.716209,0.867519,-3.2399843,-12486656
42,30,43,50,"null","null","null",6,4.7415094,0.84491944,-3.4762132,2.727799,-0.8165151,-16731116
43,42,44,47,"null","null","null",4,2.8252964,0.5235968,-3.3782573,2.0181658,-2.311044,-16731116
44,43,45,46,"null","null","null",2,2.7205963,0.6580924,-2.716209,0.867519,-3.2399843,-16731116
47,43,48,49,"null","null","null",2,2.2345805,1.7788353,-1.9610502,3.6551359,-0.40147904,-16731116
50,42,51,52,"null","null","null",2,2.2094378,2.3612075,-0.41842124,3.6646893,-0.7950944,-12486656
