index,parent,child1,child2,name1,name2,common,richness,lengthbr,hxmax,hxmin,hymax,hymin,color
0,-268405754,1,156,"","null","Honeyeaters, Thornbills, Bristlebirds and more",275,47.247044,3.0087018,-0.33095568,3.3277462,-0.9287933,-16731116
1,0,2,151,"null","null","null",247,44.442364,2.370362,-1.8143797,3.6272292,-0.41856945,-16731116
2,1,3,77,"null","null","null",244,39.497673,1.2865323,-3.1005578,3.1946933,-0.61676013,-16731116
3,2,4,70,"","null","Honeyeaters",182,38.722527,0.34807986,-3.6330068,2.508496,-1.3438773,-16731116
4,3,5,-268319744,"null","null","null",178,31.528437,0.57550097,-3.3681507,1.6139323,-2.7607152,-16731116
5,4,6,-268317696,"Meliphagidae","null","Honeyeaters",91,30.66237,0.9035172,-2.6885962,0.33848894,-3.506424,-16731116
6,5,7,-268316672,"null","null","null",56,29.208466,2.4241488,-1.9093072,0.5235962,-3.4175334,-16731116
7,6,8,39,"null","null","null",32,26.520876,3.3870237,-0.627752,0.65809226,-2.7672682,-16731116
8,7,9,28,"null","null","null",16,23.489594,3.516667,-0.46288514,2.1250145,-2.1562378,-16731116
9,8,10,23,"null","null","null",10,19.700562,2.9699726,-0.6376134,3.307937,-1.0032609,-16731116
10,9,11,22,"null","null","null",7,15.734097,2.2791753,-1.5568649,3.6996107,-0.39551812,-16731116
11,10,12,21,"null","null","null",6,10.9372225,1.504581,-2.8598082,3.3383703,-0.6042888,-16731116
12,11,13,18,"null","null","null",5,9.886145,0.32388172,-3.4240804,2.6735487,-1.1773354,-16731116
13,12,14,17,"null","null","null",3,7.2495804,0.5592991,-3.162867,1.7788345,-2.6272743,-16731116
14,13,15,16,"null","null","null",2,3.266893,0.6642305,-2.4198818,0.6411279,-3.4392266,-16731116
18,12,19,20,"null","null","null",2,2.5683668,2.3134403,-0.4390187,3.7626104,-0.737067,-16731116
23,9,24,27,"null","null","null",3,4.8588066,3.5548253,-0.9791728,0.3445297,-2.8342974,-16731116
24,23,25,26,"null","null","null",2,4.8588066,3.8270524,-0.44105512,0.9093949,-2.1905584,-16731116
28,8,29,36,"null","null","null",6,16.19405,2.387001,-2.120684,0.5234818,-3.4551697,-12486656
29,28,30,35,"null","null","null",4,11.985873,3.4434738,-0.9791728,0.65274775,-2.8342974,-12486656
30,29,31,34,"null","null","null",3,6.6642704,3.6822956,-0.44105512,1.6104476,-2.1905584,-11184866
31,30,32,33,"null","null","null",2,2.865439,3.2226973,-0.6278832,2.7384949,-1.3026786,-8572416
36,28,37,38,"null","null","null",2,5.109445,0.44286364,-3.711179,1.8611686,-1.7914356,-16731116
39,7,40,69,"null","null","null",16,15.486012,0.75179744,-2.5203502,0.866506,-3.497527,-16731116
40,39,41,62,"null","null","null",15,14.007604,2.29608,-1.9577118,0.5042372,-3.48668,-16731116
41,40,42,61,"null","null","null",11,11.182275,3.3252766,-0.9791728,0.65274775,-2.8752608,-16731116
42,41,43,54,"null","null","null",10,8.802572,3.528639,-0.44105512,1.8644047,-2.2438111,-16731116
43,42,44,53,"null","null","null",6,7.988693,3.0229437,-0.6278832,3.0686388,-1.3026786,-16731116
44,43,45,52,"null","null","null",5,5.545408,2.3134403,-1.5287743,3.48903,-0.37199056,-16731116
45,44,46,49,"null","null","null",4,5.545408,1.5501353,-2.9140136,3.1200042,-0.59051764,-16731116
46,45,47,48,"null","null","null",2,2.1193652,0.4135989,-3.5997567,2.3745215,-0.66423035,-16731116
49,45,50,51,"null","null","null",2,1.51569,3.3284082,-0.2891289,2.5945039,-1.4052806,-16731116
54,42,55,60,"null","null","null",4,5.835766,2.3305678,-2.076367,0.5623988,-3.4921455,-16731116
55,54,56,59,"null","null","null",3,4.12029,3.4735096,-1.0892038,0.6459124,-2.9070082,-16731116
56,55,57,58,"null","null","null",2,2.6716917,3.8167202,-0.4185698,0.73106515,-2.238161,-16731116
62,40,63,68,"null","null","null",4,11.382948,0.44286364,-3.3444917,1.8611686,-2.7339232,-16731116
63,62,64,67,"null","null","null",3,8.933031,0.6619249,-2.660825,0.7546941,-3.6840577,-16731116
64,63,65,66,"null","null","null",2,3.2676432,1.2662381,-2.076367,0.48397338,-3.8140666,-16731116
70,3,71,76,"Pardalotidae","null","Pardalotes",4,11.735883,2.279176,-1.6992357,3.5147934,-0.70525956,-16731116
71,70,72,75,"null","null","null",3,8.582334,1.5045818,-3.0448914,3.0981085,-0.6042887,-12486656
72,71,73,74,"null","null","null",2,3.906414,0.32388148,-3.6646893,2.3612084,-0.66192454,-12486656
77,2,78,150,"Acanthizidae","null","Thornbills and gerygones",62,30.387299,3.1051354,-0.31716147,3.1657689,-1.1971812,-16731116
78,77,79,113,"null","null","null",61,23.290846,2.4548864,-1.6470408,3.5147934,-0.3955179,-16731116
79,78,-268318720,80,"null","null","null",42,21.392384,1.3808088,-2.977038,3.0981085,-0.6042887,-16731116
80,79,81,106,"null","null","null",17,19.369265,3.1323915,-0.30320084,3.2191296,-1.116679,-16731116
81,80,82,99,"","null","Thornbills",13,13.885189,2.4557223,-1.4436038,3.6846676,-0.37199068,-16731116
82,81,83,92,"null","null","null",9,11.25683,1.4333808,-2.8032913,3.374333,-0.5905177,-16731116
83,82,84,89,"null","null","null",5,7.146851,0.29949018,-3.4558175,2.7051485,-0.99774426,-16731116
84,83,85,88,"null","null","null",3,6.5206957,0.54197484,-3.2755322,1.8611662,-2.472543,-16731116
85,84,86,87,"null","null","null",2,4.0451016,0.661925,-2.5711775,0.75469065,-3.3442605,-16731116
89,83,90,91,"null","null","null",2,2.4868782,2.3408206,-0.42902395,3.7190466,-0.76705146,-16731116
92,82,93,98,"null","null","null",4,6.5563087,3.0657115,-0.28912896,3.230978,-1.4052784,-16731116
93,92,94,97,"null","null","null",3,5.216136,2.3408206,-0.85626006,3.8025498,-0.34808072,-16731116
94,93,95,96,"null","null","null",2,2.264733,1.6917262,-2.1268098,3.5885544,-0.57550156,-16731116
99,81,100,105,"null","null","null",4,11.271912,3.528014,-0.6717526,1.8652952,-2.2381606,-16731116
100,99,101,104,"null","null","null",3,8.811403,3.0657115,-0.61676055,3.1667447,-1.4052784,-16731116
101,100,102,103,"null","null","null",2,5.0404463,2.3408206,-0.65809166,3.7190466,-0.34808072,-16731116
106,80,107,112,"null","null","null",4,15.571796,3.40687,-1.0892012,0.33095616,-2.9070072,-16731116
107,106,108,111,"","null","Whitefaces",3,11.666771,3.7300868,-0.41857028,1.4251122,-2.2381606,-16731116
108,107,109,110,"null","null","null",2,4.752346,3.328406,-0.61676055,2.5945067,-1.4052784,-16731116
113,78,114,147,"","null","Gerygones",19,17.120977,3.6659718,-0.6366811,1.980167,-2.3868866,-16731116
114,113,115,134,"null","null","null",17,15.3168545,3.2014763,-0.6278832,3.2191296,-1.1927514,-16731116
115,114,116,127,"null","null","null",10,9.905294,2.5455327,-1.4436038,3.6846676,-0.37199068,-16731116
116,115,117,126,"null","null","null",6,9.625317,1.600189,-2.8032913,3.374333,-0.5905177,-16731116
117,116,118,123,"null","null","null",5,9.148836,0.29949018,-3.4558175,2.7051485,-0.99774426,-16731116
118,117,119,122,"null","null","null",3,6.5500026,0.54197484,-3.2755322,1.8611662,-2.472543,-16731116
119,118,120,121,"null","null","null",2,2.7346516,0.661925,-2.5711775,0.75469065,-3.3442605,-16731116
123,117,124,125,"null","null","null",2,4.296801,2.3408206,-0.42902395,3.7190466,-0.76705146,-16731116
127,115,128,131,"null","null","null",4,8.876991,3.7300868,-0.6717526,1.4251122,-2.4606729,-16731116
128,127,129,130,"null","null","null",2,3.0984492,3.328406,-0.61676055,2.5945067,-1.4052784,-12486656
131,127,132,133,"null","null","null",2,2.7396972,1.0880258,-2.1365545,0.60018086,-3.8261662,-16731116
134,114,135,142,"null","null","null",7,9.572149,3.40687,-0.92879295,0.33095616,-3.0781703,-16731116
135,134,136,139,"null","null","null",4,6.49706,3.7300868,-0.41857028,1.4251122,-2.4606729,-16731116
136,135,137,138,"null","null","null",2,2.4061959,3.328406,-0.61676055,2.5945067,-1.4052784,-16731116
139,135,140,141,"null","null","null",2,2.4176216,1.0880258,-2.1365545,0.60018086,-3.8261662,-16731116
142,134,143,146,"null","null","null",3,3.4249732,0.357829,-2.7521257,0.902598,-3.625102,-16731116
143,142,144,145,"null","null","null",2,2.3278751,1.0880258,-2.1365545,0.46288565,-3.8261662,-16731116
147,113,148,149,"null","null","null",2,2.9052222,1.2662416,-2.0763655,0.5623986,-3.8140664,-16731116
151,1,152,155,"Dasyornithidae","null","Bristlebirds",3,15.062523,3.622961,-0.6001822,1.7924187,-2.1365566,-12486656
152,151,153,154,"null","null","null",2,9.300254,3.1081553,-0.6376133,2.8755634,-1.1971812,-12486656
156,0,157,192,"Maluridae","null","Australasian wrens",28,36.202545,3.499587,-0.9025985,0.4932536,-2.7725587,-16731116
157,156,158,187,"null","null","null",18,25.555573,3.663,-0.4628849,2.0824406,-2.1631153,-16731116
158,157,159,184,"","null","Fairywrens",15,21.667074,3.1602058,-0.6376133,3.2525918,-1.0122011,-16731116
159,158,160,181,"null","null","null",13,17.40459,2.5264778,-1.6694396,3.6276631,-0.3955179,-16731116
160,159,161,180,"null","null","null",11,14.304467,1.5045818,-3.0061564,3.2448392,-0.6042887,-16731116
161,160,162,173,"null","null","null",10,14.081875,0.32388148,-3.614334,2.551958,-1.3502572,-16731116
162,161,163,170,"null","null","null",6,11.999852,0.5592989,-3.4101977,1.7948527,-2.8520734,-16731116
163,162,164,167,"null","null","null",4,11.691841,0.6642305,-2.7414117,0.41481674,-3.7314665,-16731116
164,163,165,166,"null","null","null",2,4.9577007,1.4433506,-2.010226,0.5042378,-3.7907991,-16731116
167,163,168,169,"null","null","null",2,7.846469,0.8210846,-3.5997574,2.374522,-0.40725255,-16731116
170,162,171,172,"null","null","null",2,3.9699855,1.600189,-2.2880564,3.5116978,-0.3173806,-16731116
173,161,174,179,"null","null","null",4,8.225792,2.3134408,-1.5287752,3.4890308,-0.7370672,-16731116
174,173,175,178,"null","null","null",3,7.65797,1.600189,-2.9140143,3.1200047,-0.5905177,-16731116
175,174,176,177,"null","null","null",2,4.7279234,0.4135974,-3.5997574,2.374522,-0.66423035,-16731116
181,159,182,183,"null","null","null",2,5.5798287,3.8270519,-0.6366811,0.9093958,-2.1905582,-16731116
184,158,185,186,"null","null","null",2,9.098983,3.1268032,-0.9791716,0.34452954,-2.8544111,-16731116
187,157,188,191,"","null","Emuwrens",3,12.506182,2.1434085,-2.010228,0.5234822,-3.470642,-12486656
188,187,189,190,"null","null","null",2,4.886148,3.1268032,-0.9791716,0.65274775,-2.8544111,-12486656
192,156,193,210,"","null","Grasswrens",10,19.13657,0.75179815,-2.520349,0.8665061,-3.4732883,-16731116
193,192,194,203,"null","null","null",9,16.998169,2.2960806,-1.9577107,0.50423723,-3.4551697,-16731116
194,193,195,202,"null","null","null",5,14.124379,3.3252769,-0.9791716,0.65274775,-2.834297,-16731116
195,194,196,201,"null","null","null",4,10.422816,3.528639,-0.44105524,2.026287,-2.1905582,-16731116
196,195,197,200,"null","null","null",3,7.618242,3.022944,-0.6278832,3.2790856,-1.3026779,-16731116
197,196,198,199,"null","null","null",2,5.1589627,2.3134408,-0.65274704,3.7626104,-0.37199068,-16731116
203,193,204,209,"null","null","null",4,14.071297,0.44286343,-3.34449,1.8611681,-2.7339242,-12486656
204,203,205,208,"null","null","null",3,8.967571,0.66192496,-2.6608229,0.7546917,-3.6840587,-12486656
205,204,206,207,"null","null","null",2,2.6106498,1.2662416,-2.0763655,0.4839738,-3.8140664,-11184866
