index,parent,child1,child2,name1,name2,common,richness,lengthbr,hxmax,hxmin,hymax,hymin,color
0,-268276730,1,74,"null","null","null",46,8.617995,2.4882069,-1.9383578,0.52359563,-3.4175355,-16731116
1,0,2,73,"null","null","null",37,7.875556,3.4703026,-0.8675259,0.65809214,-2.7672715,-16731116
2,1,3,66,"null","null","null",36,7.495804,3.624932,-0.4628845,2.1128812,-2.1562407,-16731116
3,2,4,63,"null","null","null",32,7.0192513,3.1107183,-0.6376131,3.2921667,-1.0122049,-16731116
4,3,5,58,"null","null","null",30,6.835175,2.4621434,-1.6694363,3.6791122,-0.3955174,-16731116
5,4,6,41,"null","null","null",27,6.1851826,1.4246795,-3.0061538,3.3117242,-0.6042884,-16731116
6,5,7,24,"null","null","null",18,6.1851826,0.323881,-3.614333,2.6389086,-1.204529,-16731116
7,6,8,17,"null","null","null",9,3.416378,0.5592986,-3.4101975,1.6207687,-2.6626287,-16731116
8,7,9,14,"null","null","null",5,2.5121226,0.66423047,-2.7414112,0.41481805,-3.4851904,-16731116
9,8,10,13,"null","null","null",3,1.0847478,2.1434097,-2.0102272,0.50423735,-3.4706416,-16731116
10,9,11,12,"","null","Streamertails",2,1.0847478,3.1268039,-0.97917163,0.6527478,-2.8544104,-16731116
14,8,15,16,"null","null","null",2,0.98390627,0.8210851,-3.5997548,2.3745217,-0.4072523,-11184866
17,7,18,21,"null","null","null",4,3.1923442,1.5501393,-2.9140096,3.1200047,-0.31738144,-16731116
18,17,19,20,"null","null","null",2,2.2504961,0.4136023,-3.5997548,2.3745217,-0.66423035,-16731116
21,17,22,23,"null","null","null",2,0.7331354,3.3284116,-0.28912845,2.594499,-1.4052837,-16731116
24,6,25,40,"null","null","null",9,5.548002,2.3134413,-1.6418892,3.6846666,-0.7370679,-16731116
25,24,26,33,"null","null","null",8,5.3495665,1.4333843,-3.0610657,3.3743334,-0.59051716,-16731116
26,25,27,30,"null","null","null",4,2.7024171,0.29948932,-3.790928,2.705149,-0.66423035,-16731116
27,26,28,29,"null","null","null",2,1.862173,0.5419742,-3.7111783,1.861169,-1.7914364,-16731116
30,26,31,32,"null","null","null",2,1.1068112,2.3408213,-0.42902356,3.7190437,-0.76705253,-16731116
33,25,34,39,"null","null","null",4,4.2598,3.065713,-0.28912845,3.2309742,-1.4052837,-16731116
34,33,35,38,"null","null","null",3,3.2302015,2.3408213,-0.8562506,3.8025498,-0.3480795,-16731116
35,34,36,37,"null","null","null",2,2.2854226,1.6917307,-2.1268017,3.5885577,-0.5755007,-16731116
41,5,42,57,"null","null","null",9,4.553718,3.231097,-0.30320057,3.068636,-1.3026817,-16731116
42,41,43,54,"null","null","null",8,4.0898395,2.5840385,-1.4435989,3.4890292,-0.37198985,-16731116
43,42,44,51,"null","null","null",6,3.1713858,1.5501393,-2.8032882,3.1200047,-0.59051716,-16731116
44,43,45,50,"null","null","null",4,1.7886066,0.4136023,-3.455817,2.3745217,-0.9977388,-12486656
45,44,46,49,"null","null","null",3,1.1081537,0.5419742,-3.2755342,1.861169,-2.4725387,-12486656
46,45,47,48,"null","null","null",2,0.536282,0.6619249,-2.5711803,0.75469357,-3.3442585,-11184866
51,43,52,53,"null","null","null",2,2.0897958,3.3284116,-0.28912845,2.594499,-1.4052837,-16731116
54,42,55,56,"null","null","null",2,1.4153796,3.81672,-0.67175376,0.73105973,-2.2381623,-16731116
58,4,59,62,"null","null","null",3,4.149271,3.6822972,-0.63668174,1.6104419,-2.1905599,-16731116
59,58,60,61,"null","null","null",2,1.7828301,3.2227008,-0.6278829,2.7384906,-1.3026817,-16731116
63,3,64,65,"null","null","null",2,1.810681,3.126799,-0.97917616,0.34452927,-2.854416,-12486656
66,2,67,72,"null","null","null",4,1.8211981,2.4726517,-2.0102303,0.5234829,-3.455171,-16731116
67,66,68,71,"null","null","null",3,1.1444643,3.554823,-0.97917616,0.6527476,-2.8342996,-16731116
68,67,69,70,"null","null","null",2,0.5674957,3.827052,-0.44105446,0.9093894,-2.1905599,-16731116
74,0,75,90,"null","null","null",9,7.081541,0.40148157,-3.475557,1.7788392,-2.65347,-16731116
75,74,76,85,"null","null","null",8,6.544756,0.8876202,-2.8263788,0.41482127,-3.473287,-16731116
76,75,77,82,"null","null","null",5,2.9086778,2.4726517,-2.120687,0.5042366,-3.455171,-16731116
77,76,78,81,"null","null","null",3,2.2024012,3.554823,-0.97917616,0.6527476,-2.8342996,-12486656
78,77,79,80,"null","null","null",2,2.2024012,3.827052,-0.44105446,0.9093894,-2.1905599,-12486656
82,76,83,84,"null","null","null",2,1.4961157,0.4428649,-3.7111807,1.861171,-1.7914307,-16731116
85,75,86,89,"null","null","null",3,2.4155045,0.82108617,-3.7909284,2.3745224,-0.4738081,-16731116
86,85,87,88,"null","null","null",2,1.0679837,0.54197377,-3.7111807,1.861171,-1.7914307,-16731116
