index,parent,child1,child2,name1,name2,common,richness,lengthbr,hxmax,hxmin,hymax,hymin,color
0,-268279801,1,180,"null","null","null",157,17.15646,3.542419,-0.48397243,2.2471972,-2.0763698,-16731116
1,0,2,126,"null","null","null",156,16.375711,2.972365,-0.6459121,3.3651323,-0.94438344,-16731116
2,1,3,79,"null","null","null",108,14.890099,2.3231227,-1.7906604,3.675834,-0.4185688,-16731116
3,2,4,50,"null","null","null",84,14.195767,1.2264637,-3.0697255,3.2578807,-0.6167598,-16731116
4,3,5,19,"null","null","null",69,13.211344,0.34807912,-3.5929284,2.5906386,-1.3438733,-16731116
5,4,6,16,"null","null","null",53,11.978487,0.5755005,-3.3160505,1.674941,-2.7607126,-16731116
6,5,-268275712,7,"null","null","null",51,10.970975,0.9527908,-2.6208658,0.33849132,-3.5064235,-16731116
7,6,8,15,"null","null","null",5,8.428095,0.79509604,-3.424084,2.361209,-1.1773243,-16731116
8,7,9,12,"null","null","null",4,7.527552,0.55929816,-3.1628757,1.7948582,-2.6272645,-16731116
9,8,10,11,"null","null","null",2,2.257038,0.66423047,-2.4198928,0.64113533,-3.43922,-16731116
12,8,13,14,"null","null","null",2,5.0877614,1.6001931,-2.2880492,3.5117016,-0.3173825,-16731116
16,5,17,18,"null","null","null",2,4.4258533,1.5045848,-2.4441543,3.424872,-0.27500036,-16731116
19,4,20,35,"null","null","null",16,7.8924475,2.3938518,-1.606179,3.6996102,-0.7052605,-16731116
20,19,21,32,"null","null","null",8,5.8391523,1.4209485,-2.9239204,3.3383718,-0.6042883,-16731116
21,20,22,29,"","null","Woodnymphs",6,3.424379,0.32388073,-3.5074306,2.6735504,-1.3502524,-16731116
22,21,23,28,"null","null","null",4,2.1758533,0.5592984,-3.2712252,1.7788378,-2.8520699,-16731116
23,22,24,27,"null","null","null",3,1.1885706,0.66423047,-2.5607474,0.6411318,-3.7314653,-16731116
24,23,25,26,"null","null","null",2,1.0200865,1.4433452,-2.0102282,0.5042372,-3.7908,-16731116
29,21,30,31,"null","null","null",2,1.1298981,2.3134418,-0.4390183,3.7626092,-0.7370682,-16731116
32,20,33,34,"","null","Plumeleteers",2,4.3828063,3.2227004,-0.30320042,2.7384913,-1.3026809,-16731116
35,19,36,43,"null","null","null",8,5.0400257,3.5286393,-0.63668215,2.0426874,-2.243813,-12486656
36,35,37,42,"null","null","null",4,2.7812645,3.0229454,-0.62788296,3.300409,-1.3026809,-12486656
37,36,38,41,"null","null","null",3,1.2986877,2.3134418,-1.0472633,3.790334,-0.37198997,-12486656
38,37,39,40,"null","null","null",2,0.872967,1.6001918,-2.2880516,3.5117006,-0.5905173,-12486656
43,35,44,49,"null","null","null",4,2.3711557,2.3305664,-2.0763676,0.56239974,-3.492146,-16731116
44,43,45,48,"null","null","null",3,0.9547316,3.4735088,-1.0892045,0.64591235,-2.9070091,-16731116
45,44,46,47,"null","null","null",2,0.58797985,3.81672,-0.41856956,0.73106325,-2.2381618,-16731116
50,3,51,72,"null","null","null",15,10.45097,2.9699755,-0.31716102,3.3079333,-1.003265,-16731116
51,50,52,71,"","null","Sabrewings",11,7.7427506,2.2791774,-1.5568602,3.6996102,-0.39551717,-16731116
52,51,53,62,"null","null","null",10,7.1881795,1.3321686,-2.859806,3.3383718,-0.6042883,-16731116
53,52,54,59,"null","null","null",5,5.222247,0.32388073,-3.424082,2.6735504,-1.1773279,-16731116
54,53,55,58,"null","null","null",3,2.357172,0.5592984,-3.162872,1.7788378,-2.6272678,-12486656
55,54,56,57,"null","null","null",2,1.7368242,0.66423047,-2.4198883,0.6411318,-3.4392228,-11184866
59,53,60,61,"null","null","null",2,2.5019095,2.3134418,-0.4390183,3.7626092,-0.7370682,-16731116
62,52,63,68,"null","null","null",5,6.786894,3.0229454,-0.30320042,3.300409,-1.1514481,-16731116
63,62,64,67,"null","null","null",3,3.0644841,2.3134418,-1.0472633,3.790334,-0.37198997,-16731116
64,63,65,66,"null","null","null",2,2.0718946,1.6001918,-2.2880516,3.5117006,-0.5905173,-16731116
68,62,69,70,"null","null","null",2,5.526876,3.005169,-1.0892045,0.33095574,-2.9852326,-16731116
72,50,73,78,"null","null","null",4,7.2513933,3.4434733,-0.979175,0.34452912,-2.8342993,-16731116
73,72,74,77,"null","null","null",3,5.902968,3.6822972,-0.44105458,1.610443,-2.1905596,-16731116
74,73,75,76,"null","null","null",2,4.8223276,3.2227004,-0.62788296,2.7384913,-1.3026809,-12486656
79,2,80,121,"null","null","null",24,12.224439,3.516668,-0.60018325,2.0824366,-2.1631186,-16731116
80,79,81,120,"null","null","null",21,7.406021,2.9699755,-0.637613,3.2525895,-1.1971844,-16731116
81,80,82,119,"null","null","null",20,5.850221,2.2791774,-1.6991837,3.6276631,-0.39551717,-16731116
82,81,83,112,"null","null","null",19,5.208008,1.3321686,-3.0448265,3.2448406,-0.6042883,-16731116
83,82,84,103,"null","null","null",15,4.2681313,0.32388073,-3.6646085,2.5519595,-1.2045276,-16731116
84,83,85,96,"null","null","null",10,3.7581046,0.5592984,-3.4755564,1.6207696,-2.6626277,-16731116
85,84,86,91,"null","null","null",6,2.4426107,0.66423047,-2.8263779,0.41481906,-3.4851904,-16731116
86,85,87,90,"null","null","null",3,1.2756596,2.143408,-2.0102282,0.5042372,-3.4706426,-16731116
87,86,88,89,"null","null","null",2,0.5657143,3.126803,-0.9791728,0.65274775,-2.8544118,-16731116
91,85,92,95,"null","null","null",3,1.3196012,0.82108533,-3.7909288,2.3745222,-0.47381365,-16731116
92,91,93,94,"null","null","null",2,1.0566056,0.5419743,-3.711179,1.8611686,-1.7914356,-16731116
96,84,97,102,"null","null","null",4,2.167477,1.6001918,-3.0610669,3.1200051,-0.3173819,-16731116
97,96,98,101,"null","null","null",3,2.167477,0.4136008,-3.7909288,2.3745222,-0.66423035,-16731116
98,97,99,100,"null","null","null",2,1.2496346,0.5419743,-3.711179,1.8611686,-1.7914356,-16731116
103,83,104,111,"null","null","null",5,3.6370246,2.3134418,-1.52877,3.4890296,-0.7370682,-16731116
104,103,105,108,"null","null","null",4,2.5715482,1.5501379,-2.9140103,3.1200051,-0.5905173,-16731116
105,104,106,107,"null","null","null",2,1.394669,0.4136008,-3.5997553,2.3745222,-0.66423035,-16731116
108,104,109,110,"null","null","null",2,1.0822288,3.3284092,-0.28912854,2.5945022,-1.4052815,-16731116
112,82,113,116,"null","null","null",4,3.2205427,3.0229454,-0.30320042,3.2790823,-1.1514481,-16731116
113,112,114,115,"null","null","null",2,1.6466993,2.3134418,-0.6527472,3.7626092,-0.37198997,-16731116
116,112,117,118,"null","null","null",2,1.0504179,3.005169,-1.0892045,0.33095574,-2.9852326,-16731116
121,79,122,125,"null","null","null",3,5.2554855,2.1434035,-2.01023,0.52348334,-3.470645,-16731116
122,121,123,124,"null","null","null",2,1.9839787,3.1267998,-0.979175,0.6527476,-2.8544154,-16731116
126,1,127,153,"null","null","null",48,14.294635,3.470302,-0.902599,0.52599704,-2.8820176,-16731116
127,126,128,150,"null","null","null",34,7.739138,3.6249325,-0.46288425,2.1250088,-2.30541,-16731116
128,127,-268274688,129,"null","null","null",32,6.3377066,3.1107192,-0.637613,3.3079333,-1.0306141,-16731116
129,128,130,147,"null","null","null",11,2.9519897,3.4484415,-0.91696286,0.34452912,-2.895835,-16731116
130,129,131,142,"null","null","null",9,1.9672009,3.688756,-0.44105458,1.864401,-2.270556,-16731116
131,130,132,141,"null","null","null",6,1.5402337,3.2310967,-0.62788296,3.0686367,-1.3026809,-16731116
132,131,133,138,"null","null","null",5,1.4863257,2.5840383,-1.52877,3.4890296,-0.37198997,-16731116
133,132,134,137,"null","null","null",3,1.064369,1.6001918,-2.9140103,3.1200051,-0.5905173,-16731116
134,133,135,136,"null","null","null",2,0.5351982,0.4136008,-3.5997553,2.3745222,-0.66423035,-16731116
138,132,139,140,"null","null","null",2,0.7014391,3.81672,-0.67175364,0.73106325,-2.2381618,-16731116
142,130,143,146,"null","null","null",3,1.2638916,1.970305,-2.0763676,0.56239974,-3.5523176,-16731116
143,142,144,145,"null","null","null",2,0.6265461,3.005169,-1.0892045,0.64591235,-2.9852326,-16731116
147,129,148,149,"null","null","null",2,2.2403023,0.37080073,-2.5711837,0.8857578,-3.3442564,-16731116
150,127,151,152,"","null","Sheartails",2,1.548656,1.4433408,-2.01023,0.52348334,-3.7908006,-16731116
153,126,154,169,"null","null","null",14,13.265863,0.7517934,-2.7233973,0.8665067,-3.4732876,-16731116
154,153,155,166,"","null","Mountain-gems",8,11.28039,2.2960765,-2.120686,0.50423664,-3.455171,-16731116
155,154,156,165,"null","null","null",6,6.372772,3.325275,-0.979175,0.6527476,-2.8342993,-16731116
156,155,157,164,"null","null","null",5,5.4365454,3.5286393,-0.44105458,2.0262823,-2.1905596,-16731116
157,156,158,161,"null","null","null",4,3.963673,3.0229454,-0.62788296,3.2790823,-1.1514481,-16731116
158,157,159,160,"null","null","null",2,0.15041652,2.3134418,-0.6527472,3.7626092,-0.37198997,-16731116
161,157,162,163,"null","null","null",2,3.419325,3.005169,-1.0892045,0.33095574,-2.9852326,-16731116
166,154,167,168,"null","null","null",2,10.097872,0.44286472,-3.7111793,1.8611706,-1.7914329,-16731116
169,153,170,179,"null","null","null",6,11.695583,0.82108605,-3.5592194,2.3745222,-1.1988003,-16731116
170,169,171,178,"null","null","null",5,10.660313,0.5419738,-3.4099588,1.8611706,-2.7339203,-16731116
171,170,172,175,"","null","Starthroats",4,7.088899,0.66192484,-2.745932,0.49051046,-3.6840568,-16731116
172,171,173,174,"null","null","null",2,2.5113015,1.2662363,-2.0763676,0.48397315,-3.8140664,-16731116
175,171,176,177,"null","null","null",2,2.6337752,0.84492064,-3.5245004,2.3807096,-0.39556143,-16731116
