index,parent,child1,child2,name1,name2,common,richness,lengthbr,hxmax,hxmin,hymax,hymin,color
0,-268346346,1,209,"null","null","null",135,16.541029,2.5840368,-1.5127466,3.668141,-0.37199056,-16731116
1,0,2,170,"null","null","null",133,16.354128,1.5288985,-2.8931777,3.3528485,-0.59051764,-16731116
2,1,3,133,"null","null","null",113,15.988292,0.33634067,-3.57267,2.6772187,-1.0751618,-16731116
3,2,4,92,"Turdidae","null","Thrushes",94,15.447589,0.5419747,-3.4274406,1.8009634,-2.5731862,-16731116
4,3,5,91,"null","null","null",73,15.429075,0.66192496,-2.7686582,0.7546901,-3.4750972,-16731116
5,4,6,88,"null","null","null",72,14.370697,2.2184484,-2.2165523,0.48397422,-3.5424147,-16731116
6,5,7,85,"null","null","null",70,12.53484,3.32775,-0.8706838,0.64591277,-2.972357,-16731116
7,6,8,74,"null","null","null",68,9.246626,3.6272287,-0.41857076,1.8202783,-2.3231165,-16731116
8,7,9,69,"null","null","null",62,8.975437,3.1946898,-0.61676085,3.1082206,-1.2264546,-16731116
9,8,10,-268343296,"null","null","null",59,8.529949,2.508493,-1.380286,3.642963,-0.34808123,-16731116
10,9,11,48,"null","null","null",30,8.1101,1.6364881,-2.8080416,3.38109,-0.5755019,-16731116
11,10,12,37,"null","null","null",19,6.891124,0.33848345,-3.5679421,2.7054176,-0.90352786,-16731116
12,11,13,26,"null","null","null",13,6.3285255,0.5235976,-3.4975019,1.909301,-2.4241579,-16731116
13,12,14,21,"null","null","null",7,5.3784246,0.6580926,-2.8712263,0.64569753,-3.387028,-16731116
14,13,15,20,"null","null","null",4,5.0592794,2.1815941,-2.1365514,0.46288663,-3.516666,-16731116
15,14,16,19,"null","null","null",3,3.2541537,3.381483,-1.1971728,0.637614,-2.9699686,-16731116
16,15,17,18,"null","null","null",2,1.9464854,3.7952137,-0.39551976,0.6459111,-2.2791727,-16731116
21,13,22,25,"null","null","null",3,4.3187394,0.86650443,-3.7314677,2.56074,-0.38339615,-16731116
22,21,23,24,"null","null","null",2,3.2701757,0.50423855,-3.7907977,2.0102232,-1.4433578,-16731116
26,12,27,36,"null","null","null",6,3.7774267,1.7788317,-2.6626332,3.4101973,-0.40147734,-16731116
27,26,28,33,"null","null","null",5,2.5278459,0.4148134,-3.48519,2.7414107,-0.6642306,-16731116
28,27,29,32,"null","null","null",3,1.6779616,0.50423855,-3.4706364,2.0102232,-2.14342,-16731116
29,28,30,31,"null","null","null",2,1.2487674,0.6527482,-2.8544023,0.97916484,-3.126811,-12486656
33,27,34,35,"null","null","null",2,0.9775028,2.374521,-0.40725303,3.599759,-0.82108366,-12486656
37,11,38,47,"null","null","null",6,5.163761,2.361207,-1.3502631,3.614336,-0.7950933,-16731116
38,37,39,46,"null","null","null",5,3.5628657,1.7788317,-2.8520777,3.4101973,-0.5592996,-16731116
39,38,40,43,"null","null","null",4,3.5270987,0.4148134,-3.7314677,2.7414107,-0.6642306,-16731116
40,39,41,42,"null","null","null",2,2.162767,0.50423855,-3.7907977,2.0102232,-1.4433578,-16731116
43,39,44,45,"null","null","null",2,1.401879,2.374521,-0.40725303,3.599759,-0.82108366,-16731116
48,10,49,68,"null","null","null",11,7.851192,3.338369,-0.2750016,3.006161,-1.5045781,-16731116
49,48,50,65,"null","null","null",10,7.375927,2.6735475,-1.3502631,3.614336,-0.32388246,-16731116
50,49,51,58,"null","null","null",8,6.738144,1.6207633,-2.8520777,3.4101973,-0.5592996,-16731116
51,50,52,55,"null","null","null",4,4.023724,0.4148134,-3.7314677,2.7414107,-0.6642306,-16731116
52,51,53,54,"null","null","null",2,0.60969406,0.50423855,-3.7907977,2.0102232,-1.4433578,-16731116
55,51,56,57,"null","null","null",2,3.4302123,2.374521,-0.40725303,3.599759,-0.82108366,-16731116
58,50,59,64,"null","null","null",4,6.09023,3.1200037,-0.31737888,3.0610714,-1.6001867,-16731116
59,58,60,63,"null","null","null",3,5.603597,2.374521,-0.6642302,3.7909288,-0.4135952,-12486656
60,59,61,62,"null","null","null",2,3.795625,1.8611641,-1.7914469,3.711175,-0.54197526,-16731116
65,49,66,67,"null","null","null",2,4.42343,3.7626114,-0.73706603,0.439019,-2.3134394,-16731116
69,8,70,73,"null","null","null",3,7.9194565,3.3814788,-1.1971772,0.31716225,-2.9699712,-16731116
70,69,71,72,"null","null","null",2,6.5116878,3.7952123,-0.39551884,0.64591134,-2.2791743,-12486656
74,7,75,80,"null","null","null",6,7.6359777,2.1815877,-2.1631112,0.60018003,-3.516667,-12486656
75,74,76,79,"null","null","null",3,6.263248,3.3814788,-1.1971772,0.63761365,-2.9699712,-12486656
76,75,77,78,"null","null","null",2,4.7049894,3.7952123,-0.39551884,0.64591134,-2.2791743,-11184866
80,74,81,84,"null","null","null",3,6.7770653,0.52348053,-3.4706397,2.010226,-2.143413,-12486656
81,80,82,83,"null","null","null",2,6.6599016,0.6527479,-2.8544078,0.9791694,-3.1268065,-11184866
85,6,86,87,"null","null","null",2,11.027086,0.35782927,-2.716209,0.90259767,-3.2399843,-16731116
88,5,89,90,"null","null","null",2,8.606591,0.48358285,-3.7564573,1.9383985,-1.6186471,-16731116
92,3,93,130,"null","null","null",21,12.593902,1.6749359,-2.7538254,3.344543,-0.35959655,-16731116
93,92,94,113,"null","null","null",19,10.454456,0.47730488,-3.4974654,2.657906,-0.9035219,-16731116
94,93,95,110,"null","null","null",10,9.574044,0.5235968,-3.4058852,2.0181658,-2.4241529,-12486656
95,94,96,109,"null","null","null",8,8.260846,0.6580924,-2.7521253,0.867519,-3.3870258,-12486656
96,95,97,108,"null","null","null",7,5.9411125,2.0156596,-2.1365538,0.46288577,-3.516667,-12486656
97,96,98,107,"null","null","null",6,5.275384,3.1657724,-1.1971772,0.63761365,-2.9699712,-12486656
98,97,99,106,"null","null","null",5,4.945581,3.5147939,-0.39551884,1.780933,-2.2791743,-12486656
99,98,100,105,"null","null","null",4,4.945581,3.0981069,-0.6042892,3.151094,-1.5045781,-12486656
100,99,101,104,"null","null","null",3,4.167388,2.361207,-0.6648622,3.8027487,-0.32388246,-12486656
101,100,102,103,"null","null","null",2,0.23546022,1.7788317,-1.9610568,3.6551337,-0.5592996,-12486656
110,94,111,112,"null","null","null",2,3.3019981,1.7788353,-1.9610502,3.6551359,-0.40147904,-12486656
113,93,114,127,"null","null","null",9,9.268677,2.673549,-1.2045312,3.5074303,-0.7950944,-16731116
114,113,115,122,"null","null","null",7,7.776887,1.6207669,-2.6626298,3.2712228,-0.5592989,-16731116
115,114,116,121,"null","null","null",4,6.1914287,0.641129,-3.48519,2.5607443,-0.6642305,-12486656
116,115,117,120,"null","null","null",3,6.1914287,0.5042378,-3.4706397,2.010226,-2.143413,-16731116
117,116,118,119,"null","null","null",2,4.7786555,0.6527479,-2.8544078,0.9791694,-3.1268065,-16731116
122,114,123,126,"null","null","null",3,6.937213,3.1200044,-0.3173806,2.9140122,-1.6001905,-16731116
123,122,124,125,"null","null","null",2,6.1129827,2.3745215,-0.66423035,3.5997562,-0.41359985,-16731116
127,113,128,129,"null","null","null",2,6.4595475,3.76261,-0.7370672,0.4390186,-2.3134408,-16731116
130,92,131,132,"null","null","null",2,4.2055655,3.4248688,-0.27500102,2.444159,-1.5045819,-11184866
133,2,134,159,"null","null","null",19,15.186783,2.5084949,-1.3385786,3.6562042,-0.7670516,-16731116
134,133,135,152,"Turdidae","null","Thrushes",13,12.916939,1.5297087,-2.7538254,3.3983066,-0.5755012,-16731116
135,134,136,149,"null","null","null",9,11.165,0.3384865,-3.4974654,2.727799,-0.9035219,-16731116
136,135,137,146,"null","null","null",7,7.686821,0.5235968,-3.4058852,2.0181658,-2.4241529,-16731116
137,136,138,145,"null","null","null",5,6.216209,0.6580924,-2.7521253,0.867519,-3.3870258,-16731116
138,137,139,144,"null","null","null",4,3.56858,2.1815877,-2.1365538,0.46288577,-3.516667,-16731116
139,138,140,143,"null","null","null",3,3.269618,3.3814788,-1.1971772,0.63761365,-2.9699712,-16731116
140,139,141,142,"null","null","null",2,2.5631907,3.7952123,-0.39551884,0.64591134,-2.2791743,-16731116
146,136,147,148,"null","null","null",2,2.969152,1.7788353,-1.9610502,3.6551359,-0.40147904,-16731116
149,135,150,151,"null","null","null",2,8.734986,2.3612075,-0.41842124,3.6646893,-0.7950944,-16731116
152,134,153,158,"null","null","null",4,8.702518,3.0981078,-0.27500102,3.1510901,-1.5045819,-16731116
153,152,154,157,"null","null","null",3,7.953179,2.3612075,-0.6648546,3.8027482,-0.32388148,-16731116
154,153,155,156,"null","null","null",2,3.3262644,1.7788353,-1.9610502,3.6551359,-0.5592989,-16731116
159,133,160,167,"null","null","null",6,9.65114,3.514793,-0.705259,1.7809273,-2.5264778,-16731116
160,159,161,166,"Turdidae","null","Thrushes",4,5.7869854,3.0981078,-0.6042887,3.1510901,-1.5045819,-12486656
161,160,162,165,"null","null","null",3,3.4021285,2.3612075,-0.6648546,3.8027482,-0.32388148,-12486656
162,161,163,164,"null","null","null",2,2.0692,1.7788353,-1.9610502,3.6551359,-0.5592989,-12486656
167,159,168,169,"null","null","null",2,3.6984408,0.9093931,-2.1905591,0.63668096,-3.827052,-16731116
170,1,171,206,"Turdidae","null","Thrushes",20,14.746834,3.2806253,-0.2891289,3.1463318,-1.2878731,-16731116
171,170,172,201,"null","null","null",18,13.206106,2.620208,-1.3840548,3.6925116,-0.34808022,-16731116
172,171,173,196,"null","null","null",15,12.372096,1.5297087,-2.8129447,3.445506,-0.5755012,-16731116
173,172,174,189,"null","null","null",12,8.604311,0.47730488,-3.5743203,2.7891583,-0.9035219,-16731116
174,173,175,188,"null","null","null",8,7.1237035,0.5235968,-3.5057967,1.9383985,-2.4241529,-16731116
175,174,176,187,"null","null","null",7,5.3891106,0.6580924,-2.88201,0.867519,-3.3870258,-16731116
176,175,177,184,"null","null","null",6,4.9505877,2.1643891,-2.3054042,0.46288577,-3.516667,-16731116
177,176,178,183,"null","null","null",4,3.965722,3.3591206,-1.1971772,0.63761365,-2.9699712,-16731116
178,177,179,182,"null","null","null",3,1.405578,3.7661464,-0.39551884,1.2371417,-2.2791743,-16731116
179,178,180,181,"null","null","null",2,1.0288136,3.4248652,-0.6042892,2.4441652,-1.5045781,-16731116
184,176,185,186,"null","null","null",2,3.2677386,0.52348053,-3.7907991,2.010226,-1.4433506,-16731116
189,173,190,193,"null","null","null",4,6.782744,2.673549,-0.6648546,3.8027482,-0.7950944,-16731116
190,189,191,192,"null","null","null",2,5.9805284,1.7788353,-1.9610502,3.6551359,-0.5592989,-16731116
193,189,194,195,"null","null","null",2,5.463437,3.76261,-0.7370672,0.4390186,-2.3134408,-16731116
196,172,197,200,"null","null","null",3,11.528478,3.0981078,-0.27500102,3.0448914,-1.5045819,-16731116
197,196,198,199,"null","null","null",2,4.1692057,2.3612075,-0.66192454,3.6646893,-0.32388148,-16731116
201,171,202,205,"null","null","null",3,7.8651233,3.7661476,-0.705259,1.2371341,-2.2791758,-16731116
202,201,203,204,"null","null","null",2,1.5788146,3.4248688,-0.6042887,2.444159,-1.5045819,-16731116
206,170,207,208,"null","null","null",2,4.423185,2.8755634,-1.1971815,0.31716168,-3.1081553,-16731116
209,0,210,211,"Turdidae","null","Thrushes",2,7.200305,3.8167202,-0.67175275,0.73106515,-2.238161,-16731116
