name,fileindex,index,whichChild
"ottonis",38,28,1
"Otus",166,149,1
"Otus",166,150,2
"Otus",166,151,2
"Otus",166,154,1
"Otus",166,155,2
"Otus",166,156,2
"Otus",166,158,1
"Otus",166,159,2
"Otus",166,160,2
"Otus",166,161,2
"otus",166,179,2
"Otus",166,182,1
"Otus",166,183,2
"Otus",180,11,1
"Otus",180,12,2
"Otus",180,13,2
"Otus",180,15,1
"Otus",180,16,2
"Otus",180,18,1
"Otus",180,19,2
"Otus",180,21,1
"Otus",180,22,2
"Otus",180,25,1
"Otus",180,26,2
"Otus",180,27,2
"Otus",180,33,1
"Otus",180,34,2
"Otus",180,35,2
"Otus",180,37,1
"Otus",180,38,2
"Otus",180,39,2
"Otus",180,40,2
"Otus",180,41,2
"Otus",180,47,1
"Otus",180,48,2
"Otus",180,49,2
"Otus",180,50,2
"Otus",180,54,1
"Otus",180,55,2
"Otus",180,56,2
"Otus",180,59,1
"Otus",180,60,2
"Otus",180,63,1
"Otus",180,64,2
"Otus",180,65,2
"Otus",180,67,1
"Otus",180,68,2
"Otis",18,45,2
"Otidiphaps",4,40,2
