index,parent,child1,child2,name1,name2,common,richness,lengthbr,hxmax,hxmin,hymax,hymin,color
0,-268300215,1,76,"null","null","null",67,29.6673,2.3459005,-1.9826978,0.5042378,-3.5713387,-16731116
1,0,2,49,"null","null","null",38,27.095175,3.3900402,-0.8051321,0.6527479,-2.9853163,-16731116
2,1,3,46,"null","null","null",24,25.654112,3.612829,-0.4410558,1.8644092,-2.3868847,-16731116
3,2,4,35,"Vangidae","null","Vangas and Newtonias",22,23.019936,3.1323895,-0.6278835,3.0686421,-1.1166763,-16731116
4,3,5,26,"null","null","null",16,21.160517,2.455721,-1.4749937,3.4890313,-0.37199128,-16731116
5,4,6,21,"null","null","null",11,19.704073,1.4333783,-2.8440962,3.1200037,-0.59051806,-16731116
6,5,7,20,"null","null","null",8,13.763081,0.4135952,-3.508861,2.374521,-1.0796719,-16731116
7,6,8,15,"null","null","null",7,11.020685,0.54197526,-3.3444867,1.7061927,-2.579047,-16731116
8,7,9,14,"null","null","null",4,8.371425,0.6619251,-2.660818,0.75468683,-3.4827127,-16731116
9,8,10,13,"null","null","null",3,4.9712315,1.970319,-2.0763621,0.48397484,-3.552312,-16731116
10,9,11,12,"null","null","null",2,2.8378372,3.005179,-1.0891962,0.64591295,-2.9852223,-12486656
15,7,16,19,"null","null","null",3,6.8010798,1.6917254,-2.7746282,3.1313143,-0.35959524,-12486656
16,15,17,18,"null","null","null",2,3.0913665,0.5272785,-3.5245056,2.3807092,-0.665,-11184866
21,5,22,25,"null","null","null",3,9.095137,3.0657108,-0.28912932,3.1667461,-1.4052775,-16731116
22,21,23,24,"null","null","null",2,4.1214094,2.3408198,-0.65809166,3.719047,-0.34808096,-12486656
26,4,27,34,"null","null","null",5,19.132391,3.5280137,-0.67175174,1.8652972,-2.2381597,-16731116
27,26,28,31,"null","null","null",4,11.117767,3.0657108,-0.6167606,3.1667461,-1.2878692,-16731116
28,27,29,30,"null","null","null",2,5.2605214,2.3408198,-0.65809166,3.719047,-0.34808096,-16731116
31,27,32,33,"null","null","null",2,3.995169,2.8755672,-1.1971784,0.3171621,-3.108152,-12486656
35,3,36,41,"null","null","null",6,14.331621,3.4068704,-0.9287927,0.33095652,-2.9070063,-16731116
36,35,37,40,"null","null","null",3,7.4569817,3.7300863,-0.41857052,1.4251142,-2.2381597,-16731116
37,36,38,39,"null","null","null",2,6.4900503,3.328405,-0.6167606,2.5945082,-1.4052775,-16731116
41,35,42,45,"null","null","null",3,5.6852374,0.35782912,-2.7521262,0.9025978,-3.6251016,-16731116
42,41,43,44,"null","null","null",2,4.1507015,1.0880251,-2.1365547,0.46288556,-3.8261662,-16731116
46,2,47,48,"Muscicapidae","null","Chats and Old World flycatchers",2,9.950503,1.2662436,-2.076365,0.5623976,-3.814066,-16731116
49,1,50,73,"null","null","null",14,25.769142,0.59772,-2.745932,0.88575673,-3.4364274,-16731116
50,49,51,66,"null","null","null",12,23.748615,2.1597397,-2.0607436,0.483974,-3.4921446,-16731116
51,50,52,61,"Malaconotidae","null","Helmetshrikes, bushshrikes and puffbacks",8,16.895346,3.25143,-0.8866478,0.64591265,-2.9070063,-16731116
52,51,53,60,"null","null","null",5,10.094786,3.5280137,-0.41857052,1.9147071,-2.2381597,-16731116
53,52,54,59,"null","null","null",4,10.094786,3.0657108,-0.6167606,3.230979,-1.4052775,-16731116
54,53,55,58,"null","null","null",3,4.909864,2.3408198,-0.856262,3.8025498,-0.34808096,-16731116
55,54,56,57,"null","null","null",2,4.874511,1.6917254,-2.1268115,3.5885534,-0.5755017,-16731116
61,51,62,65,"null","null","null",3,7.445195,0.35782912,-2.7521262,0.9025978,-3.6251016,-12486656
62,61,63,64,"null","null","null",2,4.0299907,1.0880251,-2.1365547,0.46288556,-3.8261662,-11184866
66,50,67,72,"Campephagidae","null","Cuckoo-shrikes",4,12.398431,0.48358327,-3.405886,1.9383984,-2.6072884,-16731116
67,66,68,71,"null","null","null",3,9.064189,0.65809244,-2.7521262,0.8675197,-3.6251016,-16731116
68,67,69,70,"null","null","null",2,7.814,1.0880251,-2.1365547,0.46288556,-3.8261662,-16731116
73,49,74,75,"Platysteiridae","null","Shrike-flycatchers, wattle-eyes and batises",2,22.59901,0.8449197,-3.5245035,2.3807096,-0.39556193,-16731116
76,0,77,132,"Platysteiridae","null","Shrike-flycatchers, wattle-eyes and batises",29,21.439966,0.4428624,-3.4007156,1.8611662,-2.6213484,-16731116
77,76,78,113,"null","null","null",28,17.498146,0.661925,-2.7339156,0.64476943,-3.5377076,-16731116
78,77,79,98,"","null","Batis",18,15.613832,2.1597397,-2.0607436,0.483974,-3.6238089,-16731116
79,78,80,89,"null","null","null",10,12.429865,3.25143,-0.8866478,0.64591265,-3.0781698,-16731116
80,79,81,86,"null","null","null",5,8.131442,3.5280137,-0.41857052,1.8652972,-2.4606724,-16731116
81,80,82,85,"null","null","null",3,7.8663993,3.0657108,-0.6167606,3.1667461,-1.4052775,-16731116
82,81,83,84,"null","null","null",2,3.351966,2.3408198,-0.65809166,3.719047,-0.34808096,-16731116
86,80,87,88,"null","null","null",2,2.56532,1.0880251,-2.1365547,0.6001805,-3.8261662,-16731116
89,79,90,97,"null","null","null",5,6.8032937,0.5695207,-2.7521262,0.9025978,-3.3870246,-16731116
90,89,91,96,"null","null","null",4,6.523283,2.1815863,-2.1365547,0.46288556,-3.5166664,-16731116
91,90,92,95,"null","null","null",3,5.7526646,3.3814778,-1.1971784,0.6376136,-2.9699712,-16731116
92,91,93,94,"null","null","null",2,3.5984442,3.7952118,-0.3955186,0.6459114,-2.2791743,-16731116
98,78,99,108,"null","null","null",8,10.351606,0.48358327,-3.405886,1.799379,-2.4870474,-16731116
99,98,100,105,"null","null","null",5,8.25621,0.65809244,-2.7521262,0.58309823,-3.4687884,-16731116
100,99,101,104,"null","null","null",3,4.201609,1.7924242,-2.1365547,0.46288556,-3.6229591,-16731116
101,100,102,103,"null","null","null",2,3.6784062,2.8755672,-1.1971784,0.6376136,-3.108152,-16731116
105,99,106,107,"null","null","null",2,3.1262767,0.8665055,-3.4392257,2.4198828,-0.3833955,-16731116
108,98,109,112,"null","null","null",3,5.588566,1.7788337,-2.6272755,3.162866,-0.40147883,-16731116
109,108,110,111,"null","null","null",2,2.230571,0.64112616,-3.439227,2.4198804,-0.6642306,-16731116
113,77,114,129,"","null","Wattle-eyes",10,16.462282,0.8449197,-3.4974663,2.7277992,-1.0443957,-16731116
114,113,115,122,"null","null","null",8,13.39101,0.5235969,-3.405886,1.8475369,-2.6072884,-16731116
115,114,116,119,"null","null","null",4,10.7903595,0.65809244,-2.7521262,0.58309823,-3.6251016,-12486656
116,115,117,118,"null","null","null",2,5.6832347,1.0880251,-2.1365547,0.46288556,-3.8261662,-16731116
119,115,120,121,"null","null","null",2,5.1148252,0.8665055,-3.4392257,2.4198828,-0.3833955,-12486656
122,114,123,128,"null","null","null",4,7.88234,1.7788337,-2.8520756,3.2712216,-0.40147883,-16731116
123,122,124,127,"null","null","null",3,4.583787,0.64112616,-3.7314672,2.5607424,-0.6642306,-16731116
124,123,125,126,"null","null","null",2,2.5550852,0.5042381,-3.7907987,2.0102248,-1.4433541,-16731116
129,113,130,131,"null","null","null",2,8.410846,2.361208,-0.4184213,3.6646907,-0.79509425,-16731116
