index,parent,child1,child2,name1,name2,common,richness,lengthbr,hxmax,hxmin,hymax,hymin,color
0,-268300282,1,215,"null","null","null",152,29.56036,2.345897,-2.0102282,0.5234818,-3.48668,-16731116
1,0,2,152,"null","null","null",151,28.295065,3.3900387,-0.8530623,0.65274775,-2.8752608,-16731116
2,1,3,129,"Corvidae","null","Corvids",119,23.206032,3.61283,-0.44105512,1.993161,-2.2438111,-16731116
3,2,4,114,"null","null","null",107,22.260948,3.132392,-0.6278832,3.236022,-1.1166797,-16731116
4,3,5,107,"","null","Magpies and Jays",99,20.71314,2.4557228,-1.5127466,3.7066278,-0.37199056,-16731116
5,4,6,34,"null","null","null",95,19.60069,1.5187885,-2.8931777,3.4028811,-0.59051764,-16731116
6,5,7,29,"null","null","null",58,17.527151,0.29949006,-3.57267,2.7422612,-1.087885,-16731116
7,6,8,20,"null","null","null",55,16.947102,0.5419747,-3.4274406,1.7306662,-2.5897264,-16731116
8,7,9,13,"null","null","null",50,16.406061,0.66192496,-2.7686582,0.52231866,-3.4965997,-16731116
9,8,-268294144,10,"null","null","null",46,14.007334,2.2184484,-2.2165523,0.48397422,-3.5703678,-16731116
10,9,11,12,"","null","Nutcrackers",2,5.26188,0.48358285,-3.7564573,1.9383985,-1.6186471,-16731116
13,8,14,19,"null","null","null",4,14.436899,0.84491944,-3.4762132,2.4522867,-0.8165151,-12486656
14,13,15,18,"null","null","null",3,2.9775841,0.5235968,-3.3782573,1.9383985,-2.311044,-16731116
15,14,16,17,"null","null","null",2,0.38132623,0.6580924,-2.716209,0.867519,-3.2399843,-16731116
20,7,21,28,"null","null","null",5,14.118547,1.6917281,-2.7374778,3.1863742,-0.35959655,-16731116
21,20,22,27,"null","null","null",4,7.48111,0.5272817,-3.4762132,2.4522867,-0.8165151,-16731116
22,21,23,26,"null","null","null",3,6.2419224,0.5235968,-3.3782573,1.9383985,-2.311044,-16731116
23,22,24,25,"null","null","null",2,2.324484,0.6580924,-2.716209,0.867519,-3.2399843,-16731116
29,6,30,33,"null","null","null",3,10.468185,2.3408208,-0.85625637,3.8025498,-0.7670516,-16731116
30,29,31,32,"null","null","null",2,4.060228,1.6917281,-2.1268067,3.5885556,-0.5755012,-16731116
34,5,35,90,"null","null","null",37,17.475801,3.2578778,-0.2891289,2.9929993,-1.3110067,-16731116
35,34,36,75,"null","null","null",28,15.903418,2.590636,-1.3419558,3.4931793,-0.34808022,-16731116
36,35,37,60,"null","null","null",20,11.274159,1.6407046,-2.758216,3.1863742,-0.5755012,-16731116
37,36,38,59,"null","null","null",12,8.093604,0.5272817,-3.5031729,2.4522867,-0.9035219,-16731116
38,37,39,58,"null","null","null",11,7.2992167,0.5235968,-3.4133048,1.9383985,-2.4241529,-16731116
39,38,40,51,"null","null","null",10,5.821092,0.6580924,-2.7617707,0.6457026,-3.3870258,-16731116
40,39,41,50,"null","null","null",6,4.492054,2.1643891,-2.1365538,0.46288577,-3.516667,-16731116
41,40,42,47,"null","null","null",5,3.471494,3.3591206,-1.0121964,0.63761365,-2.9699712,-16731116
42,41,43,46,"null","null","null",3,3.0192142,3.7661464,-0.39551884,1.2371417,-2.2791743,-16731116
43,42,44,45,"null","null","null",2,1.9133521,3.4248652,-0.6042892,2.4441652,-1.5045781,-16731116
47,41,48,49,"null","null","null",2,1.2866404,0.3445301,-2.8544078,0.9791694,-3.1268065,-16731116
51,39,52,57,"null","null","null",4,3.9921167,0.86650527,-3.48519,2.5607443,-0.6343628,-16731116
52,51,53,56,"null","null","null",3,2.8782108,0.5042378,-3.4706397,2.010226,-2.143413,-16731116
53,52,54,55,"null","null","null",2,2.1653216,0.6527479,-2.8544078,0.9791694,-3.1268065,-16731116
60,36,61,72,"null","null","null",8,5.591965,3.3478484,-0.27500102,2.859808,-1.4209453,-16731116
61,60,62,67,"null","null","null",6,4.815661,2.6858704,-1.1773334,3.4240808,-0.32388148,-16731116
62,61,63,66,"null","null","null",3,3.725751,1.7788353,-2.6272726,3.1628685,-0.5592989,-16731116
63,62,64,65,"null","null","null",2,1.5533928,0.641129,-3.4392254,2.4198835,-0.6642305,-16731116
67,61,68,71,"null","null","null",3,4.000134,3.7903333,-0.7370672,1.0472662,-2.3134408,-16731116
68,67,69,70,"null","null","null",2,3.9814885,3.5116992,-0.59051746,2.288054,-1.6001905,-16731116
72,60,73,74,"null","null","null",2,3.4847994,2.7384934,-1.3026797,0.30320084,-3.2226985,-16731116
75,35,76,87,"null","null","null",8,14.107901,3.6996105,-0.705259,1.5568639,-2.5264778,-16731116
76,75,77,86,"null","null","null",6,12.208369,3.3383706,-0.6042887,2.859808,-1.5045819,-16731116
77,76,78,83,"null","null","null",5,6.8621697,2.673549,-1.1773334,3.4240808,-0.32388148,-16731116
78,77,79,82,"null","null","null",3,3.8715897,1.7788353,-2.6272726,3.1628685,-0.5592989,-12486656
79,78,80,81,"null","null","null",2,1.8758894,0.641129,-3.4392254,2.4198835,-0.6642305,-16731116
83,77,84,85,"null","null","null",2,5.299363,3.76261,-0.7370672,0.4390186,-2.3134408,-16731116
87,75,88,89,"null","null","null",2,8.423806,0.9093931,-2.1905591,0.63668096,-3.827052,-16731116
90,34,91,100,"null","null","null",9,13.835129,3.1657686,-1.0032619,0.31716168,-3.1602058,-16731116
91,90,92,97,"null","null","null",5,9.903041,3.514793,-0.3955179,1.6992358,-2.5264778,-16731116
92,91,93,96,"null","null","null",3,8.037596,3.0981078,-0.6042887,3.0448914,-1.5045819,-16731116
93,92,94,95,"null","null","null",2,5.2243,2.3612075,-0.66192454,3.6646893,-0.32388148,-16731116
97,91,98,99,"null","null","null",2,7.6469955,0.9093931,-2.1905591,0.63668096,-3.827052,-16731116
100,90,101,104,"null","null","null",4,7.918091,0.34452954,-2.8342981,0.9169625,-3.5548244,-12486656
101,100,102,103,"null","null","null",2,2.8510141,0.9093931,-2.1905591,0.4410549,-3.827052,-16731116
104,100,105,106,"null","null","null",2,5.759022,0.88575745,-3.344258,2.5711813,-0.3708009,-11184866
107,4,108,113,"null","null","null",4,19.14984,3.5280137,-0.67175275,1.8652921,-2.238161,-16731116
108,107,109,112,"null","null","null",3,12.934623,3.065712,-0.6167603,3.1667423,-1.4052806,-16731116
109,108,110,111,"null","null","null",2,3.2693148,2.3408208,-0.6580918,3.7190452,-0.34808022,-12486656
114,3,115,124,"","null","Magpies",8,13.622704,3.2514277,-0.92879295,0.3309561,-2.9070082,-16731116
115,114,116,123,"null","null","null",5,8.569927,3.5280137,-0.4185698,1.9147029,-2.238161,-16731116
116,115,117,122,"null","null","null",4,4.816901,3.065712,-0.6167603,3.2309766,-1.4052806,-16731116
117,116,118,121,"null","null","null",3,3.9979508,2.3408208,-0.85625637,3.8025498,-0.34808022,-16731116
118,117,119,120,"null","null","null",2,2.0782888,1.6917281,-2.1268067,3.5885556,-0.5755012,-16731116
124,114,125,128,"null","null","null",3,6.8771453,0.35782874,-2.752129,0.90259826,-3.6250997,-16731116
125,124,126,127,"null","null","null",2,2.810059,1.0880196,-2.1365566,0.4628849,-3.8261666,-16731116
129,2,130,149,"","null","Coughs and Treepies",12,19.596678,2.1597354,-2.216556,0.5623988,-3.4921455,-16731116
130,129,131,142,"","null","Treepies",10,16.545395,3.2514277,-0.8866515,0.6459124,-2.9070082,-16731116
131,130,132,141,"null","null","null",6,10.51402,3.5280137,-0.4185698,1.7065823,-2.238161,-16731116
132,131,133,140,"null","null","null",5,6.9564347,3.065712,-0.6167603,2.9604197,-1.4052806,-16731116
133,132,134,139,"null","null","null",4,6.13026,2.3408208,-1.3545772,3.4508257,-0.34808022,-16731116
134,133,135,138,"null","null","null",3,4.178808,1.6917281,-2.7746239,3.1313145,-0.5755012,-16731116
135,134,136,137,"null","null","null",2,2.3137248,0.5272817,-3.5245032,2.3807092,-0.665,-16731116
142,130,143,146,"null","null","null",4,11.765256,0.35782874,-2.752129,0.90259826,-3.6250997,-16731116
143,142,144,145,"null","null","null",2,8.315385,1.0880196,-2.1365566,0.4628849,-3.8261666,-16731116
146,142,147,148,"null","null","null",2,4.538212,0.8665061,-3.439223,2.4198875,-0.38339514,-16731116
149,129,150,151,"","null","Coughs",2,10.730971,0.48358452,-3.7564592,1.9384005,-1.6186413,-16731116
152,1,153,210,"null","null","null",32,25.675781,0.64287484,-2.8537698,0.8857573,-3.5046988,-16731116
153,152,154,205,"Laniidae","null","Shrikes",29,14.804089,2.218443,-2.0484684,0.48397338,-3.5809,-16731116
154,153,155,204,"null","null","null",26,11.516783,3.3277473,-1.0892038,0.6459124,-3.022389,-16731116
155,154,156,185,"null","null","null",25,10.702291,3.6272292,-0.4185698,1.8281081,-2.388156,-16731116
156,155,157,180,"null","null","null",15,9.933184,3.1946921,-0.6167603,3.1184032,-1.2264589,-16731116
157,156,158,171,"null","null","null",12,9.342298,2.5084949,-1.3385786,3.6562042,-0.34808022,-16731116
158,157,159,170,"null","null","null",7,6.9699945,1.6917281,-2.7538254,3.3983066,-0.5755012,-16731116
159,158,160,167,"null","null","null",6,5.4204273,0.3384865,-3.4974654,2.727799,-1.0443956,-16731116
160,159,161,166,"null","null","null",4,3.2162454,0.5235968,-3.4058852,1.9383985,-2.6072886,-16731116
161,160,162,165,"null","null","null",3,1.9310102,0.6580924,-2.7521253,0.867519,-3.6251023,-16731116
162,161,163,164,"null","null","null",2,1.5101099,1.0880269,-2.1365538,0.46288577,-3.8261664,-16731116
167,159,168,169,"null","null","null",2,2.4455574,2.3612075,-0.41842124,3.6646893,-0.7950944,-16731116
171,157,172,177,"null","null","null",5,8.207408,3.514793,-0.705259,1.6992358,-2.5264778,-16731116
172,171,173,176,"null","null","null",3,5.238912,3.0981078,-0.6042887,3.0448914,-1.5045819,-16731116
173,172,174,175,"null","null","null",2,5.144074,2.3612075,-0.66192454,3.6646893,-0.32388148,-16731116
177,171,178,179,"null","null","null",2,5.3085194,0.9093931,-2.1905591,0.63668096,-3.827052,-16731116
180,156,181,184,"null","null","null",3,5.3574595,3.381475,-1.1971815,0.31716168,-2.9699733,-16731116
181,180,182,183,"null","null","null",2,3.2079155,3.795211,-0.3955179,0.64591163,-2.2791758,-16731116
185,155,186,199,"null","null","null",10,8.972532,2.0156536,-2.163116,0.6001816,-3.663,-16731116
186,185,187,198,"null","null","null",7,4.112485,3.1657686,-1.1971815,0.6376133,-3.1602058,-16731116
187,186,188,195,"null","null","null",6,3.2790732,3.514793,-0.3955179,1.7809273,-2.5264778,-12486656
188,187,189,194,"null","null","null",4,2.210476,3.0981078,-0.6042887,3.1510901,-1.5045819,-12486656
189,188,190,193,"null","null","null",3,1.5561016,2.3612075,-0.6648546,3.8027482,-0.32388148,-12486656
190,189,191,192,"null","null","null",2,1.3773462,1.7788353,-1.9610502,3.6551359,-0.5592989,-16731116
195,187,196,197,"null","null","null",2,1.7878637,0.9093931,-2.1905591,0.63668096,-3.827052,-12486656
199,185,200,203,"null","null","null",3,5.2189865,0.5234822,-3.4706435,2.010228,-2.1434073,-16731116
200,199,201,202,"null","null","null",2,3.3072913,0.65274775,-2.854413,0.9791734,-3.1268015,-16731116
205,153,206,209,"null","null","null",3,4.763531,0.48358452,-3.3782616,1.9384005,-2.3110387,-16731116
206,205,207,208,"null","null","null",2,2.2840269,0.65809226,-2.7162147,0.8675231,-3.23998,-16731116
210,152,211,214,"null","null","null",3,9.629992,0.8449204,-3.767136,2.4522898,-0.39556158,-16731116
211,210,212,213,"Laniidae","null","Shrikes",2,3.9776528,0.52359635,-3.7564592,1.9384005,-1.6186413,-16731116
