index,parent,child1,child2,name1,name2,common,richness,lengthbr,hxmax,hxmin,hymax,hymin,color
0,-268284893,1,72,"null","null","null",41,15.03255,0.34807852,-3.6562018,2.5084987,-1.3840456,-16731116
1,0,2,47,"null","null","null",36,14.164609,0.57550013,-3.398308,1.5297157,-2.8129387,-16731116
2,1,3,44,"null","null","null",23,10.086649,0.9343963,-2.7278004,0.33849198,-3.57432,-16731116
3,2,4,41,"null","null","null",21,6.2793875,2.4642947,-2.0181732,0.52359545,-3.5058017,-16731116
4,3,5,40,"null","null","null",19,6.0216126,3.4392178,-0.8675265,0.6580921,-2.8820176,-16731116
5,4,6,37,"null","null","null",18,6.0216126,3.584523,-0.46288425,2.0156493,-2.30541,-16731116
6,5,7,30,"null","null","null",16,5.0360293,3.0581865,-0.637613,3.1657662,-1.003265,-16731116
7,6,8,23,"null","null","null",12,4.1096687,2.3938518,-1.5568602,3.514793,-0.39551717,-16731116
8,7,9,18,"null","null","null",8,3.915212,1.3321686,-2.859806,3.0981092,-0.6042883,-16731116
9,8,10,17,"null","null","null",5,3.0511565,0.32388073,-3.424082,2.361209,-1.1773279,-16731116
10,9,11,14,"null","null","null",4,2.550967,0.5592984,-3.162872,1.7948565,-2.6272678,-16731116
11,10,12,13,"null","null","null",2,1.2239614,0.66423047,-2.4198883,0.6411318,-3.4392228,-16731116
14,10,15,16,"null","null","null",2,1.8799754,1.6001918,-2.2880516,3.5117006,-0.3173819,-16731116
18,8,19,22,"null","null","null",3,2.4456713,3.0229454,-0.30320042,3.2790823,-1.3026809,-16731116
19,18,20,21,"null","null","null",2,1.165837,2.3134418,-0.6527472,3.7626092,-0.37198997,-16731116
23,7,24,29,"null","null","null",4,2.9265356,3.5286393,-0.63668215,2.0262823,-2.1905596,-16731116
24,23,25,28,"null","null","null",3,2.7432442,3.0229454,-0.62788296,3.2790823,-1.3026809,-16731116
25,24,26,27,"null","null","null",2,2.1242578,2.3134418,-0.6527472,3.7626092,-0.37198997,-16731116
30,6,31,36,"null","null","null",4,4.963813,3.4434733,-0.979175,0.34452912,-2.8342993,-12486656
31,30,32,35,"null","null","null",3,3.227126,3.6822972,-0.44105458,1.610443,-2.1905596,-12486656
32,31,33,34,"null","null","null",2,1.266926,3.2227004,-0.62788296,2.7384913,-1.3026809,-11184866
37,5,38,39,"null","null","null",2,3.0260842,1.4433408,-2.01023,0.52348334,-3.7908006,-16731116
41,3,42,43,"null","null","null",2,1.6558449,0.401482,-3.6551394,1.7788401,-1.9610406,-16731116
44,2,45,46,"null","null","null",2,1.7807208,0.7950963,-3.664686,2.361209,-0.41842043,-12486656
47,1,48,61,"null","null","null",13,13.125456,1.3321722,-3.0061488,3.0981102,-0.275,-16731116
48,47,49,60,"","null","Partridges",7,5.6170173,0.32387993,-3.6143308,2.3612092,-1.2045227,-16731116
49,48,50,59,"null","null","null",6,5.071703,0.5592977,-3.4101982,1.7788414,-2.6626244,-16731116
50,49,51,56,"null","null","null",5,2.4936779,0.66423047,-2.7414122,0.41482198,-3.4851904,-16731116
51,50,52,55,"null","null","null",3,1.9565946,2.1434007,-2.010231,0.50423634,-3.4706461,-16731116
52,51,53,54,"null","null","null",2,1.8266176,3.126798,-0.9791769,0.6527475,-2.8544173,-16731116
56,50,57,58,"null","null","null",2,1.5185472,0.8210864,-3.5997522,2.3745222,-0.40725175,-16731116
61,47,62,69,"null","null","null",6,9.985877,3.0229473,-0.30319998,3.0686324,-1.1514546,-16731116
62,61,63,68,"PERDICULA","null","Bush-Quails",4,6.206873,2.313443,-1.5287609,3.4890282,-0.37198898,-16731116
63,62,64,67,"null","null","null",3,3.5063314,1.6001972,-2.914003,3.1200058,-0.59051657,-16731116
64,63,65,66,"null","null","null",2,2.062291,0.41360754,-3.5997515,2.3745224,-0.66423047,-16731116
69,61,70,71,"null","null","null",2,3.429047,3.0051622,-1.08921,0.33095518,-2.9852395,-16731116
72,0,73,78,"TETRAOGALLUS","null","Snowcocks",5,5.1234207,2.5264819,-1.6992244,3.5147924,-0.70526135,-16731116
73,72,74,77,"null","null","null",3,1.6288377,1.5045888,-3.0448823,3.0981102,-0.60428786,-16731116
74,73,75,76,"null","null","null",2,1.1940312,0.32387975,-3.6646852,2.3612092,-0.6619248,-16731116
78,72,79,80,"null","null","null",2,2.0446117,3.827052,-0.63668334,0.90938234,-2.1905618,-16731116
