index,parent,child1,child2,name1,name2,common,richness,lengthbr,hxmax,hxmin,hymax,hymin,color
0,-268404731,1,104,"","null","Woodcreepers",53,10.331607,1.5045818,-3.000677,3.2448392,-0.2750008,-16731116
1,0,2,87,"null","null","null",52,10.266247,0.32388148,-3.6072109,2.551958,-1.2503662,-16731116
2,1,3,58,"Dendrocolaptidae","null","",43,7.0875115,0.5592989,-3.4009376,1.6930466,-2.7222152,-16731116
3,2,4,35,"null","null","null",28,5.466645,0.75180197,-2.7293735,0.50878024,-3.5626507,-16731116
4,3,5,32,"null","null","null",16,5.325689,2.296084,-2.1206808,0.5042378,-3.5713387,-16731116
5,4,6,25,"null","null","null",14,4.8608084,3.3252785,-0.76730543,0.6527479,-2.9853163,-16731116
6,5,7,22,"null","null","null",10,4.2937164,3.5286388,-0.4410558,1.8644092,-2.3868847,-16731116
7,6,8,17,"null","null","null",8,2.34813,3.0229423,-0.6278835,3.0686421,-1.1166763,-16731116
8,7,9,16,"null","null","null",5,2.0866992,2.3134394,-1.6418982,3.4890313,-0.37199128,-16731116
9,8,10,15,"null","null","null",4,1.708675,1.6001867,-3.0610719,3.1200037,-0.59051806,-16731116
10,9,11,14,"null","null","null",3,0.9263621,0.4135952,-3.7909293,2.374521,-0.6642302,-16731116
11,10,12,13,"null","null","null",2,0.3399731,0.54197526,-3.7111754,1.8611641,-1.7914469,-16731116
17,7,18,21,"null","null","null",3,1.4431087,3.4735122,-1.0892006,0.33095652,-2.9070063,-16731116
18,17,19,20,"null","null","null",2,1.3751953,3.8167205,-0.41857052,0.73107064,-2.2381597,-16731116
22,6,23,24,"null","null","null",2,3.0508933,1.2662436,-2.076365,0.5623976,-3.814066,-16731116
25,5,26,31,"null","null","null",4,2.812205,0.45200622,-2.6608222,0.88575673,-3.482712,-16731116
26,25,27,30,"null","null","null",3,2.1596618,1.9703119,-2.076365,0.483974,-3.5523148,-16731116
27,26,28,29,"null","null","null",2,1.2907373,3.0051737,-1.0892006,0.64591265,-2.9852276,-16731116
32,4,33,34,"null","null","null",2,1.8444743,0.4428624,-3.7111773,1.8611662,-1.7914411,-16731116
35,3,36,49,"null","null","null",12,4.277629,0.8210846,-3.572671,2.58594,-1.0796683,-16731116
36,35,37,48,"null","null","null",7,3.358688,0.54197484,-3.4274416,1.8611662,-2.579044,-16731116
37,36,38,45,"null","null","null",6,3.00169,0.661925,-2.7686596,0.49050736,-3.482712,-16731116
38,37,39,42,"null","null","null",4,2.224799,1.9703119,-2.2165534,0.483974,-3.5523148,-16731116
39,38,40,41,"null","null","null",2,1.3587685,3.0051737,-1.0892006,0.64591265,-2.9852276,-16731116
42,38,43,44,"null","null","null",2,1.6773809,0.48358327,-3.756458,1.9383984,-1.6186465,-16731116
45,37,46,47,"null","null","null",2,1.5891962,0.8449197,-3.5245035,2.3807096,-0.39556193,-16731116
49,35,50,57,"null","null","null",5,3.2027104,2.3408206,-1.3545806,3.4508271,-0.76705146,-16731116
50,49,51,54,"null","null","null",4,2.6219513,1.674933,-2.7746265,3.1313148,-0.57550156,-16731116
51,50,52,53,"null","null","null",2,1.3490707,0.5272789,-3.524505,2.3807096,-0.665,-16731116
54,50,55,56,"null","null","null",2,1.6162224,3.424866,-0.2750013,2.4441643,-1.5045784,-16731116
58,2,59,84,"null","null","null",15,5.3443217,1.550134,-2.8440948,3.2826338,-0.3173806,-16731116
59,58,60,75,"null","null","null",13,3.4476166,0.39173108,-3.5088618,2.58594,-1.0796683,-16731116
60,59,61,68,"null","null","null",8,3.4476166,0.54197484,-3.3444898,1.7061949,-2.579044,-16731116
61,60,62,67,"null","null","null",4,1.4630612,0.661925,-2.6608222,0.75469065,-3.482712,-16731116
62,61,63,66,"null","null","null",3,0.88033164,1.9703119,-2.076365,0.483974,-3.5523148,-16731116
63,62,64,65,"null","null","null",2,0.54810935,3.0051737,-1.0892006,0.64591265,-2.9852276,-16731116
68,60,69,72,"null","null","null",4,2.5385199,1.674933,-2.7746265,3.1313148,-0.35959634,-16731116
69,68,70,71,"null","null","null",2,0.86772525,0.5272789,-3.524505,2.3807096,-0.665,-16731116
72,68,73,74,"null","null","null",2,0.8531426,3.424866,-0.2750013,2.4441643,-1.5045784,-16731116
75,59,76,81,"null","null","null",5,3.4476166,2.6331244,-1.3545806,3.4508271,-0.76705146,-16731116
76,75,77,80,"null","null","null",3,2.3473628,1.6917262,-2.7746265,3.1313148,-0.57550156,-16731116
77,76,78,79,"null","null","null",2,1.0589801,0.5272789,-3.524505,2.3807096,-0.665,-16731116
81,75,82,83,"null","null","null",2,1.0667566,3.7952118,-0.70525837,0.5537423,-2.2791748,-16731116
84,58,85,86,"null","null","null",2,4.320852,3.328406,-0.28912896,2.5945067,-1.4052784,-16731116
87,1,88,99,"null","null","null",9,6.412648,2.5455327,-1.4436038,3.4890308,-0.7370672,-16731116
88,87,89,96,"null","null","null",6,4.589449,1.550134,-2.8032913,3.1200047,-0.5905177,-16731116
89,88,90,95,"Dendrocolaptidae","null","",4,3.9390755,0.4135974,-3.4558175,2.374522,-0.99774426,-16731116
90,89,91,94,"null","null","null",3,2.4590316,0.54197484,-3.2755322,1.8611662,-2.472543,-16731116
91,90,92,93,"null","null","null",2,1.8302927,0.661925,-2.5711775,0.75469065,-3.3442605,-16731116
96,88,97,98,"null","null","null",2,1.8617859,3.328406,-0.28912896,2.5945067,-1.4052784,-16731116
99,87,100,103,"Dendrocolaptidae","null","",3,5.1624236,3.7300868,-0.6717526,1.4251122,-2.2381606,-16731116
100,99,101,102,"null","null","null",2,1.7082126,3.328406,-0.61676055,2.5945067,-1.4052784,-16731116
