index,parent,child1,child2,name1,name2,common,richness,lengthbr,hxmax,hxmin,hymax,hymin,color
0,-268435406,1,54,"Cracidae","null","Guans and curassows",50,11.9592905,1.0522668,-2.6588416,0.82108676,-3.5706403,-12486656
1,0,2,53,"null","null","null",27,11.199259,2.5434296,-1.8611743,0.5419732,-3.4248087,-16731116
2,1,3,30,"null","null","null",26,10.455503,3.4364238,-0.52233154,0.6619247,-2.7652378,-16731116
3,2,4,17,"","null","Currasows",14,4.3332214,3.4921482,-0.48397207,2.1597247,-2.0607538,-12486656
4,3,5,16,"null","null","null",7,3.1528974,2.907014,-0.6459119,3.251421,-1.0892122,-12486656
5,4,6,15,"null","null","null",6,2.9614973,2.238165,-1.7065685,3.5280128,-0.41856802,-12486656
6,5,7,14,"null","null","null",5,2.8649893,1.4052893,-2.96041,3.0657153,-0.6167593,-12486656
7,6,8,13,"null","null","null",4,2.4364462,0.34807813,-3.4508224,2.340823,-1.354562,-12486656
8,7,9,12,"null","null","null",3,2.2222085,0.5754999,-3.1313155,1.6917357,-2.7746112,-12486656
9,8,10,11,"null","null","null",2,1.1871111,0.665,-2.3807101,0.5272909,-3.524496,-16731116
17,3,18,29,"null","null","null",7,3.7086267,2.42414,-1.9384066,0.48358738,-3.405892,-12486656
18,17,19,28,"null","null","null",6,3.4691029,3.38702,-0.86753124,0.6580919,-2.7521353,-12486656
19,18,20,27,"null","null","null",5,2.4644518,3.5166693,-0.46288335,2.164375,-2.136561,-16731116
20,19,21,26,"null","null","null",4,2.1113617,2.9699788,-0.6376126,3.3591144,-1.1971906,-16731116
21,20,22,25,"null","null","null",3,1.4544959,2.2791796,-1.2371151,3.7661512,-0.39551586,-12486656
22,21,23,24,"null","null","null",2,1.0384488,1.5045918,-2.4441433,3.4248786,-0.60428745,-12486656
30,2,31,52,"ORTALIS","null","Chachalacas",12,5.1777496,0.9035067,-2.4522984,0.8449218,-3.567934,-16731116
31,30,32,51,"null","null","null",11,4.393212,2.42414,-1.9384066,0.523595,-3.497502,-16731116
32,31,33,46,"null","null","null",10,3.7756884,3.38702,-0.645716,0.6580919,-2.8712287,-16731116
33,32,34,45,"null","null","null",7,3.3318164,3.5166693,-0.46288335,2.164375,-2.136561,-16731116
34,33,35,40,"null","null","null",6,3.0712714,2.9699788,-0.6376126,3.3591144,-1.0032719,-16731116
35,34,36,39,"null","null","null",3,1.2485298,2.2791796,-1.2371151,3.7661512,-0.39551586,-16731116
36,35,37,38,"null","null","null",2,0.66896063,1.5045918,-2.4441433,3.4248786,-0.60428745,-16731116
40,34,41,44,"null","null","null",3,2.835541,3.5548184,-0.97918236,0.34452838,-2.8343048,-16731116
41,40,42,43,"null","null","null",2,1.2594756,3.8270519,-0.44105315,0.90937686,-2.1905634,-16731116
46,32,47,50,"null","null","null",3,1.5278164,0.38339424,-2.5607553,0.86650753,-3.7314625,-16731116
47,46,48,49,"null","null","null",2,0.84276944,1.44333,-2.0102336,0.5042357,-3.7908027,-16731116
54,0,55,94,"null","null","null",23,6.7709026,0.7670542,-3.6148462,2.620214,-1.3385673,-12486656
55,54,56,85,"null","null","null",20,3.72627,0.57549995,-3.3445463,1.5297167,-2.7538178,-12486656
56,55,57,72,"null","null","null",15,3.3950245,0.9518907,-2.6579103,0.4773125,-3.4974647,-12486656
57,56,58,67,"null","null","null",8,3.0130844,2.4870386,-1.7993928,0.5235951,-3.4058914,-16731116
58,57,59,64,"null","null","null",5,2.5541635,3.4687877,-0.5831127,0.658092,-2.7521348,-12486656
59,58,60,63,"null","null","null",3,1.3038476,3.6229668,-0.46288353,1.7924047,-2.1365604,-12486656
60,59,61,62,"null","null","null",2,1.087591,3.1081653,-0.63761264,2.8755522,-1.1971898,-12486656
64,58,65,66,"null","null","null",2,1.089326,0.38339433,-2.4198992,0.8665074,-3.4392166,-16731116
67,57,68,71,"null","null","null",3,1.6608226,0.40148306,-3.1628795,1.7788428,-2.6272585,-16731116
68,67,69,70,"null","null","null",2,1.0911521,0.66423047,-2.4198983,0.6411392,-3.4392169,-16731116
72,56,73,82,"null","null","null",7,2.7341223,0.7950969,-3.5074317,2.673552,-1.350245,-12486656
73,72,74,79,"null","null","null",5,2.4972935,0.5592975,-3.2712302,1.7948633,-2.8520641,-12486656
74,73,75,78,"null","null","null",3,2.1381474,0.66423047,-2.5607538,0.64113885,-3.7314634,-16731116
75,74,76,77,"null","null","null",2,0.9467733,1.4433327,-2.0102327,0.504236,-3.7908025,-12486656
79,73,80,81,"null","null","null",2,0.97125715,1.6001976,-2.2880414,3.5117059,-0.3173842,-11184866
82,72,83,84,"null","null","null",2,0.8663521,2.3134432,-0.4390178,3.7626069,-0.7370698,-11184866
85,55,86,93,"null","null","null",5,1.4408085,1.5045892,-2.8598049,3.0981102,-0.2750006,-12486656
86,85,87,92,"PIPILE","null","Piping-Guans",4,1.1932981,0.32387963,-3.4240851,2.3612094,-1.1773181,-12486656
87,86,88,91,"null","null","null",3,0.5715083,0.5592975,-3.1628795,1.7788424,-2.6272593,-12486656
88,87,89,90,"null","null","null",2,0.20776063,0.66423047,-2.419898,0.64113885,-3.439217,-11184866
94,54,95,98,"null","null","null",3,6.300287,2.2791786,-1.2371192,3.7661505,-0.7052617,-12486656
95,94,96,97,"null","null","null",2,2.6832438,1.5045893,-2.4441464,3.4248765,-0.60428774,-16731116
