index,parent,child1,child2,name1,name2,common,richness,lengthbr,hxmax,hxmin,hymax,hymin,color
0,-268300276,1,52,"null","null","null",27,21.438679,2.377342,-2.0102282,0.5042372,-3.48668,-16731116
1,0,2,39,"null","null","null",26,16.981726,3.4309173,-0.81523705,0.65274775,-2.8752608,-16731116
2,1,3,30,"null","null","null",19,15.348714,3.665972,-0.44105512,1.993161,-2.2438111,-16731116
3,2,4,25,"null","null","null",14,14.286428,3.2014766,-0.6278832,3.236022,-1.1166797,-16731116
4,3,5,20,"null","null","null",11,13.389992,2.5455332,-1.4749897,3.7066278,-0.37199056,-16731116
5,4,6,19,"null","null","null",8,10.884946,1.6001897,-2.8440938,3.4028811,-0.59051764,-16731116
6,5,7,14,"null","null","null",7,10.780384,0.29949006,-3.508861,2.7422612,-1.1988084,-16731116
7,6,8,13,"null","null","null",4,7.9534216,0.5419747,-3.344489,1.8611665,-2.7339268,-16731116
8,7,9,12,"null","null","null",3,6.6959176,0.66192496,-2.6608212,0.7546901,-3.6840599,-16731116
9,8,10,11,"null","null","null",2,4.935067,1.2662454,-2.0763643,0.48397422,-3.814066,-16731116
14,6,15,18,"null","null","null",3,6.194791,2.3408208,-0.85625637,3.8025498,-0.7670516,-16731116
15,14,16,17,"null","null","null",2,3.7254152,1.6917281,-2.1268067,3.5885556,-0.5755012,-16731116
20,4,21,24,"null","null","null",3,11.900121,3.7300878,-0.67175275,1.4251086,-2.238161,-16731116
21,20,22,23,"null","null","null",2,9.281952,3.3284082,-0.6167603,2.5945039,-1.4052806,-16731116
25,3,26,29,"null","null","null",3,12.690495,3.4735096,-1.0892038,0.3309561,-2.9070082,-16731116
26,25,27,28,"null","null","null",2,10.160599,3.8167202,-0.4185698,0.73106515,-2.238161,-16731116
30,2,31,38,"null","null","null",5,7.982341,2.279306,-2.076367,0.5623988,-3.4921455,-12486656
31,30,32,37,"null","null","null",4,6.9172688,3.4068692,-1.0892038,0.6459124,-2.9070082,-12486656
32,31,33,36,"null","null","null",3,3.7618542,3.7300878,-0.4185698,1.4251086,-2.238161,-12486656
33,32,34,35,"null","null","null",2,0.34808818,3.3284082,-0.6167603,2.5945039,-1.4052806,-11184866
39,1,40,51,"null","null","null",7,7.0527687,0.6896925,-2.768663,0.8857573,-3.4364262,-16731116
40,39,41,48,"null","null","null",6,5.755328,2.279306,-2.216556,0.48397338,-3.4921455,-16731116
41,40,42,47,"null","null","null",4,4.969927,3.4068692,-1.0892038,0.6459124,-2.9070082,-16731116
42,41,43,46,"null","null","null",3,3.0814917,3.7300878,-0.4185698,1.4251086,-2.238161,-16731116
43,42,44,45,"null","null","null",2,2.4117475,3.3284082,-0.6167603,2.5945039,-1.4052806,-16731116
48,40,49,50,"null","null","null",2,2.622335,0.48358452,-3.7564592,1.9384005,-1.6186413,-16731116
