index,parent,child1,child2,name1,name2,common,richness,lengthbr,hxmax,hxmin,hymax,hymin,color
0,-268368868,1,64,"null","null","null",59,20.821102,1.490706,-2.931917,3.2971134,-0.59051764,-16731116
1,0,2,41,"null","null","null",32,15.79426,0.29949006,-3.623031,2.6047633,-1.0522804,-16731116
2,1,3,24,"Timaliidae","null","Babblers and parrotbills",20,12.703631,0.5419747,-3.49291,1.7306662,-2.5434403,-16731116
3,2,4,17,"null","null","null",11,11.47388,0.66192496,-2.8537683,0.64476854,-3.4364276,-16731116
4,3,5,14,"null","null","null",7,8.717016,2.1597412,-2.2165523,0.48397422,-3.492144,-12486656
5,4,6,13,"null","null","null",5,6.853442,3.2514307,-1.0891994,0.64591277,-2.9070053,-12486656
6,5,7,12,"null","null","null",4,5.1092753,3.5280137,-0.41857076,1.8652986,-2.2381592,-12486656
7,6,8,11,"null","null","null",3,4.5370865,3.0657103,-0.61676085,3.166747,-1.4052767,-12486656
8,7,9,10,"null","null","null",2,2.9439116,2.3408196,-0.65809155,3.7190475,-0.34808123,-12486656
14,4,15,16,"null","null","null",2,2.772603,0.48358285,-3.7564573,1.9383985,-1.6186471,-12486656
17,3,18,21,"null","null","null",4,8.290903,0.84491944,-3.7671363,2.727799,-0.39556205,-16731116
18,17,19,20,"null","null","null",2,2.7324834,0.5235968,-3.7564573,1.9383985,-1.6186471,-16731116
21,17,22,23,"null","null","null",2,2.6112146,2.3612075,-0.41842124,3.6646893,-0.7950944,-16731116
24,2,25,34,"null","null","null",9,11.658469,1.5297087,-2.7538254,3.1863742,-0.35959655,-16731116
25,24,26,33,"null","null","null",5,5.4165287,0.5272817,-3.4974654,2.4522867,-1.0443956,-16731116
26,25,27,32,"null","null","null",4,3.9514234,0.5235968,-3.4058852,1.9383985,-2.6072886,-16731116
27,26,28,31,"null","null","null",3,2.9670954,0.6580924,-2.7521253,0.867519,-3.6251023,-16731116
28,27,29,30,"null","null","null",2,0.62292993,1.0880269,-2.1365538,0.46288577,-3.8261664,-16731116
34,24,35,38,"null","null","null",4,5.270596,3.0981078,-0.27500102,3.0448914,-1.4209453,-16731116
35,34,36,37,"null","null","null",2,2.4112148,2.3612075,-0.66192454,3.6646893,-0.32388148,-16731116
38,34,39,40,"null","null","null",2,2.9351768,2.7384934,-1.3026797,0.30320084,-3.2226985,-16731116
41,1,42,63,"null","null","null",12,14.156711,2.3408208,-1.3385786,3.4931793,-0.7670516,-16731116
42,41,43,58,"null","null","null",11,11.953653,1.5297087,-2.7538254,3.1863742,-0.5755012,-16731116
43,42,44,57,"null","null","null",8,11.317237,0.5272817,-3.4974654,2.4522867,-0.9035219,-16731116
44,43,45,56,"Timaliidae","null","Fulvettas",7,8.283871,0.5235968,-3.4058852,1.9383985,-2.4241529,-16731116
45,44,46,53,"null","null","null",6,5.543057,0.6580924,-2.7521253,0.5830978,-3.3870258,-16731116
46,45,47,52,"null","null","null",4,4.2419996,2.1815877,-2.1365538,0.46288577,-3.516667,-16731116
47,46,48,51,"null","null","null",3,2.8172255,3.3814788,-1.1971772,0.63761365,-2.9699712,-16731116
48,47,49,50,"null","null","null",2,0.5960236,3.7952123,-0.39551884,0.64591134,-2.2791743,-16731116
53,45,54,55,"null","null","null",2,2.5753071,0.86650527,-3.4392254,2.4198835,-0.38339564,-16731116
58,42,59,62,"Timaliidae","null","Babblers and parrotbills",3,6.169193,3.0981078,-0.27500102,3.0448914,-1.5045819,-16731116
59,58,60,61,"null","null","null",2,2.6863344,2.3612075,-0.66192454,3.6646893,-0.32388148,-12486656
64,0,65,116,"null","null","null",27,17.516928,3.1946921,-0.2891289,3.0865903,-1.4052806,-16731116
65,64,66,109,"null","null","null",26,17.516928,2.5084949,-1.3802794,3.6148477,-0.34808022,-16731116
66,65,67,108,"Sylviidae","null","Old World warblers",22,13.727809,1.6917281,-2.8080366,3.344543,-0.5755012,-16731116
67,66,68,89,"null","null","null",21,12.72549,0.42326432,-3.5679398,2.657906,-0.9035219,-16731116
68,67,69,86,"null","null","null",11,12.113864,0.5235968,-3.4975019,2.0181658,-2.4241529,-16731116
69,68,70,79,"null","null","null",9,10.43231,0.6580924,-2.8712268,0.725999,-3.3870258,-16731116
70,69,71,78,"null","null","null",5,7.3224716,2.1815877,-2.1365538,0.46288577,-3.516667,-16731116
71,70,72,75,"null","null","null",4,5.930007,3.3814788,-1.0121964,0.63761365,-2.9699712,-16731116
72,71,73,74,"null","null","null",2,4.4677653,3.7952123,-0.39551884,0.64591134,-2.2791743,-16731116
75,71,76,77,"null","null","null",2,2.8500001,0.3445301,-2.8544078,0.9791694,-3.1268065,-12486656
79,69,80,83,"null","null","null",4,9.134222,0.86650527,-3.7314665,2.7414112,-0.38339564,-16731116
80,79,81,82,"null","null","null",2,7.428817,0.5042378,-3.7907991,2.010226,-1.4433506,-16731116
83,79,84,85,"null","null","null",2,4.0933757,2.3745215,-0.40725255,3.5997562,-0.8210846,-16731116
86,68,87,88,"null","null","null",2,4.6397824,1.7788353,-1.9610502,3.6551359,-0.40147904,-16731116
89,67,90,99,"null","null","null",10,8.718932,2.5519576,-1.3502572,3.5074303,-0.7950944,-16731116
90,89,91,96,"null","null","null",5,7.4792557,1.7948534,-2.8520734,3.2712228,-0.5592989,-16731116
91,90,92,95,"null","null","null",3,4.9962616,0.641129,-3.7314665,2.5607443,-0.6642305,-16731116
92,91,93,94,"null","null","null",2,3.4414968,0.5042378,-3.7907991,2.010226,-1.4433506,-16731116
96,90,97,98,"null","null","null",2,5.5426536,3.5116992,-0.3173806,2.288054,-1.6001905,-16731116
99,89,100,105,"null","null","null",5,7.0694594,3.48903,-0.7370672,1.5287724,-2.5840373,-16731116
100,99,101,104,"null","null","null",3,4.1679473,3.1200044,-0.59051746,2.9140122,-1.6001905,-16731116
101,100,102,103,"null","null","null",2,2.1968117,2.3745215,-0.66423035,3.5997562,-0.41359985,-16731116
105,99,106,107,"null","null","null",2,6.20566,0.7310634,-2.2381618,0.6717531,-3.81672,-16731116
109,65,110,115,"null","null","null",4,13.212322,3.514793,-0.705259,1.6992358,-2.2791758,-16731116
110,109,111,114,"null","null","null",3,11.601823,3.0981078,-0.6042887,3.0448914,-1.5045819,-16731116
111,110,112,113,"Timaliidae","null","Babblers and parrotbills",2,8.142636,2.3612075,-0.66192454,3.6646893,-0.32388148,-16731116
