index,parent,child1,child2,name1,name2,common,richness,lengthbr,hxmax,hxmin,hymax,hymin,color
0,-268414896,1,96,"null","null","null",75,36.697433,2.3532844,-1.8280945,3.6933336,-0.41856802,-16731116
1,0,2,59,"null","null","null",48,35.732475,1.3110167,-3.118394,3.280632,-0.6167593,-16731116
2,1,3,54,"null","null","null",29,31.877775,0.34807813,-3.6562014,2.6202145,-1.3840435,-16731116
3,2,4,39,"null","null","null",26,29.52438,0.5754999,-3.3983083,1.6365008,-2.8129373,-16731116
4,3,5,36,"","null","Snipes",18,18.154383,0.9701148,-2.7278008,0.33849317,-3.5743198,-16731116
5,4,6,23,"null","null","null",16,15.126843,2.5107298,-1.847547,0.5235952,-3.5058026,-16731116
6,5,7,22,"null","null","null",9,12.184283,3.499585,-0.8675283,0.658092,-2.8820195,-16731116
7,6,8,19,"null","null","null",8,11.893087,3.6630013,-0.4628839,2.1643786,-2.3054116,-16731116
8,7,9,16,"null","null","null",6,9.5100975,3.1602092,-0.6376129,3.3591158,-1.0122075,-16731116
9,8,10,13,"null","null","null",4,8.258419,2.5264807,-1.2371252,3.766149,-0.3955168,-16731116
10,9,11,12,"null","null","null",2,0.9069626,1.5045863,-2.4441519,3.4248734,-0.6042881,-16731116
13,9,14,15,"null","null","null",2,2.9326475,3.827052,-0.6366827,0.9093875,-2.1905606,-16731116
16,8,17,18,"null","null","null",2,3.8734949,3.126798,-0.9791769,0.3445289,-2.8544173,-12486656
19,7,20,21,"null","null","null",2,3.3625016,1.4433382,-2.010231,0.523484,-3.7908013,-16731116
23,5,24,33,"null","null","null",7,11.445221,0.40148264,-3.2712283,1.7948618,-2.6534677,-16731116
24,23,25,32,"null","null","null",5,11.445221,0.88761854,-2.5607514,0.6411365,-3.4732869,-16731116
25,24,26,31,"null","null","null",4,11.086554,2.47265,-2.010231,0.50423634,-3.4551716,-16731116
26,25,27,30,"null","null","null",3,5.3984394,3.554822,-0.9791769,0.6527475,-2.8343005,-16731116
27,26,28,29,"null","null","null",2,2.0502534,3.827052,-0.44105422,0.9093875,-2.1905606,-12486656
33,23,34,35,"null","null","null",2,3.4583888,1.6001966,-2.288043,3.511705,-0.31738362,-12486656
36,4,37,38,"null","null","null",2,0.6360582,0.79509676,-3.6646852,2.3612092,-0.4184203,-12486656
39,3,40,51,"","null","Woodcocks",8,20.416271,1.4209557,-2.859804,3.3383741,-0.27500063,-16731116
40,39,41,48,"null","null","null",6,13.670635,0.32387957,-3.424084,2.6735523,-1.177318,-12486656
41,40,42,45,"null","null","null",4,8.058885,0.55929744,-3.1628785,1.7948636,-2.6272595,-12486656
42,41,43,44,"null","null","null",2,3.8508432,0.66423047,-2.4198966,0.6411383,-3.4392178,-16731116
45,41,46,47,"null","null","null",2,4.339906,1.6001978,-2.2880409,3.5117064,-0.31738424,-11184866
48,40,49,50,"null","null","null",2,4.027822,2.3134434,-0.43901777,3.762607,-0.73706996,-12486656
51,39,52,53,"null","null","null",2,5.303562,3.2227073,-0.30319974,2.7384832,-1.3026869,-16731116
54,2,55,58,"","null","Dowitchers",3,15.391185,2.2791789,-1.237118,3.766151,-0.7052618,-16731116
55,54,56,57,"null","null","null",2,5.614136,1.5045903,-2.4441457,3.4248772,-0.6042876,-16731116
59,1,60,89,"null","null","null",19,31.69442,3.160212,-0.3171605,3.3079295,-1.0032711,-16731116
60,59,61,86,"null","null","null",15,30.07885,2.5264833,-1.6991744,3.69961,-0.39551604,-16731116
61,60,62,83,"null","null","null",13,22.030888,1.4209576,-3.0448194,3.3383746,-0.6042875,-16731116
62,61,63,80,"null","null","null",11,17.728594,0.32387918,-3.6646056,2.6735528,-1.2045189,-16731116
63,62,64,77,"null","null","null",9,16.576323,0.5592972,-3.4755578,1.7948654,-2.662622,-16731116
64,63,65,72,"null","null","null",7,15.533382,0.66423035,-2.8263798,0.41482425,-3.4851906,-16731116
65,64,66,69,"null","null","null",4,12.402981,2.1433957,-2.1206903,0.50423574,-3.4706488,-16731116
66,65,67,68,"null","null","null",2,9.00969,3.1267943,-0.9791801,0.6527473,-2.8544214,-16731116
69,65,70,71,"null","null","null",2,6.10337,0.44286656,-3.7111814,1.8611743,-1.7914251,-12486656
72,64,73,76,"null","null","null",3,9.211248,0.8210871,-3.7909265,2.3745227,-0.47380137,-16731116
73,72,74,75,"null","null","null",2,8.08574,0.541973,-3.7111814,1.8611743,-1.7914251,-16731116
77,63,78,79,"null","null","null",2,12.845204,1.6001993,-2.2880385,3.5117075,-0.3173849,-16731116
80,62,81,82,"","null","Tattlers",2,7.2989116,2.313444,-0.4390176,3.7626064,-0.7370704,-16731116
83,61,84,85,"null","null","null",2,19.115423,3.2227087,-0.30319953,2.7384808,-1.3026884,-16731116
86,60,87,88,"null","null","null",2,16.582392,3.827052,-0.6366841,0.9093783,-2.190563,-16731116
89,59,90,95,"null","null","null",4,28.427347,3.4434726,-0.9791815,0.3445285,-2.834304,-16731116
90,89,91,94,"","null","Phalaropos",3,21.235851,3.6823015,-0.44105333,1.6104301,-2.190563,-16731116
91,90,92,93,"null","null","null",2,7.015027,3.2227087,-0.62788224,2.7384808,-1.3026884,-16731116
96,0,97,146,"null","null","null",27,30.059174,3.5845256,-0.6001848,2.1250017,-2.3054144,-16731116
97,96,98,145,"","null","Sandpipers, Knots and more",25,21.490149,3.0581915,-0.6376126,3.307929,-1.1971906,-16731116
98,97,99,134,"null","null","null",24,20.137794,2.393856,-1.6991732,3.6996102,-0.39551586,-16731116
99,98,100,133,"null","null","null",18,18.152977,1.5045918,-3.0448186,3.338375,-0.60428745,-16731116
100,99,101,130,"null","null","null",17,17.22126,0.323879,-3.6646056,2.6735528,-1.1974748,-16731116
101,100,102,123,"null","null","null",15,16.1402,0.5592972,-3.4755578,1.6207758,-2.6534648,-16731116
102,101,103,118,"null","null","null",11,14.502306,0.8217273,-2.8263798,0.41482425,-3.4732862,-16731116
103,102,104,111,"null","null","null",8,13.262652,2.3869936,-1.957719,0.50423574,-3.455173,-16731116
104,103,105,110,"null","null","null",4,8.16212,3.4434717,-0.9791801,0.6527473,-2.834303,-16731116
105,104,106,109,"null","null","null",3,6.944129,3.6822996,-0.44105357,1.6104348,-2.190562,-16731116
106,105,107,108,"null","null","null",2,5.5173545,3.2227054,-0.6278824,2.738485,-1.3026856,-16731116
111,103,112,117,"null","null","null",4,11.050831,0.44286656,-3.3444955,1.8611743,-2.7339146,-16731116
112,111,113,116,"null","null","null",3,10.237541,0.6619247,-2.6608305,0.7547004,-3.6840544,-16731116
113,112,114,115,"null","null","null",2,7.7448964,1.2662282,-2.0763705,0.48397225,-3.8140674,-16731116
118,102,119,122,"null","null","null",3,10.129752,0.8210871,-3.7909265,2.3745227,-0.47380137,-16731116
119,118,120,121,"null","null","null",2,2.678795,0.541973,-3.7111814,1.8611743,-1.7914251,-16731116
123,101,124,129,"null","null","null",4,14.373107,1.6001993,-3.0610588,3.120006,-0.3173849,-16731116
124,123,125,128,"null","null","null",3,13.782373,0.41361105,-3.7909265,2.3745227,-0.66423047,-16731116
125,124,126,127,"null","null","null",2,8.258823,0.54197276,-3.7111826,1.8611755,-1.7914224,-16731116
130,100,131,132,"null","null","null",2,14.653661,2.313444,-0.4390176,3.7626064,-0.7370704,-16731116
134,98,135,142,"null","null","null",6,19.161156,3.52864,-0.6366844,2.0426788,-2.3868947,-16731116
135,134,136,141,"null","null","null",4,12.803436,3.0229492,-0.6278822,3.300405,-1.3026892,-12486656
136,135,137,140,"null","null","null",3,12.099955,2.3134441,-1.0472454,3.7903366,-0.3719881,-16731116
137,136,138,139,"null","null","null",2,10.03958,1.6002007,-2.288036,3.511709,-0.590516,-12486656
142,134,143,144,"null","null","null",2,16.943165,1.2662215,-2.0763724,0.5624025,-3.8140683,-16731116
146,96,147,148,"","null","Turnstones",2,9.102136,1.44333,-2.0102336,0.52348524,-3.7908027,-16731116
