index,parent,child1,child2,name1,name2,common,richness,lengthbr,hxmax,hxmin,hymax,hymin,color
0,-268348403,1,46,"null","null","null",33,2.2918658,2.5519547,-1.1975012,3.5904326,-0.32388347,-16731116
1,0,2,31,"null","null","null",23,1.9769871,1.6207597,-2.653484,3.3791199,-0.5593003,-12486656
2,1,3,18,"null","null","null",15,1.945006,0.56175506,-3.4732916,2.7010102,-0.8217515,-12486656
3,2,4,11,"null","null","null",8,1.5427433,0.5042394,-3.455165,1.9576999,-2.3870127,-12486656
4,3,5,10,"null","null","null",4,1.3295807,0.65274847,-2.8342886,0.9791603,-3.4434772,-16731116
5,4,6,9,"null","null","null",3,0.7795667,1.6104681,-2.1905525,0.44105762,-3.6822896,-12486656
6,5,7,8,"null","null","null",2,0.58307725,2.7385106,-1.3026669,0.6278843,-3.2226853,-16731116
11,3,12,17,"null","null","null",4,1.4668622,1.8611609,-2.7339354,3.3444843,-0.44285905,-12486656
12,11,13,16,"null","null","null",3,1.3573388,0.754682,-3.6840634,2.6608143,-0.6619252,-12486656
13,12,14,15,"null","null","null",2,0.46846694,0.4839757,-3.8140645,2.0763595,-1.2662581,-16731116
18,2,19,28,"null","null","null",7,1.5867918,2.7051463,-1.0796769,3.5088613,-0.8210826,-12486656
19,18,20,27,"null","null","null",5,1.2617145,1.8611609,-2.5790503,3.3444843,-0.541976,-12486656
20,19,21,26,"null","null","null",4,0.87320006,0.754682,-3.4827127,2.6608143,-0.6619252,-12486656
21,20,22,25,"null","null","null",3,0.8099791,0.4839757,-3.5523086,2.0763595,-1.9703263,-16731116
22,21,23,24,"null","null","null",2,0.4144211,0.64591324,-2.985217,1.0891917,-3.0051842,-12486656
28,18,29,30,"null","null","null",2,0.7372233,3.719049,-0.76704955,0.42902464,-2.3408191,-12486656
31,1,32,45,"null","null","null",8,1.7815562,3.1200032,-0.31737715,2.8440998,-1.600183,-16731116
32,31,33,44,"null","null","null",7,1.604705,2.3745208,-1.1988193,3.5088613,-0.41359067,-12486656
33,32,34,39,"null","null","null",6,1.604705,1.7061892,-2.7339354,3.3444843,-0.541976,-12486656
34,33,35,38,"null","null","null",3,1.2957544,0.754682,-3.6840634,2.6608143,-0.6619252,-12486656
35,34,36,37,"null","null","null",2,0.51004386,0.4839757,-3.8140645,2.0763595,-1.2662581,-12486656
39,33,40,43,"null","null","null",3,1.3245258,3.1313138,-0.35959354,2.774634,-1.6917218,-12486656
40,39,41,42,"null","null","null",2,0.5803107,2.380709,-0.665,3.5245087,-0.5272737,-16731116
46,0,47,56,"null","null","null",10,2.0433025,3.4890325,-0.7370647,1.6419035,-2.4557185,-16731116
47,46,48,53,"null","null","null",5,1.7050004,3.1200032,-0.5905186,3.0610754,-1.5501263,-16731116
48,47,49,52,"null","null","null",3,0.8238418,2.3745208,-0.6642302,3.7909296,-0.41359067,-12486656
49,48,50,51,"null","null","null",2,0.668393,1.8611609,-1.7914538,3.711173,-0.541976,-11184866
53,47,54,55,"null","null","null",2,0.6317383,2.5945141,-1.4052734,0.28912988,-3.328401,-16731116
56,46,57,62,"null","null","null",5,2.0390067,1.8653038,-2.4606695,0.6717503,-3.5280142,-16731116
57,56,58,61,"null","null","null",3,1.7417192,3.1667507,-1.4052734,0.61676115,-3.0657094,-16731116
58,57,59,60,"null","null","null",2,1.1294186,3.719049,-0.34808195,0.6580914,-2.3408191,-16731116
62,56,63,64,"null","null","null",2,0.8698765,0.60017896,-3.8261662,2.136552,-1.0880324,-16731116
