index,parent,child1,child2,name1,name2,common,richness,lengthbr,hxmax,hxmin,hymax,hymin,color
0,-268435434,1,130,"null","null","null",1025,74.490074,3.4999065,-0.50423604,2.3613284,-1.9840672,-16731116
1,0,2,98,"null","null","null",674,71.450775,2.892456,-0.65274733,3.410106,-0.80621254,-16731116
2,1,3,53,"null","null","null",351,66.54263,2.266161,-1.9605291,3.6389241,-0.44105357,-16731116
3,2,4,44,"null","null","null",328,65.786224,1.1166892,-3.1936085,3.166318,-0.62788236,-16731116
4,3,5,-268423168,"null","null","null",323,63.83472,0.3719885,-3.6514993,2.499824,-1.5115343,-12486656
5,4,6,7,"null","null","null",177,62.693157,0.5905163,-3.3312192,1.5289078,-2.8916094,-16731116
6,5,-268432384,-268416000,"null","null","null",158,59.78437,1.0751499,-2.6490998,0.33634794,-3.5706406,-16731116
7,5,8,27,"CICONIIFORMES","null","Storks",19,29.43468,1.2890205,-2.9929948,3.2806306,-0.28912768,-16731116
8,7,9,22,"null","null","null",10,23.476477,0.34807852,-3.493181,2.620213,-1.325995,-12486656
9,8,10,17,"null","null","null",7,21.833416,0.57550013,-3.1863809,1.5297157,-2.7374728,-16731116
10,9,11,16,"null","null","null",4,20.05217,0.8165023,-2.452295,0.5272892,-3.4762144,-16731116
11,10,12,15,"null","null","null",3,13.048439,2.3110323,-1.938404,0.52359545,-3.3782644,-12486656
12,11,13,14,"null","null","null",2,3.312882,3.2399766,-0.8675265,0.6580921,-2.716219,-12486656
17,9,18,21,"null","null","null",3,9.790797,1.5045881,-3.044883,3.0981102,-0.275,-12486656
18,17,19,20,"null","null","null",2,4.1506367,0.32387993,-3.6646852,2.3612092,-0.6619247,-12486656
22,8,23,26,"null","null","null",3,19.719477,2.2791781,-1.2371211,3.76615,-0.70526135,-12486656
23,22,24,25,"null","null","null",2,8.625997,1.5045888,-2.444148,3.4248753,-0.60428786,-12486656
27,7,28,41,"null","null","null",9,22.44744,3.1107235,-0.3171607,3.165763,-1.0122108,-16731116
28,27,29,36,"null","null","null",7,22.136475,2.4621484,-1.7809172,3.514792,-0.3955164,-16731116
29,28,30,35,"null","null","null",4,11.132975,1.5045897,-3.1510837,3.0981104,-0.60428774,-16731116
30,29,31,34,"null","null","null",3,6.837877,0.32387957,-3.8027477,2.3612094,-0.66483784,-12486656
31,30,32,33,"null","null","null",2,1.4520166,0.55929744,-3.6551414,1.7788426,-1.9610354,-12486656
36,28,37,40,"null","null","null",3,19.963554,3.6823008,-0.6366836,1.6104331,-2.190562,-16731116
37,36,38,39,"null","null","null",2,15.453856,3.2227073,-0.6278824,2.7384832,-1.3026869,-16731116
41,27,42,43,"","null","Openbills",2,9.950308,3.1267948,-0.97918,0.34452868,-2.8544214,-16731116
44,3,45,52,"GAVIIFORMES","null","Loons or divers",5,45.33664,2.907014,-0.3309549,3.251421,-1.0892122,-16731116
45,44,46,51,"null","null","null",4,20.239452,2.238165,-1.8652778,3.5280128,-0.41856802,-16731116
46,45,47,50,"null","null","null",3,12.363854,1.4052893,-3.1667323,3.0657153,-0.6167593,-16731116
47,46,48,49,"null","null","null",2,4.709838,0.34807813,-3.7190413,2.340823,-0.65809214,-16731116
53,2,54,87,"MUSOPHAGIFORMES","null","Turacos",23,63.757442,3.5424206,-0.56240183,2.2575479,-2.0607538,-16731116
54,53,55,84,"null","null","null",17,49.93618,2.9723682,-0.6459119,3.378591,-0.87070066,-16731116
55,54,56,75,"null","null","null",15,40.866634,2.3231258,-1.7065685,3.6933336,-0.41856802,-16731116
56,55,57,68,"null","null","null",10,34.34696,1.2264682,-2.96041,3.280632,-0.6167593,-16731116
57,56,58,63,"null","null","null",6,20.828697,0.34807813,-3.4508224,2.6202145,-1.354562,-16731116
58,57,59,62,"null","null","null",3,13.235843,0.5754999,-3.1313155,1.6917357,-2.7746112,-16731116
59,58,60,61,"null","null","null",2,7.4063926,0.665,-2.3807101,0.5272909,-3.524496,-16731116
63,57,64,67,"null","null","null",3,15.925526,2.2791789,-1.237118,3.766151,-0.7052618,-16731116
64,63,65,66,"null","null","null",2,8.758926,1.5045903,-2.4441457,3.4248772,-0.6042876,-16731116
68,56,69,74,"null","null","null",4,29.184032,2.969978,-0.3171605,3.3591151,-1.1971898,-16731116
69,68,70,73,"null","null","null",3,15.68341,2.279179,-1.2371163,3.7661512,-0.39551604,-12486656
70,69,71,72,"null","null","null",2,10.237216,1.5045912,-2.444144,3.4248781,-0.6042875,-16731116
75,55,76,83,"null","null","null",5,29.776876,3.5166693,-0.6001848,2.164375,-2.136561,-16731116
76,75,77,82,"null","null","null",4,28.836372,2.9699788,-0.6376126,3.3591144,-1.1971906,-16731116
77,76,78,81,"null","null","null",3,24.194416,2.2791796,-1.2371151,3.7661512,-0.39551586,-16731116
78,77,79,80,"null","null","null",2,15.037486,1.5045918,-2.4441433,3.4248786,-0.60428745,-16731116
84,54,85,86,"null","null","null",2,21.849745,3.2399716,-0.9025996,0.3578277,-2.7162256,-16731116
87,53,88,97,"null","null","null",6,43.3084,2.4870381,-1.9384066,0.48358738,-3.405892,-16731116
88,87,89,94,"null","null","null",5,28.31271,3.4687877,-0.58311385,0.6580919,-2.7521353,-16731116
89,88,90,93,"","null","Go-away-birds",3,23.825186,3.6229672,-0.46288335,1.792403,-2.136561,-16731116
90,89,91,92,"null","null","null",2,13.268213,3.1081662,-0.6376126,2.875551,-1.1971906,-16731116
94,88,95,96,"","null","Plantain-eaters",2,14.085237,0.38339424,-2.4199004,0.86650753,-3.439216,-16731116
98,1,99,-268420096,"null","null","null",323,69.9464,3.496997,-0.88575864,0.662534,-2.7483454,-16731116
99,98,100,-268417024,"null","null","null",167,67.562546,3.5708935,-0.48397207,2.2440038,-2.0659308,-16731116
100,99,-268425216,101,"CUCULIFORMES","null","Cuckoos",142,67.561874,3.0093827,-0.6459119,3.3609834,-0.89574224,-16731116
101,100,102,123,"null","null","null",15,57.498573,3.4995842,-0.9025996,0.44186652,-2.7725692,-16731116
102,101,103,118,"null","null","null",11,50.10913,3.663003,-0.46288335,2.0156415,-2.1631248,-16731116
103,102,104,117,"","null","Ground-Cuckoos and Roadrunners",8,35.81192,3.1602125,-0.6376126,3.165761,-1.1971906,-16731116
104,103,105,114,"null","null","null",7,27.071522,2.5264835,-1.7809141,3.5147917,-0.39551586,-16731116
105,104,106,111,"null","null","null",5,13.775419,1.4209586,-3.1510818,3.0981112,-0.60428745,-16731116
106,105,107,110,"null","null","null",3,9.086523,0.323879,-3.8027477,2.3612099,-0.6648351,-16731116
107,106,108,109,"null","null","null",2,4.5340023,0.5592972,-3.6551423,1.7788439,-1.961033,-16731116
111,105,112,113,"null","null","null",2,7.9433694,3.2227097,-0.30319944,2.7384799,-1.3026892,-12486656
114,104,115,116,"","null","Roadrunners",2,13.326048,3.8270519,-0.6366844,0.90937686,-2.1905634,-16731116
118,102,119,122,"null","null","null",3,38.46317,2.143393,-2.0102336,0.52348524,-3.470651,-16731116
119,118,120,121,"null","null","null",2,14.547418,3.126792,-0.97918236,0.6527473,-2.8544245,-16731116
123,101,124,129,"null","null","null",4,33.249157,0.6343421,-2.5607553,0.86650753,-3.485192,-16731116
124,123,125,128,"","null","Anis",3,21.271976,2.143393,-2.0102336,0.5042357,-3.470651,-16731116
125,124,126,127,"null","null","null",2,12.667153,3.126792,-0.97918236,0.6527473,-2.8544245,-16731116
130,0,131,-268433408,"null","null","null",351,73.78248,2.5902886,-1.7067838,0.44286627,-3.4037802,-16731116
131,130,132,172,"null","null","null",326,68.338646,3.4973407,-0.5496035,0.66498744,-2.7379007,-16731116
132,131,133,167,"null","null","null",309,64.77382,3.57134,-0.48397207,2.2471933,-2.048477,-16731116
133,132,-268431360,134,"COLUMBIFORMES","null","Doves and pigeons",306,32.726788,3.0099635,-0.6459119,3.36513,-0.939591,-16731116
134,133,135,162,"","null","Ground doves",17,21.028494,3.38702,-0.9025996,0.5259898,-2.8712287,-16731116
135,134,136,161,"null","null","null",14,17.722925,3.5166693,-0.46288335,2.1250017,-2.136561,-16731116
136,135,137,154,"null","null","null",13,16.697449,2.9699788,-0.6376126,3.307929,-1.0032719,-16731116
137,136,138,153,"null","null","null",9,12.560055,2.2791796,-1.556853,3.6996102,-0.39551586,-16731116
138,137,139,148,"null","null","null",8,10.924637,1.3321762,-2.8598025,3.338375,-0.60428745,-16731116
139,138,140,145,"null","null","null",5,6.71502,0.323879,-3.4240847,2.6735528,-1.1773154,-16731116
140,139,141,144,"null","null","null",3,3.5760965,0.5592972,-3.1628804,1.7788439,-2.6272573,-16731116
141,140,142,143,"null","null","null",2,1.2301997,0.66423035,-2.4198992,0.64114,-3.4392164,-16731116
145,139,146,147,"null","null","null",2,2.306438,2.313444,-0.4390176,3.7626064,-0.7370704,-16731116
148,138,149,152,"null","null","null",3,5.7224917,3.0229492,-0.30319944,3.2790737,-1.3026892,-12486656
149,148,150,151,"null","null","null",2,2.2943134,2.3134441,-0.6527477,3.7626061,-0.3719881,-11184866
154,136,155,160,"null","null","null",4,11.531829,3.4434724,-0.97918236,0.34452838,-2.8343048,-16731116
155,154,156,159,"null","null","null",3,7.667777,3.682302,-0.44105315,1.6104288,-2.1905634,-16731116
156,155,157,158,"null","null","null",2,3.214205,3.2227097,-0.6278822,2.7384799,-1.3026892,-16731116
162,134,163,166,"null","null","null",3,9.658016,0.38339424,-2.5607553,0.86650753,-3.7314625,-12486656
163,162,164,165,"null","null","null",2,4.0206404,1.44333,-2.0102336,0.5042357,-3.7908027,-11184866
167,132,168,171,"MESITORNITHIFORMES","null","Mesites",3,16.034046,2.3110259,-1.9384066,0.48358738,-3.378269,-11184866
168,167,169,170,"null","null","null",2,4.886514,3.2399716,-0.86753124,0.6580919,-2.7162256,-11184866
172,131,173,204,"null","null","null",17,64.327385,0.97011274,-2.5136602,0.8449218,-3.506425,-16731116
173,172,174,201,"PTEROCLIDIFORMES","null","Sandgrouse",16,39.56694,2.510728,-2.018177,0.523595,-3.41754,-16731116
174,173,175,198,"null","null","null",14,34.47431,3.4995842,-0.58311385,0.6580919,-2.767278,-16731116
175,174,176,189,"null","null","null",12,28.294117,3.663003,-0.46288335,2.164375,-2.1562462,-16731116
176,175,177,184,"null","null","null",7,25.478905,3.1602125,-0.6376126,3.3591144,-1.0032719,-16731116
177,176,178,181,"null","null","null",4,18.254692,2.5264835,-1.2371151,3.7661512,-0.39551586,-16731116
178,177,179,180,"null","null","null",2,7.6101775,1.5045918,-2.4441433,3.4248786,-0.60428745,-16731116
181,177,182,183,"null","null","null",2,8.639786,3.8270519,-0.6366844,0.90937686,-2.1905634,-16731116
184,176,185,188,"null","null","null",3,12.123333,3.5548184,-0.97918236,0.34452838,-2.8343048,-16731116
185,184,186,187,"null","null","null",2,8.627186,3.8270519,-0.44105315,0.90937686,-2.1905634,-16731116
189,175,190,195,"null","null","null",5,22.095037,2.4726443,-2.1206918,0.52348524,-3.4551742,-16731116
190,189,191,194,"null","null","null",3,12.048737,3.5548184,-0.97918236,0.6527473,-2.8343048,-16731116
191,190,192,193,"null","null","null",2,7.618653,3.8270519,-0.44105315,0.90937686,-2.1905634,-16731116
195,189,196,197,"null","null","null",2,7.836698,0.44286698,-3.7111826,1.8611758,-1.7914215,-16731116
198,174,199,200,"null","null","null",2,7.6860995,0.38339424,-2.4199004,0.86650753,-3.439216,-16731116
201,173,202,203,"null","null","null",2,16.108912,0.4014834,-3.6551423,1.7788435,-1.9610333,-16731116
