index,parent,child1,child2,name1,name2,common,richness,lengthbr,hxmax,hxmin,hymax,hymin,color
0,-268311547,1,204,"","null","Pygmy-Tyrants, Flatbills and more",103,21.97663,3.6128294,-0.6366811,1.9605416,-2.1905582,-16731116
1,0,2,131,"null","null","null",102,18.896715,3.1323915,-0.6278832,3.1936164,-1.145724,-16731116
2,1,3,110,"null","null","null",65,18.010635,2.4557223,-1.5005829,3.6515002,-0.37199068,-16731116
3,2,4,105,"null","null","null",54,16.760305,1.4333808,-2.8773644,3.331215,-0.5905177,-16731116
4,3,5,68,"null","null","null",51,12.292726,0.3363399,-3.5521123,2.6490955,-1.1122098,-16731116
5,4,6,61,"null","null","null",32,9.141211,0.54197484,-3.4007156,1.7061949,-2.6213484,-16731116
6,5,7,44,"","null","Tody-tyrants, Pygmy Tyrants and more",28,8.889539,0.661925,-2.7339156,0.64476943,-3.5377076,-16731116
7,6,8,39,"null","null","null",19,8.889539,2.1597397,-2.0484648,0.483974,-3.6238089,-16731116
8,7,9,32,"null","null","null",16,8.582088,3.25143,-0.8866478,0.64591265,-3.0781698,-16731116
9,8,10,29,"null","null","null",12,8.582088,3.5280137,-0.41857052,1.828113,-2.4606724,-16731116
10,9,11,26,"null","null","null",10,5.6655126,3.0657108,-0.6167606,3.1184065,-1.2878692,-16731116
11,10,12,25,"null","null","null",8,4.3599453,2.3408198,-1.3260071,3.6562057,-0.34808096,-16731116
12,11,13,24,"null","null","null",7,2.9611826,1.6917254,-2.73748,3.3983064,-0.5755017,-16731116
13,12,14,21,"null","null","null",6,2.5483055,0.33848423,-3.476213,2.7277985,-0.8165206,-16731116
14,13,15,18,"null","null","null",4,2.076638,0.52359736,-3.3782544,2.0181627,-2.311049,-16731116
15,14,16,17,"null","null","null",2,0.99255085,0.65809256,-2.7162046,0.8675156,-3.2399876,-16731116
18,14,19,20,"null","null","null",2,0.787263,1.7788329,-1.9610553,3.6551342,-0.40147778,-16731116
21,13,22,23,"null","null","null",2,1.2684808,2.361207,-0.41842157,3.6646912,-0.79509366,-16731116
26,10,27,28,"null","null","null",2,0.18371266,2.8755672,-1.1971784,0.3171621,-3.108152,-16731116
29,9,30,31,"null","null","null",2,2.3734908,1.0880251,-2.1365547,0.6001805,-3.8261662,-12486656
32,8,33,38,"null","null","null",4,4.8093734,0.35782912,-2.7521262,0.9025978,-3.4687884,-16731116
33,32,34,37,"null","null","null",3,3.203935,1.7924242,-2.1365547,0.46288556,-3.6229591,-16731116
34,33,35,36,"null","null","null",2,2.2354677,2.8755672,-1.1971784,0.6376136,-3.108152,-16731116
39,7,40,43,"null","null","null",3,5.6392174,0.48358327,-3.3782585,1.9383984,-2.3110435,-12486656
40,39,41,42,"null","null","null",2,2.4883342,0.65809244,-2.7162104,0.8675197,-3.239983,-16731116
44,6,45,58,"null","null","null",9,7.051695,0.8449197,-3.4974663,2.7277992,-0.9519027,-16731116
45,44,46,53,"null","null","null",7,5.2196226,0.5235969,-3.405886,1.799379,-2.4870474,-16731116
46,45,47,52,"null","null","null",4,3.504128,0.65809244,-2.7521262,0.8675197,-3.4687884,-16731116
47,46,48,51,"null","null","null",3,1.6112634,1.7924242,-2.1365547,0.46288556,-3.6229591,-16731116
48,47,49,50,"null","null","null",2,1.3831564,2.8755672,-1.1971784,0.6376136,-3.108152,-16731116
53,45,54,57,"null","null","null",3,2.6482692,1.7788337,-2.6272755,3.162866,-0.40147883,-16731116
54,53,55,56,"null","null","null",2,1.6660209,0.64112616,-3.439227,2.4198804,-0.6642306,-16731116
58,44,59,60,"null","null","null",2,2.2829523,2.361208,-0.4184213,3.6646907,-0.79509425,-16731116
61,5,62,65,"null","null","null",4,5.8113627,1.674933,-2.7746265,3.1313148,-0.35959634,-16731116
62,61,63,64,"null","null","null",2,2.3642566,0.5272789,-3.524505,2.3807096,-0.665,-16731116
65,61,66,67,"null","null","null",2,2.188135,3.424866,-0.2750013,2.4441643,-1.5045784,-16731116
68,4,69,92,"null","null","null",19,8.21192,2.5084941,-1.3385813,3.592928,-0.76705146,-16731116
69,68,70,91,"null","null","null",12,7.626448,1.6917262,-2.7538273,3.3160458,-0.57550156,-16731116
70,69,71,84,"null","null","null",11,7.626448,0.33848524,-3.4974658,2.62086,-0.95190483,-16731116
71,70,72,79,"null","null","null",7,5.9637213,0.5235972,-3.4058843,1.799377,-2.4870493,-16731116
72,71,73,78,"null","null","null",4,4.5796533,0.6580925,-2.7521236,0.86751616,-3.468789,-16731116
73,72,74,77,"null","null","null",3,3.988034,1.7924293,-2.136553,0.46288618,-3.6229572,-16731116
74,73,75,76,"null","null","null",2,1.1806047,2.875571,-1.1971751,0.6376138,-3.108148,-16731116
79,71,80,83,"null","null","null",3,1.8171967,1.7788322,-2.627278,3.1628642,-0.4014782,-16731116
80,79,81,82,"null","null","null",2,0.3021618,0.64112437,-3.439229,2.419878,-0.6642306,-16731116
84,70,85,90,"null","null","null",4,3.8700614,2.3612077,-1.1773398,3.4240794,-0.7950939,-16731116
85,84,86,89,"null","null","null",3,2.830346,1.7788322,-2.627278,3.1628642,-0.55929947,-16731116
86,85,87,88,"null","null","null",2,1.2178799,0.64112437,-3.439229,2.419878,-0.6642306,-16731116
92,68,93,104,"null","null","null",7,4.942234,3.5147939,-0.70525837,1.6061873,-2.2791748,-16731116
93,92,94,103,"null","null","null",6,3.84442,3.0981073,-0.6042891,2.9239252,-1.5045784,-16731116
94,93,95,102,"null","null","null",5,3.4907174,2.3612077,-1.3502626,3.50743,-0.32388234,-16731116
95,94,96,101,"null","null","null",4,2.0666366,1.7788322,-2.852078,3.27122,-0.55929947,-16731116
96,95,97,100,"null","null","null",3,1.752178,0.64112437,-3.7314687,2.5607405,-0.6642306,-16731116
97,96,98,99,"null","null","null",2,1.752178,0.5042385,-3.790799,2.0102236,-1.4433553,-16731116
105,3,106,109,"null","null","null",3,11.277349,3.0657115,-0.28912896,3.1667447,-1.4052784,-16731116
106,105,107,108,"null","null","null",2,3.6527572,2.3408206,-0.65809166,3.7190466,-0.34808072,-12486656
110,2,111,130,"","null","Flatbills",11,16.41018,3.528014,-0.6717526,1.7531295,-2.2381606,-16731116
111,110,112,127,"null","null","null",10,12.756945,3.0657115,-0.61676055,3.020929,-1.2878697,-16731116
112,111,113,126,"null","null","null",8,9.503522,2.3408206,-1.3260055,3.5294862,-0.34808072,-16731116
113,112,114,123,"null","null","null",7,7.0824203,1.674933,-2.7374787,3.2335715,-0.57550156,-16731116
114,113,115,122,"null","null","null",5,4.485215,0.5272789,-3.4762127,2.5136433,-0.8165185,-16731116
115,114,116,119,"null","null","null",4,3.5498903,0.5235972,-3.3782551,2.0181632,-2.311047,-16731116
116,115,117,118,"null","null","null",2,1.8714826,0.6580925,-2.7162058,0.86751616,-3.2399864,-16731116
119,115,120,121,"null","null","null",2,0.9611184,1.7788322,-1.961056,3.6551337,-0.4014782,-16731116
123,113,124,125,"null","null","null",2,1.9689077,3.424866,-0.2750013,2.4441643,-1.5045784,-16731116
127,111,128,129,"null","null","null",2,2.765282,2.8755677,-1.1971774,0.31716195,-3.108151,-16731116
131,1,132,195,"null","null","null",37,17.594345,3.3785963,-0.92879295,0.33095616,-2.9723587,-16731116
132,131,133,178,"null","null","null",32,16.978714,3.693331,-0.41857028,1.7531295,-2.3231177,-16731116
133,132,134,163,"null","null","null",23,11.108033,3.2806237,-0.61676055,3.020929,-1.2264566,-16731116
134,133,135,156,"null","null","null",15,8.750725,2.6202066,-1.3385813,3.5294862,-0.34808072,-12486656
135,134,136,147,"null","null","null",11,7.893908,1.6364899,-2.7538273,3.2335715,-0.57550156,-12486656
136,135,137,146,"null","null","null",6,7.2069235,0.5272789,-3.4974658,2.5136433,-1.0443985,-12486656
137,136,138,143,"null","null","null",5,6.0281954,0.5235972,-3.4058843,2.0181632,-2.6072912,-12486656
138,137,139,142,"null","null","null",3,2.8562613,0.6580925,-2.7521236,0.86751616,-3.6251037,-12486656
139,138,140,141,"null","null","null",2,0.9692267,1.0880305,-2.136553,0.46288618,-3.8261662,-12486656
143,137,144,145,"null","null","null",2,0.9765029,1.7788322,-1.961056,3.6551337,-0.4014782,-11184866
147,135,148,155,"null","null","null",5,5.9607778,3.3383691,-0.2750013,3.1510932,-1.5045784,-16731116
148,147,149,152,"null","null","null",4,4.822196,2.673548,-0.66486126,3.8027484,-0.32388234,-16731116
149,148,150,151,"null","null","null",2,1.2922891,1.7788322,-1.961056,3.6551337,-0.55929947,-16731116
152,148,153,154,"null","null","null",2,2.3277223,3.7626119,-0.73706615,0.43901896,-2.3134396,-16731116
156,134,157,160,"null","null","null",4,6.7300477,3.7661467,-0.70525837,1.2371405,-2.5264754,-16731116
157,156,158,159,"null","null","null",2,2.4973848,3.424866,-0.6042891,2.4441643,-1.5045784,-16731116
160,156,161,162,"null","null","null",2,2.7699275,0.90940213,-2.1905565,0.63667977,-3.8270524,-16731116
163,133,164,177,"null","null","null",8,7.2313313,3.165772,-1.1971774,0.31716195,-2.9699717,-16731116
164,163,165,176,"null","null","null",7,4.155449,3.5147939,-0.3955187,1.5568676,-2.2791748,-16731116
165,164,166,173,"null","null","null",6,2.7410192,3.0981073,-0.6042891,2.8598094,-1.4209398,-16731116
166,165,167,172,"null","null","null",4,1.5624577,2.3612077,-1.1773398,3.4240794,-0.32388234,-16731116
167,166,168,171,"null","null","null",3,1.5624577,1.7788322,-2.627278,3.1628642,-0.55929947,-16731116
168,167,169,170,"null","null","null",2,1.3178926,0.64112437,-3.439229,2.419878,-0.6642306,-16731116
173,165,174,175,"null","null","null",2,0.07775399,2.7385008,-1.3026739,0.30320135,-3.222693,-12486656
178,132,179,188,"null","null","null",9,15.885488,2.1643882,-2.1562352,0.60018086,-3.516667,-16731116
179,178,180,185,"null","null","null",5,5.7755136,3.3591201,-1.0121963,0.63761365,-2.9699717,-16731116
180,179,181,184,"null","null","null",3,1.8054447,3.7661467,-0.3955187,1.2371405,-2.2791748,-16731116
181,180,182,183,"null","null","null",2,1.3818618,3.424866,-0.6042891,2.4441643,-1.5045784,-16731116
185,179,186,187,"null","null","null",2,2.4122066,0.34453002,-2.8544066,0.9791679,-3.1268075,-16731116
188,178,189,194,"null","null","null",4,9.376161,0.5234808,-3.455168,2.0102253,-2.4726615,-16731116
189,188,190,193,"null","null","null",3,3.840286,0.652748,-2.8342943,0.9791679,-3.5548282,-16731116
190,189,191,192,"null","null","null",2,2.4862463,0.90940213,-2.1905565,0.441056,-3.8270524,-16731116
195,131,196,201,"null","null","null",5,13.917648,0.357829,-2.7521257,0.902598,-3.4687881,-16731116
196,195,197,200,"null","null","null",3,6.2031226,1.7924247,-2.1365545,0.46288565,-3.6229587,-16731116
197,196,198,199,"null","null","null",2,2.7990007,2.8755677,-1.1971774,0.63761365,-3.108151,-16731116
201,195,202,203,"","null","Antpipits",2,5.185262,0.8665054,-3.4392266,2.4198818,-0.38339558,-16731116
