index,parent,child1,child2,name1,name2,common,richness,lengthbr,hxmax,hxmin,hymax,hymin,color
0,-268311545,1,116,"null","null","null",295,16.392855,0.5592989,-3.2440526,1.7242532,-2.6721203,-16731116
1,0,2,115,"null","null","null",199,15.245147,0.7901225,-2.525423,0.6411284,-3.4975276,-16731116
2,1,3,104,"null","null","null",198,14.3757105,2.3459005,-1.9643087,0.5042378,-3.4866786,-16731116
3,2,4,102,"null","null","null",127,13.623723,3.3900402,-0.76730543,0.6527479,-2.875258,-16731116
4,3,5,-268308480,"null","null","null",98,12.845412,3.612829,-0.4410558,1.9801707,-2.2438087,-16731116
5,4,6,75,"null","null","null",49,9.761518,3.1323895,-0.6278835,3.219132,-1.1166763,-16731116
6,5,7,48,"null","null","null",35,9.219048,2.455721,-1.4972792,3.684668,-0.37199128,-16731116
7,6,8,45,"","null","Monjitas, Bush-Tyrants and more",21,7.472016,1.5501313,-2.8730674,3.374332,-0.59051806,-16731116
8,7,9,42,"null","null","null",19,6.68384,0.2994908,-3.5465236,2.7051475,-1.052285,-16731116
9,8,10,31,"null","null","null",17,5.791248,0.54197526,-3.3934484,1.7306626,-2.5434442,-16731116
10,9,11,22,"null","null","null",11,5.044489,0.7291362,-2.7244682,0.5495856,-3.436429,-16731116
11,10,12,17,"null","null","null",6,4.4528546,2.3305783,-2.0484598,0.48397484,-3.4921432,-16731116
12,11,13,16,"null","null","null",3,4.065333,3.4735157,-1.0891962,0.64591295,-2.9070032,-16731116
13,12,14,15,"null","null","null",2,2.9612865,3.8167214,-0.4185714,0.7310779,-2.2381577,-16731116
17,11,18,21,"null","null","null",3,3.2666612,0.4835816,-3.3782544,1.9383965,-2.311049,-16731116
18,17,19,20,"null","null","null",2,1.6106464,0.65809256,-2.7162046,0.8675156,-3.2399876,-16731116
22,10,23,30,"","null","Shrike-Tyrants",5,3.7887678,0.84491885,-3.476213,2.5136423,-0.8165206,-16731116
23,22,24,27,"null","null","null",4,2.2965472,0.52359736,-3.3782544,2.0181627,-2.311049,-16731116
24,23,25,26,"null","null","null",2,0.75971955,0.65809256,-2.7162046,0.8675156,-3.2399876,-16731116
27,23,28,29,"null","null","null",2,1.0460656,1.7788329,-1.9610553,3.6551342,-0.40147778,-12486656
31,9,32,39,"null","null","null",6,5.2192903,1.6749322,-2.73748,3.1863718,-0.35959524,-16731116
32,31,33,38,"null","null","null",4,3.304378,0.5272785,-3.476213,2.4522836,-0.8165206,-16731116
33,32,34,37,"null","null","null",3,2.5693843,0.52359736,-3.3782544,1.9383965,-2.311049,-16731116
34,33,35,36,"null","null","null",2,0.76786864,0.65809256,-2.7162046,0.8675156,-3.2399876,-16731116
39,31,40,41,"null","null","null",2,2.0369203,3.4248662,-0.27500144,2.4441638,-1.5045791,-12486656
42,8,43,44,"null","null","null",2,1.9334981,2.3408198,-0.42902422,3.719047,-0.76705074,-16731116
45,7,46,47,"null","null","null",2,3.1472712,3.328405,-0.28912932,2.5945082,-1.4052775,-16731116
48,6,49,72,"","null","Ground-Tyrants",14,8.542875,3.5280137,-0.67175174,1.7531306,-2.4606724,-16731116
49,48,50,71,"null","null","null",12,7.780684,3.0657108,-0.6167606,3.0209296,-1.4052775,-16731116
50,49,51,70,"null","null","null",11,6.3981867,2.3408198,-1.3260071,3.5294857,-0.34808096,-16731116
51,50,52,61,"null","null","null",10,1.5829049,1.636489,-2.73748,3.2335706,-0.5755017,-16731116
52,51,53,60,"null","null","null",5,0.9668176,0.5272785,-3.476213,2.5136423,-0.8165206,-16731116
53,52,54,57,"null","null","null",4,0.7592845,0.52359736,-3.3782544,2.0181627,-2.311049,-16731116
54,53,55,56,"null","null","null",2,0.38325897,0.65809256,-2.7162046,0.8675156,-3.2399876,-16731116
57,53,58,59,"null","null","null",2,0.50906837,1.7788329,-1.9610553,3.6551342,-0.40147778,-16731116
61,51,62,69,"null","null","null",5,0.7441035,3.3383691,-0.27500144,3.151093,-1.5045791,-16731116
62,61,63,66,"null","null","null",4,0.5612959,2.6735477,-0.66486037,3.8027484,-0.32388222,-16731116
63,62,64,65,"null","null","null",2,0.323645,1.7788329,-1.9610553,3.6551342,-0.55929935,-16731116
66,62,67,68,"null","null","null",2,0.3124312,3.7626112,-0.7370663,0.43901888,-2.3134398,-16731116
72,48,73,74,"null","null","null",2,2.3720798,1.0880251,-2.1365547,0.6001805,-3.8261662,-16731116
75,5,76,99,"null","null","null",14,8.480444,3.3785968,-0.9287927,0.33095652,-2.9070063,-16731116
76,75,77,98,"null","null","null",12,7.520253,3.6933308,-0.41857052,1.828113,-2.2381597,-16731116
77,76,78,95,"null","null","null",11,6.8077435,3.280623,-0.6167606,3.1184065,-1.2878692,-16731116
78,77,79,90,"","null","Black-Tyrants",9,3.5321476,2.6202059,-1.3260071,3.6562057,-0.34808096,-16731116
79,78,80,89,"null","null","null",6,2.6193898,1.6917254,-2.73748,3.3983064,-0.5755017,-16731116
80,79,81,86,"null","null","null",5,2.6193898,0.33848423,-3.476213,2.7277985,-0.8165206,-16731116
81,80,82,85,"null","null","null",3,2.0104082,0.52359736,-3.3782544,1.9383965,-2.311049,-16731116
82,81,83,84,"null","null","null",2,1.2274015,0.65809256,-2.7162046,0.8675156,-3.2399876,-16731116
86,80,87,88,"null","null","null",2,2.1234653,2.361207,-0.41842157,3.6646912,-0.79509366,-16731116
90,78,91,94,"null","null","null",3,2.5241358,3.7661467,-0.705258,1.2371399,-2.2791743,-16731116
91,90,92,93,"null","null","null",2,1.5987902,3.4248662,-0.60428905,2.4441638,-1.5045791,-16731116
95,77,96,97,"null","null","null",2,2.299079,2.8755672,-1.1971784,0.3171621,-3.108152,-16731116
99,75,100,101,"","null","Negritos",2,1.4468818,0.35782912,-2.7162104,0.9025978,-3.239983,-16731116
102,3,-268307456,103,"null","null","null",29,12.616288,0.6729665,-2.6608222,0.88575673,-3.4965994,-16731116
104,2,105,108,"null","null","null",71,12.330537,0.4428624,-3.3593402,1.730665,-2.6213484,-16731116
105,104,106,107,"null","null","null",67,11.49091,0.661925,-2.6801276,0.75469065,-3.5377076,-16731116
106,105,-268304384,-268303360,"null","null","null",66,11.283378,2.2184467,-2.101462,0.483974,-3.6238089,-16731116
108,104,109,114,"null","null","null",4,9.789601,1.6917262,-2.9612668,3.1863725,-0.35959634,-16731116
109,108,110,113,"null","null","null",3,7.7568054,0.5272789,-3.767137,2.4522848,-0.665,-16731116
110,109,111,112,"null","null","null",2,4.1608076,0.5235972,-3.7564566,1.9383972,-1.6186507,-16731116
116,0,117,173,"","null","Tyrannulets, Elaenias and more",96,14.892584,1.4333808,-2.882834,3.3528485,-0.3173806,-16731116
117,116,118,-268306432,"null","null","null",56,13.686253,0.39173108,-3.5592227,2.677219,-1.0751622,-16731116
118,117,119,164,"","null","Tyrannulets, Tit-Tyrants, Doraditos and more",28,12.391712,0.54197484,-3.409959,1.730665,-2.5731864,-16731116
119,118,120,161,"null","null","null",23,10.76417,0.661925,-2.745932,0.49050736,-3.475097,-16731116
120,119,121,160,"null","null","null",21,9.502857,2.1597397,-2.076365,0.483974,-3.5424151,-16731116
121,120,122,143,"null","null","null",20,8.059319,3.25143,-0.8957275,0.64591265,-2.9723577,-16731116
122,121,123,134,"null","null","null",11,7.549838,3.5280137,-0.41857052,1.706587,-2.3231168,-16731116
123,122,124,131,"null","null","null",6,5.514785,3.0657108,-0.6167606,2.960423,-1.2878692,-16731116
124,123,125,130,"","null","Doraditos",4,3.1984727,2.3408198,-1.3545825,3.4508271,-0.34808096,-16731116
125,124,126,129,"null","null","null",3,1.9644015,1.6917254,-2.7746282,3.1313143,-0.5755017,-16731116
126,125,127,128,"null","null","null",2,0.9539233,0.5272785,-3.5245056,2.3807092,-0.665,-16731116
131,123,132,133,"null","null","null",2,0.55942386,2.8755672,-1.1971784,0.3171621,-3.108152,-16731116
134,122,135,140,"null","null","null",5,5.913801,2.1815863,-2.3054051,0.6001805,-3.5166664,-16731116
135,134,136,139,"null","null","null",3,1.342721,3.3814778,-1.1971784,0.6376136,-2.9699712,-16731116
136,135,137,138,"null","null","null",2,0.8549516,3.7952118,-0.3955186,0.6459114,-2.2791743,-16731116
140,134,141,142,"null","null","null",2,1.8460656,0.52348095,-3.7907996,2.0102258,-1.4433501,-12486656
143,121,144,159,"null","null","null",9,7.0026016,0.5562911,-2.7725554,0.9025978,-3.4995885,-16731116
144,143,145,154,"","null","Tit-tyrants",8,4.7962646,2.1643877,-2.1631126,0.46288556,-3.6629992,-16731116
145,144,146,153,"null","null","null",5,4.037173,3.35912,-1.1971784,0.6376136,-3.1602035,-16731116
146,145,147,150,"null","null","null",4,3.1240945,3.7661467,-0.3955186,1.2371399,-2.526476,-12486656
147,146,148,149,"null","null","null",2,2.4262865,3.4248662,-0.60428905,2.4441638,-1.5045791,-12486656
150,146,151,152,"null","null","null",2,1.1049886,0.9093985,-2.1905575,0.6366799,-3.827052,-16731116
154,144,155,158,"null","null","null",3,1.8322222,0.52348095,-3.4706411,2.0102258,-2.1434124,-16731116
155,154,156,157,"null","null","null",2,0.6013136,0.652748,-2.8544092,0.97917,-3.1268048,-16731116
161,119,162,163,"null","null","null",2,3.9393167,0.8449197,-3.5245035,2.3807096,-0.39556193,-16731116
164,118,165,170,"null","null","null",5,9.219013,1.674933,-2.9612668,3.1863725,-0.35959634,-16731116
165,164,166,169,"null","null","null",3,8.285294,0.5272789,-3.767137,2.4522848,-0.665,-16731116
166,165,167,168,"null","null","null",2,2.7777557,0.5235972,-3.7564566,1.9383972,-1.6186507,-16731116
170,164,171,172,"null","null","null",2,2.9760134,3.424866,-0.2750013,2.4441643,-1.5045784,-16731116
173,116,-268305408,174,"","null","Tyrannulets, Pygmy Tyrants and Wagtail-Tyrant",40,13.804056,3.0657115,-0.28912896,3.0865922,-1.2890081,-16731116
174,173,175,192,"null","null","null",11,12.334026,3.3079388,-1.0121963,0.31716195,-3.1107125,-16731116
175,174,176,187,"null","null","null",9,11.442549,3.6996107,-0.3955187,1.7809322,-2.4621382,-16731116
176,175,177,184,"null","null","null",6,9.741345,3.3383691,-0.6042891,3.1510932,-1.4209398,-16731116
177,176,178,181,"null","null","null",4,7.7574377,2.673548,-0.66486126,3.8027484,-0.32388234,-16731116
178,177,179,180,"null","null","null",2,3.7407744,1.7788322,-1.961056,3.6551337,-0.55929947,-16731116
181,177,182,183,"null","null","null",2,4.5196705,3.7626119,-0.73706615,0.43901896,-2.3134396,-16731116
184,176,185,186,"null","null","null",2,3.3685145,2.7385008,-1.3026739,0.30320135,-3.222693,-16731116
187,175,188,191,"null","null","null",3,5.7798257,1.6104554,-2.1905565,0.63667977,-3.6822934,-16731116
188,187,189,190,"null","null","null",2,2.323969,2.7385008,-1.3026739,0.62788355,-3.222693,-16731116
192,174,193,194,"null","null","null",2,4.8791404,0.34453002,-2.8544066,0.9791679,-3.1268075,-16731116
