index,parent,child1,child2,name1,name2,common,richness,lengthbr,hxmax,hxmin,hymax,hymin,color
0,-268253080,1,36,"null","null","null",28,14.272558,2.3458955,-1.986809,0.50423694,-3.571341,-16731116
1,0,2,31,"null","null","null",18,10.464935,3.3900375,-0.7673098,0.6527477,-2.98532,-16731116
2,1,3,28,"null","null","null",15,8.483222,3.6128297,-0.4410549,1.9801649,-2.3868876,-16731116
3,2,4,23,"null","null","null",13,6.550024,3.1323924,-0.6278831,3.2191281,-1.1166805,-16731116
4,3,5,16,"null","null","null",10,6.233656,2.4557233,-1.641892,3.684667,-0.37199032,-16731116
5,4,6,13,"null","null","null",6,3.8244352,1.550136,-3.0610676,3.3743331,-0.59051746,-16731116
6,5,7,10,"null","null","null",4,2.913066,0.29948983,-3.7909281,2.7051487,-0.66423035,-16731116
7,6,8,9,"null","null","null",2,1.3177544,0.54197454,-3.711177,1.8611674,-1.7914399,-16731116
10,6,11,12,"null","null","null",2,1.2343886,2.340821,-0.4290238,3.7190456,-0.76705194,-16731116
13,5,14,15,"null","null","null",2,1.5357479,3.3284078,-0.28912875,2.5945044,-1.40528,-12486656
16,4,17,22,"null","null","null",4,3.8287842,3.5280137,-0.6717531,1.8652927,-2.238161,-16731116
17,16,18,21,"null","null","null",3,3.8287842,3.0657122,-0.6167604,3.1667428,-1.40528,-16731116
18,17,19,20,"null","null","null",2,1.859556,2.340821,-0.6580918,3.7190456,-0.34808034,-16731116
23,3,24,27,"null","null","null",3,3.7821217,3.4735103,-1.0892029,0.33095595,-2.9070082,-16731116
24,23,25,26,"null","null","null",2,1.9297582,3.8167205,-0.41856992,0.731066,-2.238161,-16731116
28,2,29,30,"null","null","null",2,2.1803777,1.2662389,-2.0763667,0.56239915,-3.8140662,-16731116
31,1,32,35,"null","null","null",3,4.3137875,0.3708009,-2.6608248,0.88575745,-3.6840575,-16731116
32,31,33,34,"null","null","null",2,1.8089492,1.2662389,-2.0763667,0.4839735,-3.8140662,-16731116
36,0,37,54,"","null","Tinkerbirds",10,11.422261,0.44286406,-3.4099588,1.8611695,-2.6213443,-16731116
37,36,38,51,"null","null","null",9,8.8253975,0.6619249,-2.745932,0.49050927,-3.5377066,-16731116
38,37,39,50,"null","null","null",7,6.899125,2.1597364,-2.0763667,0.4839735,-3.62381,-16731116
39,38,40,49,"null","null","null",6,6.34446,3.2514281,-1.0892029,0.6459124,-3.0781722,-16731116
40,39,41,46,"null","null","null",5,4.6809225,3.5280137,-0.41856992,1.8652927,-2.4606743,-16731116
41,40,42,45,"null","null","null",3,3.5758352,3.0657122,-0.6167604,3.1667428,-1.40528,-16731116
42,41,43,44,"null","null","null",2,1.4667181,2.340821,-0.6580918,3.7190456,-0.34808034,-16731116
46,40,47,48,"null","null","null",2,1.6434686,1.0880233,-2.1365554,0.6001814,-3.8261666,-16731116
51,37,52,53,"null","null","null",2,3.2162228,0.8449203,-3.5245016,2.3807096,-0.39556164,-16731116
