index,parent,child1,child2,name1,name2,common,richness,lengthbr,hxmax,hxmin,hymax,hymin,color
0,-268284899,1,46,"null","null","null",35,16.391674,0.57550013,-3.4455087,1.6407125,-2.7557993,-16731116
1,0,2,39,"null","null","null",23,12.750089,0.9035112,-2.7891612,0.47731072,-3.500039,-16731116
2,1,3,28,"null","null","null",19,12.155392,2.424144,-1.8765936,0.52359545,-3.4092364,-16731116
3,2,4,17,"null","null","null",13,11.0394,3.3870218,-0.7260048,0.6580921,-2.7564828,-16731116
4,3,5,16,"null","null","null",7,5.280944,3.516668,-0.46288425,2.0156493,-2.136558,-16731116
5,4,6,13,"null","null","null",6,4.462685,2.9699755,-0.637613,3.1657662,-1.0122055,-16731116
6,5,7,12,"null","null","null",4,2.7699244,2.2791774,-1.6992304,3.514793,-0.39551717,-16731116
7,6,8,11,"null","null","null",3,2.1659539,1.5045848,-3.0448873,3.0981092,-0.6042883,-16731116
8,7,9,10,"null","null","null",2,0.21332061,0.32388073,-3.6646876,2.361209,-0.6619246,-16731116
13,5,14,15,"null","null","null",2,1.7171086,3.1267998,-0.979175,0.34452912,-2.8544154,-16731116
17,3,18,25,"null","null","null",6,9.31506,0.8876209,-2.7414122,0.8665067,-3.4732876,-16731116
18,17,19,24,"GALLUS","null","Junglefowl",4,2.9389884,2.4726522,-2.01023,0.50423664,-3.455171,-16731116
19,18,20,23,"null","null","null",3,2.2197387,3.5548232,-0.979175,0.6527476,-2.8342993,-16731116
20,19,21,22,"null","null","null",2,1.2180432,3.827052,-0.44105458,0.90939033,-2.1905596,-16731116
25,17,26,27,"BAMBUSICOLA","null","Bamboo-Partridges",2,5.2753677,0.82108605,-3.5997536,2.3745222,-0.4072519,-16731116
28,2,29,38,"null","null","null",6,10.328424,0.401482,-3.3365858,1.7788401,-2.6626258,-16731116
29,28,30,37,"null","null","null",5,9.956487,0.66423047,-2.6457162,0.6411348,-3.4851904,-16731116
30,29,31,34,"null","null","null",4,8.255497,2.1434035,-2.120686,0.50423664,-3.470645,-16731116
31,30,32,33,"null","null","null",2,3.3796282,3.1267998,-0.979175,0.6527476,-2.8544154,-16731116
34,30,35,36,"null","null","null",2,3.482678,0.44286472,-3.7111793,1.8611706,-1.7914329,-12486656
39,1,40,43,"null","null","null",4,10.198933,0.7950963,-3.802748,2.673551,-0.6648438,-16731116
40,39,41,42,"null","null","null",2,3.1297224,0.5592979,-3.6551394,1.7788401,-1.9610406,-16731116
43,39,44,45,"null","null","null",2,3.2108169,2.3134425,-0.43901807,3.762608,-0.737069,-16731116
46,0,47,68,"null","null","null",12,9.627422,1.5045881,-3.0061488,3.3478532,-0.275,-12486656
47,46,48,63,"null","null","null",11,7.959092,0.32387993,-3.6143308,2.6858752,-1.1974791,-12486656
48,47,49,62,"POLYPLECTRON","null","Peacock-Pheasants",8,5.3424063,0.5592977,-3.4101982,1.7788414,-2.6534677,-12486656
49,48,50,59,"null","null","null",7,4.224877,0.8217312,-2.7414122,0.41482198,-3.4732869,-12486656
50,49,51,58,"null","null","null",5,2.1886117,2.3869965,-2.010231,0.50423634,-3.4551716,-12486656
51,50,52,57,"null","null","null",4,1.7834994,3.4434724,-0.9791769,0.6527475,-2.8343005,-16731116
52,51,53,56,"null","null","null",3,1.3104901,3.6822977,-0.44105422,1.6104403,-2.1905606,-16731116
53,52,54,55,"null","null","null",2,0.72968787,3.222702,-0.6278828,2.7384892,-1.3026825,-16731116
59,49,60,61,"null","null","null",2,2.2559648,0.8210864,-3.5997522,2.3745222,-0.40725175,-11184866
63,47,64,67,"null","null","null",3,4.6270494,2.313443,-1.047253,3.7903354,-0.7370695,-16731116
64,63,65,66,"null","null","null",2,2.063565,1.6001972,-2.2880425,3.5117052,-0.59051657,-16731116
