index,parent,child1,child2,name1,name2,common,richness,lengthbr,hxmax,hxmin,hymax,hymin,color
0,-268270586,1,70,"","null","Puffbirds and Jacamars",53,42.09056,0.35959953,-3.344545,1.5297141,-2.7631195,-16731116
1,0,2,45,"Bucconidae","null","Puffbirds",35,36.56221,0.97011894,-2.6579087,0.48278624,-3.5095537,-16731116
2,1,3,32,"null","null","null",22,30.141678,2.5107331,-1.9093091,0.52359575,-3.4216042,-16731116
3,2,4,21,"null","null","null",15,25.558367,3.499586,-0.72600365,0.65809214,-2.7725606,-16731116
4,3,5,16,"null","null","null",9,20.163767,3.6630003,-0.46288455,2.0156515,-2.163117,-16731116
5,4,6,15,"null","null","null",6,15.183466,3.1602068,-0.6376132,3.1657674,-1.1971827,-16731116
6,5,7,12,"null","null","null",5,11.309514,2.5264788,-1.699233,3.514793,-0.39551753,-16731116
7,6,8,11,"null","null","null",3,6.9136014,1.5045831,-3.0448892,3.0981088,-0.60428846,-16731116
8,7,9,10,"null","null","null",2,4.2184286,0.32388112,-3.6646886,2.3612084,-0.6619246,-16731116
12,6,13,14,"null","null","null",2,4.0539923,3.827052,-0.63668156,0.90939295,-2.1905591,-16731116
16,4,17,20,"null","null","null",3,11.895499,2.1434062,-2.0102289,0.5234828,-3.4706433,-16731116
17,16,18,19,"null","null","null",2,6.4551563,3.1268015,-0.9791734,0.6527477,-2.854413,-16731116
21,3,22,29,"","null","Nunlets",6,15.30579,0.63435555,-2.7414122,0.86650646,-3.4851902,-16731116
22,21,23,26,"null","null","null",4,9.526865,2.1434062,-2.1206844,0.50423694,-3.4706433,-16731116
23,22,24,25,"null","null","null",2,4.1221294,3.1268015,-0.9791734,0.6527477,-2.854413,-16731116
26,22,27,28,"null","null","null",2,4.381557,0.44286406,-3.7111783,1.8611695,-1.7914354,-16731116
29,21,30,31,"null","null","null",2,4.117603,0.8210856,-3.5997543,2.374522,-0.40725207,-16731116
32,2,33,44,"null","null","null",7,21.947834,0.4014814,-3.4101982,1.7788389,-2.6626267,-16731116
33,32,34,41,"null","null","null",6,15.860393,0.66423047,-2.7414122,0.41481966,-3.4851902,-16731116
34,33,35,38,"null","null","null",4,11.171786,2.1434062,-2.1206844,0.50423694,-3.4706433,-16731116
35,34,36,37,"null","null","null",2,5.069946,3.1268015,-0.9791734,0.6527477,-2.854413,-16731116
38,34,39,40,"null","null","null",2,5.257266,0.44286406,-3.7111783,1.8611695,-1.7914354,-16731116
41,33,42,43,"null","null","null",2,5.259805,0.8210856,-3.5997543,2.374522,-0.40725207,-16731116
45,1,46,63,"null","null","null",13,29.539347,0.7950959,-3.5074308,2.6858733,-1.1974833,-16731116
46,45,47,56,"null","null","null",9,24.352959,0.5592982,-3.2712262,1.6207705,-2.653471,-16731116
47,46,48,55,"null","null","null",5,14.794139,0.88762355,-2.5607486,0.6411331,-3.4732878,-16731116
48,47,49,54,"null","null","null",4,11.629301,2.4726546,-2.0102289,0.50423694,-3.4551704,-16731116
49,48,50,53,"null","null","null",3,7.0962176,3.5548244,-0.9791734,0.6527477,-2.8342981,-16731116
50,49,51,52,"null","null","null",2,4.047839,3.827052,-0.4410549,0.90939295,-2.1905591,-16731116
56,46,57,60,"null","null","null",4,16.198343,1.5501409,-2.9140077,3.1200051,-0.31738234,-16731116
57,56,58,59,"null","null","null",2,7.797568,0.4136042,-3.5997536,2.3745222,-0.66423035,-16731116
60,56,61,62,"null","null","null",2,6.1846538,3.3284128,-0.28912827,2.5944982,-1.4052842,-16731116
63,45,64,67,"","null","Nunbirds",4,12.534822,2.5840392,-1.0472589,3.7903347,-0.73706853,-16731116
64,63,65,66,"null","null","null",2,4.1904435,1.6001945,-2.2880476,3.5117025,-0.590517,-16731116
67,63,68,69,"null","null","null",2,4.100889,3.81672,-0.67175424,0.73105806,-2.2381628,-16731116
70,0,71,96,"Galbulidae","null","Jacamars",18,33.710144,1.4246826,-2.9625928,3.0981097,-0.2750002,-16731116
71,70,72,95,"null","null","null",13,25.411137,0.3238803,-3.5577066,2.361209,-1.2503585,-16731116
72,71,73,92,"null","null","null",12,20.530748,0.5592979,-3.3365858,1.79486,-2.7222097,-16731116
73,72,74,91,"null","null","null",10,15.950289,0.7517934,-2.6457162,0.6411348,-3.5626497,-16731116
74,73,75,88,"null","null","null",9,12.376995,2.2960765,-2.120686,0.50423664,-3.571342,-16731116
75,74,76,85,"null","null","null",7,11.084525,3.325275,-0.7274705,0.6527476,-2.9853218,-16731116
76,75,77,82,"null","null","null",5,8.021305,3.5286393,-0.44105458,2.0262823,-2.3868887,-16731116
77,76,78,81,"null","null","null",3,4.9658055,3.0229454,-0.62788296,3.2790823,-1.3026809,-16731116
78,77,79,80,"null","null","null",2,2.6918004,2.3134418,-0.6527472,3.7626092,-0.37198997,-12486656
82,76,83,84,"null","null","null",2,4.1394277,1.2662363,-2.0763676,0.56239974,-3.8140664,-16731116
85,75,86,87,"null","null","null",2,4.056522,0.37080073,-2.5711837,0.8857578,-3.3442564,-16731116
88,74,89,90,"null","null","null",2,4.4268475,0.44286472,-3.7111793,1.8611706,-1.7914329,-16731116
92,72,93,94,"null","null","null",2,8.690991,1.600195,-2.288046,3.511704,-0.31738296,-16731116
96,70,97,104,"null","null","null",5,22.992096,3.2310987,-0.3032002,3.3004081,-1.3026838,-16731116
97,96,98,101,"null","null","null",4,17.065065,2.5840397,-1.047256,3.7903352,-0.37198934,-16731116
98,97,99,100,"null","null","null",2,6.050451,1.6001958,-2.2880452,3.511704,-0.59051675,-16731116
101,97,102,103,"null","null","null",2,5.785784,3.8167193,-0.6717548,0.7310553,-2.2381635,-16731116
