index,parent,child1,child2,name1,name2,common,richness,lengthbr,hxmax,hxmin,hymax,hymin,color
0,-268380156,1,58,"null","null","null",30,7.2792487,2.3408196,-1.3385844,3.6562061,-0.7670504,-16731116
1,0,2,45,"null","null","null",29,6.3723946,1.529705,-2.7538295,3.398306,-0.5755019,-16731116
2,1,3,42,"null","null","null",22,5.2351036,0.33848345,-3.497466,2.7277982,-0.90352786,-16731116
3,2,4,33,"Emberizidae","null","Finchs, Grassquits and more",20,4.8950386,0.5235976,-3.4058828,1.8475332,-2.4241579,-16731116
4,3,5,32,"null","null","null",15,4.5067425,0.6580926,-2.7521214,0.86751455,-3.387028,-16731116
5,4,6,31,"null","null","null",14,4.4719415,2.0156658,-2.1365514,0.46288663,-3.516666,-16731116
6,5,7,30,"null","null","null",13,2.4398305,3.1657763,-1.1971728,0.637614,-2.9699686,-16731116
7,6,8,29,"null","null","null",12,1.6149513,3.5147948,-0.39551976,1.6694529,-2.2791727,-16731116
8,7,9,20,"null","null","null",11,1.0419793,3.098106,-0.60428977,3.006166,-1.3321574,-16731116
9,8,10,19,"null","null","null",6,0.75369817,2.3612065,-1.3502693,3.614338,-0.32388347,-12486656
10,9,11,18,"null","null","null",5,0.5307884,1.7788285,-2.8520827,3.4101968,-0.5593003,-12486656
11,10,12,15,"null","null","null",4,0.34883678,0.4148103,-3.7314699,2.7414103,-0.66423064,-12486656
12,11,13,14,"null","null","null",2,0.24630572,0.5042394,-3.7907968,2.0102203,-1.443365,-16731116
15,11,16,17,"null","null","null",2,0.13464223,2.3745208,-0.4072535,3.599762,-0.8210826,-11184866
20,8,21,28,"null","null","null",5,0.60198265,3.0686464,-1.3026711,0.303202,-3.0229406,-16731116
21,20,22,27,"null","null","null",4,0.4471501,3.4890325,-0.37199226,1.5287865,-2.3134382,-16731116
22,21,23,26,"null","null","null",3,0.34400773,3.1200032,-0.5905186,2.9140234,-1.600183,-16731116
23,22,24,25,"null","null","null",2,0.22920792,2.3745208,-0.6642302,3.599762,-0.41359067,-16731116
33,3,34,41,"null","null","null",5,4.696363,1.7788317,-2.6626332,3.2712197,-0.40147734,-16731116
34,33,35,40,"null","null","null",4,4.3216696,0.6411245,-3.48519,2.56074,-0.6642306,-16731116
35,34,36,39,"null","null","null",3,4.0907183,0.50423855,-3.4706364,2.0102232,-2.14342,-16731116
36,35,37,38,"null","null","null",2,2.0090644,0.6527482,-2.8544023,0.97916484,-3.126811,-16731116
42,2,43,44,"null","null","null",2,2.1640975,2.361207,-0.4184217,3.664692,-0.7950933,-16731116
45,1,46,57,"null","null","null",7,5.999117,3.0981069,-0.2750016,3.006161,-1.5045781,-16731116
46,45,47,56,"null","null","null",6,5.8922815,2.361207,-1.3502631,3.614336,-0.32388246,-16731116
47,46,48,55,"null","null","null",5,4.9988475,1.7788317,-2.8520777,3.4101973,-0.5592996,-16731116
48,47,49,52,"null","null","null",4,4.22855,0.4148134,-3.7314677,2.7414107,-0.6642306,-16731116
49,48,50,51,"Emberizidae","null","Bullfinches and more",2,1.9436182,0.50423855,-3.7907977,2.0102232,-1.4433578,-16731116
52,48,53,54,"null","null","null",2,1.3849286,2.374521,-0.40725303,3.599759,-0.82108366,-16731116
