index,parent,child1,child2,name1,name2,common,richness,lengthbr,hxmax,hxmin,hymax,hymin,color
0,-268269512,1,84,"null","null","null",51,22.034208,0.79011226,-2.701016,0.5617677,-3.5241618,-16731116
1,0,2,59,"null","null","null",42,20.13179,2.345892,-1.9868113,0.50423634,-3.521309,-16731116
2,1,3,58,"null","null","null",29,18.729969,3.3900363,-0.9791769,0.6527475,-2.9202788,-16731116
3,2,4,33,"null","null","null",28,17.943241,3.6128306,-0.44105422,1.9801602,-2.3023322,-16731116
4,3,5,32,"null","null","null",15,12.005622,3.1323948,-0.6278828,3.2191253,-1.3026825,-16731116
5,4,6,21,"null","null","null",14,11.811549,2.4557252,-1.6418878,3.6846666,-0.3719896,-16731116
6,5,7,14,"null","null","null",8,9.313799,1.4333854,-3.061065,3.374334,-0.59051704,-16731116
7,6,8,11,"null","null","null",4,6.51974,0.29948908,-3.7909276,2.7051497,-0.66423035,-16731116
8,7,9,10,"null","null","null",2,0.7746569,0.541974,-3.7111788,1.8611698,-1.7914344,-16731116
11,7,12,13,"null","null","null",2,2.237149,2.3408217,-0.42902347,3.7190442,-0.76705277,-16731116
14,6,15,20,"null","null","null",4,4.3459415,3.0657134,-0.2891283,3.2309744,-1.405283,-12486656
15,14,16,19,"null","null","null",3,2.4870372,2.3408217,-0.8562515,3.8025498,-0.34807962,-16731116
16,15,17,18,"null","null","null",2,1.2162149,1.6917303,-2.1268024,3.5885572,-0.57550085,-16731116
21,5,22,31,"null","null","null",6,5.9099336,3.5280137,-0.6717541,1.706578,-2.2381625,-16731116
22,21,23,30,"null","null","null",5,5.9099336,3.0657134,-0.61676,2.9604168,-1.405283,-16731116
23,22,24,29,"null","null","null",4,5.2575707,2.3408217,-1.3545724,3.4508247,-0.34807962,-16731116
24,23,25,28,"null","null","null",3,3.4760306,1.6917303,-2.7746198,3.1313148,-0.57550085,-16731116
25,24,26,27,"null","null","null",2,2.5486305,0.5272839,-3.5245008,2.3807096,-0.665,-16731116
33,3,34,53,"null","null","null",13,12.318212,2.159732,-2.0484705,0.56240034,-3.6238112,-16731116
34,33,35,50,"null","null","null",10,8.5132885,3.2514257,-0.87069225,0.64591223,-3.0781746,-16731116
35,34,36,47,"null","null","null",8,4.8138804,3.5280137,-0.41856924,1.9146993,-2.4606762,-16731116
36,35,37,42,"null","null","null",6,3.0753248,3.0657134,-0.61676,3.2309744,-1.2264614,-16731116
37,36,38,41,"null","null","null",3,1.8981203,2.3408217,-0.8562515,3.8025498,-0.34807962,-16731116
38,37,39,40,"null","null","null",2,1.4866866,1.6917303,-2.1268024,3.5885572,-0.57550085,-16731116
42,36,43,46,"null","null","null",3,3.0753248,3.381474,-1.1971824,0.31716132,-2.969974,-16731116
43,42,44,45,"null","null","null",2,3.0753248,3.7952108,-0.39551765,0.64591175,-2.2791765,-12486656
47,35,48,49,"null","null","null",2,3.409966,1.0880178,-2.136557,0.60018253,-3.8261664,-16731116
50,34,51,52,"null","null","null",2,2.9471297,0.3578284,-2.716216,0.90259874,-3.2399788,-12486656
53,33,54,57,"null","null","null",3,4.455061,0.48358554,-3.378262,1.9384025,-2.3110356,-16731116
54,53,55,56,"null","null","null",2,1.5319263,0.65809214,-2.716216,0.86752415,-3.2399788,-16731116
59,1,60,75,"null","null","null",13,16.808903,0.4428653,-3.4099586,1.7306741,-2.5434332,-16731116
60,59,61,72,"null","null","null",8,12.510654,0.7291206,-2.745932,0.49051154,-3.4364252,-16731116
61,60,62,67,"null","null","null",6,11.134526,2.330564,-2.0484705,0.48397285,-3.4921465,-16731116
62,61,63,66,"null","null","null",3,4.2964706,3.4735072,-1.0892061,0.64591223,-2.90701,-16731116
63,62,64,65,"null","null","null",2,2.0384288,3.8167195,-0.41856924,0.7310606,-2.2381625,-12486656
67,61,68,71,"null","null","null",3,6.0853543,0.48358554,-3.378262,1.9384025,-2.3110356,-16731116
68,67,69,70,"null","null","null",2,2.848292,0.65809214,-2.716216,0.86752415,-3.2399788,-16731116
72,60,73,74,"null","null","null",2,5.130414,0.844921,-3.524499,2.3807096,-0.39556128,-16731116
75,59,76,83,"null","null","null",5,5.9548106,1.6917332,-2.7374735,3.1863804,-0.35959932,-16731116
76,75,77,82,"null","null","null",4,5.3048587,0.52728903,-3.4762142,2.4522943,-0.816503,-16731116
77,76,78,81,"null","null","null",3,3.5050893,0.5235956,-3.3782637,1.9384036,-2.311033,-16731116
78,77,79,80,"null","null","null",2,1.4400597,0.6580921,-2.7162182,0.8675258,-3.2399771,-16731116
84,0,85,98,"null","null","null",9,12.616595,0.8210864,-3.5088606,2.7051501,-1.0522709,-16731116
85,84,86,97,"null","null","null",7,12.616595,0.5419736,-3.3444936,1.8611718,-2.5434332,-16731116
86,85,87,96,"null","null","null",6,6.4890075,0.7291206,-2.6608276,0.7546971,-3.4364252,-16731116
87,86,88,95,"null","null","null",5,3.6849616,2.330564,-2.0763686,0.48397285,-3.4921465,-16731116
88,87,89,92,"null","null","null",4,1.4844272,3.4735072,-0.87069225,0.64591223,-2.90701,-16731116
89,88,90,91,"null","null","null",2,1.4844272,3.8167195,-0.41856924,0.7310606,-2.2381625,-16731116
92,88,93,94,"null","null","null",2,1.4844272,0.3578284,-2.716216,0.90259874,-3.2399788,-16731116
98,84,99,100,"null","null","null",2,3.3105323,2.3408222,-0.4290232,3.7190425,-0.7670536,-12486656
