index,parent,child1,child2,name1,name2,common,richness,lengthbr,hxmax,hxmin,hymax,hymin,color
0,-268331945,1,64,"null","null","null",34,11.292542,0.29949006,-3.5521116,2.705148,-1.0751618,-16731116
1,0,2,57,"null","null","null",32,10.661855,0.5419747,-3.4007149,1.7061951,-2.5731862,-16731116
2,1,3,48,"null","null","null",28,10.31689,0.66192496,-2.7339149,0.52231866,-3.4750972,-16731116
3,2,4,27,"null","null","null",23,9.586958,2.1597412,-2.0607424,0.48397422,-3.5424147,-16731116
4,3,5,26,"null","null","null",12,8.616564,3.2514307,-1.0891994,0.64591277,-2.972357,-16731116
5,4,6,17,"null","null","null",11,8.207699,3.5280137,-0.41857076,1.9147083,-2.3231165,-16731116
6,5,7,12,"null","null","null",6,6.764759,3.0657103,-0.61676085,3.2309797,-1.2264546,-16731116
7,6,8,11,"null","null","null",3,4.119211,2.3408196,-0.8562642,3.8025498,-0.34808123,-16731116
8,7,9,10,"null","null","null",2,1.6708605,1.6917245,-2.1268134,3.5885527,-0.5755019,-16731116
12,6,13,16,"null","null","null",3,3.706086,3.3814788,-1.1971772,0.31716225,-2.9699712,-16731116
13,12,14,15,"null","null","null",2,1.5629721,3.7952123,-0.39551884,0.64591134,-2.2791743,-16731116
17,5,18,23,"null","null","null",5,6.5789204,2.1815877,-2.3054042,0.60018003,-3.516667,-16731116
18,17,19,22,"null","null","null",3,1.7838103,3.3814788,-1.1971772,0.63761365,-2.9699712,-16731116
19,18,20,21,"null","null","null",2,0.8312188,3.7952123,-0.39551884,0.64591134,-2.2791743,-16731116
23,17,24,25,"null","null","null",2,4.330451,0.52348053,-3.7907991,2.010226,-1.4433506,-16731116
27,3,28,43,"null","null","null",11,7.7718496,0.48358285,-3.4058852,1.7993804,-2.5107396,-16731116
28,27,29,42,"null","null","null",8,6.800656,0.6580924,-2.7521253,0.867519,-3.4995887,-16731116
29,28,30,41,"null","null","null",7,6.138864,2.0156596,-2.1365538,0.46288577,-3.6629987,-16731116
30,29,31,40,"null","null","null",6,5.336814,3.1657724,-1.1971772,0.63761365,-3.1602027,-16731116
31,30,32,37,"null","null","null",5,3.88558,3.5147939,-0.39551884,1.6992425,-2.5264754,-16731116
32,31,33,36,"null","null","null",3,2.9286904,3.0981069,-0.6042892,3.0448964,-1.5045781,-16731116
33,32,34,35,"null","null","null",2,1.4249742,2.361207,-0.6619245,3.664692,-0.32388246,-16731116
37,31,38,39,"null","null","null",2,1.5556129,0.90940034,-2.1905565,0.63667953,-3.8270526,-16731116
43,27,44,47,"null","null","null",3,4.136534,1.7788353,-2.6272726,3.1628685,-0.40147904,-16731116
44,43,45,46,"null","null","null",2,2.279674,0.641129,-3.4392254,2.4198835,-0.6642305,-16731116
48,2,49,56,"null","null","null",5,8.467613,0.84491944,-3.4974654,2.4522867,-1.0443956,-16731116
49,48,50,55,"null","null","null",4,1.2213113,0.5235968,-3.4058852,1.9383985,-2.6072886,-16731116
50,49,51,54,"null","null","null",3,0.847156,0.6580924,-2.7521253,0.867519,-3.6251023,-16731116
51,50,52,53,"null","null","null",2,0.2263409,1.0880269,-2.1365538,0.46288577,-3.8261664,-16731116
57,1,58,61,"null","null","null",4,7.9580927,1.6749359,-2.7746239,3.1313145,-0.35959655,-16731116
58,57,59,60,"null","null","null",2,5.926083,0.5272817,-3.5245032,2.3807092,-0.665,-16731116
61,57,62,63,"null","null","null",2,5.3023887,3.4248688,-0.27500102,2.444159,-1.5045819,-16731116
64,0,65,66,"null","null","null",2,1.9725777,2.3408208,-0.4290239,3.7190452,-0.7670516,-16731116
