index,parent,child1,child2,name1,name2,common,richness,lengthbr,hxmax,hxmin,hymax,hymin,color
0,-268425111,1,36,"null","null","null",33,34.20135,0.3238794,-3.4835281,2.6389117,-1.2130159,-16731116
1,0,2,31,"null","null","null",18,31.096544,0.55929744,-3.2401557,1.6207746,-2.6736667,-16731116
2,1,3,30,"null","null","null",15,27.239777,0.751789,-2.5203574,0.6411383,-3.4995472,-16731116
3,2,4,23,"null","null","null",14,18.30003,2.2960727,-1.9577174,0.50423604,-3.4893112,-16731116
4,3,5,18,"null","null","null",10,12.932811,3.325273,-0.76731527,0.6527474,-2.8786826,-16731116
5,4,6,17,"null","null","null",7,11.053523,3.5286398,-0.4410539,1.8643961,-2.1905615,-16731116
6,5,7,14,"null","null","null",6,9.159664,3.0229468,-0.6278826,3.0686333,-1.1514524,-16731116
7,6,8,13,"","null","Lizard-cuckoos",4,6.4766846,2.3134425,-1.528765,3.4890287,-0.37198922,-16731116
8,7,9,12,"null","null","null",3,4.932597,1.6001946,-2.9140065,3.1200056,-0.5905168,-16731116
9,8,10,11,"null","null","null",2,2.868344,0.41360438,-3.5997534,2.3745224,-0.66423047,-16731116
14,6,15,16,"null","null","null",2,4.417516,3.0051646,-1.089208,0.33095533,-2.9852366,-12486656
18,4,19,22,"null","null","null",3,8.413571,0.37080032,-2.660829,0.8857583,-3.684055,-16731116
19,18,20,21,"null","null","null",2,0.87461686,1.2662308,-2.0763695,0.48397252,-3.8140671,-12486656
23,3,24,29,"null","null","null",4,15.222666,0.44286594,-3.3444946,1.861173,-2.7339165,-16731116
24,23,25,28,"null","null","null",3,7.492169,0.6619247,-2.660829,0.7546987,-3.684055,-16731116
25,24,26,27,"null","null","null",2,2.857828,1.2662308,-2.0763695,0.48397252,-3.8140671,-16731116
31,1,32,35,"null","null","null",3,25.516169,1.6001978,-2.9140012,3.120006,-0.31738424,-16731116
32,31,33,34,"null","null","null",2,2.6683824,0.4136094,-3.5997503,2.3745227,-0.66423047,-16731116
36,0,37,58,"null","null","null",15,31.054436,2.455728,-1.4749773,3.6846657,-0.73706996,-16731116
37,36,38,53,"","null","Malkohas",11,27.942616,1.4333911,-2.8440855,3.3743355,-0.5905163,-16731116
38,37,39,50,"null","null","null",8,21.032516,0.2994877,-3.5088603,2.7051508,-1.0796554,-16731116
39,38,40,47,"null","null","null",6,13.7833,0.541973,-3.3444955,1.9094243,-2.5790353,-16731116
40,39,41,46,"null","null","null",4,9.504331,0.6619247,-2.6608305,0.7547004,-3.4827113,-12486656
41,40,42,45,"null","null","null",3,8.067085,1.9702971,-2.0763705,0.48397225,-3.5523214,-16731116
42,41,43,44,"null","null","null",2,5.680921,3.0051632,-1.0892096,0.645912,-2.9852386,-16731116
47,39,48,49,"null","null","null",2,9.287299,1.691736,-2.1267915,3.5885625,-0.3596006,-16731116
50,38,51,52,"null","null","null",2,17.48614,2.3408232,-0.4290229,3.7190409,-0.76705444,-16731116
53,37,54,57,"null","null","null",3,24.005795,3.0657158,-0.28912753,3.1667316,-1.4052896,-16731116
54,53,55,56,"null","null","null",2,15.034683,2.3408232,-0.65809214,3.7190406,-0.34807807,-16731116
58,36,59,64,"null","null","null",4,21.497807,3.5280137,-0.6717558,1.8652778,-2.2381647,-16731116
59,58,60,63,"null","null","null",3,17.670092,3.0657158,-0.6167593,3.1667316,-1.4052896,-16731116
60,59,61,62,"null","null","null",2,3.8302324,2.3408232,-0.65809214,3.7190406,-0.34807807,-16731116
