index,parent,child1,child2,name1,name2,common,richness,lengthbr,hxmax,hxmin,hymax,hymin,color
0,-268405653,1,40,"null","null","null",25,10.37261,2.972362,-0.64591235,3.3844736,-0.88665277,-16731116
1,0,2,25,"null","null","null",20,9.871279,2.3231204,-1.8281059,3.700975,-0.41856945,-16731116
2,1,3,22,"null","null","null",12,9.253296,1.2878745,-3.118402,3.2905626,-0.61676013,-16731116
3,2,4,19,"null","null","null",10,8.487675,0.34807986,-3.6562042,2.633126,-1.3385763,-16731116
4,3,5,18,"null","null","null",8,6.0459776,0.57550097,-3.3983073,1.6917293,-2.753824,-16731116
5,4,6,15,"null","null","null",7,3.8470516,0.9518985,-2.7278,0.33848894,-3.4974651,-16731116
6,5,7,14,"null","null","null",5,1.8400245,2.4870446,-1.938401,0.5235962,-3.4058871,-16731116
7,6,8,13,"null","null","null",4,1.5423112,3.4687881,-0.86752254,0.65809226,-2.752128,-16731116
8,7,9,12,"null","null","null",3,1.2637709,3.6229606,-0.46288514,1.7924204,-2.1365557,-12486656
9,8,10,11,"null","null","null",2,0.8763929,3.1081543,-0.6376134,2.8755643,-1.1971804,-12486656
15,5,16,17,"null","null","null",2,0.49414703,0.7950952,-3.6646886,2.3612084,-0.4184209,-16731116
19,3,20,21,"null","null","null",2,6.8964877,2.279176,-0.55373603,3.795211,-0.70525956,-16731116
22,2,23,24,"null","null","null",2,7.7372556,3.1081553,-0.31716147,2.8755634,-1.1971812,-16731116
25,1,26,39,"null","null","null",8,7.7980595,3.5166674,-0.6001822,2.0156538,-2.1365566,-16731116
26,25,27,38,"null","null","null",7,5.148201,2.9699736,-0.6376133,3.1657689,-1.1971812,-16731116
27,26,28,37,"null","null","null",6,4.5191803,2.279176,-1.5568638,3.5147934,-0.3955179,-16731116
28,27,29,36,"null","null","null",5,4.4966354,1.5045818,-2.859808,3.0981085,-0.6042887,-16731116
29,28,30,35,"null","null","null",4,2.851194,0.32388148,-3.4240808,2.3612084,-1.1773334,-16731116
30,29,31,34,"null","null","null",3,2.2472785,0.5592989,-3.1628685,1.7788353,-2.6272726,-16731116
31,30,32,33,"null","null","null",2,1.0216823,0.6642305,-2.4198837,0.6411284,-3.4392254,-16731116
40,0,41,46,"null","null","null",5,8.566965,3.4687877,-0.9025985,0.35782853,-2.752129,-16731116
41,40,42,45,"null","null","null",3,4.082355,3.622961,-0.4628849,1.7924187,-2.1365566,-16731116
42,41,43,44,"null","null","null",2,2.735372,3.1081553,-0.6376133,2.8755634,-1.1971812,-16731116
46,40,47,48,"null","null","null",2,3.873494,0.38339514,-2.4198875,0.8665061,-3.439223,-16731116
