index,parent,child1,child2,name1,name2,common,richness,lengthbr,hxmax,hxmin,hymax,hymin,color
0,-268279793,1,180,"Apodidae","null","Swifts",103,46.581062,1.2890222,-3.1082077,3.2578828,-0.6167594,-16731116
1,0,2,137,"null","null","null",90,35.494507,0.34807813,-3.642959,2.5906405,-1.343868,-16731116
2,1,3,130,"null","null","null",68,33.118282,0.5754999,-3.3810933,1.529717,-2.760709,-16731116
3,2,4,71,"null","null","null",64,31.16398,0.93439436,-2.7054212,0.42327172,-3.5064232,-16731116
4,3,5,60,"","null","Swiftlets",34,26.254503,2.4642932,-1.847547,0.5235952,-3.4175372,-16731116
5,4,6,39,"null","null","null",28,21.037388,3.4392173,-0.7260059,0.658092,-2.767274,-16731116
6,5,7,26,"null","null","null",17,14.680807,3.5845234,-0.4628839,2.1250067,-2.1562426,-16731116
7,6,8,25,"null","null","null",10,7.2503858,3.058188,-0.6376129,3.3079321,-1.197186,-16731116
8,7,9,18,"null","null","null",9,6.8197036,2.393853,-1.7809217,3.6996102,-0.3955168,-16731116
9,8,10,17,"null","null","null",5,6.0105543,1.5045863,-3.1510873,3.3383727,-0.6042881,-16731116
10,9,11,14,"null","null","null",4,5.210352,0.32388037,-3.802749,2.6735508,-0.6648447,-16731116
11,10,12,13,"null","null","null",2,2.5610275,0.55929816,-3.65514,1.7788392,-1.961041,-16731116
14,10,15,16,"null","null","null",2,1.3624032,2.3134422,-0.43901813,3.7626088,-0.73706865,-12486656
18,8,19,24,"null","null","null",4,6.1831703,3.5286398,-0.6366827,2.02628,-2.1905606,-12486656
19,18,20,23,"null","null","null",3,3.747519,3.0229464,-0.6278828,3.2790809,-1.3026825,-12486656
20,19,21,22,"null","null","null",2,1.6458485,2.3134422,-0.6527473,3.7626088,-0.3719896,-11184866
26,6,27,34,"null","null","null",7,14.666857,2.47265,-1.9270691,0.523484,-3.4551716,-16731116
27,26,28,31,"null","null","null",4,11.078396,3.554822,-0.72747266,0.6527475,-2.8343005,-16731116
28,27,29,30,"null","null","null",2,4.2574005,3.827052,-0.44105422,0.9093875,-2.1905606,-16731116
31,27,32,33,"null","null","null",2,4.402934,0.37080052,-2.5711858,0.88575804,-3.344255,-16731116
34,26,35,38,"null","null","null",3,9.38514,0.4428653,-3.2755384,1.8611718,-2.472533,-16731116
35,34,36,37,"null","null","null",2,3.589759,0.6619248,-2.5711858,0.7546971,-3.344255,-12486656
39,5,40,57,"null","null","null",11,19.107063,0.8217312,-2.7414122,0.86650705,-3.4732869,-16731116
40,39,41,50,"null","null","null",9,17.357725,2.3869965,-1.9270691,0.50423634,-3.4551716,-16731116
41,40,42,47,"null","null","null",5,11.818657,3.4434724,-0.72747266,0.6527475,-2.8343005,-16731116
42,41,43,46,"null","null","null",3,7.7601805,3.6822977,-0.44105422,1.6104403,-2.1905606,-16731116
43,42,44,45,"null","null","null",2,3.9580305,3.222702,-0.6278828,2.7384892,-1.3026825,-12486656
47,41,48,49,"null","null","null",2,6.951785,0.37080052,-2.5711858,0.88575804,-3.344255,-16731116
50,40,51,54,"null","null","null",4,14.257358,0.4428653,-3.2755384,1.9094207,-2.472533,-16731116
51,50,52,53,"null","null","null",2,5.8719263,0.6619248,-2.5711858,0.7546971,-3.344255,-16731116
54,50,55,56,"null","null","null",2,4.2307596,1.6917332,-2.1267962,3.58856,-0.35959932,-16731116
57,39,58,59,"null","null","null",2,6.42556,0.8210864,-3.5997522,2.3745222,-0.40725175,-16731116
60,4,61,68,"null","null","null",6,20.362595,0.40148264,-3.2712283,1.7948618,-2.6626244,-16731116
61,60,62,67,"null","null","null",4,11.4200325,0.66423047,-2.5607514,0.6411365,-3.4851904,-16731116
62,61,63,66,"null","null","null",3,10.623408,2.1434007,-2.010231,0.50423634,-3.4706461,-16731116
63,62,64,65,"null","null","null",2,10.379196,3.126798,-0.9791769,0.6527475,-2.8544173,-16731116
68,60,69,70,"null","null","null",2,6.425108,1.6001966,-2.288043,3.511705,-0.31738362,-16731116
71,3,72,119,"null","null","null",30,29.15632,0.79509676,-3.6143308,2.551961,-1.2190245,-16731116
72,71,73,112,"null","null","null",24,22.16723,0.5592977,-3.4101982,1.6207732,-2.6814768,-16731116
73,72,74,109,"null","null","null",20,16.64818,0.75179124,-2.7414122,0.41482198,-3.5096989,-16731116
74,73,75,106,"null","null","null",18,14.213676,2.2960746,-2.1206875,0.50423634,-3.5025072,-16731116
75,74,76,97,"null","null","null",16,13.01668,3.325274,-0.80513763,0.6527475,-2.8958368,-16731116
76,75,77,92,"null","null","null",11,9.430287,3.5286398,-0.44105422,1.8643985,-2.2705576,-16731116
77,76,78,87,"null","null","null",8,8.465045,3.0229464,-0.6278828,3.0686347,-1.1166838,-16731116
78,77,79,86,"null","null","null",5,5.848766,2.3134422,-1.5287675,3.489029,-0.3719896,-16731116
79,78,80,83,"null","null","null",4,5.5958633,1.5501398,-2.9140084,3.1200051,-0.59051704,-16731116
80,79,81,82,"null","null","null",2,3.0995095,0.4136026,-3.599754,2.3745222,-0.66423035,-16731116
83,79,84,85,"null","null","null",2,2.8520167,3.3284109,-0.2891283,2.5944998,-1.405283,-16731116
87,77,88,91,"null","null","null",3,3.8304484,3.4735072,-1.0892061,0.33095554,-2.90701,-16731116
88,87,89,90,"null","null","null",2,2.4684646,3.8167195,-0.41856924,0.7310606,-2.2381625,-16731116
92,76,93,96,"null","null","null",3,2.6177907,1.9703023,-2.0763686,0.56240034,-3.552319,-16731116
93,92,94,95,"null","null","null",2,1.2894037,3.005167,-1.0892061,0.64591223,-2.9852347,-16731116
97,75,98,103,"null","null","null",5,7.079319,0.45199633,-2.745932,0.88575804,-3.4827118,-16731116
98,97,99,102,"null","null","null",3,4.68432,1.9703023,-2.0763686,0.48397285,-3.552319,-16731116
99,98,100,101,"null","null","null",2,3.1136804,3.005167,-1.0892061,0.64591223,-2.9852347,-16731116
103,97,104,105,"null","null","null",2,2.9816287,0.844921,-3.524499,2.3807096,-0.39556128,-16731116
106,74,107,108,"null","null","null",2,2.8659034,0.4428653,-3.7111802,1.8611718,-1.7914302,-12486656
109,73,110,111,"null","null","null",2,6.104321,0.8210864,-3.5997522,2.3745222,-0.40725175,-16731116
112,72,113,116,"null","null","null",4,16.884706,1.5501446,-2.9140034,3.1200056,-0.31738362,-16731116
113,112,114,115,"PANYPTILA","null","Swallow-tailed swifts",2,6.661422,0.41360754,-3.5997515,2.3745224,-0.66423047,-16731116
116,112,117,118,"CYPSIURUS","null","Palm-swifts",2,13.269892,3.3284154,-0.28912786,2.5944934,-1.4052874,-16731116
119,71,120,125,"null","null","null",6,19.23518,2.5455394,-1.5287609,3.4890282,-0.7370695,-16731116
120,119,121,124,"TACHORNIS","null","Palm-swifts",3,9.999172,1.6001972,-2.914003,3.1200058,-0.59051657,-16731116
121,120,122,123,"null","null","null",2,4.243729,0.41360754,-3.5997515,2.3745224,-0.66423047,-16731116
125,119,126,129,"null","null","null",3,12.692735,3.7300916,-0.6717553,1.4250948,-2.2381642,-16731116
126,125,127,128,"null","null","null",2,5.1874285,3.3284163,-0.61675954,2.5944924,-1.405288,-16731116
130,2,131,136,"HIRUNDAPUS","null","Needletails",4,18.48087,1.5045897,-3.1510837,3.0981104,-0.27500063,-16731116
131,130,132,135,"null","null","null",3,9.808074,0.32387957,-3.8027477,2.3612094,-0.66483784,-16731116
132,131,133,134,"null","null","null",2,5.8397174,0.55929744,-3.6551414,1.7788426,-1.9610354,-16731116
137,1,138,173,"null","null","null",22,27.540165,2.4621491,-1.5837748,3.6996098,-0.7052618,-16731116
138,137,139,164,"null","null","null",18,24.396145,1.3321747,-2.8947992,3.3383741,-0.6042876,-16731116
139,138,140,161,"null","null","null",13,22.800251,0.3238794,-3.469579,2.6735523,-1.197477,-16731116
140,139,141,156,"null","null","null",11,21.244602,0.55929744,-3.222022,1.6207746,-2.6534662,-16731116
141,140,142,155,"null","null","null",8,13.822739,0.8217292,-2.4967833,0.6411383,-3.4732866,-16731116
142,141,143,150,"null","null","null",7,13.537294,2.386995,-1.9270709,0.50423604,-3.4551725,-16731116
143,142,144,149,"null","null","null",4,7.4937096,3.4434721,-0.9791784,0.6527474,-2.834302,-16731116
144,143,145,148,"null","null","null",3,6.768106,3.6822987,-0.4410539,1.6104374,-2.1905615,-16731116
145,144,146,147,"null","null","null",2,6.030843,3.2227035,-0.6278826,2.738487,-1.302684,-16731116
150,142,151,154,"null","null","null",3,6.605178,0.44286594,-3.2755399,1.861173,-2.4725308,-16731116
151,150,152,153,"null","null","null",2,4.4356513,0.6619247,-2.571188,0.7546987,-3.3442535,-16731116
156,140,157,160,"null","null","null",3,8.947711,1.6001978,-2.9140012,3.120006,-0.31738424,-16731116
157,156,158,159,"null","null","null",2,5.226977,0.4136094,-3.5997503,2.3745227,-0.66423047,-16731116
161,139,162,163,"MEARNSIA","null","Needletails",2,6.236844,2.3134434,-0.43901777,3.762607,-0.73706996,-16731116
164,138,165,170,"null","null","null",5,14.575893,3.0229487,-0.30319965,3.3004057,-1.1514577,-16731116
165,164,166,169,"null","null","null",3,9.450133,2.3134437,-1.0472484,3.7903361,-0.37198845,-16731116
166,165,167,168,"null","null","null",2,4.0948424,1.6001993,-2.2880385,3.5117075,-0.5905162,-16731116
170,164,171,172,"null","null","null",2,6.841448,3.0051594,-1.0892124,0.33095488,-2.9852424,-16731116
173,137,174,177,"null","null","null",4,13.160167,3.6823013,-0.6366839,1.6104317,-2.3868937,-16731116
174,173,175,176,"null","null","null",2,6.7891793,3.2227082,-0.62788236,2.738482,-1.3026878,-16731116
177,173,178,179,"null","null","null",2,6.210666,1.2662241,-2.0763717,0.5624019,-3.8140683,-16731116
180,0,181,196,"null","null","null",13,27.558775,3.1107247,-0.3171605,3.1657617,-1.0032711,-16731116
181,180,182,191,"null","null","null",8,20.40772,2.4621496,-1.7809153,3.5147917,-0.39551604,-16731116
182,181,183,188,"null","null","null",5,11.614323,1.4209576,-3.1510825,3.098111,-0.6042875,-16731116
183,182,184,187,"null","null","null",3,7.8218584,0.32387918,-3.8027477,2.3612099,-0.6648351,-16731116
184,183,185,186,"null","null","null",2,4.617013,0.5592972,-3.6551423,1.7788439,-1.961033,-16731116
188,182,189,190,"null","null","null",2,4.580976,3.2227087,-0.30319953,2.7384808,-1.3026884,-16731116
191,181,192,195,"null","null","null",3,7.554092,3.6823015,-0.6366841,1.6104301,-2.190563,-16731116
192,191,193,194,"null","null","null",2,4.1459517,3.2227087,-0.62788224,2.7384808,-1.3026884,-16731116
196,180,197,202,"null","null","null",5,24.821331,3.4434726,-0.9169636,0.3445285,-2.834304,-16731116
197,196,198,201,"null","null","null",3,12.417051,3.6823015,-0.44105333,1.6104301,-2.190563,-16731116
198,197,199,200,"null","null","null",2,8.111501,3.2227087,-0.62788224,2.7384808,-1.3026884,-16731116
202,196,203,204,"null","null","null",2,6.7728086,0.3708,-2.5711937,0.88575876,-3.34425,-16731116
