index,parent,child1,child2,name1,name2,common,richness,lengthbr,hxmax,hxmin,hymax,hymin,color
0,-268405752,1,140,"null","null","null",749,44.522747,1.265665,-3.1005578,3.260371,-0.28912845,-16731116
1,0,2,69,"","null","Shrikes, Birds Of Paradise and more",733,41.598164,0.34807986,-3.6330068,2.593877,-1.3540065,-16731116
2,1,3,49,"null","null","null",488,39.319702,0.57550097,-3.3681507,1.5297103,-2.7738833,-16731116
3,2,4,25,"null","null","null",442,37.786396,0.9444801,-2.6885962,0.42326677,-3.5235424,-16731116
4,3,5,11,"null","null","null",384,32.942955,2.4774005,-1.9383552,0.5235962,-3.4397874,-16731116
5,4,6,9,"","null","Shrikes, Monarchs, Birds of paradise and more",350,31.906195,3.456251,-0.64035624,0.65809226,-2.7961984,-16731116
6,5,7,-268295168,"null","null","null",327,30.234974,3.6066623,-0.46288514,2.1163027,-2.1702423,-16731116
7,6,8,-268290048,"null","null","null",175,28.75557,3.0869665,-0.6376134,3.2966115,-1.0703816,-16731116
8,7,-268299264,-268288000,"null","null","null",130,27.554876,2.4312673,-1.6652263,3.684888,-0.39551812,-16731116
9,5,-268296192,10,"Dicruridae","null","Drongos",23,18.718212,0.75179744,-2.5487099,0.866506,-3.5626502,-16731116
11,4,12,18,"","null","Orioles and more",34,28.874937,0.40148032,-3.4755564,1.6207683,-2.6721187,-16731116
12,11,-268292096,13,"Oriolidae","null","Orioles and figbirds",30,25.817722,0.8143066,-2.8263779,0.41481906,-3.497527,-16731116
13,12,14,17,"","null","Figbirds",3,7.9287133,0.82108533,-3.7909288,2.3745222,-0.47381365,-16731116
14,13,15,16,"null","null","null",2,0.42035094,0.5419743,-3.711179,1.8611686,-1.7914356,-16731116
18,11,19,22,"null","null","null",4,19.505585,1.550136,-2.9140122,3.1200047,-0.31738126,-16731116
19,18,20,21,"Colluricinclidae","null","Shrike-thrushes and more",2,7.032546,0.41359925,-3.5997562,2.374522,-0.66423035,-16731116
22,18,23,24,"Melanocharitidae","null","Berrypeckers",2,7.4617577,3.3284078,-0.28912875,2.5945044,-1.40528,-16731116
25,3,26,40,"","null","Vireos and more",58,31.45928,0.7950952,-3.5764806,2.5519586,-1.2118294,-16731116
26,25,27,35,"null","null","null",53,22.522064,0.55929863,-3.360989,1.6207683,-2.6721187,-16731116
27,26,-268293120,28,"Vireonidae","null","Peppershrikes",50,20.551178,0.75179744,-2.6774402,0.41481906,-3.497527,-16731116
28,27,29,34,"","null","Shrike-vireos",4,11.635751,0.82108533,-3.4558184,2.3745222,-0.9977391,-16731116
29,28,30,33,"null","null","null",3,6.316876,0.5419743,-3.2755356,1.8611686,-2.4725387,-16731116
30,29,31,32,"null","null","null",2,3.7928264,0.6619249,-2.571182,0.7546941,-3.3442578,-16731116
35,26,36,39,"null","null","null",3,18.961424,1.6001905,-2.9140122,3.1200047,-0.31738126,-16731116
36,35,37,38,"Vireonidae","null","Vireos and more",2,6.902836,0.41359925,-3.5997562,2.374522,-0.66423035,-16731116
40,25,41,48,"Timaliidae","null","Shrike-babblers",5,19.901896,2.3134413,-1.5287724,3.48903,-0.7370677,-16731116
41,40,42,45,"null","null","null",4,17.893227,1.550136,-2.9140122,3.1200047,-0.59051746,-16731116
42,41,43,44,"null","null","null",2,9.094406,0.41359925,-3.5997562,2.374522,-0.66423035,-16731116
45,41,46,47,"null","null","null",2,8.357471,3.3284078,-0.28912875,2.5945044,-1.40528,-16731116
49,2,50,66,"null","null","null",46,38.639065,1.4209446,-2.962596,3.0981085,-0.2750008,-16731116
50,49,51,65,"","null","Whistlers and more",44,32.062912,0.32388148,-3.5577056,2.3612084,-1.2118316,-16731116
51,50,52,54,"null","null","null",43,26.319292,0.5592989,-3.3365808,1.6207671,-2.6721203,-16731116
52,51,-268298240,53,"null","null","null",37,23.533186,0.75180197,-2.6457095,0.6411284,-3.4975276,-16731116
54,51,55,62,"Colluricinclidae","null","Shrike-thrushes and more",6,22.339108,1.550134,-2.8032913,3.1200047,-0.3173806,-16731116
55,54,56,61,"null","null","null",4,17.24218,0.4135974,-3.4558175,2.374522,-0.99774426,-16731116
56,55,57,60,"null","null","null",3,13.014018,0.54197484,-3.2755322,1.8611662,-2.472543,-16731116
57,56,58,59,"null","null","null",2,10.525399,0.661925,-2.5711775,0.75469065,-3.3442605,-16731116
62,54,63,64,"null","null","null",2,15.872041,3.328406,-0.28912896,2.5945067,-1.4052784,-16731116
66,49,67,68,"Neosittidae","null","Sittellas",2,0.70084333,3.222697,-0.30320084,2.7384958,-1.3026779,-16731116
69,1,70,105,"null","null","null",245,40.628654,2.4548864,-1.6570728,3.706901,-0.70525956,-16731116
70,69,71,79,"null","null","null",227,35.604713,1.4070897,-2.9900794,3.3478484,-0.6042887,-16731116
71,70,72,74,"null","null","null",147,32.976284,0.32388148,-3.593434,2.6858704,-1.2503662,-16731116
72,71,73,-268289024,"","null","Shrike-Flycatchers, Butcherbirds, Woodswallows and more",144,32.60033,0.5592989,-3.3830278,1.7338018,-2.7222152,-16731116
73,72,-268297216,-268286976,"null","null","null",114,30.800001,0.7901225,-2.7060907,0.41481674,-3.5626507,-16731116
74,71,75,78,"","null","Pitohui and more",3,25.013237,2.3134408,-1.0472691,3.7903333,-0.7370672,-16731116
75,74,76,77,"null","null","null",2,16.584343,1.600189,-2.2880564,3.5116978,-0.5905177,-16731116
79,70,-268291072,80,"Campephagidae","null","Cuckoo-shrikes and Minivets",80,29.992966,3.1915236,-0.30320084,3.2191296,-1.1927514,-16731116
80,79,81,104,"","null","Minivets",13,18.60375,3.3785963,-1.0892012,0.33095616,-3.0781703,-16731116
81,80,82,101,"null","null","null",12,13.556381,3.693331,-0.41857028,1.8281112,-2.4606729,-16731116
82,81,83,100,"null","null","null",10,10.275776,3.2806237,-0.61676055,3.1184053,-1.4052784,-16731116
83,82,84,93,"null","null","null",9,9.287636,2.6202066,-1.4981501,3.6562052,-0.34808072,-16731116
84,83,85,92,"null","null","null",5,6.303901,1.6917262,-2.9612668,3.3983064,-0.57550156,-16731116
85,84,86,89,"null","null","null",4,2.4795656,0.33848524,-3.767137,2.727799,-0.665,-16731116
86,85,87,88,"null","null","null",2,1.4045157,0.5235972,-3.7564566,1.9383972,-1.6186507,-16731116
89,85,90,91,"null","null","null",2,1.7222596,2.3612077,-0.41842145,3.6646914,-0.7950939,-16731116
93,83,94,97,"null","null","null",4,6.9112606,3.7661467,-0.70525837,1.2371405,-2.5264754,-16731116
94,93,95,96,"null","null","null",2,5.8926644,3.424866,-0.6042891,2.4441643,-1.5045784,-16731116
97,93,98,99,"null","null","null",2,4.923365,0.90940213,-2.1905565,0.63667977,-3.8270524,-16731116
101,81,102,103,"null","null","null",2,4.585865,1.0880258,-2.1365545,0.60018086,-3.8261662,-16731116
105,69,106,131,"","null","Whipbirds, Quail-Thrushes and more",18,37.688835,3.6659718,-0.6366811,1.8644058,-2.2438107,-16731116
106,105,107,128,"null","null","null",13,34.920017,3.2014763,-0.6278832,3.0686398,-1.151444,-16731116
107,106,108,123,"null","null","null",11,31.00127,2.5455327,-1.4436038,3.4890308,-0.37199068,-16731116
108,107,109,118,"null","null","null",8,21.84975,1.4333808,-2.8032913,3.1200047,-0.5905177,-16731116
109,108,110,117,"Cinclosomatidae","null","Quail-thrushes",5,15.895515,0.4135974,-3.4558175,2.374522,-0.99774426,-16731116
110,109,111,114,"null","null","null",4,11.0859375,0.54197484,-3.2755322,1.9094126,-2.472543,-16731116
111,110,112,113,"null","null","null",2,5.052285,0.661925,-2.5711775,0.75469065,-3.3442605,-16731116
114,110,115,116,"null","null","null",2,5.127644,1.6917262,-2.1268098,3.5885544,-0.35959634,-16731116
118,108,119,122,"Eupetidae","null","Whipbirds, wedgebills and jewel-babblers",3,14.144353,3.0657115,-0.28912896,3.1667447,-1.4052784,-16731116
119,118,120,121,"null","null","null",2,6.2815027,2.3408206,-0.65809166,3.7190466,-0.34808072,-16731116
123,107,124,127,"Acanthizidae","null","",3,9.655634,3.7300868,-0.6717526,1.4251122,-2.2381606,-12486656
124,123,125,126,"null","null","null",2,4.915604,3.328406,-0.61676055,2.5945067,-1.4052784,-12486656
128,106,129,130,"null","null","null",2,13.329789,3.0051725,-1.0892012,0.33095616,-2.9852285,-16731116
131,105,132,139,"null","null","null",5,32.61892,2.3305707,-2.0763655,0.5623986,-3.492145,-16731116
132,131,133,136,"Eupetidae","null","Whipbirds, wedgebills and jewel-babblers",4,21.299908,3.4735112,-0.87068576,0.6459125,-2.9070072,-16731116
133,132,134,135,"null","null","null",2,7.3931937,3.8167205,-0.41857028,0.73106873,-2.2381606,-16731116
136,132,137,138,"null","null","null",2,6.9869337,0.357829,-2.7162097,0.902598,-3.239984,-16731116
140,0,141,160,"","null","Berrypeckers, Satinbirds and more",16,34.295715,3.0581841,-0.31716147,3.307936,-1.0229886,-16731116
141,140,142,153,"Melanocharitidae","null","Berrypeckers",10,20.542397,2.3938498,-1.7809272,3.6996105,-0.3955179,-16731116
142,141,143,150,"null","null","null",6,14.526801,1.4209446,-3.1510901,3.3383706,-0.6042887,-16731116
143,142,144,147,"null","null","null",4,9.365503,0.32388148,-3.8027482,2.6735492,-0.6648546,-16731116
144,143,145,146,"null","null","null",2,4.9581184,0.5592989,-3.6551359,1.7788353,-1.9610502,-16731116
147,143,148,149,"null","null","null",2,6.0391006,2.3134408,-0.4390186,3.7626104,-0.7370672,-16731116
150,142,151,152,"null","null","null",2,5.0932035,3.222697,-0.30320084,2.7384958,-1.3026779,-16731116
153,141,154,159,"null","null","null",4,16.450531,3.528639,-0.6366811,2.026287,-2.1905582,-16731116
154,153,155,158,"null","null","null",3,13.44505,3.022944,-0.6278832,3.2790856,-1.3026779,-16731116
155,154,156,157,"null","null","null",2,5.131934,2.3134408,-0.65274704,3.7626104,-0.37199068,-16731116
160,140,161,166,"null","null","null",6,32.490387,3.443474,-0.9169625,0.34452954,-2.8786826,-12486656
161,160,162,165,"Cnemophilidae","null","Satin birds",3,20.80738,3.6822953,-0.44105524,1.6104487,-2.1905582,-16731116
162,161,163,164,"null","null","null",2,6.1388917,3.222697,-0.6278832,2.7384958,-1.3026779,-16731116
166,160,167,170,"null","null","null",3,28.640614,0.3708011,-2.6608229,0.8857572,-3.6840587,-11184866
167,166,168,169,"Callaeatidae","null","Wattled crows",2,14.079602,1.2662416,-2.0763655,0.4839738,-3.8140664,-11184866
