index,parent,child1,child2,name1,name2,common,richness,lengthbr,hxmax,hxmin,hymax,hymin,color
0,-268368794,1,96,"null","null","null",51,23.553495,2.2575567,-2.0484684,0.5623988,-3.5809,-16731116
1,0,2,95,"null","null","null",48,22.317709,3.378595,-1.0892038,0.6459124,-3.022389,-16731116
2,1,3,58,"null","null","null",47,20.808308,3.6933315,-0.4185698,1.8281081,-2.388156,-16731116
3,2,4,39,"null","null","null",28,19.613491,3.2806253,-0.6167603,3.1184032,-1.2264589,-16731116
4,3,5,34,"null","null","null",18,13.645981,2.620208,-1.3385786,3.6562042,-0.34808022,-16731116
5,4,6,25,"null","null","null",15,13.027169,1.5297087,-2.7538254,3.3983066,-0.5755012,-16731116
6,5,7,22,"null","null","null",10,10.136925,0.3384865,-3.4974654,2.727799,-0.9035219,-16731116
7,6,8,21,"null","null","null",8,8.904698,0.5235968,-3.4058852,1.9383985,-2.4241529,-16731116
8,7,9,18,"null","null","null",7,7.2649555,0.6580924,-2.7521253,0.5830978,-3.3870258,-16731116
9,8,10,17,"null","null","null",5,6.185899,2.1815877,-2.1365538,0.46288577,-3.516667,-16731116
10,9,11,14,"null","null","null",4,5.1865363,3.3814788,-1.0121964,0.63761365,-2.9699712,-16731116
11,10,12,13,"null","null","null",2,2.5016084,3.7952123,-0.39551884,0.64591134,-2.2791743,-16731116
14,10,15,16,"null","null","null",2,3.7468042,0.3445301,-2.8544078,0.9791694,-3.1268065,-16731116
18,8,19,20,"null","null","null",2,2.691855,0.86650527,-3.4392254,2.4198835,-0.38339564,-11184866
22,6,23,24,"null","null","null",2,3.521399,2.3612075,-0.41842124,3.6646893,-0.7950944,-16731116
25,5,26,33,"null","null","null",5,11.408858,3.0981078,-0.27500102,2.859808,-1.5045819,-16731116
26,25,27,32,"null","null","null",4,10.276443,2.3612075,-1.1773334,3.4240808,-0.32388148,-16731116
27,26,28,31,"null","null","null",3,7.023536,1.7788353,-2.6272726,3.1628685,-0.5592989,-16731116
28,27,29,30,"null","null","null",2,3.5560195,0.641129,-3.4392254,2.4198835,-0.6642305,-16731116
34,4,35,38,"null","null","null",3,9.675926,3.7661476,-0.705259,1.2371341,-2.2791758,-16731116
35,34,36,37,"null","null","null",2,3.635021,3.4248688,-0.6042887,2.444159,-1.5045819,-16731116
39,3,40,49,"null","null","null",10,18.52996,3.1657686,-1.0032619,0.31716168,-2.9699733,-16731116
40,39,41,48,"null","null","null",5,11.176163,3.514793,-0.3955179,1.6992358,-2.2791758,-16731116
41,40,42,45,"null","null","null",4,10.350342,3.0981078,-0.6042887,3.0448914,-1.4209453,-16731116
42,41,43,44,"null","null","null",2,0.82869536,2.3612075,-0.66192454,3.6646893,-0.32388148,-16731116
45,41,46,47,"null","null","null",2,0.15155368,2.7384934,-1.3026797,0.30320084,-3.2226985,-16731116
49,39,50,55,"null","null","null",5,15.703628,0.34452954,-2.8342981,0.9169625,-3.4434738,-16731116
50,49,51,54,"null","null","null",3,8.07665,1.6104459,-2.1905591,0.4410549,-3.6822963,-16731116
51,50,52,53,"null","null","null",2,4.028314,2.7384934,-1.3026797,0.6278831,-3.2226985,-16731116
55,49,56,57,"null","null","null",2,11.393764,0.88575745,-3.344258,2.5711813,-0.3708009,-16731116
58,2,59,88,"null","null","null",19,19.65714,2.125013,-2.156239,0.6001816,-3.663,-16731116
59,58,60,79,"null","null","null",15,16.752594,3.307936,-1.0032619,0.6376133,-3.1602058,-16731116
60,59,61,76,"null","null","null",10,15.648905,3.6996105,-0.3955179,1.5568639,-2.5264778,-16731116
61,60,62,71,"null","null","null",8,14.962075,3.3383706,-0.6042887,2.859808,-1.3321657,-16731116
62,61,63,68,"null","null","null",5,11.686977,2.673549,-1.1773334,3.4240808,-0.32388148,-16731116
63,62,64,67,"null","null","null",3,11.0741005,1.7788353,-2.6272726,3.1628685,-0.5592989,-16731116
64,63,65,66,"null","null","null",2,8.894274,0.641129,-3.4392254,2.4198835,-0.6642305,-16731116
68,62,69,70,"null","null","null",2,3.3923674,3.76261,-0.7370672,0.4390186,-2.3134408,-12486656
71,61,72,75,"null","null","null",3,7.126873,3.2790842,-1.3026797,0.30320084,-3.0229445,-16731116
72,71,73,74,"null","null","null",2,4.1916275,3.76261,-0.37199032,0.6527471,-2.3134408,-16731116
76,60,77,78,"null","null","null",2,7.7433057,0.9093931,-2.1905591,0.63668096,-3.827052,-16731116
79,59,80,87,"null","null","null",5,13.561349,0.40942776,-2.8342981,0.9791734,-3.325276,-16731116
80,79,81,86,"null","null","null",4,11.56658,2.0262847,-2.1905591,0.4410549,-3.5286393,-16731116
81,80,82,85,"null","null","null",3,9.775025,3.2790842,-1.3026797,0.6278831,-3.0229445,-16731116
82,81,83,84,"null","null","null",2,7.9176335,3.76261,-0.37199032,0.6527471,-2.3134408,-16731116
88,58,89,94,"null","null","null",4,11.922722,0.5234822,-3.4551706,2.010228,-2.4726558,-16731116
89,88,90,93,"null","null","null",3,8.315634,0.65274775,-2.8342981,0.9791734,-3.5548244,-16731116
90,89,91,92,"null","null","null",2,1.7231711,0.9093931,-2.1905591,0.4410549,-3.827052,-16731116
96,0,97,100,"null","null","null",3,17.00761,0.48358452,-3.3782616,1.9384005,-2.3110387,-16731116
97,96,98,99,"null","null","null",2,8.408863,0.65809226,-2.7162147,0.8675231,-3.23998,-16731116
