index,parent,child1,child2,name1,name2,common,richness,lengthbr,hxmax,hxmin,hymax,hymin,color
0,-268368824,1,46,"null","null","null",35,16.164503,0.38599098,-3.5521116,2.6772187,-1.0522804,-16731116
1,0,2,31,"null","null","null",23,13.9293,0.5419747,-3.4007149,1.8248582,-2.5434403,-16731116
2,1,3,18,"null","null","null",15,9.449867,0.66192496,-2.7339149,0.64476854,-3.4364276,-16731116
3,2,4,17,"null","null","null",8,8.345913,2.1597412,-2.0763643,0.48397422,-3.492144,-16731116
4,3,5,14,"null","null","null",7,5.794913,3.2514307,-0.8706838,0.64591277,-2.9070053,-16731116
5,4,6,13,"Cisticolidae","null","Cisticolas and more",5,4.578105,3.5280137,-0.41857076,1.9147083,-2.2381592,-16731116
6,5,7,12,"null","null","null",4,2.971534,3.0657103,-0.61676085,3.2309797,-1.4052767,-16731116
7,6,8,11,"null","null","null",3,2.971534,2.3408196,-0.8562642,3.8025498,-0.34808123,-16731116
8,7,9,10,"null","null","null",2,2.1332607,1.6917245,-2.1268134,3.5885527,-0.5755019,-16731116
14,4,15,16,"null","null","null",2,2.9798875,0.35782927,-2.716209,0.90259767,-3.2399843,-16731116
18,2,19,28,"Cisticolidae","null","Cisticolas and more",7,6.2623434,0.84491944,-3.4974654,2.727799,-0.95190215,-16731116
19,18,20,27,"null","null","null",5,4.130105,0.5235968,-3.4058852,1.9383985,-2.4870472,-16731116
20,19,21,26,"null","null","null",4,2.8176942,0.6580924,-2.7521253,0.867519,-3.4687886,-16731116
21,20,22,25,"null","null","null",3,2.8176942,1.7924259,-2.1365538,0.46288577,-3.6229587,-16731116
22,21,23,24,"null","null","null",2,2.0315773,2.8755686,-1.1971772,0.63761365,-3.1081505,-16731116
28,18,29,30,"null","null","null",2,2.2482524,2.3612075,-0.41842124,3.6646893,-0.7950944,-16731116
31,1,32,43,"Cisticolidae","null","Cisticolas and more",8,11.906845,1.6749359,-2.7538254,3.3983066,-0.35959655,-16731116
32,31,33,40,"null","null","null",6,7.58707,0.3384865,-3.4974654,2.727799,-1.0443956,-16731116
33,32,34,39,"null","null","null",4,7.0410743,0.5235968,-3.4058852,1.9383985,-2.6072886,-16731116
34,33,35,38,"null","null","null",3,3.8731973,0.6580924,-2.7521253,0.867519,-3.6251023,-16731116
35,34,36,37,"null","null","null",2,2.3988926,1.0880269,-2.1365538,0.46288577,-3.8261664,-16731116
40,32,41,42,"null","null","null",2,2.611015,2.3612075,-0.41842124,3.6646893,-0.7950944,-12486656
43,31,44,45,"null","null","null",2,3.6120691,3.4248688,-0.27500102,2.444159,-1.5045819,-16731116
46,0,47,64,"Sylviidae","null","Old World warblers",12,12.143369,2.620208,-1.3260034,3.6562042,-0.7670516,-16731116
47,46,48,57,"null","null","null",9,7.7946987,1.5297087,-2.7374778,3.3983066,-0.5755012,-16731116
48,47,49,54,"null","null","null",5,4.7478333,0.3384865,-3.4762132,2.727799,-0.8165151,-16731116
49,48,50,53,"null","null","null",3,3.5995016,0.5235968,-3.3782573,1.9383985,-2.311044,-16731116
50,49,51,52,"null","null","null",2,1.8508425,0.6580924,-2.716209,0.867519,-3.2399843,-16731116
54,48,55,56,"null","null","null",2,2.351009,2.3612075,-0.41842124,3.6646893,-0.7950944,-16731116
57,47,58,61,"null","null","null",4,4.7982006,3.0981078,-0.27500102,3.0448914,-1.4209453,-16731116
58,57,59,60,"null","null","null",2,1.9511855,2.3612075,-0.66192454,3.6646893,-0.32388148,-16731116
61,57,62,63,"null","null","null",2,2.0543518,2.7384934,-1.3026797,0.30320084,-3.2226985,-16731116
64,46,65,68,"null","null","null",3,4.924106,3.7661476,-0.705259,1.2371341,-2.2791758,-16731116
65,64,66,67,"null","null","null",2,3.0489857,3.4248688,-0.6042887,2.444159,-1.5045819,-16731116
