index,parent,child1,child2,name1,name2,common,richness,lengthbr,hxmax,hxmin,hymax,hymin,color
0,-268320762,1,32,"null","null","null",24,25.200626,0.40148032,-3.4101982,1.6207683,-2.7222135,-16731116
1,0,2,29,"","null","Friarbirds",16,16.763988,0.75179744,-2.7414122,0.41481906,-3.5626502,-16731116
2,1,3,20,"null","null","null",14,15.287435,2.29608,-1.9577118,0.5042372,-3.5713406,-16731116
3,2,4,15,"null","null","null",9,12.709061,3.3252766,-0.76730907,0.65274775,-2.9853194,-16731116
4,3,5,12,"null","null","null",6,8.157519,3.528639,-0.44105512,2.0426908,-2.386887,-16731116
5,4,6,11,"null","null","null",4,5.675086,3.0229437,-0.6278832,3.3004107,-1.3026786,-16731116
6,5,7,10,"null","null","null",3,5.033395,2.3134403,-1.0472679,3.7903333,-0.37199056,-16731116
7,6,8,9,"null","null","null",2,3.2994134,1.6001897,-2.2880554,3.5116982,-0.59051764,-16731116
12,4,13,14,"null","null","null",2,2.8660042,1.2662381,-2.076367,0.5623988,-3.8140666,-16731116
15,3,16,19,"null","null","null",3,4.9391003,0.37080103,-2.660825,0.8857573,-3.6840577,-16731116
16,15,17,18,"null","null","null",2,3.1827297,1.2662381,-2.076367,0.48397338,-3.8140666,-12486656
20,2,21,26,"null","null","null",5,8.129723,0.44286364,-3.3444917,1.9094158,-2.7339232,-16731116
21,20,22,25,"null","null","null",3,4.612008,0.6619249,-2.660825,0.7546941,-3.6840577,-16731116
22,21,23,24,"null","null","null",2,4.110016,1.2662381,-2.076367,0.48397338,-3.8140666,-16731116
26,20,27,28,"null","null","null",2,3.2547705,1.691729,-2.1268048,3.5885563,-0.35959762,-16731116
29,1,30,31,"null","null","null",2,3.030827,0.82108533,-3.5997553,2.3745222,-0.4072522,-16731116
32,0,33,40,"null","null","null",8,23.607084,1.4333824,-2.8032897,3.1200047,-0.31738126,-16731116
33,32,34,39,"null","null","null",4,12.771065,0.41359925,-3.4558167,2.374522,-0.9977424,-16731116
34,33,35,38,"null","null","null",3,7.038201,0.54197454,-3.2755322,1.8611674,-2.4725418,-16731116
35,34,36,37,"null","null","null",2,3.9483716,0.66192496,-2.5711775,0.75469065,-3.3442605,-16731116
40,32,41,46,"null","null","null",4,19.190895,3.0657122,-0.28912875,3.2309766,-1.40528,-16731116
41,40,42,45,"null","null","null",3,10.142848,2.340821,-0.8562573,3.8025494,-0.34808034,-16731116
42,41,43,44,"","null","Myzas",2,4.1252494,1.6917278,-2.1268075,3.5885549,-0.5755013,-16731116
