index,parent,child1,child2,name1,name2,common,richness,lengthbr,hxmax,hxmin,hymax,hymin,color
0,-268346299,1,92,"Sturnidae","null","Starlings",73,15.96882,2.5325942,-1.5047891,3.625268,-0.37199056,-16731116
1,0,2,71,"null","null","null",46,14.772896,1.4333814,-2.882833,3.2971134,-0.59051764,-16731116
2,1,3,54,"null","null","null",35,14.266606,0.39173198,-3.559222,2.6047633,-1.087885,-16731116
3,2,4,47,"null","null","null",26,14.100776,0.5419747,-3.4099584,1.7306662,-2.5897264,-16731116
4,3,5,44,"null","null","null",22,12.6212635,0.66192496,-2.7459316,0.49050635,-3.4965997,-16731116
5,4,6,35,"null","null","null",20,11.263601,2.1597412,-2.0607424,0.48397422,-3.5703678,-16731116
6,5,7,22,"null","null","null",15,10.054692,3.2514307,-0.93958056,0.64591277,-3.008696,-16731116
7,6,8,17,"null","null","null",8,8.544673,3.5280137,-0.41857076,1.9147083,-2.3703573,-16731116
8,7,9,14,"null","null","null",5,6.073517,3.0657103,-0.61676085,3.2309797,-1.2878677,-16731116
9,8,10,13,"null","null","null",3,5.3024774,2.3408196,-0.8562642,3.8025498,-0.34808123,-16731116
10,9,11,12,"null","null","null",2,2.7660112,1.6917245,-2.1268134,3.5885527,-0.5755019,-16731116
14,8,15,16,"null","null","null",2,5.103591,2.8755686,-1.1971772,0.31716225,-3.1081505,-16731116
17,7,18,21,"null","null","null",3,7.6656065,1.7924259,-2.1365538,0.60018003,-3.6229587,-16731116
18,17,19,20,"null","null","null",2,1.0113862,2.8755686,-1.1971772,0.63761365,-3.1081505,-16731116
22,6,23,30,"null","null","null",7,7.424213,0.56952226,-2.8712268,0.90259767,-3.3870258,-16731116
23,22,24,29,"null","null","null",4,6.7513795,2.1815877,-2.1365538,0.46288577,-3.516667,-16731116
24,23,25,28,"null","null","null",3,5.9877825,3.3814788,-1.1971772,0.63761365,-2.9699712,-16731116
25,24,26,27,"null","null","null",2,3.7771003,3.7952123,-0.39551884,0.64591134,-2.2791743,-16731116
30,22,31,34,"null","null","null",3,5.987295,0.86650527,-3.7314665,2.5607443,-0.38339564,-16731116
31,30,32,33,"null","null","null",2,2.3310463,0.5042378,-3.7907991,2.010226,-1.4433506,-16731116
35,5,36,43,"null","null","null",5,7.4756203,0.48358285,-3.4058852,1.9383985,-2.6072886,-16731116
36,35,37,40,"null","null","null",4,6.724597,0.6580924,-2.7521253,0.5830978,-3.6251023,-16731116
37,36,38,39,"null","null","null",2,2.399141,1.0880269,-2.1365538,0.46288577,-3.8261664,-16731116
40,36,41,42,"null","null","null",2,3.1943586,0.86650527,-3.4392254,2.4198835,-0.38339564,-16731116
44,4,45,46,"null","null","null",2,7.1190796,0.84491944,-3.5245032,2.3807092,-0.39556205,-16731116
47,3,48,53,"null","null","null",4,12.312616,1.6917281,-2.9612648,3.1863742,-0.35959655,-16731116
48,47,49,52,"null","null","null",3,5.3091516,0.5272817,-3.7671363,2.4522867,-0.665,-16731116
49,48,50,51,"null","null","null",2,4.477992,0.5235968,-3.7564573,1.9383985,-1.6186471,-16731116
54,2,55,68,"null","null","null",9,13.217378,2.6331253,-1.3385786,3.4931793,-0.7670516,-16731116
55,54,56,67,"null","null","null",7,12.181519,1.6917281,-2.7538254,3.1863742,-0.5755012,-16731116
56,55,57,66,"null","null","null",6,11.463612,0.5272817,-3.4974654,2.4522867,-0.95190215,-16731116
57,56,58,65,"null","null","null",5,8.358858,0.5235968,-3.4058852,1.9383985,-2.4870472,-16731116
58,57,59,64,"null","null","null",4,7.372711,0.6580924,-2.7521253,0.867519,-3.4687886,-16731116
59,58,60,63,"null","null","null",3,2.7894576,1.7924259,-2.1365538,0.46288577,-3.6229587,-16731116
60,59,61,62,"null","null","null",2,1.6309712,2.8755686,-1.1971772,0.63761365,-3.1081505,-16731116
68,54,69,70,"null","null","null",2,11.767178,3.795211,-0.705259,0.5537361,-2.2791758,-16731116
71,1,72,91,"null","null","null",11,11.510674,3.065712,-0.2891289,3.1184032,-1.4052806,-16731116
72,71,73,90,"null","null","null",10,10.036055,2.3408208,-1.3385786,3.6562042,-0.34808022,-16731116
73,72,74,87,"null","null","null",9,7.7203507,1.6749359,-2.7538254,3.3983066,-0.5755012,-16731116
74,73,75,84,"null","null","null",7,7.19261,0.3384865,-3.4974654,2.727799,-1.0443956,-16731116
75,74,76,81,"null","null","null",5,6.505104,0.5235968,-3.4058852,2.0181658,-2.6072886,-16731116
76,75,77,80,"null","null","null",3,3.1914482,0.6580924,-2.7521253,0.867519,-3.6251023,-16731116
77,76,78,79,"null","null","null",2,2.4277432,1.0880269,-2.1365538,0.46288577,-3.8261664,-16731116
81,75,82,83,"null","null","null",2,5.625528,1.7788353,-1.9610502,3.6551359,-0.40147904,-16731116
84,74,85,86,"null","null","null",2,6.09875,2.3612075,-0.41842124,3.6646893,-0.7950944,-16731116
87,73,88,89,"null","null","null",2,2.8988442,3.4248688,-0.27500102,2.444159,-1.5045819,-16731116
92,0,93,142,"null","null","null",27,15.238724,3.700975,-0.67175275,1.8495915,-2.4606745,-16731116
93,92,94,141,"null","null","null",25,8.145571,3.2905617,-0.6167603,3.1463318,-1.4052806,-16731116
94,93,95,138,"null","null","null",24,8.004259,2.6331253,-1.3840548,3.6925116,-0.34808022,-16731116
95,94,96,137,"null","null","null",22,7.189882,1.6917281,-2.8129447,3.445506,-0.5755012,-16731116
96,95,97,130,"null","null","null",21,6.761926,0.47730488,-3.5743203,2.7891583,-0.9701271,-16731116
97,96,98,119,"null","null","null",17,5.748931,0.5235968,-3.5057967,1.8475379,-2.5107396,-16731116
98,97,99,116,"null","null","null",11,4.7378564,0.6580924,-2.88201,0.5830978,-3.4995887,-16731116
99,98,100,113,"null","null","null",9,2.7662876,2.0156596,-2.3054042,0.46288577,-3.6629987,-16731116
100,99,101,110,"null","null","null",7,1.957091,3.1657724,-1.0121964,0.63761365,-3.1602027,-16731116
101,100,102,107,"null","null","null",5,1.2036169,3.5147939,-0.39551884,1.6992425,-2.5264754,-16731116
102,101,103,106,"null","null","null",3,0.64520764,3.0981069,-0.6042892,3.0448964,-1.5045781,-16731116
103,102,104,105,"null","null","null",2,0.36132562,2.361207,-0.6619245,3.664692,-0.32388246,-16731116
107,101,108,109,"null","null","null",2,0.5231378,0.90940034,-2.1905565,0.63667953,-3.8270526,-16731116
110,100,111,112,"null","null","null",2,0.91806066,0.3445301,-2.8544078,0.9791694,-3.1268065,-11184866
113,99,114,115,"null","null","null",2,1.5397195,0.52348053,-3.7907991,2.010226,-1.4433506,-16731116
116,98,117,118,"null","null","null",2,4.123218,0.86650527,-3.4392254,2.4198835,-0.38339564,-16731116
119,97,120,129,"null","null","null",6,5.101969,1.7788353,-2.6534753,3.2712228,-0.40147904,-12486656
120,119,121,128,"null","null","null",5,4.4502573,0.641129,-3.473289,2.5607443,-0.88763,-16731116
121,120,122,127,"null","null","null",4,2.6235597,0.5042378,-3.4551682,2.010226,-2.4726603,-16731116
122,121,123,126,"null","null","null",3,1.8499439,0.6527479,-2.8342948,0.9791694,-3.5548277,-16731116
123,122,124,125,"null","null","null",2,0.87033916,0.90940034,-2.1905565,0.44105583,-3.8270526,-16731116
130,96,131,134,"null","null","null",4,5.4030347,2.673549,-0.6648546,3.8027482,-0.7950944,-16731116
131,130,132,133,"null","null","null",2,1.4817728,1.7788353,-1.9610502,3.6551359,-0.5592989,-16731116
134,130,135,136,"null","null","null",2,3.8846939,3.76261,-0.7370672,0.4390186,-2.3134408,-16731116
138,94,139,140,"null","null","null",2,0.27741727,3.795211,-0.705259,0.5537361,-2.2791758,-16731116
142,92,143,144,"null","null","null",2,13.073357,1.0880196,-2.1365566,0.6001816,-3.8261666,-16731116
