index,parent,child1,child2,name1,name2,common,richness,lengthbr,hxmax,hxmin,hymax,hymin,color
0,-268414834,1,88,"null","null","null",60,37.79937,1.2890222,-3.0865824,3.2332857,-0.6167593,-16731116
1,0,2,47,"null","null","null",44,34.98438,0.34807813,-3.6148462,2.5586643,-1.3840435,-16731116
2,1,3,40,"","null","Lapwings",23,28.030773,0.5754999,-3.3445463,1.529717,-2.8129373,-16731116
3,2,4,29,"null","null","null",19,24.860355,0.9035089,-2.6579103,0.33849317,-3.5743198,-16731116
4,3,5,22,"null","null","null",13,16.563206,2.4241421,-1.847547,0.5235952,-3.5058026,-16731116
5,4,6,15,"null","null","null",9,16.563206,3.3870208,-0.7260059,0.658092,-2.8820195,-16731116
6,5,7,12,"null","null","null",5,10.751408,3.516668,-0.4628839,2.1815746,-2.3054116,-16731116
7,6,8,11,"null","null","null",3,4.8838363,2.969976,-0.6376129,3.3814704,-1.197186,-16731116
8,7,9,10,"null","null","null",2,3.409992,2.2791777,-0.645912,3.79521,-0.3955168,-16731116
12,6,13,14,"null","null","null",2,5.0430107,1.4433382,-2.010231,0.523484,-3.7908013,-16731116
15,5,16,19,"null","null","null",4,9.541395,0.38339457,-2.7414122,0.86650705,-3.7314637,-16731116
16,15,17,18,"null","null","null",2,3.9986856,1.4433382,-2.010231,0.50423634,-3.7908013,-16731116
19,15,20,21,"null","null","null",2,5.3291936,0.8210864,-3.5997522,2.3745222,-0.40725175,-16731116
22,4,23,28,"null","null","null",4,12.935818,0.40148264,-3.2712283,1.7788414,-2.8520653,-16731116
23,22,24,27,"null","null","null",3,6.5457764,0.66423047,-2.5607514,0.6411365,-3.7314637,-16731116
24,23,25,26,"null","null","null",2,4.521981,1.4433382,-2.010231,0.50423634,-3.7908013,-16731116
29,3,30,39,"null","null","null",6,16.849428,0.79509676,-3.507431,2.3612092,-1.3502465,-16731116
30,29,31,36,"null","null","null",5,13.368164,0.5592977,-3.2712283,1.7948618,-2.8520653,-16731116
31,30,32,35,"null","null","null",3,7.843815,0.66423047,-2.5607514,0.6411365,-3.7314637,-12486656
32,31,33,34,"null","null","null",2,3.8346102,1.4433382,-2.010231,0.50423634,-3.7908013,-16731116
36,30,37,38,"null","null","null",2,5.2016664,1.6001966,-2.288043,3.511705,-0.31738362,-16731116
40,2,41,46,"null","null","null",4,12.449003,1.5045897,-3.1510837,3.0981104,-0.27500063,-16731116
41,40,42,45,"null","null","null",3,6.8402724,0.32387957,-3.8027477,2.3612094,-0.66483784,-16731116
42,41,43,44,"null","null","null",2,5.075809,0.55929744,-3.6551414,1.7788426,-1.9610354,-16731116
47,1,48,85,"null","null","null",21,32.83706,2.5264828,-1.6694262,3.6276631,-0.7052618,-16731116
48,47,49,84,"null","null","null",19,21.548546,1.5045903,-3.0061462,3.244843,-0.6042876,-16731116
49,48,50,77,"null","null","null",18,15.886263,0.3238794,-3.61433,2.5519614,-1.197477,-16731116
50,49,51,64,"null","null","null",14,15.886263,0.55929744,-3.4101982,1.6207746,-2.6534662,-16731116
51,50,52,61,"null","null","null",7,9.890383,0.88761616,-2.7414126,0.41482306,-3.4732866,-12486656
52,51,53,58,"null","null","null",5,8.369884,2.4726481,-2.120689,0.50423604,-3.4551725,-11184866
53,52,54,57,"null","null","null",3,8.369884,3.554821,-0.9791784,0.6527474,-2.834302,-12486656
54,53,55,56,"null","null","null",2,4.3456283,3.827052,-0.4410539,0.90938497,-2.1905615,-12486656
58,52,59,60,"null","null","null",2,4.2250934,0.44286594,-3.711181,1.861173,-1.7914275,-11184866
61,51,62,63,"null","null","null",2,4.1845098,0.82108676,-3.5997515,2.3745224,-0.40725157,-16731116
64,50,65,76,"null","null","null",7,14.298831,1.6001978,-2.844086,3.120006,-0.31738424,-16731116
65,64,66,75,"null","null","null",6,12.482563,0.4136094,-3.5088603,2.3745227,-1.1987934,-16731116
66,65,67,72,"null","null","null",5,11.485434,0.541973,-3.3444955,1.9094243,-2.7339146,-16731116
67,66,68,71,"null","null","null",3,9.063249,0.6619247,-2.6608305,0.7547004,-3.6840544,-16731116
68,67,69,70,"null","null","null",2,4.6650214,1.2662282,-2.0763705,0.48397225,-3.8140674,-16731116
72,66,73,74,"null","null","null",2,2.060447,1.691736,-2.1267915,3.5885625,-0.3596006,-16731116
77,49,78,83,"null","null","null",4,8.897779,2.3134434,-1.5287583,3.4890275,-0.73706996,-16731116
78,77,79,82,"null","null","null",3,7.689441,1.6001987,-2.9140007,3.120006,-0.5905163,-16731116
79,78,80,81,"null","null","null",2,0.42385626,0.4136094,-3.5997503,2.3745227,-0.66423047,-16731116
85,47,86,87,"null","null","null",2,11.239276,3.8270519,-0.6366839,0.90937954,-2.1905627,-12486656
88,0,89,114,"null","null","null",16,34.252113,3.1107247,-0.3171605,3.3135395,-1.0032711,-16731116
89,88,90,109,"null","null","null",13,30.730259,2.4621496,-1.5568542,3.7069027,-0.39551604,-16731116
90,89,91,102,"null","null","null",10,26.880375,1.3321753,-2.8598032,3.347855,-0.6042875,-16731116
91,90,92,97,"null","null","null",6,18.376688,0.32387918,-3.4240847,2.685877,-1.1773154,-16731116
92,91,93,96,"null","null","null",3,17.125824,0.5592972,-3.1628804,1.7788439,-2.6272573,-12486656
93,92,94,95,"null","null","null",2,13.290303,0.66423035,-2.4198992,0.64114,-3.4392164,-11184866
97,91,98,101,"null","null","null",3,9.180304,2.313444,-1.0472472,3.790336,-0.7370704,-16731116
98,97,99,100,"null","null","null",2,5.448971,1.6002,-2.2880378,3.5117078,-0.5905161,-16731116
102,90,103,106,"null","null","null",4,16.563118,3.0229487,-0.30319953,3.2790747,-1.1514587,-16731116
103,102,104,105,"null","null","null",2,9.985566,2.313444,-0.65274763,3.7626064,-0.37198827,-16731116
106,102,107,108,"null","null","null",2,13.984953,3.0051584,-1.0892134,0.33095476,-2.9852433,-16731116
109,89,110,113,"null","null","null",3,13.653001,3.6823015,-0.6366841,1.6104301,-2.190563,-16731116
110,109,111,112,"null","null","null",2,7.7717524,3.2227087,-0.62788224,2.7384808,-1.3026884,-16731116
114,88,115,118,"null","null","null",3,19.282566,3.554819,-0.9791815,0.3445285,-2.834304,-16731116
115,114,116,117,"null","null","null",2,7.3587375,3.827052,-0.44105333,0.9093783,-2.190563,-12486656
