index,parent,child1,child2,name1,name2,common,richness,lengthbr,hxmax,hxmin,hymax,hymin,color
0,-268368758,1,36,"null","null","null",30,15.301132,3.2514277,-0.9443785,0.3309561,-3.0087004,-16731116
1,0,2,31,"null","null","null",18,14.084559,3.5280137,-0.4185698,1.8495915,-2.3703609,-16731116
2,1,3,30,"null","null","null",15,10.831348,3.065712,-0.6167603,3.1463318,-1.4052806,-16731116
3,2,4,29,"null","null","null",14,9.951058,2.3408208,-1.3385786,3.6925116,-0.34808022,-16731116
4,3,5,24,"","null","Bush-warblers",13,8.052843,1.5297087,-2.7538254,3.445506,-0.5755012,-16731116
5,4,6,19,"null","null","null",10,7.4083166,0.3384865,-3.4974654,2.7891583,-0.9035219,-16731116
6,5,7,16,"null","null","null",7,7.2120705,0.5235968,-3.4058852,2.0181658,-2.4241529,-16731116
7,6,8,15,"null","null","null",5,2.6616483,0.6580924,-2.7521253,0.867519,-3.3870258,-16731116
8,7,9,14,"null","null","null",4,2.0623896,2.1815877,-2.1365538,0.46288577,-3.516667,-16731116
9,8,10,13,"null","null","null",3,1.8358682,3.3814788,-1.1971772,0.63761365,-2.9699712,-16731116
10,9,11,12,"null","null","null",2,1.3841985,3.7952123,-0.39551884,0.64591134,-2.2791743,-16731116
16,6,17,18,"null","null","null",2,1.4770056,1.7788353,-1.9610502,3.6551359,-0.40147904,-16731116
19,5,20,23,"null","null","null",3,2.4887397,2.3612075,-0.6648546,3.8027482,-0.7950944,-16731116
20,19,21,22,"null","null","null",2,0.8348574,1.7788353,-1.9610502,3.6551359,-0.5592989,-16731116
24,4,25,28,"null","null","null",3,3.7336,3.0981078,-0.27500102,3.0448914,-1.5045819,-16731116
25,24,26,27,"null","null","null",2,2.8668668,2.3612075,-0.66192454,3.6646893,-0.32388148,-16731116
31,1,32,35,"null","null","null",3,11.4942875,1.7924187,-2.1365566,0.6001816,-3.622961,-16731116
32,31,33,34,"null","null","null",2,10.610247,2.8755634,-1.1971815,0.6376133,-3.1081553,-16731116
36,0,37,50,"null","null","null",12,13.266272,0.55628717,-2.8820148,0.90259826,-3.3870234,-16731116
37,36,38,47,"null","null","null",7,12.382957,2.1643844,-2.305408,0.4628849,-3.5166674,-16731116
38,37,39,44,"","null","Tesias",5,7.875749,3.3591185,-1.0122019,0.6376133,-2.9699733,-16731116
39,38,40,43,"null","null","null",3,3.992792,3.7661476,-0.3955179,1.2371341,-2.2791758,-16731116
40,39,41,42,"null","null","null",2,2.0498223,3.4248688,-0.6042887,2.444159,-1.5045819,-16731116
44,38,45,46,"null","null","null",2,2.2651424,0.34452954,-2.854413,0.9791734,-3.1268015,-16731116
47,37,48,49,"null","null","null",2,3.451014,0.5234822,-3.7908006,2.010228,-1.4433446,-16731116
50,36,51,56,"null","null","null",5,9.196013,0.8665061,-3.4851913,2.741412,-0.6343571,-16731116
51,50,52,55,"null","null","null",3,5.837746,0.50423723,-3.4706435,2.010228,-2.1434073,-16731116
52,51,53,54,"null","null","null",2,2.4785972,0.65274775,-2.854413,0.9791734,-3.1268015,-16731116
56,50,57,58,"null","null","null",2,3.3529673,2.3745222,-0.40725225,3.5997555,-0.8210852,-16731116
