index,parent,child1,child2,name1,name2,common,richness,lengthbr,hxmax,hxmin,hymax,hymin,color
0,-268269562,1,102,"null","null","null",52,14.7743845,2.2791777,-1.5837798,3.7069013,-0.3955168,-16731116
1,0,2,101,"null","null","null",51,13.888288,1.5045863,-2.8948028,3.3478513,-0.6042881,-16731116
2,1,3,94,"null","null","null",50,13.136178,0.32388037,-3.4695792,2.685873,-1.1974823,-16731116
3,2,4,75,"null","null","null",46,11.920112,0.55929816,-3.2220194,1.6930507,-2.65347,-16731116
4,3,5,74,"null","null","null",36,11.046683,0.7517928,-2.49678,0.64113533,-3.473287,-16731116
5,4,6,69,"null","null","null",35,10.373663,2.296076,-1.9270685,0.5042366,-3.455171,-16731116
6,5,7,56,"null","null","null",32,7.678378,3.3252745,-0.85306513,0.6527476,-2.8342996,-16731116
7,6,8,55,"null","null","null",25,5.8863373,3.5286393,-0.44105446,1.8643999,-2.1905599,-16731116
8,7,9,46,"null","null","null",24,5.8674407,3.0229454,-0.6278829,3.068636,-1.116683,-16731116
9,8,10,45,"null","null","null",19,5.101626,2.3134413,-1.5005771,3.4890292,-0.37198985,-16731116
10,9,11,42,"null","null","null",18,4.9846573,1.5501393,-2.8773599,3.1200047,-0.59051716,-16731116
11,10,12,41,"null","null","null",16,4.54124,0.4136023,-3.5521102,2.3745217,-1.1122053,-16731116
12,11,13,40,"null","null","null",15,3.4939387,0.5419742,-3.4007154,1.861169,-2.621345,-16731116
13,12,14,31,"null","null","null",14,3.2219849,0.6619249,-2.7339158,0.5223225,-3.5377069,-16731116
14,13,15,30,"null","null","null",9,2.9039583,2.1597366,-2.076366,0.48397362,-3.6238096,-16731116
15,14,16,27,"null","null","null",8,2.0534139,3.2514281,-0.8706881,0.6459125,-3.0781713,-16731116
16,15,17,24,"null","null","null",6,1.3909463,3.5280135,-0.41857004,1.9147041,-2.4606736,-16731116
17,16,18,23,"null","null","null",4,0.76223785,3.0657115,-0.61676043,3.230977,-1.4052795,-16731116
18,17,19,22,"null","null","null",3,0.5741579,2.3408203,-0.85625833,3.8025496,-0.3480805,-16731116
19,18,20,21,"null","null","null",2,0.25868088,1.6917273,-2.1268084,3.5885549,-0.5755014,-16731116
24,16,25,26,"null","null","null",2,0.25172424,1.0880215,-2.1365557,0.6001812,-3.8261662,-16731116
27,15,28,29,"null","null","null",2,1.4111494,0.3578289,-2.7162132,0.90259814,-3.239981,-16731116
31,13,32,39,"null","null","null",5,2.0337164,0.84492016,-3.4974651,2.4522903,-1.0443909,-16731116
32,31,33,38,"null","null","null",4,1.34004,0.5235962,-3.4058871,1.9384009,-2.6072845,-16731116
33,32,34,37,"null","null","null",3,0.9788457,0.65809226,-2.752128,0.86752254,-3.6251001,-16731116
34,33,35,36,"null","null","null",2,0.38625792,1.0880215,-2.1365557,0.46288514,-3.8261662,-12486656
42,10,43,44,"null","null","null",2,2.322798,3.3284116,-0.28912845,2.594499,-1.4052837,-11184866
46,8,47,52,"null","null","null",5,5.2155905,3.406868,-0.9287933,0.33095568,-2.90701,-16731116
47,46,48,51,"null","null","null",3,3.763795,3.7300892,-0.41856912,1.4251027,-2.2381623,-16731116
48,47,49,50,"null","null","null",2,1.4467331,3.3284116,-0.61675996,2.594499,-1.4052837,-16731116
52,46,53,54,"null","null","null",2,2.0233579,0.35782835,-2.716219,0.90259886,-3.239977,-16731116
56,6,57,64,"null","null","null",7,7.162346,0.72912025,-2.8537707,0.8857578,-3.4364245,-16731116
57,56,58,63,"null","null","null",4,4.5706115,2.3305638,-2.076369,0.48397276,-3.4921463,-12486656
58,57,59,62,"null","null","null",3,4.311228,3.4735074,-1.0892072,0.64591223,-2.90701,-12486656
59,58,60,61,"null","null","null",2,2.1708174,3.81672,-0.41856912,0.73105973,-2.2381623,-16731116
64,56,65,68,"null","null","null",3,4.617617,0.8449211,-3.7671354,2.4522934,-0.39556122,-16731116
65,64,66,67,"null","null","null",2,2.0945415,0.52359575,-3.7564604,1.9384029,-1.6186361,-16731116
69,5,70,73,"null","null","null",3,9.181927,0.4428649,-3.275539,1.861171,-2.4725335,-16731116
70,69,71,72,"null","null","null",2,7.0464067,0.66192484,-2.5711865,0.7546976,-3.3442545,-16731116
75,3,76,91,"null","null","null",10,9.556269,1.5501398,-2.84409,3.282635,-0.3173825,-16731116
76,75,77,84,"null","null","null",8,6.0665636,0.29948908,-3.5088603,2.5859408,-1.1988022,-16731116
77,76,78,83,"null","null","null",4,5.650237,0.541974,-3.3444915,1.8611698,-2.733922,-16731116
78,77,79,82,"null","null","null",3,4.5496187,0.66192484,-2.660825,0.7546941,-3.6840577,-16731116
79,78,80,81,"null","null","null",2,0.8927036,1.2662381,-2.076367,0.48397338,-3.8140666,-16731116
84,76,85,90,"null","null","null",4,5.119853,2.3408217,-1.3545724,3.4508247,-0.76705277,-12486656
85,84,86,89,"null","null","null",3,3.6408808,1.6917303,-2.7746198,3.1313148,-0.57550085,-12486656
86,85,87,88,"null","null","null",2,1.0608039,0.5272839,-3.5245008,2.3807096,-0.665,-11184866
91,75,92,93,"null","null","null",2,3.797764,3.3284109,-0.2891283,2.5944998,-1.405283,-12486656
94,2,95,98,"null","null","null",4,11.892502,2.5840387,-1.0472604,3.790334,-0.73706865,-16731116
95,94,96,97,"null","null","null",2,4.756435,1.6001931,-2.2880492,3.5117016,-0.59051704,-16731116
98,94,99,100,"null","null","null",2,4.156784,3.8167195,-0.6717541,0.7310606,-2.2381625,-16731116
