index,parent,child1,child2,name1,name2,common,richness,lengthbr,hxmax,hxmin,hymax,hymin,color
0,-268270451,1,36,"null","null","null",23,29.74263,3.1107247,-0.3171605,3.2525854,-1.0032711,-16731116
1,0,2,29,"null","null","null",18,28.388634,2.4621496,-1.669425,3.6276627,-0.39551604,-16731116
2,1,3,28,"null","null","null",14,27.242924,1.5045912,-3.0061452,3.2448432,-0.6042875,-16731116
3,2,4,21,"null","null","null",13,24.822441,0.32387918,-3.6143293,2.551962,-1.2045189,-16731116
4,3,5,14,"null","null","null",9,22.23795,0.5592972,-3.4101985,1.6207758,-2.662622,-16731116
5,4,6,11,"null","null","null",5,13.089359,0.66423035,-2.7414126,0.41482425,-3.4851906,-16731116
6,5,7,10,"null","null","null",3,5.832525,2.1433957,-2.010233,0.50423574,-3.4706488,-16731116
7,6,8,9,"null","null","null",2,3.6756425,3.1267943,-0.9791801,0.6527473,-2.8544214,-16731116
11,5,12,13,"null","null","null",2,3.4378686,0.8210871,-3.5997503,2.3745227,-0.4072514,-16731116
14,4,15,20,"null","null","null",4,10.652454,1.6001993,-3.0610588,3.120006,-0.3173849,-16731116
15,14,16,19,"null","null","null",3,7.7142725,0.41361105,-3.7909265,2.3745227,-0.66423047,-16731116
16,15,17,18,"null","null","null",2,3.4819427,0.54197276,-3.7111826,1.8611755,-1.7914224,-12486656
21,3,22,27,"null","null","null",4,23.316368,2.313444,-1.5287559,3.489027,-0.7370704,-16731116
22,21,23,26,"null","null","null",3,5.733357,1.6002,-2.913999,3.1200063,-0.5905161,-16731116
23,22,24,25,"null","null","null",2,3.6805027,0.41361105,-3.5997496,2.3745227,-0.66423047,-16731116
29,1,30,33,"null","null","null",4,13.105653,3.6823015,-0.6366841,1.6104301,-2.3868942,-11184866
30,29,31,32,"null","null","null",2,1.251217,3.2227087,-0.62788224,2.7384808,-1.3026884,-11184866
33,29,34,35,"null","null","null",2,5.1673036,1.266223,-2.0763721,0.5624022,-3.814068,-11184866
36,0,37,42,"null","null","null",5,27.0297,3.4434726,-0.9169636,0.3445285,-2.834304,-16731116
37,36,38,41,"null","null","null",3,25.384241,3.6823015,-0.44105333,1.6104301,-2.190563,-16731116
38,37,39,40,"","null","Harrier-hawks",2,7.8598523,3.2227087,-0.62788224,2.7384808,-1.3026884,-16731116
42,36,43,44,"null","null","null",2,20.731936,0.3708,-2.5711937,0.88575876,-3.34425,-12486656
