index,parent,child1,child2,name1,name2,common,richness,lengthbr,hxmax,hxmin,hymax,hymin,color
0,-268405669,1,78,"null","null","null",45,23.074062,2.464298,-1.847542,0.48358512,-3.429982,-16731116
1,0,2,63,"null","null","null",39,21.440578,3.439219,-0.72600245,0.6580922,-2.7834516,-16731116
2,1,3,46,"null","null","null",31,17.466415,3.5845218,-0.4628849,2.0824406,-2.1772761,-16731116
3,2,4,45,"null","null","null",22,12.390428,3.0581841,-0.6376133,3.2525918,-1.1971812,-16731116
4,3,5,38,"null","null","null",21,9.916911,2.3938498,-1.6694396,3.6276631,-0.3955179,-16731116
5,4,6,31,"null","null","null",17,8.954374,1.3321655,-3.0061564,3.2448392,-0.6042887,-16731116
6,5,7,22,"null","null","null",13,8.597724,0.32388148,-3.614334,2.551958,-1.2045312,-16731116
7,6,8,17,"null","null","null",8,7.5925083,0.5592989,-3.4101977,1.6207671,-2.6626298,-16731116
8,7,9,14,"null","null","null",5,6.013294,0.6642305,-2.7414117,0.41481674,-3.48519,-16731116
9,8,10,13,"null","null","null",3,5.0904055,2.143413,-2.010226,0.5042378,-3.4706397,-16731116
10,9,11,12,"null","null","null",2,2.483855,3.1268065,-0.9791694,0.6527479,-2.8544078,-16731116
14,8,15,16,"null","null","null",2,2.2438648,0.8210846,-3.5997574,2.374522,-0.40725255,-16731116
17,7,18,21,"null","null","null",3,5.8656383,1.600189,-2.9140143,3.1200047,-0.3173806,-12486656
18,17,19,20,"null","null","null",2,2.031826,0.4135974,-3.5997574,2.374522,-0.66423035,-12486656
22,6,23,30,"null","null","null",5,7.1775885,2.3134408,-1.5287752,3.4890308,-0.7370672,-16731116
23,22,24,27,"null","null","null",4,7.078115,1.550134,-2.9140143,3.1200047,-0.5905177,-16731116
24,23,25,26,"null","null","null",2,5.534542,0.4135974,-3.5997574,2.374522,-0.66423035,-16731116
27,23,28,29,"null","null","null",2,0.27804145,3.328406,-0.28912896,2.5945067,-1.4052784,-16731116
31,5,32,37,"null","null","null",4,5.618065,3.022944,-0.30320084,3.300411,-1.3026779,-16731116
32,31,33,36,"null","null","null",3,3.2976644,2.3134408,-1.0472691,3.7903333,-0.37199068,-12486656
33,32,34,35,"null","null","null",2,1.9146566,1.600189,-2.2880564,3.5116978,-0.5905177,-12486656
38,4,39,44,"null","null","null",4,5.840721,3.528639,-0.6366811,2.026287,-2.1905582,-16731116
39,38,40,43,"null","null","null",3,4.3938,3.022944,-0.6278832,3.2790856,-1.3026779,-16731116
40,39,41,42,"null","null","null",2,1.9024209,2.3134408,-0.65274704,3.7626104,-0.37199068,-16731116
46,2,47,62,"","null","Racquet-Tails",9,12.377084,2.2960806,-2.010228,0.5234822,-3.5025039,-12486656
47,46,48,61,"null","null","null",8,9.253907,3.3252769,-0.9791716,0.65274775,-2.8958313,-12486656
48,47,49,56,"null","null","null",7,8.038963,3.528639,-0.44105524,2.026287,-2.2705529,-12486656
49,48,50,53,"null","null","null",4,5.009166,3.022944,-0.6278832,3.2790856,-1.151444,-12486656
50,49,51,52,"null","null","null",2,2.4726572,2.3134408,-0.65274704,3.7626104,-0.37199068,-12486656
53,49,54,55,"null","null","null",2,2.21341,3.0051725,-1.0892012,0.33095616,-2.9852285,-12486656
56,48,57,60,"null","null","null",3,3.5677571,1.9703102,-2.0763655,0.5623986,-3.5523152,-16731116
57,56,58,59,"null","null","null",2,2.0829074,3.0051725,-1.0892012,0.6459125,-2.9852285,-12486656
63,1,64,75,"null","null","null",8,9.342722,0.8876256,-2.741412,0.8665061,-3.4732883,-16731116
64,63,65,70,"null","null","null",6,8.422703,2.4726562,-1.9270635,0.50423723,-3.4551697,-16731116
65,64,66,69,"","null","King-Parrots",3,3.8081677,3.554825,-0.9791716,0.65274775,-2.834297,-16731116
66,65,67,68,"null","null","null",2,1.5216777,3.8270519,-0.44105524,0.9093958,-2.1905582,-16731116
70,64,71,74,"null","null","null",3,7.640696,0.44286343,-3.2755337,1.8611681,-2.4725404,-12486656
71,70,72,73,"null","null","null",2,3.0747466,0.66192496,-2.5711792,0.7546917,-3.3442597,-12486656
75,63,76,77,"null","null","null",2,3.3852656,0.8210852,-3.5997555,2.3745217,-0.40725225,-16731116
78,0,79,86,"","null","Pygmy-Parrots",6,6.8829646,0.40148073,-3.271225,1.7948564,-2.662628,-16731116
79,78,80,85,"null","null","null",4,1.9933815,0.66423047,-2.560747,0.64113134,-3.4851902,-16731116
80,79,81,84,"null","null","null",3,1.7357521,2.1434085,-2.010228,0.50423723,-3.470642,-16731116
81,80,82,83,"null","null","null",2,0.42199653,3.1268032,-0.9791716,0.65274775,-2.8544111,-16731116
86,78,87,88,"null","null","null",2,1.37026,1.6001921,-2.2880507,3.511701,-0.31738168,-16731116
