index,parent,child1,child2,name1,name2,common,richness,lengthbr,hxmax,hxmin,hymax,hymin,color
0,-268270530,1,40,"null","null","null",22,24.747675,0.34807852,-3.6148462,2.6331284,-1.3385687,-16731116
1,0,2,27,"null","null","null",20,19.899284,0.57550013,-3.3445456,1.5297157,-2.7538188,-16731116
2,1,3,18,"null","null","null",13,16.164658,0.95189315,-2.6579094,0.33849198,-3.4974642,-16731116
3,2,4,13,"null","null","null",8,12.329278,2.4870405,-1.7993889,0.52359545,-3.405889,-16731116
4,3,5,10,"null","null","null",5,8.403763,3.4687872,-0.58310705,0.6580921,-2.7521315,-16731116
5,4,6,9,"null","null","null",3,3.6839046,3.6229632,-0.46288425,1.7924132,-2.136558,-16731116
6,5,7,8,"null","null","null",2,0.27779645,3.108159,-0.637613,2.875559,-1.1971844,-16731116
10,4,11,12,"null","null","null",2,1.0787377,0.38339475,-2.419892,0.8665067,-3.4392204,-16731116
13,3,14,17,"null","null","null",3,4.439728,0.401482,-3.162875,1.7788401,-2.6272643,-16731116
14,13,15,16,"null","null","null",2,3.3325555,0.66423047,-2.419892,0.6411348,-3.4392204,-16731116
18,2,19,26,"null","null","null",5,10.166585,0.7950963,-3.507431,2.361209,-1.3502487,-16731116
19,18,20,25,"null","null","null",4,9.669286,0.5592979,-3.2712274,1.7788401,-2.852067,-16731116
20,19,21,24,"null","null","null",3,6.4856033,0.66423047,-2.56075,0.6411348,-3.7314641,-16731116
21,20,22,23,"null","null","null",2,5.0664935,1.4433408,-2.01023,0.50423664,-3.7908006,-16731116
27,1,28,39,"null","null","null",7,14.561869,1.5045881,-2.9239182,3.0981102,-0.275,-16731116
28,27,29,38,"null","null","null",6,14.45293,0.32387993,-3.507431,2.3612092,-1.2045227,-16731116
29,28,30,37,"null","null","null",5,11.919259,0.5592977,-3.2712283,1.7788414,-2.6626244,-16731116
30,29,31,36,"null","null","null",4,10.519736,0.66423047,-2.5607514,0.6411365,-3.4851904,-16731116
31,30,32,35,"null","null","null",3,8.766966,2.1434007,-2.010231,0.50423634,-3.4706461,-16731116
32,31,33,34,"null","null","null",2,0.9830301,3.126798,-0.9791769,0.6527475,-2.8544173,-16731116
40,0,41,42,"null","null","null",2,12.939324,2.2791781,-0.55372405,3.7952094,-0.70526135,-16731116
