index,parent,child1,child2,name1,name2,common,richness,lengthbr,hxmax,hxmin,hymax,hymin,color
0,-268384253,1,64,"Emberizidae","null","Seedeaters and more",39,4.6314163,0.6764535,-2.7339134,0.8857558,-3.4966006,-16731116
1,0,2,43,"null","null","null",32,4.2917776,2.2620902,-2.105143,0.48397505,-3.5703652,-16731116
2,1,3,34,"null","null","null",21,3.860048,3.3844805,-0.88664174,0.645913,-3.0086918,-16731116
3,2,4,29,"null","null","null",16,3.4661906,3.7009745,-0.41857165,1.7316535,-2.3703532,-16731116
4,3,5,26,"null","null","null",13,2.6694732,3.2905574,-0.61676127,2.9930046,-1.2878622,-16731116
5,4,6,23,"null","null","null",11,1.6351626,2.6331215,-1.3385899,3.493178,-0.34808218,-16731116
6,5,7,20,"null","null","null",9,0.7119652,1.6749259,-2.7538333,3.186367,-0.5755025,-12486656
7,6,8,19,"null","null","null",7,0.28335518,0.52727246,-3.497467,2.452278,-0.9519128,-12486656
8,7,9,18,"null","null","null",6,0.24972577,0.5235983,-3.4058807,1.9383926,-2.487055,-12486656
9,8,10,15,"null","null","null",5,0.20506233,0.6580928,-2.752118,0.58308595,-3.46879,-12486656
10,9,11,14,"null","null","null",3,0.12760596,1.7924408,-2.1365492,0.46288753,-3.622953,-16731116
11,10,12,13,"null","null","null",2,0.08067168,2.8755796,-1.1971684,0.63761437,-3.1081407,-12486656
15,9,16,17,"null","null","null",2,0.15566404,0.8665037,-3.4392328,2.4198709,-0.38339666,-12486656
20,6,21,22,"null","null","null",2,0.23680153,3.4248614,-0.27500218,2.4441714,-1.5045741,-12486656
23,5,24,25,"null","null","null",2,0.72783375,3.7952137,-0.70525634,0.5537506,-2.2791727,-16731116
26,4,27,28,"null","null","null",2,1.4775115,2.8755739,-1.1971728,0.3171628,-3.1081457,-16731116
29,3,30,33,"null","null","null",3,2.193861,1.792433,-2.1365514,0.60017854,-3.6229558,-16731116
30,29,31,32,"null","null","null",2,1.2738622,2.8755739,-1.1971728,0.637614,-3.1081457,-16731116
34,2,35,40,"null","null","null",5,2.311537,0.3578298,-2.7521214,0.90259707,-3.4687893,-16731116
35,34,36,39,"null","null","null",3,2.0403247,1.792433,-2.1365514,0.46288663,-3.6229558,-16731116
36,35,37,38,"null","null","null",2,0.6146901,2.8755739,-1.1971728,0.637614,-3.1081457,-16731116
40,34,41,42,"null","null","null",2,0.8615104,0.86650443,-3.439229,2.419877,-0.38339615,-16731116
43,1,44,57,"null","null","null",11,3.714017,0.48358122,-3.5057936,1.799375,-2.487051,-16731116
44,43,45,52,"null","null","null",7,3.2474241,0.6580926,-2.8820057,0.64569753,-3.4687893,-16731116
45,44,46,49,"null","null","null",4,2.867787,1.792433,-2.3054006,0.46288663,-3.6229558,-12486656
46,45,47,48,"null","null","null",2,0.58937234,2.8755739,-1.1971728,0.637614,-3.1081457,-12486656
49,45,50,51,"null","null","null",2,1.3164533,0.523479,-3.7907977,2.0102232,-1.4433578,-12486656
52,44,53,56,"null","null","null",3,1.8522242,0.86650443,-3.7314677,2.56074,-0.38339615,-16731116
53,52,54,55,"null","null","null",2,1.6243345,0.50423855,-3.7907977,2.0102232,-1.4433578,-16731116
57,43,58,61,"null","null","null",4,1.9136169,1.7948487,-2.6272786,3.1628635,-0.40147734,-12486656
58,57,59,60,"null","null","null",2,0.26907533,0.6411245,-3.439229,2.419877,-0.6642306,-16731116
61,57,62,63,"null","null","null",2,0.76565146,3.5116959,-0.31737888,2.2880604,-1.6001867,-11184866
64,0,65,76,"null","null","null",7,4.13754,0.8449185,-3.497466,2.513641,-0.9519073,-16731116
65,64,66,73,"null","null","null",6,3.196826,0.5235976,-3.4058828,2.0181618,-2.487051,-16731116
66,65,67,72,"null","null","null",4,1.8735284,0.6580926,-2.7521214,0.86751455,-3.4687893,-16731116
67,66,68,71,"null","null","null",3,1.6032075,1.792433,-2.1365514,0.46288663,-3.6229558,-16731116
68,67,69,70,"null","null","null",2,0.58549166,2.8755739,-1.1971728,0.637614,-3.1081457,-16731116
73,65,74,75,"null","null","null",2,0.31626862,1.7788317,-1.9610568,3.6551337,-0.40147734,-16731116
