index,parent,child1,child2,name1,name2,common,richness,lengthbr,hxmax,hxmin,hymax,hymin,color
0,-268405677,1,130,"null","null","null",652,31.24582,3.570889,-0.4839731,2.2483351,-2.1014652,-16731116
1,0,2,101,"null","null","null",431,29.475836,3.0093756,-0.64591235,3.3666086,-0.9443795,-16731116
2,1,3,80,"null","null","null",416,27.736362,2.3712378,-1.8495896,3.6777506,-0.41856945,-16731116
3,2,4,57,"","null","Ovenbirds, Woodcreepers, Antthrushes",314,23.0129,1.2264603,-3.1463308,3.260371,-0.61676013,-16731116
4,3,5,24,"","null","Ovenbirds, Woodcreepers",302,15.264139,0.34807986,-3.692512,2.593877,-1.3438773,-16731116
5,4,6,-268395520,"null","null","null",285,13.233095,0.57550097,-3.4455075,1.5949239,-2.7607152,-16731116
6,5,7,19,"Furnariidae","null","Ovenbirds",232,12.417991,0.9701229,-2.7891603,0.33848894,-3.506424,-16731116
7,6,-268399616,8,"null","null","null",229,4.4478354,2.5107362,-1.8475416,0.5235962,-3.4175334,-16731116
8,7,9,18,"null","null","null",6,3.8819141,0.40148032,-3.2712255,1.7788366,-2.6534734,-16731116
9,8,10,17,"null","null","null",5,3.8819141,0.8876251,-2.5607474,0.6411318,-3.473288,-16731116
10,9,11,16,"null","null","null",4,3.2850456,2.472656,-2.0102282,0.5042372,-3.4551697,-16731116
11,10,12,15,"null","null","null",3,2.899181,3.5548253,-0.9791728,0.65274775,-2.8342974,-16731116
12,11,13,14,"null","null","null",2,1.7876137,3.8270524,-0.44105512,0.9093949,-2.1905584,-16731116
19,6,20,23,"null","null","null",3,2.0971825,0.7950952,-3.8027492,2.3612084,-0.6648505,-16731116
20,19,21,22,"null","null","null",2,0.8069321,0.55929863,-3.655138,1.7788366,-1.9610461,-16731116
24,4,25,46,"Furnariidae","null","Ovenbirds",17,11.44562,2.3938498,-1.6061828,3.706901,-0.70525956,-16731116
25,24,26,41,"","null","Miners",11,7.5570264,1.3321655,-2.9239225,3.3478484,-0.6042887,-16731116
26,25,27,34,"null","null","null",8,5.6666374,0.32388148,-3.5074303,2.6858704,-1.3502572,-16731116
27,26,28,33,"null","null","null",4,3.9644253,0.5592989,-3.2712228,1.7788353,-2.8520734,-16731116
28,27,29,32,"null","null","null",3,3.4998002,0.6642305,-2.5607443,0.6411284,-3.7314665,-16731116
29,28,30,31,"null","null","null",2,2.6578379,1.4433506,-2.010226,0.5042378,-3.7907991,-16731116
34,26,35,38,"null","null","null",4,5.017206,2.5840364,-1.0472691,3.7903333,-0.7370672,-16731116
35,34,36,37,"null","null","null",2,4.4059014,1.600189,-2.2880564,3.5116978,-0.5905177,-12486656
38,34,39,40,"null","null","null",2,2.3774025,3.8167205,-0.6717526,0.73106873,-2.2381606,-16731116
41,25,42,45,"null","null","null",3,4.7388206,3.022944,-0.30320084,3.2790856,-1.3026779,-16731116
42,41,43,44,"null","null","null",2,2.9039066,2.3134408,-0.65274704,3.7626104,-0.37199068,-16731116
46,24,47,54,"","null","Leaftossers",6,6.7188025,3.528639,-0.6366811,2.0426912,-2.3868866,-16731116
47,46,48,53,"null","null","null",4,3.5409322,3.022944,-0.6278832,3.300411,-1.3026779,-16731116
48,47,49,52,"null","null","null",3,3.1279328,2.3134408,-1.0472691,3.7903333,-0.37199068,-16731116
49,48,50,51,"null","null","null",2,1.6218127,1.600189,-2.2880564,3.5116978,-0.5905177,-16731116
54,46,55,56,"null","null","null",2,1.7646812,1.2662416,-2.0763655,0.5623986,-3.8140664,-16731116
57,3,58,69,"Formicariidae","null","Antthrushes",12,18.895134,2.9699736,-0.31716147,3.1657689,-1.0229886,-16731116
58,57,59,68,"null","null","null",6,10.7708645,2.279176,-1.7809272,3.5147934,-0.3955179,-16731116
59,58,60,65,"null","null","null",5,7.6691647,1.4209446,-3.1510901,3.0981085,-0.6042887,-16731116
60,59,61,64,"null","null","null",3,3.2379825,0.32388148,-3.8027482,2.3612084,-0.6648546,-16731116
61,60,62,63,"null","null","null",2,2.2632246,0.5592989,-3.6551359,1.7788353,-1.9610502,-16731116
65,59,66,67,"null","null","null",2,2.8713686,3.222697,-0.30320084,2.7384958,-1.3026779,-16731116
69,57,70,75,"null","null","null",6,10.650139,3.443474,-0.9169625,0.34452954,-2.8786826,-16731116
70,69,71,74,"null","null","null",3,7.1893334,3.6822953,-0.44105524,1.6104487,-2.1905582,-16731116
71,70,72,73,"null","null","null",2,6.630359,3.222697,-0.6278832,2.7384958,-1.3026779,-16731116
75,69,76,79,"null","null","null",3,3.4797409,0.3708011,-2.6608229,0.8857572,-3.6840587,-16731116
76,75,77,78,"null","null","null",2,0.83640903,1.2662416,-2.0763655,0.4839738,-3.8140664,-16731116
80,2,81,-268394496,"","null","Antpittas, Tapaculos",102,25.166307,3.6249313,-0.6001822,2.0156538,-2.1702433,-16731116
81,80,-268400640,82,"Rhinocryptidae","null","Tapaculos",53,18.874416,3.1107163,-0.6376133,3.1657689,-1.0032616,-16731116
82,81,83,92,"null","null","null",10,16.271084,3.3252769,-0.9169625,0.40943027,-2.834297,-16731116
83,82,84,91,"null","null","null",5,10.776868,3.528639,-0.44105524,2.026287,-2.1905582,-16731116
84,83,85,88,"null","null","null",4,7.267103,3.022944,-0.6278832,3.2790856,-1.151444,-16731116
85,84,86,87,"null","null","null",2,0.60277456,2.3134408,-0.65274704,3.7626104,-0.37199068,-16731116
88,84,89,90,"null","null","null",2,3.0249138,3.0051725,-1.0892012,0.33095616,-2.9852285,-16731116
92,82,93,98,"null","null","null",5,13.85117,0.45200443,-2.7459319,0.8857572,-3.4827118,-16731116
93,92,94,97,"null","null","null",3,11.860068,1.9703102,-2.0763655,0.4839738,-3.5523152,-16731116
94,93,95,96,"null","null","null",2,11.04841,3.0051725,-1.0892012,0.6459125,-2.9852285,-16731116
98,92,99,100,"null","null","null",2,10.533416,0.8449199,-3.5245025,2.3807096,-0.3955618,-16731116
101,1,102,123,"","null","Gnateaters and more",15,24.211092,3.499587,-0.9025985,0.44187915,-2.8820143,-16731116
102,101,103,120,"null","null","null",11,17.626907,3.663,-0.4628849,2.0156538,-2.3054075,-16731116
103,102,104,117,"Conopophagidae","null","Gnateaters",9,13.166904,3.1602058,-0.6376133,3.1657689,-1.0122011,-16731116
104,103,105,114,"null","null","null",7,9.329129,2.5264778,-1.7809272,3.5147934,-0.3955179,-16731116
105,104,106,111,"null","null","null",5,8.017424,1.4209446,-3.1510901,3.0981085,-0.6042887,-16731116
106,105,107,110,"null","null","null",3,6.0489826,0.32388148,-3.8027482,2.3612084,-0.6648546,-16731116
107,106,108,109,"null","null","null",2,3.8732271,0.5592989,-3.6551359,1.7788353,-1.9610502,-16731116
111,105,112,113,"null","null","null",2,3.6428146,3.222697,-0.30320084,2.7384958,-1.3026779,-16731116
114,104,115,116,"null","null","null",2,3.624096,3.8270519,-0.6366811,0.9093958,-2.1905582,-16731116
117,103,118,119,"null","null","null",2,4.3033047,3.1268032,-0.9791716,0.34452954,-2.8544111,-16731116
120,102,121,122,"Formicariidae","null","Antpittas",2,9.870363,1.443346,-2.010228,0.5234822,-3.7907999,-16731116
123,101,124,129,"Rhinocryptidae","null","Crescentchests",4,13.447285,0.63435805,-2.560747,0.8665061,-3.4851902,-16731116
124,123,125,128,"null","null","null",3,7.0705366,2.1434085,-2.010228,0.50423723,-3.470642,-16731116
125,124,126,127,"null","null","null",2,4.7246666,3.1268032,-0.9791716,0.65274775,-2.8544111,-16731116
130,0,131,174,"","null","Antbirds",221,16.900345,2.4856687,-1.9093078,0.48358512,-3.4975019,-16731116
131,130,132,169,"null","null","null",215,15.653997,3.467001,-0.6457069,0.6580922,-2.8712275,-16731116
132,131,133,134,"null","null","null",212,13.251241,3.6206384,-0.4628849,2.1163013,-2.1772761,-16731116
133,132,-268403712,-268393472,"null","null","null",194,12.806622,3.1051354,-0.6376133,3.2966106,-1.0703824,-16731116
134,132,135,168,"Thamnophilidae","null","Antwrens",18,12.378378,2.2960806,-2.010228,0.5234822,-3.5025039,-16731116
135,134,136,161,"null","null","null",17,12.155385,3.3252769,-0.7673078,0.65274775,-2.8958313,-16731116
136,135,137,156,"null","null","null",13,12.002773,3.528639,-0.44105524,1.980167,-2.2705529,-16731116
137,136,138,155,"null","null","null",10,9.658458,3.022944,-0.6278832,3.2191296,-1.3026779,-16731116
138,137,139,154,"null","null","null",9,7.253427,2.3134408,-1.4436038,3.6846676,-0.37199068,-16731116
139,138,140,149,"null","null","null",8,6.5640483,1.4333808,-2.8032913,3.374333,-0.5905177,-16731116
140,139,141,146,"null","null","null",5,6.0478067,0.29949018,-3.4558175,2.7051485,-0.99774426,-16731116
141,140,142,145,"null","null","null",3,3.54572,0.54197484,-3.2755322,1.8611662,-2.472543,-16731116
142,141,143,144,"null","null","null",2,2.0906987,0.661925,-2.5711775,0.75469065,-3.3442605,-16731116
146,140,147,148,"null","null","null",2,2.1639326,2.3408206,-0.42902395,3.7190466,-0.76705146,-16731116
149,139,150,153,"null","null","null",3,3.828408,3.0657115,-0.28912896,3.1667447,-1.4052784,-12486656
150,149,151,152,"null","null","null",2,1.5568645,2.3408206,-0.65809166,3.7190466,-0.34808072,-12486656
156,136,157,160,"null","null","null",3,8.245268,1.9703102,-2.0763655,0.5623986,-3.5523152,-12486656
157,156,158,159,"null","null","null",2,2.9269047,3.0051725,-1.0892012,0.6459125,-2.9852285,-11184866
161,135,162,167,"null","null","null",4,8.423221,0.45200443,-2.6608229,0.8857572,-3.4827118,-12486656
162,161,163,166,"null","null","null",3,4.4717627,1.9703102,-2.0763655,0.4839738,-3.5523152,-12486656
163,162,164,165,"null","null","null",2,2.1265678,3.0051725,-1.0892012,0.6459125,-2.9852285,-11184866
169,131,170,173,"Thamnophilidae","null","Antbirds and Antshrikes",3,13.658141,0.38339514,-2.560747,0.8665061,-3.7314653,-16731116
170,169,171,172,"null","null","null",2,8.645844,1.443346,-2.010228,0.50423723,-3.7907999,-16731116
174,130,175,182,"Thamnophilidae","null","Antwrens",6,7.079312,0.40148073,-3.410198,1.7948564,-2.8520703,-12486656
175,174,176,179,"null","null","null",4,2.8446517,0.66423047,-2.741412,0.41481847,-3.7314653,-16731116
176,175,177,178,"null","null","null",2,1.0076537,1.443346,-2.010228,0.50423723,-3.7907999,-16731116
179,175,180,181,"null","null","null",2,0.8617617,0.8210852,-3.5997555,2.3745217,-0.40725225,-12486656
182,174,183,184,"null","null","null",2,1.7768683,1.6001921,-2.2880507,3.511701,-0.31738168,-12486656
