index,parent,child1,child2,name1,name2,common,richness,lengthbr,hxmax,hxmin,hymax,hymin,color
0,-268269479,1,44,"null","null","null",23,12.277841,0.751789,-2.5607533,0.6411383,-3.4975262,-16731116
1,0,2,43,"null","null","null",22,10.07863,2.2960727,-2.010232,0.50423604,-3.4866838,-16731116
2,1,3,34,"null","null","null",21,8.995797,3.325273,-0.76731527,0.6527474,-2.8752668,-16731116
3,2,4,25,"null","null","null",16,7.9706135,3.5286398,-0.4410539,1.9801581,-2.2438157,-16731116
4,3,5,18,"null","null","null",11,7.331653,3.0229468,-0.6278826,3.2191238,-1.1166855,-16731116
5,4,6,17,"null","null","null",7,6.451357,2.3134425,-1.4435968,3.6846662,-0.37198922,-16731116
6,5,7,16,"null","null","null",6,5.8991623,1.6001946,-2.803288,3.3743343,-0.5905168,-16731116
7,6,8,13,"null","null","null",5,4.3882904,0.2994887,-3.4558194,2.7051501,-0.9977333,-16731116
8,7,9,12,"null","null","null",3,3.8677278,0.54197377,-3.275539,1.861171,-2.4725335,-16731116
9,8,10,11,"null","null","null",2,1.6712054,0.66192484,-2.5711865,0.7546976,-3.3442545,-16731116
13,7,14,15,"null","null","null",2,2.636628,2.340822,-0.42902333,3.7190435,-0.76705325,-16731116
18,4,19,24,"null","null","null",4,3.277893,3.4068673,-1.089208,0.33095533,-2.907011,-12486656
19,18,20,23,"null","null","null",3,1.9828552,3.7300892,-0.41856888,1.4251008,-2.238163,-12486656
20,19,21,22,"null","null","null",2,1.3861644,3.3284123,-0.6167598,2.5944977,-1.4052846,-11184866
25,3,26,33,"null","null","null",5,6.8083897,2.2793014,-2.0763695,0.56240094,-3.4921467,-16731116
26,25,27,32,"null","null","null",4,4.9459724,3.4068673,-1.089208,0.6459121,-2.907011,-16731116
27,26,28,31,"null","null","null",3,1.8197557,3.7300892,-0.41856888,1.4251008,-2.238163,-16731116
28,27,29,30,"null","null","null",2,1.37621,3.3284123,-0.6167598,2.5944977,-1.4052846,-16731116
34,2,35,42,"null","null","null",5,5.773851,0.72911835,-2.660829,0.8857583,-3.436424,-16731116
35,34,36,41,"null","null","null",4,4.4161944,2.3305619,-2.0763695,0.48397252,-3.4921467,-12486656
36,35,37,40,"null","null","null",3,3.0436635,3.473506,-1.089208,0.6459121,-2.907011,-12486656
37,36,38,39,"null","null","null",2,1.6994119,3.8167195,-0.41856888,0.7310578,-2.238163,-12486656
