index,parent,child1,child2,name1,name2,common,richness,lengthbr,hxmax,hxmin,hymax,hymin,color
0,-268391417,1,76,"Passeridae","null","Sparrows, Snowfinches and more",39,25.130558,2.2791753,-1.6991903,3.6276627,-0.7052587,-16731116
1,0,2,53,"null","null","null",38,19.94496,1.3321645,-3.044831,3.2448382,-0.6042888,-16731116
2,1,3,46,"null","null","null",26,12.417696,0.32388172,-3.66461,2.5519571,-1.2190355,-16731116
3,2,4,43,"null","null","null",22,8.632125,0.5592991,-3.4755552,1.7948521,-2.6814845,-16731116
4,3,5,38,"null","null","null",20,7.4885244,0.7518035,-2.8263764,0.41481584,-3.5096998,-16731116
5,4,6,27,"null","null","null",17,5.616982,2.2960854,-1.986805,0.50423795,-3.5025015,-16731116
6,5,7,18,"null","null","null",11,5.257326,3.3252792,-0.8051311,0.652748,-2.8958278,-16731116
7,6,8,13,"null","null","null",6,4.433633,3.5286388,-0.441056,2.026293,-2.2705498,-16731116
8,7,9,12,"null","null","null",3,3.9616191,3.022942,-0.62788355,3.2790897,-1.3026744,-16731116
9,8,10,11,"null","null","null",2,2.1302812,2.3134391,-0.6527468,3.7626119,-0.37199152,-16731116
13,7,14,17,"null","null","null",3,3.4499834,1.9703138,-2.0763643,0.56239724,-3.5523138,-16731116
14,13,15,16,"null","null","null",2,2.095797,3.005175,-1.0891994,0.64591277,-2.9852262,-16731116
18,6,19,24,"null","null","null",5,3.2878885,0.45200825,-2.7459316,0.8857566,-3.482712,-16731116
19,18,20,23,"null","null","null",3,2.4850311,1.9703138,-2.0763643,0.48397422,-3.5523138,-16731116
20,19,21,22,"null","null","null",2,1.870729,3.005175,-1.0891994,0.64591277,-2.9852262,-16731116
24,18,25,26,"null","null","null",2,2.0463877,0.84491944,-3.5245032,2.3807092,-0.39556205,-16731116
27,5,28,35,"null","null","null",6,4.6648436,0.44286197,-3.4099584,1.9094133,-2.7339268,-16731116
28,27,29,32,"null","null","null",4,2.4197655,0.66192496,-2.7459316,0.49050635,-3.6840599,-16731116
29,28,30,31,"null","null","null",2,1.9780413,1.2662454,-2.0763643,0.48397422,-3.814066,-16731116
32,28,33,34,"null","null","null",2,1.9287643,0.84491944,-3.5245032,2.3807092,-0.39556205,-16731116
35,27,36,37,"null","null","null",2,2.076143,1.6917281,-2.1268067,3.5885556,-0.35959655,-16731116
38,4,39,42,"null","null","null",3,5.030888,0.8210844,-3.7909286,2.3745215,-0.4738196,-16731116
39,38,40,41,"null","null","null",2,2.643169,0.5419747,-3.7111769,1.8611665,-1.7914414,-16731116
43,3,44,45,"null","null","null",2,2.9896276,1.6001897,-2.2880554,3.5116982,-0.31738016,-12486656
46,2,47,52,"null","null","null",4,6.861189,2.3134403,-1.5287743,3.48903,-0.737067,-16731116
47,46,48,51,"null","null","null",3,4.6985083,1.6001897,-2.9140136,3.1200042,-0.59051764,-16731116
48,47,49,50,"null","null","null",2,2.472135,0.4135989,-3.5997567,2.3745215,-0.66423035,-16731116
53,1,54,69,"null","null","null",12,16.960926,3.0229437,-0.303201,3.219129,-1.1166797,-16731116
54,53,55,68,"null","null","null",8,14.672734,2.3134403,-1.4749897,3.684667,-0.37199056,-16731116
55,54,56,67,"null","null","null",7,10.322283,1.6001897,-2.8440938,3.3743324,-0.59051764,-16731116
56,55,57,64,"null","null","null",6,8.61676,0.29949006,-3.508861,2.705148,-1.1988084,-16731116
57,56,58,63,"null","null","null",4,6.7964306,0.5419747,-3.344489,1.8611665,-2.7339268,-16731116
58,57,59,62,"null","null","null",3,6.6825933,0.66192496,-2.6608212,0.7546901,-3.6840599,-16731116
59,58,60,61,"null","null","null",2,0.907093,1.2662454,-2.0763643,0.48397422,-3.814066,-16731116
64,56,65,66,"null","null","null",2,3.0313814,2.3408208,-0.4290239,3.7190452,-0.7670516,-16731116
69,53,70,75,"null","null","null",4,10.020206,3.4068692,-1.0892038,0.3309561,-2.9070082,-16731116
70,69,71,74,"null","null","null",3,9.369272,3.7300878,-0.4185698,1.4251086,-2.238161,-16731116
71,70,72,73,"null","null","null",2,5.2653337,3.3284082,-0.6167603,2.5945039,-1.4052806,-16731116
