index,parent,child1,child2,name1,name2,common,richness,lengthbr,hxmax,hxmin,hymax,hymin,color
0,-268270550,1,157,"null","null","null",125,62.60681,0.57550037,-3.3160496,1.5949281,-2.763167,-16731116
1,0,2,148,"","null","Kingfishers, Motmots, Todies",108,46.732082,0.9508377,-2.6208649,0.47730953,-3.5096154,-16731116
2,1,3,129,"null","null","null",103,36.188164,2.4856675,-1.8475437,0.52359575,-3.4216845,-16731116
3,2,4,84,"Alcedinidae","null","Kingfishers",93,26.897736,3.4670007,-0.7080494,0.65809214,-2.7726653,-16731116
4,3,5,67,"null","null","null",70,24.828135,3.620639,-0.46288455,2.0824385,-2.15624,-16731116
5,4,6,64,"null","null","null",61,18.35564,3.1051369,-0.6376132,3.2525904,-1.0122032,-16731116
6,5,7,37,"null","null","null",59,15.876414,2.4548876,-1.6470392,3.627663,-0.39551753,-16731116
7,6,-268256256,8,"null","null","null",45,13.357931,1.332167,-2.977037,3.2448397,-0.60428846,-16731116
8,7,9,26,"null","null","null",15,12.17099,3.0229447,-0.30320063,3.2191281,-1.1166805,-16731116
9,8,10,25,"null","null","null",9,9.168883,2.3134413,-1.4749882,3.684667,-0.37199032,-16731116
10,9,11,22,"","null","Paradise-Kingfishers",8,7.24949,1.550136,-2.8440928,3.3743331,-0.59051746,-16731116
11,10,12,19,"null","null","null",6,5.09092,0.29948983,-3.5088608,2.7051487,-1.1988066,-12486656
12,11,13,18,"null","null","null",4,3.8614867,0.54197454,-3.3444896,1.8611674,-2.7339253,-16731116
13,12,14,17,"null","null","null",3,2.7716064,0.66192496,-2.6608222,0.75469065,-3.6840591,-16731116
14,13,15,16,"null","null","null",2,1.7690154,1.2662436,-2.076365,0.483974,-3.814066,-12486656
19,11,20,21,"null","null","null",2,1.6813537,2.340821,-0.4290238,3.7190456,-0.76705194,-11184866
22,10,23,24,"null","null","null",2,1.7571044,3.3284078,-0.28912875,2.5945044,-1.40528,-16731116
26,8,27,36,"null","null","null",6,9.817284,3.2514281,-1.0892029,0.33095595,-2.9070082,-16731116
27,26,28,35,"null","null","null",5,4.7800245,3.5280137,-0.41856992,1.9147032,-2.238161,-16731116
28,27,29,34,"null","null","null",4,2.697729,3.0657122,-0.6167604,3.2309766,-1.40528,-16731116
29,28,30,33,"null","null","null",3,2.3320196,2.340821,-0.8562573,3.8025494,-0.34808034,-16731116
30,29,31,32,"null","null","null",2,1.4428138,1.6917278,-2.1268075,3.5885549,-0.5755013,-16731116
37,6,38,59,"null","null","null",14,12.035515,3.6659722,-0.63668156,1.8644031,-2.2705545,-16731116
38,37,39,58,"null","null","null",11,9.599156,3.2014773,-0.6278831,3.0686378,-1.3026792,-16731116
39,38,40,53,"null","null","null",10,8.517386,2.5455337,-1.4436011,3.48903,-0.37199032,-16731116
40,39,41,50,"null","null","null",7,7.022565,1.550136,-2.8032897,3.1200047,-0.59051746,-16731116
41,40,42,49,"null","null","null",5,4.1392627,0.41359925,-3.4558167,2.374522,-0.9977424,-16731116
42,41,43,46,"null","null","null",4,3.6985586,0.54197454,-3.2755322,1.9094138,-2.4725418,-16731116
43,42,44,45,"null","null","null",2,1.5929966,0.66192496,-2.5711775,0.75469065,-3.3442605,-16731116
46,42,47,48,"null","null","null",2,1.4664612,1.6917278,-2.1268075,3.5885549,-0.35959697,-16731116
50,40,51,52,"null","null","null",2,2.1388726,3.3284078,-0.28912875,2.5945044,-1.40528,-16731116
53,39,54,57,"null","null","null",3,4.467524,3.7300873,-0.6717531,1.4251093,-2.238161,-16731116
54,53,55,56,"null","null","null",2,2.0233438,3.3284078,-0.6167604,2.5945044,-1.40528,-16731116
59,37,60,63,"null","null","null",3,5.8535643,1.9703076,-2.0763667,0.56239915,-3.5523167,-16731116
60,59,61,62,"null","null","null",2,2.4767618,3.0051708,-1.0892029,0.6459124,-2.9852307,-16731116
64,5,65,66,"null","null","null",2,5.0113564,3.1268015,-0.9791734,0.34452933,-2.854413,-16731116
67,4,68,77,"null","null","null",9,17.620268,2.2960787,-1.9270651,0.5234828,-3.4551704,-16731116
68,67,69,76,"null","null","null",5,15.87641,3.325276,-0.9791734,0.6527477,-2.8342981,-16731116
69,68,70,75,"null","null","null",4,10.620022,3.5286393,-0.4410549,2.0262847,-2.1905591,-16731116
70,69,71,74,"null","null","null",3,7.229667,3.0229447,-0.6278831,3.2790842,-1.3026792,-16731116
71,70,72,73,"null","null","null",2,4.8977504,2.3134413,-0.6527471,3.76261,-0.37199032,-16731116
77,67,78,81,"null","null","null",4,9.877368,0.44286406,-3.275535,1.9094175,-2.4725378,-16731116
78,77,79,80,"null","null","null",2,3.3876317,0.6619249,-2.5711813,0.7546936,-3.344258,-16731116
81,77,82,83,"null","null","null",2,3.7236838,1.6917305,-2.1268015,3.5885582,-0.35959804,-16731116
84,3,85,118,"null","null","null",23,10.35629,0.8246757,-2.701015,0.86650646,-3.509699,-16731116
85,84,86,105,"null","null","null",17,9.628544,2.3908224,-1.9945798,0.50423694,-3.502505,-16731116
86,85,87,104,"null","null","null",10,8.333267,3.4484425,-0.9791734,0.6527477,-2.8958333,-16731116
87,86,88,99,"null","null","null",9,6.3650117,3.6887555,-0.4410549,1.8644031,-2.2705545,-16731116
88,87,89,98,"null","null","null",6,4.6766343,3.2310956,-0.6278831,3.0686378,-1.3026792,-16731116
89,88,90,95,"null","null","null",5,4.2920146,2.5840373,-1.5287724,3.48903,-0.37199032,-16731116
90,89,91,94,"null","null","null",3,2.895265,1.6001905,-2.9140122,3.1200047,-0.59051746,-16731116
91,90,92,93,"null","null","null",2,1.5313195,0.41359925,-3.5997562,2.374522,-0.66423035,-12486656
95,89,96,97,"null","null","null",2,0.53389984,3.8167205,-0.6717531,0.731066,-2.238161,-16731116
99,87,100,103,"null","null","null",3,3.9076204,1.9703076,-2.0763667,0.56239915,-3.5523167,-16731116
100,99,101,102,"null","null","null",2,1.2446985,3.0051708,-1.0892029,0.6459124,-2.9852307,-12486656
105,85,106,117,"null","null","null",7,7.9499025,0.44286406,-3.427443,1.8611695,-2.5790408,-16731116
106,105,107,114,"null","null","null",6,6.0622087,0.6619249,-2.768662,0.49050927,-3.4827118,-16731116
107,106,108,111,"null","null","null",4,4.8665395,1.9703076,-2.2165554,0.4839735,-3.5523167,-16731116
108,107,109,110,"null","null","null",2,2.440517,3.0051708,-1.0892029,0.6459124,-2.9852307,-16731116
111,107,112,113,"null","null","null",2,3.9174674,0.48358428,-3.7564583,1.9384001,-1.6186436,-16731116
114,106,115,116,"null","null","null",2,3.044189,0.8449203,-3.5245016,2.3807096,-0.39556164,-16731116
118,84,119,126,"null","null","null",6,9.508272,0.8210856,-3.5088606,2.7051492,-1.1988025,-16731116
119,118,120,125,"null","null","null",4,7.242077,0.5419741,-3.3444915,1.8611695,-2.733922,-16731116
120,119,121,124,"null","null","null",3,5.789407,0.6619249,-2.6608248,0.7546936,-3.6840575,-16731116
121,120,122,123,"null","null","null",2,3.5923042,1.2662389,-2.0763667,0.4839735,-3.8140662,-16731116
126,118,127,128,"null","null","null",2,4.390538,2.3408215,-0.42902353,3.719044,-0.76705265,-16731116
129,2,130,141,"Momotidae","null","Motmots",10,31.42806,0.4014814,-3.2712262,1.6207705,-2.653471,-16731116
130,129,131,140,"null","null","null",6,18.631954,0.8217356,-2.5607486,0.6411331,-3.4732878,-16731116
131,130,132,139,"null","null","null",5,9.562759,2.3870003,-2.0102289,0.50423694,-3.4551704,-16731116
132,131,133,138,"null","null","null",4,6.7160134,3.4434738,-0.9791734,0.6527477,-2.8342981,-16731116
133,132,134,137,"null","null","null",3,5.1990705,3.6822963,-0.4410549,1.6104459,-2.1905591,-16731116
134,133,135,136,"null","null","null",2,2.4088185,3.2226985,-0.6278831,2.7384934,-1.3026792,-16731116
141,129,142,145,"null","null","null",4,20.079834,1.5501409,-2.9140077,3.1200051,-0.31738234,-16731116
142,141,143,144,"null","null","null",2,6.7610283,0.4136042,-3.5997536,2.3745222,-0.66423035,-12486656
145,141,146,147,"null","null","null",2,8.33018,3.3284128,-0.28912827,2.5944982,-1.4052842,-16731116
148,1,149,154,"Todidae","null","Todies",5,27.25047,0.7950959,-3.4240825,2.6735506,-1.177326,-16731116
149,148,150,153,"null","null","null",3,18.543055,0.5592982,-3.1628733,1.7788389,-2.6272664,-16731116
150,149,151,152,"null","null","null",2,11.803519,0.66423047,-2.4198897,0.6411331,-3.4392219,-16731116
154,148,155,156,"null","null","null",2,13.988085,2.313442,-0.4390182,3.7626085,-0.73706853,-16731116
157,0,158,181,"","null","Rollers and Ground-Rollers",17,41.91651,1.3321707,-3.0061507,3.244841,-0.2750002,-16731116
158,157,159,174,"Coraciidae","null","Rollers",12,22.575909,0.3238803,-3.6143317,2.55196,-1.1974815,-16731116
159,158,160,173,"null","null","null",8,14.672195,0.5592979,-3.4101982,1.7788401,-2.6534698,-16731116
160,159,161,170,"null","null","null",7,11.298808,0.82173336,-2.7414122,0.41482085,-3.4732876,-16731116
161,160,162,169,"null","null","null",5,5.9708652,2.3869984,-2.01023,0.50423664,-3.455171,-16731116
162,161,163,168,"null","null","null",4,5.127371,3.4434733,-0.979175,0.6527476,-2.8342993,-16731116
163,162,164,167,"null","null","null",3,4.2276974,3.6822972,-0.44105458,1.610443,-2.1905596,-16731116
164,163,165,166,"null","null","null",2,2.679186,3.2227004,-0.62788296,2.7384913,-1.3026809,-16731116
170,160,171,172,"null","null","null",2,4.343432,0.82108605,-3.5997536,2.3745222,-0.4072519,-16731116
174,158,175,180,"null","null","null",4,12.467699,2.3134425,-1.5287633,3.4890285,-0.737069,-16731116
175,174,176,179,"null","null","null",3,6.2861276,1.6001958,-2.9140046,3.1200056,-0.59051675,-16731116
176,175,177,178,"null","null","null",2,4.943849,0.41360593,-3.5997522,2.3745222,-0.66423047,-16731116
181,157,182,189,"Brachypteraciidae","null","Ground-rollers",5,22.473719,3.0229468,-0.3032002,3.0686338,-1.3026838,-12486656
182,181,183,188,"null","null","null",4,17.615824,2.3134425,-1.5287633,3.4890285,-0.37198934,-12486656
183,182,184,187,"null","null","null",3,14.541297,1.6001958,-2.9140046,3.1200056,-0.59051675,-12486656
184,183,185,186,"null","null","null",2,9.66561,0.41360593,-3.5997522,2.3745222,-0.66423047,-16731116
