index,parent,child1,child2,name1,name2,common,richness,lengthbr,hxmax,hxmin,hymax,hymin,color
0,-268399609,1,48,"null","null","null",26,2.0470564,0.8210844,-3.57267,2.705148,-1.1122096,-16731116
1,0,2,31,"null","null","null",24,1.7139038,0.5419747,-3.4274406,1.7306662,-2.6213481,-16731116
2,1,3,18,"","null","Thistletails",15,1.196424,0.689698,-2.7686582,0.67203933,-3.5377078,-16731116
3,2,4,15,"null","null","null",8,1.196424,2.2793105,-2.2165523,0.48397422,-3.6238084,-16731116
4,3,5,12,"null","null","null",6,1.196424,3.4068708,-0.8706838,0.64591277,-3.0781689,-16731116
5,4,6,9,"null","null","null",4,1.0856212,3.7300858,-0.41857076,1.425116,-2.4606717,-16731116
6,5,7,8,"null","null","null",2,0.71454513,3.328404,-0.61676085,2.5945096,-1.4052767,-16731116
9,5,10,11,"null","null","null",2,0.5136404,1.0880269,-2.1365538,0.60018003,-3.8261664,-12486656
12,4,13,14,"null","null","null",2,0.8625664,0.35782927,-2.716209,0.90259767,-3.2399843,-16731116
15,3,16,17,"null","null","null",2,0.4906924,0.48358285,-3.7564573,1.9383985,-1.6186471,-16731116
18,2,19,26,"null","null","null",7,0.9904917,0.84491944,-3.4974654,2.7891583,-1.0443956,-16731116
19,18,20,25,"null","null","null",4,0.5558286,0.5235968,-3.4058852,1.9383985,-2.6072886,-16731116
20,19,21,24,"null","null","null",3,0.5558286,0.6580924,-2.7521253,0.867519,-3.6251023,-16731116
21,20,22,23,"null","null","null",2,0.5558286,1.0880269,-2.1365538,0.46288577,-3.8261664,-16731116
26,18,27,30,"null","null","null",3,0.5718665,2.3612075,-0.6648546,3.8027482,-0.7950944,-16731116
27,26,28,29,"null","null","null",2,0.23698688,1.7788353,-1.9610502,3.6551359,-0.5592989,-16731116
31,1,32,41,"null","null","null",9,1.7139038,1.5297087,-2.7538254,3.1863742,-0.35959655,-16731116
32,31,33,40,"null","null","null",5,1.4887289,0.5272817,-3.4974654,2.4522867,-1.0443956,-16731116
33,32,34,39,"null","null","null",4,1.2775239,0.5235968,-3.4058852,1.9383985,-2.6072886,-16731116
34,33,35,38,"null","null","null",3,0.5786302,0.6580924,-2.7521253,0.867519,-3.6251023,-16731116
35,34,36,37,"null","null","null",2,0.21256198,1.0880269,-2.1365538,0.46288577,-3.8261664,-16731116
41,31,42,47,"null","null","null",4,1.2035056,3.0981078,-0.27500102,3.1510901,-1.5045819,-16731116
42,41,43,46,"null","null","null",3,0.89913464,2.3612075,-0.6648546,3.8027482,-0.32388148,-12486656
43,42,44,45,"null","null","null",2,0.7594654,1.7788353,-1.9610502,3.6551359,-0.5592989,-12486656
48,0,49,50,"null","null","null",2,0.3943172,2.3408208,-0.4290239,3.7190452,-0.7670516,-16731116
