index,parent,child1,child2,name1,name2,common,richness,lengthbr,hxmax,hxmin,hymax,hymin,color
0,-268279736,1,58,"null","null","null",35,30.777298,3.624936,-0.6001848,2.082429,-2.1562462,-16731116
1,0,2,43,"null","null","null",29,18.054193,3.1107254,-0.6376126,3.2525847,-1.0703937,-16731116
2,1,3,38,"null","null","null",21,16.924208,2.4621503,-1.6694238,3.6276627,-0.39551586,-16731116
3,2,4,35,"null","null","null",18,15.351255,1.4209586,-3.0061445,3.2448435,-0.60428745,-16731116
4,3,5,24,"null","null","null",16,14.614234,0.323879,-3.6143293,2.551962,-1.1974748,-16731116
5,4,6,21,"null","null","null",10,12.264032,0.5592972,-3.4101985,1.7948654,-2.6534648,-16731116
6,5,7,18,"null","null","null",8,10.946744,0.8876138,-2.7414126,0.41482425,-3.4732862,-16731116
7,6,8,13,"null","null","null",6,8.568459,2.472646,-1.9270728,0.50423574,-3.455173,-16731116
8,7,9,12,"null","null","null",3,5.4199033,3.5548198,-0.9791801,0.6527473,-2.834303,-16731116
9,8,10,11,"null","null","null",2,4.1431174,3.827052,-0.44105357,0.9093821,-2.190562,-16731116
13,7,14,17,"null","null","null",3,4.0507293,0.44286656,-3.2755415,1.8611743,-2.472528,-16731116
14,13,15,16,"null","null","null",2,0.35257283,0.6619247,-2.5711904,0.7547004,-3.3442519,-16731116
18,6,19,20,"null","null","null",2,6.245029,0.8210871,-3.5997503,2.3745227,-0.4072514,-16731116
21,5,22,23,"null","null","null",2,4.8268056,1.6001993,-2.2880385,3.5117075,-0.3173849,-11184866
24,4,25,30,"null","null","null",6,13.887649,2.545542,-1.5287559,3.489027,-0.7370704,-16731116
25,24,26,29,"null","null","null",3,11.972563,1.6002,-2.913999,3.1200063,-0.5905161,-16731116
26,25,27,28,"null","null","null",2,4.3086896,0.41361105,-3.5997496,2.3745227,-0.66423047,-16731116
30,24,31,34,"null","null","null",3,8.977658,3.730093,-0.6717563,1.4250891,-2.2381654,-16731116
31,30,32,33,"null","null","null",2,3.6845253,3.3284197,-0.6167592,2.594488,-1.4052911,-16731116
35,3,36,37,"null","null","null",2,5.0735807,3.2227097,-0.30319944,2.7384799,-1.3026892,-16731116
38,2,39,42,"null","null","null",3,8.837359,3.682302,-0.6366844,1.6104288,-2.1905634,-16731116
39,38,40,41,"null","null","null",2,5.4014955,3.2227097,-0.6278822,2.7384799,-1.3026892,-16731116
43,1,44,57,"null","null","null",8,14.373745,3.325271,-0.97918236,0.34452838,-2.9853287,-16731116
44,43,45,54,"null","null","null",7,12.982711,3.52864,-0.44105315,1.8643892,-2.3868947,-16731116
45,44,46,53,"null","null","null",5,11.743904,3.0229492,-0.6278822,3.0686283,-1.3026892,-16731116
46,45,47,52,"null","null","null",4,7.63692,2.3134441,-1.528754,3.489027,-0.3719881,-16731116
47,46,48,51,"null","null","null",3,6.713491,1.6002007,-2.9139972,3.1200066,-0.590516,-16731116
48,47,49,50,"null","null","null",2,0.38053048,0.41361272,-3.5997481,2.374523,-0.66423047,-16731116
54,44,55,56,"null","null","null",2,4.1942444,1.2662215,-2.0763724,0.5624025,-3.8140683,-16731116
58,0,59,68,"","null","Nighthawks",6,19.46673,2.2960691,-2.0102336,0.52348524,-3.4551742,-16731116
59,58,60,67,"null","null","null",5,18.453392,3.325271,-0.97918236,0.6527473,-2.8343048,-16731116
60,59,61,66,"null","null","null",4,14.495486,3.52864,-0.44105315,2.0262702,-2.1905634,-16731116
61,60,62,65,"null","null","null",3,14.147654,3.0229492,-0.6278822,3.2790737,-1.3026892,-16731116
62,61,63,64,"null","null","null",2,6.255363,2.3134441,-0.6527477,3.7626061,-0.3719881,-16731116
