index,parent,child1,child2,name1,name2,common,richness,lengthbr,hxmax,hxmin,hymax,hymin,color
0,-268279801,1,118,"null","null","null",109,18.136486,0.9343963,-2.694797,0.84492135,-3.5064235,-16731116
1,0,2,85,"null","null","null",59,15.139845,2.4642947,-1.8954993,0.52359545,-3.4175363,-16731116
2,1,3,82,"null","null","null",42,14.233946,3.4392178,-0.58310705,0.6580921,-2.7672725,-16731116
3,2,4,69,"null","null","null",40,13.562718,3.584523,-0.46288425,2.0824366,-2.1562414,-16731116
4,3,5,60,"null","null","null",33,11.25144,3.0581865,-0.637613,3.2525895,-1.003265,-16731116
5,4,6,51,"null","null","null",28,9.882245,2.3938518,-1.6694348,3.6276631,-0.39551717,-16731116
6,5,7,38,"null","null","null",23,8.884151,1.3321686,-3.0061529,3.2448406,-0.6042883,-16731116
7,6,8,25,"null","null","null",16,7.2349267,0.32388073,-3.614333,2.5519595,-1.1974847,-16731116
8,7,9,24,"","null","Metaltails",9,5.6941867,0.5592984,-3.4101982,1.7788378,-2.653472,-16731116
9,8,10,21,"null","null","null",8,4.753595,0.8217367,-2.7414122,0.41481906,-3.473288,-16731116
10,9,11,20,"null","null","null",6,3.411642,2.387001,-2.0102282,0.5042372,-3.4551697,-16731116
11,10,12,17,"null","null","null",5,1.4636072,3.4434738,-0.72746766,0.65274775,-2.8342974,-16731116
12,11,13,16,"null","null","null",3,1.1140192,3.6822956,-0.44105512,1.6104476,-2.1905584,-16731116
13,12,14,15,"null","null","null",2,0.32217562,3.2226973,-0.6278832,2.7384949,-1.3026786,-16731116
17,11,18,19,"null","null","null",2,0.2123046,0.37080103,-2.571182,0.8857573,-3.3442578,-12486656
21,9,22,23,"null","null","null",2,2.3792064,0.82108533,-3.5997553,2.3745222,-0.4072522,-12486656
25,7,26,33,"null","null","null",7,5.971251,2.545535,-1.6418905,3.4890296,-0.7370682,-16731116
26,25,27,32,"null","null","null",4,5.1214933,1.6001918,-3.0610669,3.1200051,-0.5905173,-16731116
27,26,28,31,"null","null","null",3,4.516578,0.4136008,-3.7909288,2.3745222,-0.66423035,-16731116
28,27,29,30,"null","null","null",2,3.6555476,0.5419743,-3.711179,1.8611686,-1.7914356,-16731116
33,25,34,37,"null","null","null",3,5.0436745,3.7300882,-0.67175364,1.4251064,-2.2381618,-16731116
34,33,35,36,"null","null","null",2,2.2100313,3.3284092,-0.6167602,2.5945022,-1.4052815,-16731116
38,6,39,50,"null","null","null",7,8.18701,3.0229454,-0.30320042,3.0686367,-1.3026809,-16731116
39,38,40,49,"null","null","null",6,7.776866,2.3134418,-1.4436002,3.4890296,-0.37198997,-16731116
40,39,41,48,"","null","Hillstars",5,4.5247946,1.6001918,-2.8032897,3.1200051,-0.5905173,-16731116
41,40,42,47,"null","null","null",4,2.0199878,0.4136008,-3.4558184,2.3745222,-0.9977391,-16731116
42,41,43,46,"null","null","null",3,1.4888382,0.5419743,-3.2755356,1.8611686,-2.4725387,-16731116
43,42,44,45,"null","null","null",2,0.5612839,0.6619249,-2.571182,0.7546941,-3.3442578,-16731116
51,5,52,59,"null","null","null",5,8.251203,3.5286393,-0.63668215,2.0262823,-2.1905596,-16731116
52,51,53,56,"null","null","null",4,6.042221,3.0229454,-0.62788296,3.2790823,-1.1514481,-16731116
53,52,54,55,"null","null","null",2,2.49488,2.3134418,-0.6527472,3.7626092,-0.37198997,-16731116
56,52,57,58,"","null","Trainbearers",2,4.277771,3.005169,-1.0892045,0.33095574,-2.9852326,-16731116
60,4,61,68,"null","null","null",5,9.5767,3.325275,-0.979175,0.40942526,-2.8342993,-12486656
61,60,62,67,"null","null","null",4,4.190818,3.5286393,-0.44105458,2.0262823,-2.1905596,-12486656
62,61,63,66,"","null","Sylphs",3,3.103442,3.0229454,-0.62788296,3.2790823,-1.3026809,-12486656
63,62,64,65,"null","null","null",2,1.3898095,2.3134418,-0.6527472,3.7626092,-0.37198997,-12486656
69,3,70,81,"","null","Sunangels",7,9.341297,2.2960765,-2.01023,0.52348334,-3.455171,-16731116
70,69,71,80,"null","null","null",6,6.9017506,3.325275,-0.979175,0.6527476,-2.8342993,-16731116
71,70,72,79,"null","null","null",5,4.5109143,3.5286393,-0.44105458,2.0426874,-2.1905596,-16731116
72,71,73,78,"null","null","null",4,3.665753,3.0229454,-0.62788296,3.300409,-1.3026809,-16731116
73,72,74,77,"null","null","null",3,1.7071009,2.3134418,-1.0472633,3.790334,-0.37198997,-16731116
74,73,75,76,"null","null","null",2,0.19531427,1.6001918,-2.2880516,3.5117006,-0.5905173,-16731116
82,2,83,84,"","null","Piedtails",2,4.4805336,0.38339475,-2.419892,0.8665067,-3.4392204,-12486656
85,1,86,115,"","null","Coquettes, Thorntails and Firecrowns",17,14.218677,0.401482,-3.3791237,1.79486,-2.6534698,-16731116
86,85,87,106,"null","null","null",15,9.518243,0.7517934,-2.7010155,0.41482085,-3.4732876,-16731116
87,86,88,103,"","null","Coquettes",10,6.454048,2.2960765,-2.120686,0.50423664,-3.455171,-16731116
88,87,89,96,"null","null","null",8,4.3206043,3.325275,-0.7673116,0.6527476,-2.8342993,-16731116
89,88,90,95,"null","null","null",4,2.963513,3.5286393,-0.44105458,2.0262823,-2.1905596,-12486656
90,89,91,94,"null","null","null",3,1.9411534,3.0229454,-0.62788296,3.2790823,-1.3026809,-12486656
91,90,92,93,"null","null","null",2,1.6066215,2.3134418,-0.6527472,3.7626092,-0.37198997,-11184866
96,88,97,102,"null","null","null",4,2.4932077,0.45199895,-2.6608262,0.8857578,-3.4827113,-16731116
97,96,98,101,"null","null","null",3,2.4932077,1.970305,-2.0763676,0.48397315,-3.5523176,-16731116
98,97,99,100,"null","null","null",2,1.4528809,3.005169,-1.0892045,0.64591235,-2.9852326,-16731116
103,87,104,105,"null","null","null",2,1.3156921,0.44286472,-3.7111793,1.8611706,-1.7914329,-16731116
106,86,107,114,"null","null","null",5,6.9574466,0.82108605,-3.5088606,2.3745222,-1.1988003,-16731116
107,106,108,113,"","null","Thorntails",4,3.886162,0.5419738,-3.3444924,1.8611706,-2.7339203,-16731116
108,107,109,112,"null","null","null",3,3.4819338,0.66192484,-2.6608262,0.7546954,-3.6840568,-16731116
109,108,110,111,"null","null","null",2,0.6153894,1.2662363,-2.0763676,0.48397315,-3.8140664,-16731116
115,85,116,117,"","null","Firecrowns",2,3.882829,1.600195,-2.288046,3.511704,-0.31738296,-11184866
118,0,119,184,"null","null","null",50,15.415285,0.7950963,-3.590428,2.6486707,-1.2130212,-16731116
119,118,120,157,"null","null","null",33,14.7367935,0.5592979,-3.3791237,1.6207718,-2.6736712,-16731116
120,119,121,142,"null","null","null",19,14.285441,0.7517934,-2.7010155,0.5617663,-3.4995496,-16731116
121,120,122,139,"null","null","null",11,13.17408,2.2960765,-2.120686,0.50423664,-3.4893117,-16731116
122,121,123,134,"HELIODOXA","null","Brilliants",9,12.155845,3.325275,-0.7673116,0.6527476,-2.8786826,-16731116
123,122,124,133,"null","null","null",6,11.0269,3.5286393,-0.44105458,1.864401,-2.1905596,-16731116
124,123,125,132,"null","null","null",5,9.646707,3.0229454,-0.62788296,3.0686367,-1.3026809,-16731116
125,124,126,131,"null","null","null",4,6.4191375,2.3134418,-1.52877,3.4890296,-0.37198997,-16731116
126,125,127,130,"null","null","null",3,5.851346,1.6001918,-2.9140103,3.1200051,-0.5905173,-16731116
127,126,128,129,"null","null","null",2,3.8391166,0.4136008,-3.5997553,2.3745222,-0.66423035,-16731116
134,122,135,138,"null","null","null",3,8.586837,0.37080073,-2.6608262,0.8857578,-3.6840568,-16731116
135,134,136,137,"null","null","null",2,2.8869064,1.2662363,-2.0763676,0.48397315,-3.8140664,-16731116
139,121,140,141,"null","null","null",2,4.4668446,0.44286472,-3.7111793,1.8611706,-1.7914329,-12486656
142,120,143,154,"","null","Whitetips, Coronets and more",8,13.041876,0.82108605,-3.5088606,2.7051497,-1.1988003,-16731116
143,142,144,149,"null","null","null",6,11.896464,0.5419738,-3.3444924,1.7061995,-2.7339203,-16731116
144,143,145,148,"BOISSONNEAUA","null","Coronets",3,3.9671457,0.66192484,-2.6608262,0.7546954,-3.6840568,-16731116
145,144,146,147,"null","null","null",2,1.313725,1.2662363,-2.0763676,0.48397315,-3.8140664,-16731116
149,143,150,153,"null","null","null",3,7.5072827,1.691732,-2.774617,3.131315,-0.3595987,-16731116
150,149,151,152,"UROSTICTE","null","Whitetips",2,0.33639458,0.5272873,-3.524499,2.3807096,-0.665,-16731116
154,142,155,156,"null","null","null",2,11.718304,2.3408217,-0.42902336,3.7190433,-0.7670531,-16731116
157,119,158,179,"","null","Pufflegs",14,12.363801,1.4333872,-2.8440888,3.1200054,-0.31738296,-12486656
158,157,159,178,"null","null","null",11,9.308572,0.41360593,-3.5088606,2.3745222,-1.0522709,-12486656
159,158,160,171,"null","null","null",10,8.290553,0.5419736,-3.3444936,1.7306741,-2.5434332,-12486656
160,159,161,170,"null","null","null",6,6.1918845,0.7291206,-2.6608276,0.7546971,-3.4364252,-11184866
161,160,162,169,"null","null","null",5,3.5230577,2.330564,-2.0763686,0.48397285,-3.4921465,-11184866
162,161,163,166,"null","null","null",4,3.1172338,3.4735072,-0.87069225,0.64591223,-2.90701,-11184866
163,162,164,165,"null","null","null",2,1.3355099,3.8167195,-0.41856924,0.7310606,-2.2381625,-11184866
166,162,167,168,"null","null","null",2,1.349857,0.3578284,-2.716216,0.90259874,-3.2399788,-11184866
171,159,172,177,"null","null","null",4,4.6830535,1.6917332,-2.9612584,3.1863804,-0.35959932,-12486656
172,171,173,176,"null","null","null",3,3.8888793,0.52728903,-3.7671347,2.4522943,-0.665,-16731116
173,172,174,175,"null","null","null",2,1.4340686,0.5235956,-3.7564604,1.9384036,-1.6186355,-12486656
179,157,180,183,"null","null","null",3,3.650838,3.0657141,-0.28912807,3.1667361,-1.4052857,-16731116
180,179,181,182,"null","null","null",2,0.8104445,2.3408222,-0.658092,3.7190425,-0.348079,-16731116
184,118,185,210,"","null","Sunbeams and more",17,14.742516,2.4557261,-1.4749813,3.7066274,-0.737069,-16731116
185,184,186,207,"null","null","null",13,13.776411,1.5501437,-2.844088,3.4028842,-0.59051675,-16731116
186,185,187,202,"null","null","null",11,9.75858,0.29948846,-3.5088606,2.7422647,-1.1121998,-16731116
187,186,188,201,"null","null","null",8,7.208377,0.5419736,-3.3444936,1.8611718,-2.621341,-16731116
188,187,189,200,"","null","Starfrontlets",7,5.324989,0.6896894,-2.6608276,0.7546971,-3.5377054,-16731116
189,188,190,199,"null","null","null",6,3.3819284,2.2793033,-2.0763686,0.48397285,-3.6238112,-16731116
190,189,191,198,"null","null","null",5,2.6245904,3.4068682,-1.0892061,0.64591223,-3.0781746,-16731116
191,190,192,195,"null","null","null",4,1.2561388,3.7300887,-0.41856924,1.4251035,-2.4606762,-12486656
192,191,193,194,"null","null","null",2,0.5648476,3.3284109,-0.61676,2.5944998,-1.405283,-16731116
195,191,196,197,"null","null","null",2,0.76204884,1.0880178,-2.136557,0.60018253,-3.8261664,-11184866
202,186,203,206,"","null","Incas",3,5.21718,2.3408222,-0.8562442,3.8025503,-0.7670536,-16731116
203,202,204,205,"null","null","null",2,3.7063541,1.6917341,-2.1267958,3.58856,-0.5755003,-12486656
207,185,208,209,"null","null","null",2,4.5700088,3.328415,-0.28912795,2.5944946,-1.4052866,-16731116
210,184,211,216,"AGLAEACTIS","null","Sunbeams",4,4.1048446,3.5280135,-0.6717548,1.8652828,-2.2381635,-16731116
211,210,212,215,"null","null","null",3,0.81772006,3.0657144,-0.61675966,3.1667354,-1.4052866,-12486656
212,211,213,214,"null","null","null",2,0.5221602,2.3408222,-0.658092,3.7190423,-0.34807882,-16731116
