index,parent,child1,child2,name1,name2,common,richness,lengthbr,hxmax,hxmin,hymax,hymin,color
0,-268434334,1,156,"GRUIFORMES","null","null",156,52.663307,0.95355886,-2.705421,0.8449218,-3.5299258,-16731116
1,0,2,103,"","null","Rails and Finfoots",137,49.8893,2.4892077,-1.8955027,0.523595,-3.4480915,-16731116
2,1,3,-268419072,"Rallidae","null","Rails, crakes and more",110,38.34108,3.4716082,-0.69757766,0.6580919,-2.806995,-16731116
3,2,4,84,"null","null","null",81,37.1055,3.6266341,-0.46288335,2.1293166,-2.2078784,-16731116
4,3,5,-268418048,"null","null","null",71,32.747566,3.1129327,-0.6376126,3.3135386,-1.0414853,-16731116
5,4,6,45,"","null","Coots, Moorhens and more",40,27.814222,2.4650195,-1.6694238,3.7069025,-0.39551586,-16731116
6,5,7,36,"null","null","null",20,22.760485,1.3321762,-3.0061445,3.347855,-0.60428745,-16731116
7,6,8,31,"null","null","null",15,20.727436,0.323879,-3.6143293,2.685877,-1.1974748,-16731116
8,7,9,22,"null","null","null",12,16.679281,0.5592972,-3.4101985,1.6207758,-2.6534648,-12486656
9,8,10,19,"null","null","null",7,10.174023,0.8876138,-2.7414126,0.41482425,-3.4732862,-12486656
10,9,11,16,"null","null","null",5,6.79506,2.472646,-2.1206903,0.50423574,-3.455173,-16731116
11,10,12,15,"null","null","null",3,6.79506,3.5548198,-0.9791801,0.6527473,-2.834303,-16731116
12,11,13,14,"null","null","null",2,4.260828,3.827052,-0.44105357,0.9093821,-2.190562,-16731116
16,10,17,18,"null","null","null",2,2.753606,0.44286656,-3.7111814,1.8611743,-1.7914251,-11184866
19,9,20,21,"null","null","null",2,3.7677164,0.8210871,-3.5997503,2.3745227,-0.4072514,-12486656
22,8,23,28,"null","null","null",5,11.485712,1.5501486,-3.0610588,3.120006,-0.3173849,-12486656
23,22,24,27,"null","null","null",3,9.711459,0.41361105,-3.7909265,2.3745227,-0.66423047,-11184866
24,23,25,26,"null","null","null",2,6.330546,0.54197276,-3.7111826,1.8611755,-1.7914224,-8572416
28,22,29,30,"null","null","null",2,4.4909916,3.3284187,-0.2891274,2.5944886,-1.4052902,-16731116
31,7,32,35,"null","null","null",3,7.4823403,2.313444,-1.0472472,3.790336,-0.7370704,-16731116
32,31,33,34,"null","null","null",2,4.0465813,1.6002,-2.2880378,3.5117078,-0.5905161,-16731116
36,6,37,44,"null","null","null",5,8.93385,3.0229492,-0.30319944,3.0686283,-1.3026892,-16731116
37,36,38,43,"null","null","null",4,8.811563,2.3134441,-1.528754,3.489027,-0.3719881,-16731116
38,37,39,42,"null","null","null",3,7.319656,1.6002007,-2.9139972,3.1200066,-0.590516,-16731116
39,38,40,41,"null","null","null",2,3.0976868,0.41361272,-3.5997481,2.374523,-0.66423047,-16731116
45,5,46,67,"null","null","null",20,23.317863,3.6887577,-0.6366844,1.9801514,-2.3023376,-16731116
46,45,47,64,"null","null","null",11,14.4081335,3.231102,-0.6278822,3.2191193,-1.1514597,-16731116
47,46,48,61,"null","null","null",9,9.005883,2.5840425,-1.4435894,3.6846652,-0.3719881,-16731116
48,47,49,58,"null","null","null",7,7.225322,1.5501502,-2.8032832,3.3743362,-0.590516,-16731116
49,48,50,55,"null","null","null",5,5.9071236,0.29948714,-3.4558198,2.7051516,-0.9977215,-16731116
50,49,51,54,"null","null","null",3,4.4840956,0.5419725,-3.275545,1.8611767,-2.4725237,-16731116
51,50,52,53,"null","null","null",2,2.4573636,0.6619246,-2.571195,0.75470394,-3.3442492,-16731116
55,49,56,57,"null","null","null",2,3.7032688,2.3408237,-0.4290226,3.7190394,-0.76705533,-16731116
58,48,59,60,"null","null","null",2,2.380961,3.3284197,-0.2891272,2.5944867,-1.4052919,-16731116
61,47,62,63,"null","null","null",2,3.7432067,3.8167186,-0.6717566,0.7310459,-2.2381659,-16731116
64,46,65,66,"null","null","null",2,1.9168491,3.0051577,-1.0892141,0.33095467,-2.9852443,-12486656
67,45,68,83,"null","null","null",9,23.317863,2.1597228,-2.0763724,0.5624025,-3.623815,-16731116
68,67,69,80,"null","null","null",8,19.304409,3.2514203,-0.87070316,0.64591175,-3.0781813,-16731116
69,68,70,77,"null","null","null",6,14.523268,3.5280132,-0.4185676,1.9146893,-2.460682,-16731116
70,69,71,76,"null","null","null",4,6.242376,3.0657163,-0.61675906,3.2309687,-1.4052919,-12486656
71,70,72,75,"null","null","null",3,5.498024,2.3408237,-0.8562327,3.8025513,-0.34807754,-12486656
72,71,73,74,"null","null","null",2,3.3340068,1.6917396,-2.126786,3.5885649,-0.57549936,-12486656
77,69,78,79,"null","null","null",2,4.369125,1.0880016,-2.1365619,0.60018545,-3.8261676,-16731116
80,68,81,82,"null","null","null",2,4.0483656,0.35782748,-2.716228,0.9025998,-3.23997,-16731116
84,3,85,98,"null","null","null",10,19.703379,2.3869934,-1.9270749,0.52348524,-3.5713465,-16731116
85,84,86,93,"","null","Wood-Rails",7,12.826601,3.4434724,-0.7673198,0.6527473,-2.9853287,-16731116
86,85,87,90,"null","null","null",4,7.116765,3.682302,-0.44105315,1.6104288,-2.3868947,-16731116
87,86,88,89,"null","null","null",2,3.1476026,3.2227097,-0.6278822,2.7384799,-1.3026892,-16731116
90,86,91,92,"null","null","null",2,4.692115,1.2662215,-2.0763724,0.5624025,-3.8140683,-16731116
93,85,94,97,"null","null","null",3,5.531338,0.3707999,-2.6608334,0.8857589,-3.6840534,-16731116
94,93,95,96,"null","null","null",2,3.301194,1.2662215,-2.0763724,0.4839717,-3.8140683,-12486656
98,84,99,102,"null","null","null",3,9.334443,0.44286698,-3.2755444,1.8611758,-2.472525,-16731116
99,98,100,101,"null","null","null",2,3.7386081,0.6619246,-2.5711942,0.75470304,-3.3442497,-16731116
103,1,104,135,"null","null","null",27,49.8893,0.4014834,-3.379125,1.7464999,-2.7222068,-16731116
104,103,105,120,"null","null","null",16,37.50934,0.75178623,-2.7010174,0.50878865,-3.5626502,-16731116
105,104,106,117,"null","null","null",8,21.200516,2.29607,-2.120691,0.50423574,-3.5713463,-16731116
106,105,107,116,"null","null","null",6,14.151843,3.3252714,-0.9791815,0.6527473,-2.9853282,-16731116
107,106,108,113,"null","null","null",5,7.776745,3.52864,-0.44105333,2.0262713,-2.3868942,-16731116
108,107,109,112,"","null","",3,7.776745,3.0229487,-0.62788224,3.2790747,-1.3026884,-16731116
109,108,110,111,"null","null","null",2,3.464547,2.313444,-0.65274763,3.7626064,-0.37198827,-16731116
113,107,114,115,"null","null","null",2,7.776745,1.266223,-2.0763721,0.5624022,-3.814068,-16731116
117,105,118,119,"","null","",2,5.7445617,0.44286668,-3.7111824,1.8611751,-1.7914228,-12486656
120,104,121,128,"null","null","null",8,25.806772,0.8210871,-3.508861,2.5859427,-1.1987927,-16731116
121,120,122,127,"null","null","null",4,15.175615,0.541973,-3.3444967,1.8611748,-2.7339141,-12486656
122,121,123,126,"null","null","null",3,11.500819,0.66192466,-2.660832,0.754702,-3.6840544,-12486656
123,122,124,125,"","null","",2,4.301648,1.2662241,-2.0763717,0.483972,-3.8140683,-16731116
128,120,129,134,"null","null","null",4,13.520227,2.3408232,-1.3545606,3.4508219,-0.76705456,-16731116
129,128,130,133,"","null","",3,7.348046,1.6917367,-2.7746098,3.1313152,-0.57549983,-12486656
130,129,131,132,"null","null","null",2,3.2379375,0.5272926,-3.5244951,2.38071,-0.665,-12486656
135,103,136,153,"","null","",11,25.105446,1.5501475,-2.8828204,3.4028862,-0.3173847,-16731116
136,135,137,148,"","null","Flufftails",9,25.105446,0.29948768,-3.559216,2.7422667,-1.1987923,-16731116
137,136,138,145,"null","null","null",6,14.310171,0.5419729,-3.4099581,1.9094253,-2.7339137,-12486656
138,137,139,142,"null","null","null",4,7.6552663,0.66192466,-2.7459319,0.490515,-3.6840541,-16731116
139,138,140,141,"null","null","null",2,4.1897755,1.2662241,-2.0763717,0.48397192,-3.8140683,-12486656
142,138,143,144,"null","null","null",2,3.797027,0.84492195,-3.5244951,2.38071,-0.39556074,-16731116
145,137,146,147,"null","null","null",2,4.2661505,1.6917369,-2.1267903,3.588563,-0.35960102,-12486656
148,136,149,152,"null","null","null",3,6.7287173,2.3408232,-0.8562374,3.802551,-0.76705456,-16731116
149,148,150,151,"null","null","null",2,3.9987128,1.691737,-2.12679,3.588563,-0.5754998,-16731116
153,135,154,155,"null","null","null",2,8.719374,3.3284178,-0.28912753,2.5944905,-1.4052894,-12486656
156,0,157,188,"","null","Cranes, Trumpeters and Limpkin",19,50.213196,0.795097,-3.6143298,2.6858764,-1.2190232,-12486656
157,156,158,187,"null","null","null",16,48.130245,0.55929744,-3.4101982,1.7788432,-2.6814766,-12486656
158,157,159,184,"Gruidae","null","Cranes",15,20.302715,0.75178635,-2.7414124,0.41482395,-3.5097005,-12486656
159,158,160,183,"null","null","null",13,8.35436,2.29607,-2.0102332,0.50423586,-3.5025115,-12486656
160,159,161,174,"null","null","null",12,7.642873,3.3252714,-0.7673187,0.6527473,-2.895843,-12486656
161,160,162,169,"null","null","null",7,7.210183,3.52864,-0.44105333,2.0426793,-2.2705636,-12486656
162,161,163,168,"null","null","null",4,6.915076,3.0229487,-0.62788224,3.300405,-1.3026884,-12486656
163,162,164,167,"null","null","null",3,3.1182504,2.313444,-1.0472472,3.790336,-0.37198827,-12486656
164,163,165,166,"null","null","null",2,2.1066377,1.6002,-2.2880378,3.5117078,-0.5905161,-12486656
169,161,170,173,"null","null","null",3,5.115516,1.9702911,-2.0763721,0.5624022,-3.5523243,-12486656
170,169,171,172,"null","null","null",2,2.784542,3.0051584,-1.0892134,0.6459118,-2.9852433,-12486656
174,160,175,182,"null","null","null",5,5.0581784,0.729112,-2.6608324,0.88575876,-3.4364233,-11184866
175,174,176,181,"null","null","null",4,3.0113978,2.3305557,-2.0763721,0.48397186,-3.4921484,-12486656
176,175,177,180,"null","null","null",3,2.2480917,3.4735022,-1.0892134,0.6459118,-2.9070146,-12486656
177,176,178,179,"null","null","null",2,1.1846707,3.816719,-0.41856778,0.73104715,-2.2381654,-11184866
184,158,185,186,"null","null","null",2,3.2396026,0.821087,-3.59975,2.3745227,-0.40725145,-11184866
188,156,189,192,"Psophiidae","null","Trumpeters",3,24.360636,2.3134434,-1.04725,3.7903357,-0.73707,-16731116
189,188,190,191,"null","null","null",2,10.962914,1.6001986,-2.2880402,3.5117066,-0.5905163,-16731116
