index,parent,child1,child2,name1,name2,common,richness,lengthbr,hxmax,hxmin,hymax,hymin,color
0,-268368757,1,72,"null","null","null",40,11.64297,1.4333814,-2.882833,3.3312154,-0.59051764,-16731116
1,0,2,45,"null","null","null",36,11.246911,0.38599098,-3.559222,2.649096,-1.1122096,-16731116
2,1,3,32,"null","null","null",22,10.585529,0.5419747,-3.4099584,1.7306662,-2.6213481,-16731116
3,2,4,29,"null","null","null",15,8.074124,0.66192496,-2.7459316,0.49050635,-3.5377078,-16731116
4,3,5,22,"null","null","null",13,7.5766487,2.1597412,-2.0607424,0.48397422,-3.6238084,-16731116
5,4,6,15,"null","null","null",9,2.689911,3.2514307,-0.8866466,0.64591277,-3.0781689,-16731116
6,5,7,12,"null","null","null",5,1.9976138,3.5280137,-0.41857076,1.8652986,-2.4606717,-16731116
7,6,8,11,"null","null","null",3,1.7371463,3.0657103,-0.61676085,3.166747,-1.4052767,-16731116
8,7,9,10,"null","null","null",2,0.7938706,2.3408196,-0.65809155,3.7190475,-0.34808123,-12486656
12,6,13,14,"null","null","null",2,0.7090043,1.0880269,-2.1365538,0.60018003,-3.8261664,-16731116
15,5,16,21,"null","null","null",4,2.2716174,0.35782927,-2.7521253,0.90259767,-3.4687886,-16731116
16,15,17,20,"null","null","null",3,1.7690958,1.7924259,-2.1365538,0.46288577,-3.6229587,-16731116
17,16,18,19,"null","null","null",2,1.2464482,2.8755686,-1.1971772,0.63761365,-3.1081505,-12486656
22,4,23,28,"null","null","null",4,4.1457744,0.48358285,-3.4058852,1.9383985,-2.6072886,-16731116
23,22,24,27,"null","null","null",3,3.745599,0.6580924,-2.7521253,0.867519,-3.6251023,-16731116
24,23,25,26,"null","null","null",2,2.8002956,1.0880269,-2.1365538,0.46288577,-3.8261664,-16731116
29,3,30,31,"null","null","null",2,1.6904899,0.84491944,-3.5245032,2.3807092,-0.39556205,-16731116
32,2,33,42,"null","null","null",7,9.891804,1.6749359,-2.7538254,3.1863742,-0.35959655,-16731116
33,32,34,41,"null","null","null",5,8.666411,0.5272817,-3.4974654,2.4522867,-1.0443956,-16731116
34,33,35,40,"null","null","null",4,5.488533,0.5235968,-3.4058852,1.9383985,-2.6072886,-16731116
35,34,36,39,"null","null","null",3,4.5114946,0.6580924,-2.7521253,0.867519,-3.6251023,-16731116
36,35,37,38,"null","null","null",2,1.4947593,1.0880269,-2.1365538,0.46288577,-3.8261664,-16731116
42,32,43,44,"null","null","null",2,2.2842011,3.4248688,-0.27500102,2.444159,-1.5045819,-16731116
45,1,46,67,"null","null","null",14,10.3541,2.620208,-1.3385786,3.592928,-0.7670516,-16731116
46,45,47,62,"null","null","null",11,10.006808,1.5297087,-2.7538254,3.3160472,-0.5755012,-16731116
47,46,48,55,"null","null","null",8,6.468458,0.3384865,-3.4974654,2.6208618,-1.0443956,-16731116
48,47,49,54,"null","null","null",4,5.014642,0.5235968,-3.4058852,1.9383985,-2.6072886,-16731116
49,48,50,53,"null","null","null",3,4.3386726,0.6580924,-2.7521253,0.867519,-3.6251023,-16731116
50,49,51,52,"null","null","null",2,1.8697157,1.0880269,-2.1365538,0.46288577,-3.8261664,-16731116
55,47,56,61,"null","null","null",4,4.0813904,2.3612075,-1.1773334,3.4240808,-0.7950944,-16731116
56,55,57,60,"null","null","null",3,3.5645468,1.7788353,-2.6272726,3.1628685,-0.5592989,-16731116
57,56,58,59,"null","null","null",2,2.752601,0.641129,-3.4392254,2.4198835,-0.6642305,-16731116
62,46,63,66,"null","null","null",3,1.218556,3.0981078,-0.27500102,3.0448914,-1.5045819,-16731116
63,62,64,65,"null","null","null",2,0.29045272,2.3612075,-0.66192454,3.6646893,-0.32388148,-16731116
67,45,68,71,"null","null","null",3,4.956581,3.7661476,-0.705259,1.2371341,-2.2791758,-16731116
68,67,69,70,"null","null","null",2,4.122352,3.4248688,-0.6042887,2.444159,-1.5045819,-16731116
72,0,73,76,"null","null","null",4,8.128706,3.065712,-0.2891289,3.1667423,-1.2878731,-16731116
73,72,74,75,"null","null","null",2,3.5354462,2.3408208,-0.6580918,3.7190452,-0.34808022,-16731116
76,72,77,78,"null","null","null",2,4.384833,2.8755634,-1.1971815,0.31716168,-3.1081553,-12486656
