index,parent,child1,child2,name1,name2,common,richness,lengthbr,hxmax,hxmin,hymax,hymin,color
0,-268270485,1,66,"","null","Scops-owls",35,20.72439,3.1107247,-0.3171605,3.1657617,-1.012213,-12486656
1,0,2,61,"null","null","null",33,18.714138,2.4621496,-1.6991744,3.5147917,-0.39551604,-12486656
2,1,3,42,"null","null","null",30,16.68964,1.3808198,-3.0448194,3.098111,-0.6042875,-12486656
3,2,4,41,"null","null","null",20,13.213462,0.32387918,-3.6646056,2.3612099,-1.2503523,-12486656
4,3,5,28,"null","null","null",19,9.51476,0.5592972,-3.4755578,1.6207758,-2.7222054,-12486656
5,4,6,23,"null","null","null",12,6.5848217,0.7517865,-2.8263798,0.41482425,-3.562649,-12486656
6,5,7,20,"null","null","null",9,5.92094,2.2960706,-2.1206903,0.50423574,-3.5713449,-12486656
7,6,8,17,"null","null","null",7,5.254215,3.3252718,-0.7274771,0.6527473,-2.9853263,-11184866
8,7,9,14,"null","null","null",5,4.7213883,3.5286398,-0.44105357,2.0262752,-2.3868926,-11184866
9,8,10,13,"null","null","null",3,4.1165094,3.0229478,-0.6278824,3.2790775,-1.3026856,-12486656
10,9,11,12,"null","null","null",2,3.629622,2.3134432,-0.6527475,3.7626076,-0.37198886,-11184866
14,8,15,16,"null","null","null",2,3.7135787,1.2662282,-2.0763705,0.56240153,-3.8140674,-3014646
17,7,18,19,"null","null","null",2,2.555703,0.37080014,-2.5711904,0.88575864,-3.3442519,-12486656
20,6,21,22,"null","null","null",2,3.5091863,0.44286656,-3.7111814,1.8611743,-1.7914251,-12486656
23,5,24,27,"null","null","null",3,2.261889,0.8210871,-3.7909265,2.3745227,-0.47380137,-16731116
24,23,25,26,"null","null","null",2,2.261889,0.541973,-3.7111814,1.8611743,-1.7914251,-16731116
28,4,29,40,"null","null","null",7,6.9132767,1.6001993,-2.844085,3.120006,-0.3173849,-12486656
29,28,30,39,"null","null","null",6,5.227055,0.41361105,-3.5088606,2.3745227,-1.198791,-12486656
30,29,31,36,"null","null","null",5,4.9657316,0.54197276,-3.3444967,1.9094259,-2.733913,-12486656
31,30,32,35,"null","null","null",3,2.8108058,0.66192466,-2.660832,0.75470227,-3.684054,-11184866
32,31,33,34,"null","null","null",2,1.2845936,1.2662256,-2.0763717,0.4839719,-3.8140678,-11184866
36,30,37,38,"null","null","null",2,1.3074043,1.6917374,-2.126789,3.5885634,-0.35960123,-16731116
42,2,43,58,"null","null","null",10,12.169283,3.1323986,-0.30319953,3.068629,-1.1514587,-16731116
43,42,44,51,"null","null","null",8,9.443409,2.4557288,-1.6418781,3.489027,-0.37198827,-16731116
44,43,45,50,"null","null","null",4,6.7490554,1.6002,-3.061058,3.1200063,-0.5905161,-16731116
45,44,46,49,"null","null","null",3,3.5100691,0.41361105,-3.7909265,2.3745227,-0.66423047,-16731116
46,45,47,48,"null","null","null",2,2.6935375,0.54197276,-3.7111826,1.8611755,-1.7914224,-16731116
51,43,52,57,"null","null","null",4,6.264769,3.5280132,-0.6717563,1.8652754,-2.2381654,-12486656
52,51,53,56,"null","null","null",3,1.732187,3.0657163,-0.6167592,3.16673,-1.4052911,-16731116
53,52,54,55,"null","null","null",2,1.2650019,2.3408237,-0.65809226,3.71904,-0.3480777,-16731116
58,42,59,60,"null","null","null",2,3.9954631,3.0051584,-1.0892134,0.33095476,-2.9852433,-16731116
61,1,62,65,"null","null","null",3,6.0974436,3.6823015,-0.6366841,1.6104301,-2.190563,-12486656
62,61,63,64,"null","null","null",2,4.553284,3.2227087,-0.62788224,2.7384808,-1.3026884,-16731116
66,0,67,68,"null","null","null",2,5.463239,3.126793,-0.9791815,0.3445285,-2.8544235,-11184866
