index,parent,child1,child2,name1,name2,common,richness,lengthbr,hxmax,hxmin,hymax,hymin,color
0,-268371964,1,68,"null","null","null",36,12.706784,2.5840368,-1.542546,3.625268,-0.737067,-16731116
1,0,2,61,"null","null","null",34,10.646267,1.4333814,-2.931917,3.2971134,-0.59051764,-16731116
2,1,3,44,"null","null","null",30,10.145017,0.29949006,-3.623031,2.6047633,-1.087885,-16731116
3,2,4,37,"null","null","null",21,8.72899,0.5419747,-3.49291,1.7306662,-2.5897264,-16731116
4,3,5,32,"null","null","null",17,8.008977,0.66192496,-2.8537683,0.52231866,-3.4965997,-16731116
5,4,6,23,"null","null","null",14,7.6252174,2.1597412,-2.0607424,0.48397422,-3.5703678,-16731116
6,5,7,18,"null","null","null",9,6.7985754,3.2514307,-0.8866466,0.64591277,-3.008696,-16731116
7,6,8,13,"null","null","null",6,6.449225,3.5280137,-0.41857076,1.8652986,-2.3703573,-16731116
8,7,9,12,"null","null","null",3,2.4105537,3.0657103,-0.61676085,3.166747,-1.4052767,-16731116
9,8,10,11,"null","null","null",2,2.4105537,2.3408196,-0.65809155,3.7190475,-0.34808123,-16731116
13,7,14,17,"null","null","null",3,4.1322255,1.7924259,-2.1365538,0.60018003,-3.6229587,-16731116
14,13,15,16,"null","null","null",2,2.136344,2.8755686,-1.1971772,0.63761365,-3.1081505,-16731116
18,6,19,22,"null","null","null",3,3.5153918,0.35782927,-2.7521253,0.90259767,-3.6251023,-16731116
19,18,20,21,"null","null","null",2,2.9973214,1.0880269,-2.1365538,0.46288577,-3.8261664,-16731116
23,5,24,29,"null","null","null",5,3.7220554,0.48358285,-3.4058852,2.0181658,-2.6072886,-16731116
24,23,25,28,"null","null","null",3,1.7274458,0.6580924,-2.7521253,0.867519,-3.6251023,-16731116
25,24,26,27,"null","null","null",2,1.7274458,1.0880269,-2.1365538,0.46288577,-3.8261664,-16731116
29,23,30,31,"null","null","null",2,1.6350845,1.7788353,-1.9610502,3.6551359,-0.40147904,-16731116
32,4,33,36,"null","null","null",3,4.6714106,0.84491944,-3.7671363,2.4522867,-0.39556205,-16731116
33,32,34,35,"null","null","null",2,2.712366,0.5235968,-3.7564573,1.9383985,-1.6186471,-16731116
37,3,38,43,"null","null","null",4,5.3436255,1.6917281,-2.9612648,3.1863742,-0.35959655,-12486656
38,37,39,42,"null","null","null",3,3.5325754,0.5272817,-3.7671363,2.4522867,-0.665,-12486656
39,38,40,41,"null","null","null",2,2.9714816,0.5235968,-3.7564573,1.9383985,-1.6186471,-11184866
44,2,45,60,"null","null","null",9,7.5386453,2.3408208,-1.3260034,3.4931793,-0.7670516,-16731116
45,44,46,53,"null","null","null",8,6.572057,1.5297087,-2.7374778,3.1863742,-0.5755012,-16731116
46,45,47,52,"null","null","null",4,6.243067,0.5272817,-3.4762132,2.4522867,-0.8165151,-16731116
47,46,48,51,"null","null","null",3,3.4713168,0.5235968,-3.3782573,1.9383985,-2.311044,-16731116
48,47,49,50,"null","null","null",2,2.8482885,0.6580924,-2.716209,0.867519,-3.2399843,-16777216
53,45,54,57,"null","null","null",4,4.633729,3.0981078,-0.27500102,3.0448914,-1.4209453,-16731116
54,53,55,56,"null","null","null",2,2.3455305,2.3612075,-0.66192454,3.6646893,-0.32388148,-16731116
57,53,58,59,"null","null","null",2,2.4276388,2.7384934,-1.3026797,0.30320084,-3.2226985,-16731116
61,1,62,67,"null","null","null",4,5.7107773,3.065712,-0.2891289,3.2309766,-1.4052806,-16731116
62,61,63,66,"null","null","null",3,5.315368,2.3408208,-0.85625637,3.8025498,-0.34808022,-16731116
63,62,64,65,"null","null","null",2,3.2155151,1.6917281,-2.1268067,3.5885556,-0.5755012,-16731116
68,0,69,70,"null","null","null",2,2.3982675,3.8167202,-0.67175275,0.73106515,-2.238161,-16731116
