index,parent,child1,child2,name1,name2,common,richness,lengthbr,hxmax,hxmin,hymax,hymin,color
0,-268368839,1,100,"null","null","null",61,21.987396,1.5333146,-2.8773634,3.3743324,-0.59051764,-16731116
1,0,2,97,"Sylviidae","null","Old World warblers",50,16.583683,0.29949006,-3.5521116,2.705148,-1.1122096,-16731116
2,1,3,54,"null","null","null",48,13.951914,0.5419747,-3.4007149,1.8458359,-2.6213481,-16731116
3,2,4,37,"null","null","null",26,12.332713,0.66192496,-2.7339149,0.59724087,-3.5377078,-16731116
4,3,5,22,"null","null","null",17,9.045657,2.1597412,-2.101461,0.48397422,-3.6238084,-16731116
5,4,6,17,"null","null","null",9,7.905322,3.2514307,-0.8866466,0.64591277,-3.0781689,-16731116
6,5,7,14,"null","null","null",6,6.6316156,3.5280137,-0.41857076,1.8652986,-2.4606717,-16731116
7,6,8,11,"null","null","null",4,5.1593914,3.0657103,-0.61676085,3.166747,-1.2878677,-16731116
8,7,9,10,"null","null","null",2,2.118938,2.3408196,-0.65809155,3.7190475,-0.34808123,-16731116
11,7,12,13,"null","null","null",2,1.1458672,2.8755686,-1.1971772,0.31716225,-3.1081505,-16731116
14,6,15,16,"null","null","null",2,2.4200175,1.0880269,-2.1365538,0.60018003,-3.8261664,-16731116
17,5,18,21,"null","null","null",3,3.9116855,0.35782927,-2.7521253,0.90259767,-3.6251023,-16731116
18,17,19,20,"null","null","null",2,3.3689697,1.0880269,-2.1365538,0.46288577,-3.8261664,-16731116
22,4,23,34,"null","null","null",8,8.540205,0.48358285,-3.4975019,2.0181658,-2.4870472,-16731116
23,22,24,29,"null","null","null",6,6.020746,0.6580924,-2.8712268,0.6457026,-3.4687886,-16731116
24,23,25,28,"null","null","null",3,5.109575,1.7924259,-2.1365538,0.46288577,-3.6229587,-12486656
25,24,26,27,"null","null","null",2,1.7845266,2.8755686,-1.1971772,0.63761365,-3.1081505,-12486656
29,23,30,33,"null","null","null",3,3.675157,0.86650527,-3.7314665,2.5607443,-0.38339564,-16731116
30,29,31,32,"null","null","null",2,2.0189016,0.5042378,-3.7907991,2.010226,-1.4433506,-16731116
34,22,35,36,"null","null","null",2,2.599438,1.7788353,-1.9610502,3.6551359,-0.40147904,-16731116
37,3,38,47,"null","null","null",9,9.6714,0.84491944,-3.4974654,2.6208618,-1.0443956,-16731116
38,37,39,44,"null","null","null",5,4.1741424,0.5235968,-3.4058852,2.0181658,-2.6072886,-16731116
39,38,40,43,"null","null","null",3,2.4569225,0.6580924,-2.7521253,0.867519,-3.6251023,-16731116
40,39,41,42,"null","null","null",2,1.0466152,1.0880269,-2.1365538,0.46288577,-3.8261664,-12486656
44,38,45,46,"null","null","null",2,2.252154,1.7788353,-1.9610502,3.6551359,-0.40147904,-16731116
47,37,48,53,"null","null","null",4,5.9222546,2.3612075,-1.1773334,3.4240808,-0.7950944,-16731116
48,47,49,52,"null","null","null",3,4.8485956,1.7788353,-2.6272726,3.1628685,-0.5592989,-16731116
49,48,50,51,"null","null","null",2,2.873436,0.641129,-3.4392254,2.4198835,-0.6642305,-16731116
54,2,55,94,"null","null","null",22,12.787451,1.6749359,-2.8080366,3.445506,-0.35959655,-16731116
55,54,56,87,"null","null","null",20,10.876026,0.47730488,-3.5679398,2.7891583,-0.9035219,-16731116
56,55,57,84,"null","null","null",16,9.015733,0.5235968,-3.4975019,2.0181658,-2.4241529,-16731116
57,56,58,79,"null","null","null",14,7.5506406,0.6580924,-2.8712268,0.6457026,-3.3870258,-16731116
58,57,59,70,"null","null","null",11,6.4780416,2.0156596,-2.156235,0.46288577,-3.516667,-16731116
59,58,60,67,"null","null","null",6,5.364868,3.1657724,-1.0121964,0.63761365,-2.9699712,-16731116
60,59,61,66,"null","null","null",4,3.6878915,3.5147939,-0.39551884,1.6992425,-2.2791743,-12486656
61,60,62,65,"null","null","null",3,3.6878915,3.0981069,-0.6042892,3.0448964,-1.5045781,-16731116
62,61,63,64,"null","null","null",2,1.542968,2.361207,-0.6619245,3.664692,-0.32388246,-16731116
67,59,68,69,"null","null","null",2,2.081196,0.3445301,-2.8544078,0.9791694,-3.1268065,-16731116
70,58,71,78,"null","null","null",5,5.0434113,0.52348053,-3.4551682,2.010226,-2.3870044,-16731116
71,70,72,77,"null","null","null",4,4.162978,0.6527479,-2.8342948,0.9791694,-3.443475,-16731116
72,71,73,76,"null","null","null",3,3.1963048,1.6104532,-2.1905565,0.44105583,-3.6822941,-16731116
73,72,74,75,"null","null","null",2,1.5358022,2.7384992,-1.3026755,0.6278835,-3.2226942,-16731116
79,57,80,83,"null","null","null",3,4.804779,0.86650527,-3.7314665,2.5607443,-0.38339564,-12486656
80,79,81,82,"null","null","null",2,2.3730671,0.5042378,-3.7907991,2.010226,-1.4433506,-12486656
84,56,85,86,"null","null","null",2,2.255562,1.7788353,-1.9610502,3.6551359,-0.40147904,-12486656
87,55,88,91,"null","null","null",4,8.768125,2.673549,-0.6648546,3.8027482,-0.7950944,-16731116
88,87,89,90,"null","null","null",2,2.9656472,1.7788353,-1.9610502,3.6551359,-0.5592989,-16731116
91,87,92,93,"null","null","null",2,2.922677,3.76261,-0.7370672,0.4390186,-2.3134408,-16731116
94,54,95,96,"null","null","null",2,3.6426606,3.4248688,-0.27500102,2.444159,-1.5045819,-12486656
97,1,98,99,"null","null","null",2,0.20124468,2.3408208,-0.4290239,3.7190452,-0.7670516,-16731116
100,0,101,120,"null","null","null",11,19.885906,3.2905617,-0.2891289,3.1184032,-1.4052806,-16731116
101,100,102,117,"null","null","null",10,15.508413,2.6331253,-1.3260034,3.6562042,-0.34808022,-16731116
102,101,103,112,"null","null","null",8,11.10477,1.5297087,-2.7374778,3.3983066,-0.5755012,-16731116
103,102,104,109,"Sylviidae","null","Old World warblers",5,6.3681245,0.3384865,-3.4762132,2.727799,-0.8165151,-16731116
104,103,105,108,"null","null","null",3,3.1991289,0.5235968,-3.3782573,1.9383985,-2.311044,-12486656
105,104,106,107,"null","null","null",2,1.9149618,0.6580924,-2.716209,0.867519,-3.2399843,-16731116
109,103,110,111,"null","null","null",2,1.811111,2.3612075,-0.41842124,3.6646893,-0.7950944,-16731116
112,102,113,116,"null","null","null",3,10.315847,3.0981078,-0.27500102,3.0448914,-1.5045819,-16731116
113,112,114,115,"null","null","null",2,8.153617,2.3612075,-0.66192454,3.6646893,-0.32388148,-16731116
117,101,118,119,"Sylviidae","null","Old World warblers",2,12.459676,3.795211,-0.705259,0.5537361,-2.2791758,-16731116
