index,parent,child1,child2,name1,name2,common,richness,lengthbr,hxmax,hxmin,hymax,hymin,color
0,-268423159,1,24,"null","null","null",21,18.621578,1.4246819,-3.0061512,3.0981097,-0.6042881,-12486656
1,0,2,23,"null","null","null",12,14.469821,0.32388037,-3.6143322,2.361209,-1.2130222,-12486656
2,1,3,22,"null","null","null",11,10.012594,0.55929816,-3.4101982,1.7788392,-2.6736717,-12486656
3,2,4,19,"null","null","null",10,9.673851,0.82173276,-2.7414122,0.41482127,-3.4995494,-12486656
4,3,5,16,"null","null","null",8,7.332241,2.386998,-2.120687,0.5042366,-3.4893117,-12486656
5,4,6,11,"null","null","null",6,5.8138046,3.4434729,-0.76731277,0.6527476,-2.8786824,-12486656
6,5,7,10,"null","null","null",3,4.1686063,3.6822972,-0.44105446,1.6104419,-2.1905599,-11184866
7,6,8,9,"null","null","null",2,3.463384,3.2227008,-0.6278829,2.7384906,-1.3026817,-8572416
11,5,12,15,"null","null","null",3,5.01437,0.37080067,-2.660828,0.8857578,-3.6840558,-16731116
12,11,13,14,"null","null","null",2,3.2434368,1.2662327,-2.076369,0.48397276,-3.8140671,-16731116
16,4,17,18,"null","null","null",2,3.536886,0.4428649,-3.7111807,1.861171,-1.7914307,-11184866
19,3,20,21,"null","null","null",2,4.4906263,0.82108617,-3.5997534,2.3745224,-0.40725186,-12486656
24,0,25,38,"null","null","null",9,9.427235,3.2310975,-0.30320022,3.0686347,-1.1514504,-12486656
25,24,26,35,"null","null","null",7,9.062467,2.5840387,-1.4435977,3.489029,-0.3719896,-16731116
26,25,27,34,"null","null","null",5,5.936469,1.6001931,-2.8032877,3.1200051,-0.59051704,-16731116
27,26,28,33,"null","null","null",4,5.270778,0.4136026,-3.4558175,2.3745222,-0.9977374,-16731116
28,27,29,32,"null","null","null",3,4.4749513,0.541974,-3.2755356,1.8611698,-2.4725375,-12486656
29,28,30,31,"null","null","null",2,0.92806345,0.66192484,-2.571182,0.7546941,-3.3442578,-12486656
35,25,36,37,"null","null","null",2,5.713996,3.8167195,-0.6717541,0.7310606,-2.2381625,-12486656
38,24,39,40,"null","null","null",2,3.2518644,3.005167,-1.0892061,0.33095554,-2.9852347,-8572416
