index,parent,child1,child2,name1,name2,common,richness,lengthbr,hxmax,hxmin,hymax,hymin,color
0,-268300280,1,68,"Paradisaeidae","null","Birds of paradise",40,22.270584,3.61283,-0.63668066,1.9801664,-2.2438111,-16731116
1,0,2,57,"null","null","null",34,12.369755,3.132392,-0.6278832,3.219129,-1.1166797,-16731116
2,1,3,46,"null","null","null",28,10.970744,2.4557228,-1.542546,3.684667,-0.37199056,-16731116
3,2,4,45,"null","null","null",22,10.319811,1.6001897,-2.931917,3.3743324,-0.59051764,-16731116
4,3,5,42,"null","null","null",21,9.848913,0.29949006,-3.623031,2.705148,-1.1122096,-16731116
5,4,6,25,"null","null","null",19,9.239059,0.5419747,-3.49291,1.8248582,-2.6213481,-16731116
6,5,7,20,"null","null","null",10,8.164789,0.66192496,-2.8537683,0.52231866,-3.5377078,-16731116
7,6,8,19,"null","null","null",7,6.63746,2.1597412,-2.0763643,0.48397422,-3.6238084,-16731116
8,7,9,18,"null","null","null",6,4.1441884,3.2514307,-1.0891994,0.64591277,-3.0781689,-16731116
9,8,10,15,"null","null","null",5,2.6976876,3.5280137,-0.41857076,1.8652986,-2.4606717,-16731116
10,9,11,14,"null","null","null",3,1.1970651,3.0657103,-0.61676085,3.166747,-1.4052767,-16731116
11,10,12,13,"null","null","null",2,0.55169076,2.3408196,-0.65809155,3.7190475,-0.34808123,-16731116
15,9,16,17,"null","null","null",2,1.7922943,1.0880269,-2.1365538,0.60018003,-3.8261664,-12486656
20,6,21,24,"null","null","null",3,5.9183435,0.84491944,-3.7671363,2.4522867,-0.39556205,-16731116
21,20,22,23,"null","null","null",2,3.2642417,0.5235968,-3.7564573,1.9383985,-1.6186471,-16731116
25,5,26,39,"null","null","null",9,7.7395782,1.6749359,-2.7538254,3.3983066,-0.35959655,-16731116
26,25,27,36,"null","null","null",7,5.98687,0.3384865,-3.4974654,2.727799,-1.0443956,-16731116
27,26,28,33,"null","null","null",5,4.1889095,0.5235968,-3.4058852,2.0181658,-2.6072886,-16731116
28,27,29,32,"null","null","null",3,3.105435,0.6580924,-2.7521253,0.867519,-3.6251023,-16731116
29,28,30,31,"null","null","null",2,0.4083768,1.0880269,-2.1365538,0.46288577,-3.8261664,-16731116
33,27,34,35,"null","null","null",2,2.168025,1.7788353,-1.9610502,3.6551359,-0.40147904,-16731116
36,26,37,38,"null","null","null",2,3.0555933,2.3612075,-0.41842124,3.6646893,-0.7950944,-16731116
39,25,40,41,"null","null","null",2,4.475358,3.4248688,-0.27500102,2.444159,-1.5045819,-12486656
42,4,43,44,"null","null","null",2,6.895265,2.3408208,-0.4290239,3.7190452,-0.7670516,-16731116
46,2,47,56,"null","null","null",6,9.083478,3.5280137,-0.67175275,1.9147029,-2.238161,-16731116
47,46,48,53,"null","null","null",5,6.869793,3.065712,-0.6167603,3.2309766,-1.2878731,-16731116
48,47,49,52,"null","null","null",3,5.3776636,2.3408208,-0.85625637,3.8025498,-0.34808022,-16731116
49,48,50,51,"null","null","null",2,2.5478952,1.6917281,-2.1268067,3.5885556,-0.5755012,-16731116
53,47,54,55,"null","null","null",2,1.5326695,2.8755634,-1.1971815,0.31716168,-3.1081553,-16731116
57,1,58,67,"null","null","null",6,9.6355915,3.2514277,-1.0892038,0.3309561,-2.9070082,-16731116
58,57,59,66,"null","null","null",5,7.840996,3.5280137,-0.4185698,1.8652921,-2.238161,-16731116
59,58,60,63,"null","null","null",4,3.164121,3.065712,-0.6167603,3.1667423,-1.2878731,-16731116
60,59,61,62,"null","null","null",2,2.5366275,2.3408208,-0.6580918,3.7190452,-0.34808022,-12486656
63,59,64,65,"null","null","null",2,0.7872859,2.8755634,-1.1971815,0.31716168,-3.1081553,-16731116
68,0,69,78,"null","null","null",6,14.610417,2.1597354,-2.076367,0.5623988,-3.4921455,-16731116
69,68,70,77,"null","null","null",5,11.044098,3.2514277,-1.0892038,0.6459124,-2.9070082,-16731116
70,69,71,76,"null","null","null",4,6.596342,3.5280137,-0.4185698,1.8652921,-2.238161,-16731116
71,70,72,75,"null","null","null",3,5.51665,3.065712,-0.6167603,3.1667423,-1.4052806,-16731116
72,71,73,74,"null","null","null",2,4.050543,2.3408208,-0.6580918,3.7190452,-0.34808022,-16731116
