index,parent,child1,child2,name1,name2,common,richness,lengthbr,hxmax,hxmin,hymax,hymin,color
0,-268261367,1,40,"null","null","null",25,8.056621,2.393849,-1.6694413,3.6996107,-0.39551812,-16731116
1,0,2,29,"null","null","null",20,7.047475,1.3321645,-3.0061576,3.3383703,-0.6042888,-16731116
2,1,3,26,"null","null","null",14,5.128764,0.32388172,-3.6143346,2.6735487,-1.2045327,-16731116
3,2,4,15,"null","null","null",12,3.9559612,0.5592991,-3.4101975,1.6207659,-2.662631,-16731116
4,3,5,12,"null","null","null",6,2.8084996,0.6642305,-2.7414112,0.41481584,-3.4851904,-16731116
5,4,6,9,"null","null","null",4,2.1844134,2.1434147,-2.1206799,0.50423795,-3.4706392,-16731116
6,5,7,8,"null","null","null",2,1.729368,3.1268075,-0.9791683,0.652748,-2.8544064,-16731116
9,5,10,11,"null","null","null",2,1.7832407,0.44286197,-3.7111769,1.8611665,-1.7914414,-16731116
12,4,13,14,"null","null","null",2,0.34658593,0.8210844,-3.5997567,2.3745215,-0.40725267,-16731116
15,3,16,25,"null","null","null",6,3.5272727,1.6001897,-2.8440938,3.1200042,-0.31738016,-16731116
16,15,17,24,"null","null","null",5,3.2714942,0.4135989,-3.508861,2.3745215,-1.1988084,-16731116
17,16,18,23,"null","null","null",4,2.452516,0.5419747,-3.344489,1.8611665,-2.7339268,-16731116
18,17,19,22,"null","null","null",3,1.1666688,0.66192496,-2.6608212,0.7546901,-3.6840599,-16731116
19,18,20,21,"null","null","null",2,0.81590813,1.2662454,-2.0763643,0.48397422,-3.814066,-16731116
26,2,27,28,"null","null","null",2,1.9168686,2.3134403,-0.4390187,3.7626104,-0.737067,-16731116
29,1,30,39,"null","null","null",6,6.214307,3.0229437,-0.303201,3.0686388,-1.3026786,-16731116
30,29,31,38,"null","null","null",5,3.9960923,2.3134403,-1.6418939,3.48903,-0.37199056,-16731116
31,30,32,37,"null","null","null",4,2.8578603,1.6001897,-3.061069,3.1200042,-0.59051764,-16731116
32,31,33,36,"null","null","null",3,2.438887,0.4135989,-3.7909286,2.3745215,-0.66423035,-16731116
33,32,34,35,"null","null","null",2,0.9383209,0.5419747,-3.7111769,1.8611665,-1.7914414,-16731116
40,0,41,46,"null","null","null",5,5.4815574,3.528639,-0.63668066,2.0262864,-2.386887,-16731116
41,40,42,45,"null","null","null",3,4.6020126,3.0229437,-0.6278832,3.2790852,-1.3026786,-16731116
42,41,43,44,"null","null","null",2,1.832,2.3134403,-0.65274704,3.7626104,-0.37199056,-16731116
46,40,47,48,"null","null","null",2,0.8600499,1.2662381,-2.076367,0.5623988,-3.8140666,-16731116
