index,parent,child1,child2,name1,name2,common,richness,lengthbr,hxmax,hxmin,hymax,hymin,color
0,-268404603,1,174,"null","null","null",161,12.367503,2.4548864,-1.6652248,3.6848876,-0.3955179,-16731116
1,0,2,91,"null","null","null",87,11.974929,1.4070897,-3.000677,3.319231,-0.6042887,-16731116
2,1,3,60,"","null","Bare-eyes, Antbirds",45,11.126678,0.32388148,-3.6072109,2.6486678,-1.2503662,-16731116
3,2,4,57,"Thamnophilidae","null","Antbirds",29,9.617169,0.5592989,-3.4009376,1.7948527,-2.7222152,-16731116
4,3,5,34,"null","null","null",27,9.4087,0.82174075,-2.7293735,0.5171461,-3.5626507,-16731116
5,4,6,21,"null","null","null",15,8.062901,2.3870044,-1.9577086,0.5042378,-3.5713387,-16731116
6,5,7,14,"null","null","null",8,7.654691,3.443475,-0.76730543,0.6527479,-2.9853163,-16731116
7,6,8,11,"null","null","null",4,4.2860823,3.6822941,-0.4410558,1.6104531,-2.3868847,-16731116
8,7,9,10,"null","null","null",2,1.6300718,3.2226942,-0.6278835,2.7384992,-1.3026755,-16731116
11,7,12,13,"null","null","null",2,1.5033473,1.2662436,-2.076365,0.5623976,-3.814066,-16731116
14,6,15,20,"null","null","null",4,6.535742,0.45200622,-2.6608222,0.88575673,-3.482712,-16731116
15,14,16,19,"null","null","null",3,3.6415582,1.9703119,-2.076365,0.483974,-3.5523148,-16731116
16,15,17,18,"null","null","null",2,2.0057204,3.0051737,-1.0892006,0.64591265,-2.9852276,-16731116
21,5,22,33,"null","null","null",7,6.9286795,0.4428624,-3.3444898,1.8611662,-2.5434406,-16731116
22,21,23,32,"","null","Warbling-antbirds",6,5.1310587,0.68969655,-2.6608222,0.75469065,-3.4364274,-16731116
23,22,24,31,"null","null","null",5,4.561768,2.2793093,-2.076365,0.483974,-3.4921446,-16731116
24,23,25,30,"null","null","null",4,3.7246485,3.4068704,-1.0892006,0.64591265,-2.9070063,-16731116
25,24,26,29,"null","null","null",3,3.3914256,3.7300863,-0.41857052,1.4251142,-2.2381597,-16731116
26,25,27,28,"null","null","null",2,1.8299248,3.328405,-0.6167606,2.5945082,-1.4052775,-16731116
34,4,35,48,"null","null","null",12,9.156452,0.8210846,-3.572671,2.604763,-1.0522809,-16731116
35,34,36,47,"null","null","null",7,5.855468,0.54197484,-3.4274416,1.8611662,-2.5434406,-16731116
36,35,37,46,"null","null","null",6,4.7079215,0.72912955,-2.7686596,0.75469065,-3.4364274,-16731116
37,36,38,43,"null","null","null",5,3.4567428,2.3305721,-2.2165534,0.483974,-3.4921446,-16731116
38,37,39,42,"null","null","null",3,0.45072466,3.4735122,-1.0892006,0.64591265,-2.9070063,-16731116
39,38,40,41,"null","null","null",2,0.08056707,3.8167205,-0.41857052,0.73107064,-2.2381597,-16731116
43,37,44,45,"null","null","null",2,1.7702522,0.48358327,-3.756458,1.9383984,-1.6186465,-12486656
48,34,49,56,"null","null","null",5,4.763265,2.3408206,-1.4981501,3.4931793,-0.76705146,-16731116
49,48,50,55,"null","null","null",4,4.30835,1.6917262,-2.9612668,3.1863725,-0.57550156,-16731116
50,49,51,54,"null","null","null",3,3.8550634,0.5272789,-3.767137,2.4522848,-0.665,-16731116
51,50,52,53,"null","null","null",2,3.3985114,0.5235972,-3.7564566,1.9383972,-1.6186507,-16731116
57,3,58,59,"null","null","null",2,1.7765311,1.600189,-2.2880564,3.5116978,-0.3173806,-16731116
60,2,61,86,"null","null","null",16,8.852583,2.5455327,-1.5047903,3.7066278,-0.7370672,-16731116
61,60,62,85,"null","null","null",13,8.407312,1.600189,-2.882834,3.4028807,-0.5905177,-16731116
62,61,63,80,"null","null","null",12,7.8264265,0.29949018,-3.5592227,2.742261,-1.0796683,-16731116
63,62,64,73,"Thamnophilidae","null","Antbirds",9,3.5196366,0.54197484,-3.409959,1.7061949,-2.579044,-16731116
64,63,65,70,"null","null","null",5,2.1358862,0.661925,-2.745932,0.49050736,-3.482712,-16731116
65,64,66,69,"null","null","null",3,1.1032261,1.9703119,-2.076365,0.483974,-3.5523148,-16731116
66,65,67,68,"null","null","null",2,0.815064,3.0051737,-1.0892006,0.64591265,-2.9852276,-16731116
70,64,71,72,"null","null","null",2,0.6933389,0.8449197,-3.5245035,2.3807096,-0.39556193,-16731116
73,63,74,77,"null","null","null",4,3.277822,1.674933,-2.7746265,3.1313148,-0.35959634,-16731116
74,73,75,76,"null","null","null",2,0.21127284,0.5272789,-3.524505,2.3807096,-0.665,-16731116
77,73,78,79,"null","null","null",2,2.005088,3.424866,-0.2750013,2.4441643,-1.5045784,-16731116
80,62,81,84,"null","null","null",3,4.9238114,2.3408206,-0.85626006,3.8025498,-0.76705146,-16731116
81,80,82,83,"null","null","null",2,2.618794,1.6917262,-2.1268098,3.5885544,-0.57550156,-16731116
86,60,87,90,"Thamnophilidae","null","Antbirds",3,7.8763123,3.7300868,-0.6717526,1.4251122,-2.2381606,-16731116
87,86,88,89,"null","null","null",2,2.8057988,3.328406,-0.61676055,2.5945067,-1.4052784,-16731116
91,1,92,155,"Thamnophilidae","null","Antbirds and Antshrikes",42,10.90883,3.1915236,-0.30320084,3.2360222,-1.116679,-16731116
92,91,93,126,"null","null","null",32,10.56713,2.532594,-1.542547,3.7066278,-0.37199068,-16731116
93,92,94,125,"null","null","null",17,9.816377,1.600189,-2.9319177,3.4028807,-0.5905177,-16731116
94,93,95,118,"null","null","null",16,7.04005,0.39173108,-3.6230316,2.742261,-1.0522809,-16731116
95,94,96,113,"null","null","null",12,6.254732,0.54197484,-3.4929106,1.7061949,-2.5434406,-16731116
96,95,97,108,"null","null","null",9,5.51062,0.72912955,-2.8537693,0.5223193,-3.4364274,-16731116
97,96,98,105,"null","null","null",6,4.8903456,2.3305721,-2.2165534,0.483974,-3.4921446,-16731116
98,97,99,102,"null","null","null",4,4.1046,3.4735122,-0.8706852,0.64591265,-2.9070063,-16731116
99,98,100,101,"null","null","null",2,1.894481,3.8167205,-0.41857052,0.73107064,-2.2381597,-16731116
102,98,103,104,"null","null","null",2,1.782847,0.35782912,-2.7162104,0.9025978,-3.239983,-16731116
105,97,106,107,"null","null","null",2,2.1167672,0.48358327,-3.756458,1.9383984,-1.6186465,-12486656
108,96,109,112,"","null","Fire-eyes",3,2.439236,0.8449197,-3.767137,2.4522865,-0.39556193,-12486656
109,108,110,111,"null","null","null",2,0.8868308,0.5235969,-3.756458,1.9383984,-1.6186465,-12486656
113,95,114,117,"null","null","null",3,5.876407,1.6917262,-2.7746265,3.1313148,-0.35959634,-16731116
114,113,115,116,"null","null","null",2,2.4001737,0.5272789,-3.524505,2.3807096,-0.665,-12486656
118,94,119,122,"null","null","null",4,4.155839,2.6331244,-0.85626006,3.8025498,-0.76705146,-16731116
119,118,120,121,"null","null","null",2,1.4324942,1.6917262,-2.1268098,3.5885544,-0.57550156,-16731116
122,118,123,124,"null","null","null",2,1.4134904,3.7952118,-0.70525837,0.5537423,-2.2791748,-16731116
126,92,127,142,"null","null","null",15,10.270274,3.7009747,-0.6717526,1.7065854,-2.3231177,-16731116
127,126,128,137,"null","null","null",8,9.662082,3.2905605,-0.61676055,2.960422,-1.2264566,-16731116
128,127,129,134,"null","null","null",5,8.1060505,2.6331244,-1.3545806,3.4508271,-0.34808072,-16731116
129,128,130,133,"null","null","null",3,5.681287,1.6917262,-2.7746265,3.1313148,-0.57550156,-16731116
130,129,131,132,"null","null","null",2,3.4957964,0.5272789,-3.524505,2.3807096,-0.665,-16731116
134,128,135,136,"null","null","null",2,3.2464023,3.7952118,-0.70525837,0.5537423,-2.2791748,-16731116
137,127,138,141,"null","null","null",3,6.000435,3.381478,-1.1971774,0.31716195,-2.9699717,-16731116
138,137,139,140,"null","null","null",2,2.3874185,3.7952118,-0.3955187,0.6459114,-2.2791748,-16731116
142,126,143,150,"null","null","null",7,8.750339,2.1815865,-2.1631112,0.60018086,-3.516667,-16731116
143,142,144,147,"null","null","null",4,8.110462,3.381478,-1.0121963,0.63761365,-2.9699717,-12486656
144,143,145,146,"null","null","null",2,2.468433,3.7952118,-0.3955187,0.6459114,-2.2791748,-11184866
147,143,148,149,"null","null","null",2,2.967529,0.34453002,-2.8544066,0.9791679,-3.1268075,-16731116
150,142,151,154,"null","null","null",3,3.5672388,0.5234808,-3.470639,2.0102253,-2.1434145,-16731116
151,150,152,153,"null","null","null",2,3.1688888,0.652748,-2.8544066,0.9791679,-3.1268075,-16731116
155,91,156,173,"null","null","null",10,8.077214,3.384476,-1.0892012,0.33095616,-2.9070072,-16731116
156,155,157,172,"null","null","null",9,7.804262,3.7009747,-0.41857028,1.7316461,-2.2381606,-16731116
157,156,158,169,"null","null","null",8,6.7045493,3.2905605,-0.61676055,2.9930007,-1.2878697,-16731116
158,157,159,166,"null","null","null",6,4.993187,2.6331244,-1.4981501,3.4931793,-0.34808072,-16731116
159,158,160,165,"null","null","null",4,2.968109,1.6917262,-2.9612668,3.1863725,-0.57550156,-16731116
160,159,161,164,"null","null","null",3,2.4352715,0.5272789,-3.767137,2.4522848,-0.665,-16731116
161,160,162,163,"null","null","null",2,1.7373378,0.5235972,-3.7564566,1.9383972,-1.6186507,-16731116
166,158,167,168,"null","null","null",2,1.4790257,3.7952118,-0.70525837,0.5537423,-2.2791748,-16731116
169,157,170,171,"null","null","null",2,4.992691,2.8755677,-1.1971774,0.31716195,-3.108151,-16731116
174,0,175,182,"Thamnophilidae","null","Antbirds",74,11.574383,3.6659718,-0.6366811,1.9931613,-2.2785766,-16731116
175,174,176,-268401664,"null","null","null",57,9.969473,3.2014763,-0.6278832,3.2360222,-1.145724,-16731116
176,175,-268402688,177,"","null","Antshrikes",34,9.616348,2.5455327,-1.5127478,3.7066278,-0.37199068,-16731116
177,176,178,181,"null","null","null",3,9.23122,3.7300868,-0.6717526,1.4251122,-2.2381606,-16731116
178,177,179,180,"null","null","null",2,2.6121702,3.328406,-0.61676055,2.5945067,-1.4052784,-16731116
182,174,183,204,"","null","Antshrikes, Antwrens and more",17,11.254709,2.262082,-2.1051493,0.5623986,-3.5703688,-16731116
183,182,184,201,"null","null","null",11,10.772902,3.384476,-0.87068576,0.6459125,-3.0086977,-16731116
184,183,185,196,"null","null","null",9,8.667799,3.7009747,-0.41857028,1.9147055,-2.3703585,-16731116
185,184,186,193,"null","null","null",6,8.127739,3.2905605,-0.61676055,3.230978,-1.2878697,-16731116
186,185,187,190,"null","null","null",4,6.8882084,2.6331244,-0.85626006,3.8025498,-0.34808072,-16731116
187,186,188,189,"null","null","null",2,5.152021,1.6917262,-2.1268098,3.5885544,-0.57550156,-16731116
190,186,191,192,"null","null","null",2,4.546428,3.7952118,-0.70525837,0.5537423,-2.2791748,-16731116
193,185,194,195,"null","null","null",2,6.873406,2.8755677,-1.1971774,0.31716195,-3.108151,-16731116
196,184,197,200,"null","null","null",3,6.6527114,1.7924247,-2.1365545,0.60018086,-3.6229587,-16731116
197,196,198,199,"null","null","null",2,6.2630777,2.8755677,-1.1971774,0.63761365,-3.108151,-16731116
201,183,202,203,"null","null","null",2,3.3544085,0.357829,-2.7162097,0.902598,-3.239984,-11184866
204,182,205,214,"null","null","null",6,10.925373,0.4835837,-3.505797,1.938399,-2.4870465,-16731116
205,204,206,213,"null","null","null",5,9.733124,0.6580924,-2.8820105,0.8675192,-3.4687881,-16731116
206,205,207,210,"null","null","null",4,7.3542223,1.7924247,-2.3054044,0.46288565,-3.6229587,-16731116
207,206,208,209,"null","null","null",2,3.3326826,2.8755677,-1.1971774,0.63761365,-3.108151,-16731116
210,206,211,212,"null","null","null",2,2.243153,0.5234808,-3.7907987,2.0102253,-1.4433522,-16731116
