index,parent,child1,child2,name1,name2,common,richness,lengthbr,hxmax,hxmin,hymax,hymin,color
0,-268391417,1,102,"null","null","null",1087,27.581726,0.5755014,-3.3774462,1.5949215,-2.766101,-16731116
1,0,2,64,"null","null","null",1026,26.009457,0.9444857,-2.7006807,0.48278022,-3.5134225,-16731116
2,1,3,53,"null","null","null",834,22.911995,2.477405,-1.8475366,0.523597,-3.4266286,-16731116
3,2,4,51,"null","null","null",828,21.514088,3.4562526,-0.70804346,0.65809244,-2.7790914,-16731116
4,3,5,50,"null","null","null",442,19.708584,3.6066606,-0.46288598,2.0824475,-2.1702385,-16731116
5,4,6,49,"","null","Tanagers, Grosbeaks, Saltators and more",391,18.672585,3.086963,-0.6376138,3.2525957,-1.1971761,-16731116
6,5,7,-268380160,"null","null","null",390,13.569035,2.4312642,-1.6631403,3.6276631,-0.39551908,-16731116
7,6,8,18,"null","null","null",235,12.064798,1.3321605,-2.9979622,3.2448366,-0.6042893,-16731116
8,7,-268384256,9,"","null","Tanagers, Conebills, Warbling-finches and more",219,12.064678,0.32388273,-3.6036763,2.5519557,-1.2275987,-16731116
9,8,10,15,"null","null","null",5,9.172447,2.5840344,-1.5287814,3.4890313,-0.7370657,-12486656
10,9,11,14,"null","null","null",3,3.3857484,1.6001859,-2.914019,3.1200035,-0.59051824,-12486656
11,10,12,13,"Thraupidae","null","Tanagers",2,2.9221268,0.4135942,-3.5997598,2.3745208,-0.6642302,-11184866
15,9,16,17,"null","null","null",2,2.625343,3.816721,-0.6717514,0.7310724,-2.2381592,-12486656
18,7,19,46,"","null","Grosbeaks, Saltators and more",16,12.038688,3.022942,-0.30320156,3.1648731,-1.1514399,-16731116
19,18,20,45,"Cardinalidae","null","Grosbeaks, saltators and more",14,8.362412,2.3134391,-1.4749951,3.6141305,-0.37199152,-16731116
20,19,21,44,"null","null","null",13,8.226867,1.6001859,-2.8440971,3.2826324,-0.59051824,-16731116
21,20,22,37,"null","null","null",12,8.051062,0.29949108,-3.508861,2.5859382,-1.0522863,-16731116
22,21,23,32,"null","null","null",8,7.255863,0.5419755,-3.3444862,1.7061918,-2.5434449,-16731116
23,22,24,31,"null","null","null",5,3.525468,0.7291379,-2.6608171,0.7546856,-3.436429,-16731116
24,23,25,30,"null","null","null",4,3.0464356,2.33058,-2.0763617,0.48397505,-3.4921427,-16731116
25,24,26,29,"null","null","null",3,1.8950273,3.473517,-1.0891951,0.645913,-2.9070024,-16731116
26,25,27,28,"null","null","null",2,0.3185219,3.8167217,-0.41857165,0.7310797,-2.2381573,-16731116
32,22,33,36,"null","null","null",3,6.2855873,1.6917245,-2.7746296,3.1313143,-0.35959482,-16731116
33,32,34,35,"null","null","null",2,4.8134155,0.52727723,-3.5245066,2.3807092,-0.665,-16731116
37,21,38,43,"null","null","null",4,4.600134,2.3408196,-1.3545845,3.4508276,-0.7670504,-16731116
38,37,39,42,"null","null","null",3,4.2455487,1.6917245,-2.7746296,3.1313143,-0.5755019,-16731116
39,38,40,41,"null","null","null",2,3.1729915,0.52727723,-3.5245066,2.3807092,-0.665,-16731116
46,18,47,48,"null","null","null",2,4.734489,3.005175,-1.0891994,0.33095664,-2.9852262,-16731116
50,4,-268388352,-268372992,"","null","Cardinals and more",51,18.103138,2.2960854,-2.0236723,0.5234802,-3.4866781,-16731116
51,3,52,-268377088,"null","null","null",386,18.984241,0.8099128,-2.701013,0.866505,-3.5241628,-16731116
52,51,-268387328,-268374016,"null","null","null",263,12.021411,2.3716273,-1.9943746,0.50423795,-3.5213037,-16731116
53,2,54,61,"Emberizidae","null","Buntings, American sparrows and more",6,16.948593,0.40147862,-3.2712216,1.7948521,-2.662631,-16731116
54,53,55,60,"null","null","null",4,15.141306,0.6642305,-2.5607429,0.6411279,-3.4851904,-16731116
55,54,56,59,"null","null","null",3,11.933237,2.1434147,-2.010225,0.50423795,-3.4706392,-16731116
56,55,57,58,"null","null","null",2,4.506348,3.1268075,-0.9791683,0.652748,-2.8544064,-16731116
61,53,62,63,"null","null","null",2,1.4539886,1.6001897,-2.2880554,3.5116982,-0.31738016,-16731116
64,1,65,97,"","null","Finches and more",192,24.674679,0.79509413,-3.6036744,2.68587,-1.2275933,-16731116
65,64,66,-268385280,"null","null","null",189,22.5378,0.5592991,-3.3963392,1.7242522,-2.6926098,-16731116
66,65,67,80,"Fringillidae","null","Finches and Hawaiian honeycreepers",162,19.382463,0.8099128,-2.7233956,0.5782557,-3.5241628,-16731116
67,66,68,-268375040,"null","null","null",153,16.97566,2.3716273,-1.9934051,0.50423795,-3.5213037,-16731116
68,67,-268381184,69,"null","null","null",89,10.803741,3.4234836,-0.8051311,0.652748,-2.9202704,-16731116
69,68,70,77,"null","null","null",6,7.5658064,0.72913146,-2.7459316,0.8857566,-3.4364276,-16731116
70,69,71,76,"null","null","null",4,2.256246,2.330574,-2.0763643,0.48397422,-3.492144,-16731116
71,70,72,75,"null","null","null",3,1.4183872,3.4735134,-1.0891994,0.64591277,-2.9070053,-16731116
72,71,73,74,"null","null","null",2,0.7013813,3.816721,-0.41857076,0.7310724,-2.2381592,-16731116
77,69,78,79,"null","null","null",2,2.5176346,0.84491944,-3.5245032,2.3807092,-0.39556205,-16731116
80,66,81,92,"null","null","null",9,14.857877,0.8210844,-3.559222,2.7422612,-1.1988084,-16731116
81,80,82,89,"null","null","null",6,12.801996,0.5419747,-3.4099584,1.9094133,-2.7339268,-16731116
82,81,83,86,"null","null","null",4,10.848754,0.66192496,-2.7459316,0.49050635,-3.6840599,-16731116
83,82,84,85,"null","null","null",2,3.0599525,1.2662454,-2.0763643,0.48397422,-3.814066,-16731116
86,82,87,88,"null","null","null",2,3.1921723,0.84491944,-3.5245032,2.3807092,-0.39556205,-16731116
89,81,90,91,"null","null","null",2,4.0165167,1.6917281,-2.1268067,3.5885556,-0.35959655,-16731116
92,80,93,96,"null","null","null",3,10.204139,2.3408208,-0.85625637,3.8025498,-0.7670516,-16731116
93,92,94,95,"null","null","null",2,3.4235997,1.6917281,-2.1268067,3.5885556,-0.5755012,-16731116
97,64,98,101,"Fringillidae","null","Finches and Hawaiian honeycreepers",3,7.559192,2.3134403,-1.0472679,3.7903333,-0.737067,-16731116
98,97,99,100,"null","null","null",2,4.8169045,1.6001897,-2.2880554,3.5116982,-0.59051764,-16731116
102,0,103,167,"Motacillidae","null","Wagtails and pipits",61,20.741096,1.4209437,-2.9877696,3.2448382,-0.27500117,-16731116
103,102,104,146,"null","null","null",59,19.69603,0.32388172,-3.5904303,2.5519571,-1.2503675,-16731116
104,103,105,131,"null","null","null",48,17.492235,0.5592991,-3.379122,1.7338006,-2.7222161,-16731116
105,104,106,110,"null","null","null",40,16.944786,0.7518035,-2.701013,0.50877935,-3.5626512,-16731116
106,105,-268389376,107,"null","null","null",29,13.520856,2.2960854,-2.1206799,0.50423795,-3.5713387,-16731116
107,106,108,109,"null","null","null",2,2.6176202,0.44286197,-3.7111769,1.8611665,-1.7914414,-16731116
110,105,111,122,"null","null","null",11,7.0055037,0.8210844,-3.508861,2.5859394,-1.0796676,-16731116
111,110,112,119,"null","null","null",6,5.040449,0.5419747,-3.344489,1.9094133,-2.5790436,-16731116
112,111,113,118,"null","null","null",4,4.6867013,0.66192496,-2.6608212,0.7546901,-3.482712,-16731116
113,112,114,117,"null","null","null",3,4.6579185,1.9703138,-2.0763643,0.48397422,-3.5523138,-16731116
114,113,115,116,"null","null","null",2,2.0149603,3.005175,-1.0891994,0.64591277,-2.9852262,-16731116
119,111,120,121,"null","null","null",2,1.9002222,1.6917281,-2.1268067,3.5885556,-0.35959655,-16731116
122,110,123,128,"null","null","null",5,4.4870176,2.6331253,-1.3545772,3.4508257,-0.7670516,-16731116
123,122,124,127,"null","null","null",3,2.213135,1.6917281,-2.7746239,3.1313145,-0.5755012,-16731116
124,123,125,126,"null","null","null",2,2.061543,0.5272817,-3.5245032,2.3807092,-0.665,-16731116
128,122,129,130,"null","null","null",2,2.2674131,3.795211,-0.705259,0.5537361,-2.2791758,-16731116
131,104,132,143,"null","null","null",8,11.391836,1.5501353,-2.8440938,3.3743324,-0.31738016,-16731116
132,131,133,140,"null","null","null",6,8.009076,0.29949006,-3.508861,2.705148,-1.1988084,-16731116
133,132,134,139,"null","null","null",4,5.654249,0.5419747,-3.344489,1.8611665,-2.7339268,-16731116
134,133,135,138,"null","null","null",3,4.312775,0.66192496,-2.6608212,0.7546901,-3.6840599,-16731116
135,134,136,137,"null","null","null",2,2.489755,1.2662454,-2.0763643,0.48397422,-3.814066,-16731116
140,132,141,142,"null","null","null",2,2.2674093,2.3408208,-0.4290239,3.7190452,-0.7670516,-12486656
143,131,144,145,"null","null","null",2,2.4336429,3.3284082,-0.2891289,2.5945039,-1.4052806,-16731116
146,103,147,162,"null","null","null",11,8.872205,2.5455332,-1.5047891,3.48903,-0.737067,-16731116
147,146,148,161,"null","null","null",8,6.084477,1.6001897,-2.882833,3.1200042,-0.59051764,-16731116
148,147,149,160,"null","null","null",7,5.9996,0.4135989,-3.559222,2.3745215,-1.0796676,-16731116
149,148,150,159,"null","null","null",6,4.1131134,0.5419747,-3.4099584,1.8611665,-2.5790436,-16731116
150,149,151,156,"null","null","null",5,3.9794505,0.66192496,-2.7459316,0.49050635,-3.482712,-16731116
151,150,152,155,"null","null","null",3,3.1599302,1.9703138,-2.0763643,0.48397422,-3.5523138,-16731116
152,151,153,154,"null","null","null",2,1.9285357,3.005175,-1.0891994,0.64591277,-2.9852262,-16731116
156,150,157,158,"null","null","null",2,3.197046,0.84491944,-3.5245032,2.3807092,-0.39556205,-16731116
162,146,163,166,"null","null","null",3,6.5169373,3.7300878,-0.67175275,1.4251086,-2.238161,-16731116
163,162,164,165,"null","null","null",2,3.922907,3.3284082,-0.6167603,2.5945039,-1.4052806,-16731116
167,102,168,169,"null","null","null",2,4.9995093,3.2226973,-0.303201,2.7384949,-1.3026786,-16731116
