index,parent,child1,child2,name1,name2,common,richness,lengthbr,hxmax,hxmin,hymax,hymin,color
0,-268399559,1,42,"null","null","null",24,4.447835,3.2310948,-0.6278832,3.0686388,-1.1166797,-16731116
1,0,2,39,"null","null","null",21,4.447835,2.5840368,-1.5005817,3.48903,-0.37199056,-16731116
2,1,3,32,"null","null","null",19,4.4478354,1.4333814,-2.8773634,3.1200042,-0.59051764,-16731116
3,2,4,31,"","null","Cinclodes",15,3.1197128,0.4135989,-3.5521116,2.3745215,-1.0522804,-16731116
4,3,5,30,"null","null","null",14,3.1197128,0.5419747,-3.4007149,1.8611665,-2.5434403,-16731116
5,4,6,19,"null","null","null",13,2.3980937,0.66192496,-2.7339149,0.5495896,-3.4364276,-16731116
6,5,7,18,"null","null","null",7,1.5197327,2.1597412,-2.0763643,0.48397422,-3.492144,-16731116
7,6,8,15,"null","null","null",6,0.9054065,3.2514307,-0.8706838,0.64591277,-2.9070053,-16731116
8,7,9,14,"null","null","null",4,0.5935152,3.5280137,-0.41857076,1.8652986,-2.2381592,-16731116
9,8,10,13,"null","null","null",3,0.44834155,3.0657103,-0.61676085,3.166747,-1.4052767,-16731116
10,9,11,12,"null","null","null",2,0.26288933,2.3408196,-0.65809155,3.7190475,-0.34808123,-16731116
15,7,16,17,"null","null","null",2,0.25093788,0.35782927,-2.716209,0.90259767,-3.2399843,-16731116
19,5,20,29,"null","null","null",6,1.5319848,0.84491944,-3.4974654,2.5136464,-1.0443956,-12486656
20,19,21,26,"null","null","null",5,1.5319848,0.5235968,-3.4058852,2.0181658,-2.6072886,-16731116
21,20,22,25,"null","null","null",3,0.78300613,0.6580924,-2.7521253,0.867519,-3.6251023,-16731116
22,21,23,24,"null","null","null",2,0.1467784,1.0880269,-2.1365538,0.46288577,-3.8261664,-16731116
26,20,27,28,"null","null","null",2,0.9688714,1.7788353,-1.9610502,3.6551359,-0.40147904,-11184866
32,2,33,36,"null","null","null",4,3.39296,3.065712,-0.2891289,3.1667423,-1.2878731,-16731116
33,32,34,35,"null","null","null",2,0.4591331,2.3408208,-0.6580918,3.7190452,-0.34808022,-16731116
36,32,37,38,"null","null","null",2,1.6475036,2.8755634,-1.1971815,0.31716168,-3.1081553,-16731116
39,1,40,41,"null","null","null",2,2.180579,3.8167202,-0.67175275,0.73106515,-2.238161,-16731116
42,0,43,46,"null","null","null",3,4.447835,3.4735096,-1.0892038,0.3309561,-2.9070082,-16731116
43,42,44,45,"null","null","null",2,4.447835,3.8167202,-0.4185698,0.73106515,-2.238161,-16731116
