index,parent,child1,child2,name1,name2,common,richness,lengthbr,hxmax,hxmin,hymax,hymin,color
0,-268270485,1,162,"null","null","null",93,29.208504,0.34807813,-3.6330047,2.5906405,-1.343868,-16731116
1,0,2,161,"null","null","null",81,26.756018,0.5754999,-3.3681521,1.6917357,-2.760709,-16731116
2,1,3,102,"null","null","null",80,26.276562,0.93439436,-2.688598,0.33849317,-3.5064232,-16731116
3,2,4,101,"null","null","null",50,25.057564,2.4642932,-1.9384052,0.5235952,-3.4175372,-16731116
4,3,5,54,"null","null","null",49,23.668568,3.4392173,-0.6975746,0.658092,-2.767274,-16731116
5,4,6,39,"","null","Fish-owls, Eagle-owls and more",25,17.889366,3.5845234,-0.4628839,2.015647,-2.1562426,-16731116
6,5,7,28,"null","null","null",17,13.058983,3.058188,-0.6376129,3.1657646,-1.0032667,-16731116
7,6,8,19,"null","null","null",11,10.892762,2.393853,-1.5568597,3.5147924,-0.3955168,-16731116
8,7,9,16,"null","null","null",6,8.112193,1.4209505,-2.8598065,3.0981097,-0.6042881,-16731116
9,8,10,15,"null","null","null",4,5.125646,0.32388037,-3.424084,2.361209,-1.1773243,-16731116
10,9,11,14,"null","null","null",3,5.094834,0.55929816,-3.1628757,1.7788392,-2.6272645,-12486656
11,10,12,13,"null","null","null",2,2.2663784,0.66423047,-2.4198928,0.64113533,-3.43922,-12486656
16,8,17,18,"null","null","null",2,3.416975,3.222702,-0.30320022,2.7384892,-1.3026825,-16731116
19,7,20,27,"null","null","null",5,6.836236,3.5286398,-0.6366827,2.0426855,-2.1905606,-16731116
20,19,21,26,"null","null","null",4,4.5788016,3.0229464,-0.6278828,3.300408,-1.3026825,-16731116
21,20,22,25,"null","null","null",3,2.9681563,2.3134422,-1.0472604,3.790334,-0.3719896,-16731116
22,21,23,24,"null","null","null",2,1.172826,1.6001931,-2.2880492,3.5117016,-0.59051704,-16731116
28,6,29,36,"null","null","null",6,9.004163,3.325274,-0.9169631,0.40942287,-2.8343005,-16731116
29,28,30,35,"null","null","null",4,4.861847,3.5286398,-0.44105422,2.02628,-2.1905606,-16731116
30,29,31,34,"null","null","null",3,2.2848318,3.0229464,-0.6278828,3.2790809,-1.3026825,-16731116
31,30,32,33,"null","null","null",2,2.2848318,2.3134422,-0.6527473,3.7626088,-0.3719896,-16731116
36,28,37,38,"null","null","null",2,2.959635,0.37080052,-2.5711858,0.88575804,-3.344255,-12486656
39,5,40,47,"null","null","null",8,13.878391,2.3869965,-1.9270691,0.523484,-3.4551716,-16731116
40,39,41,46,"","null","Fish-owls",4,8.711581,3.4434724,-0.9791769,0.6527475,-2.8343005,-16731116
41,40,42,45,"null","null","null",3,4.93332,3.6822977,-0.44105422,1.6104403,-2.1905606,-12486656
42,41,43,44,"null","null","null",2,2.928776,3.222702,-0.6278828,2.7384892,-1.3026825,-12486656
47,39,48,51,"null","null","null",4,11.655403,0.4428653,-3.2755384,1.9094207,-2.472533,-16731116
48,47,49,50,"null","null","null",2,3.1165364,0.6619248,-2.5711858,0.7546971,-3.344255,-16731116
51,47,52,53,"null","null","null",2,4.1563444,1.6917332,-2.1267962,3.58856,-0.35959932,-16731116
54,4,55,92,"null","null","null",24,21.592117,0.75179124,-2.6774416,0.86650705,-3.4975264,-16731116
55,54,56,75,"null","null","null",19,16.436764,2.2960746,-2.023679,0.50423634,-3.486683,-16731116
56,55,57,74,"null","null","null",10,11.80389,3.325274,-0.9791769,0.6527475,-2.8752651,-16731116
57,56,58,67,"null","null","null",9,11.150159,3.5286398,-0.44105422,2.0426855,-2.2438145,-16731116
58,57,59,64,"null","null","null",5,9.081043,3.0229464,-0.6278828,3.300408,-1.1514504,-16731116
59,58,60,63,"null","null","null",3,2.8726363,2.3134422,-1.0472604,3.790334,-0.3719896,-16731116
60,59,61,62,"null","null","null",2,1.2244517,1.6001931,-2.2880492,3.5117016,-0.59051704,-16731116
64,58,65,66,"null","null","null",2,3.6661959,3.005167,-1.0892061,0.33095554,-2.9852347,-16731116
67,57,68,73,"null","null","null",4,8.104228,2.330564,-2.0763686,0.56240034,-3.4921465,-16731116
68,67,69,72,"null","null","null",3,8.104228,3.4735072,-1.0892061,0.64591223,-2.90701,-16731116
69,68,70,71,"null","null","null",2,6.7426744,3.8167195,-0.41856924,0.7310606,-2.2381625,-16731116
75,55,76,91,"null","null","null",9,10.501202,0.4428653,-3.4929109,1.8611718,-2.5434332,-16731116
76,75,77,86,"null","null","null",8,9.179243,0.6896894,-2.85377,0.52232623,-3.4364252,-16731116
77,76,78,85,"null","null","null",5,8.676803,2.2793033,-2.0763686,0.48397285,-3.4921465,-16731116
78,77,79,84,"null","null","null",4,7.2779293,3.4068682,-1.0892061,0.64591223,-2.90701,-16731116
79,78,80,83,"null","null","null",3,4.778694,3.7300887,-0.41856924,1.4251035,-2.2381625,-16731116
80,79,81,82,"null","null","null",2,2.310934,3.3284109,-0.61676,2.5944998,-1.405283,-16731116
86,76,87,90,"null","null","null",3,4.1331015,0.844921,-3.7671347,2.4522927,-0.39556128,-16731116
87,86,88,89,"null","null","null",2,2.9546,0.5235958,-3.7564592,1.9384025,-1.6186383,-16731116
92,54,93,98,"null","null","null",5,17.255228,0.8210864,-3.4558182,2.7051501,-0.9977322,-16731116
93,92,94,97,"null","null","null",3,11.485262,0.5419736,-3.2755384,1.8611718,-2.472533,-16731116
94,93,95,96,"null","null","null",2,4.4520073,0.6619248,-2.5711858,0.7546971,-3.344255,-16731116
98,92,99,100,"null","null","null",2,5.9609027,2.3408222,-0.4290232,3.7190425,-0.7670536,-16731116
102,2,103,160,"null","null","null",30,18.633299,0.79509676,-3.5764785,2.3612092,-1.1974791,-16731116
103,102,104,157,"null","null","null",29,18.633299,0.5592977,-3.36099,1.7948618,-2.6534677,-16731116
104,103,105,146,"null","null","null",27,18.6333,0.8246709,-2.6774416,0.57826304,-3.4732869,-16731116
105,104,106,131,"","null","Screech-owls",21,14.252623,2.390818,-1.9945835,0.50423634,-3.4551716,-16731116
106,105,107,128,"null","null","null",13,10.579222,3.4484403,-0.72747266,0.6527475,-2.8343005,-16731116
107,106,108,127,"null","null","null",11,9.046617,3.688756,-0.44105422,1.8643985,-2.1905606,-16731116
108,107,109,120,"null","null","null",10,8.555752,3.2310975,-0.6278828,3.0686347,-1.1166838,-16731116
109,108,110,117,"null","null","null",6,7.7770286,2.5840387,-1.6418878,3.489029,-0.3719896,-16731116
110,109,111,116,"null","null","null",4,6.2058783,1.6001931,-3.061065,3.1200051,-0.59051704,-16731116
111,110,112,115,"null","null","null",3,4.186074,0.4136026,-3.7909276,2.3745222,-0.66423035,-16731116
112,111,113,114,"null","null","null",2,1.7039012,0.541974,-3.7111788,1.8611698,-1.7914344,-16731116
117,109,118,119,"null","null","null",2,3.0491023,3.8167195,-0.6717541,0.7310606,-2.2381625,-16731116
120,108,121,124,"null","null","null",4,6.1407957,3.4735072,-0.92879343,0.33095554,-2.90701,-16731116
121,120,122,123,"null","null","null",2,2.6377048,3.8167195,-0.41856924,0.7310606,-2.2381625,-16731116
124,120,125,126,"null","null","null",2,2.8219998,0.3578284,-2.716216,0.90259874,-3.2399788,-16731116
128,106,129,130,"null","null","null",2,4.925389,0.37080052,-2.5711858,0.88575804,-3.344255,-16731116
131,105,132,143,"null","null","null",8,11.76822,0.4428653,-3.427446,1.9094207,-2.5790384,-16731116
132,131,133,140,"null","null","null",6,9.269344,0.6619248,-2.7686656,0.49051154,-3.4827118,-16731116
133,132,134,137,"null","null","null",4,4.890234,1.9703023,-2.216558,0.48397285,-3.552319,-16731116
134,133,135,136,"null","null","null",2,2.428774,3.005167,-1.0892061,0.64591223,-2.9852347,-16731116
137,133,138,139,"null","null","null",2,2.7426305,0.48358554,-3.7564592,1.9384025,-1.6186383,-16731116
140,132,141,142,"null","null","null",2,3.3656654,0.844921,-3.524499,2.3807096,-0.39556128,-16731116
143,131,144,145,"null","null","null",2,3.8095043,1.6917332,-2.1267962,3.58856,-0.35959932,-16731116
146,104,147,152,"null","null","null",6,15.104673,0.8210864,-3.4558182,2.7422647,-0.9977322,-12486656
147,146,148,151,"null","null","null",3,3.870464,0.5419736,-3.2755384,1.8611718,-2.472533,-12486656
148,147,149,150,"null","null","null",2,3.1421514,0.6619248,-2.5711858,0.7546971,-3.344255,-8572416
152,146,153,156,"null","null","null",3,8.89423,2.3408222,-0.8562442,3.8025503,-0.7670536,-12486656
153,152,154,155,"null","null","null",2,3.1568024,1.6917341,-2.1267958,3.58856,-0.5755003,-11184866
157,103,158,159,"null","null","null",2,2.1579998,1.6001966,-2.288043,3.511705,-0.31738362,-12486656
162,0,163,180,"null","null","null",12,17.575321,2.4621491,-1.6061726,3.6996098,-0.7052618,-16731116
163,162,164,175,"null","null","null",9,13.355436,1.3321747,-2.9239163,3.3383741,-0.6042876,-16731116
164,163,165,172,"null","null","null",6,9.401399,0.3238794,-3.5074313,2.6735523,-1.3502439,-16731116
165,164,166,171,"null","null","null",4,8.733295,0.55929744,-3.2712297,1.7788426,-2.8520634,-16731116
166,165,167,170,"null","null","null",3,8.424056,0.66423047,-2.5607533,0.6411383,-3.731463,-16731116
167,166,168,169,"null","null","null",2,2.9874005,1.4433353,-2.010232,0.50423604,-3.7908015,-16731116
172,164,173,174,"null","null","null",2,2.7057385,2.3134434,-0.43901777,3.762607,-0.73706996,-12486656
175,163,176,179,"null","null","null",3,7.9310427,3.0229487,-0.30319965,3.2790754,-1.3026878,-16731116
176,175,177,178,"null","null","null",2,3.1659558,2.3134437,-0.65274763,3.7626066,-0.37198845,-16731116
180,162,181,184,"null","null","null",3,5.249174,3.6823013,-0.6366839,1.6104317,-2.1905627,-16731116
181,180,182,183,"null","null","null",2,1.2681015,3.2227082,-0.62788236,2.738482,-1.3026878,-16731116
