index,parent,child1,child2,name1,name2,common,richness,lengthbr,hxmax,hxmin,hymax,hymin,color
0,-268300236,1,68,"null","null","null",36,21.32787,2.296084,-2.1206808,0.5042378,-3.4866786,-16731116
1,0,2,65,"null","null","null",34,18.353035,3.3252785,-0.7274634,0.6527479,-2.875258,-16731116
2,1,3,56,"null","null","null",32,16.910887,3.5286388,-0.4410558,1.9931648,-2.2438087,-16731116
3,2,4,55,"null","null","null",27,15.03455,3.0229423,-0.6278835,3.2360241,-1.3026755,-16731116
4,3,5,54,"null","null","null",26,13.827809,2.3134394,-1.4972792,3.7066278,-0.37199128,-16731116
5,4,6,47,"null","null","null",25,13.025524,1.4333783,-2.8730674,3.4028797,-0.59051806,-16731116
6,5,7,42,"null","null","null",21,12.420101,0.2994908,-3.5465236,2.7422597,-1.052285,-16731116
7,6,8,25,"null","null","null",18,11.568399,0.54197526,-3.3934484,1.7306626,-2.5434442,-16731116
8,7,9,18,"null","null","null",9,9.716742,0.6897019,-2.7244682,0.522315,-3.436429,-16731116
9,8,10,17,"Pachycephalidae","null","Whistlers",5,7.7055364,2.2793138,-2.0763621,0.48397484,-3.4921432,-16731116
10,9,11,16,"null","null","null",4,5.7839136,3.406872,-1.0891962,0.64591295,-2.9070032,-16731116
11,10,12,15,"null","null","null",3,3.8211186,3.7300844,-0.4185714,1.4251217,-2.2381577,-16731116
12,11,13,14,"null","null","null",2,0.7836633,3.328401,-0.61676115,2.5945141,-1.4052736,-16731116
18,8,19,24,"null","null","null",4,8.554616,0.84491885,-3.476213,2.4522836,-0.8165206,-16731116
19,18,20,23,"Pachycephalidae","null","Whistlers",3,4.1874638,0.52359736,-3.3782544,1.9383965,-2.311049,-16731116
20,19,21,22,"null","null","null",2,3.1342664,0.65809256,-2.7162046,0.8675156,-3.2399876,-16731116
25,7,26,37,"null","null","null",9,7.8984413,1.5297059,-2.753828,3.1863718,-0.35959524,-16731116
26,25,27,36,"null","null","null",6,4.149911,0.5272785,-3.4974656,2.4522836,-1.0444003,-16731116
27,26,28,35,"null","null","null",5,3.621026,0.52359736,-3.4058833,1.9383965,-2.6072927,-16731116
28,27,29,32,"null","null","null",4,2.7938302,0.65809256,-2.7521224,0.58309335,-3.6251042,-16731116
29,28,30,31,"Pachycephalidae","null","Whistlers",2,1.0122871,1.0880324,-2.136552,0.46288642,-3.826166,-16731116
32,28,33,34,"null","null","null",2,1.3457859,0.86650467,-3.439228,2.4198787,-0.383396,-16731116
37,25,38,41,"Pachycephalidae","null","Whistlers",3,5.709205,3.0981069,-0.27500144,3.0448952,-1.5045791,-16731116
38,37,39,40,"null","null","null",2,4.14972,2.361207,-0.6619245,3.6646912,-0.32388222,-16731116
42,6,43,46,"Pachycephalidae","null","Whistlers",3,5.101213,2.3408198,-0.856262,3.8025498,-0.76705074,-16731116
43,42,44,45,"null","null","null",2,2.8927774,1.6917254,-2.1268115,3.5885534,-0.5755017,-16731116
47,5,48,51,"Pachycephalidae","null","Whistlers",4,9.35627,3.0657108,-0.28912932,3.1667461,-1.2878692,-16731116
48,47,49,50,"null","null","null",2,3.5858285,2.3408198,-0.65809166,3.719047,-0.34808096,-16731116
51,47,52,53,"null","null","null",2,5.648515,2.8755672,-1.1971784,0.3171621,-3.108152,-16731116
56,2,57,64,"Pachycephalidae","null","Whistlers",5,9.6022415,2.3305721,-2.076365,0.5623976,-3.4921446,-16731116
57,56,58,61,"null","null","null",4,9.6022415,3.4735122,-0.8706852,0.64591265,-2.9070063,-16731116
58,57,59,60,"null","null","null",2,4.172771,3.8167205,-0.41857052,0.73107064,-2.2381597,-16731116
61,57,62,63,"null","null","null",2,3.7577481,0.35782912,-2.7162104,0.9025978,-3.239983,-16731116
65,1,66,67,"Pachycephalidae","null","Whistlers",2,6.63097,0.37080142,-2.5711775,0.88575673,-3.3442605,-16731116
68,0,69,70,"null","null","null",2,8.348882,0.4428624,-3.7111773,1.8611662,-1.7914411,-11184866
