index,parent,child1,child2,name1,name2,common,richness,lengthbr,hxmax,hxmin,hymax,hymin,color
0,-268361722,1,68,"null","null","null",44,12.148415,2.218454,-2.105143,0.48397505,-3.5424125,-16731116
1,0,2,47,"null","null","null",34,9.953133,3.327753,-0.8909296,0.645913,-2.9723532,-16731116
2,1,3,32,"null","null","null",23,7.748433,3.6272287,-0.41857165,1.7531366,-2.3231132,-16731116
3,2,4,27,"null","null","null",15,7.1032643,3.1946878,-0.61676127,3.0209327,-1.2264501,-16731116
4,3,5,20,"null","null","null",12,6.1904926,2.508491,-1.3260131,3.5294843,-0.34808218,-16731116
5,4,6,15,"null","null","null",8,4.0098667,1.5297012,-2.7374835,3.233565,-0.5755025,-16731116
6,5,7,14,"null","null","null",5,1.6520483,0.52727246,-3.4762123,2.5136354,-0.81653017,-16731116
7,6,8,11,"null","null","null",4,1.2065742,0.5235983,-3.3782494,2.0181575,-2.3110576,-16731116
8,7,9,10,"null","null","null",2,0.67264444,0.6580928,-2.7161973,0.8675098,-3.2399933,-16731116
11,7,12,13,"null","null","null",2,0.73416436,1.7788285,-1.9610639,3.655131,-0.40147567,-16731116
15,5,16,19,"null","null","null",3,1.5174775,3.098106,-0.27500218,3.0449016,-1.5045741,-16731116
16,15,17,18,"null","null","null",2,0.76880693,2.3612065,-0.66192436,3.6646943,-0.32388347,-16731116
20,4,21,26,"null","null","null",4,5.6985035,3.5147948,-0.70525634,1.6992495,-2.2791727,-16731116
21,20,22,25,"null","null","null",3,3.2507215,3.098106,-0.60428977,3.0449016,-1.5045741,-16731116
22,21,23,24,"null","null","null",2,1.7861435,2.3612065,-0.66192436,3.6646943,-0.32388347,-16731116
27,3,28,31,"null","null","null",3,3.2853398,3.381483,-1.1971728,0.3171628,-2.9699686,-16731116
28,27,29,30,"null","null","null",2,1.5094918,3.7952137,-0.39551976,0.6459111,-2.2791727,-12486656
32,2,33,46,"null","null","null",8,7.137655,2.0156658,-2.1365514,0.60017854,-3.516666,-16731116
33,32,34,43,"null","null","null",7,3.183851,3.1657763,-1.0121906,0.637614,-2.9699686,-16731116
34,33,35,42,"null","null","null",5,1.4068325,3.5147948,-0.39551976,1.7809386,-2.2791727,-16731116
35,34,36,41,"null","null","null",4,1.1869296,3.098106,-0.60428977,3.1510973,-1.5045741,-16731116
36,35,37,40,"null","null","null",3,1.09047,2.3612065,-0.66487014,3.8027487,-0.32388347,-16731116
37,36,38,39,"null","null","null",2,0.73180306,1.7788285,-1.9610639,3.655131,-0.5593003,-16731116
43,33,44,45,"null","null","null",2,1.523133,0.34453064,-2.8544023,0.97916484,-3.126811,-11184866
47,1,48,59,"null","null","null",11,8.26795,0.44189167,-2.7617693,0.90259707,-3.387028,-16731116
48,47,49,58,"null","null","null",6,5.8605595,2.0156658,-2.1365514,0.46288663,-3.516666,-16731116
49,48,50,57,"null","null","null",5,5.8605595,3.1657763,-1.1971728,0.637614,-2.9699686,-16731116
50,49,51,56,"null","null","null",4,5.470912,3.5147948,-0.39551976,1.6992495,-2.2791727,-16731116
51,50,52,55,"null","null","null",3,3.2953672,3.098106,-0.60428977,3.0449016,-1.5045741,-16731116
52,51,53,54,"null","null","null",2,1.6392885,2.3612065,-0.66192436,3.6646943,-0.32388347,-16731116
59,47,60,65,"null","null","null",5,4.9478965,0.86650443,-3.48519,2.7414107,-0.6343703,-16731116
60,59,61,64,"null","null","null",3,4.1256223,0.50423855,-3.4706364,2.0102232,-2.14342,-16731116
61,60,62,63,"null","null","null",2,1.744525,0.6527482,-2.8544023,0.97916484,-3.126811,-16731116
65,59,66,67,"null","null","null",2,1.3662981,2.374521,-0.40725303,3.599759,-0.82108366,-16731116
68,0,69,80,"null","null","null",10,8.468602,0.48358122,-3.5057936,1.8475332,-2.487051,-12486656
69,68,70,77,"null","null","null",6,4.1030226,0.6580926,-2.8820057,0.5830918,-3.4687893,-12486656
70,69,71,74,"null","null","null",4,2.4667418,1.792433,-2.3054006,0.46288663,-3.6229558,-12486656
71,70,72,73,"null","null","null",2,1.3620504,2.8755739,-1.1971728,0.637614,-3.1081457,-11184866
74,70,75,76,"null","null","null",2,1.7120826,0.523479,-3.7907977,2.0102232,-1.4433578,-12486656
77,69,78,79,"null","null","null",2,1.3908687,0.86650443,-3.439229,2.419877,-0.38339615,-16731116
80,68,81,86,"null","null","null",4,2.204078,1.7788317,-2.8520777,3.2712197,-0.40147734,-12486656
81,80,82,85,"null","null","null",3,2.204078,0.6411245,-3.7314677,2.56074,-0.6642306,-12486656
82,81,83,84,"null","null","null",2,0.689051,0.50423855,-3.7907977,2.0102232,-1.4433578,-12486656
