index,parent,child1,child2,name1,name2,common,richness,lengthbr,hxmax,hxmin,hymax,hymin,color
0,-268431354,1,74,"null","null","null",42,22.282446,0.8143009,-2.701016,0.86650705,-3.5241618,-16731116
1,0,2,67,"","null","Imperial Pigeons",37,17.620548,2.3773372,-1.9577157,0.50423634,-3.521309,-16731116
2,1,3,60,"null","null","null",33,16.128979,3.430915,-0.80513763,0.6527475,-2.9202788,-16731116
3,2,4,47,"null","null","null",29,16.128979,3.6659732,-0.44105422,1.9931548,-2.3023322,-16731116
4,3,5,38,"null","null","null",22,14.511547,3.2014802,-0.6278828,3.236018,-1.1166838,-16731116
5,4,6,33,"null","null","null",17,11.8421955,2.5455363,-1.474984,3.7066271,-0.3719896,-16731116
6,5,7,22,"null","null","null",14,10.190462,1.5333186,-2.84409,3.4028828,-0.59051704,-16731116
7,6,8,17,"null","null","null",8,8.606116,0.29948908,-3.5088603,2.742263,-1.1988022,-16731116
8,7,9,14,"null","null","null",5,6.892373,0.541974,-3.3444915,1.9094174,-2.733922,-16731116
9,8,10,13,"null","null","null",3,2.0416577,0.66192484,-2.660825,0.7546941,-3.6840577,-12486656
10,9,11,12,"null","null","null",2,1.7524185,1.2662381,-2.076367,0.48397338,-3.8140666,-12486656
14,8,15,16,"null","null","null",2,2.3060043,1.6917303,-2.1268024,3.5885572,-0.35959825,-16731116
17,7,18,21,"null","null","null",3,3.9746158,2.3408217,-0.8562515,3.8025498,-0.76705277,-12486656
18,17,19,20,"null","null","null",2,2.4104803,1.6917303,-2.1268024,3.5885572,-0.57550085,-12486656
22,6,23,32,"null","null","null",6,4.5609307,3.290563,-0.2891283,2.9604168,-1.405283,-16731116
23,22,24,29,"null","null","null",5,3.3338299,2.6331265,-1.3545724,3.4508247,-0.34807962,-16731116
24,23,25,28,"null","null","null",3,1.8954238,1.6917303,-2.7746198,3.1313148,-0.57550085,-12486656
25,24,26,27,"null","null","null",2,0.718801,0.5272839,-3.5245008,2.3807096,-0.665,-12486656
29,23,30,31,"null","null","null",2,1.5500195,3.7952108,-0.70525986,0.5537342,-2.2791765,-16731116
33,5,34,37,"null","null","null",3,11.8421955,3.7300887,-0.6717541,1.4251035,-2.2381625,-16731116
34,33,35,36,"null","null","null",2,4.4270267,3.3284109,-0.61676,2.5944998,-1.405283,-16731116
38,4,39,46,"null","null","null",5,8.60834,3.2514257,-1.0892061,0.33095554,-2.90701,-16731116
39,38,40,45,"null","null","null",4,7.853981,3.5280137,-0.41856924,1.8652878,-2.2381625,-16731116
40,39,41,44,"null","null","null",3,3.016719,3.0657134,-0.61676,3.1667395,-1.405283,-16731116
41,40,42,43,"null","null","null",2,3.016719,2.3408217,-0.6580919,3.7190442,-0.34807962,-12486656
47,3,48,57,"null","null","null",7,10.35778,2.2793033,-2.216558,0.56240034,-3.6238112,-12486656
48,47,49,56,"null","null","null",5,5.462315,3.4068682,-1.0892061,0.64591223,-3.0781746,-11184866
49,48,50,53,"null","null","null",4,3.4062498,3.7300887,-0.41856924,1.4251035,-2.4606762,-11184866
50,49,51,52,"null","null","null",2,3.4062498,3.3284109,-0.61676,2.5944998,-1.405283,-8572416
53,49,54,55,"null","null","null",2,3.1191046,1.0880178,-2.136557,0.60018253,-3.8261664,-12486656
57,47,58,59,"null","null","null",2,3.2789195,0.48358554,-3.7564592,1.9384025,-1.6186383,-16731116
60,2,61,64,"null","null","null",4,8.806709,0.37080052,-2.745932,0.88575804,-3.6840563,-16731116
61,60,62,63,"null","null","null",2,3.0561905,1.2662337,-2.0763686,0.48397285,-3.8140674,-16731116
64,60,65,66,"null","null","null",2,2.531147,0.844921,-3.524499,2.3807096,-0.39556128,-16731116
67,1,68,73,"null","null","null",4,7.6159973,0.4428653,-3.3444936,1.8611718,-2.7339187,-16731116
68,67,69,72,"null","null","null",3,2.7327425,0.6619248,-2.6608276,0.7546971,-3.6840563,-16731116
69,68,70,71,"null","null","null",2,2.54741,1.2662337,-2.0763686,0.48397285,-3.8140674,-16731116
74,0,75,82,"null","null","null",5,12.813517,0.8210864,-3.5088606,2.3745222,-1.1987982,-16731116
75,74,76,81,"null","null","null",4,11.100752,0.5419736,-3.3444936,1.8611718,-2.7339187,-16731116
76,75,77,80,"","null","Mountain-pigeons",3,6.060853,0.6619248,-2.6608276,0.7546971,-3.6840563,-16731116
77,76,78,79,"null","null","null",2,2.656034,1.2662337,-2.0763686,0.48397285,-3.8140674,-16731116
