index,parent,child1,child2,name1,name2,common,richness,lengthbr,hxmax,hxmin,hymax,hymin,color
0,-268270550,1,48,"Meropidae","null","Bee-eaters",26,46.04417,2.526481,-1.6552873,3.6996102,-0.7052609,-16731116
1,0,2,47,"null","null","null",24,15.627983,1.5045873,-2.9877627,3.3383727,-0.60428804,-16731116
2,1,3,44,"null","null","null",23,14.116196,0.32388014,-3.590428,2.673551,-1.1974815,-16731116
3,2,4,43,"null","null","null",21,13.432672,0.5592979,-3.3791237,1.7788401,-2.6534698,-16731116
4,3,5,30,"null","null","null",20,11.710909,0.7517934,-2.7010155,0.41482085,-3.4732876,-16731116
5,4,6,29,"null","null","null",13,8.946479,2.2960765,-2.01023,0.50423664,-3.455171,-16731116
6,5,7,28,"null","null","null",12,8.857676,3.325275,-0.979175,0.6527476,-2.8342993,-16731116
7,6,8,27,"null","null","null",11,8.818427,3.5286393,-0.44105458,1.9801625,-2.1905596,-16731116
8,7,9,26,"null","null","null",10,7.7227774,3.0229454,-0.62788296,3.2191267,-1.3026809,-16731116
9,8,10,25,"null","null","null",9,6.6923375,2.3134418,-1.4436002,3.6846669,-0.37198997,-16731116
10,9,11,20,"null","null","null",8,6.0103273,1.4333838,-2.8032897,3.3743334,-0.5905173,-16731116
11,10,12,17,"null","null","null",5,3.6135857,0.29948944,-3.4558184,2.7051492,-0.9977391,-16731116
12,11,13,16,"null","null","null",3,2.6323218,0.5419743,-3.2755356,1.8611686,-2.4725387,-16731116
13,12,14,15,"null","null","null",2,1.2780628,0.6619249,-2.571182,0.7546941,-3.3442578,-16731116
17,11,18,19,"null","null","null",2,3.0581527,2.3408213,-0.42902362,3.719045,-0.76705235,-16731116
20,10,21,24,"null","null","null",3,5.051889,3.0657125,-0.28912854,3.1667411,-1.4052815,-16731116
21,20,22,23,"null","null","null",2,2.6882563,2.3408213,-0.6580918,3.719045,-0.34807998,-16731116
30,4,31,42,"null","null","null",7,10.652578,0.82108605,-3.5088606,2.3745222,-1.0796609,-16731116
31,30,32,39,"null","null","null",6,8.631062,0.5419738,-3.3444924,1.9094191,-2.579039,-16731116
32,31,33,38,"null","null","null",4,7.0290227,0.66192484,-2.6608262,0.7546954,-3.4827113,-16731116
33,32,34,37,"null","null","null",3,3.617786,1.970305,-2.0763676,0.48397315,-3.5523176,-16731116
34,33,35,36,"null","null","null",2,2.0784104,3.005169,-1.0892045,0.64591235,-2.9852326,-16731116
39,31,40,41,"null","null","null",2,5.690397,1.691732,-2.1267989,3.5885592,-0.3595987,-16731116
44,2,45,46,"null","null","null",2,5.351699,2.3134425,-0.43901807,3.762608,-0.737069,-16731116
48,0,49,50,"null","null","null",2,13.427625,3.827052,-0.63668275,0.90938497,-2.1905613,-16731116
