index,parent,child1,child2,name1,name2,common,richness,lengthbr,hxmax,hxmin,hymax,hymin,color
0,-268270584,1,183,"Picidae","null","Woodpeckers",222,26.378447,2.9955616,-0.64591223,3.2514253,-0.870693,-16731116
1,0,2,124,"null","null","null",220,22.956894,2.3532794,-1.8191589,3.5280137,-0.41856912,-16731116
2,1,3,123,"null","null","null",190,19.38614,1.4052837,-3.1067722,3.0657134,-0.61675996,-16731116
3,2,4,122,"null","null","null",189,17.123762,0.3480795,-3.6410875,2.3408217,-1.3438754,-16731116
4,3,5,119,"null","null","null",188,16.565834,0.5755007,-3.3786569,1.6749392,-2.760714,-16731116
5,4,6,87,"null","null","null",186,15.421648,0.9344023,-2.7022543,0.4662491,-3.506424,-16731116
6,5,7,-268259328,"null","null","null",92,14.328183,2.4642994,-1.9093072,0.5235962,-3.4175334,-16731116
7,6,8,68,"null","null","null",65,12.598551,3.4392195,-0.7637643,0.65809226,-2.7672682,-16731116
8,7,9,29,"null","null","null",55,10.433687,3.5845213,-0.46288514,2.1250145,-2.1562378,-16731116
9,8,-268258304,10,"null","null","null",35,9.872241,3.0581832,-0.6376134,3.307937,-1.0703816,-16731116
10,9,11,26,"null","null","null",10,6.3278155,3.3252766,-0.91696227,0.4220482,-2.9853194,-16731116
11,10,12,23,"null","null","null",8,4.7108436,3.528639,-0.44105512,2.0426908,-2.386887,-16731116
12,11,13,18,"null","null","null",6,2.6431231,3.0229437,-0.6278832,3.3004107,-1.1166797,-12486656
13,12,14,17,"null","null","null",3,1.6106713,2.3134403,-1.0472679,3.7903333,-0.37199056,-16731116
14,13,15,16,"null","null","null",2,0.7721989,1.6001897,-2.2880554,3.5116982,-0.59051764,-16731116
18,12,19,22,"null","null","null",3,1.6888313,3.4735096,-1.0892038,0.3309561,-2.9070082,-11184866
19,18,20,21,"null","null","null",2,0.5748574,3.8167202,-0.4185698,0.73106515,-2.238161,-12486656
23,11,24,25,"null","null","null",2,1.8063234,1.2662381,-2.076367,0.5623988,-3.8140666,-16731116
26,10,27,28,"null","null","null",2,2.7425067,0.37080103,-2.571182,0.8857573,-3.3442578,-16731116
29,8,30,57,"null","null","null",20,8.40054,2.29608,-1.9868083,0.5234818,-3.4551697,-16731116
30,29,31,48,"null","null","null",14,7.238036,3.3252766,-0.8051344,0.65274775,-2.8342974,-16731116
31,30,32,47,"null","null","null",9,5.375817,3.528639,-0.44105512,1.8644047,-2.1905584,-16731116
32,31,33,42,"null","null","null",8,4.3864517,3.0229437,-0.6278832,3.0686388,-1.1166797,-16731116
33,32,34,41,"null","null","null",5,2.5270228,2.3134403,-1.5287743,3.48903,-0.37199056,-16731116
34,33,35,38,"null","null","null",4,2.5270228,1.5501353,-2.9140136,3.1200042,-0.59051764,-16731116
35,34,36,37,"null","null","null",2,1.3551738,0.4135989,-3.5997567,2.3745215,-0.66423035,-16731116
38,34,39,40,"null","null","null",2,1.1013573,3.3284082,-0.2891289,2.5945039,-1.4052806,-16731116
42,32,43,46,"null","null","null",3,1.5723882,3.4735096,-1.0892038,0.3309561,-2.9070082,-16731116
43,42,44,45,"null","null","null",2,1.1475593,3.8167202,-0.4185698,0.73106515,-2.238161,-16731116
48,30,49,54,"null","null","null",5,6.2796164,0.45200062,-2.745932,0.8857573,-3.482712,-16731116
49,48,50,53,"null","null","null",3,3.5670166,1.9703064,-2.076367,0.48397338,-3.5523171,-16731116
50,49,51,52,"null","null","null",2,1.6041048,3.0051699,-1.0892038,0.6459124,-2.9852314,-16731116
54,48,55,56,"null","null","null",2,3.591986,0.8449204,-3.5245008,2.3807096,-0.39556158,-16731116
57,29,58,65,"null","null","null",6,6.8242908,0.44286364,-3.4099588,1.9094158,-2.7339232,-16731116
58,57,59,62,"null","null","null",4,4.9649854,0.6619249,-2.745932,0.49050963,-3.6840577,-16731116
59,58,60,61,"null","null","null",2,2.5002441,1.2662381,-2.076367,0.48397338,-3.8140666,-16731116
62,58,63,64,"null","null","null",2,1.9055696,0.8449204,-3.5245008,2.3807096,-0.39556158,-16731116
65,57,66,67,"null","null","null",2,2.1217973,1.691729,-2.1268048,3.5885563,-0.35959762,-16731116
68,7,69,82,"null","null","null",10,11.392826,0.8217367,-2.8263779,0.866506,-3.473288,-16731116
69,68,70,79,"null","null","null",7,6.395179,2.387001,-2.120684,0.5042372,-3.4551697,-16731116
70,69,71,76,"null","null","null",5,3.87574,3.4434738,-0.72746766,0.65274775,-2.8342974,-16731116
71,70,72,75,"null","null","null",3,2.1806068,3.6822956,-0.44105512,1.6104476,-2.1905584,-16731116
72,71,73,74,"null","null","null",2,0.9073902,3.2226973,-0.6278832,2.7384949,-1.3026786,-16731116
76,70,77,78,"null","null","null",2,1.5423992,0.37080103,-2.571182,0.8857573,-3.3442578,-16731116
79,69,80,81,"null","null","null",2,1.723916,0.44286364,-3.711179,1.8611686,-1.7914356,-12486656
82,68,83,86,"null","null","null",3,8.185585,0.82108533,-3.7909288,2.3745222,-0.47381365,-16731116
83,82,84,85,"null","null","null",2,1.894664,0.5419743,-3.711179,1.8611686,-1.7914356,-16731116
87,5,-268260352,88,"null","null","null",94,14.207258,0.7950952,-3.6072109,2.6486688,-1.2275901,-16731116
88,87,89,110,"null","null","null",16,11.846693,2.4557233,-1.4749882,3.7066274,-0.7370677,-16731116
89,88,90,107,"null","null","null",11,5.8909383,1.550136,-2.8440928,3.4028814,-0.59051746,-16731116
90,89,91,102,"null","null","null",9,4.275296,0.29948983,-3.5088608,2.7422614,-1.0796664,-12486656
91,90,92,99,"null","null","null",6,3.4771528,0.54197454,-3.3444896,1.9094138,-2.579043,-16731116
92,91,93,98,"null","null","null",4,2.9441547,0.66192496,-2.6608222,0.75469065,-3.482712,-16731116
93,92,94,97,"null","null","null",3,2.6189618,1.9703119,-2.076365,0.483974,-3.5523148,-16731116
94,93,95,96,"null","null","null",2,2.2292776,3.0051737,-1.0892006,0.64591265,-2.9852276,-16731116
99,91,100,101,"null","null","null",2,2.6591353,1.6917278,-2.1268075,3.5885549,-0.35959697,-16731116
102,90,103,106,"null","null","null",3,1.628506,2.340821,-0.8562573,3.8025494,-0.76705194,-11184866
103,102,104,105,"null","null","null",2,0.95219517,1.6917278,-2.1268075,3.5885549,-0.5755013,-3014646
107,89,108,109,"null","null","null",2,2.2399786,3.3284078,-0.28912875,2.5945044,-1.40528,-16731116
110,88,111,116,"null","null","null",5,10.683647,3.5280137,-0.6717531,1.8652927,-2.4606743,-16731116
111,110,112,115,"null","null","null",3,6.8608103,3.0657122,-0.6167604,3.1667428,-1.40528,-16731116
112,111,113,114,"null","null","null",2,2.7553246,2.340821,-0.6580918,3.7190456,-0.34808034,-16731116
116,110,117,118,"null","null","null",2,5.4505434,1.0880233,-2.1365554,0.6001814,-3.8261666,-16731116
119,4,120,121,"null","null","null",2,4.5420322,1.5045831,-2.4441566,3.4248705,-0.2750006,-16731116
124,1,125,178,"","null","Piculets",30,21.264263,3.5845225,-0.6001827,2.1250107,-2.163117,-16731116
125,124,126,169,"null","null","null",27,13.8353405,3.0581853,-0.6376132,3.3079345,-1.0032632,-16731116
126,125,127,156,"null","null","null",22,13.205829,2.3938508,-1.6694376,3.6996102,-0.39551753,-16731116
127,126,128,143,"null","null","null",15,10.515245,1.4246784,-3.006155,3.3383713,-0.60428846,-16731116
128,127,129,140,"null","null","null",8,6.1980305,0.32388112,-3.6143339,2.6735497,-1.2045298,-16731116
129,128,130,139,"null","null","null",6,5.3242316,0.55929863,-3.4101982,1.7788366,-2.6626291,-16731116
130,129,131,136,"null","null","null",5,5.1332135,0.6642305,-2.7414122,0.41481906,-3.4851904,-16731116
131,130,132,135,"null","null","null",3,1.2227764,2.143408,-2.0102282,0.5042372,-3.4706426,-16731116
132,131,133,134,"null","null","null",2,0.5945545,3.126803,-0.9791728,0.65274775,-2.8544118,-16731116
136,130,137,138,"null","null","null",2,3.2057195,0.82108533,-3.5997553,2.3745222,-0.4072522,-16731116
140,128,141,142,"null","null","null",2,1.3162197,2.3134413,-0.43901843,3.76261,-0.7370677,-16731116
143,127,144,151,"null","null","null",7,5.9063377,3.2310956,-0.30320063,3.3004098,-1.1166805,-16731116
144,143,145,148,"null","null","null",4,3.604269,2.5840373,-1.0472662,3.7903333,-0.37199032,-16731116
145,144,146,147,"null","null","null",2,1.8884757,1.6001905,-2.288054,3.5116992,-0.59051746,-12486656
148,144,149,150,"null","null","null",2,1.7631278,3.8167205,-0.6717531,0.731066,-2.238161,-16731116
151,143,152,155,"null","null","null",3,3.6773024,3.4735103,-1.0892029,0.33095595,-2.9070082,-16731116
152,151,153,154,"null","null","null",2,2.22965,3.8167205,-0.41856992,0.731066,-2.238161,-16731116
156,126,157,168,"null","null","null",7,7.835284,3.5286393,-0.63668156,2.0426893,-2.1905591,-16731116
157,156,158,163,"null","null","null",6,7.416179,3.0229447,-0.6278831,3.3004098,-1.1166805,-16731116
158,157,159,162,"null","null","null",3,2.3588214,2.3134413,-1.0472662,3.7903333,-0.37199032,-16731116
159,158,160,161,"null","null","null",2,1.4111118,1.6001905,-2.288054,3.5116992,-0.59051746,-16731116
163,157,164,167,"null","null","null",3,3.8670495,3.4735103,-1.0892029,0.33095595,-2.9070082,-16731116
164,163,165,166,"null","null","null",2,1.9196494,3.8167205,-0.41856992,0.731066,-2.238161,-16731116
169,125,170,177,"null","null","null",5,11.197741,3.325276,-0.9791734,0.40942776,-2.8342981,-16731116
170,169,171,176,"null","null","null",4,7.732895,3.5286393,-0.4410549,2.0262847,-2.1905591,-16731116
171,170,172,175,"null","null","null",3,2.9223623,3.0229447,-0.6278831,3.2790842,-1.3026792,-16731116
172,171,173,174,"null","null","null",2,2.4111953,2.3134413,-0.6527471,3.76261,-0.37199032,-16731116
178,124,179,182,"null","null","null",3,10.772279,2.1434062,-2.0102289,0.5234828,-3.4706433,-16731116
179,178,180,181,"null","null","null",2,6.012226,3.1268015,-0.9791734,0.6527477,-2.854413,-16731116
183,0,184,185,"","null","Wrynecks",2,4.759588,3.2399783,-0.90259886,0.35782835,-2.716217,-16731116
