index,parent,child1,child2,name1,name2,common,richness,lengthbr,hxmax,hxmin,hymax,hymin,color
0,-268300281,1,86,"null","null","null",45,27.756596,3.4309173,-0.91696227,0.3445297,-2.9853194,-16731116
1,0,2,83,"null","null","null",43,25.178429,3.665972,-0.44105512,1.9384282,-2.386887,-16731116
2,1,3,64,"Rhipiduridae","null","Fantails",41,17.050545,3.2014766,-0.6278832,3.1648693,-1.1927527,-16731116
3,2,4,59,"null","null","null",31,16.260885,2.5455332,-1.542546,3.6141295,-0.37199056,-16731116
4,3,5,54,"null","null","null",28,15.415657,1.4333814,-2.931917,3.2826333,-0.59051764,-16731116
5,4,6,47,"null","null","null",25,15.149616,0.29949006,-3.623031,2.5859394,-1.1122096,-16731116
6,5,7,32,"null","null","null",21,12.722731,0.5419747,-3.49291,1.7516437,-2.6213481,-16731116
7,6,8,25,"null","null","null",13,8.535665,0.66192496,-2.8537683,0.64476854,-3.5377078,-16731116
8,7,9,22,"null","null","null",9,7.391047,2.1597412,-2.2165523,0.48397422,-3.6238084,-16731116
9,8,10,19,"null","null","null",7,5.69934,3.2514307,-0.8706838,0.64591277,-3.0781689,-16731116
10,9,11,16,"null","null","null",5,5.543662,3.5280137,-0.41857076,1.8652986,-2.4606717,-16731116
11,10,12,15,"null","null","null",3,4.148879,3.0657103,-0.61676085,3.166747,-1.4052767,-12486656
12,11,13,14,"null","null","null",2,3.065397,2.3408196,-0.65809155,3.7190475,-0.34808123,-12486656
16,10,17,18,"null","null","null",2,4.139343,1.0880269,-2.1365538,0.60018003,-3.8261664,-16731116
19,9,20,21,"null","null","null",2,2.439847,0.35782927,-2.716209,0.90259767,-3.2399843,-16731116
22,8,23,24,"null","null","null",2,5.278011,0.48358285,-3.7564573,1.9383985,-1.6186471,-16731116
25,7,26,29,"null","null","null",4,6.0490246,0.84491944,-3.7671363,2.727799,-0.39556205,-16731116
26,25,27,28,"null","null","null",2,2.2499719,0.5235968,-3.7564573,1.9383985,-1.6186471,-16731116
29,25,30,31,"null","null","null",2,2.6059349,2.3612075,-0.41842124,3.6646893,-0.7950944,-16731116
32,6,33,44,"null","null","null",8,10.519393,1.6749359,-2.7538254,3.233574,-0.35959655,-16731116
33,32,34,43,"null","null","null",6,7.9513855,0.5272817,-3.4974654,2.5136464,-1.0443956,-16731116
34,33,35,40,"null","null","null",5,6.34225,0.5235968,-3.4058852,2.0181658,-2.6072886,-16731116
35,34,36,39,"null","null","null",3,3.857556,0.6580924,-2.7521253,0.867519,-3.6251023,-16731116
36,35,37,38,"null","null","null",2,3.707097,1.0880269,-2.1365538,0.46288577,-3.8261664,-16731116
40,34,41,42,"null","null","null",2,2.4330099,1.7788353,-1.9610502,3.6551359,-0.40147904,-12486656
44,32,45,46,"null","null","null",2,2.4936955,3.4248688,-0.27500102,2.444159,-1.5045819,-16731116
47,5,48,53,"null","null","null",4,8.878949,2.3408208,-1.3545772,3.4508257,-0.7670516,-16731116
48,47,49,52,"null","null","null",3,3.6210237,1.6917281,-2.7746239,3.1313145,-0.5755012,-16731116
49,48,50,51,"null","null","null",2,2.9734015,0.5272817,-3.5245032,2.3807092,-0.665,-16731116
54,4,55,58,"null","null","null",3,13.234175,3.065712,-0.2891289,3.1667423,-1.4052806,-16731116
55,54,56,57,"null","null","null",2,11.778203,2.3408208,-0.6580918,3.7190452,-0.34808022,-16731116
59,3,60,63,"null","null","null",3,6.2058535,3.7300878,-0.67175275,1.4251086,-2.238161,-16731116
60,59,61,62,"null","null","null",2,4.8322277,3.3284082,-0.6167603,2.5945039,-1.4052806,-16731116
64,2,65,80,"null","null","null",10,15.178866,3.2514277,-0.92879295,0.3309561,-3.0781724,-16731116
65,64,66,77,"null","null","null",8,14.253515,3.5280137,-0.4185698,1.7065823,-2.4606745,-16731116
66,65,67,76,"null","null","null",6,10.036249,3.065712,-0.6167603,2.9604197,-1.4052806,-16731116
67,66,68,75,"null","null","null",5,7.1887026,2.3408208,-1.3545772,3.4508257,-0.34808022,-16731116
68,67,69,72,"null","null","null",4,4.3388844,1.6749359,-2.7746239,3.1313145,-0.5755012,-16731116
69,68,70,71,"null","null","null",2,3.7868047,0.5272817,-3.5245032,2.3807092,-0.665,-16731116
72,68,73,74,"null","null","null",2,2.160986,3.4248688,-0.27500102,2.444159,-1.5045819,-16731116
77,65,78,79,"null","null","null",2,8.395733,1.0880196,-2.1365566,0.6001816,-3.8261666,-16731116
80,64,81,82,"null","null","null",2,4.875925,0.35782874,-2.7162147,0.90259826,-3.23998,-16731116
83,1,84,85,"null","null","null",2,18.90978,1.2662381,-2.076367,0.5623988,-3.8140666,-16731116
86,0,87,88,"Corcoracidae","null","Australian mudnesters",2,18.551216,0.37080103,-2.571182,0.8857573,-3.3442578,-16731116
