index,parent,child1,child2,name1,name2,common,richness,lengthbr,hxmax,hxmin,hymax,hymin,color
0,-268434333,1,46,"OTIDIFORMES","null","Bustards",25,35.640713,2.42414,-2.018177,0.48358738,-3.41754,-16731116
1,0,2,43,"null","null","null",23,31.678066,3.38702,-0.58311385,0.6580919,-2.767278,-16731116
2,1,3,28,"null","null","null",21,30.445734,3.5166693,-0.46288335,2.1293166,-2.1562462,-16731116
3,2,4,25,"null","null","null",13,29.835318,2.9699788,-0.6376126,3.3135386,-1.0122141,-16731116
4,3,5,24,"null","null","null",11,27.339987,2.2791796,-1.6694238,3.7069025,-0.39551586,-16731116
5,4,6,21,"null","null","null",10,25.330505,1.4209586,-3.0061445,3.347855,-0.60428745,-16731116
6,5,7,16,"null","null","null",8,22.800951,0.323879,-3.6143293,2.685877,-1.350242,-16731116
7,6,8,15,"null","null","null",5,15.781257,0.5592972,-3.4101985,1.7788439,-2.852062,-16731116
8,7,9,12,"null","null","null",4,15.233892,0.66423035,-2.7414126,0.41482425,-3.7314625,-16731116
9,8,10,11,"null","null","null",2,9.52327,1.4433327,-2.010233,0.50423574,-3.7908022,-16731116
12,8,13,14,"null","null","null",2,0.44286993,0.8210871,-3.5997503,2.3745227,-0.4072514,-16731116
16,6,17,20,"null","null","null",3,12.907776,2.313444,-1.0472472,3.790336,-0.7370704,-16731116
17,16,18,19,"null","null","null",2,1.3972272,1.6002,-2.2880378,3.5117078,-0.5905161,-16731116
21,5,22,23,"null","null","null",2,4.773814,3.2227097,-0.30319944,2.7384799,-1.3026892,-16731116
25,3,26,27,"null","null","null",2,0.9570057,3.126792,-0.97918236,0.34452838,-2.8544245,-12486656
28,2,29,42,"null","null","null",8,18.798445,2.2960691,-2.0102336,0.52348524,-3.4551742,-12486656
29,28,30,41,"null","null","null",7,12.261614,3.325271,-0.97918236,0.6527473,-2.8343048,-12486656
30,29,31,40,"null","null","null",6,10.27204,3.52864,-0.44105315,1.8643892,-2.1905634,-12486656
31,30,32,39,"null","null","null",5,8.714459,3.0229492,-0.6278822,3.0686283,-1.3026892,-16731116
32,31,33,38,"null","null","null",4,7.7389207,2.3134441,-1.528754,3.489027,-0.3719881,-12486656
33,32,34,37,"null","null","null",3,6.20293,1.6002007,-2.9139972,3.1200066,-0.590516,-12486656
34,33,35,36,"null","null","null",2,2.3624034,0.41361272,-3.5997481,2.374523,-0.66423047,-11184866
43,1,44,45,"null","null","null",2,15.08892,0.38339424,-2.4199004,0.86650753,-3.439216,-11184866
46,0,47,48,"","null","Floricans",2,15.628604,0.4014834,-3.6551423,1.7788435,-1.9610333,-8572416
