index,parent,child1,child2,name1,name2,common,richness,lengthbr,hxmax,hxmin,hymax,hymin,color
0,-268300215,1,92,"null","null","null",47,29.378965,0.8210846,-3.5202851,2.374522,-1.1122098,-16731116
1,0,2,59,"Malaconotidae","null","Helmet-shrikes",46,27.20205,0.54197484,-3.3593402,1.7882977,-2.6213484,-16731116
2,1,3,58,"null","null","null",29,25.50854,0.6764462,-2.6801276,0.75469065,-3.5377076,-16731116
3,2,4,37,"null","null","null",28,22.03792,2.2620838,-2.101462,0.483974,-3.6238089,-16731116
4,3,5,34,"","null","Boubous, Bushshrikes and Gonoleks",17,13.601595,3.3844771,-0.8706852,0.64591265,-3.0781698,-16731116
5,4,6,31,"null","null","null",15,11.249943,3.700975,-0.41857052,1.7316476,-2.4606724,-16731116
6,5,7,20,"null","null","null",13,9.920725,3.2905602,-0.6167606,2.9930017,-1.2264555,-16731116
7,6,8,17,"null","null","null",7,8.851807,2.6331239,-1.3260071,3.4931793,-0.34808096,-16731116
8,7,9,16,"null","null","null",5,6.4147654,1.6917254,-2.73748,3.1863718,-0.5755017,-16731116
9,8,10,15,"null","null","null",4,6.042471,0.5272785,-3.476213,2.4522836,-0.8165206,-16731116
10,9,11,14,"null","null","null",3,4.590485,0.52359736,-3.3782544,1.9383965,-2.311049,-16731116
11,10,12,13,"null","null","null",2,0.3003343,0.65809256,-2.7162046,0.8675156,-3.2399876,-16731116
17,7,18,19,"null","null","null",2,8.033622,3.7952118,-0.705258,0.5537415,-2.2791743,-16731116
20,6,21,30,"null","null","null",6,7.7974277,3.1657712,-1.1971784,0.3171621,-2.9699712,-16731116
21,20,22,29,"","null","Boubous",5,7.7974277,3.5147934,-0.3955186,1.7809317,-2.2791743,-16731116
22,21,23,28,"null","null","null",4,5.8427763,3.0981069,-0.60428905,3.151093,-1.5045791,-16731116
23,22,24,27,"null","null","null",3,4.7215595,2.361207,-0.66486037,3.8027484,-0.32388222,-16731116
24,23,25,26,"null","null","null",2,0.103555106,1.7788329,-1.9610553,3.6551342,-0.55929935,-16731116
31,5,32,33,"null","null","null",2,5.709337,1.0880251,-2.1365547,0.6001805,-3.8261662,-16731116
34,4,35,36,"null","null","null",2,10.957797,0.35782912,-2.7162104,0.9025978,-3.239983,-16731116
37,3,38,49,"","null","Bush-shrikes",11,20.722258,0.48358327,-3.497502,1.8475369,-2.4870474,-16731116
38,37,39,44,"null","null","null",6,13.986545,0.65809244,-2.8712273,0.64570314,-3.4687884,-16731116
39,38,40,43,"null","null","null",3,7.561484,1.7924242,-2.1365547,0.46288556,-3.6229591,-16731116
40,39,41,42,"null","null","null",2,6.8940315,2.8755672,-1.1971784,0.6376136,-3.108152,-16731116
44,38,45,48,"null","null","null",3,7.5549817,0.8665055,-3.731467,2.5607438,-0.3833955,-12486656
45,44,46,47,"null","null","null",2,5.541263,0.5042379,-3.7907996,2.0102258,-1.4433501,-12486656
49,37,50,55,"null","null","null",5,17.296267,1.7948506,-2.8520756,3.2712216,-0.40147883,-16731116
50,49,51,54,"null","null","null",3,14.279702,0.64112616,-3.7314672,2.5607424,-0.6642306,-16731116
51,50,52,53,"null","null","null",2,4.9941063,0.5042381,-3.7907987,2.0102248,-1.4433541,-16731116
55,49,56,57,"null","null","null",2,6.177278,3.5116963,-0.31737974,2.2880597,-1.6001872,-16731116
59,1,60,81,"null","null","null",17,24.308016,1.6364899,-2.7538273,3.3160458,-0.35959634,-16731116
60,59,61,72,"null","null","null",11,21.152155,0.47730303,-3.4974658,2.62086,-0.95190483,-16731116
61,60,62,71,"","null","Puffbacks",6,12.41769,0.5235972,-3.4058843,1.9383972,-2.4870493,-16731116
62,61,63,68,"null","null","null",5,9.206029,0.6580925,-2.7521236,0.58309376,-3.468789,-16731116
63,62,64,67,"null","null","null",3,5.6086397,1.7924293,-2.136553,0.46288618,-3.6229572,-16731116
64,63,65,66,"null","null","null",2,3.1603098,2.875571,-1.1971751,0.6376138,-3.108148,-16731116
68,62,69,70,"null","null","null",2,7.6506577,0.8665049,-3.439229,2.419878,-0.38339588,-16731116
72,60,73,78,"","null","Tchagras",5,15.208031,2.673548,-1.1773398,3.4240794,-0.7950939,-16731116
73,72,74,77,"null","null","null",3,9.400442,1.7788322,-2.627278,3.1628642,-0.55929947,-16731116
74,73,75,76,"null","null","null",2,3.5882728,0.64112437,-3.439229,2.419878,-0.6642306,-16731116
78,72,79,80,"null","null","null",2,5.215333,3.7626119,-0.73706615,0.43901896,-2.3134396,-16731116
81,59,82,91,"","null","Bush-shrikes",6,14.840043,3.3383691,-0.2750013,2.8598094,-1.5045784,-12486656
82,81,83,88,"null","null","null",5,8.9980345,2.673548,-1.1773398,3.4240794,-0.32388234,-16731116
83,82,84,87,"null","null","null",3,6.1224923,1.7788322,-2.627278,3.1628642,-0.55929947,-16731116
84,83,85,86,"null","null","null",2,3.888844,0.64112437,-3.439229,2.419878,-0.6642306,-16731116
88,82,89,90,"null","null","null",2,3.867221,3.7626119,-0.73706615,0.43901896,-2.3134396,-11184866
