index,parent,child1,child2,name1,name2,common,richness,lengthbr,hxmax,hxmin,hymax,hymin,color
0,-268261370,1,46,"null","null","null",27,12.8662615,0.40148032,-3.4101982,1.6207683,-2.7222135,-16731116
1,0,2,43,"null","null","null",23,12.398685,0.75179744,-2.7414122,0.41481906,-3.5626502,-16731116
2,1,3,24,"null","null","null",21,10.439332,2.29608,-1.9868083,0.5042372,-3.5713406,-16731116
3,2,4,15,"null","null","null",11,9.241975,3.3252766,-0.8051344,0.65274775,-2.9853194,-16731116
4,3,5,12,"null","null","null",6,7.6090546,3.528639,-0.44105512,2.0426908,-2.386887,-16731116
5,4,6,11,"null","null","null",4,5.393725,3.0229437,-0.6278832,3.3004107,-1.3026786,-16731116
6,5,7,10,"null","null","null",3,2.089079,2.3134403,-1.0472679,3.7903333,-0.37199056,-16731116
7,6,8,9,"null","null","null",2,1.8616217,1.6001897,-2.2880554,3.5116982,-0.59051764,-16731116
12,4,13,14,"null","null","null",2,2.1891742,1.2662381,-2.076367,0.5623988,-3.8140666,-16731116
15,3,16,21,"null","null","null",5,8.374017,0.45200062,-2.745932,0.8857573,-3.482712,-16731116
16,15,17,20,"null","null","null",3,4.5042906,1.9703064,-2.076367,0.48397338,-3.5523171,-16731116
17,16,18,19,"null","null","null",2,2.3138556,3.0051699,-1.0892038,0.6459124,-2.9852314,-16731116
21,15,22,23,"null","null","null",2,2.1611161,0.8449204,-3.5245008,2.3807096,-0.39556158,-16731116
24,2,25,42,"null","null","null",10,6.562044,0.44286364,-3.4099588,1.8611686,-2.6213453,-16731116
25,24,26,39,"null","null","null",9,6.120123,0.6619249,-2.745932,0.49050963,-3.5377066,-16731116
26,25,27,38,"null","null","null",7,5.662373,2.1597354,-2.076367,0.48397338,-3.6238103,-16731116
27,26,28,37,"null","null","null",6,4.7985554,3.2514277,-1.0892038,0.6459124,-3.0781724,-16731116
28,27,29,34,"null","null","null",5,3.9411538,3.5280137,-0.4185698,1.8652921,-2.4606745,-16731116
29,28,30,33,"null","null","null",3,2.6609159,3.065712,-0.6167603,3.1667423,-1.4052806,-16731116
30,29,31,32,"null","null","null",2,0.85750806,2.3408208,-0.6580918,3.7190452,-0.34808022,-16731116
34,28,35,36,"null","null","null",2,1.4710344,1.0880196,-2.1365566,0.6001816,-3.8261666,-16731116
39,25,40,41,"null","null","null",2,1.9767089,0.8449204,-3.5245008,2.3807096,-0.39556158,-16731116
43,1,44,45,"null","null","null",2,3.311548,0.82108533,-3.5997553,2.3745222,-0.4072522,-16731116
46,0,47,52,"","null","Sapsuckers",4,6.062371,1.6001905,-3.0610676,3.1200047,-0.31738126,-16731116
47,46,48,51,"null","null","null",3,1.0787665,0.41359925,-3.7909281,2.374522,-0.66423035,-16731116
48,47,49,50,"null","null","null",2,0.20546666,0.54197454,-3.711177,1.8611674,-1.7914399,-16731116
