index,parent,child1,child2,name1,name2,common,richness,lengthbr,hxmax,hxmin,hymax,hymin,color
0,-268423162,1,46,"null","null","null",32,18.07751,0.8143009,-2.701016,0.86650705,-3.4995487,-12486656
1,0,2,39,"null","null","null",23,15.938817,2.3773372,-1.9270691,0.50423634,-3.4893117,-12486656
2,1,3,34,"null","null","null",19,14.17572,3.430915,-0.7673135,0.6527475,-2.8786826,-12486656
3,2,4,33,"null","null","null",16,12.900115,3.6659732,-0.44105422,1.8643985,-2.1905606,-12486656
4,3,5,32,"null","null","null",15,9.653176,3.2014802,-0.6278828,3.0686347,-1.3026825,-12486656
5,4,6,27,"null","null","null",14,8.747902,2.5455363,-1.474984,3.489029,-0.3719896,-12486656
6,5,7,18,"null","null","null",11,7.5972786,1.5333186,-2.84409,3.1200051,-0.59051704,-12486656
7,6,8,17,"null","null","null",6,4.824442,0.4136026,-3.5088603,2.3745222,-1.1988022,-12486656
8,7,9,14,"null","null","null",5,3.2136838,0.541974,-3.3444915,1.9094174,-2.733922,-12486656
9,8,10,13,"null","null","null",3,1.0609965,0.66192484,-2.660825,0.7546941,-3.6840577,-12486656
10,9,11,12,"null","null","null",2,0.6393126,1.2662381,-2.076367,0.48397338,-3.8140666,-12486656
14,8,15,16,"null","null","null",2,1.6254163,1.6917303,-2.1268024,3.5885572,-0.35959825,-12486656
18,6,19,26,"null","null","null",5,5.367679,3.290563,-0.2891283,3.2309744,-1.405283,-11184866
19,18,20,23,"null","null","null",4,4.0745697,2.6331265,-0.8562515,3.8025498,-0.34807962,-11184866
20,19,21,22,"null","null","null",2,2.3652732,1.6917303,-2.1268024,3.5885572,-0.57550085,-8572416
23,19,24,25,"null","null","null",2,3.0538037,3.7952108,-0.70525986,0.5537342,-2.2791765,-11184866
27,5,28,31,"null","null","null",3,4.249337,3.7300887,-0.6717541,1.4251035,-2.2381625,-11184866
28,27,29,30,"null","null","null",2,3.0914452,3.3284109,-0.61676,2.5944998,-1.405283,-11184866
34,2,35,38,"null","null","null",3,9.350474,0.37080052,-2.6608276,0.88575804,-3.6840563,-12486656
35,34,36,37,"null","null","null",2,4.1547046,1.2662337,-2.0763686,0.48397285,-3.8140674,-12486656
39,1,40,43,"null","null","null",4,13.587708,0.4428653,-3.2755384,1.9094207,-2.472533,-12486656
40,39,41,42,"null","null","null",2,8.57667,0.6619248,-2.5711858,0.7546971,-3.344255,-11184866
43,39,44,45,"null","null","null",2,2.843502,1.6917332,-2.1267962,3.58856,-0.35959932,-12486656
46,0,47,62,"null","null","null",9,8.165797,0.8210864,-3.5088606,2.3745222,-1.0796595,-12486656
47,46,48,55,"null","null","null",8,6.1335964,0.5419736,-3.3444936,1.7306741,-2.5790384,-11184866
48,47,49,54,"null","null","null",4,3.7574277,0.6619248,-2.6608276,0.7546971,-3.4827118,-12486656
49,48,50,53,"null","null","null",3,3.1838064,1.9703023,-2.0763686,0.48397285,-3.552319,-12486656
50,49,51,52,"null","null","null",2,1.7291745,3.005167,-1.0892061,0.64591223,-2.9852347,-16731116
55,47,56,61,"null","null","null",4,4.4899454,1.6917332,-2.9612584,3.1863804,-0.35959932,-11184866
56,55,57,60,"null","null","null",3,3.7641444,0.52728903,-3.7671347,2.4522943,-0.665,-11184866
57,56,58,59,"null","null","null",2,2.6771498,0.5235956,-3.7564604,1.9384036,-1.6186355,-11184866
