index,parent,child1,child2,name1,name2,common,richness,lengthbr,hxmax,hxmin,hymax,hymin,color
0,-268346196,1,40,"null","null","null",21,15.20955,0.6619249,-2.6393647,0.7546941,-3.496599,-16731116
1,0,2,35,"null","null","null",20,13.423363,2.1597354,-2.0484684,0.48397338,-3.5703702,-16731116
2,1,3,24,"null","null","null",17,10.859592,3.2514277,-0.9443785,0.6459124,-3.0087004,-16731116
3,2,4,19,"null","null","null",11,10.859592,3.5280137,-0.4185698,1.7065823,-2.3703609,-12486656
4,3,5,12,"null","null","null",8,7.1569023,3.065712,-0.6167603,2.9604197,-1.2264589,-12486656
5,4,6,11,"null","null","null",4,5.2329125,2.3408208,-1.3545772,3.4508257,-0.34808022,-16731116
6,5,7,10,"null","null","null",3,1.5912702,1.6917281,-2.7746239,3.1313145,-0.5755012,-16731116
7,6,8,9,"null","null","null",2,1.1998464,0.5272817,-3.5245032,2.3807092,-0.665,-12486656
12,4,13,18,"null","null","null",4,3.8615162,3.3591185,-1.1971815,0.31716168,-2.9699733,-12486656
13,12,14,17,"null","null","null",3,1.9747621,3.7661476,-0.3955179,1.2371341,-2.2791758,-12486656
14,13,15,16,"null","null","null",2,0.2785068,3.4248688,-0.6042887,2.444159,-1.5045819,-12486656
19,3,20,23,"null","null","null",3,7.0798597,1.7924187,-2.1365566,0.6001816,-3.622961,-12486656
20,19,21,22,"null","null","null",2,2.782948,2.8755634,-1.1971815,0.6376133,-3.1081553,-12486656
24,2,25,34,"null","null","null",6,6.274901,0.5695158,-2.8820148,0.90259826,-3.3870234,-16731116
25,24,26,31,"null","null","null",5,5.269397,2.1815815,-2.305408,0.4628849,-3.5166674,-16731116
26,25,27,30,"null","null","null",3,3.1600277,3.381475,-1.1971815,0.6376133,-2.9699733,-16731116
27,26,28,29,"null","null","null",2,1.7972109,3.795211,-0.3955179,0.64591163,-2.2791758,-16731116
31,25,32,33,"null","null","null",2,1.5882018,0.5234822,-3.7908006,2.010228,-1.4433446,-16731116
35,1,36,39,"null","null","null",3,9.671654,0.48358452,-3.3782616,1.9384005,-2.3110387,-16731116
36,35,37,38,"null","null","null",2,4.086261,0.65809226,-2.7162147,0.8675231,-3.23998,-16731116
