index,parent,child1,child2,name1,name2,common,richness,lengthbr,hxmax,hxmin,hymax,hymin,color
0,-268368792,1,46,"null","null","null",29,16.26694,1.5333146,-2.882833,3.4028811,-0.59051764,-16731116
1,0,2,41,"null","null","null",23,15.000491,0.29949006,-3.559222,2.7422612,-1.0522804,-16731116
2,1,3,26,"null","null","null",20,12.535962,0.5419747,-3.4099584,1.8248582,-2.5434403,-16731116
3,2,4,23,"null","null","null",12,10.790145,0.66192496,-2.7459316,0.49050635,-3.4364276,-16731116
4,3,5,18,"null","null","null",10,7.9481063,2.1597412,-2.0484633,0.48397422,-3.492144,-16731116
5,4,6,13,"null","null","null",7,7.075411,3.2514307,-0.8866466,0.64591277,-2.9070053,-16731116
6,5,7,12,"null","null","null",4,3.2552705,3.5280137,-0.41857076,1.8652986,-2.2381592,-16731116
7,6,8,11,"null","null","null",3,2.254319,3.0657103,-0.61676085,3.166747,-1.4052767,-16731116
8,7,9,10,"null","null","null",2,1.1507636,2.3408196,-0.65809155,3.7190475,-0.34808123,-16731116
13,5,14,17,"null","null","null",3,6.473005,0.35782927,-2.7521253,0.90259767,-3.6251023,-16731116
14,13,15,16,"null","null","null",2,2.8794515,1.0880269,-2.1365538,0.46288577,-3.8261664,-16731116
18,4,19,22,"null","null","null",3,3.5996387,0.48358285,-3.3782573,1.9383985,-2.311044,-16731116
19,18,20,21,"null","null","null",2,0.1971877,0.6580924,-2.716209,0.867519,-3.2399843,-12486656
23,3,24,25,"null","null","null",2,3.8727772,0.84491944,-3.5245032,2.3807092,-0.39556205,-16731116
26,2,27,34,"null","null","null",8,10.952344,1.5297087,-2.9612648,3.3983066,-0.35959655,-16731116
27,26,28,31,"null","null","null",4,7.6225357,0.3384865,-3.7671363,2.727799,-0.665,-16731116
28,27,29,30,"null","null","null",2,7.321987,0.5235968,-3.7564573,1.9383985,-1.6186471,-12486656
31,27,32,33,"null","null","null",2,3.357299,2.3612075,-0.41842124,3.6646893,-0.7950944,-16731116
34,26,35,38,"null","null","null",4,8.989904,3.0981078,-0.27500102,3.0448914,-1.4209453,-16731116
35,34,36,37,"null","null","null",2,5.451177,2.3612075,-0.66192454,3.6646893,-0.32388148,-16731116
38,34,39,40,"null","null","null",2,2.7775905,2.7384934,-1.3026797,0.30320084,-3.2226985,-16731116
41,1,42,45,"null","null","null",3,8.171419,2.3408208,-0.85625637,3.8025498,-0.7670516,-16731116
42,41,43,44,"null","null","null",2,5.0439177,1.6917281,-2.1268067,3.5885556,-0.5755012,-16731116
46,0,47,54,"null","null","null",6,12.260443,3.2905617,-0.2891289,3.2309766,-1.2878731,-16731116
47,46,48,51,"null","null","null",4,9.534112,2.6331253,-0.85625637,3.8025498,-0.34808022,-16731116
48,47,49,50,"null","null","null",2,3.5853019,1.6917281,-2.1268067,3.5885556,-0.5755012,-12486656
51,47,52,53,"null","null","null",2,3.7747407,3.795211,-0.705259,0.5537361,-2.2791758,-16731116
54,46,55,56,"null","null","null",2,10.72864,2.8755634,-1.1971815,0.31716168,-3.1081553,-16731116
