index,parent,child1,child2,name1,name2,common,richness,lengthbr,hxmax,hxmin,hymax,hymin,color
0,-268414835,1,40,"null","null","null",21,35.446285,3.439217,-0.9025996,0.44186652,-2.767278,-16731116
1,0,2,23,"null","null","null",20,29.254612,3.5845256,-0.46288335,2.0156415,-2.1562462,-16731116
2,1,3,22,"Haematopodidae","null","Oystercatchers",11,19.607386,3.0581915,-0.6376126,3.165761,-1.1971906,-16731116
3,2,4,15,"null","null","null",10,17.435146,2.393856,-1.6061704,3.5147917,-0.39551586,-16731116
4,3,5,14,"null","null","null",6,7.9875455,1.5045918,-2.9239151,3.0981112,-0.60428745,-16731116
5,4,6,13,"null","null","null",5,7.2643228,0.323879,-3.507431,2.3612099,-1.350242,-16731116
6,5,7,12,"null","null","null",4,4.9461746,0.5592972,-3.271231,1.7788439,-2.852062,-16731116
7,6,8,11,"null","null","null",3,1.8040847,0.66423035,-2.5607548,0.64114,-3.7314625,-16731116
8,7,9,10,"null","null","null",2,0.7350383,1.4433327,-2.010233,0.50423574,-3.7908022,-16731116
15,3,16,21,"null","null","null",4,1.72931,3.52864,-0.6366844,2.0262702,-2.1905634,-16731116
16,15,17,20,"null","null","null",3,1.0004629,3.0229492,-0.6278822,3.2790737,-1.3026892,-12486656
17,16,18,19,"null","null","null",2,0.32389918,2.3134441,-0.6527477,3.7626061,-0.3719881,-16731116
23,1,24,33,"Recurvirostridae","null","Stilts and avocets",9,20.337996,2.2960691,-1.9577205,0.52348524,-3.4551742,-16731116
24,23,25,32,"","null","Stilts",5,15.113179,3.325271,-0.97918236,0.6527473,-2.8343048,-16731116
25,24,26,31,"null","null","null",4,4.2131453,3.52864,-0.44105315,2.0262702,-2.1905634,-12486656
26,25,27,30,"null","null","null",3,2.301435,3.0229492,-0.6278822,3.2790737,-1.3026892,-16731116
27,26,28,29,"null","null","null",2,1.7732995,2.3134441,-0.6527477,3.7626061,-0.3719881,-16731116
33,23,34,39,"","null","Avocets",4,8.386475,0.44286698,-3.3444972,1.8611758,-2.7339127,-16731116
34,33,35,38,"null","null","null",3,4.309831,0.6619246,-2.660833,0.75470304,-3.6840537,-16731116
35,34,36,37,"null","null","null",2,1.2214729,1.266223,-2.0763721,0.48397177,-3.814068,-16731116
