index,parent,child1,child2,name1,name2,common,richness,lengthbr,hxmax,hxmin,hymax,hymin,color
0,-268435408,1,215,"ANSERIFORMES","null","Waterfowl, Screamers and Magpie Goose",160,68.5702,0.7370695,-3.6348166,2.5455394,-1.5127378,-16731116
1,0,2,214,"null","null","null",157,53.777134,0.59051657,-3.309531,1.600197,-2.8931727,-16731116
2,1,3,197,"Anatidae","null","Ducks, Geese and Swans",156,33.128113,1.0522678,-2.6209054,0.29948816,-3.572672,-16731116
3,2,4,148,"null","null","null",147,24.097517,2.5434303,-1.824866,0.5419733,-3.4274492,-16731116
4,3,5,137,"null","null","null",122,22.737152,3.436424,-0.52233076,0.6619247,-2.76867,-16731116
5,4,6,134,"null","null","null",116,21.49473,3.492148,-0.48397225,2.2184346,-2.216562,-16731116
6,5,7,127,"null","null","null",114,20.064484,2.9070134,-0.64591193,3.3277428,-0.8866597,-16731116
7,6,8,126,"null","null","null",110,17.016562,2.2381644,-1.8036249,3.6272302,-0.4185682,-16731116
8,7,9,-268406784,"null","null","null",109,12.314146,1.2865417,-3.0865824,3.1946974,-0.6167594,-16731116
9,8,10,115,"null","null","null",59,11.2468405,0.34807813,-3.6148462,2.5084994,-1.34572,-16731116
10,9,11,78,"null","null","null",53,10.938774,0.5754999,-3.3445463,1.529717,-2.7631168,-16731116
11,10,12,47,"null","null","null",34,10.641578,0.9035089,-2.6579103,0.48278922,-3.5095534,-16731116
12,11,13,46,"MERGINAE","null","Seaducks",18,9.995367,2.4241421,-1.9384052,0.5235952,-3.4216065,-16731116
13,12,14,37,"null","null","null",17,9.5426235,3.3870208,-0.64571226,0.658092,-2.7725644,-16731116
14,13,15,32,"null","null","null",12,8.538931,3.516668,-0.4628839,2.015647,-2.1631203,-16731116
15,14,16,27,"null","null","null",9,7.7625036,2.969976,-0.6376129,3.1657646,-1.0032667,-16731116
16,15,17,26,"null","null","null",6,6.3488464,2.2791777,-1.5568597,3.5147924,-0.3955168,-12486656
17,16,18,25,"","null","Mergansers",5,5.723763,1.5045863,-2.8598065,3.0981097,-0.6042881,-12486656
18,17,19,24,"null","null","null",4,2.4417527,0.32388037,-3.424084,2.361209,-1.1773243,-12486656
19,18,20,23,"null","null","null",3,1.7136927,0.55929816,-3.1628757,1.7788392,-2.6272645,-12486656
20,19,21,22,"null","null","null",2,0.9999428,0.66423047,-2.4198928,0.64113533,-3.43922,-12486656
27,15,28,31,"BUCEPHALA","null","Goldeneyes",3,5.0952888,3.554822,-0.9791769,0.3445289,-2.8343005,-16731116
28,27,29,30,"null","null","null",2,1.2758449,3.827052,-0.44105422,0.9093875,-2.1905606,-16731116
32,14,33,36,"MELANITTA","null","Scoters",3,6.811143,2.1434007,-2.010231,0.523484,-3.4706461,-16731116
33,32,34,35,"null","null","null",2,2.784996,3.126798,-0.9791769,0.6527475,-2.8544173,-16731116
37,13,38,45,"null","null","null",5,8.092559,0.88761854,-2.5607514,0.86650705,-3.4732869,-16731116
38,37,39,44,"","null","Eiders",4,5.5773993,2.47265,-2.010231,0.50423634,-3.4551716,-16731116
39,38,40,43,"null","null","null",3,0.9488652,3.554822,-0.9791769,0.6527475,-2.8343005,-16731116
40,39,41,42,"null","null","null",2,0.34673628,3.827052,-0.44105422,0.9093875,-2.1905606,-16731116
47,11,48,73,"null","null","null",16,9.57636,0.79509676,-3.507431,2.6858752,-1.1974791,-16731116
48,47,49,62,"null","null","null",13,8.731822,0.5592977,-3.2712283,1.6207732,-2.6534677,-16731116
49,48,50,61,"null","null","null",7,6.1558204,0.75179124,-2.5607514,0.6411365,-3.4732869,-16731116
50,49,51,60,"TADORNA","null","Shelducks",6,5.655652,2.2960746,-2.010231,0.50423634,-3.4551716,-16731116
51,50,52,59,"null","null","null",5,2.8110774,3.325274,-0.9791769,0.6527475,-2.8343005,-16731116
52,51,53,58,"null","null","null",4,1.4337795,3.5286398,-0.44105422,2.02628,-2.1905606,-16731116
53,52,54,57,"null","null","null",3,1.0426784,3.0229464,-0.6278828,3.2790809,-1.3026825,-16731116
54,53,55,56,"null","null","null",2,0.57900506,2.3134422,-0.6527473,3.7626088,-0.3719896,-16731116
62,48,63,68,"","null","Orinoco Goose and Sheldgeese",6,5.864459,1.4333887,-3.0610616,3.1200056,-0.31738362,-16731116
63,62,64,67,"null","null","null",3,2.1147346,0.41360754,-3.7909272,2.3745224,-0.66423047,-16731116
64,63,65,66,"null","null","null",2,1.3005128,0.5419733,-3.711181,1.861173,-1.7914275,-16731116
68,62,69,72,"null","null","null",3,2.9380093,3.0657148,-0.28912786,3.1667342,-1.4052874,-16731116
69,68,70,71,"null","null","null",2,1.1495692,2.3408225,-0.658092,3.7190418,-0.34807864,-16731116
73,47,74,77,"null","null","null",3,7.430345,2.313443,-1.047253,3.7903354,-0.7370695,-16731116
74,73,75,76,"null","null","null",2,5.029118,1.6001972,-2.2880425,3.5117052,-0.59051657,-16731116
78,10,79,112,"null","null","null",19,8.20809,1.4209557,-3.0448213,3.0981104,-0.27500063,-16731116
79,78,80,111,"null","null","null",17,7.666322,0.32387957,-3.6646066,2.3612094,-1.2503544,-16731116
80,79,81,110,"null","null","null",16,6.8109813,0.55929744,-3.4755578,1.7788426,-2.7222068,-16731116
81,80,82,105,"null","null","null",15,3.1973445,0.751789,-2.8263798,0.41482306,-3.5626493,-16731116
82,81,83,100,"null","null","null",12,2.6147346,2.2960727,-1.9270709,0.50423604,-3.571344,-16731116
83,82,84,93,"null","null","null",9,2.1098132,3.325273,-0.76731527,0.6527474,-2.9853249,-16731116
84,83,85,90,"null","null","null",5,1.6398168,3.5286398,-0.4410539,2.0262775,-2.3868914,-16731116
85,84,86,89,"null","null","null",3,0.78442526,3.0229468,-0.6278826,3.2790792,-1.302684,-12486656
86,85,87,88,"null","null","null",2,0.49534348,2.3134425,-0.6527474,3.762608,-0.37198922,-16731116
90,84,91,92,"null","null","null",2,0.54823846,1.2662308,-2.0763695,0.56240094,-3.8140671,-16731116
93,83,94,99,"null","null","null",4,1.4447213,0.4519931,-2.660829,0.8857583,-3.4827116,-16731116
94,93,95,98,"null","null","null",3,1.3694226,1.9702991,-2.0763695,0.48397252,-3.5523202,-16731116
95,94,96,97,"null","null","null",2,0.49424994,3.0051646,-1.089208,0.6459121,-2.9852366,-16731116
100,82,101,104,"null","null","null",3,1.1843771,0.44286594,-3.2755399,1.861173,-2.4725308,-16731116
101,100,102,103,"null","null","null",2,0.81925493,0.6619247,-2.571188,0.7546987,-3.3442535,-16731116
105,81,106,109,"null","null","null",3,2.9423034,0.82108676,-3.7909272,2.3745224,-0.47380406,-16731116
106,105,107,108,"null","null","null",2,1.3279811,0.5419733,-3.711181,1.861173,-1.7914275,-16731116
112,78,113,114,"null","null","null",2,4.886532,3.2227073,-0.30319974,2.7384832,-1.3026869,-12486656
115,9,116,121,"null","null","null",6,10.813139,2.4621491,-1.6992218,3.514792,-0.7052618,-16731116
116,115,117,120,"null","null","null",3,10.243775,1.5045903,-3.0448804,3.0981107,-0.6042876,-12486656
117,116,118,119,"null","null","null",2,9.471664,0.3238794,-3.6646843,2.3612094,-0.66192484,-16731116
121,115,122,125,"null","null","null",3,9.598813,3.6823013,-0.6366839,1.6104317,-2.1905627,-16731116
122,121,123,124,"null","null","null",2,3.385926,3.2227082,-0.62788236,2.738482,-1.3026878,-12486656
127,6,128,133,"null","null","null",4,9.855164,3.4687877,-0.90259945,0.3578278,-2.7521348,-16731116
128,127,129,132,"NETTAPUS","null","Pygmy-Geese",3,7.609436,3.6229668,-0.46288353,1.7924047,-2.1365604,-16731116
129,128,130,131,"null","null","null",2,2.7233722,3.1081653,-0.63761264,2.8755522,-1.1971898,-16731116
134,5,135,136,"null","null","null",2,4.4710813,1.6186295,-1.938406,0.4835871,-3.7564616,-16731116
137,4,138,147,"null","null","null",6,11.101917,0.9518907,-2.4522977,0.8449216,-3.4974647,-16731116
138,137,139,146,"null","null","null",5,3.7581487,2.4870386,-1.938406,0.5235951,-3.4058914,-12486656
139,138,140,145,"null","null","null",4,3.25284,3.4687877,-0.8675306,0.658092,-2.7521348,-12486656
140,139,141,144,"null","null","null",3,3.010572,3.6229668,-0.46288353,1.7924047,-2.1365604,-12486656
141,140,142,143,"null","null","null",2,2.6761324,3.1081653,-0.63761264,2.8755522,-1.1971898,-11184866
148,3,149,196,"null","null","null",25,20.69469,0.35960028,-3.398308,1.6917354,-2.7631187,-16731116
149,148,150,193,"null","null","null",24,17.251343,0.9035088,-2.7278006,0.3384933,-3.5095553,-16731116
150,149,151,182,"null","null","null",22,13.5355015,2.424142,-1.9093118,0.5235952,-3.421609,-16731116
151,150,152,171,"ANSERINI","null","True Geese",16,9.041678,3.3870208,-0.64571416,0.658092,-2.7725673,-16731116
152,151,153,166,"null","null","null",10,2.7377212,3.516669,-0.4628837,2.0156438,-2.1631231,-16731116
153,152,154,163,"ANSER","null","Grey Geese",7,1.9804852,2.9699779,-0.6376127,3.1657624,-1.0122119,-16731116
154,153,155,162,"null","null","null",5,1.3594605,2.2791789,-1.7809162,3.514792,-0.39551622,-16731116
155,154,156,161,"null","null","null",4,0.96693236,1.5045903,-3.151083,3.0981107,-0.6042876,-12486656
156,155,157,160,"null","null","null",3,0.4955853,0.3238794,-3.8027477,2.3612094,-0.66483784,-12486656
157,156,158,159,"null","null","null",2,0.41184554,0.55929744,-3.6551414,1.7788426,-1.9610354,-12486656
163,153,164,165,"null","null","null",2,1.0359485,3.1267936,-0.9791807,0.3445286,-2.8544226,-16731116
166,152,167,170,"CHEN","null","White Geese",3,2.1352863,2.1433957,-2.0102327,0.52348465,-3.4706497,-16731116
167,166,168,169,"null","null","null",2,0.5478937,3.1267936,-0.9791807,0.65274733,-2.8544226,-16731116
171,151,172,181,"BRANTA","null","Black Geese",6,6.1556225,0.8876146,-2.5607538,0.8665073,-3.473287,-16731116
172,171,173,180,"null","null","null",5,4.98558,2.4726462,-2.0102327,0.504236,-3.4551735,-12486656
173,172,174,177,"null","null","null",4,2.0922866,3.5548193,-0.72747827,0.65274733,-2.8343034,-16731116
174,173,175,176,"null","null","null",2,0.7234006,3.8270519,-0.4410535,0.90937954,-2.1905627,-16731116
177,173,178,179,"null","null","null",2,1.119468,0.37080008,-2.5711927,0.88575864,-3.3442507,-12486656
182,150,183,192,"CYGNUS","null","True Swans",6,11.4609585,0.40148276,-3.4101982,1.7788422,-2.6626244,-16731116
183,182,184,189,"null","null","null",5,8.798953,0.66423047,-2.7414124,0.4148231,-3.4851916,-16731116
184,183,185,188,"null","null","null",3,2.6055176,2.1433969,-2.010232,0.5042361,-3.4706488,-16731116
185,184,186,187,"null","null","null",2,1.8137567,3.1267948,-0.97918,0.6527474,-2.8544214,-16731116
189,183,190,191,"null","null","null",2,5.938629,0.82108676,-3.5997512,2.3745227,-0.4072516,-16731116
193,149,194,195,"null","null","null",2,8.270458,0.79509664,-3.664685,2.3612094,-0.4184203,-16731116
197,2,198,213,"null","null","null",9,24.017492,0.76705396,-3.5294905,2.3408227,-1.3385684,-16731116
198,197,199,210,"DENDROCYGNA","null","Whistling-Ducks",8,15.478201,0.5755001,-3.2335835,1.6749452,-2.7538188,-16731116
199,198,200,209,"null","null","null",6,13.682726,1.044382,-2.5136583,0.5272908,-3.497465,-16731116
200,199,201,206,"null","null","null",5,9.087261,2.6072767,-2.0181754,0.5235953,-3.405891,-16731116
201,200,202,205,"null","null","null",3,7.6069527,3.6250963,-0.86752975,0.658092,-2.7521338,-16731116
202,201,203,204,"null","null","null",2,6.367982,3.826167,-0.4628837,1.0880075,-2.13656,-16731116
206,200,207,208,"null","null","null",2,7.493961,0.40148276,-3.6551414,1.7788422,-1.9610362,-16731116
210,198,211,212,"null","null","null",2,4.689004,1.5045886,-2.4441478,3.4248757,-0.27500027,-12486656
215,0,216,219,"Anhimidae","null","Screamers",3,17.689613,2.238164,-1.4250956,3.730091,-0.6717553,-16731116
216,215,217,218,"null","null","null",2,8.572041,1.4052877,-2.5944932,3.3284159,-0.61675954,-16731116
