index,parent,child1,child2,name1,name2,common,richness,lengthbr,hxmax,hxmin,hymax,hymin,color
0,-268391418,1,159,"null","null","null",292,32.140755,3.112924,-0.3171618,3.3135448,-1.0306097,-16731116
1,0,2,132,"","null","Weavers, Waxbills and more",278,23.283802,2.4650118,-1.6611575,3.706901,-0.39551812,-16731116
2,1,3,93,"","null","Waxbills and more",162,20.307995,1.3321645,-2.9953885,3.347848,-0.6042888,-16731116
3,2,4,88,"Estrildidae","null","Waxbills, grass finches, munias and more",142,14.556274,0.32388172,-3.6003346,2.68587,-1.2118331,-16731116
4,3,5,87,"null","null","null",139,13.625168,0.5592991,-3.3919976,1.7338006,-2.6721215,-16731116
5,4,6,52,"null","null","null",72,12.785697,0.79012406,-2.7177515,0.50877935,-3.497528,-16731116
6,5,7,25,"null","null","null",54,11.9112215,2.345902,-1.9945749,0.50423795,-3.4866781,-16731116
7,6,8,22,"null","null","null",40,10.831791,3.3900409,-0.72746193,0.652748,-2.875257,-16731116
8,7,-268328960,9,"null","null","null",38,10.591603,3.612829,-0.441056,1.8644108,-2.2438078,-16731116
9,8,10,19,"null","null","null",7,8.135325,2.2793105,-2.2165523,0.56239724,-3.492144,-16731116
10,9,11,16,"null","null","null",5,6.4140882,3.4068708,-0.8706838,0.64591277,-2.9070053,-16731116
11,10,12,15,"null","null","null",3,2.4464948,3.7300858,-0.41857076,1.425116,-2.2381592,-16731116
12,11,13,14,"null","null","null",2,1.1724037,3.328404,-0.61676085,2.5945096,-1.4052767,-16731116
16,10,17,18,"null","null","null",2,1.6242901,0.35782927,-2.716209,0.90259767,-3.2399843,-16731116
19,9,20,21,"null","null","null",2,2.0489428,0.48358285,-3.7564573,1.9383985,-1.6186471,-16731116
22,7,23,24,"null","null","null",2,3.3476088,0.37080157,-2.571176,0.8857566,-3.3442616,-12486656
25,6,26,47,"null","null","null",14,10.365181,0.44286197,-3.4274406,1.7061951,-2.5434403,-16731116
26,25,27,44,"null","null","null",11,8.582186,0.66192496,-2.7686582,0.49050635,-3.4364276,-16731116
27,26,28,41,"null","null","null",9,8.024109,2.1597412,-2.2165523,0.48397422,-3.492144,-16731116
28,27,29,36,"null","null","null",7,7.17353,3.2514307,-0.8866466,0.64591277,-2.9070053,-16731116
29,28,30,35,"null","null","null",4,6.9497237,3.5280137,-0.41857076,1.8652986,-2.2381592,-16731116
30,29,31,34,"null","null","null",3,6.137478,3.0657103,-0.61676085,3.166747,-1.4052767,-16731116
31,30,32,33,"null","null","null",2,2.1742687,2.3408196,-0.65809155,3.7190475,-0.34808123,-16731116
36,28,37,40,"null","null","null",3,5.5442395,0.35782927,-2.7521253,0.90259767,-3.6251023,-16731116
37,36,38,39,"null","null","null",2,2.330102,1.0880269,-2.1365538,0.46288577,-3.8261664,-16731116
41,27,42,43,"null","null","null",2,7.237576,0.48358285,-3.7564573,1.9383985,-1.6186471,-16731116
44,26,45,46,"null","null","null",2,3.0470712,0.84491944,-3.5245032,2.3807092,-0.39556205,-16731116
47,25,48,51,"null","null","null",3,4.7419057,1.6917281,-2.7746239,3.1313145,-0.35959655,-16731116
48,47,49,50,"null","null","null",2,1.8621502,0.5272817,-3.5245032,2.3807092,-0.665,-16731116
52,5,53,78,"null","null","null",18,11.287283,0.8210844,-3.5465224,2.5859394,-1.0522804,-16731116
53,52,54,71,"null","null","null",13,8.994642,0.5419747,-3.3934488,1.7306662,-2.5434403,-16731116
54,53,55,64,"null","null","null",9,6.349431,0.72913146,-2.7244692,0.52231866,-3.4364276,-16731116
55,54,56,63,"null","null","null",5,3.2770112,2.330574,-2.0763643,0.48397422,-3.492144,-12486656
56,55,57,60,"null","null","null",4,2.9278188,3.4735134,-0.8706838,0.64591277,-2.9070053,-12486656
57,56,58,59,"null","null","null",2,1.1718707,3.816721,-0.41857076,0.7310724,-2.2381592,-12486656
60,56,61,62,"null","null","null",2,1.1505159,0.35782927,-2.716209,0.90259767,-3.2399843,-12486656
64,54,65,70,"null","null","null",4,3.9773717,0.84491944,-3.4762132,2.4522867,-0.8165151,-16731116
65,64,66,69,"null","null","null",3,3.1321392,0.5235968,-3.3782573,1.9383985,-2.311044,-16731116
66,65,67,68,"null","null","null",2,1.8268867,0.6580924,-2.716209,0.867519,-3.2399843,-12486656
71,53,72,77,"null","null","null",4,4.8920965,1.6917281,-2.9612648,3.1863742,-0.35959655,-16731116
72,71,73,76,"null","null","null",3,3.525508,0.5272817,-3.7671363,2.4522867,-0.665,-12486656
73,72,74,75,"null","null","null",2,1.628225,0.5235968,-3.7564573,1.9383985,-1.6186471,-16731116
78,52,79,86,"null","null","null",5,8.289217,2.3408208,-1.3545772,3.4508257,-0.7670516,-16731116
79,78,80,83,"null","null","null",4,5.2088885,1.6749359,-2.7746239,3.1313145,-0.5755012,-16731116
80,79,81,82,"null","null","null",2,1.6837165,0.5272817,-3.5245032,2.3807092,-0.665,-16777216
83,79,84,85,"null","null","null",2,1.7825891,3.4248688,-0.27500102,2.444159,-1.5045819,-16731116
87,4,-268329984,-268326912,"null","null","null",67,12.4406,1.490706,-2.8773634,3.3743324,-0.31738016,-16731116
88,3,89,92,"null","null","null",3,9.70732,2.3134403,-1.0472679,3.7903333,-0.737067,-16731116
89,88,90,91,"null","null","null",2,7.791053,1.6001897,-2.2880554,3.5116982,-0.59051764,-16731116
93,2,94,131,"Viduidae","null","Indigobirds and more",20,17.649971,3.0229437,-0.303201,3.219129,-1.3026786,-16731116
94,93,95,130,"null","null","null",19,8.089175,2.3134403,-1.5047891,3.684667,-0.37199056,-16731116
95,94,96,113,"null","null","null",18,7.0556297,1.5288985,-2.882833,3.3743324,-0.59051764,-16731116
96,95,97,110,"null","null","null",9,5.9981537,0.29949006,-3.559222,2.705148,-1.1988084,-16731116
97,96,98,105,"null","null","null",7,3.0583158,0.5419747,-3.4099584,1.7061951,-2.7339268,-16731116
98,97,99,102,"null","null","null",4,1.4040265,0.66192496,-2.7459316,0.49050635,-3.6840599,-16731116
99,98,100,101,"null","null","null",2,0.72860557,1.2662454,-2.0763643,0.48397422,-3.814066,-16731116
102,98,103,104,"null","null","null",2,0.4448474,0.84491944,-3.5245032,2.3807092,-0.39556205,-16731116
105,97,106,109,"null","null","null",3,3.0583155,1.6917281,-2.7746239,3.1313145,-0.35959655,-16731116
106,105,107,108,"null","null","null",2,1.6364824,0.5272817,-3.5245032,2.3807092,-0.665,-16731116
110,96,111,112,"null","null","null",2,5.464499,2.3408208,-0.4290239,3.7190452,-0.7670516,-16731116
113,95,114,129,"null","null","null",9,2.8143313,3.2806253,-0.2891289,2.9929993,-1.4052806,-16731116
114,113,115,124,"null","null","null",8,1.8459303,2.620208,-1.3260034,3.4931793,-0.34808022,-16731116
115,114,116,123,"null","null","null",5,1.1216972,1.6917281,-2.7374778,3.1863742,-0.5755012,-16731116
116,115,117,122,"null","null","null",4,1.1115861,0.5272817,-3.4762132,2.4522867,-0.8165151,-16731116
117,116,118,121,"null","null","null",3,0.98738134,0.5235968,-3.3782573,1.9383985,-2.311044,-16731116
118,117,119,120,"null","null","null",2,0.6634301,0.6580924,-2.716209,0.867519,-3.2399843,-16731116
124,114,125,128,"null","null","null",3,1.0960917,3.7661476,-0.705259,1.2371341,-2.2791758,-16731116
125,124,126,127,"null","null","null",2,0.25171793,3.4248688,-0.6042887,2.444159,-1.5045819,-16731116
132,1,133,158,"","null","Weavers and more",116,20.614347,3.6887553,-0.63668066,1.9703875,-2.1905584,-16731116
133,132,134,139,"null","null","null",115,17.145432,3.2310948,-0.6278832,3.2064166,-1.1166797,-16731116
134,133,135,136,"null","null","null",105,15.45816,2.5840368,-1.5125413,3.668141,-0.37199056,-16731116
135,134,-268331008,-268327936,"null","null","null",103,12.462193,1.4333814,-2.892911,3.3528485,-0.59051764,-16731116
136,134,137,138,"Ploceidae","null","Weavers and more",2,1.8278217,3.8167202,-0.67175275,0.73106515,-2.238161,-16731116
139,133,140,151,"null","null","null",10,14.608006,3.3844748,-0.92879295,0.3309561,-2.9070082,-16731116
140,139,141,150,"null","null","null",6,9.975225,3.700975,-0.4185698,1.9147029,-2.238161,-16731116
141,140,142,149,"null","null","null",5,5.6480794,3.2905617,-0.6167603,3.2309766,-1.4052806,-16731116
142,141,143,146,"Passeridae","null","Sparrows, snowfinches and more",4,5.191987,2.6331253,-0.85625637,3.8025498,-0.34808022,-16731116
143,142,144,145,"null","null","null",2,1.6088073,1.6917281,-2.1268067,3.5885556,-0.5755012,-16731116
146,142,147,148,"null","null","null",2,1.4813198,3.795211,-0.705259,0.5537361,-2.2791758,-16731116
151,139,152,157,"null","null","null",4,6.6243906,0.35782874,-2.752129,0.90259826,-3.4687877,-16731116
152,151,153,156,"Passeridae","null","Sparrows, snowfinches and more",3,5.319643,1.7924187,-2.1365566,0.4628849,-3.622961,-16731116
153,152,154,155,"null","null","null",2,3.3452194,2.8755634,-1.1971815,0.6376133,-3.1081553,-16731116
159,0,160,185,"","null","Accentors and Olive Warbler",14,31.403227,3.448443,-0.9791728,0.3445297,-2.8958325,-16731116
160,159,161,180,"Prunellidae","null","Accentors",13,20.072681,3.6887553,-0.44105512,1.8644047,-2.270554,-16731116
161,160,162,177,"null","null","null",10,9.870407,3.2310948,-0.6278832,3.0686388,-1.1514455,-16731116
162,161,163,174,"null","null","null",8,8.717422,2.5840368,-1.4436026,3.48903,-0.37199056,-16731116
163,162,164,171,"null","null","null",6,7.4443874,1.5501353,-2.8032904,3.1200042,-0.59051764,-16731116
164,163,165,170,"null","null","null",4,5.1153398,0.4135989,-3.4558165,2.3745215,-0.9977443,-16731116
165,164,166,169,"null","null","null",3,2.4165096,0.5419747,-3.2755313,1.8611665,-2.4725435,-16731116
166,165,167,168,"null","null","null",2,0.41478586,0.66192496,-2.571176,0.7546901,-3.3442616,-16731116
171,163,172,173,"null","null","null",2,5.257223,3.3284082,-0.2891289,2.5945039,-1.4052806,-16731116
174,162,175,176,"null","null","null",2,4.162765,3.8167202,-0.67175275,0.73106515,-2.238161,-16731116
177,161,178,179,"null","null","null",2,4.876153,3.0051699,-1.0892038,0.3309561,-2.9852314,-16731116
180,160,181,184,"null","null","null",3,8.462193,1.9703064,-2.076367,0.5623988,-3.5523171,-16731116
181,180,182,183,"null","null","null",2,4.7347703,3.0051699,-1.0892038,0.6459124,-2.9852314,-16731116
