index,parent,child1,child2,name1,name2,common,richness,lengthbr,hxmax,hxmin,hymax,hymin,color
0,-268270451,1,121,"null","null","null",213,28.288479,0.34807813,-3.636673,2.5586643,-1.34764,-16731116
1,0,2,87,"null","null","null",185,26.862263,0.5754999,-3.3729212,1.5949314,-2.7656126,-16731116
2,1,3,55,"null","null","null",145,24.18679,0.9035089,-2.6947975,0.42327172,-3.5127978,-16731116
3,2,4,44,"null","null","null",78,23.394796,2.4241421,-1.847547,0.5235952,-3.4258242,-16731116
4,3,5,41,"null","null","null",72,21.6191,3.3870208,-0.58310926,0.658092,-2.7780473,-16731116
5,4,6,14,"null","null","null",70,19.191216,3.516668,-0.4628839,2.1293209,-2.1702478,-16731116
6,5,-268268544,7,"null","null","null",56,17.04955,2.969976,-0.6376129,3.3135407,-1.0032667,-16731116
7,6,8,11,"null","null","null",4,6.8780966,3.554822,-0.9169631,0.3445289,-2.8343005,-16731116
8,7,9,10,"null","null","null",2,2.2864757,3.827052,-0.44105422,0.9093875,-2.1905606,-16731116
11,7,12,13,"null","null","null",2,4.27478,0.37080052,-2.5711858,0.88575804,-3.344255,-16731116
14,5,15,34,"null","null","null",14,16.392189,2.2960746,-1.9270691,0.523484,-3.486683,-16731116
15,14,16,31,"","null","Fish-eagles and Sea-eagles",10,12.644865,3.325274,-0.72747266,0.6527475,-2.8752651,-12486656
16,15,17,24,"null","null","null",8,11.487383,3.5286398,-0.44105422,2.02628,-2.2438145,-12486656
17,16,18,21,"null","null","null",4,10.541409,3.0229464,-0.6278828,3.2790809,-1.1514504,-12486656
18,17,19,20,"null","null","null",2,0.27411923,2.3134422,-0.6527473,3.7626088,-0.3719896,-12486656
21,17,22,23,"null","null","null",2,1.759179,3.005167,-1.0892061,0.33095554,-2.9852347,-11184866
24,16,25,30,"null","null","null",4,6.7712636,2.330564,-2.0763686,0.56240034,-3.4921465,-12486656
25,24,26,29,"null","null","null",3,6.227253,3.4735072,-1.0892061,0.64591223,-2.90701,-16731116
26,25,27,28,"null","null","null",2,1.807746,3.8167195,-0.41856924,0.7310606,-2.2381625,-16731116
31,15,32,33,"null","null","null",2,6.698477,0.37080052,-2.5711858,0.88575804,-3.344255,-12486656
34,14,35,38,"null","null","null",4,9.460926,0.4428653,-3.2755384,1.9094207,-2.472533,-16731116
35,34,36,37,"null","null","null",2,4.8711457,0.6619248,-2.5711858,0.7546971,-3.344255,-16731116
38,34,39,40,"null","null","null",2,1.3855993,1.6917332,-2.1267962,3.58856,-0.35959932,-16731116
41,4,42,43,"null","null","null",2,6.9129863,0.38339457,-2.4198945,0.86650705,-3.4392192,-16731116
44,3,45,54,"null","null","null",6,22.239964,0.40148264,-3.2712283,1.7788414,-2.6534677,-16731116
45,44,46,53,"null","null","null",5,15.4603,0.88761854,-2.5607514,0.6411365,-3.4732869,-16731116
46,45,47,52,"null","null","null",4,14.909105,2.47265,-2.010231,0.50423634,-3.4551716,-16731116
47,46,48,51,"null","null","null",3,5.211338,3.554822,-0.9791769,0.6527475,-2.8343005,-16731116
48,47,49,50,"null","null","null",2,2.5734067,3.827052,-0.44105422,0.9093875,-2.1905606,-16731116
55,2,56,78,"","null","Sparrowhawks and more",67,22.90838,0.79509676,-3.5904279,2.551961,-1.2275826,-16731116
56,55,-268266496,57,"null","null","null",62,22.320486,0.5592977,-3.3791242,1.7464974,-2.6926024,-16731116
57,56,58,77,"null","null","null",11,16.108454,1.6001966,-2.893172,3.402885,-0.31738362,-16731116
58,57,59,70,"null","null","null",10,13.716048,0.3917387,-3.5726707,2.7422655,-1.0796576,-16731116
59,58,60,69,"null","null","null",6,7.724389,0.5419733,-3.4274476,1.861173,-2.579037,-16731116
60,59,61,68,"null","null","null",5,5.097196,0.6619247,-2.7686677,0.7546987,-3.4827116,-16731116
61,60,62,65,"null","null","null",4,4.511845,1.9702991,-2.21656,0.48397252,-3.5523202,-16731116
62,61,63,64,"null","null","null",2,1.6174082,3.0051646,-1.089208,0.6459121,-2.9852366,-16731116
65,61,66,67,"null","null","null",2,0.13642943,0.48358613,-3.7564604,1.9384036,-1.6186355,-16731116
70,58,71,74,"null","null","null",4,10.494535,2.6331286,-0.8562415,3.8025506,-0.76705396,-12486656
71,70,72,73,"null","null","null",2,3.2731974,1.6917354,-2.1267936,3.5885613,-0.5755001,-11184866
74,70,75,76,"null","null","null",2,2.6092575,3.7952094,-0.70526147,0.5537235,-2.2791781,-16731116
78,55,79,84,"null","null","null",5,13.976333,2.5840406,-1.5287609,3.4890282,-0.7370695,-12486656
79,78,80,83,"null","null","null",3,8.737057,1.6001972,-2.914003,3.1200058,-0.59051657,-16731116
80,79,81,82,"null","null","null",2,2.6306543,0.41360754,-3.5997515,2.3745224,-0.66423047,-16731116
84,78,85,86,"null","null","null",2,2.8943446,3.8167193,-0.6717553,0.7310526,-2.2381642,-12486656
87,1,88,114,"null","null","null",40,25.635212,1.3321738,-2.923917,3.2448428,-0.27500063,-16731116
88,87,89,97,"","null","Hawk-eagles and other eagles",36,16.369278,0.32387957,-3.5074313,2.5519614,-1.21182,-16731116
89,88,-268267520,90,"null","null","null",27,14.507161,0.55929744,-3.2712297,1.6207746,-2.6721122,-16731116
90,89,91,96,"null","null","null",4,10.776466,1.6001978,-3.06106,3.120006,-0.31738424,-16731116
91,90,92,95,"null","null","null",3,7.261836,0.4136094,-3.7909265,2.3745227,-0.66423047,-16731116
92,91,93,94,"null","null","null",2,4.993187,0.541973,-3.7111814,1.8611743,-1.7914251,-12486656
97,88,98,113,"null","null","null",9,15.176193,2.3134434,-1.4749773,3.4890275,-0.73706996,-12486656
98,97,99,108,"null","null","null",8,11.157303,1.4333911,-2.8440855,3.120006,-0.5905163,-12486656
99,98,100,107,"null","null","null",5,7.468878,0.4136094,-3.5088603,2.3745227,-1.1987934,-12486656
100,99,101,106,"null","null","null",4,4.100645,0.541973,-3.3444955,1.8611743,-2.7339146,-12486656
101,100,102,105,"null","null","null",3,3.5061522,0.6619247,-2.6608305,0.7547004,-3.6840544,-12486656
102,101,103,104,"null","null","null",2,1.5204464,1.2662282,-2.0763705,0.48397225,-3.8140674,-12486656
108,98,109,112,"null","null","null",3,6.8375645,3.0657158,-0.28912753,3.1667316,-1.4052896,-16731116
109,108,110,111,"null","null","null",2,3.7420673,2.3408232,-0.65809214,3.7190406,-0.34807807,-12486656
114,87,115,120,"null","null","null",4,22.570118,3.0229483,-0.30319974,3.300406,-1.3026869,-12486656
115,114,116,119,"null","null","null",3,21.27646,2.3134434,-1.0472503,3.7903354,-0.37198862,-12486656
116,115,117,118,"null","null","null",2,16.000147,1.6001987,-2.2880404,3.5117064,-0.5905163,-12486656
121,0,122,151,"null","null","null",28,25.023018,2.3938553,-1.6694262,3.6276631,-0.7052618,-12486656
122,121,123,150,"null","null","null",15,21.033611,1.5045903,-3.0061462,3.244843,-0.6042876,-16731116
123,122,124,139,"null","null","null",14,19.999914,0.3238794,-3.61433,2.5519614,-1.197477,-16731116
124,123,125,138,"null","null","null",8,17.608042,0.55929744,-3.4101982,1.7788426,-2.6534662,-16731116
125,124,126,135,"","null","Snake-eagles",7,14.385198,0.88761616,-2.7414126,0.41482306,-3.4732866,-16731116
126,125,127,132,"null","null","null",5,12.95401,2.4726481,-2.120689,0.50423604,-3.4551725,-16731116
127,126,128,131,"null","null","null",3,8.185234,3.554821,-0.9791784,0.6527474,-2.834302,-16731116
128,127,129,130,"null","null","null",2,5.314442,3.827052,-0.4410539,0.90938497,-2.1905615,-16731116
132,126,133,134,"null","null","null",2,4.3506184,0.44286594,-3.711181,1.861173,-1.7914275,-12486656
135,125,136,137,"null","null","null",2,3.1774154,0.82108676,-3.5997515,2.3745224,-0.40725157,-16731116
139,123,140,149,"","null","Serpent-eagles",6,11.6322365,2.3134434,-1.4435918,3.4890275,-0.73706996,-16731116
140,139,141,148,"null","null","null",5,5.5167427,1.6001987,-2.8032844,3.120006,-0.5905163,-16731116
141,140,142,147,"null","null","null",4,4.740658,0.4136094,-3.455819,2.3745227,-0.9977267,-16731116
142,141,143,146,"null","null","null",3,4.154294,0.541973,-3.2755415,1.8611743,-2.472528,-16731116
143,142,144,145,"null","null","null",2,3.1875808,0.6619247,-2.5711904,0.7547004,-3.3442519,-16731116
151,121,152,169,"","null","Vultures",13,12.679741,3.5286403,-0.6366839,1.8643913,-2.243818,-12486656
152,151,153,168,"null","null","null",9,10.631727,3.0229487,-0.62788236,3.0686295,-1.3026878,-12486656
153,152,154,167,"null","null","null",8,3.0693574,2.3134437,-1.4749764,3.489027,-0.37198845,-11184866
154,153,155,166,"null","null","null",7,2.3136501,1.6001993,-2.844085,3.120006,-0.5905162,-11184866
155,154,156,165,"null","null","null",6,1.7769283,0.41361105,-3.5088606,2.3745227,-1.198791,-12486656
156,155,157,162,"null","null","null",5,1.0908315,0.54197276,-3.3444967,1.9094259,-2.733913,-11184866
157,156,158,161,"null","null","null",3,0.77797365,0.66192466,-2.660832,0.75470227,-3.684054,-8572416
158,157,159,160,"null","null","null",2,0.67203796,1.2662256,-2.0763717,0.4839719,-3.8140678,-8572416
162,156,163,164,"null","null","null",2,0.8209309,1.6917374,-2.126789,3.5885634,-0.35960123,-16731116
169,151,170,175,"null","null","null",4,10.860743,2.3305564,-2.0763717,0.5624019,-3.4921482,-11184866
170,169,171,174,"null","null","null",3,6.4520073,3.4735022,-1.0892124,0.6459119,-2.907014,-12486656
171,170,172,173,"null","null","null",2,3.5788622,3.8167186,-0.41856796,0.7310486,-2.2381651,-12486656
