index,parent,child1,child2,name1,name2,common,richness,lengthbr,hxmax,hxmin,hymax,hymin,color
0,-268300261,1,62,"null","null","null",46,17.286291,2.29608,-2.023676,0.5042372,-3.48668,-16731116
1,0,2,49,"","null","Vireos",31,15.570463,3.3252766,-0.8530623,0.65274775,-2.8752608,-16731116
2,1,3,42,"null","null","null",24,12.362802,3.528639,-0.44105512,1.8644047,-2.2438111,-16731116
3,2,4,29,"null","null","null",20,12.215025,3.0229437,-0.6278832,3.0686388,-1.1166797,-16731116
4,3,5,28,"null","null","null",13,9.526176,2.3134403,-1.5047891,3.48903,-0.37199056,-16731116
5,4,6,23,"null","null","null",12,9.526176,1.4333814,-2.882833,3.1200042,-0.59051764,-16731116
6,5,7,22,"null","null","null",9,8.189365,0.4135989,-3.559222,2.3745215,-1.1988084,-16731116
7,6,8,15,"null","null","null",8,5.7576275,0.5419747,-3.4099584,1.7306662,-2.7339268,-16731116
8,7,9,12,"null","null","null",4,3.4603305,0.66192496,-2.7459316,0.49050635,-3.6840599,-16731116
9,8,10,11,"null","null","null",2,2.333202,1.2662454,-2.0763643,0.48397422,-3.814066,-16731116
12,8,13,14,"null","null","null",2,2.233706,0.84491944,-3.5245032,2.3807092,-0.39556205,-16731116
15,7,16,21,"null","null","null",4,2.3628194,1.6917281,-2.9612648,3.1863742,-0.35959655,-16731116
16,15,17,20,"null","null","null",3,1.8709301,0.5272817,-3.7671363,2.4522867,-0.665,-16731116
17,16,18,19,"null","null","null",2,1.2332361,0.5235968,-3.7564573,1.9383985,-1.6186471,-16731116
23,5,24,27,"null","null","null",3,7.4226832,3.065712,-0.2891289,3.1667423,-1.4052806,-16731116
24,23,25,26,"null","null","null",2,2.9754221,2.3408208,-0.6580918,3.7190452,-0.34808022,-16731116
29,3,30,39,"null","null","null",7,7.3269634,3.2514277,-0.92879295,0.3309561,-2.9070082,-12486656
30,29,31,38,"null","null","null",5,7.3269634,3.5280137,-0.4185698,1.9147029,-2.238161,-16731116
31,30,32,37,"null","null","null",4,7.0737877,3.065712,-0.6167603,3.2309766,-1.4052806,-16731116
32,31,33,36,"null","null","null",3,5.5899086,2.3408208,-0.85625637,3.8025498,-0.34808022,-12486656
33,32,34,35,"null","null","null",2,4.685055,1.6917281,-2.1268067,3.5885556,-0.5755012,-16731116
39,29,40,41,"null","null","null",2,2.1433964,0.35782874,-2.7162147,0.90259826,-3.23998,-11184866
42,2,43,48,"null","null","null",4,8.565471,2.3305678,-2.076367,0.5623988,-3.4921455,-16731116
43,42,44,47,"null","null","null",3,4.1924047,3.4735096,-1.0892038,0.6459124,-2.9070082,-16731116
44,43,45,46,"null","null","null",2,2.663795,3.8167202,-0.4185698,0.73106515,-2.238161,-16731116
49,1,50,57,"null","null","null",7,8.857919,0.45200062,-2.8537698,0.8857573,-3.482712,-16731116
50,49,51,54,"null","null","null",4,6.7284355,1.9703064,-2.216556,0.48397338,-3.5523171,-16731116
51,50,52,53,"null","null","null",2,4.833606,3.0051699,-1.0892038,0.6459124,-2.9852314,-16731116
54,50,55,56,"null","null","null",2,2.5888138,0.48358452,-3.7564592,1.9384005,-1.6186413,-16731116
57,49,58,61,"null","null","null",3,3.072832,0.8449204,-3.767136,2.4522898,-0.39556158,-16731116
58,57,59,60,"null","null","null",2,2.3947566,0.52359635,-3.7564592,1.9384005,-1.6186413,-16731116
62,0,63,82,"","null","Greenlets",15,15.462456,0.44286364,-3.4929109,1.7306687,-2.5434372,-16731116
63,62,64,75,"null","null","null",10,15.3670635,0.6896925,-2.8537698,0.6447718,-3.4364262,-16731116
64,63,65,72,"null","null","null",6,9.795362,2.279306,-2.216556,0.48397338,-3.4921455,-16731116
65,64,66,71,"null","null","null",4,7.583204,3.4068692,-1.0892038,0.6459124,-2.9070082,-16731116
66,65,67,70,"null","null","null",3,4.8924203,3.7300878,-0.4185698,1.4251086,-2.238161,-16731116
67,66,68,69,"null","null","null",2,2.9943295,3.3284082,-0.6167603,2.5945039,-1.4052806,-16731116
72,64,73,74,"null","null","null",2,2.5781195,0.48358452,-3.7564592,1.9384005,-1.6186413,-16731116
75,63,76,79,"null","null","null",4,8.434002,0.8449204,-3.767136,2.7277997,-0.39556158,-16731116
76,75,77,78,"null","null","null",2,2.9525917,0.52359635,-3.7564592,1.9384005,-1.6186413,-16731116
79,75,80,81,"null","null","null",2,3.0787222,2.3612084,-0.41842097,3.6646888,-0.7950951,-16731116
82,62,83,88,"null","null","null",5,10.891371,1.6749367,-2.9612634,3.1863751,-0.35959762,-16731116
83,82,84,87,"null","null","null",3,5.836221,0.52728236,-3.7671359,2.4522882,-0.665,-16731116
84,83,85,86,"null","null","null",2,2.8130255,0.5235966,-3.7564578,1.9383993,-1.6186452,-16731116
88,82,89,90,"null","null","null",2,2.9407673,3.4248686,-0.27500087,2.4441597,-1.5045813,-16731116
