index,parent,child1,child2,name1,name2,common,richness,lengthbr,hxmax,hxmin,hymax,hymin,color
0,-268435452,1,138,"CHARADRIIFORMES","null","Waders, Gulls, Sandpipers and more",369,67.85233,3.5213118,-0.5234846,2.2960713,-1.9536116,-16731116
1,0,2,78,"null","null","null",270,63.38287,2.920283,-0.65274733,3.3252718,-0.8149822,-16731116
2,1,3,47,"null","null","null",165,60.00831,2.3023362,-1.9639401,3.5286398,-0.44105357,-16731116
3,2,4,14,"","null","Gulls, Terns, Auks and Plovers",149,30.232204,1.192763,-3.1980426,3.022948,-0.62788236,-16731116
4,3,5,13,"null","null","null",132,28.124197,0.3719885,-3.6572638,2.3134432,-1.5047749,-16731116
5,4,6,-268411904,"null","null","null",131,25.42967,0.5905163,-3.338713,1.4907149,-2.882822,-16731116
6,5,7,-268409856,"Laridae","null","Gulls and terns",100,22.450237,1.0522677,-2.6588416,0.38599873,-3.559217,-16731116
7,6,-268412928,8,"null","null","null",55,20.31845,2.5434306,-1.7062024,0.54197323,-3.4099584,-16731116
8,7,9,12,"","null","Skimmers",3,8.320929,0.3596002,-3.1313152,1.6917346,-2.7746136,-12486656
9,8,10,11,"null","null","null",2,3.2563624,0.665,-2.38071,0.5272892,-3.5244975,-12486656
14,3,15,44,"Glareolidae","null","Coursers and pratincoles",17,27.684238,3.0781798,-0.3309549,3.251421,-0.9287939,-16731116
15,14,16,41,"","null","Auklets and Puffins",15,24.210297,2.4606805,-1.7531171,3.5280128,-0.41856802,-16731116
16,15,17,32,"null","null","null",13,23.179066,1.2264682,-3.0209234,3.0657153,-0.6167593,-16731116
17,16,18,31,"null","null","null",8,10.546152,0.34807813,-3.5294895,2.340823,-1.3385665,-16731116
18,17,19,30,"null","null","null",7,6.656701,0.5754999,-3.233583,1.6917357,-2.7538173,-16731116
19,18,20,29,"null","null","null",6,4.4130287,1.044382,-2.513658,0.5272909,-3.497464,-16731116
20,19,21,26,"null","null","null",5,2.2438421,2.6072772,-2.0181746,0.5235952,-3.40589,-16731116
21,20,22,25,"null","null","null",3,1.579108,3.6250966,-0.8675283,0.658092,-2.752133,-16731116
22,21,23,24,"null","null","null",2,0.65618855,3.8261666,-0.4628839,1.0880115,-2.136559,-16731116
26,20,27,28,"null","null","null",2,1.8347101,0.40148264,-3.6551406,1.7788414,-1.9610381,-12486656
32,16,33,38,"null","null","null",5,11.784289,2.969978,-0.3171605,3.3591151,-1.012213,-16731116
33,32,34,37,"null","null","null",3,4.9782486,2.279179,-1.2371163,3.7661512,-0.39551604,-16731116
34,33,35,36,"null","null","null",2,2.593698,1.5045912,-2.444144,3.4248781,-0.6042875,-16731116
38,32,39,40,"null","null","null",2,2.9777496,3.126793,-0.9791815,0.3445285,-2.8544235,-16731116
41,15,42,43,"null","null","null",2,5.8803267,3.826167,-0.6001848,1.0880048,-2.136561,-16731116
44,14,45,46,"null","null","null",2,5.3857036,3.2399716,-0.9025996,0.3578277,-2.7162256,-11184866
47,2,48,77,"Turnicidae","null","Buttonquails",16,42.046577,3.6238143,-0.56240183,2.2575479,-2.0763712,-16731116
48,47,49,72,"null","null","null",15,31.102749,3.0781798,-0.6459119,3.378591,-0.8866605,-16731116
49,48,50,69,"null","null","null",12,22.578876,2.4606805,-1.7065685,3.6933336,-0.41856802,-16731116
50,49,51,62,"null","null","null",10,22.578876,1.2264682,-2.96041,3.280632,-0.6167593,-16731116
51,50,52,57,"null","null","null",6,16.029745,0.34807813,-3.4508224,2.6202145,-1.354562,-12486656
52,51,53,56,"null","null","null",3,15.113643,0.5754999,-3.1313155,1.6917357,-2.7746112,-12486656
53,52,54,55,"null","null","null",2,6.6094685,0.665,-2.3807101,0.5272909,-3.524496,-16731116
57,51,58,61,"null","null","null",3,11.629437,2.2791789,-1.237118,3.766151,-0.7052618,-16731116
58,57,59,60,"null","null","null",2,4.7849917,1.5045903,-2.4441457,3.4248772,-0.6042876,-12486656
62,50,63,66,"null","null","null",4,11.689122,2.969978,-0.3171605,3.3814673,-1.012213,-16731116
63,62,64,65,"null","null","null",2,6.1659827,2.279179,-0.6459123,3.795209,-0.39551604,-16731116
66,62,67,68,"null","null","null",2,2.9208612,3.126793,-0.9791815,0.3445285,-2.8544235,-16731116
69,49,70,71,"null","null","null",2,6.691936,3.826167,-0.6001848,1.0880048,-2.136561,-11184866
72,48,73,76,"null","null","null",3,8.174175,3.6250954,-0.9025996,0.3578277,-2.7521353,-16731116
73,72,74,75,"null","null","null",2,4.159356,3.826167,-0.46288335,1.0880048,-2.136561,-16731116
78,1,79,107,"","null","Sandpipers, Jacanas, Seedsnipes and more",105,58.76282,3.4888222,-0.88575864,0.6729524,-2.768077,-16731116
79,78,80,90,"Scolopacidae","null","Sandpipers and more",89,44.005653,3.5602663,-0.48397207,2.2575479,-2.1014695,-16731116
80,79,-268413952,81,"null","null","null",80,39.675896,2.9955673,-0.6459119,3.378591,-0.8866605,-16731116
81,80,82,89,"null","null","null",5,32.527454,3.38702,-0.9025996,0.56950295,-2.7521353,-16731116
82,81,83,88,"","null","Godwits",4,15.419206,3.5166693,-0.46288335,2.1815689,-2.136561,-16731116
83,82,84,87,"null","null","null",3,12.356893,2.9699788,-0.6376126,3.3814664,-1.1971906,-16731116
84,83,85,86,"null","null","null",2,8.986042,2.2791796,-0.6459123,3.7952087,-0.39551586,-16731116
90,79,91,106,"null","null","null",9,29.59572,2.42414,-1.9384066,0.48358738,-3.497502,-12486656
91,90,92,101,"","null","Curlews",8,17.388592,3.38702,-0.645716,0.6580919,-2.8712287,-12486656
92,91,93,100,"null","null","null",5,9.145918,3.5166693,-0.46288335,2.164375,-2.136561,-12486656
93,92,94,99,"null","null","null",4,5.8451076,2.9699788,-0.6376126,3.3591144,-1.1971906,-12486656
94,93,95,98,"null","null","null",3,5.3834677,2.2791796,-1.2371151,3.7661512,-0.39551586,-12486656
95,94,96,97,"null","null","null",2,0.19892775,1.5045918,-2.4441433,3.4248786,-0.60428745,-16731116
101,91,102,105,"null","null","null",3,8.882748,0.38339424,-2.5607553,0.86650753,-3.7314625,-11184866
102,101,103,104,"null","null","null",2,3.749371,1.44333,-2.0102336,0.5042357,-3.7908027,-11184866
107,78,108,129,"null","null","null",16,51.01863,0.9035067,-2.6208682,0.8449218,-3.5743213,-16731116
108,107,109,124,"null","null","null",11,47.07142,2.42414,-1.799394,0.523595,-3.5058053,-16731116
109,108,110,119,"Jacanidae","null","Jacanas",8,38.203426,3.38702,-0.645716,0.6580919,-2.8820229,-16731116
110,109,111,116,"null","null","null",5,30.365894,3.5166693,-0.46288335,2.1815689,-2.3054144,-16731116
111,110,112,115,"null","null","null",3,27.506361,2.9699788,-0.6376126,3.3814664,-1.1971906,-16731116
112,111,113,114,"null","null","null",2,20.374073,2.2791796,-0.6459123,3.7952087,-0.39551586,-16731116
116,110,117,118,"null","null","null",2,10.475276,1.44333,-2.0102336,0.52348524,-3.7908027,-16731116
119,109,120,123,"null","null","null",3,19.925755,0.38339424,-2.5607553,0.86650753,-3.7314625,-16731116
120,119,121,122,"null","null","null",2,1.3607938,1.44333,-2.0102336,0.5042357,-3.7908027,-16731116
124,108,125,128,"Rostratulidae","null","Painted-snipes",3,33.80535,0.4014834,-3.1628807,1.7788435,-2.6272578,-12486656
125,124,126,127,"null","null","null",2,16.497812,0.66423035,-2.4198995,0.64114004,-3.4392164,-12486656
129,107,130,137,"null","null","null",5,41.75506,0.795097,-3.4240856,2.3612094,-1.1773167,-16731116
130,129,131,134,"Thinocoridae","null","Seedsnipes",4,29.913937,0.55929744,-3.1628804,1.7948642,-2.627258,-16731116
131,130,132,133,"null","null","null",2,0.42617723,0.66423047,-2.4198992,0.6411398,-3.4392166,-16731116
134,130,135,136,"null","null","null",2,4.518555,1.6001984,-2.2880404,3.5117066,-0.31738454,-16731116
138,0,139,152,"","null","Waders and more",99,60.53762,2.5434296,-1.8248668,0.44286627,-3.3352551,-16731116
139,138,140,151,"null","null","null",87,56.2263,3.4364238,-0.7547017,0.6619247,-2.648818,-16731116
140,139,141,144,"null","null","null",86,48.06921,3.4921482,-0.48397207,2.2359977,-2.0607538,-16731116
141,140,142,-268408832,"null","null","null",82,44.98316,2.907014,-0.6459119,3.3505754,-0.8933906,-16731116
142,141,-268410880,143,"Charadriidae","null","Dotterels, other Plovers and more",61,39.567978,2.238165,-1.8036242,3.6569133,-0.41856802,-16731116
144,140,145,150,"Charadriidae","null","Plovers",4,9.936799,2.6072748,-1.9384066,0.48358738,-3.405892,-16731116
145,144,146,149,"null","null","null",3,6.0211363,3.6250954,-0.86753124,0.6580919,-2.7521353,-16731116
146,145,147,148,"null","null","null",2,3.614763,3.826167,-0.46288335,1.0880048,-2.136561,-16731116
152,138,153,170,"null","null","null",12,53.90867,0.3596006,-3.3983083,1.5297172,-2.7538173,-16731116
153,152,154,167,"Burhinidae","null","Thick-knees",9,42.92166,0.90350735,-2.7278008,0.33849376,-3.4974644,-16731116
154,153,155,164,"null","null","null",7,34.679955,2.4241405,-2.018176,0.52359504,-3.4058914,-16731116
155,154,156,163,"null","null","null",5,20.380049,3.38702,-0.8675306,0.658092,-2.7521348,-16731116
156,155,157,162,"null","null","null",4,14.24862,3.516669,-0.46288353,2.1815703,-2.1365604,-16731116
157,156,158,161,"null","null","null",3,13.058353,2.969978,-0.63761264,3.3814673,-1.1971898,-16731116
158,157,159,160,"null","null","null",2,5.0948963,2.279179,-0.6459123,3.795209,-0.39551604,-16731116
164,154,165,166,"null","null","null",2,1.929424,0.40148306,-3.6551414,1.7788428,-1.9610348,-16731116
167,153,168,169,"null","null","null",2,13.927838,0.7950969,-3.6646845,2.3612094,-0.41842023,-16731116
170,152,171,174,"Chionidae","null","Sheathbills and more",3,21.24152,1.5045896,-3.044881,3.0981104,-0.27500075,-16731116
171,170,172,173,"null","null","null",2,3.3079464,0.32387954,-3.6646843,2.3612094,-0.6619248,-16731116
