index,parent,child1,child2,name1,name2,common,richness,lengthbr,hxmax,hxmin,hymax,hymin,color
0,-268391419,1,196,"null","null","null",185,31.206564,3.620638,-0.6001812,2.103642,-2.2078693,-16731116
1,0,2,162,"","null","Sunbirds and Flowerpeckers",172,30.464388,3.105135,-0.6376134,3.2801526,-1.0214667,-16731116
2,1,3,131,"Nectariniidae","null","Sunbirds",116,25.7039,2.454886,-1.6652263,3.6634912,-0.39551812,-16731116
3,2,4,96,"null","null","null",100,18.4629,1.3808081,-3.000678,3.2914152,-0.6042888,-16731116
4,3,5,-268369920,"null","null","null",82,17.82162,0.32388172,-3.607211,2.6125076,-1.2190355,-16731116
5,4,6,67,"null","null","null",46,16.122314,0.5592991,-3.4009368,1.746489,-2.6814845,-16731116
6,5,7,40,"null","null","null",31,15.358249,0.82468283,-2.7293725,0.51714545,-3.5096998,-16731116
7,6,8,31,"null","null","null",17,11.897768,2.3908284,-1.9577075,0.50423795,-3.5025015,-16731116
8,7,9,30,"null","null","null",12,10.5916195,3.448445,-0.9791683,0.652748,-2.8958278,-16731116
9,8,10,25,"null","null","null",11,9.671679,3.6887543,-0.441056,1.8644108,-2.2705498,-16731116
10,9,11,20,"null","null","null",8,7.9959154,3.2310922,-0.62788355,3.068643,-1.116675,-16731116
11,10,12,17,"null","null","null",5,7.995915,2.5840344,-1.5287814,3.4890313,-0.37199152,-16731116
12,11,13,16,"null","null","null",3,4.9203343,1.6001859,-2.914019,3.1200035,-0.59051824,-16731116
13,12,14,15,"null","null","null",2,3.675412,0.4135942,-3.5997598,2.3745208,-0.6642302,-16731116
17,11,18,19,"null","null","null",2,3.2635531,3.816721,-0.6717514,0.7310724,-2.2381592,-16731116
20,10,21,24,"null","null","null",3,6.292407,3.4735134,-1.0891994,0.33095664,-2.9070053,-16731116
21,20,22,23,"null","null","null",2,2.0330653,3.816721,-0.41857076,0.7310724,-2.2381592,-16731116
25,9,26,29,"null","null","null",3,4.527114,1.9703138,-2.0763643,0.56239724,-3.5523138,-16731116
26,25,27,28,"null","null","null",2,3.1638136,3.005175,-1.0891994,0.64591277,-2.9852262,-16731116
31,7,32,37,"null","null","null",5,7.2684546,0.44286197,-3.344489,1.9094133,-2.7339268,-16731116
32,31,33,36,"null","null","null",3,1.9311482,0.66192496,-2.6608212,0.7546901,-3.6840599,-16731116
33,32,34,35,"null","null","null",2,1.9311482,1.2662454,-2.0763643,0.48397422,-3.814066,-16731116
37,31,38,39,"null","null","null",2,2.7388668,1.6917281,-2.1268067,3.5885556,-0.35959655,-16731116
40,6,41,56,"null","null","null",14,13.651816,0.8210844,-3.57267,2.6047633,-1.0522804,-16731116
41,40,42,55,"null","null","null",8,11.638672,0.5419747,-3.4274406,1.8611665,-2.5434403,-16731116
42,41,43,52,"null","null","null",7,8.3532915,0.72913146,-2.7686582,0.49050635,-3.4364276,-16731116
43,42,44,49,"null","null","null",5,6.331621,2.330574,-2.2165523,0.48397422,-3.492144,-16731116
44,43,45,48,"null","null","null",3,2.7114503,3.4735134,-1.0891994,0.64591277,-2.9070053,-16731116
45,44,46,47,"null","null","null",2,2.606357,3.816721,-0.41857076,0.7310724,-2.2381592,-16731116
49,43,50,51,"null","null","null",2,1.175951,0.48358285,-3.7564573,1.9383985,-1.6186471,-16731116
52,42,53,54,"null","null","null",2,2.509814,0.84491944,-3.5245032,2.3807092,-0.39556205,-16731116
56,40,57,64,"null","null","null",6,6.5136437,2.6331253,-1.4981474,3.4931793,-0.7670516,-16731116
57,56,58,63,"null","null","null",4,2.3238115,1.6917281,-2.9612648,3.1863742,-0.5755012,-16731116
58,57,59,62,"null","null","null",3,1.5692174,0.5272817,-3.7671363,2.4522867,-0.665,-16731116
59,58,60,61,"null","null","null",2,1.5692174,0.5235968,-3.7564573,1.9383985,-1.6186471,-12486656
64,56,65,66,"null","null","null",2,1.816105,3.795211,-0.705259,0.5537361,-2.2791758,-16731116
67,5,68,83,"null","null","null",15,15.467309,1.4333814,-2.8440938,3.4028811,-0.31738016,-16731116
68,67,69,78,"null","null","null",8,14.661045,0.29949006,-3.508861,2.7422612,-1.1988084,-16731116
69,68,70,75,"null","null","null",5,13.539049,0.5419747,-3.344489,1.9094133,-2.7339268,-16731116
70,69,71,74,"null","null","null",3,8.646205,0.66192496,-2.6608212,0.7546901,-3.6840599,-16731116
71,70,72,73,"null","null","null",2,8.131452,1.2662454,-2.0763643,0.48397422,-3.814066,-16731116
75,69,76,77,"null","null","null",2,4.1031127,1.6917281,-2.1268067,3.5885556,-0.35959655,-16731116
78,68,79,82,"null","null","null",3,9.112703,2.3408208,-0.85625637,3.8025498,-0.7670516,-16731116
79,78,80,81,"null","null","null",2,2.8684015,1.6917281,-2.1268067,3.5885556,-0.5755012,-12486656
83,67,84,95,"null","null","null",7,12.343301,3.065712,-0.2891289,3.1184032,-1.4052806,-16731116
84,83,85,94,"null","null","null",6,11.831697,2.3408208,-1.4981474,3.6562042,-0.34808022,-16731116
85,84,86,93,"null","null","null",5,8.795413,1.6917281,-2.9612648,3.3983066,-0.5755012,-16731116
86,85,87,90,"null","null","null",4,7.915596,0.3384865,-3.7671363,2.727799,-0.665,-16731116
87,86,88,89,"null","null","null",2,2.8238122,0.5235968,-3.7564573,1.9383985,-1.6186471,-16731116
90,86,91,92,"null","null","null",2,2.673923,2.3612075,-0.41842124,3.6646893,-0.7950944,-16731116
96,3,97,128,"null","null","null",18,17.621393,3.132392,-0.303201,3.236022,-1.1514455,-16731116
97,96,98,115,"null","null","null",16,16.533703,2.4557228,-1.4436026,3.7066278,-0.37199056,-16731116
98,97,99,112,"null","null","null",9,14.411503,1.5501353,-2.8032904,3.4028811,-0.59051764,-16731116
99,98,100,107,"null","null","null",7,10.39406,0.29949006,-3.4558165,2.7422612,-0.9977443,-16731116
100,99,101,104,"null","null","null",4,9.936848,0.5419747,-3.2755313,1.9094133,-2.4725435,-16731116
101,100,102,103,"null","null","null",2,3.7053483,0.66192496,-2.571176,0.7546901,-3.3442616,-16731116
104,100,105,106,"null","null","null",2,3.9218464,1.6917281,-2.1268067,3.5885556,-0.35959655,-12486656
107,99,108,111,"null","null","null",3,5.339711,2.3408208,-0.85625637,3.8025498,-0.7670516,-16731116
108,107,109,110,"null","null","null",2,2.7732916,1.6917281,-2.1268067,3.5885556,-0.5755012,-16731116
112,98,113,114,"null","null","null",2,4.285575,3.3284082,-0.2891289,2.5945039,-1.4052806,-12486656
115,97,116,123,"null","null","null",7,11.143183,3.5280137,-0.67175275,1.9147029,-2.3703609,-16731116
116,115,117,122,"null","null","null",4,7.1879287,3.065712,-0.6167603,3.2309766,-1.4052806,-16731116
117,116,118,121,"null","null","null",3,4.971538,2.3408208,-0.85625637,3.8025498,-0.34808022,-16731116
118,117,119,120,"null","null","null",2,2.7693596,1.6917281,-2.1268067,3.5885556,-0.5755012,-16731116
123,115,124,127,"null","null","null",3,7.218718,1.7924187,-2.1365566,0.6001816,-3.622961,-16731116
124,123,125,126,"null","null","null",2,4.071534,2.8755634,-1.1971815,0.6376133,-3.1081553,-16731116
128,96,129,130,"null","null","null",2,3.8734384,3.0051699,-1.0892038,0.3309561,-2.9852314,-16731116
131,2,132,161,"null","null","null",16,20.468964,3.665972,-0.63668066,1.9801664,-2.1905584,-16731116
132,131,133,150,"null","null","null",15,17.884678,3.2014766,-0.6278832,3.219129,-1.1927527,-16731116
133,132,134,145,"null","null","null",9,13.682976,2.5455332,-1.6418939,3.684667,-0.37199056,-16731116
134,133,135,142,"null","null","null",6,9.690745,1.5501353,-3.061069,3.3743324,-0.59051764,-16731116
135,134,136,139,"null","null","null",4,5.995966,0.29949006,-3.7909286,2.705148,-0.66423035,-16731116
136,135,137,138,"null","null","null",2,2.089234,0.5419747,-3.7111769,1.8611665,-1.7914414,-16731116
139,135,140,141,"null","null","null",2,1.974739,2.3408208,-0.4290239,3.7190452,-0.7670516,-16731116
142,134,143,144,"null","null","null",2,2.9814024,3.3284082,-0.2891289,2.5945039,-1.4052806,-16731116
145,133,146,149,"null","null","null",3,6.8465786,3.7300878,-0.67175275,1.4251086,-2.238161,-16731116
146,145,147,148,"null","null","null",2,3.3683937,3.3284082,-0.6167603,2.5945039,-1.4052806,-16731116
150,132,151,160,"null","null","null",6,10.373946,3.2514277,-1.0892038,0.3309561,-3.0781724,-16731116
151,150,152,157,"null","null","null",5,9.616852,3.5280137,-0.4185698,1.8652921,-2.4606745,-16731116
152,151,153,156,"null","null","null",3,4.60274,3.065712,-0.6167603,3.1667423,-1.4052806,-16731116
153,152,154,155,"null","null","null",2,3.4258537,2.3408208,-0.6580918,3.7190452,-0.34808022,-16731116
157,151,158,159,"null","null","null",2,4.1698437,1.0880196,-2.1365566,0.6001816,-3.8261666,-16731116
162,1,163,175,"null","null","null",56,28.192245,3.448443,-0.91696227,0.38394833,-2.8752608,-16731116
163,162,-268370944,164,"Dicaeidae","null","Flowerpeckers",45,21.019924,3.6887553,-0.44105512,1.993161,-2.2438111,-16731116
164,163,165,174,"null","null","null",6,19.655687,2.279306,-2.076367,0.5623988,-3.4921455,-16731116
165,164,166,171,"null","null","null",5,14.4521675,3.4068692,-0.8706895,0.6459124,-2.9070082,-16731116
166,165,167,170,"null","null","null",3,7.758378,3.7300878,-0.4185698,1.4251086,-2.238161,-16731116
167,166,168,169,"null","null","null",2,4.7196426,3.3284082,-0.6167603,2.5945039,-1.4052806,-16731116
171,165,172,173,"null","null","null",2,12.237943,0.35782874,-2.7162147,0.90259826,-3.23998,-16731116
175,162,176,191,"Nectariniidae","null","Sunbirds",11,24.689486,0.6896925,-2.8537698,0.8857573,-3.4364262,-16731116
176,175,177,186,"null","null","null",8,19.508783,2.279306,-2.0484684,0.48397338,-3.4921455,-16731116
177,176,178,183,"null","null","null",5,16.662756,3.4068692,-0.8706895,0.6459124,-2.9070082,-16731116
178,177,179,182,"null","null","null",3,13.982916,3.7300878,-0.4185698,1.4251086,-2.238161,-16731116
179,178,180,181,"null","null","null",2,5.0060077,3.3284082,-0.6167603,2.5945039,-1.4052806,-16731116
183,177,184,185,"null","null","null",2,4.3618236,0.35782874,-2.7162147,0.90259826,-3.23998,-16731116
186,176,187,190,"null","null","null",3,6.799985,0.48358452,-3.3782616,1.9384005,-2.3110387,-16731116
187,186,188,189,"null","null","null",2,4.303562,0.65809226,-2.7162147,0.8675231,-3.23998,-16731116
191,175,192,195,"null","null","null",3,16.218002,0.8449204,-3.767136,2.4522898,-0.39556158,-16731116
192,191,193,194,"null","null","null",2,4.6110473,0.52359635,-3.7564592,1.9384005,-1.6186413,-16731116
196,0,197,218,"","null","Leafbirds, Fairy-Bluebirds",13,29.674795,2.3908234,-2.120684,0.5234818,-3.5713406,-16731116
197,196,198,215,"Chloropseidae","null","Leafbirds",11,25.435074,3.448443,-0.72746766,0.65274775,-2.9853194,-16731116
198,197,199,212,"null","null","null",9,22.009876,3.6887553,-0.44105512,1.8644047,-2.386887,-16731116
199,198,200,209,"null","null","null",7,18.678673,3.2310948,-0.6278832,3.0686388,-1.1514455,-16731116
200,199,201,206,"null","null","null",5,15.126644,2.5840368,-1.5287743,3.48903,-0.37199056,-16731116
201,200,202,205,"null","null","null",3,10.28496,1.6001897,-2.9140136,3.1200042,-0.59051764,-16731116
202,201,203,204,"null","null","null",2,6.684503,0.4135989,-3.5997567,2.3745215,-0.66423035,-16731116
206,200,207,208,"null","null","null",2,5.51581,3.8167202,-0.67175275,0.73106515,-2.238161,-16731116
209,199,210,211,"null","null","null",2,5.6476617,3.0051699,-1.0892038,0.3309561,-2.9852314,-12486656
212,198,213,214,"null","null","null",2,5.972959,1.2662381,-2.076367,0.5623988,-3.8140666,-16731116
215,197,216,217,"null","null","null",2,6.1895723,0.37080103,-2.571182,0.8857573,-3.3442578,-16731116
218,196,219,220,"Irenidae","null","Fairy-bluebirds",2,10.410436,0.44286364,-3.711179,1.8611686,-1.7914356,-16731116
