index,parent,child1,child2,name1,name2,common,richness,lengthbr,hxmax,hxmin,hymax,hymin,color
0,-268403536,1,48,"null","null","null",31,7.070935,1.4333808,-2.8931787,3.4028807,-0.5905177,-16731116
1,0,2,43,"null","null","null",24,6.5188103,0.29949018,-3.572671,2.742261,-1.0751622,-16731116
2,1,3,40,"null","null","null",21,6.287376,0.54197484,-3.4274416,1.9094126,-2.5731864,-16731116
3,2,4,33,"null","null","null",19,5.3959775,0.661925,-2.7686596,0.5223193,-3.475097,-16731116
4,3,5,30,"null","null","null",15,4.6658807,2.1597397,-2.2165534,0.483974,-3.5424151,-16731116
5,4,6,27,"null","null","null",13,4.2317424,3.25143,-0.8706852,0.64591265,-2.9723577,-16731116
6,5,7,18,"null","null","null",11,3.8436246,3.5280137,-0.41857052,1.706587,-2.3231168,-16731116
7,6,8,17,"null","null","null",6,3.3580904,3.0657108,-0.6167606,2.960423,-1.4052775,-16731116
8,7,9,16,"null","null","null",5,3.278889,2.3408198,-1.3545825,3.4508271,-0.34808096,-16731116
9,8,10,13,"null","null","null",4,3.0364122,1.6749322,-2.7746282,3.1313143,-0.5755017,-16731116
10,9,11,12,"null","null","null",2,1.9437599,0.5272785,-3.5245056,2.3807092,-0.665,-16731116
13,9,14,15,"null","null","null",2,1.4105248,3.4248662,-0.27500144,2.4441638,-1.5045791,-12486656
18,6,19,24,"null","null","null",5,2.9144497,2.1815863,-2.3054051,0.6001805,-3.5166664,-16731116
19,18,20,23,"null","null","null",3,1.8364418,3.3814778,-1.1971784,0.6376136,-2.9699712,-16731116
20,19,21,22,"null","null","null",2,0.745356,3.7952118,-0.3955186,0.6459114,-2.2791743,-16731116
24,18,25,26,"null","null","null",2,1.4604719,0.52348095,-3.7907996,2.0102258,-1.4433501,-16731116
27,5,28,29,"null","null","null",2,0.48759013,0.35782912,-2.7162104,0.9025978,-3.239983,-16731116
30,4,31,32,"null","null","null",2,1.5131118,0.48358327,-3.756458,1.9383984,-1.6186465,-16731116
33,3,34,39,"null","null","null",4,4.794304,0.8449197,-3.4762144,2.4522865,-0.816515,-16731116
34,33,35,38,"null","null","null",3,4.1532326,0.5235969,-3.3782585,1.9383984,-2.3110435,-16731116
35,34,36,37,"null","null","null",2,3.9244707,0.65809244,-2.7162104,0.8675197,-3.239983,-16731116
40,2,41,42,"null","null","null",2,4.7564507,1.6917262,-2.1268098,3.5885544,-0.35959634,-16731116
43,1,44,47,"null","null","null",3,4.719912,2.3408206,-0.85626006,3.8025498,-0.76705146,-16731116
44,43,45,46,"null","null","null",2,2.9568386,1.6917262,-2.1268098,3.5885544,-0.57550156,-16731116
48,0,49,56,"null","null","null",7,3.8626509,3.0657115,-0.28912896,2.960422,-1.2264566,-16731116
49,48,50,55,"null","null","null",4,2.7760618,2.3408206,-1.3545806,3.4508271,-0.34808072,-16731116
50,49,51,54,"null","null","null",3,1.8320816,1.6917262,-2.7746265,3.1313148,-0.57550156,-16731116
51,50,52,53,"null","null","null",2,0.45109412,0.5272789,-3.524505,2.3807096,-0.665,-16731116
56,48,57,60,"null","null","null",3,3.6405284,3.381478,-1.1971774,0.31716195,-2.9699717,-16731116
57,56,58,59,"null","null","null",2,1.4881103,3.7952118,-0.3955187,0.6459114,-2.2791748,-16731116
