index,parent,child1,child2,name1,name2,common,richness,lengthbr,hxmax,hxmin,hymax,hymin,color
0,-268431354,1,90,"null","null","null",54,18.320583,3.624933,-0.4628839,2.1293209,-2.2078745,-16731116
1,0,2,83,"null","null","null",45,18.320583,3.1107204,-0.6376129,3.3135407,-1.0032667,-16731116
2,1,3,78,"null","null","null",41,17.091852,2.4621453,-1.6470346,3.7069013,-0.3955168,-16731116
3,2,4,71,"null","null","null",38,16.859087,1.3321702,-2.9770339,3.3478513,-0.6042881,-16731116
4,3,5,66,"null","null","null",34,13.002569,0.32388037,-3.5764797,2.685873,-1.2503595,-16731116
5,4,6,47,"null","null","null",31,12.843212,0.55929816,-3.36099,1.7338059,-2.7222104,-16731116
6,5,7,40,"null","null","null",21,11.596744,0.82467246,-2.6774416,0.41482127,-3.5626497,-16731116
7,6,8,29,"null","null","null",17,9.267948,2.3908195,-1.957715,0.5042366,-3.5713425,-16731116
8,7,9,28,"null","null","null",11,6.6509614,3.448441,-0.97917616,0.6527476,-2.9853225,-16731116
9,8,10,25,"null","null","null",10,6.6509614,3.688756,-0.44105446,1.8643999,-2.3868895,-16731116
10,9,11,20,"null","null","null",8,5.1789713,3.231097,-0.6278829,3.068636,-1.116683,-12486656
11,10,12,17,"null","null","null",5,3.0545478,2.5840385,-1.5287691,3.4890292,-0.37198985,-16731116
12,11,13,16,"null","null","null",3,2.380579,1.6001925,-2.9140096,3.1200047,-0.59051716,-16731116
13,12,14,15,"null","null","null",2,0.828391,0.4136023,-3.5997548,2.3745217,-0.66423035,-16731116
17,11,18,19,"null","null","null",2,1.51127,3.81672,-0.67175376,0.73105973,-2.2381623,-12486656
20,10,21,24,"null","null","null",3,2.1181421,3.4735074,-1.0892072,0.33095568,-2.90701,-12486656
21,20,22,23,"null","null","null",2,1.4937181,3.81672,-0.41856912,0.73105973,-2.2381623,-16731116
25,9,26,27,"null","null","null",2,2.0667849,1.2662327,-2.076369,0.5624,-3.8140671,-16731116
29,7,30,35,"null","null","null",6,5.2357984,0.4428649,-3.3444939,1.7061999,-2.7339191,-16731116
30,29,31,34,"null","null","null",3,2.8444185,0.66192484,-2.660828,0.7546976,-3.6840558,-16731116
31,30,32,33,"null","null","null",2,1.7623723,1.2662327,-2.076369,0.48397276,-3.8140671,-16731116
35,29,36,39,"null","null","null",3,3.5261898,1.6917316,-2.774618,3.1313152,-0.35959888,-16731116
36,35,37,38,"null","null","null",2,1.6110901,0.5272858,-3.5244997,2.38071,-0.665,-16731116
40,6,41,46,"null","null","null",4,10.160151,0.82108617,-3.4558194,2.3745224,-0.9977333,-16731116
41,40,42,45,"","null","Blue pigeons",3,5.53983,0.54197377,-3.275539,1.861171,-2.4725335,-16731116
42,41,43,44,"null","null","null",2,2.4727929,0.66192484,-2.5711865,0.7546976,-3.3442545,-16731116
47,5,48,59,"null","null","null",10,8.985624,1.4333854,-2.8032877,3.374334,-0.3173825,-16731116
48,47,49,56,"null","null","null",6,3.882713,0.29948908,-3.4558175,2.7051497,-0.9977374,-16731116
49,48,50,53,"null","null","null",4,2.1991074,0.541974,-3.2755356,1.9094174,-2.4725375,-16731116
50,49,51,52,"null","null","null",2,0.7551058,0.66192484,-2.571182,0.7546941,-3.3442578,-16731116
53,49,54,55,"null","null","null",2,0.75977975,1.6917303,-2.1268024,3.5885572,-0.35959825,-16731116
56,48,57,58,"null","null","null",2,2.5446496,2.3408217,-0.42902347,3.7190442,-0.76705277,-16731116
59,47,60,63,"null","null","null",4,5.9060364,3.0657134,-0.2891283,3.1667395,-1.2878759,-12486656
60,59,61,62,"null","null","null",2,2.139399,2.3408217,-0.6580919,3.7190442,-0.34807962,-12486656
63,59,64,65,"null","null","null",2,3.5620203,2.8755617,-1.1971824,0.31716132,-3.1081567,-11184866
66,4,67,70,"null","null","null",3,6.8557673,2.3134422,-1.0472604,3.790334,-0.73706865,-16731116
67,66,68,69,"null","null","null",2,4.919022,1.6001931,-2.2880492,3.5117016,-0.59051704,-16731116
71,3,72,77,"null","null","null",4,10.215222,3.0229464,-0.30320022,3.300408,-1.3026825,-16731116
72,71,73,76,"null","null","null",3,6.628688,2.3134422,-1.0472604,3.790334,-0.3719896,-16731116
73,72,74,75,"null","null","null",2,4.0816255,1.6001931,-2.2880492,3.5117016,-0.59051704,-16731116
78,2,79,82,"null","null","null",3,7.179532,3.6822977,-0.6366827,1.6104403,-2.1905606,-16731116
79,78,80,81,"null","null","null",2,3.077057,3.222702,-0.6278828,2.7384892,-1.3026825,-12486656
83,1,84,89,"null","null","null",4,7.2039247,3.4434724,-0.9791769,0.3445289,-2.8343005,-16731116
84,83,85,88,"null","null","null",3,5.0387244,3.6822977,-0.44105422,1.6104403,-2.1905606,-16731116
85,84,86,87,"null","null","null",2,2.5798645,3.222702,-0.6278828,2.7384892,-1.3026825,-16731116
90,0,91,106,"null","null","null",9,18.320585,2.2960746,-2.010231,0.523484,-3.5713432,-16731116
91,90,92,101,"null","null","null",8,18.320585,3.325274,-0.7673135,0.6527475,-2.9853234,-16731116
92,91,93,98,"null","null","null",5,12.132775,3.5286398,-0.44105422,2.02628,-2.3868904,-16731116
93,92,94,97,"null","null","null",3,6.0973897,3.0229464,-0.6278828,3.2790809,-1.3026825,-16731116
94,93,95,96,"null","null","null",2,4.9021883,2.3134422,-0.6527473,3.7626088,-0.3719896,-12486656
98,92,99,100,"null","null","null",2,2.9423187,1.2662337,-2.0763686,0.56240034,-3.8140674,-16731116
101,91,102,105,"null","null","null",3,8.266413,0.37080052,-2.6608276,0.88575804,-3.6840563,-16731116
102,101,103,104,"null","null","null",2,1.3213286,1.2662337,-2.0763686,0.48397285,-3.8140674,-16731116
