index,parent,child1,child2,name1,name2,common,richness,lengthbr,hxmax,hxmin,hymax,hymin,color
0,-268384133,1,88,"null","null","null",55,11.024002,0.66192514,-2.7339134,0.5972367,-3.4750981,-16731116
1,0,2,87,"null","null","null",44,8.417645,2.1597466,-2.0763617,0.48397505,-3.5424125,-16731116
2,1,3,82,"","null","Hemispingus, Mountain-Finches, Tanagers and more",43,8.27085,3.2514338,-0.88664174,0.645913,-2.9723532,-16731116
3,2,4,55,"null","null","null",40,7.834731,3.528014,-0.41857165,1.7531366,-2.3231132,-16731116
4,3,5,30,"null","null","null",26,6.8325877,3.0657086,-0.61676127,3.0209327,-1.2264501,-16731116
5,4,6,29,"null","null","null",13,6.315197,2.3408184,-1.3385899,3.5294843,-0.34808218,-16731116
6,5,7,20,"null","null","null",12,6.1510673,1.5297012,-2.7538333,3.233565,-0.5755025,-16731116
7,6,8,19,"null","null","null",7,4.252262,0.52727246,-3.497467,2.5136354,-0.9519128,-16731116
8,7,9,16,"null","null","null",6,3.2925532,0.5235983,-3.4058807,2.0181575,-2.487055,-16731116
9,8,10,15,"Emberizidae","null","Warbling-finches",4,2.916716,0.6580928,-2.752118,0.8675098,-3.46879,-12486656
10,9,11,14,"null","null","null",3,2.229557,1.7924408,-2.1365492,0.46288753,-3.622953,-12486656
11,10,12,13,"null","null","null",2,0.7863427,2.8755796,-1.1971684,0.63761437,-3.1081407,-12486656
16,8,17,18,"null","null","null",2,2.4965434,1.7788285,-1.9610639,3.655131,-0.40147567,-16731116
20,6,21,26,"null","null","null",5,3.4946651,3.098106,-0.27500218,3.1510973,-1.4209347,-16731116
21,20,22,25,"null","null","null",3,2.070948,2.3612065,-0.66487014,3.8027487,-0.32388347,-16731116
22,21,23,24,"null","null","null",2,1.4681137,1.7788285,-1.9610639,3.655131,-0.5593003,-16731116
26,20,27,28,"Emberizidae","null","Warbling-finches, Reed-finches and more",2,1.8733791,2.7385051,-1.3026711,0.303202,-3.2226896,-16731116
30,4,31,46,"null","null","null",13,6.0481453,3.3079424,-1.0032526,0.3171628,-2.9699686,-16731116
31,30,32,45,"Thraupidae","null","Tanagers",8,4.1909084,3.699611,-0.39551976,1.6061935,-2.2791727,-16731116
32,31,33,44,"null","null","null",7,3.9985926,3.338367,-0.60428977,2.9239287,-1.5045741,-16731116
33,32,34,41,"null","null","null",6,3.7639623,2.673546,-1.3502693,3.5074296,-0.32388347,-16731116
34,33,35,40,"null","null","null",4,2.364716,1.7788285,-2.8520827,3.2712164,-0.5593003,-16731116
35,34,36,39,"null","null","null",3,1.5859178,0.64111984,-3.7314699,2.5607355,-0.66423064,-16731116
36,35,37,38,"null","null","null",2,0.9701378,0.5042394,-3.7907968,2.0102203,-1.443365,-16731116
41,33,42,43,"null","null","null",2,1.1559092,3.762613,-0.7370647,0.43901938,-2.3134382,-16731116
46,30,47,52,"null","null","null",5,4.0339327,0.34453064,-2.834292,0.91696143,-3.443476,-16731116
47,46,48,51,"Thraupidae","null","Tanagers",3,3.8713446,1.6104609,-2.1905546,0.44105673,-3.6822917,-16731116
48,47,49,50,"null","null","null",2,2.6225128,2.7385051,-1.3026711,0.6278839,-3.2226896,-16731116
52,46,53,54,"null","null","null",2,1.212074,0.885756,-3.3442645,2.5711715,-0.37080196,-16731116
55,3,56,71,"null","null","null",14,7.4272494,2.0156658,-2.1562314,0.60017854,-3.516666,-16731116
56,55,57,68,"null","null","null",8,5.566834,3.1657763,-1.0121906,0.637614,-2.9699686,-16731116
57,56,58,67,"null","null","null",6,4.7512608,3.5147948,-0.39551976,1.5568728,-2.2791727,-16731116
58,57,59,66,"null","null","null",5,3.9393258,3.098106,-0.60428977,2.859812,-1.5045741,-16731116
59,58,60,65,"null","null","null",4,3.9393258,2.3612065,-1.1773479,3.424078,-0.32388347,-16731116
60,59,61,64,"null","null","null",3,2.5804803,1.7788285,-2.627285,3.162859,-0.5593003,-16731116
61,60,62,63,"null","null","null",2,1.10825,0.64111984,-3.4392328,2.4198709,-0.66423064,-16731116
68,56,69,70,"Thraupidae","null","Tanagers",2,1.6420221,0.34453064,-2.8544023,0.97916484,-3.126811,-11184866
71,55,72,81,"null","null","null",6,4.556049,0.523479,-3.4551668,2.0102232,-2.3870084,-16731116
72,71,73,78,"Thraupidae","null","Tanagers",5,4.4816656,0.6527482,-2.834292,0.7274575,-3.443476,-16731116
73,72,74,77,"null","null","null",3,1.3896135,1.6104609,-2.1905546,0.44105673,-3.6822917,-16731116
74,73,75,76,"null","null","null",2,0.19861288,2.7385051,-1.3026711,0.6278839,-3.2226896,-16731116
78,72,79,80,"null","null","null",2,0.2206613,0.885756,-3.3442645,2.5711715,-0.37080196,-16731116
82,2,83,86,"Thraupidae","null","Tanagers",3,4.409297,0.3578298,-2.7521214,0.90259707,-3.6251051,-11184866
83,82,84,85,"null","null","null",2,0.87954676,1.0880342,-2.1365514,0.46288663,-3.8261662,-11184866
88,0,89,100,"null","null","null",11,10.35776,0.8449185,-3.497466,2.6208591,-0.9519073,-16731116
89,88,90,97,"null","null","null",6,9.145941,0.5235976,-3.4058828,2.0181618,-2.487051,-16731116
90,89,91,96,"Emberizidae","null","null",4,5.351438,0.6580926,-2.7521214,0.86751455,-3.4687893,-16731116
91,90,92,95,"null","null","null",3,4.3324,1.792433,-2.1365514,0.46288663,-3.6229558,-16731116
92,91,93,94,"null","null","null",2,1.7352942,2.8755739,-1.1971728,0.637614,-3.1081457,-16731116
97,89,98,99,"Thraupidae","null","Tanagers",2,4.6193547,1.7788317,-1.9610568,3.6551337,-0.40147734,-16731116
100,88,101,106,"Emberizidae","null","null",5,4.9844036,2.6735475,-1.1773405,3.4240794,-0.7950933,-16731116
101,100,102,105,"null","null","null",3,2.561973,1.7788317,-2.6272786,3.1628635,-0.5592996,-16731116
102,101,103,104,"null","null","null",2,2.2179143,0.6411245,-3.439229,2.419877,-0.6642306,-16731116
106,100,107,108,"null","null","null",2,1.9808772,3.7626114,-0.73706603,0.439019,-2.3134394,-16731116
