index,parent,child1,child2,name1,name2,common,richness,lengthbr,hxmax,hxmin,hymax,hymin,color
0,-268399609,1,82,"null","null","null",82,2.425426,2.377347,-1.95037,0.50423795,-3.4866781,-16731116
1,0,2,75,"","null","Spinetails",41,2.4254262,3.4309192,-0.7673043,0.652748,-2.875257,-16731116
2,1,3,62,"null","null","null",37,2.4254262,3.6659708,-0.441056,1.938434,-2.2438078,-16731116
3,2,4,43,"null","null","null",30,1.8481514,3.2014735,-0.62788355,3.1648731,-1.116675,-16731116
4,3,5,38,"null","null","null",20,1.6034425,2.54553,-1.4749951,3.6141305,-0.37199152,-16731116
5,4,6,23,"null","null","null",17,1.2981542,1.5333102,-2.8440971,3.2826324,-0.59051824,-16731116
6,5,7,16,"null","null","null",9,0.7911172,0.29949108,-3.508861,2.5859382,-1.1988146,-16731116
7,6,8,13,"null","null","null",5,0.48331538,0.5419755,-3.3444862,1.9094088,-2.7339318,-16731116
8,7,9,12,"null","null","null",3,0.48331538,0.66192514,-2.6608171,0.7546856,-3.684062,-16731116
9,8,10,11,"null","null","null",2,0.48331538,1.2662525,-2.0763617,0.48397505,-3.814065,-16731116
13,7,14,15,"null","null","null",2,0.48331538,1.6917245,-2.1268134,3.5885527,-0.35959482,-16731116
16,6,17,22,"null","null","null",4,0.46390918,2.3408196,-1.3545845,3.4508276,-0.7670504,-16731116
17,16,18,21,"null","null","null",3,0.46390918,1.6917245,-2.7746296,3.1313143,-0.5755019,-16731116
18,17,19,20,"null","null","null",2,0.46390918,0.52727723,-3.5245066,2.3807092,-0.665,-16731116
23,5,24,33,"null","null","null",8,1.2526107,3.2905593,-0.28912947,2.9604242,-1.2264546,-12486656
24,23,25,30,"null","null","null",5,1.1019175,2.6331234,-1.3545845,3.4508276,-0.34808123,-12486656
25,24,26,29,"null","null","null",3,1.1019175,1.6917245,-2.7746296,3.1313143,-0.5755019,-16731116
26,25,27,28,"null","null","null",2,0.619266,0.52727723,-3.5245066,2.3807092,-0.665,-12486656
30,24,31,32,"null","null","null",2,0.50173193,3.7952123,-0.70525765,0.55374324,-2.2791743,-12486656
33,23,34,37,"null","null","null",3,0.49021623,3.3814788,-1.1971772,0.31716225,-2.9699712,-12486656
34,33,35,36,"null","null","null",2,0.49021623,3.7952123,-0.39551884,0.64591134,-2.2791743,-11184866
38,4,39,42,"null","null","null",3,1.6034425,3.7300858,-0.6717514,1.425116,-2.2381592,-16731116
39,38,40,41,"null","null","null",2,1.3649852,3.328404,-0.61676085,2.5945096,-1.4052767,-16731116
43,3,44,57,"null","null","null",10,1.595212,3.2514307,-0.9287926,0.33095664,-2.9070053,-16731116
44,43,45,56,"null","null","null",7,1.3518746,3.5280137,-0.41857076,1.7065886,-2.2381592,-12486656
45,44,46,53,"null","null","null",6,1.1967429,3.0657103,-0.61676085,2.9604242,-1.2878677,-12486656
46,45,47,52,"null","null","null",4,1.110374,2.3408196,-1.3545845,3.4508276,-0.34808123,-12486656
47,46,48,51,"null","null","null",3,0.5214297,1.6917245,-2.7746296,3.1313143,-0.5755019,-16731116
48,47,49,50,"null","null","null",2,0.5214297,0.52727723,-3.5245066,2.3807092,-0.665,-12486656
53,45,54,55,"null","null","null",2,0.42297357,2.8755686,-1.1971772,0.31716225,-3.1081505,-12486656
57,43,58,61,"null","null","null",3,0.9016859,0.35782927,-2.7521253,0.90259767,-3.6251023,-16731116
58,57,59,60,"null","null","null",2,0.3433497,1.0880269,-2.1365538,0.46288577,-3.8261664,-12486656
62,2,63,72,"null","null","null",7,1.8324647,2.1597412,-2.2165523,0.56239724,-3.492144,-16731116
63,62,64,71,"null","null","null",5,1.0526855,3.2514307,-1.0891994,0.64591277,-2.9070053,-16731116
64,63,65,70,"null","null","null",4,0.698864,3.5280137,-0.41857076,1.8652986,-2.2381592,-16731116
65,64,66,69,"null","null","null",3,0.698864,3.0657103,-0.61676085,3.166747,-1.4052767,-16731116
66,65,67,68,"null","null","null",2,0.4766411,2.3408196,-0.65809155,3.7190475,-0.34808123,-16731116
72,62,73,74,"null","null","null",2,1.8324647,0.48358285,-3.7564573,1.9383985,-1.6186471,-16731116
75,1,76,81,"null","null","null",4,2.425426,0.45200825,-2.6608212,0.8857566,-3.482712,-12486656
76,75,77,80,"null","null","null",3,1.8670576,1.9703138,-2.0763643,0.48397422,-3.5523138,-16731116
77,76,78,79,"null","null","null",2,1.4345086,3.005175,-1.0891994,0.64591277,-2.9852262,-16731116
82,0,83,146,"null","null","null",41,2.372974,0.44286197,-3.3279796,1.7306662,-2.5897264,-16731116
83,82,84,145,"null","null","null",32,2.372974,0.67296827,-2.639359,0.7546901,-3.4965997,-16731116
84,83,85,140,"null","null","null",31,2.372974,2.257562,-2.0484633,0.48397422,-3.5703678,-16731116
85,84,86,129,"null","null","null",28,2.372974,3.3785977,-0.8866466,0.64591277,-3.008696,-16731116
86,85,87,122,"","null","Spinetails",22,2.372974,3.6933308,-0.41857076,1.8281144,-2.3703573,-16731116
87,86,88,119,"null","null","null",18,0.75900114,3.2806225,-0.61676085,3.1184077,-1.2878677,-16731116
88,87,89,114,"null","null","null",16,0.5397434,2.6202052,-1.3385844,3.6562061,-0.34808123,-16731116
89,88,90,103,"null","null","null",13,0.5397434,1.6364881,-2.7538295,3.398306,-0.5755019,-16731116
90,89,91,100,"null","null","null",7,0.5397434,0.33848345,-3.497466,2.7277982,-0.9519073,-16731116
91,90,92,99,"null","null","null",5,0.32008505,0.5235976,-3.4058828,1.9383955,-2.487051,-16731116
92,91,93,98,"null","null","null",4,0.32008505,0.6580926,-2.7521214,0.86751455,-3.4687893,-16731116
93,92,94,97,"null","null","null",3,0.32008505,1.792433,-2.1365514,0.46288663,-3.6229558,-12486656
94,93,95,96,"null","null","null",2,0.21102254,2.8755739,-1.1971728,0.637614,-3.1081457,-12486656
100,90,101,102,"null","null","null",2,0.3821613,2.361207,-0.4184217,3.664692,-0.7950933,-16731116
103,89,104,113,"null","null","null",6,0.5397434,3.338369,-0.2750016,2.8598099,-1.5045781,-16731116
104,103,105,110,"null","null","null",5,0.5397434,2.6735475,-1.1773405,3.4240794,-0.32388246,-16731116
105,104,106,109,"null","null","null",3,0.28221467,1.7788317,-2.6272786,3.1628635,-0.5592996,-16731116
106,105,107,108,"null","null","null",2,0.18132958,0.6411245,-3.439229,2.419877,-0.6642306,-16731116
110,104,111,112,"null","null","null",2,0.5397434,3.7626114,-0.73706603,0.439019,-2.3134394,-16731116
114,88,115,118,"null","null","null",3,0.5397434,3.7661464,-0.70525765,1.2371417,-2.2791743,-16731116
115,114,116,117,"null","null","null",2,0.5011067,3.4248652,-0.6042892,2.4441652,-1.5045781,-16731116
119,87,120,121,"null","null","null",2,0.3051572,2.8755686,-1.1971772,0.31716225,-3.1081505,-16731116
122,86,123,126,"null","null","null",4,0.784108,1.7924259,-2.3054042,0.60018003,-3.6229587,-16731116
123,122,124,125,"null","null","null",2,0.42875293,2.8755686,-1.1971772,0.63761365,-3.1081505,-16731116
126,122,127,128,"null","null","null",2,0.5136085,0.52348053,-3.7907991,2.010226,-1.4433506,-16731116
129,85,130,139,"null","null","null",6,2.2622113,0.55629253,-2.7521253,0.90259767,-3.3870258,-12486656
130,129,131,138,"null","null","null",5,1.5699282,2.1643891,-2.1365538,0.46288577,-3.516667,-12486656
131,130,132,137,"","null","Softtails",4,1.0938857,3.3591206,-1.1971772,0.63761365,-2.9699712,-12486656
132,131,133,136,"null","null","null",3,0.68408203,3.7661464,-0.39551884,1.2371417,-2.2791743,-12486656
133,132,134,135,"null","null","null",2,0.40066156,3.4248652,-0.6042892,2.4441652,-1.5045781,-12486656
140,84,141,144,"null","null","null",3,2.372974,0.48358285,-3.3782573,1.9383985,-2.311044,-16731116
141,140,142,143,"null","null","null",2,1.4037125,0.6580924,-2.716209,0.867519,-3.2399843,-16731116
146,82,147,156,"null","null","null",9,2.1816044,1.5297087,-2.7538254,3.1863742,-0.35959655,-16731116
147,146,148,155,"null","null","null",5,2.1816044,0.5272817,-3.4974654,2.4522867,-1.0443956,-16731116
148,147,149,154,"","null","Cacholotes",4,2.1816044,0.5235968,-3.4058852,1.9383985,-2.6072886,-16731116
149,148,150,153,"null","null","null",3,1.8238077,0.6580924,-2.7521253,0.867519,-3.6251023,-16731116
150,149,151,152,"null","null","null",2,1.1835885,1.0880269,-2.1365538,0.46288577,-3.8261664,-16731116
156,146,157,160,"null","null","null",4,1.6612626,3.0981078,-0.27500102,3.0448914,-1.4209453,-16731116
157,156,158,159,"null","null","null",2,1.5384617,2.3612075,-0.66192454,3.6646893,-0.32388148,-16731116
160,156,161,162,"null","null","null",2,0.50540274,2.7384934,-1.3026797,0.30320084,-3.2226985,-16731116
