index,parent,child1,child2,name1,name2,common,richness,lengthbr,hxmax,hxmin,hymax,hymin,color
0,-268344311,1,52,"null","null","null",29,7.7559853,3.5147939,-0.70525765,1.6694461,-2.4621382,-16731116
1,0,2,51,"null","null","null",26,7.298593,3.0981069,-0.6042892,3.006161,-1.5045781,-16731116
2,1,3,50,"null","null","null",25,6.81465,2.361207,-1.2130373,3.614336,-0.32388246,-16731116
3,2,4,31,"null","null","null",24,6.3816833,1.6207633,-2.6736844,3.4101973,-0.5592996,-16731116
4,3,5,28,"null","null","null",14,5.8949366,0.4148134,-3.4995565,2.7414107,-0.7518083,-16731116
5,4,6,23,"null","null","null",12,5.5281334,0.50423855,-3.4893131,1.9270557,-2.2960894,-16731116
6,5,7,18,"null","null","null",9,5.1799097,0.6527482,-2.8786821,0.7673005,-3.3252814,-16731116
7,6,8,17,"null","null","null",6,4.62448,1.8644158,-2.1905546,0.44105673,-3.5286388,-16731116
8,7,9,16,"null","null","null",5,3.0096905,3.0686464,-1.3026711,0.6278839,-3.0229406,-16731116
9,8,10,15,"null","null","null",4,2.2735612,3.4890325,-0.37199226,1.5287865,-2.3134382,-16731116
10,9,11,14,"null","null","null",3,1.96829,3.1200032,-0.5905186,2.9140234,-1.600183,-16731116
11,10,12,13,"null","null","null",2,1.662833,2.3745208,-0.6642302,3.599762,-0.41359067,-16731116
18,6,19,22,"null","null","null",3,4.416022,0.885756,-3.6840615,2.660818,-0.37080196,-16731116
19,18,20,21,"null","null","null",2,2.4252572,0.48397484,-3.8140655,2.0763621,-1.2662508,-16731116
23,5,24,27,"null","null","null",3,5.2797103,1.8611641,-2.4725482,3.275528,-0.44286072,-16731116
24,23,25,26,"null","null","null",2,4.084655,0.7546867,-3.3442645,2.5711715,-0.6619251,-16731116
28,4,29,30,"null","null","null",2,5.603621,2.374521,-0.40725303,3.599759,-0.82108366,-16731116
31,3,32,43,"null","null","null",10,5.652992,3.1200037,-0.31737888,2.8440962,-1.4333783,-16731116
32,31,33,42,"null","null","null",6,4.8032236,2.374521,-1.0796719,3.508861,-0.4135952,-16731116
33,32,34,41,"null","null","null",5,3.9343178,1.8611641,-2.579047,3.3444867,-0.54197526,-16731116
34,33,35,40,"null","null","null",4,3.0999913,0.7546867,-3.4827127,2.660818,-0.6619251,-16731116
35,34,36,39,"null","null","null",3,2.5709682,0.48397484,-3.552312,2.0763621,-1.970319,-16731116
36,35,37,38,"null","null","null",2,1.9280972,0.64591295,-2.9852223,1.0891962,-3.005179,-16731116
43,31,44,49,"null","null","null",4,3.3644218,3.230979,-1.4052775,0.28912932,-3.0657108,-16731116
44,43,45,48,"null","null","null",3,1.9169087,3.8025498,-0.34808096,0.85626227,-2.3408198,-16731116
45,44,46,47,"null","null","null",2,0.73701066,3.5885534,-0.5755017,2.1268117,-1.6917254,-16731116
52,0,53,56,"null","null","null",3,7.0633326,1.6104532,-2.1905565,0.63667953,-3.6822941,-16731116
53,52,54,55,"null","null","null",2,3.1275902,2.7384992,-1.3026755,0.6278835,-3.2226942,-16731116
