index,parent,child1,child2,name1,name2,common,richness,lengthbr,hxmax,hxmin,hymax,hymin,color
0,-268361725,1,24,"null","null","null",24,10.747823,3.1946898,-0.28912947,2.993002,-1.265659,-16731116
1,0,2,17,"null","null","null",12,9.85424,2.508493,-1.3260083,3.4931788,-0.34808123,-16731116
2,1,3,10,"","null","Sibias",8,7.3176546,1.529705,-2.7374806,3.1863706,-0.5755019,-16731116
3,2,4,9,"null","null","null",4,3.9273386,0.52727723,-3.476213,2.4522824,-0.8165221,-16731116
4,3,5,8,"null","null","null",3,1.2853034,0.5235976,-3.3782535,1.9383955,-2.3110504,-16731116
5,4,6,7,"null","null","null",2,0.28960794,0.6580926,-2.7162032,0.86751455,-3.2399886,-16731116
10,2,11,16,"null","null","null",4,3.9445324,3.0981069,-0.2750016,3.151094,-1.5045781,-16731116
11,10,12,15,"null","null","null",3,2.9895704,2.361207,-0.6648622,3.8027487,-0.32388246,-16731116
12,11,13,14,"null","null","null",2,2.1253772,1.7788317,-1.9610568,3.6551337,-0.5592996,-16731116
17,1,18,23,"","null","Liocichla",4,5.999,3.5147939,-0.70525765,1.6992425,-2.2791743,-12486656
18,17,19,22,"null","null","null",3,4.8585925,3.0981069,-0.6042892,3.0448964,-1.5045781,-16731116
19,18,20,21,"null","null","null",2,1.8846531,2.361207,-0.6619245,3.664692,-0.32388246,-12486656
24,0,25,44,"null","null","null",12,10.104439,3.1657724,-1.0121964,0.31716225,-3.0581808,-16731116
25,24,26,35,"null","null","null",10,9.084423,3.5147939,-0.39551884,1.5568684,-2.393847,-16731116
26,25,27,34,"null","null","null",5,3.783944,3.0981069,-0.6042892,2.8598099,-1.5045781,-16731116
27,26,28,33,"null","null","null",4,3.1599607,2.361207,-1.1773405,3.4240794,-0.32388246,-16731116
28,27,29,32,"null","null","null",3,1.8613088,1.7788317,-2.6272786,3.1628635,-0.5592996,-16731116
29,28,30,31,"null","null","null",2,0.6435477,0.6411245,-3.439229,2.419877,-0.6642306,-16731116
35,25,36,41,"null","null","null",5,7.737593,2.026291,-2.3868847,0.63667953,-3.5286388,-16731116
36,35,37,40,"null","null","null",3,7.399267,3.2790883,-1.3026755,0.6278835,-3.0229423,-16731116
37,36,38,39,"null","null","null",2,5.6445184,3.7626114,-0.37199128,0.6527469,-2.3134394,-16731116
41,35,42,43,"null","null","null",2,1.7554679,0.5623976,-3.814066,2.0763648,-1.2662436,-16731116
44,24,45,46,"null","null","null",2,3.502161,0.3445301,-2.8544078,0.9791694,-3.1268065,-16731116
