index,parent,child1,child2,name1,name2,common,richness,lengthbr,hxmax,hxmin,hymax,hymin,color
0,-268403537,1,44,"","null","Antwrens and Antvireos",23,9.388477,3.3785963,-1.0892012,0.33095616,-2.9723587,-16731116
1,0,2,31,"null","null","null",22,8.030232,3.693331,-0.41857028,1.8281112,-2.3231177,-16731116
2,1,3,24,"","null","Antwrens, Bushbirds and Antbirds",15,5.6267653,3.2806237,-0.61676055,3.1184053,-1.2264566,-16731116
3,2,4,19,"null","null","null",11,4.912245,2.6202066,-1.3260055,3.6562052,-0.34808072,-16731116
4,3,5,14,"null","null","null",8,3.8230765,1.5297068,-2.7374787,3.3983064,-0.57550156,-16731116
5,4,6,11,"null","null","null",5,2.5908647,0.33848524,-3.4762127,2.727799,-0.8165185,-12486656
6,5,7,10,"null","null","null",3,1.5829725,0.5235972,-3.3782551,1.9383972,-2.311047,-12486656
7,6,8,9,"null","null","null",2,1.1273595,0.6580925,-2.7162058,0.86751616,-3.2399864,-16731116
11,5,12,13,"null","null","null",2,0.25174284,2.3612077,-0.41842145,3.6646914,-0.7950939,-12486656
14,4,15,18,"null","null","null",3,3.21388,3.0981073,-0.2750013,3.0448956,-1.5045784,-16731116
15,14,16,17,"null","null","null",2,1.3599854,2.3612077,-0.6619245,3.6646914,-0.32388234,-16731116
19,3,20,23,"null","null","null",3,2.884406,3.7661467,-0.70525837,1.2371405,-2.2791748,-12486656
20,19,21,22,"null","null","null",2,1.6736412,3.424866,-0.6042891,2.4441643,-1.5045784,-16731116
24,2,25,28,"null","null","null",4,4.3269377,3.381478,-1.0121963,0.31716195,-2.9699717,-16731116
25,24,26,27,"null","null","null",2,1.7595284,3.7952118,-0.3955187,0.6459114,-2.2791748,-16731116
28,24,29,30,"null","null","null",2,1.5520765,0.34453002,-2.8544066,0.9791679,-3.1268075,-16731116
31,1,32,39,"null","null","null",7,5.521133,2.1643882,-2.1631112,0.60018086,-3.516667,-16731116
32,31,33,38,"null","null","null",4,4.535907,3.3591201,-1.1971774,0.63761365,-2.9699717,-16731116
33,32,34,37,"null","null","null",3,4.074173,3.7661467,-0.3955187,1.2371405,-2.2791748,-16731116
34,33,35,36,"null","null","null",2,1.5326211,3.424866,-0.6042891,2.4441643,-1.5045784,-12486656
39,31,40,43,"null","null","null",3,3.140287,0.5234808,-3.470639,2.0102253,-2.1434145,-16731116
40,39,41,42,"null","null","null",2,1.5787039,0.652748,-2.8544066,0.9791679,-3.1268075,-12486656
