index,parent,child1,child2,name1,name2,common,richness,lengthbr,hxmax,hxmin,hymax,hymin,color
0,-268404729,1,183,"null","null","null",223,4.4478354,3.4995873,-0.86752254,0.65809226,-2.7672682,-16731116
1,0,2,84,"null","null","null",222,4.4478354,3.6629996,-0.46288514,2.1128852,-2.1562378,-16731116
2,1,3,56,"null","null","null",172,4.4478354,3.160205,-0.6376134,3.2921689,-1.0214667,-16731116
3,2,4,53,"null","null","null",134,4.447835,2.526477,-1.6652263,3.6791124,-0.39551812,-16731116
4,3,5,32,"null","null","null",132,4.447835,1.3321645,-3.000678,3.3117228,-0.6042888,-16731116
5,4,6,13,"null","null","null",121,4.447835,0.32388172,-3.607211,2.6389072,-1.2118331,-16731116
6,5,7,8,"null","null","null",111,4.447835,0.5592991,-3.4009368,1.6207659,-2.6721215,-16731116
7,6,-268397568,-268396544,"","null","Canasteros, Spinetails and more",108,4.447835,0.81431246,-2.7293725,0.56176096,-3.497528,-16731116
8,6,9,12,"null","null","null",3,4.447835,1.6001897,-2.9140136,3.1200042,-0.31738016,-16731116
9,8,10,11,"null","null","null",2,4.447835,0.4135989,-3.5997567,2.3745215,-0.66423035,-16731116
13,5,14,25,"","null","Thornbills",10,3.507996,2.4557228,-1.4436026,3.684667,-0.737067,-16731116
14,13,15,24,"null","null","null",6,1.6442267,1.6001897,-2.8032904,3.3743324,-0.59051764,-16731116
15,14,16,21,"null","null","null",5,1.6442267,0.29949006,-3.4558165,2.705148,-0.9977443,-16731116
16,15,17,20,"null","null","null",3,0.9813605,0.5419747,-3.2755313,1.8611665,-2.4725435,-16731116
17,16,18,19,"null","null","null",2,0.96312076,0.66192496,-2.571176,0.7546901,-3.3442616,-16731116
21,15,22,23,"null","null","null",2,0.7735689,2.3408208,-0.4290239,3.7190452,-0.7670516,-12486656
25,13,26,31,"null","null","null",4,1.7108526,3.5280137,-0.67175275,1.8652921,-2.238161,-16731116
26,25,27,30,"null","null","null",3,1.4400486,3.065712,-0.6167603,3.1667423,-1.4052806,-16731116
27,26,28,29,"null","null","null",2,1.1270438,2.3408208,-0.6580918,3.7190452,-0.34808022,-16731116
32,4,33,44,"","null","Tit-Spinetails and Wiretail",11,4.447835,3.0229437,-0.303201,3.0686388,-1.1927527,-16731116
33,32,34,43,"null","null","null",6,2.7409482,2.3134403,-1.4436026,3.48903,-0.37199056,-16731116
34,33,35,42,"null","null","null",5,2.7409482,1.6001897,-2.8032904,3.1200042,-0.59051764,-16731116
35,34,36,41,"null","null","null",4,2.7409482,0.4135989,-3.4558165,2.3745215,-0.9977443,-16731116
36,35,37,40,"null","null","null",3,1.3389813,0.5419747,-3.2755313,1.8611665,-2.4725435,-12486656
37,36,38,39,"null","null","null",2,0.8271715,0.66192496,-2.571176,0.7546901,-3.3442616,-16731116
44,32,45,52,"null","null","null",5,2.6371825,3.4068692,-1.0892038,0.3309561,-3.0781724,-16731116
45,44,46,49,"null","null","null",4,2.209775,3.7300878,-0.4185698,1.4251086,-2.4606745,-16731116
46,45,47,48,"null","null","null",2,1.0436065,3.3284082,-0.6167603,2.5945039,-1.4052806,-12486656
49,45,50,51,"null","null","null",2,0.8562664,1.0880196,-2.1365566,0.6001816,-3.8261666,-16731116
53,3,54,55,"","null","Rayaditos",2,2.5387287,3.8270524,-0.63668066,0.9093949,-2.1905584,-11184866
56,2,57,73,"","null","Earthcreepers, Horneros, Ciclodes and more",38,4.4478354,3.448443,-0.91696227,0.3445297,-2.8752608,-16731116
57,56,-268398592,58,"null","null","null",32,4.447835,3.6887553,-0.44105512,1.8644047,-2.2438111,-16731116
58,57,59,68,"","null","Horneros",8,3.9793177,2.1597354,-2.0484684,0.5623988,-3.4921455,-16731116
59,58,60,67,"null","null","null",5,1.8755926,3.2514277,-1.0892038,0.6459124,-2.9070082,-16731116
60,59,61,66,"null","null","null",4,1.3505332,3.5280137,-0.4185698,1.8652921,-2.238161,-16731116
61,60,62,65,"null","null","null",3,1.3495443,3.065712,-0.6167603,3.1667423,-1.4052806,-16731116
62,61,63,64,"null","null","null",2,0.4874249,2.3408208,-0.6580918,3.7190452,-0.34808022,-16731116
68,58,69,72,"null","null","null",3,1.4456141,0.48358452,-3.3782616,1.9384005,-2.3110387,-16731116
69,68,70,71,"null","null","null",2,0.8974664,0.65809226,-2.7162147,0.8675231,-3.23998,-16731116
73,56,74,79,"null","null","null",6,4.4478354,0.45200062,-2.8537698,0.8857573,-3.482712,-16731116
74,73,75,78,"","null","Tuftedcheeks",3,2.6478553,1.9703064,-2.076367,0.48397338,-3.5523171,-16731116
75,74,76,77,"null","null","null",2,0.8268943,3.0051699,-1.0892038,0.6459124,-2.9852314,-16731116
79,73,80,83,"null","null","null",3,4.4478354,0.8449204,-3.767136,2.4522898,-0.39556158,-16731116
80,79,81,82,"null","null","null",2,0.53603154,0.52359635,-3.7564592,1.9384005,-1.6186413,-16731116
84,1,85,172,"null","null","null",50,4.447835,2.377342,-1.9577118,0.5234818,-3.4551697,-16731116
85,84,86,135,"","null","Foliage-gleaners, Treehunters and Recurvebills",44,4.447835,3.4309173,-0.79559636,0.65274775,-2.8342974,-16731116
86,85,87,134,"null","null","null",25,4.447835,3.665972,-0.44105512,1.9801664,-2.1905584,-16731116
87,86,88,115,"null","null","null",24,4.447835,3.2014766,-0.6278832,3.219129,-1.1457253,-16731116
88,87,89,110,"null","null","null",14,4.447835,2.5455332,-1.4749897,3.684667,-0.37199056,-16731116
89,88,90,105,"null","null","null",11,4.1307745,1.4333814,-2.8440938,3.3743324,-0.59051764,-16731116
90,89,91,102,"null","null","null",8,2.5425224,0.29949006,-3.508861,2.705148,-1.0522804,-16731116
91,90,92,101,"null","null","null",6,1.9646264,0.5419747,-3.344489,1.8611665,-2.5434403,-16731116
92,91,93,100,"null","null","null",5,1.4201313,0.72913146,-2.6608212,0.7546901,-3.4364276,-16731116
93,92,94,99,"null","null","null",4,1.2225659,2.330574,-2.0763643,0.48397422,-3.492144,-16731116
94,93,95,98,"null","null","null",3,0.76272005,3.4735134,-1.0891994,0.64591277,-2.9070053,-16731116
95,94,96,97,"null","null","null",2,0.6553121,3.816721,-0.41857076,0.7310724,-2.2381592,-12486656
102,90,103,104,"","null","Recurvebills",2,1.0945994,2.3408208,-0.4290239,3.7190452,-0.7670516,-12486656
105,89,106,109,"null","null","null",3,2.3738394,3.065712,-0.2891289,3.1667423,-1.4052806,-16731116
106,105,107,108,"null","null","null",2,1.1369294,2.3408208,-0.6580918,3.7190452,-0.34808022,-16731116
110,88,111,114,"null","null","null",3,3.3159065,3.7300878,-0.67175275,1.4251086,-2.238161,-16731116
111,110,112,113,"null","null","null",2,1.844264,3.3284082,-0.6167603,2.5945039,-1.4052806,-16731116
115,87,116,133,"null","null","null",10,3.9620779,3.2514277,-1.0892038,0.3309561,-2.9723606,-16731116
116,115,117,126,"null","null","null",9,3.7713156,3.5280137,-0.4185698,1.9147029,-2.3231192,-16731116
117,116,118,123,"null","null","null",5,2.1514251,3.065712,-0.6167603,3.2309766,-1.2878731,-16731116
118,117,119,122,"null","null","null",3,1.1297157,2.3408208,-0.85625637,3.8025498,-0.34808022,-12486656
119,118,120,121,"null","null","null",2,0.7837669,1.6917281,-2.1268067,3.5885556,-0.5755012,-11184866
123,117,124,125,"null","null","null",2,0.7642798,2.8755634,-1.1971815,0.31716168,-3.1081553,-16731116
126,116,127,132,"null","null","null",4,1.5600848,2.1815815,-2.1365566,0.6001816,-3.5166674,-16731116
127,126,128,131,"null","null","null",3,1.498905,3.381475,-1.1971815,0.6376133,-2.9699733,-16731116
128,127,129,130,"null","null","null",2,0.99601334,3.795211,-0.3955179,0.64591163,-2.2791758,-16731116
135,85,136,165,"null","null","null",19,4.447835,0.59771526,-2.7244716,0.8857573,-3.496599,-16731116
136,135,137,154,"null","null","null",15,4.447835,2.1597354,-2.0607467,0.48397338,-3.5703702,-16731116
137,136,138,151,"null","null","null",9,3.3732817,3.2514277,-0.8706895,0.6459124,-3.0087004,-16731116
138,137,139,146,"null","null","null",7,3.0392246,3.5280137,-0.4185698,1.8652921,-2.3703609,-16731116
139,138,140,143,"null","null","null",4,1.9032457,3.065712,-0.6167603,3.1667423,-1.2878731,-16731116
140,139,141,142,"null","null","null",2,0.71773756,2.3408208,-0.6580918,3.7190452,-0.34808022,-16731116
143,139,144,145,"null","null","null",2,0.76203805,2.8755634,-1.1971815,0.31716168,-3.1081553,-16731116
146,138,147,150,"null","null","null",3,1.1518106,1.7924187,-2.1365566,0.6001816,-3.622961,-16731116
147,146,148,149,"null","null","null",2,1.1102028,2.8755634,-1.1971815,0.6376133,-3.1081553,-16731116
151,137,152,153,"null","null","null",2,1.7473336,0.35782874,-2.7162147,0.90259826,-3.23998,-16731116
154,136,155,162,"null","null","null",6,3.0767994,0.48358452,-3.405888,2.0181682,-2.6072845,-16731116
155,154,156,159,"null","null","null",4,2.4556308,0.65809226,-2.752129,0.5831027,-3.6250997,-16731116
156,155,157,158,"null","null","null",2,1.0213059,1.0880196,-2.1365566,0.4628849,-3.8261666,-16731116
159,155,160,161,"null","null","null",2,0.9986787,0.8665061,-3.439223,2.4198875,-0.38339514,-16731116
162,154,163,164,"null","null","null",2,1.090583,1.7788361,-1.9610482,3.6551366,-0.40148008,-16731116
165,135,166,171,"null","null","null",4,3.298063,0.8449204,-3.476215,2.4522898,-0.81650966,-16731116
166,165,167,170,"null","null","null",3,1.5228755,0.52359635,-3.3782616,1.9384005,-2.3110387,-16731116
167,166,168,169,"null","null","null",2,0.6854276,0.65809226,-2.7162147,0.8675231,-3.23998,-12486656
172,84,173,180,"null","null","null",6,4.447835,0.44286364,-3.3444917,1.9094158,-2.5790417,-16731116
173,172,174,179,"","null","Treerunners",4,2.4178,0.6619249,-2.660825,0.7546941,-3.482712,-16731116
174,173,175,178,"null","null","null",3,1.1377914,1.9703064,-2.076367,0.48397338,-3.5523171,-16731116
175,174,176,177,"null","null","null",2,0.4871793,3.0051699,-1.0892038,0.6459124,-2.9852314,-16731116
180,172,181,182,"null","null","null",2,3.557081,1.691729,-2.1268048,3.5885563,-0.35959762,-12486656
