index,parent,child1,child2,name1,name2,common,richness,lengthbr,hxmax,hxmin,hymax,hymin,color
0,-268300280,1,176,"null","null","null",90,26.095116,1.4209437,-3.000678,3.3192306,-0.6042888,-16731116
1,0,2,141,"Monarchidae","null","Monarchs",88,15.787727,0.32388172,-3.607211,2.6486673,-1.2190355,-16731116
2,1,3,138,"null","null","null",70,14.239117,0.5592991,-3.4009368,1.7948521,-2.6814845,-16731116
3,2,4,99,"null","null","null",68,13.234268,0.81431246,-2.7293725,0.5782557,-3.5096998,-16731116
4,3,5,80,"null","null","null",48,10.459783,2.377347,-1.986805,0.50423795,-3.5025015,-12486656
5,4,6,69,"null","null","null",38,8.387802,3.4309192,-0.8051311,0.652748,-2.8958278,-12486656
6,5,7,64,"null","null","null",32,6.406355,3.6659708,-0.441056,1.9801723,-2.2705498,-12486656
7,6,8,43,"null","null","null",29,6.172739,3.2014735,-0.62788355,3.219133,-1.1927477,-12486656
8,7,9,38,"null","null","null",18,5.4334755,2.54553,-1.4749951,3.684668,-0.37199152,-12486656
9,8,10,29,"null","null","null",15,4.934,1.4333774,-2.8440971,3.3743312,-0.59051824,-12486656
10,9,11,26,"null","null","null",10,4.250179,0.29949108,-3.508861,2.705147,-1.0522863,-16731116
11,10,12,21,"null","null","null",8,3.3660922,0.5419755,-3.3444862,1.7061918,-2.5434449,-12486656
12,11,13,20,"","null","Shrikebills",5,2.8117614,0.7291379,-2.6608171,0.7546856,-3.436429,-12486656
13,12,14,19,"null","null","null",4,2.596262,2.33058,-2.0763617,0.48397505,-3.4921427,-16731116
14,13,15,18,"null","null","null",3,1.5659636,3.473517,-1.0891951,0.645913,-2.9070024,-12486656
15,14,16,17,"null","null","null",2,0.93138415,3.8167217,-0.41857165,0.7310797,-2.2381573,-16731116
21,11,22,25,"null","null","null",3,1.9574025,1.6917245,-2.7746296,3.1313143,-0.35959482,-12486656
22,21,23,24,"null","null","null",2,0.94537115,0.52727723,-3.5245066,2.3807092,-0.665,-16731116
26,10,27,28,"null","null","null",2,1.5486243,2.3408196,-0.4290243,3.7190475,-0.7670504,-16731116
29,9,30,35,"null","null","null",5,4.8250155,3.0657103,-0.28912947,3.2309797,-1.2878677,-8572416
30,29,31,34,"null","null","null",3,2.7560568,2.3408196,-0.8562642,3.8025498,-0.34808123,-8572416
31,30,32,33,"null","null","null",2,2.0666597,1.6917245,-2.1268134,3.5885527,-0.5755019,-8572416
35,29,36,37,"null","null","null",2,4.067274,2.8755686,-1.1971772,0.31716225,-3.1081505,-8572416
38,8,39,42,"null","null","null",3,3.0705986,3.7300858,-0.6717514,1.425116,-2.2381592,-8572416
39,38,40,41,"null","null","null",2,2.358081,3.328404,-0.61676085,2.5945096,-1.4052767,-8572416
43,7,44,61,"null","null","null",11,3.5973983,3.2514307,-0.9287926,0.33095664,-3.0781689,-12486656
44,43,45,58,"null","null","null",9,3.1271584,3.5280137,-0.41857076,1.7065886,-2.4606717,-16731116
45,44,46,55,"null","null","null",7,2.518073,3.0657103,-0.61676085,2.9604242,-1.2878677,-16731116
46,45,47,54,"null","null","null",5,2.0275238,2.3408196,-1.3545845,3.4508276,-0.34808123,-16731116
47,46,48,51,"null","null","null",4,1.7069104,1.6749309,-2.7746296,3.1313143,-0.5755019,-16731116
48,47,49,50,"null","null","null",2,0.92320734,0.52727723,-3.5245066,2.3807092,-0.665,-16731116
51,47,52,53,"null","null","null",2,1.1275222,3.4248652,-0.2750016,2.4441652,-1.5045781,-16731116
55,45,56,57,"null","null","null",2,1.9833181,2.8755686,-1.1971772,0.31716225,-3.1081505,-12486656
58,44,59,60,"null","null","null",2,1.4056994,1.0880269,-2.1365538,0.60018003,-3.8261664,-11184866
61,43,62,63,"null","null","null",2,2.653581,0.35782927,-2.716209,0.90259767,-3.2399843,-11184866
64,6,65,68,"null","null","null",3,3.0737262,1.9703138,-2.0763643,0.56239724,-3.5523138,-12486656
65,64,66,67,"null","null","null",2,1.847823,3.005175,-1.0891994,0.64591277,-2.9852262,-16731116
69,5,70,77,"null","null","null",6,5.134345,0.72913146,-2.7459316,0.8857566,-3.4364276,-16731116
70,69,71,76,"null","null","null",4,2.9703481,2.330574,-2.0763643,0.48397422,-3.492144,-16731116
71,70,72,75,"null","null","null",3,1.9946167,3.4735134,-1.0891994,0.64591277,-2.9070053,-12486656
72,71,73,74,"null","null","null",2,1.2274401,3.816721,-0.41857076,0.7310724,-2.2381592,-12486656
77,69,78,79,"null","null","null",2,1.8007119,0.84491944,-3.5245032,2.3807092,-0.39556205,-16731116
80,4,81,92,"null","null","null",10,8.249162,0.44286197,-3.4099584,1.7306662,-2.5434403,-16731116
81,80,82,89,"null","null","null",6,6.729781,0.72913146,-2.7459316,0.49050635,-3.4364276,-16731116
82,81,83,88,"null","null","null",4,6.0372887,2.330574,-2.0763643,0.48397422,-3.492144,-16731116
83,82,84,87,"null","null","null",3,3.4542704,3.4735134,-1.0891994,0.64591277,-2.9070053,-16731116
84,83,85,86,"null","null","null",2,2.4273005,3.816721,-0.41857076,0.7310724,-2.2381592,-16731116
89,81,90,91,"null","null","null",2,2.0364025,0.84491944,-3.5245032,2.3807092,-0.39556205,-12486656
92,80,93,98,"null","null","null",4,2.7715201,1.6917281,-2.9612648,3.1863742,-0.35959655,-16731116
93,92,94,97,"null","null","null",3,2.1521916,0.5272817,-3.7671363,2.4522867,-0.665,-16731116
94,93,95,96,"null","null","null",2,0.46479028,0.5235968,-3.7564573,1.9383985,-1.6186471,-16731116
99,3,100,133,"null","null","null",20,12.377861,0.8210844,-3.57267,2.7422612,-1.1122096,-16731116
100,99,101,120,"null","null","null",17,10.028627,0.5419747,-3.4274406,1.8248582,-2.6213481,-16731116
101,100,102,119,"null","null","null",10,6.8739944,0.66192496,-2.7686582,0.7546901,-3.5377078,-16731116
102,101,103,116,"null","null","null",9,6.1095934,2.1597412,-2.2165523,0.48397422,-3.6238084,-16731116
103,102,104,115,"null","null","null",7,6.109593,3.2514307,-1.0891994,0.64591277,-3.0781689,-16731116
104,103,105,112,"null","null","null",6,4.861043,3.5280137,-0.41857076,1.9147083,-2.4606717,-16731116
105,104,106,111,"null","null","null",4,4.0702357,3.0657103,-0.61676085,3.2309797,-1.4052767,-16731116
106,105,107,110,"null","null","null",3,2.3664548,2.3408196,-0.8562642,3.8025498,-0.34808123,-16731116
107,106,108,109,"null","null","null",2,1.3783739,1.6917245,-2.1268134,3.5885527,-0.5755019,-16731116
112,104,113,114,"null","null","null",2,3.1170678,1.0880269,-2.1365538,0.60018003,-3.8261664,-16731116
116,102,117,118,"null","null","null",2,1.9632151,0.48358285,-3.7564573,1.9383985,-1.6186471,-16731116
120,100,121,128,"null","null","null",7,6.2333007,1.5297087,-2.9612648,3.3983066,-0.35959655,-16731116
121,120,122,125,"null","null","null",4,3.6076484,0.3384865,-3.7671363,2.727799,-0.665,-16731116
122,121,123,124,"null","null","null",2,1.9638058,0.5235968,-3.7564573,1.9383985,-1.6186471,-16731116
125,121,126,127,"null","null","null",2,1.9755639,2.3612075,-0.41842124,3.6646893,-0.7950944,-12486656
128,120,129,132,"null","null","null",3,2.4221606,3.0981078,-0.27500102,3.0448914,-1.5045819,-16731116
129,128,130,131,"null","null","null",2,1.6375035,2.3612075,-0.66192454,3.6646893,-0.32388148,-16731116
133,99,134,137,"null","null","null",3,6.0616035,2.3408208,-0.85625637,3.8025498,-0.7670516,-16731116
134,133,135,136,"null","null","null",2,2.5188882,1.6917281,-2.1268067,3.5885556,-0.5755012,-16731116
138,2,139,140,"null","null","null",2,4.7819304,1.6001897,-2.2880554,3.5116982,-0.31738016,-16731116
141,1,142,173,"null","null","null",18,12.201796,2.5840368,-1.4749897,3.7066278,-0.737067,-16731116
142,141,143,168,"null","null","null",16,8.741825,1.4333814,-2.8440938,3.4028811,-0.59051764,-16731116
143,142,144,163,"","null","Paradise-Flycatchers",13,7.0721574,0.29949006,-3.508861,2.7422612,-1.0522804,-16731116
144,143,145,154,"null","null","null",10,6.0759573,0.5419747,-3.344489,1.7306662,-2.5434403,-16731116
145,144,146,153,"null","null","null",5,3.5010366,0.72913146,-2.6608212,0.7546901,-3.4364276,-16731116
146,145,147,152,"null","null","null",4,3.5010366,2.330574,-2.0763643,0.48397422,-3.492144,-16731116
147,146,148,151,"null","null","null",3,3.2499094,3.4735134,-1.0891994,0.64591277,-2.9070053,-16731116
148,147,149,150,"null","null","null",2,1.7663606,3.816721,-0.41857076,0.7310724,-2.2381592,-12486656
154,144,155,160,"null","null","null",5,4.8852215,1.6749359,-2.9612648,3.1863742,-0.35959655,-16731116
155,154,156,159,"null","null","null",3,1.7622603,0.5272817,-3.7671363,2.4522867,-0.665,-12486656
156,155,157,158,"null","null","null",2,1.7142895,0.5235968,-3.7564573,1.9383985,-1.6186471,-11184866
160,154,161,162,"null","null","null",2,1.4403975,3.4248688,-0.27500102,2.444159,-1.5045819,-16731116
163,143,164,167,"null","null","null",3,3.0673258,2.3408208,-0.85625637,3.8025498,-0.7670516,-16731116
164,163,165,166,"null","null","null",2,1.7805355,1.6917281,-2.1268067,3.5885556,-0.5755012,-16731116
168,142,169,172,"null","null","null",3,7.293363,3.065712,-0.2891289,3.1667423,-1.4052806,-12486656
169,168,170,171,"null","null","null",2,2.88311,2.3408208,-0.6580918,3.7190452,-0.34808022,-12486656
173,141,174,175,"null","null","null",2,4.184954,3.8167202,-0.67175275,0.73106515,-2.238161,-16731116
176,0,177,178,"Orthonychidae","null","Logrunners",2,12.110806,3.2226973,-0.303201,2.7384949,-1.3026786,-16731116
