index,parent,child1,child2,name1,name2,common,richness,lengthbr,hxmax,hxmin,hymax,hymin,color
0,-268407800,1,86,"null","null","null",50,7.769404,3.1051435,-0.3171605,3.2525854,-1.0703928,-16731116
1,0,2,59,"ANAS","null","Teals, Shovelers and more",43,7.3707514,2.454894,-1.669425,3.6276627,-0.39551604,-16731116
2,1,3,50,"null","null","null",29,5.766507,1.3321753,-3.0061452,3.2448432,-0.6042875,-16731116
3,2,4,31,"null","null","null",24,4.237943,0.32387918,-3.6143293,2.551962,-1.1974748,-12486656
4,3,5,20,"null","null","null",14,3.9861689,0.5592972,-3.4101985,1.6207758,-2.6534648,-12486656
5,4,6,17,"null","null","null",8,3.7604358,0.8217273,-2.7414126,0.41482425,-3.4732862,-12486656
6,5,7,14,"null","null","null",6,3.373807,2.3869936,-2.1206903,0.50423574,-3.455173,-11184866
7,6,8,13,"null","null","null",4,1.5967342,3.4434717,-0.9791801,0.6527473,-2.834303,-8572416
8,7,9,12,"null","null","null",3,0.5055324,3.6822996,-0.44105357,1.6104348,-2.190562,-8572416
9,8,10,11,"null","null","null",2,0.35145804,3.2227054,-0.6278824,2.738485,-1.3026856,-11184866
14,6,15,16,"null","null","null",2,0.0364334,0.44286656,-3.7111814,1.8611743,-1.7914251,-16731116
17,5,18,19,"null","null","null",2,2.2223165,0.8210871,-3.5997503,2.3745227,-0.4072514,-16731116
20,4,21,28,"null","null","null",6,3.371324,1.5501486,-2.803284,3.120006,-0.3173849,-16731116
21,20,22,27,"null","null","null",4,1.6882745,0.41361105,-3.4558191,2.3745227,-0.9977241,-16731116
22,21,23,26,"null","null","null",3,1.4953239,0.54197276,-3.2755432,1.8611755,-2.4725258,-16731116
23,22,24,25,"null","null","null",2,1.0939295,0.66192466,-2.5711925,0.75470227,-3.3442504,-16731116
28,20,29,30,"null","null","null",2,1.4829396,3.3284187,-0.2891274,2.5944886,-1.4052902,-12486656
31,3,32,49,"null","null","null",10,1.5011221,2.313444,-1.5425284,3.489027,-0.7370704,-16731116
32,31,33,48,"null","null","null",9,0.8289119,1.6002,-2.9319034,3.1200063,-0.5905161,-12486656
33,32,34,47,"null","null","null",8,0.6972726,0.41361105,-3.6230254,2.3745227,-1.0796533,-12486656
34,33,35,46,"null","null","null",7,0.6379966,0.54197276,-3.4929113,1.8611755,-2.5790339,-12486656
35,34,36,41,"null","null","null",6,0.5183891,0.66192466,-2.8537712,0.5223319,-3.482711,-12486656
36,35,37,40,"null","null","null",3,0.3608303,1.9702942,-2.0763717,0.4839719,-3.5523224,-16731116
37,36,38,39,"null","null","null",2,0.059385836,3.005161,-1.0892112,0.6459119,-2.9852405,-16731116
41,35,42,45,"null","null","null",3,0.41176412,0.84492207,-3.7671337,2.452298,-0.3955607,-12486656
42,41,43,44,"null","null","null",2,0.15029441,0.523595,-3.7564616,1.938406,-1.6186303,-16731116
50,2,51,56,"null","null","null",5,2.9489632,3.0229487,-0.30319953,3.300405,-1.1514587,-16731116
51,50,52,55,"null","null","null",3,1.5261959,2.313444,-1.0472472,3.790336,-0.37198827,-16731116
52,51,53,54,"null","null","null",2,0.31647962,1.6002,-2.2880378,3.5117078,-0.5905161,-16731116
56,50,57,58,"null","null","null",2,0.86440635,3.0051584,-1.0892134,0.33095476,-2.9852433,-16731116
59,1,60,81,"null","null","null",14,6.567073,3.6659763,-0.6366841,1.9801525,-2.2705636,-16731116
60,59,61,78,"null","null","null",11,4.4219255,3.2014859,-0.62788224,3.21912,-1.1514587,-16731116
61,60,62,73,"null","null","null",9,4.0150223,2.545542,-1.4435899,3.6846654,-0.37198827,-16731116
62,61,63,72,"null","null","null",6,1.374982,1.6002,-2.8032832,3.3743362,-0.5905161,-16731116
63,62,64,69,"null","null","null",5,1.1884155,0.29948735,-3.4558191,2.7051516,-0.9977241,-16731116
64,63,65,68,"null","null","null",3,0.35014963,0.54197276,-3.2755432,1.8611755,-2.4725258,-16731116
65,64,66,67,"null","null","null",2,0.14892337,0.66192466,-2.5711925,0.75470227,-3.3442504,-16731116
69,63,70,71,"null","null","null",2,0.19127333,2.3408232,-0.42902276,3.7190404,-0.7670549,-16731116
73,61,74,77,"null","null","null",3,3.6300128,3.730093,-0.6717563,1.4250891,-2.2381654,-16731116
74,73,75,76,"null","null","null",2,0.41088653,3.3284197,-0.6167592,2.594488,-1.4052911,-16731116
78,60,79,80,"null","null","null",2,2.0272954,3.0051584,-1.0892134,0.33095476,-2.9852433,-16731116
81,59,82,85,"null","null","null",3,3.252722,1.9702911,-2.0763721,0.5624022,-3.5523243,-12486656
82,81,83,84,"null","null","null",2,2.5071204,3.0051584,-1.0892134,0.6459118,-2.9852433,-11184866
86,0,87,94,"null","null","null",7,4.801012,3.4434726,-0.9169636,0.3445285,-2.9853282,-16731116
87,86,88,91,"TACHYERES","null","Steamerducks",4,0.71244186,3.6823015,-0.44105333,1.6104301,-2.3868942,-16731116
88,87,89,90,"null","null","null",2,0.04667267,3.2227087,-0.62788224,2.7384808,-1.3026884,-16731116
91,87,92,93,"null","null","null",2,0.037651643,1.266223,-2.0763721,0.5624022,-3.814068,-16731116
94,86,95,98,"null","null","null",3,4.344879,0.3708,-2.6608324,0.88575876,-3.684054,-16731116
95,94,96,97,"null","null","null",2,3.0440538,1.266223,-2.0763721,0.48397186,-3.814068,-16731116
