index,parent,child1,child2,name1,name2,common,richness,lengthbr,hxmax,hxmin,hymax,hymin,color
0,-268368727,1,62,"null","null","null",35,16.654345,0.8449204,-3.5743213,2.620863,-0.90351766,-16731116
1,0,2,41,"","null","Swallows",31,14.348918,0.52359635,-3.5057998,1.8874353,-2.424149,-16731116
2,1,3,24,"null","null","null",20,13.256814,0.65809226,-2.8820148,0.763765,-3.3870234,-16731116
3,2,4,21,"null","null","null",11,11.650618,2.0156536,-2.305408,0.4628849,-3.5166674,-16731116
4,3,5,20,"null","null","null",9,7.2447677,3.1657686,-1.1971815,0.6376133,-2.9699733,-16731116
5,4,6,19,"null","null","null",8,4.11612,3.514793,-0.3955179,1.5568639,-2.2791758,-16731116
6,5,7,16,"null","null","null",7,3.5492773,3.0981078,-0.6042887,2.859808,-1.4209453,-16731116
7,6,8,15,"null","null","null",5,2.777871,2.3612075,-1.1773334,3.4240808,-0.32388148,-12486656
8,7,9,12,"null","null","null",4,1.9476825,1.7948534,-2.6272726,3.1628685,-0.5592989,-12486656
9,8,10,11,"null","null","null",2,1.3010057,0.641129,-3.4392254,2.4198835,-0.6642305,-16731116
12,8,13,14,"null","null","null",2,0.08474746,3.5116992,-0.3173806,2.288054,-1.6001905,-11184866
16,6,17,18,"null","null","null",2,0.41680846,2.7384934,-1.3026797,0.30320084,-3.2226985,-16731116
21,3,22,23,"null","null","null",2,3.4651618,0.5234822,-3.7908006,2.010228,-1.4433446,-16731116
24,2,25,36,"null","null","null",9,11.381348,0.8665061,-3.473289,2.8263776,-0.8217373,-16731116
25,24,26,33,"null","null","null",6,9.679433,0.50423723,-3.4551706,2.120683,-2.3870015,-16731116
26,25,27,32,"null","null","null",4,8.473741,0.65274775,-2.8342981,0.9791734,-3.4434738,-16731116
27,26,28,31,"null","null","null",3,6.8272877,1.6104459,-2.1905591,0.4410549,-3.6822963,-16731116
28,27,29,30,"null","null","null",2,3.1326997,2.7384934,-1.3026797,0.6278831,-3.2226985,-16731116
33,25,34,35,"null","null","null",2,6.0318904,1.8611681,-1.791438,3.7111778,-0.44286343,-16731116
36,24,37,40,"null","null","null",3,7.267544,2.3745222,-0.47381568,3.7909281,-0.8210852,-16731116
37,36,38,39,"null","null","null",2,4.7084455,1.8611681,-1.791438,3.7111778,-0.5419744,-16731116
41,1,42,59,"null","null","null",11,13.6372385,1.794854,-2.6534743,3.3609877,-0.40148008,-16731116
42,41,43,52,"null","null","null",9,8.955958,0.4148175,-3.473289,2.6774385,-0.8876282,-16731116
43,42,44,49,"null","null","null",5,5.7744913,0.50423753,-3.4551692,2.1206813,-2.4726584,-16731116
44,43,45,48,"null","null","null",3,4.4314456,0.65274787,-2.834296,0.97917,-3.5548263,-16731116
45,44,46,47,"null","null","null",2,2.61103,0.9093985,-2.1905575,0.4410556,-3.827052,-16731116
49,43,50,51,"null","null","null",2,1.9365176,1.861167,-1.7914406,3.7111769,-0.4428628,-16731116
52,42,53,58,"null","null","null",4,7.7330823,2.374522,-0.99774337,3.4558167,-0.82108486,-12486656
53,52,54,57,"null","null","null",3,6.863876,1.861167,-2.4725428,3.2755318,-0.54197466,-12486656
54,53,55,56,"null","null","null",2,5.620099,0.7546901,-3.3442612,2.5711768,-0.66192496,-11184866
59,41,60,61,"null","null","null",2,7.772026,3.5116987,-0.31738102,2.2880547,-1.6001899,-16731116
62,0,63,68,"null","null","null",4,15.134537,2.3612084,-1.1773314,3.424081,-0.7950951,-16731116
63,62,64,67,"null","null","null",3,11.875631,1.7788361,-2.627271,3.1628695,-0.55929875,-16731116
64,63,65,66,"null","null","null",2,4.5135098,0.64112955,-3.4392245,2.419885,-0.6642305,-16731116
