index,parent,child1,child2,name1,name2,common,richness,lengthbr,hxmax,hxmin,hymax,hymin,color
0,-268346361,1,128,"Muscicapidae","null","Chats and Old World flycatchers",65,14.542935,0.44286197,-3.401596,1.8611665,-2.5731862,-16731116
1,0,2,79,"null","null","null",64,13.284901,0.66192496,-2.7350602,0.6348217,-3.4750972,-16731116
2,1,3,78,"null","null","null",39,10.0927,2.2184484,-2.0763643,0.48397422,-3.5424147,-16731116
3,2,4,49,"null","null","null",38,9.887312,3.32775,-0.93958056,0.64591277,-2.972357,-16731116
4,3,5,40,"null","null","null",23,9.677294,3.6272287,-0.41857076,1.7316486,-2.3231165,-16731116
5,4,6,37,"null","null","null",18,8.841098,3.1946898,-0.61676085,2.993002,-1.2878677,-16731116
6,5,7,24,"null","null","null",16,7.190843,2.508493,-1.3840599,3.4931788,-0.34808123,-16731116
7,6,8,21,"null","null","null",9,6.325537,1.6749309,-2.8129478,3.1863706,-0.5755019,-16731116
8,7,9,20,"null","null","null",7,5.5507383,0.52727723,-3.5743203,2.4522824,-0.9519073,-16731116
9,8,10,19,"null","null","null",6,4.732209,0.5235976,-3.5057936,1.9383955,-2.487051,-16731116
10,9,11,18,"null","null","null",5,4.204599,0.6580926,-2.8820057,0.86751455,-3.4687893,-16731116
11,10,12,15,"null","null","null",4,3.226366,1.792433,-2.3054006,0.46288663,-3.6229558,-16731116
12,11,13,14,"null","null","null",2,1.6621209,2.8755739,-1.1971728,0.637614,-3.1081457,-16731116
15,11,16,17,"null","null","null",2,1.9012102,0.523479,-3.7907977,2.0102232,-1.4433578,-16731116
21,7,22,23,"null","null","null",2,3.3712728,3.4248652,-0.2750016,2.4441652,-1.5045781,-16731116
24,6,25,34,"null","null","null",7,6.364826,3.5147939,-0.70525765,1.780933,-2.5264754,-16731116
25,24,26,31,"null","null","null",5,4.937209,3.0981069,-0.6042892,3.151094,-1.4209399,-16731116
26,25,27,30,"null","null","null",3,3.4403985,2.361207,-0.6648622,3.8027487,-0.32388246,-16731116
27,26,28,29,"null","null","null",2,1.8400025,1.7788317,-1.9610568,3.6551337,-0.5592996,-12486656
31,25,32,33,"null","null","null",2,2.3567767,2.7384992,-1.3026755,0.30320144,-3.2226942,-16731116
34,24,35,36,"null","null","null",2,3.004264,0.90940034,-2.1905565,0.63667953,-3.8270526,-16731116
37,5,38,39,"null","null","null",2,4.406191,2.8755686,-1.1971772,0.31716225,-3.1081505,-16731116
40,4,41,46,"null","null","null",5,6.9593086,2.1815877,-2.3054042,0.60018003,-3.516667,-16731116
41,40,42,45,"null","null","null",3,3.3132617,3.3814788,-1.1971772,0.63761365,-2.9699712,-16731116
42,41,43,44,"null","null","null",2,1.9204141,3.7952123,-0.39551884,0.64591134,-2.2791743,-16731116
46,40,47,48,"null","null","null",2,0.91369414,0.52348053,-3.7907991,2.010226,-1.4433506,-12486656
49,3,50,71,"null","null","null",15,9.575003,0.44188523,-2.8712268,0.90259767,-3.3870258,-16731116
50,49,51,64,"null","null","null",11,8.855668,2.0156596,-2.1631112,0.46288577,-3.516667,-16731116
51,50,52,59,"null","null","null",7,6.8536234,3.1657724,-1.0032573,0.63761365,-2.9699712,-16731116
52,51,53,58,"null","null","null",4,3.9718745,3.5147939,-0.39551884,1.6992425,-2.2791743,-16731116
53,52,54,57,"null","null","null",3,2.6318748,3.0981069,-0.6042892,3.0448964,-1.5045781,-16731116
54,53,55,56,"null","null","null",2,1.6517447,2.361207,-0.6619245,3.664692,-0.32388246,-16731116
59,51,60,63,"null","null","null",3,5.7062707,0.3445301,-2.8342948,0.9791694,-3.5548277,-16731116
60,59,61,62,"null","null","null",2,2.7365425,0.90940034,-2.1905565,0.44105583,-3.8270526,-16731116
64,50,65,68,"null","null","null",4,7.6818633,0.52348053,-3.4706397,2.1206808,-2.143413,-16731116
65,64,66,67,"null","null","null",2,7.2502146,0.6527479,-2.8544078,0.9791694,-3.1268065,-16731116
68,64,69,70,"null","null","null",2,3.3780909,1.8611674,-1.7914399,3.711177,-0.4428624,-16731116
71,49,72,75,"null","null","null",4,8.661704,0.86650527,-3.7314665,2.7414112,-0.38339564,-16731116
72,71,73,74,"null","null","null",2,7.466315,0.5042378,-3.7907991,2.010226,-1.4433506,-16731116
75,71,76,77,"null","null","null",2,4.348244,2.3745215,-0.40725255,3.5997562,-0.8210846,-16731116
79,1,80,109,"null","null","null",25,11.816593,0.84491944,-3.500043,2.7054186,-0.9035219,-16731116
80,79,81,102,"null","null","null",15,10.6857815,0.5235968,-3.409236,1.8475379,-2.4241529,-16731116
81,80,82,93,"null","null","null",11,10.578207,0.6580924,-2.7564812,0.6457026,-3.3870258,-16731116
82,81,83,92,"null","null","null",6,9.688686,2.0156596,-2.1365538,0.46288577,-3.516667,-16731116
83,82,84,91,"null","null","null",5,7.721375,3.1657724,-1.1971772,0.63761365,-2.9699712,-16731116
84,83,85,90,"null","null","null",4,5.311604,3.5147939,-0.39551884,1.6992425,-2.2791743,-12486656
85,84,86,89,"null","null","null",3,4.659607,3.0981069,-0.6042892,3.0448964,-1.5045781,-16731116
86,85,87,88,"null","null","null",2,1.2038187,2.361207,-0.6619245,3.664692,-0.32388246,-16731116
93,81,94,101,"null","null","null",5,8.874983,0.86650527,-3.473289,2.5607443,-0.88763,-16731116
94,93,95,100,"null","null","null",4,3.2112343,0.5042378,-3.4551682,2.010226,-2.4726603,-16731116
95,94,96,99,"null","null","null",3,1.5170009,0.6527479,-2.8342948,0.9791694,-3.5548277,-12486656
96,95,97,98,"null","null","null",2,0.07911967,0.90940034,-2.1905565,0.44105583,-3.8270526,-16731116
102,80,103,108,"null","null","null",4,7.9548073,1.7788353,-2.8520734,3.2712228,-0.40147904,-16731116
103,102,104,107,"null","null","null",3,3.2392194,0.641129,-3.7314665,2.5607443,-0.6642305,-16731116
104,103,105,106,"null","null","null",2,0.57409227,0.5042378,-3.7907991,2.010226,-1.4433506,-16731116
109,79,110,119,"null","null","null",10,11.155141,2.5519576,-1.3502572,3.6143339,-0.7950944,-16731116
110,109,111,118,"null","null","null",5,8.84496,1.7788353,-2.8520734,3.4101975,-0.5592989,-16731116
111,110,112,115,"null","null","null",4,8.176251,0.4148165,-3.7314665,2.7414112,-0.6642305,-16731116
112,111,113,114,"null","null","null",2,5.032339,0.5042378,-3.7907991,2.010226,-1.4433506,-16731116
115,111,116,117,"null","null","null",2,4.7336416,2.3745215,-0.40725255,3.5997562,-0.8210846,-16731116
119,109,120,125,"null","null","null",5,8.744003,3.48903,-0.7370672,1.5287724,-2.5840373,-16731116
120,119,121,124,"null","null","null",3,6.5083957,3.1200044,-0.59051746,2.9140122,-1.6001905,-16731116
121,120,122,123,"null","null","null",2,4.931805,2.3745215,-0.66423035,3.5997562,-0.41359985,-16731116
125,119,126,127,"null","null","null",2,2.768469,0.7310634,-2.2381618,0.6717531,-3.81672,-16731116
