index,parent,child1,child2,name1,name2,common,richness,lengthbr,hxmax,hxmin,hymax,hymin,color
0,-268331897,1,128,"Ploceidae","null","Weavers and more",74,12.049755,0.29949006,-3.5723233,2.6772187,-1.1122096,-16731116
1,0,2,111,"null","null","null",64,11.621425,0.5419747,-3.42699,1.8458359,-2.6213481,-16731116
2,1,3,76,"null","null","null",55,11.303272,0.66192496,-2.7680726,0.6348217,-3.5377078,-16731116
3,2,4,69,"null","null","null",37,9.574598,2.2184484,-2.0607424,0.48397422,-3.6238084,-16731116
4,3,5,60,"null","null","null",33,6.9474716,3.32775,-0.8866466,0.64591277,-3.0781689,-16731116
5,4,6,57,"null","null","null",28,6.721328,3.6272287,-0.41857076,1.790672,-2.4606717,-16731116
6,5,7,54,"null","null","null",26,5.4838505,3.1946898,-0.61676085,3.0697324,-1.2878677,-16731116
7,6,8,41,"null","null","null",24,5.1606364,2.508493,-1.380286,3.5929284,-0.34808123,-16731116
8,7,9,36,"null","null","null",17,3.4830663,1.529705,-2.8080416,3.316045,-0.5755019,-16731116
9,8,10,27,"null","null","null",14,2.3488817,0.47730148,-3.5679421,2.6208591,-0.90352786,-16731116
10,9,11,24,"null","null","null",9,2.3418784,0.5235976,-3.4975019,2.0181618,-2.4241579,-16731116
11,10,12,19,"null","null","null",7,1.6424899,0.6580926,-2.8712263,0.64569753,-3.387028,-16731116
12,11,13,18,"null","null","null",4,1.0956111,2.1815941,-2.1365514,0.46288663,-3.516666,-16731116
13,12,14,17,"null","null","null",3,0.7217242,3.381483,-1.1971728,0.637614,-2.9699686,-16731116
14,13,15,16,"null","null","null",2,0.7217242,3.7952137,-0.39551976,0.6459111,-2.2791727,-16731116
19,11,20,23,"null","null","null",3,0.8120739,0.86650443,-3.7314677,2.56074,-0.38339615,-16731116
20,19,21,22,"null","null","null",2,0.31757176,0.50423855,-3.7907977,2.0102232,-1.4433578,-16731116
24,10,25,26,"null","null","null",2,1.2121755,1.7788317,-1.9610568,3.6551337,-0.40147734,-12486656
27,9,28,33,"null","null","null",5,1.5465572,2.6735475,-1.1773405,3.4240794,-0.7950933,-16731116
28,27,29,32,"null","null","null",3,1.5465571,1.7788317,-2.6272786,3.1628635,-0.5592996,-16731116
29,28,30,31,"null","null","null",2,1.2725656,0.6411245,-3.439229,2.419877,-0.6642306,-12486656
33,27,34,35,"null","null","null",2,1.4899577,3.7626114,-0.73706603,0.439019,-2.3134394,-16731116
36,8,37,40,"null","null","null",3,1.4451339,3.0981069,-0.2750016,3.0448964,-1.5045781,-16731116
37,36,38,39,"null","null","null",2,1.1462688,2.361207,-0.6619245,3.664692,-0.32388246,-12486656
41,7,42,53,"null","null","null",7,3.3443456,3.5147939,-0.70525765,1.5568684,-2.2791743,-16731116
42,41,43,50,"null","null","null",6,3.3443456,3.0981069,-0.6042892,2.8598099,-1.4209399,-16731116
43,42,44,49,"null","null","null",4,1.0804312,2.361207,-1.1773405,3.4240794,-0.32388246,-16731116
44,43,45,48,"null","null","null",3,0.21533346,1.7788317,-2.6272786,3.1628635,-0.5592996,-16731116
45,44,46,47,"null","null","null",2,0.104169525,0.6411245,-3.439229,2.419877,-0.6642306,-16731116
50,42,51,52,"null","null","null",2,1.626302,2.7384992,-1.3026755,0.30320144,-3.2226942,-16731116
54,6,55,56,"null","null","null",2,1.528528,2.8755686,-1.1971772,0.31716225,-3.1081505,-16731116
57,5,58,59,"null","null","null",2,1.571444,1.0880269,-2.1365538,0.60018003,-3.8261664,-12486656
60,4,61,66,"null","null","null",5,5.1215205,0.35782927,-2.7521253,0.90259767,-3.4687886,-16731116
61,60,62,65,"null","null","null",3,2.1408527,1.7924259,-2.1365538,0.46288577,-3.6229587,-12486656
62,61,63,64,"null","null","null",2,1.5314759,2.8755686,-1.1971772,0.63761365,-3.1081505,-12486656
66,60,67,68,"null","null","null",2,1.5569798,0.86650527,-3.4392254,2.4198835,-0.38339564,-16731116
69,3,70,75,"null","null","null",4,4.2124267,0.48358285,-3.4058852,1.9383985,-2.6072886,-12486656
70,69,71,74,"null","null","null",3,2.2554379,0.6580924,-2.7521253,0.867519,-3.6251023,-16731116
71,70,72,73,"null","null","null",2,1.4700098,1.0880269,-2.1365538,0.46288577,-3.8261664,-16731116
76,2,77,94,"null","null","null",18,11.303272,0.84491944,-3.5743203,2.7054186,-0.95190215,-16731116
77,76,78,91,"null","null","null",9,8.812003,0.5235968,-3.5057967,2.0181658,-2.4870472,-16731116
78,77,79,86,"null","null","null",7,8.015214,0.6580924,-2.88201,0.6457026,-3.4687886,-16731116
79,78,80,83,"null","null","null",4,4.7990956,1.7924259,-2.3054042,0.46288577,-3.6229587,-16731116
80,79,81,82,"null","null","null",2,1.2678549,2.8755686,-1.1971772,0.63761365,-3.1081505,-16731116
83,79,84,85,"null","null","null",2,1.7831755,0.52348053,-3.7907991,2.010226,-1.4433506,-12486656
86,78,87,90,"null","null","null",3,2.7798445,0.86650527,-3.7314665,2.5607443,-0.38339564,-16731116
87,86,88,89,"null","null","null",2,1.1966678,0.5042378,-3.7907991,2.010226,-1.4433506,-16731116
91,77,92,93,"null","null","null",2,1.3074813,1.7788353,-1.9610502,3.6551359,-0.40147904,-16731116
94,76,95,104,"null","null","null",9,7.0120597,2.5519576,-1.3502572,3.6143339,-0.7950944,-16731116
95,94,96,103,"null","null","null",5,3.7030487,1.7788353,-2.8520734,3.4101975,-0.5592989,-16731116
96,95,97,100,"null","null","null",4,3.2332263,0.4148165,-3.7314665,2.7414112,-0.6642305,-16731116
97,96,98,99,"null","null","null",2,1.0618887,0.5042378,-3.7907991,2.010226,-1.4433506,-16731116
100,96,101,102,"null","null","null",2,1.3473256,2.3745215,-0.40725255,3.5997562,-0.8210846,-16731116
104,94,105,110,"null","null","null",4,1.2822824,3.48903,-0.7370672,1.5287724,-2.3134408,-16731116
105,104,106,109,"null","null","null",3,0.80864197,3.1200044,-0.59051746,2.9140122,-1.6001905,-16731116
106,105,107,108,"null","null","null",2,0.4286057,2.3745215,-0.66423035,3.5997562,-0.41359985,-16731116
111,1,112,125,"null","null","null",9,7.8285966,1.6749359,-2.7538254,3.445506,-0.35959655,-16731116
112,111,113,120,"null","null","null",7,6.911999,0.3384865,-3.4974654,2.7891583,-1.0443956,-16731116
113,112,114,119,"null","null","null",4,3.402148,0.5235968,-3.4058852,1.9383985,-2.6072886,-16731116
114,113,115,118,"null","null","null",3,1.9279814,0.6580924,-2.7521253,0.867519,-3.6251023,-16731116
115,114,116,117,"null","null","null",2,1.0553188,1.0880269,-2.1365538,0.46288577,-3.8261664,-12486656
120,112,121,124,"null","null","null",3,3.388729,2.3612075,-0.6648546,3.8027482,-0.7950944,-12486656
121,120,122,123,"null","null","null",2,0.84070784,1.7788353,-1.9610502,3.6551359,-0.5592989,-12486656
125,111,126,127,"null","null","null",2,1.4465148,3.4248688,-0.27500102,2.444159,-1.5045819,-16731116
128,0,129,146,"null","null","null",10,8.906283,2.3408208,-1.3385786,3.6562042,-0.7670516,-16731116
129,128,130,143,"null","null","null",9,7.1140323,1.6749359,-2.7538254,3.3983066,-0.5755012,-16731116
130,129,131,140,"null","null","null",7,6.474126,0.3384865,-3.4974654,2.727799,-1.0443956,-16731116
131,130,132,139,"null","null","null",5,4.341702,0.5235968,-3.4058852,1.9383985,-2.6072886,-12486656
132,131,133,136,"null","null","null",4,3.9228034,0.6580924,-2.7521253,0.5830978,-3.6251023,-16731116
133,132,134,135,"null","null","null",2,1.7301776,1.0880269,-2.1365538,0.46288577,-3.8261664,-16731116
136,132,137,138,"null","null","null",2,1.4929736,0.86650527,-3.4392254,2.4198835,-0.38339564,-12486656
140,130,141,142,"null","null","null",2,1.4500571,2.3612075,-0.41842124,3.6646893,-0.7950944,-16731116
143,129,144,145,"null","null","null",2,1.5254202,3.4248688,-0.27500102,2.444159,-1.5045819,-16731116
