index,parent,child1,child2,name1,name2,common,richness,lengthbr,hxmax,hxmin,hymax,hymin,color
0,-268420094,1,48,"null","null","null",29,28.924597,0.8246654,-2.677444,0.86650753,-3.5097008,-16731116
1,0,2,33,"null","null","null",24,24.707495,2.3908134,-1.9868143,0.5042357,-3.5025122,-16731116
2,1,3,28,"null","null","null",16,17.552385,3.4484384,-0.7673198,0.6527473,-2.895844,-12486656
3,2,4,23,"null","null","null",13,15.406669,3.6887577,-0.44105315,1.8643892,-2.2705646,-12486656
4,3,5,20,"null","null","null",10,13.508872,3.231102,-0.6278822,3.0686283,-1.1514597,-12486656
5,4,6,17,"null","null","null",8,12.269439,2.5840425,-1.4435894,3.489027,-0.3719881,-16731116
6,5,7,14,"null","null","null",6,9.362435,1.5501502,-2.8032832,3.1200066,-0.590516,-12486656
7,6,8,13,"null","null","null",4,5.6708083,0.41361272,-3.4558198,2.374523,-0.9977215,-12486656
8,7,9,12,"null","null","null",3,5.1166306,0.5419725,-3.275545,1.8611767,-2.4725237,-11184866
9,8,10,11,"null","null","null",2,3.27456,0.6619246,-2.571195,0.75470394,-3.3442492,-11184866
14,6,15,16,"null","null","null",2,3.3033543,3.3284197,-0.2891272,2.5944867,-1.4052919,-16731116
17,5,18,19,"null","null","null",2,3.0372036,3.8167186,-0.6717566,0.7310459,-2.2381659,-16731116
20,4,21,22,"null","null","null",2,2.8703432,3.0051577,-1.0892141,0.33095467,-2.9852443,-11184866
23,3,24,27,"null","null","null",3,8.831928,1.9702901,-2.0763724,0.5624025,-3.5523252,-16731116
24,23,25,26,"null","null","null",2,3.7001066,3.0051577,-1.0892141,0.64591175,-2.9852443,-12486656
28,2,29,32,"null","null","null",3,7.556494,0.3707999,-2.6608334,0.8857589,-3.6840534,-12486656
29,28,30,31,"null","null","null",2,3.3712754,1.2662215,-2.0763724,0.4839717,-3.8140683,-12486656
33,1,34,43,"","null","Forest-Rails and Crakes",8,17.7878,0.44286698,-3.4099584,1.7062047,-2.5790346,-16731116
34,33,35,40,"null","null","null",5,11.287224,0.6619246,-2.745932,0.49051535,-3.4827123,-16731116
35,34,36,39,"null","null","null",3,5.3875036,1.9702911,-2.0763721,0.48397177,-3.5523243,-16731116
36,35,37,38,"null","null","null",2,3.5693407,3.0051584,-1.0892134,0.6459118,-2.9852433,-16731116
40,34,41,42,"null","null","null",2,3.945829,0.8449222,-3.5244946,2.3807096,-0.39556065,-12486656
43,33,44,47,"null","null","null",3,7.2356405,1.6917375,-2.7746086,3.1313152,-0.35960135,-16731116
44,43,45,46,"null","null","null",2,3.4467492,0.5272941,-3.5244944,2.3807096,-0.665,-16731116
48,0,49,54,"","null","Swamphen, Gallinules and Takane",5,17.770271,0.82108724,-3.4558206,2.705151,-0.9977243,-16731116
49,48,50,53,"null","null","null",3,8.235234,0.5419729,-3.2755442,1.8611754,-2.4725256,-12486656
50,49,51,52,"null","null","null",2,5.81496,0.66192466,-2.5711937,0.7547028,-3.34425,-12486656
54,48,55,56,"null","null","null",2,11.36357,2.3408232,-0.4290228,3.7190406,-0.76705474,-16731116
