index,parent,child1,child2,name1,name2,common,richness,lengthbr,hxmax,hxmin,hymax,hymin,color
0,-268368826,1,90,"null","null","null",53,18.161114,3.2514277,-0.92879295,0.3309561,-2.9955587,-16731116
1,0,2,65,"Cisticolidae","null","Cisticolas and more",45,14.768396,3.5280137,-0.4185698,1.7906663,-2.3532767,-16731116
2,1,3,44,"null","null","null",32,10.675752,3.065712,-0.6167603,3.069729,-1.2656637,-16731116
3,2,4,43,"null","null","null",21,10.111083,2.3408208,-1.3840548,3.592928,-0.34808022,-16731116
4,3,5,36,"null","null","null",20,8.724848,1.5297087,-2.8129447,3.3160472,-0.5755012,-16731116
5,4,6,21,"null","null","null",16,7.9206915,0.4827811,-3.5743203,2.6208618,-0.95190215,-16731116
6,5,7,16,"null","null","null",8,5.9540114,0.5235968,-3.5057967,1.7993804,-2.4870472,-16731116
7,6,8,15,"null","null","null",5,4.7869015,0.6580924,-2.88201,0.867519,-3.4687886,-16731116
8,7,9,12,"null","null","null",4,4.0160794,1.7924259,-2.3054042,0.46288577,-3.6229587,-16731116
9,8,10,11,"null","null","null",2,1.8332651,2.8755686,-1.1971772,0.63761365,-3.1081505,-16731116
12,8,13,14,"null","null","null",2,1.5236235,0.52348053,-3.7907991,2.010226,-1.4433506,-16731116
16,6,17,20,"null","null","null",3,3.0690045,1.7788353,-2.6272726,3.1628685,-0.40147904,-12486656
17,16,18,19,"null","null","null",2,1.6702269,0.641129,-3.4392254,2.4198835,-0.6642305,-12486656
21,5,22,29,"null","null","null",8,6.3952293,2.6858704,-1.1773334,3.4240808,-0.7950944,-16731116
22,21,23,26,"null","null","null",4,5.7052145,1.7948534,-2.6272726,3.1628685,-0.5592989,-16731116
23,22,24,25,"null","null","null",2,1.7338302,0.641129,-3.4392254,2.4198835,-0.6642305,-16731116
26,22,27,28,"null","null","null",2,2.0923905,3.5116992,-0.3173806,2.288054,-1.6001905,-16731116
29,21,30,33,"null","null","null",4,4.802895,3.7903333,-0.7370672,1.0472662,-2.5840373,-16731116
30,29,31,32,"null","null","null",2,1.6673571,3.5116992,-0.59051746,2.288054,-1.6001905,-16731116
33,29,34,35,"null","null","null",2,2.007784,0.7310634,-2.2381618,0.6717531,-3.81672,-16731116
36,4,37,42,"null","null","null",4,6.3922176,3.0981078,-0.27500102,3.1510901,-1.5045819,-16731116
37,36,38,41,"null","null","null",3,4.1113124,2.3612075,-0.6648546,3.8027482,-0.32388148,-16731116
38,37,39,40,"null","null","null",2,2.5094595,1.7788353,-1.9610502,3.6551359,-0.5592989,-16731116
44,2,45,64,"null","null","null",11,10.016114,3.1657686,-1.1971815,0.31716168,-3.0581841,-16731116
45,44,46,57,"null","null","null",10,8.308571,3.514793,-0.3955179,1.5568639,-2.3938498,-16731116
46,45,47,54,"null","null","null",6,6.6608553,3.0981078,-0.6042887,2.859808,-1.4209453,-16731116
47,46,48,53,"null","null","null",4,5.4158316,2.3612075,-1.1773334,3.4240808,-0.32388148,-16731116
48,47,49,52,"null","null","null",3,2.4221292,1.7788353,-2.6272726,3.1628685,-0.5592989,-16731116
49,48,50,51,"null","null","null",2,2.1580262,0.641129,-3.4392254,2.4198835,-0.6642305,-16731116
54,46,55,56,"null","null","null",2,2.0729523,2.7384934,-1.3026797,0.30320084,-3.2226985,-16731116
57,45,58,63,"null","null","null",4,6.5553217,2.0262847,-2.1905591,0.63668096,-3.5286393,-16731116
58,57,59,62,"null","null","null",3,3.5317862,3.2790842,-1.3026797,0.6278831,-3.0229445,-16731116
59,58,60,61,"null","null","null",2,1.2939764,3.76261,-0.37199032,0.6527471,-2.3134408,-16731116
65,1,66,89,"null","null","null",13,8.44944,2.0156536,-2.1365566,0.6001816,-3.5845218,-16731116
66,65,67,84,"null","null","null",12,6.623459,3.1657686,-1.0032619,0.6376133,-3.0581841,-16731116
67,66,68,77,"null","null","null",9,5.4301414,3.514793,-0.3955179,1.5568639,-2.3938498,-16731116
68,67,69,76,"null","null","null",5,4.095465,3.0981078,-0.6042887,2.859808,-1.5045819,-16731116
69,68,70,75,"null","null","null",4,3.3987403,2.3612075,-1.1773334,3.4240808,-0.32388148,-16731116
70,69,71,74,"null","null","null",3,2.890312,1.7788353,-2.6272726,3.1628685,-0.5592989,-16731116
71,70,72,73,"null","null","null",2,0.84878254,0.641129,-3.4392254,2.4198835,-0.6642305,-16731116
77,67,78,83,"null","null","null",4,4.479069,2.0262847,-2.1905591,0.63668096,-3.5286393,-16731116
78,77,79,82,"null","null","null",3,3.7217197,3.2790842,-1.3026797,0.6278831,-3.0229445,-16731116
79,78,80,81,"null","null","null",2,1.5226074,3.76261,-0.37199032,0.6527471,-2.3134408,-16731116
84,66,85,88,"null","null","null",3,4.3251047,0.34452954,-2.8342981,0.9791734,-3.5548244,-16731116
85,84,86,87,"null","null","null",2,1.620349,0.9093931,-2.1905591,0.4410549,-3.827052,-16731116
90,0,91,104,"null","null","null",8,15.923282,0.55628717,-2.7725592,0.90259826,-3.3870234,-16731116
91,90,92,99,"null","null","null",7,14.875008,2.1643844,-2.163116,0.4628849,-3.5166674,-16731116
92,91,93,98,"Cisticolidae","null","Cisticolas and more",4,11.921067,3.3591185,-1.1971815,0.6376133,-2.9699733,-16731116
93,92,94,97,"null","null","null",3,8.329229,3.7661476,-0.3955179,1.2371341,-2.2791758,-16731116
94,93,95,96,"null","null","null",2,3.3423805,3.4248688,-0.6042887,2.444159,-1.5045819,-16731116
99,91,100,103,"Sylviidae","null","Old World warblers",3,14.404259,0.5234822,-3.4706435,2.010228,-2.1434073,-12486656
100,99,101,102,"null","null","null",2,2.6576228,0.65274775,-2.854413,0.9791734,-3.1268015,-16731116
