index,parent,child1,child2,name1,name2,common,richness,lengthbr,hxmax,hxmin,hymax,hymin,color
0,-268270549,1,82,"","null","Hornbills",57,33.420113,0.34807888,-3.64296,2.5084977,-1.3385706,-16731116
1,0,2,75,"Bucerotidae","null","Hornbills",41,29.160423,0.57550037,-3.3810925,1.5297141,-2.75382,-16731116
2,1,3,52,"null","null","null",37,28.098516,0.9343986,-2.7054205,0.48278624,-3.4974644,-16731116
3,2,4,37,"null","null","null",25,26.162579,2.4642966,-1.9093091,0.52359575,-3.4058883,-12486656
4,3,5,36,"null","null","null",17,23.952421,3.4392185,-0.86752474,0.65809214,-2.7521303,-12486656
5,4,6,35,"null","null","null",16,18.575409,3.5845225,-0.46288455,2.1250107,-2.1365573,-12486656
6,5,7,34,"null","null","null",15,15.085072,3.0581853,-0.6376132,3.3079345,-1.1971827,-12486656
7,6,8,23,"null","null","null",14,14.962559,2.3938508,-1.5568628,3.6996102,-0.39551753,-12486656
8,7,9,20,"null","null","null",8,11.15085,1.4209465,-2.859808,3.3383713,-0.60428846,-12486656
9,8,10,17,"null","null","null",6,7.6970544,0.32388112,-3.424083,2.6735497,-1.1773298,-12486656
10,9,11,14,"null","null","null",4,5.5269012,0.55929863,-3.1628723,1.7948548,-2.6272693,-12486656
11,10,12,13,"null","null","null",2,1.9844254,0.6642305,-2.4198883,0.6411318,-3.4392228,-12486656
14,10,15,16,"null","null","null",2,2.2292817,1.6001905,-2.288054,3.5116992,-0.31738126,-12486656
17,9,18,19,"null","null","null",2,2.4861035,2.3134413,-0.43901843,3.76261,-0.7370677,-16731116
20,8,21,22,"null","null","null",2,4.1067424,3.2226985,-0.30320063,2.7384934,-1.3026792,-12486656
23,7,24,31,"null","null","null",6,10.368809,3.5286393,-0.63668156,2.0262847,-2.3868876,-12486656
24,23,25,28,"null","null","null",4,9.500652,3.0229447,-0.6278831,3.2790842,-1.1514461,-16731116
25,24,26,27,"null","null","null",2,3.7857122,2.3134413,-0.6527471,3.76261,-0.37199032,-16731116
28,24,29,30,"null","null","null",2,4.0949855,3.0051708,-1.0892029,0.33095595,-2.9852307,-12486656
31,23,32,33,"null","null","null",2,4.3919287,1.2662389,-2.0763667,0.56239915,-3.8140662,-11184866
37,3,38,47,"null","null","null",8,20.537657,0.4014814,-3.4101982,1.6207705,-2.6626267,-12486656
38,37,39,44,"null","null","null",5,16.641779,0.66423047,-2.7414122,0.41481966,-3.4851902,-12486656
39,38,40,43,"null","null","null",3,8.688632,2.1434062,-2.0102289,0.50423694,-3.4706433,-11184866
40,39,41,42,"null","null","null",2,5.166533,3.1268015,-0.9791734,0.6527477,-2.854413,-11184866
44,38,45,46,"null","null","null",2,5.302964,0.8210856,-3.5997543,2.374522,-0.40725207,-12486656
47,37,48,51,"null","null","null",3,12.535341,1.6001936,-2.9140077,3.1200051,-0.31738234,-16731116
48,47,49,50,"null","null","null",2,6.138546,0.4136042,-3.5997536,2.3745222,-0.66423035,-12486656
52,2,53,70,"null","null","null",12,21.248178,0.7950959,-3.6143324,2.6858733,-1.1974833,-16731116
53,52,54,69,"null","null","null",9,17.568295,0.5592982,-3.4101982,1.7788389,-2.653471,-16731116
54,53,55,66,"null","null","null",8,13.4584465,0.8217356,-2.7414122,0.41481966,-3.4732878,-16731116
55,54,56,65,"null","null","null",6,9.17471,2.3870003,-2.0102289,0.50423694,-3.4551704,-16731116
56,55,57,62,"null","null","null",5,7.5057983,3.4434738,-0.72746825,0.6527477,-2.8342981,-16731116
57,56,58,61,"null","null","null",3,3.7507138,3.6822963,-0.4410549,1.6104459,-2.1905591,-16731116
58,57,59,60,"null","null","null",2,1.5636648,3.2226985,-0.6278831,2.7384934,-1.3026792,-16731116
62,56,63,64,"null","null","null",2,2.899119,0.3708009,-2.5711813,0.88575745,-3.344258,-16731116
66,54,67,68,"null","null","null",2,5.7254906,0.8210856,-3.5997543,2.374522,-0.40725207,-16731116
70,52,71,74,"null","null","null",3,11.534025,2.313442,-1.0472589,3.7903347,-0.73706853,-16731116
71,70,72,73,"null","null","null",2,4.8623486,1.6001945,-2.2880476,3.5117025,-0.590517,-16731116
75,1,76,81,"null","null","null",4,16.249481,1.5045867,-3.151086,3.0981097,-0.2750002,-12486656
76,75,77,80,"null","null","null",3,8.942648,0.3238803,-3.802748,2.361209,-0.6648438,-12486656
77,76,78,79,"null","null","null",2,3.7823942,0.5592979,-3.6551394,1.7788401,-1.9610406,-12486656
82,0,83,110,"null","null","null",16,25.773737,2.526481,-1.6694314,3.5147924,-0.7052609,-16731116
83,82,84,103,"Bucerotidae","null","Hornbills",14,19.116177,1.3321714,-3.0061502,3.0981097,-0.60428804,-16731116
84,83,85,102,"null","null","null",10,14.366341,0.32388014,-3.6143317,2.361209,-1.1974815,-16731116
85,84,86,97,"null","null","null",9,14.366341,0.5592979,-3.4101982,1.6207718,-2.6534698,-16731116
86,85,87,94,"null","null","null",6,10.921971,0.8876209,-2.7414122,0.41482085,-3.4732876,-16731116
87,86,88,93,"null","null","null",4,8.583069,2.4726522,-2.01023,0.50423664,-3.455171,-16731116
88,87,89,92,"null","null","null",3,7.7411103,3.5548232,-0.979175,0.6527476,-2.8342993,-16731116
89,88,90,91,"null","null","null",2,5.1455812,3.827052,-0.44105458,0.90939033,-2.1905596,-16731116
94,86,95,96,"null","null","null",2,3.118298,0.82108605,-3.5997536,2.3745222,-0.4072519,-16731116
97,85,98,101,"null","null","null",3,6.931239,1.600195,-2.9140053,3.1200054,-0.31738296,-16731116
98,97,99,100,"null","null","null",2,3.5602229,0.41360593,-3.5997522,2.3745222,-0.66423047,-16731116
103,83,104,109,"null","null","null",4,10.936502,3.022947,-0.30320007,3.300408,-1.3026844,-16731116
104,103,105,108,"null","null","null",3,10.42986,2.3134427,-1.0472538,3.7903357,-0.37198916,-16731116
105,104,106,107,"null","null","null",2,6.65628,1.6001966,-2.288043,3.511705,-0.5905167,-16731116
110,82,111,112,"Bucorvidae","null","Ground-hornbills",2,7.561499,3.827052,-0.63668275,0.90938497,-2.1905613,-12486656
