index,parent,child1,child2,name1,name2,common,richness,lengthbr,hxmax,hxmin,hymax,hymin,color
0,-268390349,1,165,"","null","New World warblers, Buntings, American Sparrows and more",123,18.19232,0.8210844,-3.508861,2.6047633,-1.0751618,-16731116
1,0,2,160,"Parulidae","null","New World warblers",116,17.27465,0.5419747,-3.344489,1.7061951,-2.5731862,-16731116
2,1,3,159,"null","null","null",113,11.320389,0.6658766,-2.6608212,0.7546901,-3.4750972,-16731116
3,2,4,158,"null","null","null",112,10.322344,2.2483428,-2.0763643,0.48397422,-3.5424147,-16731116
4,3,5,137,"null","null","null",111,9.422939,3.3666127,-0.94437313,0.64591277,-2.972357,-16731116
5,4,6,94,"null","null","null",100,9.250174,3.67775,-0.41857076,1.8036424,-2.3231165,-16731116
6,5,7,92,"null","null","null",78,8.935082,3.2603674,-0.61676085,3.0865939,-1.2890064,-16731116
7,6,8,59,"null","null","null",43,8.07329,2.5938737,-1.3438845,3.6148481,-0.34808123,-16731116
8,7,9,42,"null","null","null",26,7.3460927,1.529705,-2.7607198,3.344541,-0.5755019,-16731116
9,8,10,33,"null","null","null",17,6.2581663,0.33848345,-3.5064235,2.6579041,-0.90352786,-16731116
10,9,11,32,"null","null","null",12,5.356443,0.5235976,-3.4175277,1.9383955,-2.4241579,-16731116
11,10,12,31,"null","null","null",11,4.1234956,0.6580926,-2.76726,0.86751455,-3.387028,-16731116
12,11,13,24,"null","null","null",10,3.3213768,2.0156658,-2.1562314,0.46288663,-3.516666,-16731116
13,12,14,23,"null","null","null",6,3.094177,3.1657763,-1.1971728,0.637614,-2.9699686,-16731116
14,13,15,22,"null","null","null",5,2.8289406,3.5147948,-0.39551976,1.7809386,-2.2791727,-16731116
15,14,16,21,"null","null","null",4,2.6276262,3.098106,-0.60428977,3.1510973,-1.5045741,-12486656
16,15,17,20,"null","null","null",3,2.0831623,2.3612065,-0.66487014,3.8027487,-0.32388347,-16731116
17,16,18,19,"null","null","null",2,1.205662,1.7788285,-1.9610639,3.655131,-0.5593003,-16731116
24,12,25,30,"null","null","null",4,3.0475664,0.523479,-3.4551668,2.0102232,-2.4726658,-16731116
25,24,26,29,"null","null","null",3,2.097798,0.6527482,-2.834292,0.97916484,-3.5548306,-16731116
26,25,27,28,"null","null","null",2,0.3490003,0.9094076,-2.1905546,0.44105673,-3.8270526,-16731116
33,9,34,41,"null","null","null",5,5.258335,2.361207,-1.3502631,3.50743,-0.7950933,-16731116
34,33,35,40,"null","null","null",4,4.7170334,1.7788317,-2.8520777,3.2712197,-0.5592996,-16731116
35,34,36,39,"null","null","null",3,3.5440316,0.6411245,-3.7314677,2.56074,-0.6642306,-16731116
36,35,37,38,"null","null","null",2,0.86851585,0.50423855,-3.7907977,2.0102232,-1.4433578,-12486656
42,8,43,52,"null","null","null",9,6.903904,3.0981069,-0.2750016,2.8598099,-1.3321614,-16731116
43,42,44,51,"null","null","null",5,5.457726,2.361207,-1.1773405,3.4240794,-0.32388246,-16731116
44,43,45,48,"null","null","null",4,5.4303675,1.7948487,-2.6272786,3.1628635,-0.5592996,-16731116
45,44,46,47,"null","null","null",2,1.0185115,0.6411245,-3.439229,2.419877,-0.6642306,-16731116
48,44,49,50,"null","null","null",2,2.8595448,3.5116959,-0.31737888,2.2880604,-1.6001867,-16731116
52,42,53,58,"null","null","null",4,6.484834,3.3004124,-1.3026755,0.30320144,-3.0229423,-16731116
53,52,54,57,"null","null","null",3,5.1153035,3.7903328,-0.37199128,1.0472739,-2.3134394,-16731116
54,53,55,56,"null","null","null",2,3.3000991,3.5116959,-0.59051806,2.2880604,-1.6001867,-16731116
59,7,60,77,"null","null","null",17,7.4130316,3.7069008,-0.70525765,1.5568684,-2.4650097,-16731116
60,59,61,72,"null","null","null",9,6.5601387,3.347846,-0.6042892,2.8598099,-1.3321614,-16731116
61,60,62,67,"null","null","null",6,6.070205,2.6858683,-1.1773405,3.4240794,-0.32388246,-16731116
62,61,63,66,"null","null","null",3,5.6785054,1.7788317,-2.6272786,3.1628635,-0.5592996,-16731116
63,62,64,65,"null","null","null",2,3.206407,0.6411245,-3.439229,2.419877,-0.6642306,-16731116
67,61,68,71,"null","null","null",3,4.8279405,3.7903328,-0.73706603,1.0472739,-2.3134394,-16731116
68,67,69,70,"null","null","null",2,3.3241267,3.5116959,-0.59051806,2.2880604,-1.6001867,-12486656
72,60,73,76,"null","null","null",3,5.5955143,3.2790883,-1.3026755,0.30320144,-3.0229423,-16731116
73,72,74,75,"null","null","null",2,2.8713667,3.7626114,-0.37199128,0.6527469,-2.3134394,-16731116
77,59,78,87,"null","null","null",8,5.5821333,2.042694,-2.2705507,0.63667953,-3.6887546,-16731116
78,77,79,86,"null","null","null",5,4.6297235,3.3004124,-1.3026755,0.6278835,-3.2310927,-16731116
79,78,80,83,"null","null","null",4,4.17795,3.7903328,-0.37199128,1.0472739,-2.584035,-16731116
80,79,81,82,"null","null","null",2,1.3176045,3.5116959,-0.59051806,2.2880604,-1.6001867,-12486656
83,79,84,85,"null","null","null",2,3.8666265,0.73107064,-2.2381597,0.6717517,-3.8167205,-16731116
87,77,88,91,"null","null","null",3,2.837265,0.5623976,-3.5523148,2.0763648,-1.9703121,-12486656
88,87,89,90,"null","null","null",2,0.9902053,0.64591265,-2.9852276,1.0892005,-3.0051742,-8572416
92,6,-268376064,93,"null","null","null",35,7.2580395,3.313547,-1.1971772,0.31716225,-3.1107125,-16731116
94,5,95,132,"null","null","null",22,8.923491,2.0824463,-2.1631112,0.60018003,-3.516667,-16731116
95,94,96,129,"null","null","null",19,8.696636,3.2525952,-1.0121964,0.63761365,-2.9699712,-16731116
96,95,97,128,"null","null","null",17,6.245456,3.6276634,-0.39551884,1.6061882,-2.2791743,-16731116
97,96,98,121,"null","null","null",16,5.4771037,3.2448373,-0.6042892,2.9239256,-1.3321614,-16731116
98,97,99,112,"null","null","null",12,5.167183,2.5519564,-1.1974955,3.50743,-0.32388246,-12486656
99,98,100,111,"null","null","null",7,3.3640556,1.7788317,-2.6534798,3.2712197,-0.5592996,-12486656
100,99,101,110,"null","null","null",6,2.6480782,0.6411245,-3.4732904,2.56074,-0.8217461,-12486656
101,100,102,109,"null","null","null",5,0.93260586,0.50423855,-3.4551668,2.0102232,-2.3870084,-12486656
102,101,103,108,"null","null","null",4,0.5729122,0.6527482,-2.834292,0.97916484,-3.443476,-16731116
103,102,104,107,"null","null","null",3,0.33200774,1.6104609,-2.1905546,0.44105673,-3.6822917,-16731116
104,103,105,106,"null","null","null",2,0.26677597,2.7385051,-1.3026711,0.6278839,-3.2226896,-12486656
112,98,113,118,"null","null","null",5,4.613723,3.4890313,-0.73706603,1.5287797,-2.584035,-16731116
113,112,114,117,"null","null","null",3,2.6679008,3.1200037,-0.59051806,2.914018,-1.6001867,-16731116
114,113,115,116,"null","null","null",2,1.4775376,2.374521,-0.6642302,3.599759,-0.4135952,-16731116
118,112,119,120,"null","null","null",2,1.9063041,0.73107064,-2.2381597,0.6717517,-3.8167205,-16731116
121,97,122,127,"null","null","null",4,5.15854,3.3004124,-1.3026755,0.30320144,-3.0229423,-16731116
122,121,123,126,"null","null","null",3,3.3171668,3.7903328,-0.37199128,1.0472739,-2.3134394,-16731116
123,122,124,125,"null","null","null",2,1.3019019,3.5116959,-0.59051806,2.2880604,-1.6001867,-16731116
129,95,130,131,"null","null","null",2,7.5200324,0.3445301,-2.8544078,0.9791694,-3.1268065,-16731116
132,94,133,136,"null","null","null",3,7.563001,0.52348053,-3.4706397,2.010226,-2.143413,-16731116
133,132,134,135,"null","null","null",2,3.7818904,0.6527479,-2.8544078,0.9791694,-3.1268065,-16731116
137,4,138,153,"null","null","null",11,8.398185,0.44188523,-2.88201,0.90259767,-3.3870258,-16731116
138,137,139,150,"null","null","null",8,5.2666655,2.0156596,-2.3054042,0.46288577,-3.516667,-16731116
139,138,140,149,"null","null","null",6,4.7560453,3.1657724,-1.1971772,0.63761365,-2.9699712,-16731116
140,139,141,148,"null","null","null",5,1.5407903,3.5147939,-0.39551884,1.780933,-2.2791743,-16731116
141,140,142,147,"null","null","null",4,1.1324713,3.0981069,-0.6042892,3.151094,-1.5045781,-16731116
142,141,143,146,"null","null","null",3,0.95038974,2.361207,-0.6648622,3.8027487,-0.32388246,-16731116
143,142,144,145,"null","null","null",2,0.71336555,1.7788317,-1.9610568,3.6551337,-0.5592996,-16731116
150,138,151,152,"null","null","null",2,0.4512996,0.52348053,-3.7907991,2.010226,-1.4433506,-16731116
153,137,154,157,"null","null","null",3,5.486187,0.86650527,-3.7314665,2.5607443,-0.38339564,-12486656
154,153,155,156,"null","null","null",2,1.5422132,0.5042378,-3.7907991,2.010226,-1.4433506,-16731116
160,1,161,164,"null","null","null",3,16.050014,1.6917281,-2.7746239,3.1313145,-0.35959655,-16731116
161,160,162,163,"null","null","null",2,4.3832107,0.5272817,-3.5245032,2.3807092,-0.665,-16731116
165,0,166,175,"null","null","null",7,17.230185,2.6331253,-1.3260034,3.4931793,-0.7670516,-16731116
166,165,167,174,"null","null","null",5,15.195674,1.6917281,-2.7374778,3.1863742,-0.5755012,-16731116
167,166,168,173,"Thraupidae","null","Tanagers",4,6.643659,0.5272817,-3.4762132,2.4522867,-0.8165151,-16731116
168,167,169,172,"null","null","null",3,2.9063706,0.5235968,-3.3782573,1.9383985,-2.311044,-16731116
169,168,170,171,"null","null","null",2,1.9443355,0.6580924,-2.716209,0.867519,-3.2399843,-16731116
175,165,176,177,"Parulidae","null","New World warblers",2,10.467083,3.795211,-0.705259,0.5537361,-2.2791758,-12486656
