index,parent,child1,child2,name1,name2,common,richness,lengthbr,hxmax,hxmin,hymax,hymin,color
0,-268414969,1,100,"","null","Gulls and Kittiwakes",52,9.815842,3.436424,-0.49051315,0.6619247,-2.745932,-16731116
1,0,2,93,"null","null","null",50,7.7147164,3.492147,-0.48397243,2.218437,-2.048473,-16731116
2,1,3,92,"null","null","null",46,7.335269,2.9070115,-0.6459121,3.3277442,-1.0892084,-16731116
3,2,4,91,"null","null","null",45,6.583313,2.2381635,-1.849585,3.6272297,-0.4185688,-16731116
4,3,5,70,"null","null","null",44,5.526409,1.2890165,-3.1463277,3.194695,-0.6167598,-16731116
5,4,6,61,"null","null","null",33,4.595369,0.34807912,-3.6925113,2.5084975,-1.3840487,-16731116
6,5,7,50,"null","null","null",28,3.5051248,0.5755005,-3.4455085,1.5297132,-2.8129406,-16731116
7,6,8,45,"null","null","null",22,3.026338,0.9035123,-2.7891614,0.33849132,-3.5743198,-16731116
8,7,9,44,"null","null","null",19,2.0983071,2.4241447,-1.9384034,0.52359563,-3.505801,-16731116
9,8,10,43,"null","null","null",18,1.6849093,3.387022,-0.8675259,0.65809214,-2.8820167,-16731116
10,9,11,40,"null","null","null",17,1.579519,3.5166676,-0.4628845,2.0156505,-2.3054094,-16731116
11,10,12,39,"null","null","null",15,1.2127138,2.9699745,-0.6376131,3.1657667,-1.1971837,-16731116
12,11,13,38,"null","null","null",14,1.0320783,2.2791765,-1.6061805,3.5147927,-0.3955174,-16731116
13,12,14,29,"null","null","null",13,0.95202667,1.3321676,-2.9239213,3.0981088,-0.6042884,-16731116
14,13,15,28,"null","null","null",8,0.68661356,0.323881,-3.5074306,2.3612082,-1.1974866,-16731116
15,14,16,25,"null","null","null",7,0.59564865,0.5592986,-3.2712243,1.7948557,-2.6534734,-16731116
16,15,17,24,"null","null","null",5,0.37054336,0.88762665,-2.5607462,0.6411313,-3.4732885,-16731116
17,16,18,23,"null","null","null",4,0.29247454,2.4726572,-2.0102272,0.50423735,-3.4551692,-16731116
18,17,19,22,"null","null","null",3,0.18988818,3.5548258,-0.97917163,0.6527478,-2.8342965,-16731116
19,18,20,21,"null","null","null",2,0.0984173,3.827052,-0.44105536,0.90939677,-2.1905577,-16731116
25,15,26,27,"null","null","null",2,0.41900593,1.6001925,-2.2880507,3.5117006,-0.31738144,-16731116
29,13,30,35,"null","null","null",5,0.76195574,3.0229454,-0.30320057,3.3004084,-1.1514497,-16731116
30,29,31,34,"null","null","null",3,0.43418962,2.3134413,-1.0472622,3.7903337,-0.37198985,-16731116
31,30,32,33,"null","null","null",2,0.2427801,1.6001925,-2.2880507,3.5117006,-0.59051716,-16731116
35,29,36,37,"null","null","null",2,0.2667803,3.005166,-1.0892072,0.33095568,-2.9852352,-16731116
40,10,41,42,"null","null","null",2,1.2172818,1.4433398,-2.0102303,0.5234829,-3.7908006,-16731116
45,7,46,49,"null","null","null",3,1.5360243,0.79509604,-3.802749,2.361209,-0.6648447,-16731116
46,45,47,48,"null","null","null",2,0.6627206,0.55929816,-3.65514,1.7788392,-1.961041,-12486656
50,6,51,60,"null","null","null",6,2.3621664,1.5045848,-2.9239204,3.0981092,-0.27500036,-16731116
51,50,52,59,"null","null","null",5,1.7951288,0.32388073,-3.5074306,2.361209,-1.3502524,-16731116
52,51,53,58,"null","null","null",4,1.4893258,0.5592984,-3.2712252,1.7788378,-2.8520699,-16731116
53,52,54,57,"null","null","null",3,1.2089492,0.66423047,-2.5607474,0.6411318,-3.7314653,-16731116
54,53,55,56,"null","null","null",2,0.80949074,1.4433452,-2.0102282,0.5042372,-3.7908,-16731116
61,5,62,67,"null","null","null",5,2.90194,2.5264797,-1.6992304,3.514793,-0.7052605,-16731116
62,61,63,66,"null","null","null",3,1.2402623,1.5045848,-3.0448873,3.0981092,-0.6042883,-16731116
63,62,64,65,"null","null","null",2,0.9538613,0.32388073,-3.6646876,2.361209,-0.6619246,-16731116
67,61,68,69,"null","null","null",2,2.0355453,3.827052,-0.63668215,0.90939033,-2.1905596,-16731116
70,4,71,88,"null","null","null",11,3.8598661,3.1107192,-0.31716102,3.1657662,-1.0122055,-16731116
71,70,72,83,"null","null","null",9,1.5913152,2.4621441,-1.5568602,3.514793,-0.39551717,-16731116
72,71,73,80,"null","null","null",6,1.338445,1.4209485,-2.859806,3.0981092,-0.6042883,-16731116
73,72,74,79,"null","null","null",4,1.02506,0.32388073,-3.424082,2.361209,-1.1773279,-16731116
74,73,75,78,"null","null","null",3,0.92232054,0.5592984,-3.162872,1.7788378,-2.6272678,-12486656
75,74,76,77,"null","null","null",2,0.67067045,0.66423047,-2.4198883,0.6411318,-3.4392228,-12486656
80,72,81,82,"null","null","null",2,0.63962793,3.2227004,-0.30320042,2.7384913,-1.3026809,-16731116
83,71,84,87,"null","null","null",3,1.010251,3.6822972,-0.63668215,1.610443,-2.1905596,-16731116
84,83,85,86,"null","null","null",2,0.46666792,3.2227004,-0.62788296,2.7384913,-1.3026809,-16731116
88,70,89,90,"null","null","null",2,3.0005057,3.1267998,-0.979175,0.34452912,-2.8544154,-16731116
93,1,94,97,"null","null","null",4,6.276264,2.3110323,-2.0181732,0.48358634,-3.3782644,-16731116
94,93,95,96,"","null","Kittiwakes",2,4.7758102,3.2399766,-0.8675265,0.6580921,-2.716219,-12486656
97,93,98,99,"null","null","null",2,4.6555114,0.401482,-3.6551394,1.7788401,-1.9610406,-16731116
100,0,101,102,"null","null","null",2,6.183401,0.39556104,-2.38071,0.84492135,-3.5244975,-16731116
