index,parent,child1,child2,name1,name2,common,richness,lengthbr,hxmax,hxmin,hymax,hymin,color
0,-268404603,1,42,"Thamnophilidae","null","Antwrens",33,11.122219,3.3900387,-0.9169625,0.34452954,-2.9853187,-16731116
1,0,2,39,"null","null","null",21,9.538368,3.6128294,-0.44105524,1.8644058,-2.3868866,-16731116
2,1,3,36,"null","null","null",19,9.002,3.1323915,-0.6278832,3.0686398,-1.151444,-16731116
3,2,4,25,"null","null","null",17,9.002,2.4557223,-1.5127478,3.4890308,-0.37199068,-16731116
4,3,5,22,"null","null","null",11,8.6029005,1.550134,-2.8931787,3.1200047,-0.5905177,-16731116
5,4,6,21,"null","null","null",9,7.467078,0.4135974,-3.572671,2.374522,-1.0796683,-12486656
6,5,7,16,"null","null","null",8,4.876079,0.54197484,-3.4274416,1.7061949,-2.579044,-12486656
7,6,8,15,"null","null","null",5,4.123394,0.661925,-2.7686596,0.75469065,-3.482712,-16731116
8,7,9,12,"null","null","null",4,3.7934475,1.9703119,-2.2165534,0.483974,-3.5523148,-16731116
9,8,10,11,"null","null","null",2,1.3276886,3.0051737,-1.0892006,0.64591265,-2.9852276,-12486656
12,8,13,14,"null","null","null",2,3.0917447,0.48358327,-3.756458,1.9383984,-1.6186465,-16731116
16,6,17,20,"null","null","null",3,2.38932,1.6917262,-2.7746265,3.1313148,-0.35959634,-12486656
17,16,18,19,"null","null","null",2,1.075239,0.5272789,-3.524505,2.3807096,-0.665,-16731116
22,4,23,24,"null","null","null",2,6.571329,3.328406,-0.28912896,2.5945067,-1.4052784,-16731116
25,3,26,31,"null","null","null",6,5.107629,3.528014,-0.6717526,1.8652952,-2.3703585,-16731116
26,25,27,30,"null","null","null",3,4.401287,3.0657115,-0.61676055,3.1667447,-1.4052784,-12486656
27,26,28,29,"null","null","null",2,1.9027171,2.3408206,-0.65809166,3.7190466,-0.34808072,-12486656
31,25,32,35,"null","null","null",3,3.9856205,1.7924247,-2.1365545,0.60018086,-3.6229587,-16731116
32,31,33,34,"null","null","null",2,1.1463358,2.8755677,-1.1971774,0.63761365,-3.108151,-16731116
36,2,37,38,"null","null","null",2,2.3498251,3.0051725,-1.0892012,0.33095616,-2.9852285,-16731116
39,1,40,41,"null","null","null",2,8.14742,1.2662416,-2.0763655,0.5623986,-3.8140664,-16731116
42,0,43,56,"null","null","null",12,7.721356,0.7291279,-2.7244701,0.8857572,-3.436427,-16731116
43,42,44,51,"null","null","null",7,6.5278683,2.3305707,-2.0484653,0.4839738,-3.492145,-16731116
44,43,45,48,"null","null","null",4,4.245128,3.4735112,-0.87068576,0.6459125,-2.9070072,-16731116
45,44,46,47,"null","null","null",2,3.2593346,3.8167205,-0.41857028,0.73106873,-2.2381606,-16731116
48,44,49,50,"null","null","null",2,2.002222,0.357829,-2.7162097,0.902598,-3.239984,-16731116
51,43,52,55,"null","null","null",3,3.0907845,0.4835837,-3.378258,1.938399,-2.3110433,-16731116
52,51,53,54,"null","null","null",2,1.8920896,0.6580924,-2.7162097,0.8675192,-3.239984,-16731116
56,42,57,62,"null","null","null",5,6.710935,0.8449199,-3.4762135,2.7277994,-0.81651413,-16731116
57,56,58,61,"null","null","null",3,3.5429575,0.5235967,-3.378258,1.938399,-2.3110433,-16731116
58,57,59,60,"null","null","null",2,0.6011744,0.6580924,-2.7162097,0.8675192,-3.239984,-16731116
62,56,63,64,"null","null","null",2,5.168937,2.361208,-0.41842118,3.6646895,-0.7950946,-16731116
