index,parent,child1,child2,name1,name2,common,richness,lengthbr,hxmax,hxmin,hymax,hymin,color
0,-268284920,1,40,"null","null","null",22,13.3320055,2.4642947,-2.0181732,0.48358634,-3.4975019,-16731116
1,0,2,35,"null","null","null",20,10.117115,3.4392178,-0.6457105,0.6580921,-2.871228,-16731116
2,1,3,34,"null","null","null",17,6.5952015,3.584523,-0.46288425,2.1250088,-2.136558,-16731116
3,2,4,29,"null","null","null",16,6.4188094,3.0581865,-0.637613,3.3079333,-1.003265,-16731116
4,3,5,18,"null","null","null",13,5.9288054,2.3938518,-1.5568602,3.6996102,-0.39551717,-16731116
5,4,6,15,"null","null","null",7,4.4964466,1.4209485,-2.859806,3.3383718,-0.6042883,-12486656
6,5,7,12,"null","null","null",5,3.2389479,0.32388073,-3.424082,2.6735504,-1.1773279,-16731116
7,6,8,11,"null","null","null",3,0.50607383,0.5592984,-3.162872,1.7788378,-2.6272678,-12486656
8,7,9,10,"null","null","null",2,0.28451815,0.66423047,-2.4198883,0.6411318,-3.4392228,-12486656
12,6,13,14,"null","null","null",2,1.4266247,2.3134418,-0.4390183,3.7626092,-0.7370682,-16731116
15,5,16,17,"CENTROCERCUS","null","Sage-grouse",2,0.60143036,3.2227004,-0.30320042,2.7384913,-1.3026809,-11184866
18,4,19,26,"null","null","null",6,5.0294228,3.5286393,-0.63668215,2.0262823,-2.3868887,-16731116
19,18,20,23,"null","null","null",4,3.6414528,3.0229454,-0.62788296,3.2790823,-1.1514481,-16731116
20,19,21,22,"","null","Capercaillies",2,1.8142971,2.3134418,-0.6527472,3.7626092,-0.37198997,-16731116
23,19,24,25,"null","null","null",2,1.479988,3.005169,-1.0892045,0.33095574,-2.9852326,-16731116
26,18,27,28,"null","null","null",2,3.799171,1.2662363,-2.0763676,0.56239974,-3.8140664,-16731116
29,3,30,33,"LAGOPUS","null","Ptarmigans",3,4.6471586,3.5548232,-0.979175,0.34452912,-2.8342993,-16731116
30,29,31,32,"null","null","null",2,2.781936,3.827052,-0.44105458,0.90939033,-2.1905596,-16731116
35,1,36,39,"null","null","null",3,9.48884,0.38339475,-2.56075,0.8665067,-3.7314641,-16731116
36,35,37,38,"null","null","null",2,3.1300907,1.4433408,-2.01023,0.50423664,-3.7908006,-16731116
40,0,41,42,"null","null","null",2,3.9813154,0.401482,-3.6551394,1.7788401,-1.9610406,-16731116
