index,parent,child1,child2,name1,name2,common,richness,lengthbr,hxmax,hxmin,hymax,hymin,color
0,-268390394,1,164,"","null","Tanagers and more",155,13.083665,3.612829,-0.6366792,1.9703935,-2.3023252,-16731116
1,0,2,163,"null","null","null",137,12.082545,3.132389,-0.62788355,3.2064204,-1.3026744,-16731116
2,1,3,104,"null","null","null",136,10.73915,2.4557202,-1.5005884,3.6681418,-0.37199152,-16731116
3,2,4,102,"null","null","null",106,10.018014,1.4907016,-2.8773685,3.352847,-0.59051824,-16731116
4,3,5,-268378112,"null","null","null",79,9.611886,0.29949108,-3.5521135,2.6772175,-1.0751673,-16731116
5,4,6,63,"Thraupidae","null","Tanagers",49,8.193528,0.5419755,-3.4007142,1.7067659,-2.5731902,-16731116
6,5,7,52,"null","null","null",29,7.3316083,0.66192514,-2.7339134,0.5223138,-3.4750981,-16731116
7,6,8,37,"null","null","null",23,6.358611,2.1597466,-2.105143,0.48397505,-3.5424125,-16731116
8,7,9,28,"null","null","null",15,5.905443,3.2514338,-0.88664174,0.645913,-2.9723532,-16731116
9,8,10,21,"null","null","null",10,5.675748,3.528014,-0.41857165,1.7065952,-2.3231132,-16731116
10,9,11,18,"null","null","null",6,2.8983517,3.0657086,-0.61676127,2.9604287,-1.2878622,-16731116
11,10,12,17,"null","null","null",4,2.1033812,2.3408184,-1.3545914,3.450829,-0.34808218,-16731116
12,11,13,16,"null","null","null",3,2.033603,1.691721,-2.7746353,3.1313138,-0.5755025,-16731116
13,12,14,15,"null","null","null",2,1.3775865,0.52727246,-3.5245097,2.3807087,-0.665,-16731116
18,10,19,20,"null","null","null",2,1.2475559,2.8755739,-1.1971728,0.3171628,-3.1081457,-12486656
21,9,22,27,"null","null","null",4,5.0795207,2.1815941,-2.1365514,0.60017854,-3.516666,-16731116
22,21,23,26,"null","null","null",3,4.980378,3.381483,-1.1971728,0.637614,-2.9699686,-16731116
23,22,24,25,"null","null","null",2,2.5838647,3.7952137,-0.39551976,0.6459111,-2.2791727,-16731116
28,8,29,34,"null","null","null",5,5.3336105,0.3578298,-2.7521214,0.90259707,-3.4687893,-16731116
29,28,30,33,"null","null","null",3,2.4211059,1.792433,-2.1365514,0.46288663,-3.6229558,-16731116
30,29,31,32,"null","null","null",2,1.3351938,2.8755739,-1.1971728,0.637614,-3.1081457,-16731116
34,28,35,36,"null","null","null",2,2.7611082,0.86650443,-3.439229,2.419877,-0.38339615,-16731116
37,7,38,49,"null","null","null",8,4.9062843,0.48358122,-3.5057936,2.0181618,-2.4241579,-16731116
38,37,39,48,"null","null","null",6,3.9965875,0.6580926,-2.8820057,0.86751455,-3.387028,-16731116
39,38,40,45,"null","null","null",5,3.5637772,2.1815941,-2.3054006,0.46288663,-3.516666,-16731116
40,39,41,44,"null","null","null",3,2.778126,3.381483,-1.1971728,0.637614,-2.9699686,-16731116
41,40,42,43,"null","null","null",2,2.0092394,3.7952137,-0.39551976,0.6459111,-2.2791727,-16731116
45,39,46,47,"null","null","null",2,3.0815291,0.523479,-3.7907977,2.0102232,-1.4433578,-16731116
49,37,50,51,"null","null","null",2,3.9641302,1.7788317,-1.9610568,3.6551337,-0.40147734,-16731116
52,6,53,62,"null","null","null",6,6.948884,0.8449185,-3.497466,2.4522824,-1.044402,-16731116
53,52,54,61,"null","null","null",5,4.495083,0.5235976,-3.4058828,1.9383955,-2.607294,-16731116
54,53,55,58,"null","null","null",4,3.4277856,0.6580926,-2.7521214,0.5830918,-3.6251051,-16731116
55,54,56,57,"null","null","null",2,1.2833123,1.0880342,-2.1365514,0.46288663,-3.8261662,-16731116
58,54,59,60,"null","null","null",2,2.625446,0.86650443,-3.439229,2.419877,-0.38339615,-16731116
63,5,64,95,"null","null","null",20,5.966623,1.529705,-2.7558131,3.132606,-0.35959482,-16731116
64,63,65,94,"null","null","null",16,5.670956,0.52727723,-3.5000453,2.3823884,-0.90352786,-16731116
65,64,66,85,"null","null","null",15,5.3721347,0.5235976,-3.409236,1.8475332,-2.4241579,-16731116
66,65,67,76,"null","null","null",10,5.1000013,0.6580926,-2.7564807,0.64569753,-3.387028,-16731116
67,66,68,75,"null","null","null",5,4.792247,2.164394,-2.1365514,0.46288663,-3.516666,-16731116
68,67,69,74,"null","null","null",4,2.5481558,3.3591228,-1.1971728,0.637614,-2.9699686,-16731116
69,68,70,73,"null","null","null",3,1.810334,3.7661452,-0.39551976,1.2371495,-2.2791727,-12486656
70,69,71,72,"null","null","null",2,0.84206855,3.4248614,-0.60428977,2.4441714,-1.5045741,-12486656
76,66,77,84,"null","null","null",5,3.819795,0.86650443,-3.4732904,2.56074,-0.8876363,-16731116
77,76,78,83,"null","null","null",4,3.2628555,0.50423855,-3.4551668,2.0102232,-2.4726658,-16731116
78,77,79,82,"null","null","null",3,2.9728906,0.6527482,-2.834292,0.97916484,-3.5548306,-16731116
79,78,80,81,"null","null","null",2,2.325734,0.9094076,-2.1905546,0.44105673,-3.8270526,-16731116
85,65,86,93,"null","null","null",5,3.108276,1.7788317,-2.6626332,3.2712197,-0.40147734,-16731116
86,85,87,92,"null","null","null",4,1.6878238,0.6411245,-3.48519,2.56074,-0.6642306,-16731116
87,86,88,91,"null","null","null",3,0.7138907,0.50423855,-3.4706364,2.0102232,-2.14342,-16731116
88,87,89,90,"null","null","null",2,0.47895068,0.6527482,-2.8544023,0.97916484,-3.126811,-16731116
95,63,96,101,"null","null","null",4,2.963721,3.0981069,-0.2750016,3.151094,-1.5045781,-16731116
96,95,97,100,"null","null","null",3,0.82564193,2.361207,-0.6648622,3.8027487,-0.32388246,-16731116
97,96,98,99,"null","null","null",2,0.272439,1.7788317,-1.9610568,3.6551337,-0.5592996,-16731116
102,3,-268379136,103,"null","null","null",27,9.4974,3.1946898,-0.28912947,2.9611886,-1.4052767,-16731116
104,2,105,140,"null","null","null",30,10.036183,3.5280137,-0.6717514,1.8495978,-2.3881528,-16731116
105,104,106,135,"null","null","null",18,9.879256,3.0657103,-0.61676085,3.146336,-1.2264546,-16731116
106,105,107,134,"null","null","null",15,8.523619,2.3408196,-1.3385844,3.692513,-0.34808123,-16731116
107,106,108,123,"null","null","null",14,7.95828,1.6364881,-2.7538295,3.445505,-0.5755019,-16731116
108,107,109,118,"null","null","null",8,7.0884275,0.33848345,-3.497466,2.789157,-0.9519073,-16731116
109,108,110,117,"Emberizidae","null","Cardinals",5,4.139767,0.5235976,-3.4058828,1.9383955,-2.487051,-16731116
110,109,111,116,"null","null","null",4,3.1864784,0.6580926,-2.7521214,0.86751455,-3.4687893,-16731116
111,110,112,115,"null","null","null",3,2.4661226,1.792433,-2.1365514,0.46288663,-3.6229558,-16731116
112,111,113,114,"null","null","null",2,1.242169,2.8755739,-1.1971728,0.637614,-3.1081457,-16731116
118,108,119,122,"Thraupidae","null","Tanagers",3,4.041141,2.361207,-0.6648622,3.8027487,-0.7950933,-16731116
119,118,120,121,"null","null","null",2,1.4168584,1.7788317,-1.9610568,3.6551337,-0.5592996,-16731116
123,107,124,131,"null","null","null",6,7.1692963,3.338369,-0.2750016,3.151094,-1.4209399,-16731116
124,123,125,128,"Emberizidae","null","Finches and more",4,7.0633516,2.6735475,-0.6648622,3.8027487,-0.32388246,-16731116
125,124,126,127,"null","null","null",2,1.304622,1.7788317,-1.9610568,3.6551337,-0.5592996,-16731116
128,124,129,130,"null","null","null",2,2.6261017,3.7626114,-0.73706603,0.439019,-2.3134394,-16731116
131,123,132,133,"null","null","null",2,2.5807848,2.7384992,-1.3026755,0.30320144,-3.2226942,-11184866
135,105,136,139,"Thraupidae","null","Tanagers",3,3.7195964,3.3814788,-1.1971772,0.31716225,-2.9699712,-16731116
136,135,137,138,"null","null","null",2,2.021992,3.7952123,-0.39551884,0.64591134,-2.2791743,-12486656
140,104,141,152,"Thraupidae","null","Tanagers",12,8.946186,2.0156596,-2.2078662,0.60018003,-3.6629987,-16731116
141,140,142,151,"null","null","null",6,7.637555,3.1657724,-1.1971772,0.63761365,-3.1602027,-16731116
142,141,143,148,"null","null","null",5,5.229681,3.5147939,-0.39551884,1.6992425,-2.5264754,-16731116
143,142,144,147,"null","null","null",3,4.0976825,3.0981069,-0.6042892,3.0448964,-1.5045781,-16731116
144,143,145,146,"null","null","null",2,1.9187692,2.361207,-0.6619245,3.664692,-0.32388246,-16731116
148,142,149,150,"null","null","null",2,2.685422,0.90940034,-2.1905565,0.63667953,-3.8270526,-16731116
152,140,153,162,"null","null","null",6,8.066072,0.52348053,-3.5713387,2.010226,-2.3870044,-12486656
153,152,154,161,"null","null","null",5,6.889824,0.6527479,-2.9853163,0.9791694,-3.443475,-12486656
154,153,155,158,"null","null","null",4,4.6221304,1.6104532,-2.3868847,0.44105583,-3.6822941,-12486656
155,154,156,157,"null","null","null",2,3.62978,2.7384992,-1.3026755,0.6278835,-3.2226942,-12486656
158,154,159,160,"null","null","null",2,0.76979375,0.5623976,-3.814066,2.0763648,-1.2662436,-12486656
164,0,165,190,"null","null","null",18,12.449737,2.262085,-2.0607424,0.56239724,-3.6238084,-16731116
165,164,166,187,"null","null","null",13,12.1325035,3.3844776,-0.8706838,0.64591277,-3.0781689,-12486656
166,165,167,184,"null","null","null",11,11.317669,3.7009745,-0.41857076,1.7316486,-2.4606717,-12486656
167,166,168,181,"null","null","null",9,10.092794,3.2905593,-0.61676085,2.993002,-1.2878677,-12486656
168,167,169,178,"null","null","null",7,8.585813,2.6331234,-1.3260083,3.4931788,-0.34808123,-12486656
169,168,170,177,"null","null","null",5,7.8734508,1.6917245,-2.7374806,3.1863706,-0.5755019,-11184866
170,169,171,176,"Emberizidae","null","Buntings, American sparrows and more",4,3.5834956,0.52727723,-3.476213,2.4522824,-0.8165221,-11184866
171,170,172,175,"null","null","null",3,0.29416934,0.5235976,-3.3782535,1.9383955,-2.3110504,-11184866
172,171,173,174,"null","null","null",2,0.1436505,0.6580926,-2.7162032,0.86751455,-3.2399886,-11184866
178,168,179,180,"Thraupidae","null","Tanagers",2,1.6097221,3.7952123,-0.70525765,0.55374324,-2.2791743,-16731116
181,167,182,183,"Thraupidae","null","Tanagers",2,5.8945236,2.8755686,-1.1971772,0.31716225,-3.1081505,-11184866
184,166,185,186,"Thraupidae","null","Tanagers",2,5.884273,1.0880269,-2.1365538,0.60018003,-3.8261664,-16731116
187,165,188,189,"Thraupidae","null","Tanagers",2,9.57968,0.35782927,-2.716209,0.90259767,-3.2399843,-16731116
190,164,191,196,"Thraupidae","null","Chlorophonias",5,5.804087,0.48358285,-3.4058852,2.0181658,-2.6072886,-16731116
191,190,192,195,"null","null","null",3,2.4153562,0.6580924,-2.7521253,0.867519,-3.6251023,-16731116
192,191,193,194,"null","null","null",2,0.8222766,1.0880269,-2.1365538,0.46288577,-3.8261664,-16731116
196,190,197,198,"null","null","null",2,1.9372252,1.7788353,-1.9610502,3.6551359,-0.40147904,-16731116
