index,parent,child1,child2,name1,name2,common,richness,lengthbr,hxmax,hxmin,hymax,hymin,color
0,-268405672,1,30,"","null","Cockatoos, Corellas and more",21,30.523348,0.76705325,-3.4931805,2.5084972,-1.3385732,-12486656
1,0,2,29,"null","null","null",15,27.346735,0.5755006,-3.186378,1.6917318,-2.753822,-12486656
2,1,3,28,"null","null","null",14,24.229923,0.9035156,-2.4522915,0.5272858,-3.4974651,-12486656
3,2,4,27,"null","null","null",13,18.470682,2.4241476,-1.9384017,0.52359605,-3.4058878,-12486656
4,3,5,26,"null","null","null",12,12.773895,3.3870234,-0.8675231,0.6580922,-2.752129,-12486656
5,4,6,25,"null","null","null",11,12.168981,3.5166674,-0.4628849,2.0156538,-2.1365566,-12486656
6,5,7,16,"null","null","null",10,11.103535,2.9699736,-0.6376133,3.1657689,-1.0703824,-12486656
7,6,8,15,"null","null","null",5,9.280687,2.279176,-1.7809272,3.5147934,-0.3955179,-12486656
8,7,9,14,"null","null","null",4,8.788834,1.5045818,-3.1510901,3.0981085,-0.6042887,-12486656
9,8,10,13,"null","null","null",3,5.1526103,0.32388148,-3.8027482,2.3612084,-0.6648546,-16731116
10,9,11,12,"null","null","null",2,3.55915,0.5592989,-3.6551359,1.7788353,-1.9610502,-16731116
16,6,17,24,"null","null","null",5,7.1296644,3.443474,-0.9791716,0.34452954,-2.9853187,-12486656
17,16,18,21,"null","null","null",4,6.47995,3.6822953,-0.44105524,1.6104487,-2.3868866,-11184866
18,17,19,20,"null","null","null",2,2.1221497,3.222697,-0.6278832,2.7384958,-1.3026779,-11184866
21,17,22,23,"null","null","null",2,4.9686594,1.2662416,-2.0763655,0.5623986,-3.8140664,-11184866
30,0,31,40,"null","null","null",6,21.567055,2.2791772,-1.7809223,3.514793,-0.7052604,-12486656
31,30,32,37,"","null","Black-cockatoos",5,14.367514,1.4209507,-3.1510868,3.0981097,-0.6042882,-12486656
32,31,33,36,"null","null","null",3,4.9309406,0.3238805,-3.8027477,2.361209,-0.6648466,-12486656
33,32,34,35,"null","null","null",2,0.50162655,0.5592982,-3.6551383,1.7788389,-1.9610431,-12486656
37,31,38,39,"null","null","null",2,5.5839057,3.222703,-0.30320027,2.7384882,-1.3026829,-12486656
