index,parent,child1,child2,name1,name2,common,richness,lengthbr,hxmax,hxmin,hymax,hymin,color
0,-268341242,1,78,"null","null","null",50,11.895266,0.6764535,-2.7339134,0.49050337,-3.4750981,-16731116
1,0,2,69,"null","null","null",39,10.286856,2.2620902,-2.0607383,0.48397505,-3.5424125,-16731116
2,1,3,52,"null","null","null",34,9.794362,3.3844805,-0.88664174,0.645913,-2.9723532,-16731116
3,2,4,33,"null","null","null",25,8.65754,3.7009745,-0.41857165,1.8281207,-2.3231132,-16731116
4,3,5,32,"null","null","null",15,8.055323,3.2905574,-0.61676127,3.1184118,-1.4052725,-16731116
5,4,6,29,"null","null","null",14,7.33596,2.6331215,-1.3385899,3.656207,-0.34808218,-16731116
6,5,7,28,"null","null","null",12,6.69351,1.691721,-2.7538333,3.398305,-0.5755025,-16731116
7,6,8,25,"null","null","null",11,6.160254,0.33848035,-3.497467,2.7277975,-0.97013897,-16731116
8,7,9,22,"null","null","null",9,4.918733,0.5235983,-3.4058807,2.0181575,-2.510749,-16731116
9,8,10,21,"null","null","null",7,3.6840746,0.6580928,-2.752118,0.8675098,-3.4995923,-16731116
10,9,11,20,"null","null","null",6,3.4321713,2.1643987,-2.1365492,0.46288753,-3.6629958,-16731116
11,10,12,19,"null","null","null",5,3.2253876,3.3591247,-1.1971684,0.63761437,-3.1601963,-16731116
12,11,13,16,"null","null","null",4,1.5976014,3.7661438,-0.39552075,1.2371571,-2.5264702,-16731116
13,12,14,15,"null","null","null",2,1.2173752,3.4248576,-0.60429025,2.4441776,-1.5045701,-16731116
16,12,17,18,"null","null","null",2,0.84404665,0.9094149,-2.1905525,0.63667667,-3.8270528,-16731116
22,8,23,24,"null","null","null",2,3.3710988,1.7788285,-1.9610639,3.655131,-0.40147567,-16731116
25,7,26,27,"null","null","null",2,4.8930364,2.3612065,-0.41842213,3.6646943,-0.7950922,-16731116
29,5,30,31,"null","null","null",2,5.2171464,3.7952137,-0.70525634,0.5537506,-2.2791727,-16731116
33,3,34,43,"null","null","null",10,7.4114122,2.0156658,-2.1562314,0.60017854,-3.516666,-16731116
34,33,35,42,"null","null","null",5,3.9004192,3.1657763,-1.1971728,0.637614,-2.9699686,-16731116
35,34,36,41,"null","null","null",4,3.8723686,3.5147948,-0.39551976,1.6992495,-2.2791727,-16731116
36,35,37,40,"null","null","null",3,2.4522345,3.098106,-0.60428977,3.0449016,-1.5045741,-16731116
37,36,38,39,"null","null","null",2,0.78655636,2.3612065,-0.66192436,3.6646943,-0.32388347,-16731116
43,33,44,49,"null","null","null",5,6.0402,0.523479,-3.4551668,2.1206765,-2.4726658,-16731116
44,43,45,48,"null","null","null",3,0.60434896,0.6527482,-2.834292,0.97916484,-3.5548306,-16731116
45,44,46,47,"null","null","null",2,0.20655106,0.9094076,-2.1905546,0.44105673,-3.8270526,-16731116
49,43,50,51,"null","null","null",2,5.191814,1.8611641,-1.7914469,3.711175,-0.44286072,-16731116
52,2,53,66,"null","null","null",9,7.7063236,0.44189167,-2.7521214,0.90259707,-3.387028,-16731116
53,52,54,65,"null","null","null",7,7.0183554,2.0156658,-2.1365514,0.46288663,-3.516666,-16731116
54,53,55,62,"null","null","null",6,6.1979346,3.1657763,-1.0121906,0.637614,-2.9699686,-16731116
55,54,56,61,"null","null","null",4,5.306865,3.5147948,-0.39551976,1.6992495,-2.2791727,-16731116
56,55,57,60,"null","null","null",3,3.609401,3.098106,-0.60428977,3.0449016,-1.5045741,-16731116
57,56,58,59,"null","null","null",2,1.9346639,2.3612065,-0.66192436,3.6646943,-0.32388347,-16731116
62,54,63,64,"null","null","null",2,5.276651,0.34453064,-2.8544023,0.97916484,-3.126811,-16731116
66,52,67,68,"null","null","null",2,3.2134671,0.86650443,-3.439229,2.419877,-0.38339615,-16731116
69,1,70,77,"null","null","null",5,8.729265,0.48358122,-3.4058828,1.9383955,-2.487051,-16731116
70,69,71,76,"null","null","null",4,7.667156,0.6580926,-2.7521214,0.86751455,-3.4687893,-16731116
71,70,72,75,"null","null","null",3,5.2796173,1.792433,-2.1365514,0.46288663,-3.6229558,-16731116
72,71,73,74,"null","null","null",2,1.4715049,2.8755739,-1.1971728,0.637614,-3.1081457,-16731116
78,0,79,98,"null","null","null",11,8.625178,0.8449185,-3.497466,2.3807092,-0.90352786,-16731116
79,78,80,91,"null","null","null",10,8.252786,0.5235976,-3.4058828,1.799375,-2.4241579,-16731116
80,79,81,90,"null","null","null",6,6.3036637,0.6580926,-2.7521214,0.86751455,-3.387028,-16731116
81,80,82,89,"null","null","null",5,5.9034214,2.1815941,-2.1365514,0.46288663,-3.516666,-12486656
82,81,83,86,"null","null","null",4,4.044922,3.381483,-1.0121906,0.637614,-2.9699686,-16731116
83,82,84,85,"null","null","null",2,3.4657753,3.7952137,-0.39551976,0.6459111,-2.2791727,-12486656
86,82,87,88,"null","null","null",2,2.9634752,0.34453064,-2.8544023,0.97916484,-3.126811,-16731116
91,79,92,95,"null","null","null",4,7.1447005,1.7948487,-2.6272786,3.1628635,-0.40147734,-16731116
92,91,93,94,"null","null","null",2,3.2872233,0.6411245,-3.439229,2.419877,-0.6642306,-12486656
95,91,96,97,"null","null","null",2,4.4889927,3.5116959,-0.31737888,2.2880604,-1.6001867,-16731116
