index,parent,child1,child2,name1,name2,common,richness,lengthbr,hxmax,hxmin,hymax,hymin,color
0,-268331897,1,34,"null","null","null",29,10.478708,3.065712,-0.2891289,3.1082163,-1.3110067,-16731116
1,0,2,33,"Ploceidae","null","Weavers and more",17,7.5740514,2.3408208,-1.3840548,3.6429615,-0.34808022,-16731116
2,1,3,32,"null","null","null",16,6.8153253,1.6917281,-2.8129447,3.3810909,-0.5755012,-16731116
3,2,4,19,"null","null","null",15,5.136767,0.47730488,-3.5743203,2.7054186,-0.9035219,-16731116
4,3,5,18,"null","null","null",8,4.401502,0.5235968,-3.5057967,1.9383985,-2.4241529,-16731116
5,4,6,17,"null","null","null",7,3.8616555,0.6580924,-2.88201,0.867519,-3.3870258,-16731116
6,5,7,14,"null","null","null",6,3.6203938,2.1643891,-2.3054042,0.46288577,-3.516667,-16731116
7,6,8,13,"null","null","null",4,2.3082666,3.3591206,-1.1971772,0.63761365,-2.9699712,-16731116
8,7,9,12,"null","null","null",3,1.5888604,3.7661464,-0.39551884,1.2371417,-2.2791743,-16731116
9,8,10,11,"null","null","null",2,1.0611619,3.4248652,-0.6042892,2.4441652,-1.5045781,-16731116
14,6,15,16,"null","null","null",2,1.7041625,0.52348053,-3.7907991,2.010226,-1.4433506,-16731116
19,3,20,29,"null","null","null",7,3.5989563,2.673549,-1.3502572,3.6143339,-0.7950944,-16731116
20,19,21,28,"null","null","null",5,3.048969,1.7788353,-2.8520734,3.4101975,-0.5592989,-16731116
21,20,22,25,"null","null","null",4,1.5336249,0.4148165,-3.7314665,2.7414112,-0.6642305,-16731116
22,21,23,24,"null","null","null",2,1.0017074,0.5042378,-3.7907991,2.010226,-1.4433506,-16731116
25,21,26,27,"null","null","null",2,0.8571787,2.3745215,-0.40725255,3.5997562,-0.8210846,-16731116
29,19,30,31,"null","null","null",2,2.964599,3.76261,-0.7370672,0.4390186,-2.3134408,-16731116
34,0,35,50,"null","null","null",12,8.404949,3.307936,-1.0032619,0.31716168,-3.1602058,-16731116
35,34,36,47,"null","null","null",8,5.5283628,3.6996105,-0.3955179,1.5568639,-2.5264778,-16731116
36,35,37,46,"Ploceidae","null","Weavers and more",6,4.719333,3.3383706,-0.6042887,2.859808,-1.5045819,-12486656
37,36,38,43,"null","null","null",5,3.1227999,2.673549,-1.1773334,3.4240808,-0.32388148,-12486656
38,37,39,42,"null","null","null",3,1.2129865,1.7788353,-2.6272726,3.1628685,-0.5592989,-12486656
39,38,40,41,"null","null","null",2,0.7462361,0.641129,-3.4392254,2.4198835,-0.6642305,-11184866
43,37,44,45,"null","null","null",2,0.90494025,3.76261,-0.7370672,0.4390186,-2.3134408,-12486656
47,35,48,49,"Passeridae","null","Sparrows, snowfinches and more",2,2.1389356,0.9093931,-2.1905591,0.63668096,-3.827052,-16731116
50,34,51,56,"Ploceidae","null","Weavers and more",4,6.4230504,0.34452954,-2.8342981,0.9791734,-3.4434738,-16731116
51,50,52,55,"null","null","null",3,5.40465,1.6104459,-2.1905591,0.4410549,-3.6822963,-16731116
52,51,53,54,"null","null","null",2,2.173326,2.7384934,-1.3026797,0.6278831,-3.2226985,-16731116
