index,parent,child1,child2,name1,name2,common,richness,lengthbr,hxmax,hxmin,hymax,hymin,color
0,-268368839,1,94,"Sylviidae","null","Old World warblers",52,13.561709,3.6758335,-0.67175275,1.7238078,-2.3231192,-16731116
1,0,2,87,"null","null","null",47,12.39963,3.2578778,-0.6167603,2.982813,-1.2264589,-12486656
2,1,3,70,"null","null","null",43,11.487647,2.590636,-1.3385786,3.479937,-0.34808022,-12486656
3,2,4,43,"null","null","null",34,9.991364,1.5949225,-2.7538254,3.169159,-0.5755012,-12486656
4,3,5,42,"null","null","null",20,7.087799,0.5272817,-3.4974654,2.4299068,-0.9701271,-12486656
5,4,6,31,"null","null","null",19,5.555937,0.5235968,-3.4058852,1.9093044,-2.5107396,-12486656
6,5,7,28,"null","null","null",13,2.8546555,0.6580924,-2.7521253,0.5830978,-3.4995887,-12486656
7,6,8,27,"null","null","null",11,1.4494135,2.0156596,-2.1365538,0.46288577,-3.6629987,-12486656
8,7,9,22,"null","null","null",10,1.3394597,3.1657724,-1.0032573,0.63761365,-3.1602027,-12486656
9,8,10,19,"null","null","null",7,0.9920332,3.5147939,-0.39551884,1.780933,-2.5264754,-12486656
10,9,11,16,"null","null","null",5,0.8325788,3.0981069,-0.6042892,3.151094,-1.4209399,-12486656
11,10,12,15,"null","null","null",3,0.70058525,2.361207,-0.6648622,3.8027487,-0.32388246,-12486656
12,11,13,14,"null","null","null",2,0.33581465,1.7788317,-1.9610568,3.6551337,-0.5592996,-16731116
16,10,17,18,"null","null","null",2,0.4684755,2.7384992,-1.3026755,0.30320144,-3.2226942,-11184866
19,9,20,21,"null","null","null",2,0.6214025,0.90940034,-2.1905565,0.63667953,-3.8270526,-12486656
22,8,23,26,"null","null","null",3,1.1604393,0.3445301,-2.8342948,0.9791694,-3.5548277,-11184866
23,22,24,25,"null","null","null",2,0.5757861,0.90940034,-2.1905565,0.44105583,-3.8270526,-12486656
28,6,29,30,"null","null","null",2,1.6288462,0.86650527,-3.4392254,2.4198835,-0.38339564,-16731116
31,5,32,39,"null","null","null",6,3.7348583,1.7948534,-2.8520734,3.4101975,-0.40147904,-12486656
32,31,33,36,"null","null","null",4,2.9650397,0.4148165,-3.7314665,2.7414112,-0.6642305,-12486656
33,32,34,35,"null","null","null",2,1.1578609,0.5042378,-3.7907991,2.010226,-1.4433506,-11184866
36,32,37,38,"null","null","null",2,0.8302985,2.3745215,-0.40725255,3.5997562,-0.8210846,-12486656
39,31,40,41,"null","null","null",2,1.8431703,3.5116992,-0.3173806,2.288054,-1.6001905,-12486656
43,3,44,59,"null","null","null",14,9.236139,3.2448387,-0.27500102,2.859808,-1.3321657,-16731116
44,43,45,52,"null","null","null",8,6.5526543,2.5519576,-1.1773334,3.4240808,-0.32388148,-16731116
45,44,46,49,"null","null","null",4,5.7277656,1.7948534,-2.6272726,3.1628685,-0.5592989,-16731116
46,45,47,48,"null","null","null",2,0.66661334,0.641129,-3.4392254,2.4198835,-0.6642305,-16731116
49,45,50,51,"null","null","null",2,4.67816,3.5116992,-0.3173806,2.288054,-1.6001905,-16731116
52,44,53,58,"null","null","null",4,4.328415,3.48903,-0.7370672,1.5287724,-2.3134408,-12486656
53,52,54,57,"null","null","null",3,3.3964067,3.1200044,-0.59051746,2.9140122,-1.6001905,-12486656
54,53,55,56,"null","null","null",2,1.4551582,2.3745215,-0.66423035,3.5997562,-0.41359985,-11184866
59,43,60,65,"null","null","null",6,6.9548855,3.3004098,-1.116681,0.30320084,-3.0229445,-12486656
60,59,61,64,"null","null","null",3,6.0168877,3.7903333,-0.37199032,1.0472662,-2.3134408,-12486656
61,60,62,63,"null","null","null",2,2.841461,3.5116992,-0.59051746,2.288054,-1.6001905,-11184866
65,59,66,69,"null","null","null",3,4.81015,0.33095595,-2.9070091,1.0892045,-3.4735088,-12486656
66,65,67,68,"null","null","null",2,1.7198685,0.7310634,-2.2381618,0.41856956,-3.81672,-12486656
70,2,71,86,"null","null","null",9,10.899718,3.6996105,-0.705259,1.6061829,-2.2791758,-16731116
71,70,72,83,"null","null","null",8,9.874945,3.3383706,-0.6042887,2.9239225,-1.4209453,-16731116
72,71,73,80,"null","null","null",6,7.706702,2.673549,-1.3502572,3.5074303,-0.32388148,-16731116
73,72,74,79,"null","null","null",4,6.554101,1.7788353,-2.8520734,3.2712228,-0.5592989,-16731116
74,73,75,78,"null","null","null",3,6.003402,0.641129,-3.7314665,2.5607443,-0.6642305,-16731116
75,74,76,77,"null","null","null",2,4.537177,0.5042378,-3.7907991,2.010226,-1.4433506,-16731116
80,72,81,82,"null","null","null",2,2.2725778,3.76261,-0.7370672,0.4390186,-2.3134408,-16731116
83,71,84,85,"null","null","null",2,3.4949179,2.7384934,-1.3026797,0.30320084,-3.2226985,-16731116
87,1,88,91,"null","null","null",4,7.309085,3.381475,-1.0122019,0.31716168,-2.9699733,-16731116
88,87,89,90,"null","null","null",2,5.7230988,3.795211,-0.3955179,0.64591163,-2.2791758,-16731116
91,87,92,93,"null","null","null",2,4.3365874,0.34452954,-2.854413,0.9791734,-3.1268015,-16731116
94,0,95,102,"null","null","null",5,8.444221,2.1643844,-2.1365566,0.6001816,-3.5166674,-16731116
95,94,96,101,"null","null","null",4,5.281159,3.3591185,-1.1971815,0.6376133,-2.9699733,-16731116
96,95,97,100,"null","null","null",3,3.989447,3.7661476,-0.3955179,1.2371341,-2.2791758,-16731116
97,96,98,99,"null","null","null",2,2.262844,3.4248688,-0.6042887,2.444159,-1.5045819,-16731116
