index,parent,child1,child2,name1,name2,common,richness,lengthbr,hxmax,hxmin,hymax,hymin,color
0,-268309402,1,54,"null","null","null",28,11.707241,2.2575603,-2.076365,0.483974,-3.5703683,-16731116
1,0,2,33,"null","null","null",27,11.508471,3.3785968,-0.8957275,0.64591265,-3.008697,-16731116
2,1,3,28,"null","null","null",16,9.243429,3.6933308,-0.41857052,1.7316476,-2.370358,-16731116
3,2,4,17,"","null","Chat-Tyrants",13,8.805227,3.280623,-0.6167606,2.9930017,-1.3110032,-16731116
4,3,5,12,"null","null","null",7,5.870489,2.6202059,-1.4981518,3.4931793,-0.34808096,-16731116
5,4,6,11,"null","null","null",4,3.9361467,1.6917254,-2.961268,3.1863718,-0.5755017,-16731116
6,5,7,10,"null","null","null",3,2.9860716,0.5272785,-3.7671375,2.4522836,-0.665,-16731116
7,6,8,9,"null","null","null",2,2.6589293,0.52359736,-3.7564564,1.9383965,-1.6186526,-16731116
12,4,13,16,"null","null","null",3,4.5791945,3.7661467,-0.705258,1.2371399,-2.2791743,-16731116
13,12,14,15,"null","null","null",2,2.0267572,3.4248662,-0.60428905,2.4441638,-1.5045791,-16731116
17,3,18,25,"null","null","null",6,4.423931,3.35912,-1.0121977,0.3171621,-3.1602035,-16731116
18,17,19,22,"null","null","null",4,2.5858388,3.7661467,-0.3955186,1.2371399,-2.526476,-16731116
19,18,20,21,"null","null","null",2,1.7996179,3.4248662,-0.60428905,2.4441638,-1.5045791,-16731116
22,18,23,24,"null","null","null",2,1.21987,0.9093985,-2.1905575,0.6366799,-3.827052,-12486656
25,17,26,27,"null","null","null",2,1.2381971,0.34452996,-2.8544092,0.97917,-3.1268048,-16731116
28,2,29,32,"null","null","null",3,6.707806,1.7924242,-2.1365547,0.6001805,-3.6229591,-16731116
29,28,30,31,"null","null","null",2,1.0007148,2.8755672,-1.1971784,0.6376136,-3.108152,-16731116
33,1,34,53,"null","null","null",11,11.088568,0.44188368,-2.7725554,0.9025978,-3.4995885,-16731116
34,33,35,48,"null","null","null",10,10.390308,2.0156581,-2.1631126,0.46288556,-3.6629992,-16731116
35,34,36,47,"null","null","null",7,8.721862,3.1657712,-1.1971784,0.6376136,-3.1602035,-16731116
36,35,37,44,"null","null","null",6,8.404261,3.5147934,-0.3955186,1.7809317,-2.526476,-16731116
37,36,38,43,"null","null","null",4,7.6282387,3.0981069,-0.60428905,3.151093,-1.5045791,-12486656
38,37,39,42,"null","null","null",3,5.1933823,2.361207,-0.66486037,3.8027484,-0.32388222,-12486656
39,38,40,41,"null","null","null",2,3.8258877,1.7788329,-1.9610553,3.6551342,-0.55929935,-11184866
44,36,45,46,"null","null","null",2,0.36071247,0.9093985,-2.1905575,0.6366799,-3.827052,-16731116
48,34,49,52,"","null","Scrub-flycatchers",3,0.87201136,0.52348095,-3.4706411,2.0102258,-2.1434124,-16731116
49,48,50,51,"null","null","null",2,0.15457104,0.652748,-2.8544092,0.97917,-3.1268048,-16731116
