index,parent,child1,child2,name1,name2,common,richness,lengthbr,hxmax,hxmin,hymax,hymin,color
0,-268390335,1,48,"Thraupidae","null","Euphonias",27,13.827555,1.4333814,-2.873064,3.3528485,-0.31738016,-16731116
1,0,2,29,"null","null","null",24,11.044712,0.38599098,-3.5465224,2.6772187,-1.0522804,-16731116
2,1,3,28,"null","null","null",14,9.787229,0.5419747,-3.3934488,1.8611665,-2.5434403,-16731116
3,2,4,19,"null","null","null",13,9.787229,0.66192496,-2.7244692,0.64476854,-3.4364276,-16731116
4,3,5,14,"null","null","null",8,6.0656233,2.1597412,-2.0484633,0.48397422,-3.492144,-16731116
5,4,6,13,"null","null","null",5,4.988702,3.2514307,-1.0891994,0.64591277,-2.9070053,-16731116
6,5,7,12,"null","null","null",4,2.4470904,3.5280137,-0.41857076,1.8652986,-2.2381592,-16731116
7,6,8,11,"null","null","null",3,1.8622206,3.0657103,-0.61676085,3.166747,-1.4052767,-16731116
8,7,9,10,"null","null","null",2,1.4922127,2.3408196,-0.65809155,3.7190475,-0.34808123,-16731116
14,4,15,18,"null","null","null",3,2.4501936,0.48358285,-3.3782573,1.9383985,-2.311044,-16731116
15,14,16,17,"null","null","null",2,1.9552081,0.6580924,-2.716209,0.867519,-3.2399843,-16731116
19,3,20,25,"null","null","null",5,5.0412474,0.84491944,-3.4762132,2.727799,-0.8165151,-16731116
20,19,21,24,"null","null","null",3,2.8327184,0.5235968,-3.3782573,1.9383985,-2.311044,-16731116
21,20,22,23,"null","null","null",2,1.023301,0.6580924,-2.716209,0.867519,-3.2399843,-16731116
25,19,26,27,"null","null","null",2,1.7920432,2.3612075,-0.41842124,3.6646893,-0.7950944,-16731116
29,1,30,43,"null","null","null",10,8.929458,2.620208,-1.3260034,3.6562042,-0.7670516,-16731116
30,29,31,40,"null","null","null",7,5.56583,1.6749359,-2.7374778,3.3983066,-0.5755012,-16731116
31,30,32,37,"null","null","null",5,2.245833,0.3384865,-3.4762132,2.727799,-0.8165151,-16731116
32,31,33,36,"null","null","null",3,2.1948314,0.5235968,-3.3782573,1.9383985,-2.311044,-16731116
33,32,34,35,"null","null","null",2,1.670402,0.6580924,-2.716209,0.867519,-3.2399843,-16731116
37,31,38,39,"null","null","null",2,1.7600194,2.3612075,-0.41842124,3.6646893,-0.7950944,-16731116
40,30,41,42,"null","null","null",2,1.9961343,3.4248688,-0.27500102,2.444159,-1.5045819,-16731116
43,29,44,47,"null","null","null",3,6.7303243,3.7661476,-0.705259,1.2371341,-2.2791758,-16731116
44,43,45,46,"null","null","null",2,4.1190057,3.4248688,-0.6042887,2.444159,-1.5045819,-16731116
48,0,49,52,"null","null","null",3,5.020802,3.065712,-0.2891289,3.1667423,-1.4052806,-16731116
49,48,50,51,"null","null","null",2,2.7886822,2.3408208,-0.6580918,3.7190452,-0.34808022,-16731116
