index,parent,child1,child2,name1,name2,common,richness,lengthbr,hxmax,hxmin,hymax,hymin,color
0,-268270487,1,44,"","null","Hawk-owls, Boobook and more",24,25.917717,3.470302,-0.90259945,0.52931035,-2.7521348,-16731116
1,0,2,43,"null","null","null",22,17.241701,3.6249356,-0.46288353,2.129318,-2.1365604,-16731116
2,1,3,36,"null","null","null",21,16.073822,3.1107247,-0.63761264,3.3135395,-1.0032711,-16731116
3,2,4,29,"null","null","null",17,13.548955,2.4621496,-1.669425,3.7069027,-0.39551604,-16731116
4,3,5,22,"null","null","null",13,12.421893,1.3321753,-3.0061452,3.347855,-0.6042875,-16731116
5,4,6,15,"null","null","null",9,6.2609854,0.32387918,-3.6143293,2.685877,-1.350242,-16731116
6,5,7,14,"null","null","null",5,4.205045,0.5592972,-3.4101985,1.7788439,-2.852062,-16731116
7,6,8,11,"null","null","null",4,2.71976,0.66423035,-2.7414126,0.41482425,-3.7314625,-16731116
8,7,9,10,"null","null","null",2,0.88916487,1.4433327,-2.010233,0.50423574,-3.7908022,-12486656
11,7,12,13,"null","null","null",2,0.9206235,0.8210871,-3.5997503,2.3745227,-0.4072514,-16731116
15,5,16,19,"null","null","null",4,4.459898,2.5840425,-1.0472472,3.790336,-0.7370704,-12486656
16,15,17,18,"null","null","null",2,2.7036788,1.6002,-2.2880378,3.5117078,-0.5905161,-12486656
19,15,20,21,"null","null","null",2,1.8735704,3.816719,-0.6717563,0.73104715,-2.2381654,-16731116
22,4,23,26,"null","null","null",4,4.724905,3.0229487,-0.30319953,3.2790747,-1.1514587,-16731116
23,22,24,25,"null","null","null",2,4.143155,2.313444,-0.65274763,3.7626064,-0.37198827,-16731116
26,22,27,28,"null","null","null",2,2.832063,3.0051584,-1.0892134,0.33095476,-2.9852433,-12486656
29,3,30,33,"null","null","null",4,6.711431,3.6823015,-0.6366841,1.6104301,-2.3868942,-16731116
30,29,31,32,"null","null","null",2,1.9806561,3.2227087,-0.62788224,2.7384808,-1.3026884,-16731116
33,29,34,35,"null","null","null",2,2.0263119,1.266223,-2.0763721,0.5624022,-3.814068,-16731116
36,2,37,42,"null","null","null",4,6.3221836,3.4434726,-0.9791815,0.3445285,-2.834304,-16731116
37,36,38,41,"null","null","null",3,5.768284,3.6823015,-0.44105333,1.6104301,-2.190563,-16731116
38,37,39,40,"null","null","null",2,2.7211478,3.2227087,-0.62788224,2.7384808,-1.3026884,-16731116
44,0,45,46,"null","null","null",2,7.67443,0.38339433,-2.4198992,0.8665074,-3.4392166,-8572416
