index,parent,child1,child2,name1,name2,common,richness,lengthbr,hxmax,hxmin,hymax,hymin,color
0,-268390348,1,186,"Icteridae","null","New World blackbirds",102,12.021292,0.44286197,-3.42699,1.8248582,-2.5731862,-16731116
1,0,2,131,"null","null","null",93,11.222324,0.66192496,-2.7680726,0.64475256,-3.4750972,-16731116
2,1,3,88,"null","null","null",65,10.897003,2.2184484,-2.0677266,0.48397422,-3.5424147,-16731116
3,2,4,87,"null","null","null",43,9.739885,3.32775,-1.0891994,0.64591277,-2.972357,-16731116
4,3,5,50,"null","null","null",42,6.9295855,3.6272287,-0.41857076,1.790672,-2.3231165,-16731116
5,4,6,43,"null","null","null",23,6.564154,3.1946898,-0.61676085,3.0697324,-1.2264546,-16731116
6,5,7,34,"null","null","null",19,5.5930023,2.508493,-1.3385844,3.5929284,-0.34808123,-16731116
7,6,8,29,"null","null","null",14,5.2367945,1.529705,-2.7538295,3.316045,-0.5755019,-16731116
8,7,9,22,"null","null","null",11,4.7968774,0.33848345,-3.497466,2.6208591,-0.9519073,-16731116
9,8,10,19,"null","null","null",7,4.4004874,0.5235976,-3.4058828,2.0181618,-2.487051,-16731116
10,9,11,16,"null","null","null",5,4.0580764,0.6580926,-2.7521214,0.5830918,-3.4687893,-16731116
11,10,12,15,"null","null","null",3,1.9075904,1.792433,-2.1365514,0.46288663,-3.6229558,-16731116
12,11,13,14,"null","null","null",2,1.2259016,2.8755739,-1.1971728,0.637614,-3.1081457,-16731116
16,10,17,18,"null","null","null",2,1.5668101,0.86650443,-3.439229,2.419877,-0.38339615,-16731116
19,9,20,21,"null","null","null",2,3.371915,1.7788317,-1.9610568,3.6551337,-0.40147734,-16731116
22,8,23,28,"null","null","null",4,4.642958,2.361207,-1.1773405,3.4240794,-0.7950933,-16731116
23,22,24,27,"null","null","null",3,3.8295374,1.7788317,-2.6272786,3.1628635,-0.5592996,-16731116
24,23,25,26,"null","null","null",2,0.22185278,0.6411245,-3.439229,2.419877,-0.6642306,-16731116
29,7,30,33,"null","null","null",3,4.0820694,3.0981069,-0.2750016,3.0448964,-1.5045781,-12486656
30,29,31,32,"null","null","null",2,1.716254,2.361207,-0.6619245,3.664692,-0.32388246,-12486656
34,6,35,40,"null","null","null",5,5.140372,3.5147939,-0.70525765,1.6992425,-2.5264754,-12486656
35,34,36,39,"null","null","null",3,4.870404,3.0981069,-0.6042892,3.0448964,-1.5045781,-12486656
36,35,37,38,"null","null","null",2,4.509178,2.361207,-0.6619245,3.664692,-0.32388246,-12486656
40,34,41,42,"null","null","null",2,2.1345048,0.90940034,-2.1905565,0.63667953,-3.8270526,-12486656
43,5,44,49,"null","null","null",4,5.956713,3.3591206,-1.1971772,0.31716225,-2.9699712,-16731116
44,43,45,48,"null","null","null",3,3.276164,3.7661464,-0.39551884,1.2371417,-2.2791743,-16731116
45,44,46,47,"null","null","null",2,1.3587767,3.4248652,-0.6042892,2.4441652,-1.5045781,-16731116
50,4,51,72,"null","null","null",19,6.1888304,2.0156596,-2.2078662,0.60018003,-3.516667,-16731116
51,50,52,63,"null","null","null",11,5.9355984,3.1657724,-1.0032573,0.63761365,-2.9699712,-16731116
52,51,53,62,"null","null","null",6,3.4121466,3.5147939,-0.39551884,1.5568684,-2.2791743,-16731116
53,52,54,61,"null","null","null",5,2.4381866,3.0981069,-0.6042892,2.8598099,-1.5045781,-16731116
54,53,55,60,"null","null","null",4,1.3655034,2.361207,-1.1773405,3.4240794,-0.32388246,-16731116
55,54,56,59,"null","null","null",3,1.2096399,1.7788317,-2.6272786,3.1628635,-0.5592996,-16731116
56,55,57,58,"null","null","null",2,0.8988886,0.6411245,-3.439229,2.419877,-0.6642306,-16731116
63,51,64,69,"null","null","null",5,4.7945943,0.3445301,-2.8342948,0.9169619,-3.443475,-12486656
64,63,65,68,"null","null","null",3,3.827627,1.6104532,-2.1905565,0.44105583,-3.6822941,-12486656
65,64,66,67,"null","null","null",2,1.6679733,2.7384992,-1.3026755,0.6278835,-3.2226942,-12486656
69,63,70,71,"null","null","null",2,0.60388535,0.88575673,-3.3442605,2.5711775,-0.37080142,-12486656
72,50,73,84,"null","null","null",8,4.3732963,0.52348053,-3.5713387,2.1206808,-2.296084,-16731116
73,72,74,83,"null","null","null",6,2.4555132,0.6527479,-2.9853163,0.9791694,-3.3252785,-16731116
74,73,75,80,"null","null","null",5,1.6166947,2.026291,-2.3868847,0.44105583,-3.5286388,-16731116
75,74,76,79,"null","null","null",3,1.001126,3.2790883,-1.3026755,0.6278835,-3.0229423,-16731116
76,75,77,78,"null","null","null",2,0.8217286,3.7626114,-0.37199128,0.6527469,-2.3134394,-16731116
80,74,81,82,"null","null","null",2,1.176164,0.5623976,-3.814066,2.0763648,-1.2662436,-16731116
84,72,85,86,"null","null","null",2,3.0040267,1.8611674,-1.7914399,3.711177,-0.4428624,-12486656
88,2,89,114,"null","null","null",22,6.556378,0.48358285,-3.4215996,1.8475379,-2.5107396,-16731116
89,88,90,111,"null","null","null",13,6.3341365,0.6580924,-2.772554,0.5830978,-3.4995887,-16731116
90,89,91,106,"null","null","null",11,5.767276,2.0156596,-2.1631112,0.46288577,-3.6629987,-16731116
91,90,92,101,"null","null","null",8,5.037146,3.1657724,-1.0032573,0.63761365,-3.1602027,-16731116
92,91,93,98,"null","null","null",5,4.5161304,3.5147939,-0.39551884,1.6992425,-2.5264754,-16731116
93,92,94,97,"null","null","null",3,2.0158527,3.0981069,-0.6042892,3.0448964,-1.5045781,-16731116
94,93,95,96,"null","null","null",2,1.6540833,2.361207,-0.6619245,3.664692,-0.32388246,-16731116
98,92,99,100,"null","null","null",2,3.059703,0.90940034,-2.1905565,0.63667953,-3.8270526,-16731116
101,91,102,105,"null","null","null",3,4.1743965,0.3445301,-2.8342948,0.9791694,-3.5548277,-16731116
102,101,103,104,"null","null","null",2,1.7205517,0.90940034,-2.1905565,0.44105583,-3.8270526,-16731116
106,90,107,110,"null","null","null",3,3.2609396,0.52348053,-3.4706397,2.010226,-2.143413,-16731116
107,106,108,109,"null","null","null",2,3.0826986,0.6527479,-2.8544078,0.9791694,-3.1268065,-16731116
111,89,112,113,"null","null","null",2,5.860283,0.86650527,-3.4392254,2.4198835,-0.38339564,-16731116
114,88,115,124,"null","null","null",9,4.3028474,1.6207669,-2.6534753,3.2712228,-0.40147904,-16731116
115,114,116,123,"null","null","null",5,2.6994567,0.641129,-3.473289,2.5607443,-0.88763,-16731116
116,115,117,122,"null","null","null",4,2.5624852,0.5042378,-3.4551682,2.010226,-2.4726603,-16731116
117,116,118,121,"null","null","null",3,1.9561237,0.6527479,-2.8342948,0.9791694,-3.5548277,-16731116
118,117,119,120,"null","null","null",2,1.8901738,0.90940034,-2.1905565,0.44105583,-3.8270526,-16731116
124,114,125,130,"null","null","null",4,2.4764283,3.1200044,-0.3173806,3.0610676,-1.6001905,-16731116
125,124,126,129,"null","null","null",3,0.9492035,2.3745215,-0.66423035,3.7909281,-0.41359985,-16731116
126,125,127,128,"null","null","null",2,0.71473867,1.8611674,-1.7914399,3.711177,-0.54197454,-16731116
131,1,132,165,"null","null","null",28,7.0529404,0.84491944,-3.5743203,2.7277632,-0.9701271,-16731116
132,131,133,156,"null","null","null",17,6.1817875,0.5235968,-3.5057967,1.9093044,-2.5107396,-16731116
133,132,134,155,"null","null","null",12,5.6245475,0.6580924,-2.88201,0.867519,-3.4995887,-16731116
134,133,135,152,"null","null","null",11,4.7957554,2.0156596,-2.3054042,0.46288577,-3.6629987,-16731116
135,134,136,151,"null","null","null",9,3.7158704,3.1657724,-1.1971772,0.63761365,-3.1602027,-16731116
136,135,137,148,"null","null","null",8,3.379531,3.5147939,-0.39551884,1.5568684,-2.5264754,-16731116
137,136,138,145,"null","null","null",6,2.8527522,3.0981069,-0.6042892,2.8598099,-1.4209399,-12486656
138,137,139,144,"null","null","null",4,2.1398013,2.361207,-1.1773405,3.4240794,-0.32388246,-12486656
139,138,140,143,"null","null","null",3,1.9818993,1.7788317,-2.6272786,3.1628635,-0.5592996,-11184866
140,139,141,142,"null","null","null",2,1.6753974,0.6411245,-3.439229,2.419877,-0.6642306,-8572416
145,137,146,147,"null","null","null",2,1.5574048,2.7384992,-1.3026755,0.30320144,-3.2226942,-16731116
148,136,149,150,"null","null","null",2,2.8689938,0.90940034,-2.1905565,0.63667953,-3.8270526,-16731116
152,134,153,154,"null","null","null",2,2.0704865,0.52348053,-3.7907991,2.010226,-1.4433506,-16731116
156,132,157,164,"null","null","null",5,4.9517198,1.7788353,-2.8520734,3.4101975,-0.40147904,-16731116
157,156,158,161,"null","null","null",4,4.382414,0.4148165,-3.7314665,2.7414112,-0.6642305,-16731116
158,157,159,160,"null","null","null",2,3.4280424,0.5042378,-3.7907991,2.010226,-1.4433506,-16731116
161,157,162,163,"null","null","null",2,2.1410747,2.3745215,-0.40725255,3.5997562,-0.8210846,-16731116
165,131,166,181,"null","null","null",11,4.798378,2.6858704,-1.2045312,3.6646092,-0.7950944,-16731116
166,165,167,180,"null","null","null",8,2.574333,1.7788353,-2.6626298,3.4755552,-0.5592989,-16731116
167,166,168,175,"null","null","null",7,2.3245003,0.4148165,-3.48519,2.8263764,-0.6642305,-16731116
168,167,169,172,"null","null","null",4,2.1091855,0.5042378,-3.4706397,2.1206808,-2.143413,-16731116
169,168,170,171,"null","null","null",2,1.525507,0.6527479,-2.8544078,0.9791694,-3.1268065,-16731116
172,168,173,174,"null","null","null",2,0.13502556,1.8611674,-1.7914399,3.711177,-0.4428624,-16731116
175,167,176,179,"null","null","null",3,2.0068085,2.3745215,-0.47381783,3.7909281,-0.8210846,-16731116
176,175,177,178,"null","null","null",2,1.2775903,1.8611674,-1.7914399,3.711177,-0.54197454,-16731116
181,165,182,185,"null","null","null",3,3.8521402,3.7903333,-0.7370672,1.0472662,-2.3134408,-16731116
182,181,183,184,"null","null","null",2,0.8699084,3.5116992,-0.59051746,2.288054,-1.6001905,-16731116
186,0,187,200,"null","null","null",9,10.709269,1.6749359,-2.7538254,3.3983066,-0.35959655,-16731116
187,186,188,197,"null","null","null",7,8.561785,0.3384865,-3.4974654,2.727799,-1.0443956,-16731116
188,187,189,194,"null","null","null",5,3.9951887,0.5235968,-3.4058852,2.0181658,-2.6072886,-16731116
189,188,190,193,"null","null","null",3,2.3497982,0.6580924,-2.7521253,0.867519,-3.6251023,-16731116
190,189,191,192,"null","null","null",2,1.0038258,1.0880269,-2.1365538,0.46288577,-3.8261664,-12486656
194,188,195,196,"null","null","null",2,2.2750757,1.7788353,-1.9610502,3.6551359,-0.40147904,-16731116
197,187,198,199,"null","null","null",2,3.304747,2.3612075,-0.41842124,3.6646893,-0.7950944,-16731116
200,186,201,202,"null","null","null",2,8.179577,3.4248688,-0.27500102,2.444159,-1.5045819,-16731116
