index,parent,child1,child2,name1,name2,common,richness,lengthbr,hxmax,hxmin,hymax,hymin,color
0,-268270486,1,76,"null","null","null",39,35.28831,3.5845249,-0.60018456,2.129318,-2.1365604,-16731116
1,0,2,69,"null","null","null",38,31.476954,3.0581908,-0.63761264,3.3135395,-1.0032711,-16731116
2,1,3,62,"null","null","null",34,28.995323,2.3938556,-1.6991744,3.7069027,-0.39551604,-16731116
3,2,4,61,"null","null","null",30,25.25266,1.5045912,-3.0448194,3.347855,-0.6042875,-16731116
4,3,5,56,"","null","Owlets and Pigmy owls",29,23.802256,0.32387918,-3.6646056,2.685877,-1.2130133,-16731116
5,4,6,37,"null","null","null",26,19.596188,0.5592972,-3.4755578,1.7338114,-2.6736648,-16731116
6,5,7,30,"null","null","null",16,15.009693,0.7517865,-2.8263798,0.5617701,-3.4995463,-16731116
7,6,8,25,"null","null","null",12,10.317549,2.2960706,-1.9270728,0.50423574,-3.4893112,-16731116
8,7,9,20,"null","null","null",9,8.142446,3.3252718,-0.76731706,0.6527473,-2.8786826,-16731116
9,8,10,19,"null","null","null",6,6.7718744,3.5286398,-0.44105357,1.864394,-2.190562,-16731116
10,9,11,18,"null","null","null",5,4.1164293,3.0229478,-0.6278824,3.0686321,-1.3026856,-16731116
11,10,12,17,"null","null","null",4,4.01787,2.3134432,-1.5287621,3.4890285,-0.37198886,-16731116
12,11,13,16,"null","null","null",3,2.8066146,1.6001961,-2.914004,3.1200058,-0.59051657,-16731116
13,12,14,15,"null","null","null",2,1.3547081,0.41360605,-3.599752,2.3745227,-0.66423047,-16731116
20,8,21,24,"null","null","null",3,3.7040873,0.37080014,-2.6608305,0.88575864,-3.6840544,-16731116
21,20,22,23,"null","null","null",2,1.1887349,1.2662282,-2.0763705,0.48397225,-3.8140674,-16731116
25,7,26,29,"null","null","null",3,7.3839617,0.44286656,-3.2755415,1.8611743,-2.472528,-16731116
26,25,27,28,"null","null","null",2,4.2529798,0.6619247,-2.5711904,0.7547004,-3.3442519,-16731116
30,6,31,34,"null","null","null",4,8.918121,0.8210871,-3.7909265,2.7051508,-0.47380137,-16731116
31,30,32,33,"null","null","null",2,3.7632105,0.541973,-3.7111814,1.8611743,-1.7914251,-16731116
34,30,35,36,"null","null","null",2,3.2907925,2.3408232,-0.4290229,3.7190409,-0.76705444,-16731116
37,5,38,47,"null","null","null",10,14.632303,1.4333917,-2.803284,3.374336,-0.3173849,-16731116
38,37,39,44,"null","null","null",5,7.321902,0.29948753,-3.4558191,2.7051516,-0.9977241,-12486656
39,38,40,43,"null","null","null",3,3.3926027,0.54197276,-3.2755432,1.8611755,-2.4725258,-12486656
40,39,41,42,"null","null","null",2,2.3933234,0.66192466,-2.5711925,0.75470227,-3.3442504,-11184866
44,38,45,46,"null","null","null",2,3.8596537,2.3408232,-0.42902276,3.7190404,-0.7670549,-16731116
47,37,48,55,"null","null","null",5,7.8286686,3.0657158,-0.2891274,2.9604087,-1.4052902,-16731116
48,47,49,54,"null","null","null",4,6.777683,2.3408232,-1.3545582,3.4508214,-0.3480779,-12486656
49,48,50,53,"null","null","null",3,5.534251,1.6917381,-2.774608,3.1313152,-0.5754996,-16731116
50,49,51,52,"null","null","null",2,4.602682,0.52729416,-3.5244944,2.3807096,-0.665,-16731116
56,4,57,60,"null","null","null",3,9.085733,2.313444,-1.0472472,3.790336,-0.7370704,-16731116
57,56,58,59,"null","null","null",2,4.920515,1.6002,-2.2880378,3.5117078,-0.5905161,-16731116
62,2,63,68,"null","null","null",4,23.315884,3.52864,-0.6366841,2.0262713,-2.190563,-12486656
63,62,64,67,"null","null","null",3,19.307198,3.0229487,-0.62788224,3.2790747,-1.3026884,-16731116
64,63,65,66,"null","null","null",2,14.525623,2.313444,-0.65274763,3.7626064,-0.37198827,-16731116
69,1,70,75,"null","null","null",4,16.622955,3.4434726,-0.9791815,0.3445285,-2.834304,-16731116
70,69,71,74,"null","null","null",3,10.112731,3.6823015,-0.44105333,1.6104301,-2.190563,-16731116
71,70,72,73,"","null","Saw-whet owls",2,4.068191,3.2227087,-0.62788224,2.7384808,-1.3026884,-16731116
