index,parent,child1,child2,name1,name2,common,richness,lengthbr,hxmax,hxmin,hymax,hymin,color
0,-1,1,63,"","null","Birds",9993,113.24971,2.7710035,-1.6246563,0.275,-3.3784757,-16731116
1,0,2,48,"NEOGNATHAE","null","null",9935,97.56061,3.5198045,-0.45206892,0.9343947,-2.7020183,-16731116
2,1,3,28,"null","null","null",9487,79.61384,3.4349322,-0.52359533,2.4642932,-1.8434331,-16731116
3,2,4,22,"null","null","null",8921,79.574554,2.7898874,-0.658092,3.4392173,-0.76377,-16731116
4,3,5,-268414976,"null","null","null",7893,79.46222,2.1856394,-2.1036322,3.5845242,-0.46288377,-16731116
5,4,6,-268270592,"null","null","null",7524,78.409546,1.031826,-3.280147,3.0581892,-0.6376127,-16731116
6,5,7,11,"null","null","null",6392,76.43969,0.39551646,-3.6634912,2.393854,-1.6694298,-16731116
7,6,-268405760,8,"null","null","null",6386,76.172035,0.60428786,-3.291419,1.4209524,-3.0061493,-16731116
8,7,9,10,"CARIAMIFORMES","null","Seriemas",2,9.144647,1.3026842,-2.738487,3.2227035,-0.3032,-16731116
11,6,12,19,"COLIIFORMES","null","Mousebirds",6,50.38713,2.3868923,-2.0426822,3.5286398,-0.6366832,-16731116
12,11,13,18,"null","null","null",4,39.866776,1.302686,-3.300406,3.0229473,-0.62788254,-16731116
13,12,14,17,"null","null","null",3,25.03486,0.37198886,-3.7903347,2.3134427,-1.0472546,-16731116
14,13,15,16,"null","null","null",2,20.00186,0.59051657,-3.511704,1.6001961,-2.2880442,-16731116
19,11,20,21,"null","null","null",2,33.89711,3.8140678,-0.56240124,1.2662275,-2.0763705,-16731116
22,3,-268434432,23,"","null","Flamingos, Petrels and more",1028,74.7999,3.5076976,-0.8665072,0.8019856,-2.8263798,-16731116
23,22,24,27,"PHAETHONTIFORMES","null","Tropicbirds",3,25.522482,0.47380126,-2.3745224,0.82108676,-3.7909276,-16731116
24,23,25,26,"null","null","null",2,11.380577,1.7914244,-1.8611743,0.5419732,-3.711182,-16731116
28,2,29,45,"","null","Hummingbirds, Nightjars and more",566,77.14246,2.6842868,-1.7948626,0.40148264,-3.261972,-16731116
29,28,30,44,"null","null","null",564,74.26705,3.5133524,-0.64113855,0.807804,-2.5487185,-16731116
30,29,-268279808,31,"null","null","null",563,73.7385,3.507258,-0.50423604,2.3688922,-1.994587,-16731116
31,30,32,43,"CAPRIMULGIFORMES","null","Potoos",7,50.133762,2.5790365,-1.8611743,0.44286627,-3.4274497,-16731116
32,31,33,40,"null","null","null",6,40.645454,3.4827127,-0.49051434,0.6619247,-2.768671,-16731116
33,32,34,37,"null","null","null",4,29.876392,3.5523238,-0.48397207,1.9702932,-2.2165627,-16731116
34,33,35,36,"null","null","null",2,18.516487,2.9852421,-0.6459119,3.0051599,-1.0892122,-16731116
37,33,38,39,"null","null","null",2,9.903041,1.6186283,-1.9384066,0.48358738,-3.756462,-16731116
40,32,41,42,"null","null","null",2,24.51491,0.3955608,-2.3807096,0.8449218,-3.5244951,-16731116
45,28,46,47,"EURYPYGIFORMES","null","null",2,62.98996,0.31738394,-3.5117054,1.6001972,-2.2880425,-12486656
48,1,49,-268407808,"GALLOANSERAE","null","Fowl",448,72.364044,1.1974789,-2.6167557,0.7950965,-3.6066751,-16731116
49,48,50,-268248064,"GALLIFORMES","null","Gamebirds",288,56.58101,2.6534674,-1.620774,0.5592977,-3.4002457,-16731116
50,49,51,-268247040,"null","null","null",267,50.195442,3.473287,-0.54118717,0.8246678,-2.7284744,-16731116
51,50,-268284928,52,"","null","Pheasants, Quails and Guineafowl",217,27.297989,3.455173,-0.50423604,2.3908153,-1.9868128,-16731116
52,51,53,62,"Numididae","null","Guineafowl",6,11.894352,2.5790365,-1.8611743,0.44286627,-3.409958,-16731116
53,52,54,59,"null","null","null",5,8.724261,3.4827127,-0.49051434,0.6619247,-2.7459316,-16731116
54,53,55,58,"null","null","null",3,7.0807767,3.5523238,-0.48397207,1.9702932,-2.0763712,-16731116
55,54,56,57,"null","null","null",2,3.3243625,2.9852421,-0.6459119,3.0051599,-1.0892122,-16731116
59,53,60,61,"null","null","null",2,4.076234,0.3955608,-2.3807096,0.8449218,-3.5244951,-12486656
63,0,64,157,"Palaeognathae","null","Tinamous, Rheas, Ostrich and more",58,85.89132,0.275,-3.3117266,1.4246843,-2.9770322,-16731116
64,63,65,122,"TINAMIFORMES","null","Tinamous",47,73.77164,1.219026,-2.6389108,0.32387993,-3.5764792,-16731116
65,64,66,107,"null","null","null",29,63.05831,2.6814785,-1.6207733,0.55929774,-3.360991,-16731116
66,65,67,100,"null","null","null",21,48.92791,3.5097008,-0.41482252,0.75178885,-2.6774428,-16731116
67,66,68,85,"null","null","null",17,36.016376,3.50251,-0.5042362,2.296072,-1.9868122,-16731116
68,67,69,82,"null","null","null",9,32.39231,2.895841,-0.6527474,3.325272,-0.7274768,-16731116
69,68,70,77,"null","null","null",7,28.19932,2.2705617,-2.0262752,3.5286393,-0.44105375,-16731116
70,69,71,74,"null","null","null",4,24.510609,1.1514552,-3.2790775,3.0229473,-0.6278824,-16731116
71,70,72,73,"null","null","null",2,8.764401,0.37198886,-3.7626076,2.3134427,-0.6527475,-16731116
74,70,75,76,"null","null","null",2,9.437234,2.9852402,-0.33095512,3.0051615,-1.0892107,-16731116
77,69,78,81,"null","null","null",3,15.739826,3.5523233,-0.56240153,1.9702942,-2.076371,-16731116
78,77,79,80,"null","null","null",2,9.557413,2.9852412,-0.64591193,3.0051606,-1.0892115,-16731116
82,68,83,84,"null","null","null",2,8.700712,3.3442519,-0.8857584,0.37080023,-2.571191,-12486656
85,67,86,93,"null","null","null",8,31.519852,2.7339158,-1.7062025,0.44286597,-3.409958,-16731116
86,85,87,90,"null","null","null",4,29.775894,3.684055,-0.4905138,0.6619247,-2.7459316,-16731116
87,86,88,89,"null","null","null",2,9.400393,3.814068,-0.48397225,1.266226,-2.076371,-16731116
90,86,91,92,"null","null","null",2,28.106533,0.3955609,-2.3807096,0.8449216,-3.5244958,-16731116
93,85,94,97,"null","null","null",4,17.605322,0.35960028,-3.1313152,1.6749458,-2.7746117,-16731116
94,93,95,96,"null","null","null",2,8.128587,0.665,-2.3807096,0.5272911,-3.524496,-16731116
97,93,98,99,"null","null","null",2,11.057376,1.5045888,-2.4441473,3.4248762,-0.27500042,-16731116
100,66,101,106,"null","null","null",4,19.277973,0.99772817,-2.3745224,0.82108665,-3.4558203,-16731116
101,100,102,105,"null","null","null",3,12.540295,2.4725287,-1.8611736,0.5419733,-3.2755423,-16731116
102,101,103,104,"null","null","null",2,7.1250043,3.3442519,-0.7547009,0.6619247,-2.571191,-16731116
107,65,108,117,"null","null","null",8,44.70943,0.31738362,-3.1200058,1.4333887,-2.803287,-16731116
108,107,109,116,"null","null","null",5,32.651997,0.99772924,-2.3745227,0.41360688,-3.4558203,-16731116
109,108,110,113,"null","null","null",4,20.978582,2.47253,-1.9094224,0.54197335,-3.2755418,-16731116
110,109,111,112,"null","null","null",2,8.571575,3.3442523,-0.7546998,0.6619247,-2.57119,-16731116
113,109,114,115,"null","null","null",2,8.92202,0.35959998,-3.588561,1.6917348,-2.1267943,-12486656
117,107,118,121,"null","null","null",3,26.210405,1.405287,-3.1667345,3.0657148,-0.28912786,-16731116
118,117,119,120,"null","null","null",2,10.997896,0.34807867,-3.7190418,2.3408225,-0.658092,-16731116
122,64,123,148,"null","null","null",18,64.65146,0.73706937,-3.6846662,2.4557266,-1.5047777,-16731116
123,122,124,139,"null","null","null",13,47.124992,0.5905167,-3.3743348,1.4333884,-2.882824,-16731116
124,123,125,136,"null","null","null",8,29.554497,1.1987965,-2.7051504,0.29948837,-3.5592177,-16731116
125,124,126,133,"null","null","null",6,25.617252,2.7339168,-1.9094224,0.5419735,-3.4099581,-16731116
126,125,127,130,"null","null","null",4,16.370823,3.6840553,-0.4905132,0.6619247,-2.7459316,-16731116
127,126,128,129,"null","null","null",2,6.4297347,3.8140678,-0.48397237,1.2662275,-2.0763705,-16731116
130,126,131,132,"null","null","null",2,7.808196,0.395561,-2.3807096,0.84492147,-3.5244963,-16731116
133,125,134,135,"null","null","null",2,7.1389685,0.35959998,-3.588561,1.6917348,-2.1267943,-12486656
136,124,137,138,"null","null","null",2,11.300635,0.7670537,-3.7190423,2.3408225,-0.42902315,-16731116
139,123,140,145,"","null","Nothuras",5,25.852726,1.2878811,-3.2309723,3.0657146,-0.2891279,-16731116
140,139,141,144,"null","null","null",3,14.676197,0.34807876,-3.8025508,2.3408225,-0.8562428,-16731116
141,140,142,143,"null","null","null",2,5.9841743,0.5755002,-3.5885608,1.6917344,-2.1267946,-12486656
145,139,146,147,"null","null","null",2,8.031934,3.108162,-0.31716082,2.8755562,-1.1971867,-16731116
148,122,149,154,"null","null","null",5,51.020782,2.4606786,-1.8652824,3.5280135,-0.671755,-16731116
149,148,150,153,"null","null","null",3,25.80681,1.4052868,-3.1667352,3.0657146,-0.61675966,-16731116
150,149,151,152,"null","null","null",2,15.696655,0.34807873,-3.7190423,2.3408225,-0.658092,-16731116
154,148,155,156,"null","null","null",2,32.581043,3.8261669,-0.6001837,1.0880108,-2.136559,-16731116
157,63,158,177,"","null","Kiwis, Rheas, Ostrich and more",11,61.029682,1.3026851,-3.0686326,3.2310994,-0.30319995,-12486656
158,157,159,174,"null","null","null",10,50.586384,0.371989,-3.4890285,2.5840406,-1.4435952,-12486656
159,158,160,167,"null","null","null",8,42.5275,0.59051657,-3.1200058,1.4333887,-2.803287,-12486656
160,159,161,166,"CASUARIIFORMES","null","null",4,22.307032,0.99772924,-2.3745227,0.41360688,-3.4558203,-12486656
161,160,162,165,"Casuariidae","null","Cassowaries",3,9.141457,2.47253,-1.8611732,0.54197335,-3.2755418,-12486656
162,161,163,164,"null","null","null",2,4.470344,3.3442523,-0.7546998,0.6619247,-2.57119,-12486656
167,159,168,171,"APTERYGIFORMES","null","Kiwis",4,9.66949,1.2878816,-3.1667345,3.0657148,-0.28912786,-11184866
168,167,169,170,"null","null","null",2,1.6603783,0.34807867,-3.7190418,2.3408225,-0.658092,-11184866
171,167,172,173,"null","null","null",2,3.4222658,3.1081624,-0.3171608,2.8755553,-1.1971872,-12486656
174,158,175,176,"RHEIFORMES","null","Rheas",2,8.76558,2.2381637,-0.7310539,3.8167195,-0.67175514,-12486656
