index,parent,child1,child2,name1,name2,common,richness,lengthbr,hxmax,hxmin,hymax,hymin,color
0,-268341244,1,72,"null","null","null",40,14.053574,3.2905593,-0.28912947,3.0967643,-1.2264546,-16731116
1,0,2,69,"null","null","null",36,12.781053,2.6331234,-1.3457365,3.6280699,-0.34808123,-16731116
2,1,3,52,"null","null","null",34,12.461322,1.6407002,-2.7631273,3.361729,-0.5755019,-16731116
3,2,4,31,"null","null","null",25,11.630623,0.42326093,-3.5095534,2.6802483,-0.90352786,-16731116
4,3,5,26,"null","null","null",14,11.160181,0.5235976,-3.421596,1.799375,-2.4241579,-16731116
5,4,6,19,"null","null","null",11,10.399474,0.6580926,-2.7725487,0.64569753,-3.387028,-16731116
6,5,7,14,"null","null","null",7,9.309303,2.164394,-2.1631067,0.46288663,-3.516666,-16731116
7,6,8,13,"null","null","null",4,4.2078657,3.3591228,-1.1971728,0.637614,-2.9699686,-16731116
8,7,9,12,"null","null","null",3,2.5545962,3.7661452,-0.39551976,1.2371495,-2.2791727,-16731116
9,8,10,11,"null","null","null",2,1.2676613,3.4248614,-0.60428977,2.4441714,-1.5045741,-16731116
14,6,15,18,"null","null","null",3,3.722372,0.523479,-3.4706364,2.0102232,-2.14342,-16731116
15,14,16,17,"null","null","null",2,2.4363863,0.6527482,-2.8544023,0.97916484,-3.126811,-12486656
19,5,20,25,"null","null","null",4,6.4881277,0.86650443,-3.48519,2.56074,-0.6343703,-16731116
20,19,21,24,"null","null","null",3,4.99428,0.50423855,-3.4706364,2.0102232,-2.14342,-16731116
21,20,22,23,"null","null","null",2,2.799428,0.6527482,-2.8544023,0.97916484,-3.126811,-16731116
26,4,27,30,"null","null","null",3,9.872836,1.7788317,-2.6272786,3.1628635,-0.40147734,-16731116
27,26,28,29,"null","null","null",2,3.1556559,0.6411245,-3.439229,2.419877,-0.6642306,-16731116
31,3,32,43,"null","null","null",11,8.491,2.5519564,-1.2045364,3.5577044,-0.7950933,-12486656
32,31,33,42,"null","null","null",6,3.3840275,1.7788317,-2.6626332,3.3365765,-0.5592996,-16731116
33,32,34,41,"null","null","null",5,2.0779514,0.6411245,-3.48519,2.6457038,-0.6642306,-16731116
34,33,35,38,"null","null","null",4,1.7138867,0.50423855,-3.4706364,2.1206765,-2.14342,-16731116
35,34,36,37,"null","null","null",2,0.6296696,0.6527482,-2.8544023,0.97916484,-3.126811,-16731116
38,34,39,40,"null","null","null",2,0.66501945,1.8611641,-1.7914469,3.711175,-0.44286072,-12486656
43,31,44,49,"null","null","null",5,6.5020413,3.4890313,-0.73706603,1.5287797,-2.584035,-12486656
44,43,45,48,"null","null","null",3,3.6257238,3.1200037,-0.59051806,2.914018,-1.6001867,-16731116
45,44,46,47,"null","null","null",2,0.6378365,2.374521,-0.6642302,3.599759,-0.4135952,-16731116
49,43,50,51,"null","null","null",2,5.428264,0.73107064,-2.2381597,0.6717517,-3.8167205,-11184866
52,2,53,66,"null","null","null",9,11.062576,3.347846,-0.2750016,2.8598099,-1.4209399,-16731116
53,52,54,61,"null","null","null",7,8.448267,2.6858683,-1.1773405,3.4240794,-0.32388246,-16731116
54,53,55,58,"null","null","null",4,7.2906713,1.7948487,-2.6272786,3.1628635,-0.5592996,-12486656
55,54,56,57,"null","null","null",2,4.8014545,0.6411245,-3.439229,2.419877,-0.6642306,-12486656
58,54,59,60,"null","null","null",2,5.007467,3.5116959,-0.31737888,2.2880604,-1.6001867,-16731116
61,53,62,65,"null","null","null",3,5.3310213,3.7903328,-0.73706603,1.0472739,-2.3134394,-16731116
62,61,63,64,"null","null","null",2,2.3592942,3.5116959,-0.59051806,2.2880604,-1.6001867,-16731116
66,52,67,68,"null","null","null",2,1.1823441,2.7384992,-1.3026755,0.30320144,-3.2226942,-12486656
69,1,70,71,"null","null","null",2,1.5047569,3.7952123,-0.70525765,0.55374324,-2.2791743,-16731116
72,0,73,78,"null","null","null",4,6.687794,3.3591206,-1.1971772,0.31716225,-2.9699712,-16731116
73,72,74,77,"null","null","null",3,2.2824583,3.7661464,-0.39551884,1.2371417,-2.2791743,-16731116
74,73,75,76,"null","null","null",2,0.29210487,3.4248652,-0.6042892,2.4441652,-1.5045781,-12486656
