index,parent,child1,child2,name1,name2,common,richness,lengthbr,hxmax,hxmin,hymax,hymin,color
0,-268368727,1,78,"null","null","null",46,18.156828,2.1597354,-2.0607467,0.48397338,-3.5809,-16731116
1,0,2,73,"null","null","null",39,16.048708,3.2514277,-0.8866515,0.6459124,-3.022389,-16731116
2,1,3,42,"","null","Swallows",36,15.62388,3.5280137,-0.4185698,1.8495915,-2.388156,-16731116
3,2,4,33,"null","null","null",20,13.993101,3.065712,-0.6167603,3.1463318,-1.2264589,-16731116
4,3,5,32,"null","null","null",15,8.009484,2.3408208,-1.3385786,3.6925116,-0.34808022,-16731116
5,4,6,29,"null","null","null",14,7.7649107,1.6749359,-2.7538254,3.445506,-0.5755012,-16731116
6,5,7,24,"null","null","null",12,7.3115416,0.3384865,-3.4974654,2.7891583,-0.9035219,-16731116
7,6,8,21,"null","null","null",9,6.4109035,0.5235968,-3.4058852,2.0181658,-2.4241529,-16731116
8,7,9,20,"null","null","null",7,5.2417107,0.6580924,-2.7521253,0.867519,-3.3870258,-16731116
9,8,10,19,"null","null","null",6,4.623705,2.0156596,-2.1365538,0.46288577,-3.516667,-16731116
10,9,11,18,"null","null","null",5,3.5678692,3.1657724,-1.1971772,0.63761365,-2.9699712,-16731116
11,10,12,17,"null","null","null",4,1.8587021,3.5147939,-0.39551884,1.6992425,-2.2791743,-16731116
12,11,13,16,"null","null","null",3,1.4725251,3.0981069,-0.6042892,3.0448964,-1.5045781,-16731116
13,12,14,15,"null","null","null",2,0.9037126,2.361207,-0.6619245,3.664692,-0.32388246,-16731116
21,7,22,23,"null","null","null",2,2.6454616,1.7788353,-1.9610502,3.6551359,-0.40147904,-16731116
24,6,25,28,"null","null","null",3,5.5502477,2.3612075,-0.6648546,3.8027482,-0.7950944,-16731116
25,24,26,27,"null","null","null",2,3.24986,1.7788353,-1.9610502,3.6551359,-0.5592989,-12486656
29,5,30,31,"null","null","null",2,3.1379466,3.4248688,-0.27500102,2.444159,-1.5045819,-12486656
33,3,34,41,"null","null","null",5,6.170531,3.1657686,-1.1971815,0.31716168,-2.9699733,-16731116
34,33,35,40,"","null","Crag-martins",4,5.791376,3.514793,-0.3955179,1.6992358,-2.2791758,-16731116
35,34,36,39,"null","null","null",3,5.121448,3.0981078,-0.6042887,3.0448914,-1.5045819,-16731116
36,35,37,38,"null","null","null",2,4.192071,2.3612075,-0.66192454,3.6646893,-0.32388148,-16731116
42,2,43,62,"null","null","null",16,11.693149,2.0156536,-2.156239,0.6001816,-3.663,-16731116
43,42,44,55,"null","null","null",10,9.865146,3.1657686,-1.0032619,0.6376133,-3.1602058,-16731116
44,43,45,52,"null","null","null",6,9.231814,3.514793,-0.3955179,1.7809273,-2.5264778,-16731116
45,44,46,51,"null","null","null",4,8.122108,3.0981078,-0.6042887,3.1510901,-1.5045819,-16731116
46,45,47,50,"null","null","null",3,5.754764,2.3612075,-0.6648546,3.8027482,-0.32388148,-16731116
47,46,48,49,"null","null","null",2,4.6615624,1.7788353,-1.9610502,3.6551359,-0.5592989,-16731116
52,44,53,54,"null","null","null",2,5.4454846,0.9093931,-2.1905591,0.63668096,-3.827052,-16731116
55,43,56,59,"null","null","null",4,6.7808547,0.34452954,-2.8342981,0.9169625,-3.5548244,-16731116
56,55,57,58,"null","null","null",2,3.1817985,0.9093931,-2.1905591,0.4410549,-3.827052,-16731116
59,55,60,61,"null","null","null",2,3.067881,0.88575745,-3.344258,2.5711813,-0.3708009,-16731116
62,42,63,68,"null","null","null",6,10.014853,0.5234822,-3.4551706,1.9270635,-2.4726558,-16731116
63,62,64,67,"null","null","null",3,7.830795,0.65274775,-2.8342981,0.9791734,-3.5548244,-16731116
64,63,65,66,"null","null","null",2,3.3325558,0.9093931,-2.1905591,0.4410549,-3.827052,-16731116
68,62,69,72,"null","null","null",3,4.885663,1.8611681,-2.4725404,3.2755337,-0.44286343,-16731116
69,68,70,71,"null","null","null",2,1.4764386,0.7546917,-3.3442597,2.5711792,-0.66192496,-16731116
73,1,74,77,"","null","House-martins",3,6.7791734,0.35782874,-2.752129,0.90259826,-3.6250997,-16731116
74,73,75,76,"null","null","null",2,3.551305,1.0880196,-2.1365566,0.4628849,-3.8261666,-16731116
78,0,79,88,"null","null","null",7,15.293928,0.48358452,-3.405888,2.0181682,-2.424149,-16731116
79,78,80,87,"","null","Saw-wings",5,2.5448468,0.65809226,-2.752129,0.8675231,-3.3870234,-16731116
80,79,81,86,"null","null","null",4,1.658808,2.1815815,-2.1365566,0.4628849,-3.5166674,-16731116
81,80,82,85,"null","null","null",3,1.2082721,3.381475,-1.1971815,0.6376133,-2.9699733,-16731116
82,81,83,84,"null","null","null",2,0.8168446,3.795211,-0.3955179,0.64591163,-2.2791758,-16731116
88,78,89,90,"null","null","null",2,6.72712,1.7788361,-1.9610482,3.6551366,-0.40148008,-16731116
