index,parent,child1,child2,name1,name2,common,richness,lengthbr,hxmax,hxmin,hymax,hymin,color
0,-268434428,1,152,"null","null","null",146,63.19433,2.3532834,-1.8202596,3.6272302,-0.6717557,-12486656
1,0,2,125,"PROCELLARIIFORMES","null","Albatrosses, Shearwaters and Petrels",128,58.508244,1.2264682,-3.1082077,3.1946974,-0.6167594,-12486656
2,1,3,110,"null","null","null",114,53.84655,0.34807813,-3.642959,2.5084994,-1.3441765,-12486656
3,2,4,67,"null","null","null",106,52.259537,0.5754999,-3.3810933,1.6365008,-2.76111,-12486656
4,3,5,54,"null","null","null",84,38.39816,0.93439436,-2.7054212,0.47731203,-3.5069444,-12486656
5,4,6,31,"null","null","null",77,37.122913,2.4642932,-1.847547,0.5235952,-3.4182148,-12486656
6,5,7,-268422144,"Procellariidae","null","Petrels and shearwaters",65,35.749977,3.4392173,-0.70805204,0.658092,-2.7681549,-12486656
7,6,8,18,"null","null","null",33,29.605791,3.5845234,-0.4628839,2.015647,-2.1562426,-12486656
8,7,9,17,"null","null","null",26,25.34455,3.058188,-0.6376129,3.1657646,-1.197186,-12486656
9,8,-268421120,10,"","null","Shearwaters",25,19.606129,2.393853,-1.6694324,3.5147924,-0.3955168,-12486656
10,9,11,16,"null","null","null",4,12.840519,3.5286398,-0.6366827,2.02628,-2.1905606,-12486656
11,10,12,15,"null","null","null",3,7.7885613,3.0229464,-0.6278828,3.2790809,-1.3026825,-16731116
12,11,13,14,"null","null","null",2,1.659072,2.3134422,-0.6527473,3.7626088,-0.3719896,-16731116
18,7,19,28,"null","null","null",7,24.732544,2.2960746,-2.1206875,0.523484,-3.4551716,-12486656
19,18,20,27,"null","null","null",5,6.372301,3.325274,-0.9791769,0.6527475,-2.8343005,-12486656
20,19,21,26,"null","null","null",4,5.3369083,3.5286398,-0.44105422,2.02628,-2.1905606,-12486656
21,20,22,25,"null","null","null",3,4.77285,3.0229464,-0.6278828,3.2790809,-1.3026825,-11184866
22,21,23,24,"null","null","null",2,2.3446238,2.3134422,-0.6527473,3.7626088,-0.3719896,-11184866
28,18,29,30,"null","null","null",2,9.1260195,0.4428653,-3.7111802,1.8611718,-1.7914302,-16731116
31,5,32,47,"null","null","null",12,34.88499,0.40148264,-3.2712283,1.6207732,-2.6534677,-16731116
32,31,33,46,"Procellariidae","null","Petrels and shearwaters",8,32.31005,0.75179124,-2.5607514,0.6411365,-3.4732869,-16731116
33,32,34,45,"null","null","null",7,17.928213,2.2960746,-2.010231,0.50423634,-3.4551716,-16731116
34,33,35,42,"null","null","null",6,9.561826,3.325274,-0.72747266,0.6527475,-2.8343005,-16731116
35,34,36,41,"","null","Prions",4,5.7210107,3.5286398,-0.44105422,2.02628,-2.1905606,-16731116
36,35,37,40,"null","null","null",3,2.0696898,3.0229464,-0.6278828,3.2790809,-1.3026825,-16731116
37,36,38,39,"null","null","null",2,0.9122964,2.3134422,-0.6527473,3.7626088,-0.3719896,-16731116
42,34,43,44,"null","null","null",2,3.918757,0.37080052,-2.5711858,0.88575804,-3.344255,-16731116
47,31,48,53,"Pelecanoididae","null","Diving-petrels",4,25.576529,1.6001966,-3.0610616,3.1200056,-0.31738362,-16731116
48,47,49,52,"null","null","null",3,15.597641,0.41360754,-3.7909272,2.3745224,-0.66423047,-16731116
49,48,50,51,"null","null","null",2,9.516112,0.5419733,-3.711181,1.861173,-1.7914275,-16731116
54,4,55,64,"Procellariidae","null","Petrels and shearwaters",7,16.51009,0.79509676,-3.6143308,2.6735516,-1.3502465,-16731116
55,54,56,63,"null","null","null",5,12.415823,0.5592977,-3.4101982,1.7788414,-2.8520653,-16731116
56,55,57,60,"null","null","null",4,9.928724,0.66423047,-2.7414122,0.41482198,-3.7314637,-16731116
57,56,58,59,"null","null","null",2,1.9462731,1.4433382,-2.010231,0.50423634,-3.7908013,-16731116
60,56,61,62,"","null","Fulmars",2,5.797032,0.8210864,-3.5997522,2.3745222,-0.40725175,-16731116
64,54,65,66,"null","null","null",2,12.506089,2.313443,-0.4390179,3.7626073,-0.7370695,-16731116
67,3,68,93,"Diomedeidae","null","Albatrosses",22,23.77098,1.424686,-3.006147,3.3383741,-0.27500063,-11184866
68,67,69,90,"null","null","null",13,15.799574,0.32387957,-3.61433,2.6735523,-1.2045211,-11184866
69,68,70,79,"null","null","null",11,7.9039817,0.55929744,-3.4101982,1.73381,-2.6626234,-11184866
70,69,71,76,"null","null","null",5,3.9108617,0.66423047,-2.7414126,0.41482306,-3.4851909,-11184866
71,70,72,75,"null","null","null",3,2.0168812,2.1433983,-2.010232,0.50423604,-3.4706478,-11184866
72,71,73,74,"null","null","null",2,0.42037284,3.1267962,-0.9791784,0.6527474,-2.8544197,-11184866
76,70,77,78,"","null","Yellow-nosed Albatrosses",2,0.55715925,0.82108676,-3.5997515,2.3745224,-0.40725157,-8572416
79,69,80,89,"null","null","null",6,4.091602,1.6001978,-2.803285,3.3743355,-0.31738424,-12486656
80,79,81,86,"null","null","null",5,2.480321,0.2994879,-3.455819,2.7051508,-0.9977267,-12486656
81,80,82,85,"null","null","null",3,0.8636304,0.541973,-3.2755415,1.8611743,-2.472528,-12486656
82,81,83,84,"null","null","null",2,0.48557472,0.6619247,-2.5711904,0.7547004,-3.3442519,-12486656
86,80,87,88,"null","null","null",2,0.64458805,2.3408232,-0.4290229,3.7190409,-0.76705444,-11184866
90,68,91,92,"null","null","null",2,3.3581092,2.3134434,-0.43901777,3.762607,-0.73706996,-11184866
93,67,94,103,"null","null","null",9,13.907324,3.2311006,-0.30319974,3.0686307,-1.1166887,-11184866
94,93,95,100,"null","null","null",5,5.8441954,2.5840416,-1.5287583,3.4890275,-0.37198862,-8572416
95,94,96,99,"null","null","null",3,1.7007177,1.6001987,-2.9140007,3.120006,-0.5905163,-8572416
96,95,97,98,"null","null","null",2,0.89024395,0.4136094,-3.5997503,2.3745227,-0.66423047,-8572416
100,94,101,102,"null","null","null",2,0.36029196,3.816719,-0.6717558,0.73104995,-2.2381647,-11184866
103,93,104,107,"null","null","null",4,7.227961,3.4735034,-0.9287939,0.33095497,-2.9070134,-11184866
104,103,105,106,"null","null","null",2,2.5805557,3.816719,-0.41856813,0.73104995,-2.2381647,-11184866
107,103,108,109,"null","null","null",2,5.6960783,0.35782778,-2.7162247,0.90259945,-3.2399726,-8572416
110,2,111,120,"Hydrobatidae","null","Storm-petrels",8,31.007374,2.4621491,-1.7809162,3.514792,-0.7052618,-12486656
111,110,112,117,"null","null","null",5,28.695957,1.4209566,-3.151083,3.0981107,-0.6042876,-16731116
112,111,113,116,"null","null","null",3,21.83561,0.3238794,-3.8027477,2.3612094,-0.66483784,-12486656
113,112,114,115,"null","null","null",2,6.268109,0.55929744,-3.6551414,1.7788426,-1.9610354,-12486656
117,111,118,119,"null","null","null",2,19.588474,3.2227082,-0.30319965,2.738482,-1.3026878,-16731116
120,110,121,124,"null","null","null",3,13.76203,3.6823013,-0.6366839,1.6104317,-2.1905627,-11184866
121,120,122,123,"null","null","null",2,4.7248764,3.2227082,-0.62788236,2.738482,-1.3026878,-3014646
125,1,126,151,"Hydrobatidae","null","Storm-petrels",14,34.868683,2.969978,-0.3171605,3.3135395,-1.1971898,-16731116
126,125,127,150,"null","null","null",13,34.24221,2.279179,-1.5568542,3.7069027,-0.39551604,-16731116
127,126,128,141,"null","null","null",12,30.09799,1.3321753,-2.8598032,3.347855,-0.6042875,-16731116
128,127,129,136,"null","null","null",7,28.570984,0.32387918,-3.4240847,2.685877,-1.1773154,-16731116
129,128,130,133,"null","null","null",4,18.011429,0.5592972,-3.1628804,1.7948654,-2.6272573,-16731116
130,129,131,132,"null","null","null",2,12.663047,0.66423035,-2.4198992,0.64114,-3.4392164,-16731116
133,129,134,135,"null","null","null",2,7.4216347,1.6001993,-2.2880385,3.5117075,-0.3173849,-16731116
136,128,137,140,"null","null","null",3,21.787771,2.313444,-1.0472472,3.790336,-0.7370704,-16731116
137,136,138,139,"null","null","null",2,5.109823,1.6002,-2.2880378,3.5117078,-0.5905161,-16731116
141,127,142,149,"null","null","null",5,20.366167,3.0229487,-0.30319953,3.068629,-1.3026884,-12486656
142,141,143,148,"null","null","null",4,17.286594,2.313444,-1.5287559,3.489027,-0.37198827,-16731116
143,142,144,147,"null","null","null",3,10.386788,1.6002,-2.913999,3.1200063,-0.5905161,-12486656
144,143,145,146,"null","null","null",2,7.022414,0.41361105,-3.5997496,2.3745227,-0.66423047,-12486656
152,0,153,182,"SPHENISCIFORMES","null","Penguins",18,25.368214,3.5845249,-0.60018456,2.015643,-2.163124,-12486656
153,152,154,179,"null","null","null",15,22.813522,3.0581908,-0.63761264,3.1657617,-1.012213,-12486656
154,153,155,170,"null","null","null",13,16.345844,2.3938556,-1.669425,3.5147917,-0.39551604,-11184866
155,154,156,169,"null","null","null",8,8.526309,1.5045912,-3.0061452,3.098111,-0.6042875,-11184866
156,155,157,168,"null","null","null",7,5.2295523,0.32387918,-3.6143293,2.3612099,-1.350242,-11184866
157,156,158,165,"null","null","null",6,4.339863,0.5592972,-3.4101985,1.7948654,-2.852062,-11184866
158,157,159,162,"null","null","null",4,3.80732,0.66423035,-2.7414126,0.41482425,-3.7314625,-11184866
159,158,160,161,"null","null","null",2,1.3272468,1.4433327,-2.010233,0.50423574,-3.7908022,-11184866
162,158,163,164,"null","null","null",2,0.7485412,0.8210871,-3.5997503,2.3745227,-0.4072514,-11184866
165,157,166,167,"","null","Rockhopper Penguins",2,1.7037979,1.6001993,-2.2880385,3.5117075,-0.3173849,-11184866
170,154,171,178,"null","null","null",5,13.278975,3.52864,-0.6366841,2.0262713,-2.190563,-12486656
171,170,172,175,"null","null","null",4,2.8844824,3.0229487,-0.62788224,3.2790747,-1.1514587,-11184866
172,171,173,174,"null","null","null",2,1.8739723,2.313444,-0.65274763,3.7626064,-0.37198827,-11184866
175,171,176,177,"null","null","null",2,1.7508434,3.0051584,-1.0892134,0.33095476,-2.9852433,-11184866
179,153,180,181,"null","null","null",2,6.521263,3.126793,-0.9791815,0.3445285,-2.8544235,-16731116
182,152,183,186,"null","null","null",3,16.841621,2.1433942,-2.0102332,0.52348495,-3.4706504,-16731116
183,182,184,185,"null","null","null",2,7.3289566,3.126793,-0.9791815,0.6527473,-2.8544235,-16731116
