index,parent,child1,child2,name1,name2,common,richness,lengthbr,hxmax,hxmin,hymax,hymin,color
0,-268315545,1,64,"null","null","null",39,13.038021,3.3900387,-0.8530616,0.65274775,-2.9853187,-12486656
1,0,2,61,"","null","Amazons",32,11.646307,3.6128294,-0.44105524,1.9450194,-2.3868866,-12486656
2,1,3,58,"null","null","null",30,7.8899198,3.1323915,-0.6278832,3.1734376,-1.151444,-12486656
3,2,4,51,"null","null","null",28,7.143652,2.4557223,-1.5127478,3.625268,-0.37199068,-12486656
4,3,5,42,"null","null","null",24,6.7820406,1.5333138,-2.8931787,3.2971134,-0.5905177,-12486656
5,4,6,31,"null","null","null",19,6.7129393,0.29949018,-3.572671,2.604763,-1.0522809,-12486656
6,5,7,20,"null","null","null",13,6.1871433,0.54197484,-3.4274416,1.730665,-2.5434406,-12486656
7,6,8,19,"null","null","null",7,3.3030365,0.68969655,-2.7686596,0.75469065,-3.4364274,-12486656
8,7,9,16,"null","null","null",6,2.348074,2.2793093,-2.2165534,0.483974,-3.4921446,-12486656
9,8,10,15,"null","null","null",4,1.718626,3.4068704,-1.0892006,0.64591265,-2.9070063,-16731116
10,9,11,14,"null","null","null",3,0.8761872,3.7300863,-0.41857052,1.4251142,-2.2381597,-12486656
11,10,12,13,"null","null","null",2,0.42633566,3.328405,-0.6167606,2.5945082,-1.4052775,-12486656
16,8,17,18,"null","null","null",2,1.7192398,0.48358327,-3.756458,1.9383984,-1.6186465,-11184866
20,6,21,28,"null","null","null",6,4.7169304,1.674933,-2.7374787,3.1863725,-0.35959634,-12486656
21,20,22,27,"null","null","null",4,4.0448513,0.5272789,-3.4762127,2.4522848,-0.8165185,-12486656
22,21,23,26,"null","null","null",3,2.685463,0.5235972,-3.3782551,1.9383972,-2.311047,-12486656
23,22,24,25,"null","null","null",2,1.1535015,0.6580925,-2.7162058,0.86751616,-3.2399864,-11184866
28,20,29,30,"null","null","null",2,2.0494807,3.424866,-0.2750013,2.4441643,-1.5045784,-11184866
31,5,32,41,"null","null","null",6,4.4884477,2.3408206,-1.3260055,3.4931793,-0.76705146,-12486656
32,31,33,40,"null","null","null",5,4.033205,1.6917262,-2.7374787,3.1863725,-0.57550156,-12486656
33,32,34,39,"null","null","null",4,3.0551848,0.5272789,-3.4762127,2.4522848,-0.8165185,-11184866
34,33,35,38,"null","null","null",3,2.3549976,0.5235972,-3.3782551,1.9383972,-2.311047,-11184866
35,34,36,37,"null","null","null",2,1.7450461,0.6580925,-2.7162058,0.86751616,-3.2399864,-11184866
42,4,43,50,"null","null","null",5,4.925249,3.2905605,-0.28912896,3.230978,-1.4052784,-12486656
43,42,44,47,"null","null","null",4,4.747605,2.6331244,-0.85626006,3.8025498,-0.34808072,-12486656
44,43,45,46,"null","null","null",2,1.7889533,1.6917262,-2.1268098,3.5885544,-0.57550156,-12486656
47,43,48,49,"null","null","null",2,4.1785703,3.7952118,-0.70525837,0.5537423,-2.2791748,-12486656
51,3,52,57,"null","null","null",4,5.2716026,3.528014,-0.6717526,1.8652952,-2.2381606,-12486656
52,51,53,56,"null","null","null",3,2.4596603,3.0657115,-0.61676055,3.1667447,-1.4052784,-12486656
53,52,54,55,"null","null","null",2,1.7173214,2.3408206,-0.65809166,3.7190466,-0.34808072,-11184866
58,2,59,60,"null","null","null",2,5.159339,3.0051725,-1.0892012,0.33095616,-2.9852285,-16731116
61,1,62,63,"null","null","null",2,8.452759,1.2662416,-2.0763655,0.5623986,-3.8140664,-16731116
64,0,65,72,"null","null","null",7,6.463567,0.7291279,-2.853769,0.8857572,-3.436427,-16731116
65,64,66,71,"null","null","null",4,4.617832,2.3305707,-2.0763655,0.4839738,-3.492145,-16731116
66,65,67,70,"null","null","null",3,4.1057386,3.4735112,-1.0892012,0.6459125,-2.9070072,-16731116
67,66,68,69,"null","null","null",2,1.5817691,3.8167205,-0.41857028,0.73106873,-2.2381606,-16731116
72,64,73,76,"null","null","null",3,5.3424444,0.8449199,-3.7671363,2.4522877,-0.3955618,-16731116
73,72,74,75,"null","null","null",2,2.0682487,0.5235967,-3.7564578,1.938399,-1.6186463,-16731116
