index,parent,child1,child2,name1,name2,common,richness,lengthbr,hxmax,hxmin,hymax,hymin,color
0,-268320764,1,158,"null","null","null",87,28.98957,1.3321655,-2.9979563,3.287608,-0.2750008,-16731116
1,0,2,125,"null","null","null",79,28.290604,0.32388148,-3.6036742,2.6075578,-1.2275922,-16731116
2,1,3,118,"null","null","null",62,28.055494,0.5592989,-3.3963397,1.6207671,-2.692609,-16731116
3,2,4,93,"null","null","null",58,26.720058,0.8143109,-2.7233963,0.50878024,-3.5241628,-16731116
4,3,5,68,"Meliphagidae","null","Honeyeaters",45,19.841452,2.3773456,-2.0236735,0.5042378,-3.5213041,-16731116
5,4,6,49,"null","null","null",32,16.909636,3.4309187,-0.8530597,0.6527479,-2.9202714,-16731116
6,5,7,38,"null","null","null",22,15.2963,3.665971,-0.4410558,1.9931648,-2.3023262,-16731116
7,6,8,37,"null","null","null",16,14.822308,3.2014742,-0.6278835,3.2360241,-1.3026755,-16731116
8,7,9,30,"null","null","null",15,11.525791,2.5455308,-1.4749937,3.7066278,-0.37199128,-16731116
9,8,10,25,"","null","Melidectes",11,9.421611,1.4333783,-2.8440962,3.4028797,-0.59051806,-16731116
10,9,11,20,"null","null","null",8,7.83706,0.2994908,-3.508861,2.7422597,-1.198813,-16731116
11,10,12,17,"null","null","null",5,6.1723194,0.54197526,-3.3444867,1.90941,-2.7339306,-16731116
12,11,13,16,"null","null","null",3,3.648625,0.6619251,-2.660818,0.75468683,-3.6840615,-16731116
13,12,14,15,"null","null","null",2,2.1367753,1.2662508,-2.0763621,0.48397484,-3.8140655,-16731116
17,11,18,19,"null","null","null",2,2.4419234,1.6917254,-2.1268115,3.5885534,-0.35959524,-16731116
20,10,21,24,"null","null","null",3,2.69739,2.3408198,-0.856262,3.8025498,-0.76705074,-16731116
21,20,22,23,"null","null","null",2,2.201996,1.6917254,-2.1268115,3.5885534,-0.5755017,-16731116
25,9,26,29,"null","null","null",3,3.502511,3.0657108,-0.28912932,3.1667461,-1.4052775,-16731116
26,25,27,28,"null","null","null",2,1.5084215,2.3408198,-0.65809166,3.719047,-0.34808096,-16731116
30,8,31,34,"null","null","null",4,8.960506,3.7300863,-0.67175174,1.4251142,-2.4606724,-16731116
31,30,32,33,"null","null","null",2,1.0143987,3.328405,-0.6167606,2.5945082,-1.4052775,-16731116
34,30,35,36,"null","null","null",2,3.7961621,1.0880251,-2.1365547,0.6001805,-3.8261662,-12486656
38,6,39,48,"null","null","null",6,10.462744,2.2793093,-2.076365,0.5623976,-3.6238089,-16731116
39,38,40,47,"null","null","null",5,9.143002,3.4068704,-1.0892006,0.64591265,-3.0781698,-16731116
40,39,41,44,"null","null","null",4,5.8853965,3.7300863,-0.41857052,1.4251142,-2.4606724,-16731116
41,40,42,43,"null","null","null",2,3.9402094,3.328405,-0.6167606,2.5945082,-1.4052775,-16731116
44,40,45,46,"null","null","null",2,3.056485,1.0880251,-2.1365547,0.6001805,-3.8261662,-16731116
49,5,50,61,"null","null","null",10,13.882535,0.72912955,-2.8537693,0.88575673,-3.4364274,-16731116
50,49,51,58,"null","null","null",6,7.6112113,2.3305721,-2.2165534,0.483974,-3.4921446,-16731116
51,50,52,55,"null","null","null",4,6.361394,3.4735122,-0.8706852,0.64591265,-2.9070063,-16731116
52,51,53,54,"null","null","null",2,3.388243,3.8167205,-0.41857052,0.73107064,-2.2381597,-16731116
55,51,56,57,"null","null","null",2,2.6382642,0.35782912,-2.7162104,0.9025978,-3.239983,-16731116
58,50,59,60,"null","null","null",2,2.7061367,0.48358327,-3.756458,1.9383984,-1.6186465,-12486656
61,49,62,65,"null","null","null",4,10.406595,0.8449197,-3.767137,2.7277992,-0.39556193,-16731116
62,61,63,64,"null","null","null",2,3.730789,0.5235969,-3.756458,1.9383984,-1.6186465,-16731116
65,61,66,67,"null","null","null",2,5.064557,2.361208,-0.4184213,3.6646907,-0.79509425,-16731116
68,4,69,88,"null","null","null",13,17.14852,0.4428624,-3.4929106,1.7061949,-2.5434406,-16731116
69,68,70,81,"null","null","null",10,10.742928,0.72912955,-2.8537693,0.64476943,-3.4364274,-16731116
70,69,71,78,"null","null","null",6,9.091581,2.3305721,-2.2165534,0.483974,-3.4921446,-16731116
71,70,72,75,"null","null","null",4,8.131337,3.4735122,-0.8706852,0.64591265,-2.9070063,-16731116
72,71,73,74,"null","null","null",2,5.494673,3.8167205,-0.41857052,0.73107064,-2.2381597,-16731116
75,71,76,77,"null","null","null",2,4.2194853,0.35782912,-2.7162104,0.9025978,-3.239983,-16731116
78,70,79,80,"null","null","null",2,5.375687,0.48358327,-3.756458,1.9383984,-1.6186465,-16731116
81,69,82,85,"null","null","null",4,8.270157,0.8449197,-3.767137,2.7277992,-0.39556193,-16731116
82,81,83,84,"null","null","null",2,4.556174,0.5235969,-3.756458,1.9383984,-1.6186465,-16731116
85,81,86,87,"null","null","null",2,5.0882425,2.361208,-0.4184213,3.6646907,-0.79509425,-16731116
88,68,89,92,"null","null","null",3,9.931188,1.6917262,-2.7746265,3.1313148,-0.35959634,-16731116
89,88,90,91,"null","null","null",2,7.3824162,0.5272789,-3.524505,2.3807096,-0.665,-16731116
93,3,94,109,"null","null","null",13,25.460945,0.8210846,-3.5592227,2.58594,-1.0522809,-16731116
94,93,95,106,"Meliphagidae","null","Honeyeaters",8,23.084774,0.54197484,-3.409959,1.9094126,-2.5434406,-16731116
95,94,96,103,"null","null","null",6,22.682232,0.72912955,-2.745932,0.49050736,-3.4364274,-16731116
96,95,97,102,"null","null","null",4,19.689844,2.3305721,-2.076365,0.483974,-3.4921446,-16731116
97,96,98,101,"null","null","null",3,6.8597655,3.4735122,-1.0892006,0.64591265,-2.9070063,-16731116
98,97,99,100,"null","null","null",2,0.35292953,3.8167205,-0.41857052,0.73107064,-2.2381597,-16731116
103,95,104,105,"null","null","null",2,7.6176515,0.8449197,-3.5245035,2.3807096,-0.39556193,-16731116
106,94,107,108,"null","null","null",2,3.921933,1.6917262,-2.1268098,3.5885544,-0.35959634,-16731116
109,93,110,115,"null","null","null",5,21.394638,2.6331244,-1.3545806,3.4508271,-0.76705146,-16731116
110,109,111,114,"null","null","null",3,11.213258,1.6917262,-2.7746265,3.1313148,-0.57550156,-16731116
111,110,112,113,"null","null","null",2,5.259665,0.5272789,-3.524505,2.3807096,-0.665,-12486656
115,109,116,117,"Meliphagidae","null","Honeyeaters",2,3.8403583,3.7952118,-0.70525837,0.5537423,-2.2791748,-16731116
118,2,119,122,"Meliphagidae","null","Honeyeaters",4,18.762226,1.550134,-2.9140143,3.1200047,-0.3173806,-16731116
119,118,120,121,"null","null","null",2,11.954422,0.4135974,-3.5997574,2.374522,-0.66423035,-16731116
122,118,123,124,"null","null","null",2,3.2431056,3.328406,-0.28912896,2.5945067,-1.4052784,-16731116
125,1,126,149,"Meliphagidae","null","Honeyeaters",17,24.670776,2.4557223,-1.5047903,3.61413,-0.7370672,-16731116
126,125,127,144,"null","null","null",12,24.013578,1.4333808,-2.882834,3.2826338,-0.5905177,-16731116
127,126,128,137,"null","null","null",9,22.601048,0.29949018,-3.5592227,2.58594,-1.1988084,-16731116
128,127,129,136,"null","null","null",5,11.396259,0.54197484,-3.409959,1.8611662,-2.7339265,-16731116
129,128,130,133,"null","null","null",4,7.0461216,0.661925,-2.745932,0.49050736,-3.6840591,-16731116
130,129,131,132,"null","null","null",2,5.302174,1.2662436,-2.076365,0.483974,-3.814066,-16731116
133,129,134,135,"null","null","null",2,5.8939676,0.8449197,-3.5245035,2.3807096,-0.39556193,-16731116
137,127,138,143,"null","null","null",4,14.45194,2.3408206,-1.3545806,3.4508271,-0.76705146,-16731116
138,137,139,142,"null","null","null",3,7.8284035,1.6917262,-2.7746265,3.1313148,-0.57550156,-16731116
139,138,140,141,"null","null","null",2,3.3323348,0.5272789,-3.524505,2.3807096,-0.665,-16731116
144,126,145,148,"null","null","null",3,21.449724,3.0657115,-0.28912896,3.1667447,-1.4052784,-16731116
145,144,146,147,"null","null","null",2,13.001346,2.3408206,-0.65809166,3.7190466,-0.34808072,-16731116
149,125,150,155,"null","null","null",5,17.2346,3.528014,-0.6717526,1.8652952,-2.4606729,-16731116
150,149,151,154,"null","null","null",3,8.03744,3.0657115,-0.61676055,3.1667447,-1.4052784,-16731116
151,150,152,153,"null","null","null",2,3.2005167,2.3408206,-0.65809166,3.7190466,-0.34808072,-16731116
155,149,156,157,"null","null","null",2,8.817604,1.0880258,-2.1365545,0.60018086,-3.8261662,-16731116
158,0,159,172,"Meliphagidae","null","Honeyeaters",8,23.831844,3.022944,-0.30320084,3.0686398,-1.3026779,-16731116
159,158,160,171,"null","null","null",7,20.223272,2.3134408,-1.4436038,3.4890308,-0.37199068,-16731116
160,159,161,168,"null","null","null",6,15.196471,1.550134,-2.8032913,3.1200047,-0.5905177,-16731116
161,160,162,167,"null","null","null",4,14.141487,0.4135974,-3.4558175,2.374522,-0.99774426,-16731116
162,161,163,166,"null","null","null",3,7.350711,0.54197484,-3.2755322,1.8611662,-2.472543,-16731116
163,162,164,165,"null","null","null",2,4.284852,0.661925,-2.5711775,0.75469065,-3.3442605,-16731116
168,160,169,170,"null","null","null",2,3.3926694,3.328406,-0.28912896,2.5945067,-1.4052784,-16731116
