index,parent,child1,child2,name1,name2,common,richness,lengthbr,hxmax,hxmin,hymax,hymin,color
0,-268309398,1,54,"","null","Kiskadees, Kingbirds and more",30,9.861942,0.48358327,-3.497502,1.799379,-2.5107398,-16731116
1,0,2,47,"null","null","null",27,8.869156,0.65809244,-2.8712273,0.726,-3.4995885,-16731116
2,1,3,38,"null","null","null",23,7.7047815,2.0156581,-2.1562362,0.46288556,-3.6629992,-16731116
3,2,4,33,"null","null","null",18,7.010145,3.1657712,-1.0032585,0.6376136,-3.1602035,-16731116
4,3,5,30,"null","null","null",15,5.608268,3.5147934,-0.3955186,1.6694448,-2.526476,-16731116
5,4,6,25,"null","null","null",13,5.191361,3.0981069,-0.60428905,3.00616,-1.3321626,-16731116
6,5,7,24,"null","null","null",10,4.730834,2.361207,-1.1974933,3.6143355,-0.32388222,-16731116
7,6,8,23,"null","null","null",9,4.0100603,1.7788329,-2.6534781,3.4101973,-0.55929935,-16731116
8,7,9,20,"null","null","null",8,3.37263,0.41481417,-3.4732897,2.7414107,-0.8217447,-16731116
9,8,10,17,"null","null","null",6,2.0148811,0.50423837,-3.4551668,2.1206777,-2.3870072,-16731116
10,9,11,16,"null","null","null",4,1.7783418,0.6527481,-2.8342924,0.979166,-3.4434757,-16731116
11,10,12,15,"null","null","null",3,1.493932,1.6104589,-2.190555,0.4410565,-3.6822925,-16731116
12,11,13,14,"null","null","null",2,1.493932,2.7385035,-1.3026721,0.6278838,-3.2226908,-16731116
17,9,18,19,"null","null","null",2,0.7553722,1.8611649,-1.7914449,3.7111757,-0.44286114,-16731116
20,8,21,22,"null","null","null",2,1.3189754,2.3745213,-0.4072529,3.5997584,-0.8210838,-12486656
25,5,26,29,"null","null","null",3,1.3254218,3.2790875,-1.3026766,0.3032013,-3.022943,-16731116
26,25,27,28,"null","null","null",2,0.5641755,3.7626112,-0.37199104,0.6527469,-2.3134398,-16731116
30,4,31,32,"null","null","null",2,1.6545922,0.9093985,-2.1905575,0.6366799,-3.827052,-16731116
33,3,34,37,"null","null","null",3,5.1357226,0.34452996,-2.834296,0.97917,-3.5548263,-16731116
34,33,35,36,"null","null","null",2,2.0815032,0.9093985,-2.1905575,0.4410556,-3.827052,-12486656
38,2,39,46,"null","null","null",5,4.0935116,0.52348095,-3.4551694,2.0102258,-2.3870041,-16731116
39,38,40,45,"null","null","null",4,3.057708,0.652748,-2.834296,0.97917,-3.4434743,-16731116
40,39,41,44,"null","null","null",3,1.1577497,1.6104515,-2.1905575,0.4410556,-3.6822944,-16731116
41,40,42,43,"null","null","null",2,0.67324984,2.7384977,-1.3026766,0.6278834,-3.222695,-16731116
47,1,48,51,"null","null","null",4,5.349909,0.8665055,-3.731467,2.7414117,-0.3833955,-16731116
48,47,49,50,"null","null","null",2,2.245319,0.5042379,-3.7907996,2.0102258,-1.4433501,-16731116
51,47,52,53,"null","null","null",2,4.2081475,2.3745217,-0.4072526,3.5997577,-0.8210845,-16731116
54,0,55,58,"null","null","null",3,8.823944,1.7788337,-2.6272755,3.162866,-0.40147883,-16731116
55,54,56,57,"","null","Kiskadees",2,7.5211573,0.64112616,-3.439227,2.4198804,-0.6642306,-16731116
