index,parent,child1,child2,name1,name2,common,richness,lengthbr,hxmax,hxmin,hymax,hymin,color
0,-268311426,1,74,"null","null","null",38,13.226153,3.6128294,-0.44105524,1.938429,-2.1905582,-16731116
1,0,2,59,"null","null","null",37,13.226154,3.1323915,-0.6278832,3.16487,-1.116679,-16731116
2,1,3,46,"null","null","null",29,12.524733,2.4557223,-1.5047903,3.61413,-0.37199068,-16731116
3,2,4,29,"null","null","null",22,12.197099,1.4333808,-2.882834,3.2826338,-0.5905177,-16731116
4,3,5,22,"null","null","null",13,11.584243,0.29949018,-3.5592227,2.58594,-1.0522809,-16731116
5,4,6,21,"null","null","null",9,10.802102,0.54197484,-3.409959,1.8611662,-2.5434406,-16731116
6,5,7,18,"null","null","null",8,9.111227,0.72912955,-2.745932,0.49050736,-3.4364274,-16731116
7,6,8,13,"null","null","null",6,3.3494565,2.3305721,-2.0484648,0.483974,-3.4921446,-12486656
8,7,9,12,"null","null","null",3,2.133511,3.4735122,-1.0892006,0.64591265,-2.9070063,-12486656
9,8,10,11,"null","null","null",2,1.0367792,3.8167205,-0.41857052,0.73107064,-2.2381597,-12486656
13,7,14,17,"null","null","null",3,2.0947134,0.48358327,-3.3782585,1.9383984,-2.3110435,-12486656
14,13,15,16,"null","null","null",2,0.9760785,0.65809244,-2.7162104,0.8675197,-3.239983,-16731116
18,6,19,20,"null","null","null",2,6.5730743,0.8449197,-3.5245035,2.3807096,-0.39556193,-16731116
22,4,23,28,"","null","Bellbirds",4,9.0628395,2.3408206,-1.3545806,3.4508271,-0.76705146,-12486656
23,22,24,27,"null","null","null",3,5.058186,1.6917262,-2.7746265,3.1313148,-0.57550156,-16731116
24,23,25,26,"null","null","null",2,2.9806461,0.5272789,-3.524505,2.3807096,-0.665,-12486656
29,3,30,43,"null","null","null",9,7.6040764,3.0657115,-0.28912896,2.9930007,-1.2878697,-12486656
30,29,31,42,"","null","Pihas",7,7.143888,2.3408206,-1.3260055,3.4931793,-0.34808072,-16731116
31,30,32,39,"null","null","null",6,5.8461246,1.674933,-2.7374787,3.1863725,-0.57550156,-12486656
32,31,33,38,"null","null","null",4,3.8751109,0.5272789,-3.4762127,2.4522848,-0.8165185,-12486656
33,32,34,37,"null","null","null",3,3.0496237,0.5235972,-3.3782551,1.9383972,-2.311047,-16731116
34,33,35,36,"null","null","null",2,2.1660461,0.6580925,-2.7162058,0.86751616,-3.2399864,-12486656
39,31,40,41,"null","null","null",2,1.9715886,3.424866,-0.2750013,2.4441643,-1.5045784,-16731116
43,29,44,45,"null","null","null",2,3.099088,2.8755677,-1.1971774,0.31716195,-3.108151,-12486656
46,2,47,58,"null","null","null",7,8.773118,3.528014,-0.6717526,1.7316461,-2.2381606,-16731116
47,46,48,57,"null","null","null",6,6.0622225,3.0657115,-0.61676055,2.9930007,-1.4052784,-16731116
48,47,49,56,"null","null","null",5,4.9407134,2.3408206,-1.4981501,3.4931793,-0.34808072,-16731116
49,48,50,55,"null","null","null",4,3.7551074,1.6917262,-2.9612668,3.1863725,-0.57550156,-16731116
50,49,51,54,"null","null","null",3,2.3278408,0.5272789,-3.767137,2.4522848,-0.665,-16731116
51,50,52,53,"null","null","null",2,0.17738335,0.5235972,-3.7564566,1.9383972,-1.6186507,-16731116
59,1,60,73,"","null","Fruitcrows, Umbrellabirds and more",8,11.736401,3.2514293,-1.0892012,0.33095616,-2.9070072,-16731116
60,59,61,72,"null","null","null",7,8.906983,3.528014,-0.41857028,1.7316461,-2.2381606,-16731116
61,60,62,71,"null","null","null",6,8.785376,3.0657115,-0.61676055,2.9930007,-1.4052784,-16731116
62,61,63,70,"null","null","null",5,3.0361154,2.3408206,-1.4981501,3.4931793,-0.34808072,-16731116
63,62,64,69,"null","null","null",4,2.2850926,1.6917262,-2.9612668,3.1863725,-0.57550156,-12486656
64,63,65,68,"","null","Umbrellabirds",3,1.5060713,0.5272789,-3.767137,2.4522848,-0.665,-12486656
65,64,66,67,"null","null","null",2,0.7219297,0.5235972,-3.7564566,1.9383972,-1.6186507,-12486656
