index,parent,child1,child2,name1,name2,common,richness,lengthbr,hxmax,hxmin,hymax,hymin,color
0,-268405677,1,122,"null","null","null",575,26.34835,0.9444785,-2.7006824,0.84492064,-3.506948,-16731116
1,0,2,105,"","null","Tyrant-Flycatchers, Cotingas and  more",458,25.579445,2.4773993,-1.847542,0.52359605,-3.4182155,-16731116
2,1,3,44,"null","null","null",449,25.30104,3.4562507,-0.6975702,0.6580922,-2.768155,-16731116
3,2,4,43,"null","null","null",418,24.978918,3.6066628,-0.4628849,2.0824406,-2.1365566,-16731116
4,3,5,38,"null","null","null",417,23.93837,3.0869672,-0.6376133,3.2525918,-1.0032616,-16731116
5,4,6,-268302336,"Tyrannidae","null","Tyrant-flycatchers",414,23.061657,2.4312677,-1.5938163,3.6276631,-0.3955179,-16731116
6,5,7,23,"null","null","null",311,21.9216,1.4246768,-2.907846,3.2448392,-0.6042887,-16731116
7,6,-268309504,8,"null","null","null",303,17.393192,0.32388148,-3.4865303,2.551958,-1.2118316,-16731116
8,7,9,18,"null","null","null",8,12.145321,2.5455327,-1.4436038,3.4890308,-0.7370672,-16731116
9,8,10,17,"null","null","null",5,9.605434,1.600189,-2.8032913,3.1200047,-0.5905177,-16731116
10,9,11,16,"null","null","null",4,9.40431,0.4135974,-3.4558175,2.374522,-0.99774426,-16731116
11,10,12,15,"null","null","null",3,5.706266,0.54197484,-3.2755322,1.8611662,-2.472543,-16731116
12,11,13,14,"null","null","null",2,0.9044391,0.661925,-2.5711775,0.75469065,-3.3442605,-16731116
18,8,19,22,"null","null","null",3,6.9887304,3.7300868,-0.6717526,1.4251122,-2.2381606,-16731116
19,18,20,21,"null","null","null",2,6.3676634,3.328406,-0.61676055,2.5945067,-1.4052784,-16731116
23,6,24,37,"null","null","null",8,18.808744,3.2310944,-0.30320084,3.0686398,-1.3026779,-16731116
24,23,25,34,"","null","Spadebills",7,15.670404,2.5840364,-1.6418946,3.4890308,-0.37199068,-16731116
25,24,26,31,"null","null","null",5,9.638437,1.550134,-3.0610695,3.1200047,-0.5905177,-16731116
26,25,27,30,"null","null","null",3,4.6482725,0.4135974,-3.790929,2.374522,-0.66423035,-16731116
27,26,28,29,"null","null","null",2,2.2314444,0.54197484,-3.7111773,1.8611662,-1.7914411,-16731116
31,25,32,33,"null","null","null",2,4.6328893,3.328406,-0.28912896,2.5945067,-1.4052784,-12486656
34,24,35,36,"null","null","null",2,2.4355881,3.8167205,-0.6717526,0.73106873,-2.2381606,-16731116
38,4,39,42,"Pipridae","null","Piprites",3,17.42076,3.554825,-0.9791716,0.34452954,-2.834297,-16731116
39,38,40,41,"null","null","null",2,4.6533127,3.8270519,-0.44105524,0.9093958,-2.1905582,-12486656
44,2,45,92,"Cotingidae","null","Cotingas",31,20.447964,0.7901188,-2.6774395,0.8665061,-3.499552,-16731116
45,44,46,87,"null","null","null",24,17.546923,2.3458974,-1.9270635,0.50423723,-3.4893124,-16731116
46,45,47,82,"null","null","null",21,13.816542,3.3900387,-0.7673078,0.65274775,-2.8786826,-16731116
47,46,48,81,"null","null","null",18,13.06555,3.6128294,-0.44105524,1.980167,-2.1905582,-16731116
48,47,49,68,"","null","Becards",17,11.484436,3.1323915,-0.6278832,3.2191296,-1.116679,-16731116
49,48,50,61,"null","null","null",10,9.087765,2.4557223,-1.4436038,3.6846676,-0.37199068,-16731116
50,49,51,60,"null","null","null",6,4.213782,1.600189,-2.8032913,3.374333,-0.5905177,-16731116
51,50,52,57,"null","null","null",5,2.295509,0.29949018,-3.4558175,2.7051485,-0.99774426,-16731116
52,51,53,56,"null","null","null",3,1.0064201,0.54197484,-3.2755322,1.8611662,-2.472543,-12486656
53,52,54,55,"null","null","null",2,0.5629291,0.661925,-2.5711775,0.75469065,-3.3442605,-12486656
57,51,58,59,"null","null","null",2,1.0307972,2.3408206,-0.42902395,3.7190466,-0.76705146,-16731116
61,49,62,67,"null","null","null",4,4.4502454,3.528014,-0.6717526,1.8652952,-2.2381606,-16731116
62,61,63,66,"null","null","null",3,2.7575653,3.0657115,-0.61676055,3.1667447,-1.4052784,-16731116
63,62,64,65,"null","null","null",2,1.0316793,2.3408206,-0.65809166,3.7190466,-0.34808072,-16731116
68,48,69,76,"null","null","null",7,9.087876,3.2514293,-0.92879295,0.33095616,-2.9070072,-16731116
69,68,70,75,"null","null","null",4,5.419931,3.528014,-0.41857028,1.8652952,-2.2381606,-16731116
70,69,71,74,"null","null","null",3,4.601604,3.0657115,-0.61676055,3.1667447,-1.4052784,-16731116
71,70,72,73,"null","null","null",2,3.0484614,2.3408206,-0.65809166,3.7190466,-0.34808072,-16731116
76,68,77,80,"null","null","null",3,4.611626,0.357829,-2.7521257,0.902598,-3.625102,-16731116
77,76,78,79,"null","null","null",2,1.2301251,1.0880258,-2.1365545,0.46288565,-3.8261662,-16731116
82,46,83,86,"","null","Tityras",3,10.6638565,0.3708011,-2.6608229,0.8857572,-3.6840587,-16731116
83,82,84,85,"null","null","null",2,3.2984867,1.2662416,-2.0763655,0.4839738,-3.8140664,-16731116
87,45,88,91,"","null","Purpletufts",3,5.78877,0.44286343,-3.2755337,1.8611681,-2.4725404,-16731116
88,87,89,90,"null","null","null",2,3.8325438,0.66192496,-2.5711792,0.7546917,-3.3442597,-16731116
92,44,93,100,"null","null","null",7,14.70859,0.8210852,-3.4558172,2.7422624,-0.9977406,-16731116
93,92,94,97,"null","null","null",4,11.810711,0.5419744,-3.2755337,1.9094157,-2.4725404,-16731116
94,93,95,96,"null","null","null",2,4.369837,0.66192496,-2.5711792,0.7546917,-3.3442597,-16731116
97,93,98,99,"null","null","null",2,3.1503484,1.6917292,-2.1268039,3.588557,-0.3595974,-16731116
100,92,101,104,"","null","Schiffornis",3,10.035894,2.3408213,-0.8562528,3.8025503,-0.76705223,-16731116
101,100,102,103,"null","null","null",2,4.940268,1.6917299,-2.1268032,3.588557,-0.57550097,-16731116
105,1,106,115,"Tyrannidae","null","Tyrant-flycatchers",9,18.963966,0.40148073,-3.271225,1.6207691,-2.6534727,-16731116
106,105,107,114,"null","null","null",5,9.001203,0.8876256,-2.560747,0.64113134,-3.4732883,-16731116
107,106,108,113,"null","null","null",4,4.0514965,2.4726562,-2.010228,0.50423723,-3.4551697,-16731116
108,107,109,112,"null","null","null",3,1.4646152,3.554825,-0.9791716,0.65274775,-2.834297,-16731116
109,108,110,111,"null","null","null",2,0.58374286,3.8270519,-0.44105524,0.9093958,-2.1905582,-16731116
115,105,116,121,"null","null","null",4,9.112609,1.6001921,-3.0610657,3.120005,-0.31738168,-12486656
116,115,117,120,"null","null","null",3,4.577089,0.4136024,-3.7909274,2.374522,-0.66423035,-16731116
117,116,118,119,"null","null","null",2,3.0205555,0.5419741,-3.7111783,1.8611695,-1.7914354,-16731116
122,0,123,179,"null","null","null",117,23.514893,0.79509544,-3.6036732,2.6315641,-1.1974858,-16731116
123,122,124,156,"Cotingidae","null","Fruiteaters, Berryeaters and more",66,19.312016,0.55929846,-3.3963401,1.6207691,-2.6534727,-16731116
124,123,125,141,"null","null","null",54,17.839855,0.7901188,-2.7233968,0.41481847,-3.4732883,-16731116
125,124,126,130,"null","null","null",46,16.964037,2.3458974,-1.986808,0.50423723,-3.4551697,-16731116
126,125,-268301312,127,"null","null","null",40,15.913226,3.3900387,-0.72746617,0.65274775,-2.834297,-16731116
127,126,128,129,"null","null","null",2,6.4070034,0.3708011,-2.5711792,0.8857572,-3.3442597,-16731116
130,125,131,138,"null","null","null",6,14.667359,0.44286343,-3.4099588,1.9094157,-2.7339242,-16731116
131,130,132,135,"null","null","null",4,6.1526937,0.66192496,-2.7459319,0.49050808,-3.6840587,-16731116
132,131,133,134,"null","null","null",2,2.5811715,1.2662416,-2.0763655,0.4839738,-3.8140664,-16731116
135,131,136,137,"null","null","null",2,4.385023,0.8449199,-3.5245025,2.3807096,-0.3955618,-16731116
138,130,139,140,"","null","Berryeaters",2,4.8535056,1.6917292,-2.1268039,3.588557,-0.3595974,-12486656
141,124,142,155,"null","null","null",8,14.45663,0.8210852,-3.559221,2.3745217,-1.198805,-12486656
142,141,143,150,"null","null","null",7,13.172694,0.5419744,-3.4099588,1.706197,-2.7339242,-12486656
143,142,144,147,"null","null","null",4,9.862272,0.66192496,-2.7459319,0.49050808,-3.6840587,-12486656
144,143,145,146,"null","null","null",2,3.7042065,1.2662416,-2.0763655,0.4839738,-3.8140664,-16731116
147,143,148,149,"null","null","null",2,3.9294374,0.8449199,-3.5245025,2.3807096,-0.3955618,-11184866
150,142,151,154,"null","null","null",3,6.3837385,1.6917292,-2.7746215,3.1313148,-0.3595974,-12486656
151,150,152,153,"null","null","null",2,2.4667854,0.52728385,-3.5245016,2.3807096,-0.665,-12486656
156,123,157,178,"null","null","null",12,13.435562,1.6001921,-2.893175,3.120005,-0.31738168,-16731116
157,156,158,177,"null","null","null",11,11.063189,0.4136024,-3.5726695,2.374522,-1.0522753,-16731116
158,157,159,172,"","null","Fruiteaters",10,9.90494,0.5419741,-3.427443,1.7061983,-2.5434365,-16731116
159,158,160,169,"null","null","null",7,8.616284,0.72912574,-2.768662,0.49050927,-3.4364264,-16731116
160,159,161,166,"null","null","null",5,6.209527,2.3305688,-2.2165554,0.4839735,-3.4921455,-16731116
161,160,162,165,"null","null","null",3,4.5693345,3.4735103,-1.0892029,0.6459124,-2.9070082,-16731116
162,161,163,164,"null","null","null",2,2.4463375,3.8167205,-0.41856992,0.731066,-2.238161,-16731116
166,160,167,168,"null","null","null",2,2.2898748,0.48358428,-3.7564583,1.9384001,-1.6186436,-16731116
169,159,170,171,"null","null","null",2,2.433109,0.8449203,-3.5245016,2.3807096,-0.39556164,-16731116
172,158,173,176,"null","null","null",3,4.3016872,1.6917305,-2.7746193,3.131315,-0.35959804,-16731116
173,172,174,175,"null","null","null",2,2.5200665,0.5272855,-3.5245004,2.3807096,-0.665,-16731116
179,122,-268310528,180,"Pipridae","null","Manakins",51,13.131666,2.4557245,-1.5425406,3.668141,-0.73706806,-16731116
180,179,181,190,"null","null","null",7,7.5138607,3.5280137,-0.67175376,1.7065779,-2.460676,-16731116
181,180,182,189,"null","null","null",5,4.3998346,3.0657134,-0.61676,2.960416,-1.4052835,-16731116
182,181,183,188,"null","null","null",4,3.2995305,2.3408217,-1.3545696,3.4508243,-0.34807953,-16731116
183,182,184,187,"null","null","null",3,1.7367506,1.691732,-2.774617,3.131315,-0.57550067,-16731116
184,183,185,186,"null","null","null",2,1.1202115,0.5272873,-3.524499,2.3807096,-0.665,-16731116
190,180,191,192,"null","null","null",2,2.5534236,1.0880165,-2.136557,0.6001824,-3.8261666,-16731116
