index,parent,child1,child2,name1,name2,common,richness,lengthbr,hxmax,hxmin,hymax,hymin,color
0,-268270585,1,133,"Ramphastidae","null","Toucans and barbets",122,25.06552,0.9535647,-2.6885967,0.8449211,-3.5743203,-16731116
1,0,2,103,"null","null","null",94,23.04123,2.4892125,-1.9128455,0.52359575,-3.5058007,-16731116
2,1,3,76,"null","null","null",51,17.943972,3.4716094,-0.7637663,0.65809214,-2.8820162,-16731116
3,2,4,73,"null","null","null",37,16.123972,3.6266305,-0.46288455,2.0824385,-2.305409,-16731116
4,3,5,58,"null","null","null",35,13.248682,3.112926,-0.6376132,3.2525904,-1.0032632,-16731116
5,4,6,37,"null","null","null",27,11.529462,2.4650135,-1.6061819,3.627663,-0.39551753,-16731116
6,5,7,26,"","null","Toucanets",16,9.643913,1.332167,-2.9239225,3.2448397,-0.60428846,-16731116
7,6,8,19,"null","null","null",10,6.861352,0.32388112,-3.5074317,2.5519586,-1.1974869,-16731116
8,7,9,18,"null","null","null",6,6.2929597,0.55929863,-3.2712255,1.7788366,-2.6534734,-16731116
9,8,10,17,"null","null","null",5,4.921272,0.8876251,-2.5607474,0.6411318,-3.473288,-16731116
10,9,11,16,"null","null","null",4,2.9775012,2.472656,-2.0102282,0.5042372,-3.4551697,-16731116
11,10,12,15,"null","null","null",3,1.5504742,3.5548253,-0.9791728,0.65274775,-2.8342974,-16731116
12,11,13,14,"null","null","null",2,0.6243808,3.8270524,-0.44105512,0.9093949,-2.1905584,-16731116
19,7,20,25,"","null","Mountain-toucans",4,3.2894018,2.3134413,-1.5287724,3.48903,-0.7370677,-16731116
20,19,21,24,"null","null","null",3,2.0503016,1.6001905,-2.9140122,3.1200047,-0.59051746,-16731116
21,20,22,23,"null","null","null",2,1.142477,0.41359925,-3.5997562,2.374522,-0.66423035,-16731116
26,6,27,34,"null","null","null",6,6.2387385,3.0229447,-0.30320063,3.0686378,-1.1514461,-16731116
27,26,28,33,"null","null","null",4,5.407458,2.3134413,-1.5287724,3.48903,-0.37199032,-16731116
28,27,29,32,"null","null","null",3,3.7542157,1.6001905,-2.9140122,3.1200047,-0.59051746,-16731116
29,28,30,31,"null","null","null",2,2.8088737,0.41359925,-3.5997562,2.374522,-0.66423035,-16731116
34,26,35,36,"null","null","null",2,2.2552767,3.0051708,-1.0892029,0.33095595,-2.9852307,-12486656
37,5,38,49,"","null","Aracaris",11,4.5221825,3.6887555,-0.63668156,1.8644031,-2.2438118,-16731116
38,37,39,48,"null","null","null",6,3.5450852,3.2310956,-0.6278831,3.0686378,-1.3026792,-16731116
39,38,40,45,"null","null","null",5,2.7949936,2.5840373,-1.5287724,3.48903,-0.37199032,-16731116
40,39,41,44,"null","null","null",3,2.02674,1.6001905,-2.9140122,3.1200047,-0.59051746,-16731116
41,40,42,43,"null","null","null",2,0.86927724,0.41359925,-3.5997562,2.374522,-0.66423035,-16731116
45,39,46,47,"null","null","null",2,1.2745594,3.8167205,-0.6717531,0.731066,-2.238161,-16731116
49,37,50,55,"null","null","null",5,3.529176,2.3305688,-2.2165554,0.56239915,-3.4921455,-16731116
50,49,51,54,"null","null","null",3,2.529229,3.4735103,-1.0892029,0.6459124,-2.9070082,-16731116
51,50,52,53,"null","null","null",2,1.2590834,3.8167205,-0.41856992,0.731066,-2.238161,-16731116
55,49,56,57,"null","null","null",2,1.7778498,0.48358428,-3.7564583,1.9384001,-1.6186436,-16731116
58,4,59,72,"null","null","null",8,5.495979,3.325276,-0.9791734,0.42204678,-2.8342981,-16731116
59,58,60,71,"null","null","null",7,4.199923,3.5286393,-0.4410549,2.0426893,-2.1905591,-16731116
60,59,61,66,"null","null","null",6,3.7053218,3.0229447,-0.6278831,3.3004098,-1.1166805,-16731116
61,60,62,65,"null","null","null",3,2.2611837,2.3134413,-1.0472662,3.7903333,-0.37199032,-16731116
62,61,63,64,"null","null","null",2,0.83041996,1.6001905,-2.288054,3.5116992,-0.59051746,-16731116
66,60,67,70,"null","null","null",3,2.8166935,3.4735103,-1.0892029,0.33095595,-2.9070082,-16731116
67,66,68,69,"null","null","null",2,1.3623536,3.8167205,-0.41856992,0.731066,-2.238161,-16731116
73,3,74,75,"null","null","null",2,5.468896,1.4433434,-2.0102289,0.5234828,-3.7908003,-16731116
76,2,77,96,"null","null","null",14,14.017223,0.7517959,-2.8263779,0.86650646,-3.4732878,-16731116
77,76,78,95,"null","null","null",10,9.855949,2.2960787,-2.0102289,0.50423694,-3.4551704,-16731116
78,77,79,88,"null","null","null",9,6.91385,3.325276,-0.7673098,0.6527477,-2.8342981,-16731116
79,78,80,87,"null","null","null",5,4.362984,3.5286393,-0.4410549,2.0262847,-2.1905591,-16731116
80,79,81,84,"null","null","null",4,2.9700584,3.0229447,-0.6278831,3.2790842,-1.1514461,-16731116
81,80,82,83,"null","null","null",2,1.0355248,2.3134413,-0.6527471,3.76261,-0.37199032,-16731116
84,80,85,86,"null","null","null",2,2.0759766,3.0051708,-1.0892029,0.33095595,-2.9852307,-16731116
88,78,89,94,"null","null","null",4,5.5583305,0.4520018,-2.6608248,0.88575745,-3.4827118,-16731116
89,88,90,93,"null","null","null",3,5.329263,1.9703076,-2.0763667,0.4839735,-3.5523167,-12486656
90,89,91,92,"null","null","null",2,2.2088783,3.0051708,-1.0892029,0.6459124,-2.9852307,-12486656
96,76,97,100,"null","null","null",4,6.976135,0.8210856,-3.7909274,2.7051492,-0.47381282,-16731116
97,96,98,99,"null","null","null",2,2.1920404,0.5419741,-3.7111783,1.8611695,-1.7914354,-16731116
100,96,101,102,"null","null","null",2,2.0572453,2.3408215,-0.42902353,3.719044,-0.76705265,-16731116
103,1,104,122,"null","null","null",43,20.747559,0.4014814,-3.4181552,1.6207705,-2.7222111,-16731116
104,103,-268252160,105,"null","null","null",37,16.175724,0.79011655,-2.7517564,0.41481966,-3.56265,-16731116
105,104,106,121,"null","null","null",9,13.36681,0.8210856,-3.6230292,2.374522,-1.0522753,-16731116
106,105,107,120,"null","null","null",8,11.77295,0.5419741,-3.4929104,1.8611695,-2.5434365,-16731116
107,106,108,115,"null","null","null",7,6.4331026,0.72912574,-2.8537695,0.5223224,-3.4364264,-16731116
108,107,109,114,"null","null","null",4,3.8806508,2.3305688,-2.0763667,0.4839735,-3.4921455,-16731116
109,108,110,113,"null","null","null",3,2.3758736,3.4735103,-1.0892029,0.6459124,-2.9070082,-16731116
110,109,111,112,"null","null","null",2,1.4591826,3.8167205,-0.41856992,0.731066,-2.238161,-16731116
115,107,116,119,"null","null","null",3,3.1991346,0.8449203,-3.7671359,2.4522893,-0.39556164,-16731116
116,115,117,118,"null","null","null",2,2.5486128,0.5235964,-3.7564583,1.9384001,-1.6186436,-16731116
122,103,123,128,"null","null","null",6,11.978012,1.4333856,-3.0610645,3.1200051,-0.31738234,-16731116
123,122,124,127,"null","null","null",3,6.3022575,0.4136042,-3.7909274,2.3745222,-0.66423035,-16731116
124,123,125,126,"null","null","null",2,2.4195185,0.5419738,-3.7111793,1.8611706,-1.7914329,-16731116
128,122,129,132,"null","null","null",3,6.507739,3.0657134,-0.28912827,3.166738,-1.4052842,-16731116
129,128,130,131,"null","null","null",2,1.0596095,2.3408217,-0.6580919,3.7190433,-0.34807935,-16731116
133,0,134,187,"null","null","null",28,21.370571,0.7950959,-3.576479,2.361209,-1.2190285,-16731116
134,133,135,174,"null","null","null",27,15.311487,0.5592982,-3.3609889,1.7338055,-2.6814797,-16731116
135,134,136,163,"null","null","null",20,9.928546,0.7517959,-2.6774402,0.57826024,-3.509699,-16731116
136,135,137,160,"null","null","null",14,6.1593113,2.2960787,-2.1206844,0.50423694,-3.502505,-16731116
137,136,138,153,"null","null","null",12,5.3465877,3.325276,-0.80513525,0.6527477,-2.8958333,-16731116
138,137,139,148,"null","null","null",8,5.342233,3.5286393,-0.4410549,1.8644031,-2.2705545,-16731116
139,138,140,147,"null","null","null",5,3.4496908,3.0229447,-0.6278831,3.0686378,-1.3026792,-16731116
140,139,141,146,"null","null","null",4,3.08531,2.3134413,-1.5287724,3.48903,-0.37199032,-16731116
141,140,142,145,"null","null","null",3,1.5420489,1.6001905,-2.9140122,3.1200047,-0.59051746,-16731116
142,141,143,144,"null","null","null",2,0.17485563,0.41359925,-3.5997562,2.374522,-0.66423035,-16731116
148,138,149,152,"null","null","null",3,1.9029703,1.9703076,-2.0763667,0.56239915,-3.5523167,-16731116
149,148,150,151,"null","null","null",2,1.6492077,3.0051708,-1.0892029,0.6459124,-2.9852307,-16731116
153,137,154,157,"null","null","null",4,3.6528249,0.3708009,-2.745932,0.88575745,-3.6840575,-16731116
154,153,155,156,"null","null","null",2,1.8924105,1.2662389,-2.0763667,0.4839735,-3.8140662,-16731116
157,153,158,159,"null","null","null",2,3.3867264,0.8449203,-3.5245016,2.3807096,-0.39556164,-16731116
160,136,161,162,"null","null","null",2,2.4865696,0.44286406,-3.7111783,1.8611695,-1.7914354,-16731116
163,135,164,169,"null","null","null",6,9.578232,0.8210856,-3.4558172,2.7422633,-0.99773777,-16731116
164,163,165,168,"null","null","null",3,4.602461,0.5419741,-3.275535,1.8611695,-2.4725378,-16731116
165,164,166,167,"null","null","null",2,1.886801,0.6619249,-2.5711813,0.7546936,-3.344258,-16731116
169,163,170,173,"null","null","null",3,5.2275443,2.3408215,-0.85625,3.8025503,-0.76705265,-16731116
170,169,171,172,"null","null","null",2,1.815723,1.6917312,-2.1268008,3.5885582,-0.5755008,-16731116
174,134,175,184,"null","null","null",7,7.546784,1.5501409,-2.803288,3.374334,-0.31738234,-16731116
175,174,176,181,"null","null","null",5,6.8893557,0.29948902,-3.455818,2.7051497,-0.9977351,-16731116
176,175,177,180,"null","null","null",3,4.004479,0.5419738,-3.2755368,1.8611706,-2.4725354,-16731116
177,176,178,179,"null","null","null",2,1.7277826,0.66192484,-2.5711837,0.7546954,-3.3442564,-16731116
181,175,182,183,"null","null","null",2,1.7811468,2.3408217,-0.42902336,3.7190433,-0.7670531,-16731116
184,174,185,186,"null","null","null",2,2.0889564,3.3284128,-0.28912827,2.5944982,-1.4052842,-16731116
