index,parent,child1,child2,name1,name2,common,richness,lengthbr,hxmax,hxmin,hymax,hymin,color
0,-268414970,1,84,"","null","Terns and Noddies",45,21.731606,0.76705414,-3.6148462,2.620213,-1.3438699,-16731116
1,0,2,77,"null","null","null",42,19.53238,0.57550013,-3.3445456,1.5297157,-2.7607105,-16731116
2,1,3,66,"null","null","null",38,15.1377945,0.9527895,-2.6579094,0.33849198,-3.5064235,-16731116
3,2,4,57,"null","null","null",32,13.713933,2.4882057,-1.9093103,0.52359545,-3.4175363,-16731116
4,3,5,56,"null","null","null",27,11.771593,3.470302,-0.8675265,0.6580921,-2.7672725,-16731116
5,4,6,49,"null","null","null",26,10.345747,3.6249325,-0.46288425,2.1250088,-2.1562414,-16731116
6,5,7,40,"null","null","null",22,9.003824,3.1107192,-0.637613,3.3079333,-1.003265,-16731116
7,6,8,35,"null","null","null",17,7.9878216,2.4621441,-1.606179,3.6996102,-0.39551717,-16731116
8,7,9,26,"null","null","null",14,6.7072954,1.3321686,-2.9239204,3.3383718,-0.6042883,-16731116
9,8,10,23,"null","null","null",9,6.401226,0.32388073,-3.5074306,2.6735504,-1.2045276,-16731116
10,9,11,18,"null","null","null",7,4.3576937,0.5592984,-3.2712252,1.6207696,-2.6626277,-16731116
11,10,12,17,"null","null","null",4,3.7679596,0.66423047,-2.5607474,0.6411318,-3.4851904,-16731116
12,11,13,16,"null","null","null",3,1.4913447,2.143408,-2.0102282,0.5042372,-3.4706426,-16731116
13,12,14,15,"null","null","null",2,0.9692277,3.126803,-0.9791728,0.65274775,-2.8544118,-16731116
18,10,19,22,"null","null","null",3,2.9246173,1.6001918,-2.9140103,3.1200051,-0.3173819,-16731116
19,18,20,21,"null","null","null",2,2.3849208,0.4136008,-3.5997553,2.3745222,-0.66423035,-16731116
23,9,24,25,"null","null","null",2,3.4421232,2.3134418,-0.4390183,3.7626092,-0.7370682,-16731116
26,8,27,32,"null","null","null",5,2.5550516,3.0229454,-0.30320042,3.300409,-1.1514481,-16731116
27,26,28,31,"null","null","null",3,1.6410362,2.3134418,-1.0472633,3.790334,-0.37198997,-16731116
28,27,29,30,"null","null","null",2,1.0019397,1.6001918,-2.2880516,3.5117006,-0.5905173,-16731116
32,26,33,34,"null","null","null",2,0.97420377,3.005169,-1.0892045,0.33095574,-2.9852326,-16731116
35,7,36,39,"null","null","null",3,4.6089625,3.6822972,-0.63668215,1.610443,-2.1905596,-16731116
36,35,37,38,"null","null","null",2,2.9929688,3.2227004,-0.62788296,2.7384913,-1.3026809,-16731116
40,6,41,46,"null","null","null",5,5.1985016,3.4434733,-0.91696286,0.34452912,-2.8342993,-12486656
41,40,42,45,"null","null","null",3,4.002547,3.6822972,-0.44105458,1.610443,-2.1905596,-16731116
42,41,43,44,"null","null","null",2,1.7837106,3.2227004,-0.62788296,2.7384913,-1.3026809,-16731116
46,40,47,48,"null","null","null",2,1.9340795,0.37080073,-2.5711837,0.8857578,-3.3442564,-8572416
49,5,50,55,"null","null","null",4,8.231156,2.4726522,-2.01023,0.52348334,-3.455171,-16731116
50,49,51,54,"null","null","null",3,6.3535776,3.5548232,-0.979175,0.6527476,-2.8342993,-16731116
51,50,52,53,"null","null","null",2,2.4219608,3.827052,-0.44105458,0.90939033,-2.1905596,-16731116
57,3,58,65,"null","null","null",5,5.2169647,0.401482,-3.4101982,1.7788401,-2.852067,-16731116
58,57,59,62,"null","null","null",4,4.3734107,0.66423047,-2.7414122,0.41482085,-3.7314641,-16731116
59,58,60,61,"null","null","null",2,2.8659503,1.4433408,-2.01023,0.50423664,-3.7908006,-16731116
62,58,63,64,"null","null","null",2,2.6528542,0.82108605,-3.5997536,2.3745222,-0.4072519,-12486656
66,2,67,76,"null","null","null",6,8.862632,0.7950963,-3.507431,2.361209,-1.2045246,-16731116
67,66,68,75,"null","null","null",5,8.719092,0.5592979,-3.2712274,1.7788401,-2.6626258,-16731116
68,67,69,74,"null","null","null",4,8.719092,0.66423047,-2.56075,0.6411348,-3.4851904,-16731116
69,68,70,73,"null","null","null",3,6.309862,2.1434035,-2.01023,0.50423664,-3.470645,-16731116
70,69,71,72,"null","null","null",2,3.0228765,3.1267998,-0.979175,0.6527476,-2.8544154,-16731116
77,1,78,81,"null","null","null",4,8.374913,1.4209535,-3.044883,3.0981102,-0.275,-16731116
78,77,79,80,"null","null","null",2,0.42993918,0.32387993,-3.6646852,2.3612092,-0.6619247,-16731116
81,77,82,83,"null","null","null",2,4.0080037,3.2227054,-0.30319998,2.738485,-1.3026853,-16731116
84,0,85,88,"null","null","null",3,17.768494,2.2791781,-1.2371211,3.76615,-0.70526135,-16731116
85,84,86,87,"null","null","null",2,8.38438,1.5045888,-2.444148,3.4248753,-0.60428786,-16731116
