index,parent,child1,child2,name1,name2,common,richness,lengthbr,hxmax,hxmin,hymax,hymin,color
0,-268434302,1,38,"","null","Flamingos and Grebes",25,37.587738,0.3596006,-3.1326213,1.6365011,-2.8129377,-16731116
1,0,2,37,"PODICIPEDIFORMES","null","Grebes",19,29.544634,0.97011364,-2.3824074,0.52729195,-3.5743208,-16731116
2,1,3,30,"null","null","null",18,26.072395,2.5107286,-1.8475487,0.52359504,-3.5058045,-16731116
3,2,4,27,"null","null","null",14,21.49405,3.4995847,-0.5831127,0.658092,-2.882022,-16731116
4,3,5,24,"null","null","null",12,20.522066,3.6630027,-0.46288353,2.015643,-2.3054137,-16731116
5,4,6,21,"null","null","null",10,17.295515,3.160212,-0.63761264,3.1657617,-1.012213,-12486656
6,5,7,18,"null","null","null",8,16.017563,2.5264833,-1.6061716,3.5147917,-0.39551604,-16731116
7,6,8,17,"null","null","null",6,12.878656,1.5045912,-2.9239159,3.098111,-0.6042875,-16731116
8,7,9,16,"null","null","null",5,12.554556,0.32387918,-3.507431,2.3612099,-1.350242,-16731116
9,8,10,15,"null","null","null",4,12.174617,0.5592972,-3.271231,1.7788439,-2.852062,-16731116
10,9,11,14,"null","null","null",3,10.45676,0.66423035,-2.5607548,0.64114,-3.7314625,-16731116
11,10,12,13,"null","null","null",2,6.8885064,1.4433327,-2.010233,0.50423574,-3.7908022,-16731116
18,6,19,20,"null","null","null",2,7.1470876,3.827052,-0.6366841,0.9093783,-2.190563,-12486656
21,5,22,23,"null","null","null",2,7.4005194,3.126793,-0.9791815,0.3445285,-2.8544235,-12486656
24,4,25,26,"null","null","null",2,4.1409516,1.4433315,-2.0102332,0.52348495,-3.7908025,-16731116
27,3,28,29,"null","null","null",2,7.8017073,0.38339433,-2.4198992,0.8665074,-3.4392166,-12486656
30,2,31,36,"null","null","null",4,20.583937,0.40148306,-3.2712302,1.7788428,-2.8520634,-16731116
31,30,32,35,"null","null","null",3,11.946722,0.66423047,-2.560754,0.6411392,-3.7314632,-16731116
32,31,33,34,"null","null","null",2,10.189118,1.4433327,-2.0102327,0.50423586,-3.7908025,-16731116
38,0,39,48,"PHOENICOPTERIFORMES","null","Flamingos",6,17.386927,1.5045896,-2.8598046,3.3383741,-0.27500075,-16731116
39,38,40,45,"null","null","null",5,11.10557,0.32387954,-3.4240851,2.673552,-1.1773174,-16731116
40,39,41,44,"null","null","null",3,6.8594375,0.55929744,-3.1628795,1.7788428,-2.6272585,-12486656
41,40,42,43,"null","null","null",2,3.7259967,0.66423047,-2.4198983,0.6411392,-3.4392169,-12486656
45,39,46,47,"null","null","null",2,7.4451313,2.3134434,-0.43901777,3.7626066,-0.73706985,-16731116
