index,parent,child1,child2,name1,name2,common,richness,lengthbr,hxmax,hxmin,hymax,hymin,color
0,-268405671,1,176,"","null","Parrotlets, Parakeets, Macaws and more",161,28.981733,0.3595989,-3.381092,1.5297128,-2.7631207,-16731116
1,0,2,151,"null","null","null",151,25.303204,0.93440056,-2.70542,0.42326772,-3.5095534,-16731116
2,1,3,101,"null","null","null",138,24.51452,2.464298,-1.8874369,0.52359605,-3.4216027,-16731116
3,2,4,88,"null","null","null",74,23.386112,3.439219,-0.763765,0.6580922,-2.7725587,-16731116
4,3,5,83,"null","null","null",67,14.700698,3.5845218,-0.4628849,2.1128843,-2.1631153,-12486656
5,4,6,-268313600,"null","null","null",64,12.952803,3.0581841,-0.6376133,3.2921684,-1.0703824,-12486656
6,5,7,74,"","null","Macaws and other Parakeets",39,11.806569,2.3938498,-1.6470408,3.6791127,-0.3955179,-12486656
7,6,8,49,"null","null","null",34,11.092776,1.4115132,-2.977038,3.3117235,-0.6042887,-16731116
8,7,9,30,"","null","Other Parakeets",21,10.226147,0.32388148,-3.5764802,2.638908,-1.1974893,-16731116
9,8,10,25,"null","null","null",11,8.22391,0.5592989,-3.3609874,1.6207671,-2.6534753,-16731116
10,9,11,18,"null","null","null",8,8.204502,0.88763,-2.6774383,0.41481674,-3.473289,-16731116
11,10,12,17,"null","null","null",4,4.337941,2.4726603,-2.010226,0.5042378,-3.4551682,-16731116
12,11,13,16,"null","null","null",3,4.216056,3.5548277,-0.9791694,0.6527479,-2.8342948,-16731116
13,12,14,15,"null","null","null",2,2.4587018,3.8270526,-0.4410558,0.9094003,-2.1905565,-16731116
18,10,19,24,"null","null","null",4,2.6608124,0.8210846,-3.4558175,2.374522,-0.99774426,-12486656
19,18,20,23,"null","null","null",3,0.6967145,0.54197484,-3.2755322,1.8611662,-2.472543,-12486656
20,19,21,22,"null","null","null",2,0.23780431,0.661925,-2.5711775,0.75469065,-3.3442605,-12486656
25,9,26,29,"null","null","null",3,4.9071283,1.600189,-2.9140143,3.1200047,-0.3173806,-12486656
26,25,27,28,"null","null","null",2,2.0507965,0.4135974,-3.5997574,2.374522,-0.66423035,-12486656
30,8,31,44,"null","null","null",10,9.646174,2.5455327,-1.6418946,3.6846676,-0.7370672,-16731116
31,30,32,39,"null","null","null",7,6.374508,1.4333808,-3.0610695,3.374333,-0.5905177,-16731116
32,31,33,36,"null","null","null",4,4.2568192,0.29949018,-3.790929,2.7051485,-0.66423035,-16731116
33,32,34,35,"null","null","null",2,1.5219247,0.54197484,-3.7111773,1.8611662,-1.7914411,-16731116
36,32,37,38,"null","null","null",2,1.725925,2.3408206,-0.42902395,3.7190466,-0.76705146,-16731116
39,31,40,43,"null","null","null",3,2.1758373,3.0657115,-0.28912896,3.1667447,-1.4052784,-12486656
40,39,41,42,"null","null","null",2,1.6807537,2.3408206,-0.65809166,3.7190466,-0.34808072,-16731116
44,30,45,48,"null","null","null",3,4.8015122,3.7300868,-0.6717526,1.4251122,-2.2381606,-16731116
45,44,46,47,"null","null","null",2,1.7506403,3.328406,-0.61676055,2.5945067,-1.4052784,-16731116
49,7,50,73,"null","null","null",13,9.600649,3.2014763,-0.30320084,3.2191296,-1.3026779,-12486656
50,49,51,68,"null","null","null",12,8.526204,2.5455327,-1.4749908,3.6846676,-0.37199068,-12486656
51,50,52,67,"null","null","null",9,7.8626328,1.600189,-2.8440948,3.374333,-0.5905177,-12486656
52,51,53,64,"null","null","null",8,6.6372128,0.29949018,-3.5088618,2.7051485,-1.0796683,-12486656
53,52,54,61,"null","null","null",6,5.937101,0.54197484,-3.3444898,1.9094126,-2.579044,-12486656
54,53,55,60,"null","null","null",4,5.2137394,0.661925,-2.6608222,0.75469065,-3.482712,-16731116
55,54,56,59,"null","null","null",3,5.1432157,1.9703119,-2.076365,0.483974,-3.5523148,-16731116
56,55,57,58,"null","null","null",2,2.8365624,3.0051737,-1.0892006,0.64591265,-2.9852276,-16731116
61,53,62,63,"null","null","null",2,2.259691,1.6917262,-2.1268098,3.5885544,-0.35959634,-8572416
64,52,65,66,"null","null","null",2,2.4306343,2.3408206,-0.42902395,3.7190466,-0.76705146,-12486656
68,50,69,72,"null","null","null",3,2.0677958,3.7300868,-0.6717526,1.4251122,-2.2381606,-12486656
69,68,70,71,"null","null","null",2,0.94086295,3.328406,-0.61676055,2.5945067,-1.4052784,-16731116
74,6,75,80,"null","null","null",5,10.111356,3.528639,-0.6366811,2.026287,-2.3868866,-11184866
75,74,76,79,"null","null","null",3,7.1701746,3.022944,-0.6278832,3.2790856,-1.3026779,-12486656
76,75,77,78,"null","null","null",2,4.570462,2.3134408,-0.65274704,3.7626104,-0.37199068,-12486656
80,74,81,82,"null","null","null",2,3.3758292,1.2662416,-2.0763655,0.5623986,-3.8140664,-8572416
83,4,84,87,"null","null","null",3,9.909595,2.1434085,-2.010228,0.5234822,-3.470642,-16731116
84,83,85,86,"null","null","null",2,1.8050773,3.1268032,-0.9791716,0.65274775,-2.8544111,-16731116
88,3,89,96,"","null","Parrotlets",7,11.488411,0.63435805,-2.8263776,0.8665061,-3.4851902,-16731116
89,88,90,93,"null","null","null",4,4.650957,2.1434085,-2.120683,0.50423723,-3.470642,-16731116
90,89,91,92,"null","null","null",2,1.3402232,3.1268032,-0.9791716,0.65274775,-2.8544111,-16731116
93,89,94,95,"null","null","null",2,1.283675,0.44286343,-3.7111778,1.8611681,-1.791438,-16731116
96,88,97,100,"null","null","null",3,4.383556,0.8210852,-3.7909281,2.3745217,-0.47381568,-16731116
97,96,98,99,"null","null","null",2,2.682321,0.5419744,-3.7111778,1.8611681,-1.791438,-12486656
101,2,102,134,"null","null","null",64,23.495731,0.40148073,-3.3609884,1.6930491,-2.7222128,-16731116
102,101,103,127,"null","null","null",55,19.471033,0.7901188,-2.6774395,0.41481847,-3.5626504,-12486656
103,102,-268314624,104,"null","null","null",51,17.452581,2.3458974,-1.9945782,0.50423723,-3.5713403,-12486656
104,103,105,126,"null","null","null",12,16.671642,0.44286343,-3.427442,1.8611681,-2.6213458,-16731116
105,104,106,119,"null","null","null",11,12.739536,0.6896951,-2.7686605,0.5223205,-3.5377069,-16731116
106,105,107,116,"null","null","null",7,7.758803,2.279308,-2.2165542,0.4839738,-3.6238089,-16731116
107,106,108,115,"null","null","null",5,4.939279,3.40687,-1.0892012,0.6459125,-3.0781703,-16731116
108,107,109,112,"null","null","null",4,4.783736,3.7300868,-0.41857028,1.4251122,-2.4606729,-16731116
109,108,110,111,"null","null","null",2,3.769668,3.328406,-0.61676055,2.5945067,-1.4052784,-16731116
112,108,113,114,"null","null","null",2,3.2728937,1.0880258,-2.1365545,0.60018086,-3.8261662,-16731116
116,106,117,118,"null","null","null",2,3.6212468,0.4835837,-3.7564578,1.938399,-1.6186463,-16731116
119,105,120,125,"null","null","null",4,7.2421236,0.8449199,-3.4762135,2.4522877,-0.81651413,-11184866
120,119,121,124,"null","null","null",3,3.9496157,0.5235967,-3.378258,1.938399,-2.3110433,-11184866
121,120,122,123,"null","null","null",2,2.3278694,0.6580924,-2.7162097,0.8675192,-3.239984,-8572416
127,102,128,133,"null","null","null",4,12.931524,0.8210852,-3.4558172,2.3745217,-0.9977406,-16731116
128,127,129,132,"null","null","null",3,11.331652,0.5419744,-3.2755337,1.8611681,-2.4725404,-16731116
129,128,130,131,"null","null","null",2,4.2418413,0.66192496,-2.5711792,0.7546917,-3.3442597,-16731116
134,101,135,150,"null","null","null",9,16.99383,1.6001921,-2.8032885,3.2826347,-0.31738168,-16731116
135,134,136,143,"null","null","null",8,6.3440084,0.29948938,-3.4558172,2.5859408,-0.99773777,-16731116
136,135,137,140,"null","null","null",4,3.9944687,0.5419741,-3.275535,1.9094175,-2.4725378,-16731116
137,136,138,139,"null","null","null",2,1.3165299,0.6619249,-2.5711813,0.7546936,-3.344258,-16731116
140,136,141,142,"null","null","null",2,2.603024,1.6917305,-2.1268015,3.5885582,-0.35959804,-12486656
143,135,144,149,"null","null","null",4,4.0235868,2.3408215,-1.3545716,3.4508247,-0.76705265,-16731116
144,143,145,148,"null","null","null",3,3.2291942,1.6917312,-2.7746186,3.131315,-0.5755008,-16731116
145,144,146,147,"null","null","null",2,1.2780528,0.5272855,-3.5245004,2.3807096,-0.665,-16731116
151,1,152,167,"","null","Parrotlets",13,19.001188,0.79509544,-3.6143332,2.551959,-1.1974858,-16731116
152,151,153,166,"null","null","null",8,12.187605,0.55929846,-3.410198,1.7788374,-2.6534727,-12486656
153,152,154,163,"null","null","null",7,8.124128,0.8876256,-2.741412,0.41481847,-3.4732883,-16731116
154,153,155,160,"null","null","null",5,6.0638742,2.4726562,-2.120683,0.50423723,-3.4551697,-16731116
155,154,156,159,"null","null","null",3,4.4315524,3.554825,-0.9791716,0.65274775,-2.834297,-12486656
156,155,157,158,"null","null","null",2,2.0097473,3.8270519,-0.44105524,0.9093958,-2.1905582,-11184866
160,154,161,162,"null","null","null",2,2.458564,0.44286343,-3.7111778,1.8611681,-1.791438,-16731116
163,153,164,165,"null","null","null",2,2.304746,0.8210852,-3.5997555,2.3745217,-0.40725225,-12486656
167,151,168,173,"null","null","null",5,10.352437,2.5840383,-1.5287685,3.4890294,-0.73706806,-16731116
168,167,169,172,"null","null","null",3,5.3423843,1.600193,-2.9140086,3.1200051,-0.59051716,-16731116
169,168,170,171,"null","null","null",2,2.1810467,0.4136024,-3.5997543,2.374522,-0.66423035,-16731116
173,167,174,175,"null","null","null",2,8.758431,3.81672,-0.67175376,0.7310606,-2.238162,-16731116
176,0,177,194,"null","null","null",10,11.420773,1.5045854,-3.0448258,3.0981092,-0.27500045,-16731116
177,176,178,193,"null","null","null",9,8.855324,0.32388067,-3.664608,2.361209,-1.1974833,-16731116
178,177,179,192,"null","null","null",8,7.4725046,0.5592982,-3.4755564,1.7788389,-2.653471,-16731116
179,178,180,187,"null","null","null",7,5.9108515,0.88762355,-2.8263779,0.41481966,-3.4732878,-16731116
180,179,181,186,"null","null","null",4,4.4182425,2.4726546,-2.0102289,0.50423694,-3.4551704,-16731116
181,180,182,185,"null","null","null",3,2.7897034,3.5548244,-0.9791734,0.6527477,-2.8342981,-16731116
182,181,183,184,"null","null","null",2,1.713638,3.827052,-0.4410549,0.90939295,-2.1905591,-16731116
187,179,188,191,"null","null","null",3,2.792292,0.8210856,-3.7909274,2.374522,-0.47381282,-16731116
188,187,189,190,"null","null","null",2,2.0031135,0.5419741,-3.7111783,1.8611695,-1.7914354,-16731116
