index,parent,child1,child2,name1,name2,common,richness,lengthbr,hxmax,hxmin,hymax,hymin,color
0,-268387323,1,80,"null","null","null",51,8.463464,0.5419755,-3.4007142,1.8458321,-2.6213522,-16731116
1,0,2,53,"null","null","null",40,8.038168,0.6764535,-2.7339134,0.61370116,-3.5377088,-16731116
2,1,3,28,"null","null","null",26,7.1936913,2.2620902,-2.067722,0.48397505,-3.6238062,-16731116
3,2,4,21,"null","null","null",13,5.280658,3.3844805,-0.88664174,0.645913,-3.078165,-16731116
4,3,5,18,"null","null","null",9,3.955402,3.7009745,-0.41857165,1.9147136,-2.4606688,-16731116
5,4,6,13,"null","null","null",7,3.5663376,3.2905574,-0.61676127,3.2309828,-1.2264501,-16731116
6,5,7,10,"null","null","null",4,2.74012,2.6331215,-0.85627186,3.8025494,-0.34808218,-16731116
7,6,8,9,"null","null","null",2,0.5389621,1.691721,-2.1268198,3.5885496,-0.5755025,-16731116
10,6,11,12,"null","null","null",2,0.43299326,3.7952137,-0.70525634,0.5537506,-2.2791727,-12486656
13,5,14,17,"null","null","null",3,1.8584554,3.381483,-1.1971728,0.3171628,-2.9699686,-16731116
14,13,15,16,"null","null","null",2,1.6208677,3.7952137,-0.39551976,0.6459111,-2.2791727,-16731116
18,4,19,20,"null","null","null",2,1.4204597,1.0880342,-2.1365514,0.60017854,-3.8261662,-16731116
21,3,22,27,"null","null","null",4,2.810668,0.3578298,-2.7521214,0.90259707,-3.4687893,-16731116
22,21,23,26,"null","null","null",3,2.5914829,1.792433,-2.1365514,0.46288663,-3.6229558,-16731116
23,22,24,25,"null","null","null",2,0.6772594,2.8755739,-1.1971728,0.637614,-3.1081457,-16731116
28,2,29,52,"null","null","null",13,7.0275145,0.48358122,-3.421596,1.9383955,-2.5107443,-16731116
29,28,30,51,"null","null","null",12,6.4483123,0.6580926,-2.7725487,0.86751455,-3.4995904,-16731116
30,29,31,46,"null","null","null",11,5.8481855,2.0156658,-2.1631067,0.46288663,-3.6629972,-16731116
31,30,32,43,"null","null","null",8,5.3963966,3.1657763,-1.0121906,0.637614,-3.1601992,-16731116
32,31,33,40,"null","null","null",6,4.561491,3.5147948,-0.39551976,1.6992495,-2.5264726,-16731116
33,32,34,37,"null","null","null",4,3.2044654,3.098106,-0.60428977,3.0449016,-1.4209347,-16731116
34,33,35,36,"null","null","null",2,2.7126932,2.3612065,-0.66192436,3.6646943,-0.32388347,-16731116
37,33,38,39,"null","null","null",2,0.94405013,2.7385051,-1.3026711,0.303202,-3.2226896,-16731116
40,32,41,42,"null","null","null",2,1.9191718,0.9094076,-2.1905546,0.6366781,-3.8270526,-16731116
43,31,44,45,"null","null","null",2,4.404419,0.34453064,-2.8544023,0.97916484,-3.126811,-16731116
46,30,47,50,"null","null","null",3,3.9576511,0.523479,-3.4706364,2.0102232,-2.14342,-16731116
47,46,48,49,"null","null","null",2,2.6227252,0.6527482,-2.8544023,0.97916484,-3.126811,-16731116
53,1,54,67,"null","null","null",14,6.843994,0.8449185,-3.497466,2.6579041,-0.90352786,-16731116
54,53,55,66,"null","null","null",7,5.255942,0.5235976,-3.4058828,1.9383955,-2.4241579,-16731116
55,54,56,63,"null","null","null",6,4.3614116,0.6580926,-2.7521214,0.5830918,-3.387028,-16731116
56,55,57,62,"null","null","null",4,3.4460335,2.1815941,-2.1365514,0.46288663,-3.516666,-16731116
57,56,58,61,"null","null","null",3,2.244567,3.381483,-1.1971728,0.637614,-2.9699686,-16731116
58,57,59,60,"null","null","null",2,1.2622157,3.7952137,-0.39551976,0.6459111,-2.2791727,-16731116
63,55,64,65,"null","null","null",2,3.494078,0.86650443,-3.439229,2.419877,-0.38339615,-16731116
67,53,68,79,"null","null","null",7,6.2315316,2.361207,-1.2045364,3.50743,-0.7950933,-16731116
68,67,69,76,"null","null","null",6,5.8143816,1.7948487,-2.6626332,3.2712197,-0.5592996,-16731116
69,68,70,75,"null","null","null",4,2.916603,0.6411245,-3.48519,2.56074,-0.6642306,-16731116
70,69,71,74,"null","null","null",3,2.063849,0.50423855,-3.4706364,2.0102232,-2.14342,-16731116
71,70,72,73,"null","null","null",2,0.72631985,0.6527482,-2.8544023,0.97916484,-3.126811,-12486656
76,68,77,78,"null","null","null",2,4.957116,3.5116959,-0.31737888,2.2880604,-1.6001867,-16731116
80,0,81,98,"null","null","null",11,6.7797194,1.6749309,-2.7538295,3.445505,-0.35959482,-16731116
81,80,82,91,"null","null","null",9,5.2758827,0.47730148,-3.497466,2.789157,-1.044402,-16731116
82,81,83,90,"null","null","null",5,3.8498254,0.5235976,-3.4058828,1.9383955,-2.607294,-16731116
83,82,84,87,"null","null","null",4,1.7901804,0.6580926,-2.7521214,0.5830918,-3.6251051,-16731116
84,83,85,86,"null","null","null",2,0.34676197,1.0880342,-2.1365514,0.46288663,-3.8261662,-16731116
87,83,88,89,"null","null","null",2,1.2727954,0.86650443,-3.439229,2.419877,-0.38339615,-16731116
91,81,92,95,"null","null","null",4,2.942714,2.6735475,-0.6648622,3.8027487,-0.7950933,-16731116
92,91,93,94,"null","null","null",2,0.35711908,1.7788317,-1.9610568,3.6551337,-0.5592996,-16731116
95,91,96,97,"null","null","null",2,1.3454843,3.7626114,-0.73706603,0.439019,-2.3134394,-16731116
98,80,99,100,"null","null","null",2,5.976401,3.4248652,-0.2750016,2.4441652,-1.5045781,-16731116
