index,parent,child1,child2,name1,name2,common,richness,lengthbr,hxmax,hxmin,hymax,hymin,color
0,-268346291,1,96,"null","null","null",56,15.013696,1.4333814,-2.8931777,3.3528485,-0.59051764,-16731116
1,0,2,67,"null","null","null",48,14.3374,0.29949006,-3.57267,2.6772187,-1.0522804,-16731116
2,1,3,62,"null","null","null",33,14.164233,0.5419747,-3.4274406,1.7061951,-2.5434403,-16731116
3,2,4,33,"null","null","null",30,12.3359375,0.6764475,-2.7686582,0.59724087,-3.4364276,-16731116
4,3,5,30,"null","null","null",15,10.961182,2.262085,-2.2165523,0.48397422,-3.492144,-16731116
5,4,6,21,"null","null","null",13,8.571909,3.3844776,-0.94437313,0.64591277,-2.9070053,-16731116
6,5,7,20,"null","null","null",8,5.463652,3.7009745,-0.41857076,1.7065886,-2.2381592,-16731116
7,6,8,19,"null","null","null",7,4.8497086,3.2905593,-0.61676085,2.9604242,-1.4052767,-16731116
8,7,9,16,"null","null","null",6,4.463803,2.6331234,-1.3545845,3.4508276,-0.34808123,-16731116
9,8,10,13,"null","null","null",4,3.848588,1.6749309,-2.7746296,3.1313143,-0.5755019,-16731116
10,9,11,12,"null","null","null",2,1.4688143,0.52727723,-3.5245066,2.3807092,-0.665,-16731116
13,9,14,15,"null","null","null",2,1.7770431,3.4248652,-0.2750016,2.4441652,-1.5045781,-16731116
16,8,17,18,"null","null","null",2,3.037097,3.7952123,-0.70525765,0.55374324,-2.2791743,-16731116
21,5,22,29,"null","null","null",5,8.137097,0.35782927,-2.88201,0.90259767,-3.4687886,-16731116
22,21,23,26,"null","null","null",4,7.6926756,1.7924259,-2.3054042,0.46288577,-3.6229587,-16731116
23,22,24,25,"null","null","null",2,6.108619,2.8755686,-1.1971772,0.63761365,-3.1081505,-16731116
26,22,27,28,"null","null","null",2,6.755726,0.52348053,-3.7907991,2.010226,-1.4433506,-16731116
30,4,31,32,"null","null","null",2,3.1184943,0.48358285,-3.7564573,1.9383985,-1.6186471,-16731116
33,3,34,55,"null","null","null",15,11.993784,0.84491944,-3.5095534,2.6208618,-0.9035219,-16731116
34,33,35,52,"null","null","null",11,9.119918,0.5235968,-3.4215996,2.0181658,-2.4241529,-16731116
35,34,36,51,"null","null","null",9,7.903584,0.6580924,-2.772554,0.867519,-3.3870258,-16731116
36,35,37,44,"null","null","null",8,6.6058164,2.1643891,-2.1631112,0.46288577,-3.516667,-16731116
37,36,38,43,"null","null","null",4,5.9219937,3.3591206,-1.1971772,0.63761365,-2.9699712,-16731116
38,37,39,42,"null","null","null",3,4.4489617,3.7661464,-0.39551884,1.2371417,-2.2791743,-16731116
39,38,40,41,"null","null","null",2,3.7480783,3.4248652,-0.6042892,2.4441652,-1.5045781,-16731116
44,36,45,48,"null","null","null",4,5.1205573,0.52348053,-3.4706397,2.1206808,-2.143413,-12486656
45,44,46,47,"null","null","null",2,0.77769,0.6527479,-2.8544078,0.9791694,-3.1268065,-11184866
48,44,49,50,"null","null","null",2,2.518488,1.8611674,-1.7914399,3.711177,-0.4428624,-12486656
52,34,53,54,"null","null","null",2,3.365812,1.7788353,-1.9610502,3.6551359,-0.40147904,-16731116
55,33,56,61,"null","null","null",4,9.585922,2.3612075,-1.1773334,3.4240808,-0.7950944,-16731116
56,55,57,60,"null","null","null",3,6.533456,1.7788353,-2.6272726,3.1628685,-0.5592989,-16731116
57,56,58,59,"null","null","null",2,3.0402875,0.641129,-3.4392254,2.4198835,-0.6642305,-16731116
62,2,63,66,"null","null","null",3,10.0066185,1.6917281,-2.7746239,3.1313145,-0.35959655,-16731116
63,62,64,65,"null","null","null",2,6.2452636,0.5272817,-3.5245032,2.3807092,-0.665,-16731116
67,1,68,95,"null","null","null",15,11.076063,2.3408208,-1.3385786,3.6562042,-0.7670516,-16731116
68,67,69,88,"null","null","null",14,10.795606,1.5297087,-2.7538254,3.3983066,-0.5755012,-16731116
69,68,70,85,"null","null","null",10,10.614385,0.3384865,-3.4974654,2.727799,-0.95190215,-16731116
70,69,71,80,"null","null","null",8,6.877239,0.5235968,-3.4058852,1.7993804,-2.4870472,-16731116
71,70,72,77,"null","null","null",5,4.954588,0.6580924,-2.7521253,0.5830978,-3.4687886,-16731116
72,71,73,76,"null","null","null",3,4.0222125,1.7924259,-2.1365538,0.46288577,-3.6229587,-16731116
73,72,74,75,"null","null","null",2,3.094174,2.8755686,-1.1971772,0.63761365,-3.1081505,-16731116
77,71,78,79,"null","null","null",2,2.626104,0.86650527,-3.4392254,2.4198835,-0.38339564,-12486656
80,70,81,84,"null","null","null",3,3.815,1.7788353,-2.6272726,3.1628685,-0.40147904,-12486656
81,80,82,83,"null","null","null",2,2.3064451,0.641129,-3.4392254,2.4198835,-0.6642305,-16731116
85,69,86,87,"null","null","null",2,2.8896263,2.3612075,-0.41842124,3.6646893,-0.7950944,-12486656
88,68,89,92,"null","null","null",4,7.9616017,3.0981078,-0.27500102,3.0448914,-1.4209453,-16731116
89,88,90,91,"null","null","null",2,2.9042702,2.3612075,-0.66192454,3.6646893,-0.32388148,-12486656
92,88,93,94,"null","null","null",2,2.701652,2.7384934,-1.3026797,0.30320084,-3.2226985,-16731116
96,0,97,104,"null","null","null",8,13.54418,3.065712,-0.2891289,2.9604197,-1.2264589,-16731116
97,96,98,103,"null","null","null",4,10.506518,2.3408208,-1.3545772,3.4508257,-0.34808022,-16731116
98,97,99,102,"null","null","null",3,5.819242,1.6917281,-2.7746239,3.1313145,-0.5755012,-16731116
99,98,100,101,"null","null","null",2,2.8424232,0.5272817,-3.5245032,2.3807092,-0.665,-16731116
104,96,105,110,"null","null","null",4,8.338591,3.3591185,-1.1971815,0.31716168,-2.9699733,-16731116
105,104,106,109,"null","null","null",3,5.591538,3.7661476,-0.3955179,1.2371341,-2.2791758,-16731116
106,105,107,108,"null","null","null",2,3.240013,3.4248688,-0.6042887,2.444159,-1.5045819,-16731116
