index,parent,child1,child2,name1,name2,common,richness,lengthbr,hxmax,hxmin,hymax,hymin,color
0,-268323834,1,48,"null","null","null",30,7.3352613,3.4995873,-0.64570624,0.65809226,-2.7672682,-16731116
1,0,2,33,"null","null","null",24,6.43292,3.6629996,-0.46288514,2.1293283,-2.1562378,-16731116
2,1,3,32,"null","null","null",16,5.9941998,3.160205,-0.6376134,3.3135448,-1.1971804,-16731116
3,2,4,29,"null","null","null",15,4.719199,2.526477,-1.6061841,3.706901,-0.39551812,-16731116
4,3,5,18,"null","null","null",13,3.8363593,1.4246762,-2.9239233,3.347848,-0.6042888,-16731116
5,4,6,13,"null","null","null",7,3.257083,0.32388172,-3.50743,2.68587,-1.3502585,-16731116
6,5,7,12,"null","null","null",4,1.8558125,0.5592991,-3.2712216,1.7788345,-2.8520744,-16731116
7,6,8,11,"null","null","null",3,1.4483256,0.6642305,-2.5607429,0.6411279,-3.7314668,-16731116
8,7,9,10,"null","null","null",2,0.618535,1.4433522,-2.010225,0.50423795,-3.7907987,-16731116
13,5,14,17,"null","null","null",3,1.9573337,2.3134403,-1.0472679,3.7903333,-0.737067,-16731116
14,13,15,16,"null","null","null",2,1.2530631,1.6001897,-2.2880554,3.5116982,-0.59051764,-16731116
18,4,19,26,"null","null","null",6,2.7840803,3.2310948,-0.303201,3.3004107,-1.1514455,-12486656
19,18,20,23,"null","null","null",4,2.0596082,2.5840368,-1.0472679,3.7903333,-0.37199056,-12486656
20,19,21,22,"null","null","null",2,0.9091218,1.6001897,-2.2880554,3.5116982,-0.59051764,-16731116
23,19,24,25,"null","null","null",2,0.9891173,3.8167202,-0.67175275,0.73106515,-2.238161,-12486656
26,18,27,28,"null","null","null",2,2.0535429,3.0051699,-1.0892038,0.3309561,-2.9852314,-12486656
29,3,30,31,"null","null","null",2,2.017033,3.8270524,-0.63668066,0.9093949,-2.1905584,-16731116
33,1,34,43,"null","null","null",8,5.7228417,2.29608,-1.9270647,0.5234818,-3.4551697,-16731116
34,33,35,42,"null","null","null",5,5.2517076,3.3252766,-0.9791728,0.65274775,-2.8342974,-16731116
35,34,36,41,"null","null","null",4,4.718299,3.528639,-0.44105512,2.0262864,-2.1905584,-16731116
36,35,37,40,"null","null","null",3,3.3899546,3.0229437,-0.6278832,3.2790852,-1.3026786,-16731116
37,36,38,39,"null","null","null",2,2.6215532,2.3134403,-0.65274704,3.7626104,-0.37199056,-16731116
43,33,44,47,"null","null","null",3,3.3593388,0.44286364,-3.2755356,1.8611686,-2.4725387,-16731116
44,43,45,46,"null","null","null",2,1.5146121,0.6619249,-2.571182,0.7546941,-3.3442578,-16731116
48,0,49,58,"null","null","null",6,4.8010178,0.8217367,-2.5607474,0.866506,-3.473288,-16731116
49,48,50,57,"null","null","null",5,3.8776398,2.387001,-2.0102282,0.5042372,-3.4551697,-12486656
50,49,51,56,"null","null","null",4,3.5167713,3.4434738,-0.9791728,0.65274775,-2.8342974,-12486656
51,50,52,55,"null","null","null",3,1.980692,3.6822956,-0.44105512,1.6104476,-2.1905584,-12486656
52,51,53,54,"null","null","null",2,1.2064689,3.2226973,-0.6278832,2.7384949,-1.3026786,-12486656
