index,parent,child1,child2,name1,name2,common,richness,lengthbr,hxmax,hxmin,hymax,hymin,color
0,-268261289,1,126,"null","null","null",78,10.813646,0.55929863,-3.4009385,1.6207683,-2.6926076,-16731116
1,0,2,101,"null","null","null",63,10.639745,0.8246769,-2.7293744,0.41481906,-3.5241625,-16731116
2,1,3,80,"null","null","null",50,10.567537,2.3908234,-1.9868083,0.5042372,-3.5213065,-16731116
3,2,4,43,"null","null","null",39,9.090929,3.448443,-0.7997942,0.65274775,-2.9202747,-16731116
4,3,5,24,"null","null","null",20,8.611263,3.6887553,-0.44105512,1.993161,-2.3023288,-16731116
5,4,6,23,"null","null","null",10,5.794524,3.2310948,-0.6278832,3.236022,-1.3026786,-16731116
6,5,7,20,"null","null","null",9,5.4326606,2.5840368,-1.4436026,3.7066278,-0.37199056,-16731116
7,6,8,19,"null","null","null",7,4.353306,1.6001897,-2.8032904,3.4028811,-0.59051764,-16731116
8,7,9,14,"null","null","null",6,3.8440516,0.29949006,-3.4558165,2.7422612,-0.9977443,-16731116
9,8,10,13,"null","null","null",3,0.82765096,0.5419747,-3.2755313,1.8611665,-2.4725435,-16731116
10,9,11,12,"null","null","null",2,0.23574317,0.66192496,-2.571176,0.7546901,-3.3442616,-16731116
14,8,15,18,"null","null","null",3,3.2353327,2.3408208,-0.85625637,3.8025498,-0.7670516,-16731116
15,14,16,17,"null","null","null",2,3.1670573,1.6917281,-2.1268067,3.5885556,-0.5755012,-16731116
20,6,21,22,"null","null","null",2,1.8314927,3.8167202,-0.67175275,0.73106515,-2.238161,-11184866
24,4,25,38,"null","null","null",10,7.273401,2.1597354,-2.0484684,0.5623988,-3.6238103,-16731116
25,24,26,35,"null","null","null",7,6.551113,3.2514277,-0.8706895,0.6459124,-3.0781724,-16731116
26,25,27,32,"null","null","null",5,3.8889356,3.5280137,-0.4185698,1.8652921,-2.4606745,-16731116
27,26,28,31,"null","null","null",3,1.8289186,3.065712,-0.6167603,3.1667423,-1.4052806,-16731116
28,27,29,30,"null","null","null",2,1.3355013,2.3408208,-0.6580918,3.7190452,-0.34808022,-12486656
32,26,33,34,"null","null","null",2,1.2935561,1.0880196,-2.1365566,0.6001816,-3.8261666,-16731116
35,25,36,37,"null","null","null",2,2.2168245,0.35782874,-2.7162147,0.90259826,-3.23998,-16731116
38,24,39,42,"null","null","null",3,3.9353874,0.48358452,-3.3782616,1.9384005,-2.3110387,-16731116
39,38,40,41,"null","null","null",2,1.6841776,0.65809226,-2.7162147,0.8675231,-3.23998,-12486656
43,3,44,67,"null","null","null",19,8.256772,0.59771526,-2.7339165,0.8857573,-3.496599,-16731116
44,43,45,66,"","null","Flickers and other woodpeckers",12,5.5748506,2.1597354,-2.076367,0.48397338,-3.5703702,-16731116
45,44,46,65,"null","null","null",11,4.901333,3.2514277,-1.0892038,0.6459124,-3.0087004,-16731116
46,45,47,58,"null","null","null",10,4.130925,3.5280137,-0.4185698,1.9147029,-2.3703609,-16731116
47,46,48,53,"null","null","null",6,3.933978,3.065712,-0.6167603,3.2309766,-1.2264589,-16731116
48,47,49,52,"null","null","null",3,2.4749348,2.3408208,-0.85625637,3.8025498,-0.34808022,-16731116
49,48,50,51,"null","null","null",2,1.5808994,1.6917281,-2.1268067,3.5885556,-0.5755012,-16731116
53,47,54,57,"null","null","null",3,2.6846647,3.381475,-1.1971815,0.31716168,-2.9699733,-16731116
54,53,55,56,"null","null","null",2,1.3406347,3.795211,-0.3955179,0.64591163,-2.2791758,-16731116
58,46,59,62,"null","null","null",4,3.5289102,1.7924187,-2.305408,0.6001816,-3.622961,-16731116
59,58,60,61,"null","null","null",2,2.9341877,2.8755634,-1.1971815,0.6376133,-3.1081553,-16731116
62,58,63,64,"null","null","null",2,2.0057194,0.5234822,-3.7908006,2.010228,-1.4433446,-16731116
67,43,68,79,"null","null","null",7,5.7818317,0.8449204,-3.497466,2.5136495,-1.0443912,-16731116
68,67,69,76,"null","null","null",6,4.69696,0.52359635,-3.405888,2.0181682,-2.6072845,-16731116
69,68,70,73,"null","null","null",4,4.46504,0.65809226,-2.752129,0.5831027,-3.6250997,-16731116
70,69,71,72,"null","null","null",2,1.5704998,1.0880196,-2.1365566,0.4628849,-3.8261666,-16731116
73,69,74,75,"null","null","null",2,1.6870456,0.8665061,-3.439223,2.4198875,-0.38339514,-16731116
76,68,77,78,"null","null","null",2,1.541959,1.7788361,-1.9610482,3.6551366,-0.40148008,-16731116
80,2,81,92,"null","null","null",11,8.898924,0.44286364,-3.4099588,1.7306687,-2.5434372,-16731116
81,80,82,89,"null","null","null",6,7.8823633,0.7291248,-2.745932,0.49050963,-3.4364262,-16731116
82,81,83,88,"null","null","null",4,5.0870414,2.3305678,-2.076367,0.48397338,-3.4921455,-16731116
83,82,84,87,"","null","Flamebacks",3,4.5040956,3.4735096,-1.0892038,0.6459124,-2.9070082,-16731116
84,83,85,86,"null","null","null",2,1.7519068,3.8167202,-0.4185698,0.73106515,-2.238161,-16731116
89,81,90,91,"null","null","null",2,2.6560183,0.8449204,-3.5245008,2.3807096,-0.39556158,-16731116
92,80,93,100,"null","null","null",5,7.04319,1.691729,-2.7374768,3.1863751,-0.35959762,-16731116
93,92,94,99,"null","null","null",4,5.2033005,0.52728236,-3.4762132,2.4522882,-0.8165132,-16731116
94,93,95,98,"null","null","null",3,3.7546885,0.5235966,-3.3782582,1.9383993,-2.3110423,-16731116
95,94,96,97,"null","null","null",2,1.5050244,0.6580924,-2.7162104,0.8675197,-3.239983,-16731116
101,1,102,125,"null","null","null",13,7.168402,0.82108533,-3.572671,2.3745222,-1.0522765,-16731116
102,101,103,122,"null","null","null",12,6.470836,0.5419743,-3.427444,1.9094158,-2.5434372,-16731116
103,102,104,115,"null","null","null",10,5.07384,0.6896925,-2.768663,0.522323,-3.4364262,-16731116
104,103,105,112,"null","null","null",6,4.113807,2.279306,-2.216556,0.48397338,-3.4921455,-16731116
105,104,106,111,"null","null","null",4,2.7750487,3.4068692,-1.0892038,0.6459124,-2.9070082,-16731116
106,105,107,110,"null","null","null",3,1.0786779,3.7300878,-0.4185698,1.4251086,-2.238161,-16731116
107,106,108,109,"null","null","null",2,1.0786779,3.3284082,-0.6167603,2.5945039,-1.4052806,-16731116
112,104,113,114,"null","null","null",2,1.5873164,0.48358452,-3.7564592,1.9384005,-1.6186413,-16731116
115,103,116,121,"null","null","null",4,2.810235,0.8449204,-3.476215,2.4522898,-0.81650966,-16731116
116,115,117,120,"null","null","null",3,2.1445036,0.52359635,-3.3782616,1.9384005,-2.3110387,-16731116
117,116,118,119,"null","null","null",2,1.1022159,0.65809226,-2.7162147,0.8675231,-3.23998,-16731116
122,102,123,124,"null","null","null",2,1.2372531,1.691729,-2.1268048,3.5885563,-0.35959762,-16731116
126,0,127,148,"null","null","null",15,9.428582,1.4333824,-2.9319158,3.1200047,-0.31738126,-16731116
127,126,128,147,"null","null","null",11,7.4109864,0.41359925,-3.6230307,2.374522,-1.0796664,-16731116
128,127,129,144,"null","null","null",10,5.5101504,0.54197454,-3.4929104,1.9094138,-2.579043,-16731116
129,128,130,137,"null","null","null",8,4.210614,0.66192496,-2.8537693,0.64476943,-3.482712,-16731116
130,129,131,134,"null","null","null",4,2.9704924,1.9703119,-2.2165534,0.483974,-3.5523148,-16731116
131,130,132,133,"null","null","null",2,2.4622383,3.0051737,-1.0892006,0.64591265,-2.9852276,-16731116
134,130,135,136,"null","null","null",2,1.4106097,0.48358327,-3.756458,1.9383984,-1.6186465,-16731116
137,129,138,141,"null","null","null",4,3.33997,0.8449197,-3.767137,2.7277992,-0.39556193,-16731116
138,137,139,140,"null","null","null",2,2.363942,0.5235969,-3.756458,1.9383984,-1.6186465,-16731116
141,137,142,143,"null","null","null",2,2.4902792,2.361208,-0.4184213,3.6646907,-0.79509425,-16731116
144,128,145,146,"null","null","null",2,1.8009741,1.6917278,-2.1268075,3.5885549,-0.35959697,-16731116
148,126,149,152,"null","null","null",4,6.077651,3.0657122,-0.28912875,3.1667428,-1.2878717,-16731116
149,148,150,151,"null","null","null",2,3.9633336,2.340821,-0.6580918,3.7190456,-0.34808034,-16731116
152,148,153,154,"null","null","null",2,2.3005702,2.875566,-1.1971791,0.31716174,-3.1081529,-16731116
