index,parent,child1,child2,name1,name2,common,richness,lengthbr,hxmax,hxmin,hymax,hymin,color
0,-268431251,1,48,"null","null","null",35,22.208776,2.3773332,-2.0236826,0.52348524,-3.4866867,-16731116
1,0,2,45,"","null","Quail doves",24,21.366905,3.4309142,-0.72748053,0.6527473,-2.8752708,-16731116
2,1,3,32,"null","null","null",22,21.097721,3.6659763,-0.44105315,1.8643892,-2.2438195,-16731116
3,2,4,19,"null","null","null",15,17.012644,3.2014863,-0.6278822,3.0686283,-1.1166914,-16731116
4,3,5,14,"null","null","null",8,11.829786,2.5455422,-1.6418772,3.489027,-0.3719881,-16731116
5,4,6,11,"null","null","null",5,11.166506,1.5501502,-3.0610573,3.1200066,-0.590516,-16731116
6,5,7,10,"null","null","null",3,6.113028,0.41361272,-3.7909262,2.374523,-0.66423047,-16731116
7,6,8,9,"null","null","null",2,3.098471,0.5419725,-3.711183,1.8611767,-1.7914197,-16731116
11,5,12,13,"null","null","null",2,5.632898,3.3284197,-0.2891272,2.5944867,-1.4052919,-16731116
14,4,15,18,"null","null","null",3,7.9737496,3.7300925,-0.6717566,1.4250877,-2.2381659,-12486656
15,14,16,17,"null","null","null",2,4.0570683,3.3284197,-0.61675906,2.5944867,-1.4052919,-16731116
19,3,20,29,"null","null","null",7,14.91439,3.2514203,-0.928794,0.33095467,-2.9070153,-16731116
20,19,21,28,"null","null","null",5,5.5597134,3.5280132,-0.4185676,1.9146893,-2.2381659,-16731116
21,20,22,27,"null","null","null",4,4.4603934,3.0657163,-0.61675906,3.2309687,-1.4052919,-16731116
22,21,23,26,"null","null","null",3,3.9607506,2.3408237,-0.8562327,3.8025513,-0.34807754,-16731116
23,22,24,25,"null","null","null",2,0.68184185,1.6917396,-2.126786,3.5885649,-0.57549936,-16731116
29,19,30,31,"null","null","null",2,3.743703,0.35782748,-2.716228,0.9025998,-3.23997,-16731116
32,2,33,40,"null","null","null",7,13.359121,2.2792964,-2.0484788,0.5624025,-3.492149,-16731116
33,32,34,39,"null","null","null",4,10.27222,3.4068658,-1.0892141,0.64591175,-2.9070153,-12486656
34,33,35,38,"null","null","null",3,7.4688797,3.7300925,-0.4185676,1.4250877,-2.2381659,-12486656
35,34,36,37,"null","null","null",2,3.0076976,3.3284197,-0.61675906,2.5944867,-1.4052919,-12486656
40,32,41,44,"null","null","null",3,7.10737,0.4835881,-3.3782701,1.9384077,-2.3110232,-16731116
41,40,42,43,"null","null","null",2,3.0010285,0.6580919,-2.716227,0.8675328,-3.2399702,-16731116
45,1,46,47,"null","null","null",2,10.483816,0.3707999,-2.5711951,0.8857589,-3.3442495,-16731116
48,0,49,64,"null","null","null",11,13.181921,0.44286698,-3.4929118,1.7062047,-2.5434275,-12486656
49,48,50,59,"null","null","null",8,11.579054,0.7291118,-2.8537717,0.522333,-3.436423,-16731116
50,49,51,58,"null","null","null",5,5.119981,2.3305557,-2.0763721,0.48397177,-3.4921484,-16731116
51,50,52,55,"null","null","null",4,4.350348,3.4735022,-0.8707022,0.6459118,-2.9070146,-16731116
52,51,53,54,"null","null","null",2,2.987386,3.816719,-0.41856778,0.73104715,-2.2381654,-16731116
55,51,56,57,"null","null","null",2,3.5321581,0.35782757,-2.716227,0.9025997,-3.2399707,-16731116
59,49,60,63,"null","null","null",3,9.373636,0.8449222,-3.7671335,2.4522994,-0.39556065,-12486656
60,59,61,62,"null","null","null",2,3.0177312,0.5235948,-3.756462,1.9384071,-1.6186275,-12486656
64,48,65,68,"null","null","null",3,6.1001897,1.6917375,-2.7746086,3.1313152,-0.35960135,-12486656
65,64,66,67,"null","null","null",2,2.1396842,0.5272941,-3.5244944,2.3807096,-0.665,-12486656
