index,parent,child1,child2,name1,name2,common,richness,lengthbr,hxmax,hxmin,hymax,hymin,color
0,-268391375,1,128,"","null","Tits, Chickadees and more",74,40.57676,0.7950952,-3.6143339,2.6389084,-1.2275901,-16731116
1,0,2,107,"null","null","null",64,36.380978,0.55929863,-3.4101982,1.6930481,-2.6926076,-16731116
2,1,3,104,"Paridae","null","Tits and Chickadees",53,28.027155,0.8108219,-2.7414122,0.41481906,-3.5241625,-16731116
3,2,4,103,"null","null","null",51,21.213272,2.3728118,-2.0102282,0.5042372,-3.5213065,-16731116
4,3,5,96,"null","null","null",50,18.965822,3.4250278,-0.76730907,0.65274775,-2.9202747,-16731116
5,4,6,63,"null","null","null",46,16.314228,3.6583157,-0.44105512,1.9801664,-2.3023288,-16731116
6,5,7,50,"null","null","null",29,14.84134,3.1915236,-0.6278832,3.219129,-1.1166797,-16731116
7,6,8,33,"null","null","null",22,14.402326,2.5325942,-1.542546,3.684667,-0.37199056,-16731116
8,7,9,30,"null","null","null",13,12.193326,1.5501353,-2.931917,3.3743324,-0.59051764,-16731116
9,8,10,27,"null","null","null",11,11.201139,0.29949006,-3.623031,2.705148,-1.0796676,-16731116
10,9,11,24,"null","null","null",9,10.507084,0.5419747,-3.49291,1.9094133,-2.5790436,-16731116
11,10,12,19,"","null","Chickadees",7,8.031405,0.66192496,-2.8537683,0.52231866,-3.482712,-16731116
12,11,13,16,"null","null","null",4,7.3138113,1.9703138,-2.2165523,0.48397422,-3.5523138,-16731116
13,12,14,15,"null","null","null",2,5.3586807,3.005175,-1.0891994,0.64591277,-2.9852262,-16731116
16,12,17,18,"null","null","null",2,6.138758,0.48358285,-3.7564573,1.9383985,-1.6186471,-16731116
19,11,20,23,"null","null","null",3,4.788054,0.84491944,-3.7671363,2.4522867,-0.39556205,-16731116
20,19,21,22,"null","null","null",2,3.9845643,0.5235968,-3.7564573,1.9383985,-1.6186471,-16731116
24,10,25,26,"null","null","null",2,8.183518,1.6917281,-2.1268067,3.5885556,-0.35959655,-16731116
27,9,28,29,"null","null","null",2,4.144556,2.3408208,-0.4290239,3.7190452,-0.7670516,-16731116
30,8,31,32,"null","null","null",2,10.366785,3.3284082,-0.2891289,2.5945039,-1.4052806,-16731116
33,7,34,47,"null","null","null",9,11.503037,3.700975,-0.67175275,1.9147029,-2.4606745,-16731116
34,33,35,42,"null","null","null",7,11.503037,3.2905617,-0.6167603,3.2309766,-1.2264589,-16731116
35,34,36,39,"null","null","null",4,9.718796,2.6331253,-0.85625637,3.8025498,-0.34808022,-16731116
36,35,37,38,"null","null","null",2,7.111789,1.6917281,-2.1268067,3.5885556,-0.5755012,-16731116
39,35,40,41,"null","null","null",2,4.1624637,3.795211,-0.705259,0.5537361,-2.2791758,-16731116
42,34,43,46,"null","null","null",3,4.552374,3.381475,-1.1971815,0.31716168,-2.9699733,-16731116
43,42,44,45,"null","null","null",2,3.52678,3.795211,-0.3955179,0.64591163,-2.2791758,-16731116
47,33,48,49,"null","null","null",2,3.2729962,1.0880196,-2.1365566,0.6001816,-3.8261666,-16731116
50,6,51,60,"null","null","null",7,13.247211,3.2514277,-0.92879295,0.3309561,-2.9070082,-16731116
51,50,52,59,"","null","Titmouses",5,10.018808,3.5280137,-0.4185698,1.8652921,-2.238161,-16731116
52,51,53,56,"null","null","null",4,6.5945406,3.065712,-0.6167603,3.1667423,-1.2878731,-16731116
53,52,54,55,"null","null","null",2,0.9215206,2.3408208,-0.6580918,3.7190452,-0.34808022,-16731116
56,52,57,58,"null","null","null",2,3.6910627,2.8755634,-1.1971815,0.31716168,-3.1081553,-16731116
60,50,61,62,"null","null","null",2,7.2309723,0.35782874,-2.7162147,0.90259826,-3.23998,-16731116
63,5,64,81,"null","null","null",17,15.587736,2.1597354,-2.0607467,0.5623988,-3.6238103,-16731116
64,63,65,74,"null","null","null",9,13.95147,3.2514277,-0.8866515,0.6459124,-3.0781724,-16731116
65,64,66,71,"null","null","null",5,11.089534,3.5280137,-0.4185698,1.8652921,-2.4606745,-16731116
66,65,67,70,"null","null","null",3,5.28111,3.065712,-0.6167603,3.1667423,-1.4052806,-16731116
67,66,68,69,"null","null","null",2,3.4671013,2.3408208,-0.6580918,3.7190452,-0.34808022,-12486656
71,65,72,73,"null","null","null",2,5.6785645,1.0880196,-2.1365566,0.6001816,-3.8261666,-16731116
74,64,75,78,"null","null","null",4,12.650461,0.35782874,-2.752129,0.90259826,-3.6250997,-16731116
75,74,76,77,"null","null","null",2,3.8708825,1.0880196,-2.1365566,0.4628849,-3.8261666,-16731116
78,74,79,80,"null","null","null",2,4.338983,0.8665061,-3.439223,2.4198875,-0.38339514,-16731116
81,63,82,91,"null","null","null",8,14.404824,0.48358452,-3.405888,1.7993828,-2.424149,-16731116
82,81,83,90,"null","null","null",5,12.765935,0.65809226,-2.752129,0.8675231,-3.3870234,-16731116
83,82,84,89,"null","null","null",4,10.230841,2.1815815,-2.1365566,0.4628849,-3.5166674,-16731116
84,83,85,88,"null","null","null",3,5.647515,3.381475,-1.1971815,0.6376133,-2.9699733,-16731116
85,84,86,87,"null","null","null",2,2.6330667,3.795211,-0.3955179,0.64591163,-2.2791758,-16731116
91,81,92,95,"null","null","null",3,9.719456,1.7788361,-2.627271,3.1628695,-0.40148008,-16731116
92,91,93,94,"null","null","null",2,8.029895,0.64112955,-3.4392245,2.419885,-0.6642305,-16731116
96,4,97,102,"null","null","null",4,9.147253,0.45200062,-2.660825,0.8857573,-3.482712,-16731116
97,96,98,101,"null","null","null",3,5.7871437,1.9703064,-2.076367,0.48397338,-3.5523171,-16731116
98,97,99,100,"null","null","null",2,2.6727867,3.0051699,-1.0892038,0.6459124,-2.9852314,-16731116
104,2,105,106,"null","null","null",2,23.652391,0.82108533,-3.5997553,2.3745222,-0.4072522,-16731116
107,1,108,127,"Remizidae","null","Penduline-tits",11,30.440546,1.6001905,-2.8828318,3.2826343,-0.31738126,-16731116
108,107,109,120,"null","null","null",10,22.240913,0.29948983,-3.5592217,2.5859401,-1.0796664,-16731116
109,108,110,119,"null","null","null",6,15.688252,0.54197454,-3.4099588,1.8611674,-2.579043,-16731116
110,109,111,116,"null","null","null",5,11.321594,0.66192496,-2.745932,0.49050736,-3.482712,-16731116
111,110,112,115,"null","null","null",3,6.715411,1.9703119,-2.076365,0.483974,-3.5523148,-16731116
112,111,113,114,"null","null","null",2,4.0980854,3.0051737,-1.0892006,0.64591265,-2.9852276,-16731116
116,110,117,118,"null","null","null",2,4.009455,0.8449197,-3.5245035,2.3807096,-0.39556193,-16731116
120,108,121,126,"null","null","null",4,13.3501835,2.340821,-1.354578,3.4508262,-0.76705194,-16731116
121,120,122,125,"null","null","null",3,7.4583335,1.6917278,-2.7746243,3.1313148,-0.5755013,-16731116
122,121,123,124,"null","null","null",2,4.478501,0.52728057,-3.5245035,2.3807096,-0.665,-16731116
128,0,129,144,"null","null","null",10,36.26907,2.5840373,-1.4749882,3.684667,-0.7370677,-16731116
129,128,130,143,"null","null","null",8,32.398907,1.6001905,-2.8440928,3.3743331,-0.59051746,-16731116
130,129,131,140,"null","null","null",7,27.701923,0.29948983,-3.5088608,2.7051487,-1.1988066,-16731116
131,130,132,137,"Monarchidae","null","Monarchs",5,16.839151,0.54197454,-3.3444896,1.9094138,-2.7339253,-16731116
132,131,133,136,"null","null","null",3,11.762047,0.66192496,-2.6608222,0.75469065,-3.6840591,-16731116
133,132,134,135,"null","null","null",2,3.9996827,1.2662436,-2.076365,0.483974,-3.814066,-16731116
137,131,138,139,"null","null","null",2,5.572076,1.6917278,-2.1268075,3.5885549,-0.35959697,-16731116
140,130,141,142,"Muscicapidae","null","Chats and Old World flycatchers",2,4.9914746,2.340821,-0.4290238,3.7190456,-0.76705194,-16731116
144,128,145,146,"null","null","null",2,10.76812,3.8167205,-0.6717531,0.731066,-2.238161,-16731116
