index,parent,child1,child2,name1,name2,common,richness,lengthbr,hxmax,hxmin,hymax,hymin,color
0,-268431355,1,30,"","null","Green pigeons",23,18.97461,0.40148264,-3.2220201,1.6207732,-2.7222083,-16731116
1,0,2,29,"null","null","null",15,18.974611,0.75179124,-2.4967809,0.6411365,-3.5626497,-16731116
2,1,3,24,"null","null","null",14,14.046513,2.2960746,-1.9270691,0.50423634,-3.5713432,-16731116
3,2,4,23,"null","null","null",11,13.3136425,3.325274,-0.9791769,0.6527475,-2.9853234,-16731116
4,3,5,20,"null","null","null",10,11.036022,3.5286398,-0.44105422,1.9801602,-2.3868904,-16731116
5,4,6,17,"null","null","null",8,6.4875374,3.0229464,-0.6278828,3.2191253,-1.1514504,-16731116
6,5,7,16,"null","null","null",6,5.1882076,2.3134422,-1.6418878,3.6846666,-0.3719896,-16731116
7,6,8,15,"null","null","null",5,4.8704157,1.6001931,-3.061065,3.374334,-0.59051704,-16731116
8,7,9,12,"null","null","null",4,4.794402,0.29948908,-3.7909276,2.7051497,-0.66423035,-16731116
9,8,10,11,"null","null","null",2,2.031453,0.541974,-3.7111788,1.8611698,-1.7914344,-16731116
12,8,13,14,"null","null","null",2,1.4836227,2.3408217,-0.42902347,3.7190442,-0.76705277,-12486656
17,5,18,19,"null","null","null",2,3.190241,3.005167,-1.0892061,0.33095554,-2.9852347,-16731116
20,4,21,22,"null","null","null",2,2.7128084,1.2662337,-2.0763686,0.56240034,-3.8140674,-16731116
24,2,25,28,"null","null","null",3,7.85827,0.4428653,-3.2755384,1.8611718,-2.472533,-12486656
25,24,26,27,"null","null","null",2,3.6073794,0.6619248,-2.5711858,0.7546971,-3.344255,-11184866
30,0,31,42,"null","null","null",8,15.96916,1.5501446,-2.8440874,3.1200056,-0.31738362,-16731116
31,30,32,41,"null","null","null",6,10.166971,0.41360754,-3.5088606,2.3745224,-1.0796576,-16731116
32,31,33,40,"null","null","null",5,7.8699102,0.5419733,-3.3444946,1.861173,-2.579037,-16731116
33,32,34,39,"null","null","null",4,4.705883,0.6619247,-2.660829,0.7546987,-3.4827116,-12486656
34,33,35,38,"null","null","null",3,3.8782847,1.9702991,-2.0763695,0.48397252,-3.5523202,-12486656
35,34,36,37,"null","null","null",2,2.7830102,3.0051646,-1.089208,0.6459121,-2.9852366,-11184866
42,30,43,44,"null","null","null",2,2.5844045,3.3284154,-0.28912786,2.5944934,-1.4052874,-16731116
