index,parent,child1,child2,name1,name2,common,richness,lengthbr,hxmax,hxmin,hymax,hymin,color
0,-268276608,1,34,"null","null","null",21,5.454293,2.4621441,-1.6991837,3.6996102,-0.39551717,-16731116
1,0,2,29,"","null","Woodstars",17,3.8490162,1.3321686,-3.0448265,3.3383718,-0.6042883,-16731116
2,1,3,26,"null","null","null",14,2.2795103,0.32388073,-3.6646085,2.6735504,-1.1974847,-16731116
3,2,4,23,"null","null","null",12,1.9649589,0.5592984,-3.4755564,1.7948565,-2.653472,-16731116
4,3,5,18,"null","null","null",10,1.7887108,0.75179744,-2.8263779,0.41481906,-3.473288,-16731116
5,4,6,17,"null","null","null",7,1.0937952,2.29608,-2.0102282,0.5042372,-3.4551697,-16731116
6,5,7,14,"","null","Typical Woodstars",6,0.9486604,3.3252766,-0.72746766,0.65274775,-2.8342974,-16731116
7,6,8,13,"null","null","null",4,0.6311933,3.528639,-0.44105512,2.0262864,-2.1905584,-12486656
8,7,9,12,"null","null","null",3,0.5704435,3.0229437,-0.6278832,3.2790852,-1.3026786,-16731116
9,8,10,11,"null","null","null",2,0.37392,2.3134403,-0.65274704,3.7626104,-0.37199056,-12486656
14,6,15,16,"null","null","null",2,0.36021215,0.37080103,-2.571182,0.8857573,-3.3442578,-16731116
18,4,19,22,"null","null","null",3,1.3892065,0.82108533,-3.7909288,2.3745222,-0.47381365,-16731116
19,18,20,21,"null","null","null",2,1.3290166,0.5419743,-3.711179,1.8611686,-1.7914356,-16731116
23,3,24,25,"null","null","null",2,1.4484419,1.6001918,-2.2880516,3.5117006,-0.3173819,-16731116
26,2,27,28,"null","null","null",2,1.9126331,2.3134418,-0.4390183,3.7626092,-0.7370682,-16731116
29,1,30,33,"null","null","null",3,2.0843709,3.0229454,-0.30320042,3.2790823,-1.3026809,-12486656
30,29,31,32,"null","null","null",2,1.5026243,2.3134418,-0.6527472,3.7626092,-0.37198997,-12486656
34,0,35,38,"null","null","null",4,3.571247,3.6822972,-0.63668215,1.610443,-2.3868887,-16731116
35,34,36,37,"null","null","null",2,1.2816259,3.2227004,-0.62788296,2.7384913,-1.3026809,-16731116
38,34,39,40,"null","null","null",2,1.6368496,1.2662363,-2.0763676,0.56239974,-3.8140664,-16731116
