index,parent,child1,child2,name1,name2,common,richness,lengthbr,hxmax,hxmin,hymax,hymin,color
0,-268376996,1,62,"null","null","null",34,6.347892,3.7069008,-0.39551884,1.6991948,-2.4621382,-16731116
1,0,2,61,"null","null","null",31,5.9032917,3.347846,-0.6042892,3.0448341,-1.5045781,-16731116
2,1,3,56,"null","null","null",30,5.6041403,2.6858683,-1.1974955,3.6646109,-0.32388246,-16731116
3,2,4,37,"null","null","null",27,5.2503424,1.6207633,-2.6534798,3.4755545,-0.5592996,-16731116
4,3,5,32,"null","null","null",17,5.061038,0.4148134,-3.4732904,2.826375,-0.82468736,-16731116
5,4,6,23,"null","null","null",14,4.7662506,0.50423855,-3.4551668,1.9577041,-2.3908322,-16731116
6,5,7,20,"null","null","null",9,2.92587,0.6527482,-2.834292,0.7274575,-3.448447,-16731116
7,6,8,19,"null","null","null",7,2.6561604,2.0426993,-2.1905546,0.44105673,-3.688754,-16731116
8,7,9,16,"null","null","null",6,2.2251897,3.3004153,-1.1514357,0.6278839,-3.2310905,-16731116
9,8,10,13,"null","null","null",4,0.9606254,3.790332,-0.37199226,1.0472816,-2.584033,-16731116
10,9,11,12,"null","null","null",2,0.48550332,3.5116925,-0.5905186,2.2880669,-1.600183,-12486656
13,9,14,15,"null","null","null",2,0.4948796,0.7310779,-2.2381577,0.6717503,-3.8167214,-16731116
16,8,17,18,"null","null","null",2,0.69196844,0.33095706,-2.9852223,1.0891962,-3.005179,-16731116
20,6,21,22,"null","null","null",2,1.2815921,0.885756,-3.3442645,2.5711715,-0.37080196,-16731116
23,5,24,31,"null","null","null",5,4.400188,1.8611641,-2.579047,3.3444867,-0.44286072,-16731116
24,23,25,30,"null","null","null",4,4.086682,0.7546867,-3.4827127,2.660818,-0.6619251,-16731116
25,24,26,29,"null","null","null",3,3.7929385,0.48397484,-3.552312,2.0763621,-1.970319,-16731116
26,25,27,28,"null","null","null",2,2.7334185,0.64591295,-2.9852223,1.0891962,-3.005179,-16731116
32,4,33,36,"null","null","null",3,4.7254176,2.374521,-0.47382563,3.7909288,-0.82108366,-16731116
33,32,34,35,"null","null","null",2,2.1029508,1.8611641,-1.7914469,3.711175,-0.54197526,-16731116
37,3,38,51,"null","null","null",10,5.1484823,3.1200037,-0.31737888,2.8931797,-1.4333783,-16731116
38,37,39,50,"null","null","null",7,4.900648,2.374521,-1.0796719,3.5726695,-0.4135952,-16731116
39,38,40,49,"null","null","null",6,4.6194606,1.8611641,-2.579047,3.4274378,-0.54197526,-16731116
40,39,41,48,"null","null","null",5,3.878862,0.7546867,-3.4827127,2.7686546,-0.6619251,-16731116
41,40,42,45,"null","null","null",4,3.501759,0.48397484,-3.552312,2.2165496,-1.970319,-16731116
42,41,43,44,"null","null","null",2,2.273257,0.64591295,-2.9852223,1.0891962,-3.005179,-16731116
45,41,46,47,"null","null","null",2,2.141887,1.9383963,-1.6186526,3.7564564,-0.4835816,-16731116
51,37,52,55,"null","null","null",3,4.947665,3.1667461,-1.4052775,0.28912932,-3.0657108,-16731116
52,51,53,54,"null","null","null",2,0.8144525,3.719047,-0.34808096,0.65809166,-2.3408198,-16731116
56,2,57,60,"null","null","null",3,3.6822472,3.7903328,-0.73706603,1.0472739,-2.3134394,-16731116
57,56,58,59,"null","null","null",2,2.2069368,3.5116959,-0.59051806,2.2880604,-1.6001867,-16731116
62,0,63,66,"null","null","null",3,5.9829416,1.6104532,-2.1905565,0.63667953,-3.6822941,-16731116
63,62,64,65,"null","null","null",2,5.6948447,2.7384992,-1.3026755,0.6278835,-3.2226942,-16731116
