index,parent,child1,child2,name1,name2,common,richness,lengthbr,hxmax,hxmin,hymax,hymin,color
0,-268391374,1,184,"null","null","null",95,33.870785,0.40148032,-3.2573676,1.6207683,-2.6926076,-16731116
1,0,2,183,"","null","Larks and more",92,26.68881,0.8246769,-2.5427322,0.6411318,-3.5241625,-16731116
2,1,3,166,"Alaudidae","null","Larks",91,23.449266,2.3908234,-1.9868083,0.5042372,-3.5213065,-16731116
3,2,4,129,"null","null","null",82,21.758768,3.448443,-0.8051344,0.65274775,-2.9202747,-16731116
4,3,5,74,"null","null","null",63,18.941708,3.6887553,-0.44105512,1.9450188,-2.3023288,-16731116
5,4,6,71,"null","null","null",35,16.285225,3.2310948,-0.6278832,3.173437,-1.1514455,-16731116
6,5,7,68,"null","null","null",33,13.93681,2.5840368,-1.4707823,3.625268,-0.37199056,-16731116
7,6,8,55,"null","null","null",31,13.011,1.4333814,-2.838624,3.2971134,-0.59051764,-16731116
8,7,9,44,"null","null","null",24,12.313567,0.29949006,-3.5017502,2.6047633,-1.0522804,-16731116
9,8,10,31,"null","null","null",18,12.110255,0.5419747,-3.3352451,1.7306662,-2.5434403,-16731116
10,9,11,30,"null","null","null",11,10.510417,0.66192496,-2.6488042,0.7546901,-3.4364276,-16731116
11,10,12,23,"null","null","null",10,8.877094,2.1597412,-2.0607424,0.48397422,-3.492144,-16731116
12,11,13,20,"null","null","null",6,7.1582537,3.2514307,-0.8706838,0.64591277,-2.9070053,-16731116
13,12,14,19,"null","null","null",4,4.9939766,3.5280137,-0.41857076,1.8652986,-2.2381592,-16731116
14,13,15,18,"null","null","null",3,2.4707634,3.0657103,-0.61676085,3.166747,-1.4052767,-16731116
15,14,16,17,"null","null","null",2,1.8318107,2.3408196,-0.65809155,3.7190475,-0.34808123,-16731116
20,12,21,22,"null","null","null",2,2.71894,0.35782927,-2.716209,0.90259767,-3.2399843,-16731116
23,11,24,29,"null","null","null",4,5.7033525,0.48358285,-3.4058852,1.9383985,-2.6072886,-12486656
24,23,25,28,"null","null","null",3,3.1674838,0.6580924,-2.7521253,0.867519,-3.6251023,-12486656
25,24,26,27,"null","null","null",2,2.13373,1.0880269,-2.1365538,0.46288577,-3.8261664,-11184866
31,9,32,41,"null","null","null",7,10.642253,1.6749359,-2.7538254,3.1863742,-0.35959655,-16731116
32,31,33,40,"null","null","null",5,7.5415964,0.5272817,-3.4974654,2.4522867,-1.0443956,-12486656
33,32,34,39,"null","null","null",4,4.9839406,0.5235968,-3.4058852,1.9383985,-2.6072886,-12486656
34,33,35,38,"null","null","null",3,4.039522,0.6580924,-2.7521253,0.867519,-3.6251023,-12486656
35,34,36,37,"null","null","null",2,2.2118738,1.0880269,-2.1365538,0.46288577,-3.8261664,-12486656
41,31,42,43,"null","null","null",2,10.405999,3.4248688,-0.27500102,2.444159,-1.5045819,-16731116
44,8,45,54,"null","null","null",6,9.09159,2.3408208,-1.4981474,3.4931793,-0.7670516,-16731116
45,44,46,51,"null","null","null",5,5.8257074,1.6749359,-2.9612648,3.1863742,-0.5755012,-16731116
46,45,47,50,"null","null","null",3,2.887313,0.5272817,-3.7671363,2.4522867,-0.665,-16731116
47,46,48,49,"null","null","null",2,2.2349296,0.5235968,-3.7564573,1.9383985,-1.6186471,-16731116
51,45,52,53,"null","null","null",2,1.7582295,3.4248688,-0.27500102,2.444159,-1.5045819,-16731116
55,7,56,63,"","null","Short-toe Larks and other Larks",7,11.404065,3.065712,-0.2891289,2.9604197,-1.2264589,-16731116
56,55,57,62,"null","null","null",4,7.0962353,2.3408208,-1.3545772,3.4508257,-0.34808022,-16731116
57,56,58,61,"null","null","null",3,6.432508,1.6917281,-2.7746239,3.1313145,-0.5755012,-16731116
58,57,59,60,"null","null","null",2,2.4958694,0.5272817,-3.5245032,2.3807092,-0.665,-16731116
63,55,64,67,"null","null","null",3,4.7651334,3.381475,-1.1971815,0.31716168,-2.9699733,-16731116
64,63,65,66,"null","null","null",2,1.7547255,3.795211,-0.3955179,0.64591163,-2.2791758,-16731116
68,6,69,70,"null","null","null",2,2.5143037,3.8167202,-0.67175275,0.73106515,-2.238161,-16731116
71,5,72,73,"null","null","null",2,4.23099,3.0051699,-1.0892038,0.3309561,-2.9852314,-16731116
74,4,75,124,"null","null","null",28,18.230295,2.2620795,-2.0484684,0.5623988,-3.6238103,-16731116
75,74,76,105,"null","null","null",25,13.08302,3.3844748,-0.9443785,0.6459124,-3.0781724,-16731116
76,75,77,102,"null","null","null",15,10.375259,3.700975,-0.4185698,1.7316434,-2.4606745,-16731116
77,76,78,91,"null","null","null",13,10.375259,3.2905617,-0.6167603,2.9929993,-1.2264589,-16731116
78,77,79,88,"null","null","null",7,8.056011,2.6331253,-1.3260034,3.4931793,-0.34808022,-16731116
79,78,80,87,"null","null","null",5,2.8803318,1.6917281,-2.7374778,3.1863742,-0.5755012,-16731116
80,79,81,86,"null","null","null",4,2.8803318,0.5272817,-3.4762132,2.4522867,-0.8165151,-16731116
81,80,82,85,"null","null","null",3,2.8803318,0.5235968,-3.3782573,1.9383985,-2.311044,-16731116
82,81,83,84,"null","null","null",2,2.5551584,0.6580924,-2.716209,0.867519,-3.2399843,-16731116
88,78,89,90,"null","null","null",2,2.4534621,3.795211,-0.705259,0.5537361,-2.2791758,-16731116
91,77,92,97,"null","null","null",6,7.0493045,3.3591185,-1.0032619,0.31716168,-2.9699733,-16731116
92,91,93,96,"null","null","null",3,4.9306498,3.7661476,-0.3955179,1.2371341,-2.2791758,-16731116
93,92,94,95,"null","null","null",2,2.8703628,3.4248688,-0.6042887,2.444159,-1.5045819,-16731116
97,91,98,101,"null","null","null",3,4.4343963,0.34452954,-2.8342981,0.9791734,-3.5548244,-16731116
98,97,99,100,"null","null","null",2,2.547882,0.9093931,-2.1905591,0.4410549,-3.827052,-16731116
102,76,103,104,"null","null","null",2,2.9920526,1.0880196,-2.1365566,0.6001816,-3.8261666,-16731116
105,75,106,115,"null","null","null",10,11.487118,0.5695158,-2.8820148,0.90259826,-3.3870234,-16731116
106,105,107,112,"null","null","null",5,5.132105,2.1815815,-2.305408,0.4628849,-3.5166674,-16731116
107,106,108,111,"null","null","null",3,4.9103117,3.381475,-1.1971815,0.6376133,-2.9699733,-16731116
108,107,109,110,"null","null","null",2,2.8056388,3.795211,-0.3955179,0.64591163,-2.2791758,-16731116
112,106,113,114,"null","null","null",2,2.561696,0.5234822,-3.7908006,2.010228,-1.4433446,-12486656
115,105,116,121,"null","null","null",5,7.3822455,0.8665061,-3.4851913,2.741412,-0.6343571,-16731116
116,115,117,120,"null","null","null",3,3.5564582,0.50423723,-3.4706435,2.010228,-2.1434073,-16731116
117,116,118,119,"null","null","null",2,3.1084251,0.65274775,-2.854413,0.9791734,-3.1268015,-16731116
121,115,122,123,"null","null","null",2,2.380484,2.3745222,-0.40725225,3.5997555,-0.8210852,-16731116
124,74,125,128,"null","null","null",3,5.479933,0.48358452,-3.3782616,1.9384005,-2.3110387,-16731116
125,124,126,127,"null","null","null",2,2.6966615,0.65809226,-2.7162147,0.8675231,-3.23998,-16731116
129,3,130,163,"null","null","null",19,19.93434,0.59771526,-2.745932,0.8857573,-3.4364262,-16731116
130,129,131,156,"null","null","null",17,19.623209,2.1597354,-2.0607467,0.48397338,-3.4921455,-16731116
131,130,132,149,"null","null","null",13,15.081703,3.2514277,-0.8866515,0.6459124,-2.9070082,-16731116
132,131,133,148,"null","null","null",9,10.188223,3.5280137,-0.4185698,1.7065823,-2.238161,-12486656
133,132,134,143,"null","null","null",8,7.886382,3.065712,-0.6167603,2.9604197,-1.2264589,-12486656
134,133,135,142,"null","null","null",5,6.5283513,2.3408208,-1.3545772,3.4508257,-0.34808022,-16731116
135,134,136,139,"null","null","null",4,4.9655876,1.6749359,-2.7746239,3.1313145,-0.5755012,-16731116
136,135,137,138,"null","null","null",2,1.3685288,0.5272817,-3.5245032,2.3807092,-0.665,-16731116
139,135,140,141,"null","null","null",2,2.4934022,3.4248688,-0.27500102,2.444159,-1.5045819,-16731116
143,133,144,147,"null","null","null",3,5.5605206,3.381475,-1.1971815,0.31716168,-2.9699733,-8572416
144,143,145,146,"null","null","null",2,2.3521056,3.795211,-0.3955179,0.64591163,-2.2791758,-8572416
149,131,150,153,"null","null","null",4,12.57155,0.35782874,-2.752129,0.90259826,-3.6250997,-16731116
150,149,151,152,"null","null","null",2,3.1574411,1.0880196,-2.1365566,0.4628849,-3.8261666,-16731116
153,149,154,155,"null","null","null",2,12.209856,0.8665061,-3.439223,2.4198875,-0.38339514,-16731116
156,130,157,162,"null","null","null",4,5.6167283,0.48358452,-3.405888,1.9384005,-2.6072845,-16731116
157,156,158,161,"null","null","null",3,4.31131,0.65809226,-2.752129,0.8675231,-3.6250997,-16731116
158,157,159,160,"null","null","null",2,1.3405123,1.0880196,-2.1365566,0.4628849,-3.8261666,-12486656
163,129,164,165,"","null","Hoopoe-Larks",2,5.625689,0.8449204,-3.5245008,2.3807096,-0.39556158,-16731116
166,2,167,180,"null","null","null",9,15.38006,0.44286364,-3.4099588,1.9094158,-2.5434372,-16731116
167,166,168,177,"","null","Sparrow-larks",7,9.607365,0.6896925,-2.745932,0.49050963,-3.4364262,-16731116
168,167,169,176,"null","null","null",5,6.447823,2.279306,-2.076367,0.48397338,-3.4921455,-16731116
169,168,170,175,"null","null","null",4,5.622206,3.4068692,-1.0892038,0.6459124,-2.9070082,-16731116
170,169,171,174,"null","null","null",3,3.1383576,3.7300878,-0.4185698,1.4251086,-2.238161,-16731116
171,170,172,173,"null","null","null",2,1.9578094,3.3284082,-0.6167603,2.5945039,-1.4052806,-16731116
177,167,178,179,"null","null","null",2,2.5199995,0.8449204,-3.5245008,2.3807096,-0.39556158,-16731116
180,166,181,182,"null","null","null",2,9.153135,1.691729,-2.1268048,3.5885563,-0.35959762,-16731116
184,0,185,188,"Pycnonotidae","null","Nicators",3,14.603778,1.6001905,-2.9140122,3.1200047,-0.31738126,-16731116
185,184,186,187,"null","null","null",2,10.788183,0.41359925,-3.5997562,2.374522,-0.66423035,-16731116
