index,parent,child1,child2,name1,name2,common,richness,lengthbr,hxmax,hxmin,hymax,hymin,color
0,-268311373,1,54,"null","null","null",44,10.086878,1.49071,-2.9319124,3.35285,-0.59051716,-16731116
1,0,2,39,"null","null","null",27,7.481305,0.2994892,-3.6230292,2.6772203,-1.1122043,-16731116
2,1,3,26,"null","null","null",19,6.8102975,0.5419741,-3.4929104,1.8248615,-2.6213443,-16731116
3,2,4,21,"null","null","null",12,6.23985,0.6619249,-2.8537695,0.5223224,-3.5377066,-16731116
4,3,5,18,"null","null","null",9,5.424727,2.1597364,-2.2165554,0.4839735,-3.62381,-16731116
5,4,6,15,"null","null","null",7,4.427754,3.2514281,-0.87068796,0.6459124,-3.0781722,-16731116
6,5,7,12,"null","null","null",5,4.309251,3.5280137,-0.41856992,1.8652927,-2.4606743,-16731116
7,6,8,11,"null","null","null",3,1.6982752,3.0657122,-0.6167604,3.1667428,-1.40528,-16731116
8,7,9,10,"null","null","null",2,1.0882804,2.340821,-0.6580918,3.7190456,-0.34808034,-16731116
12,6,13,14,"null","null","null",2,3.7412076,1.0880233,-2.1365554,0.6001814,-3.8261666,-16731116
15,5,16,17,"null","null","null",2,1.4190867,0.3578288,-2.7162118,0.90259826,-3.2399821,-16731116
18,4,19,20,"null","null","null",2,1.0902632,0.48358428,-3.7564583,1.9384001,-1.6186436,-16731116
21,3,22,25,"null","null","null",3,1.2841631,0.8449203,-3.7671359,2.4522893,-0.39556164,-16731116
22,21,23,24,"null","null","null",2,0.58163553,0.5235964,-3.7564583,1.9384001,-1.6186436,-16731116
26,2,27,34,"null","null","null",7,6.1805496,1.5297115,-2.9612615,3.3983073,-0.35959804,-16731116
27,26,28,31,"null","null","null",4,0.7193527,0.33848935,-3.7671354,2.7278,-0.665,-16731116
28,27,29,30,"null","null","null",2,0.32434255,0.52359617,-3.7564588,1.9384013,-1.618641,-16731116
31,27,32,33,"null","null","null",2,0.2244739,2.3612084,-0.41842085,3.6646879,-0.7950953,-16731116
34,26,35,38,"null","null","null",3,3.7751026,3.0981088,-0.27500063,3.0448885,-1.5045838,-16731116
35,34,36,37,"null","null","null",2,1.6735916,2.3612084,-0.6619246,3.6646879,-0.32388097,-16731116
39,1,40,53,"null","null","null",8,4.0065894,2.3408215,-1.4981425,3.6562035,-0.76705265,-16731116
40,39,41,48,"null","null","null",7,3.6208053,1.5297122,-2.9612608,3.3983073,-0.5755008,-16731116
41,40,42,45,"null","null","null",4,2.7665548,0.33848935,-3.7671354,2.7278,-0.665,-16731116
42,41,43,44,"null","null","null",2,2.3470454,0.52359617,-3.7564588,1.9384013,-1.618641,-16731116
45,41,46,47,"null","null","null",2,1.8020338,2.3612084,-0.41842085,3.6646879,-0.7950953,-16731116
48,40,49,52,"null","null","null",3,2.1969254,3.0981088,-0.2750005,3.0448875,-1.5045847,-16731116
49,48,50,51,"null","null","null",2,1.3246955,2.3612084,-0.6619246,3.6646874,-0.3238808,-16731116
54,0,55,78,"null","null","null",17,9.306476,3.1946945,-0.2891284,3.0209274,-1.226462,-16731116
55,54,56,69,"null","null","null",12,7.190993,2.508497,-1.3259984,3.529489,-0.34807953,-16731116
56,55,57,66,"null","null","null",7,3.3501124,1.6749413,-2.7374744,3.2335792,-0.57550067,-16731116
57,56,58,65,"null","null","null",5,2.9359245,0.5272873,-3.4762137,2.5136533,-0.8165059,-16731116
58,57,59,62,"null","null","null",4,2.1214437,0.5235958,-3.378262,2.0181713,-2.3110356,-16731116
59,58,60,61,"null","null","null",2,0.85519093,0.65809214,-2.716216,0.86752415,-3.2399788,-16731116
62,58,63,64,"null","null","null",2,1.0547069,1.7788391,-1.9610422,3.6551392,-0.40148115,-16731116
66,56,67,68,"null","null","null",2,1.4724804,3.4248729,-0.2750004,2.4441528,-1.5045855,-11184866
69,55,70,77,"null","null","null",5,6.15306,3.514793,-0.7052602,1.7809231,-2.279177,-16731116
70,69,71,76,"null","null","null",4,2.9589896,3.0981092,-0.60428834,3.1510875,-1.5045855,-16731116
71,70,72,75,"null","null","null",3,1.8124741,2.361209,-0.6648452,3.8027484,-0.3238806,-16731116
72,71,73,74,"null","null","null",2,0.86169577,1.7788397,-1.9610416,3.6551392,-0.55929816,-16731116
78,54,79,84,"null","null","null",5,8.795417,3.3591182,-1.0122049,0.31716126,-2.969975,-16731116
79,78,80,83,"null","null","null",3,4.633312,3.7661495,-0.3955174,1.2371273,-2.279177,-16731116
80,79,81,82,"null","null","null",2,2.9970062,3.4248729,-0.60428834,2.4441528,-1.5045855,-16731116
84,78,85,86,"null","null","null",2,3.8613493,0.34452927,-2.854416,0.9791751,-3.1267996,-16731116
