index,parent,child1,child2,name1,name2,common,richness,lengthbr,hxmax,hxmin,hymax,hymin,color
0,-268331945,1,52,"null","null","null",33,10.224561,3.1946921,-0.2891289,3.1184032,-1.2264589,-16731116
1,0,2,43,"null","null","null",26,9.329007,2.5084949,-1.3802794,3.6562042,-0.34808022,-16731116
2,1,3,34,"null","null","null",21,8.718318,1.5297087,-2.8080366,3.3983066,-0.5755012,-16731116
3,2,4,31,"null","null","null",16,7.0472565,0.3384865,-3.5679398,2.727799,-0.9035219,-16731116
4,3,5,22,"null","null","null",14,6.619727,0.5235968,-3.4975019,1.8475379,-2.4241529,-16731116
5,4,6,17,"null","null","null",9,3.5658436,0.6580924,-2.8712268,0.6457026,-3.3870258,-16731116
6,5,7,16,"null","null","null",6,2.237338,2.1643891,-2.1365538,0.46288577,-3.516667,-16731116
7,6,8,13,"null","null","null",5,2.237338,3.3591206,-1.0121964,0.63761365,-2.9699712,-16731116
8,7,9,12,"null","null","null",3,1.5230889,3.7661464,-0.39551884,1.2371417,-2.2791743,-16731116
9,8,10,11,"null","null","null",2,0.7379068,3.4248652,-0.6042892,2.4441652,-1.5045781,-16731116
13,7,14,15,"null","null","null",2,1.7125624,0.3445301,-2.8544078,0.9791694,-3.1268065,-16731116
17,5,18,21,"null","null","null",3,2.9972126,0.86650527,-3.7314665,2.5607443,-0.38339564,-16731116
18,17,19,20,"null","null","null",2,0.3741572,0.5042378,-3.7907991,2.010226,-1.4433506,-16731116
22,4,23,28,"null","null","null",5,4.8146744,1.7948534,-2.8520734,3.2712228,-0.40147904,-16731116
23,22,24,27,"null","null","null",3,3.723662,0.641129,-3.7314665,2.5607443,-0.6642305,-16731116
24,23,25,26,"null","null","null",2,1.636672,0.5042378,-3.7907991,2.010226,-1.4433506,-16731116
28,22,29,30,"null","null","null",2,2.0749526,3.5116992,-0.3173806,2.288054,-1.6001905,-16731116
31,3,32,33,"null","null","null",2,2.370507,2.3612075,-0.41842124,3.6646893,-0.7950944,-16731116
34,2,35,40,"null","null","null",5,4.823815,3.0981078,-0.27500102,3.1510901,-1.4209453,-16731116
35,34,36,39,"null","null","null",3,4.430134,2.3612075,-0.6648546,3.8027482,-0.32388148,-16731116
36,35,37,38,"null","null","null",2,1.6981426,1.7788353,-1.9610502,3.6551359,-0.5592989,-16731116
40,34,41,42,"null","null","null",2,1.4324555,2.7384934,-1.3026797,0.30320084,-3.2226985,-11184866
43,1,44,51,"null","null","null",5,6.630895,3.514793,-0.705259,1.6992358,-2.2791758,-16731116
44,43,45,48,"null","null","null",4,4.485509,3.0981078,-0.6042887,3.0448914,-1.4209453,-16731116
45,44,46,47,"null","null","null",2,1.7218182,2.3612075,-0.66192454,3.6646893,-0.32388148,-16731116
48,44,49,50,"null","null","null",2,1.5115947,2.7384934,-1.3026797,0.30320084,-3.2226985,-12486656
52,0,53,60,"null","null","null",7,5.689593,3.1657686,-1.0032619,0.31716168,-2.9699733,-16731116
53,52,54,59,"null","null","null",4,5.019583,3.514793,-0.3955179,1.6992358,-2.2791758,-16731116
54,53,55,58,"null","null","null",3,3.0284963,3.0981078,-0.6042887,3.0448914,-1.5045819,-16731116
55,54,56,57,"null","null","null",2,1.859578,2.3612075,-0.66192454,3.6646893,-0.32388148,-16731116
60,52,61,64,"null","null","null",3,3.2777646,0.34452954,-2.8342981,0.9791734,-3.5548244,-16731116
61,60,62,63,"null","null","null",2,1.4616966,0.9093931,-2.1905591,0.4410549,-3.827052,-16731116
