index,parent,child1,child2,name1,name2,common,richness,lengthbr,hxmax,hxmin,hymax,hymin,color
0,-268368757,1,56,"null","null","null",31,14.808138,3.700975,-0.67175275,1.7065823,-2.3703609,-16731116
1,0,2,33,"null","null","null",28,13.998281,3.2905617,-0.6167603,2.9604197,-1.3110067,-16731116
2,1,3,30,"null","null","null",16,12.236079,2.6331253,-1.3385786,3.4508257,-0.34808022,-16731116
3,2,4,21,"null","null","null",14,11.549932,1.6364923,-2.7538254,3.1313145,-0.5755012,-16731116
4,3,5,20,"null","null","null",9,9.789552,0.5272817,-3.4974654,2.3807092,-0.9035219,-16731116
5,4,6,15,"null","null","null",8,9.789552,0.5235968,-3.4058852,1.7993804,-2.4241529,-16731116
6,5,7,14,"null","null","null",5,7.63495,0.6580924,-2.7521253,0.867519,-3.3870258,-16731116
7,6,8,13,"null","null","null",4,5.5574274,2.1815877,-2.1365538,0.46288577,-3.516667,-16731116
8,7,9,12,"null","null","null",3,2.3858552,3.3814788,-1.1971772,0.63761365,-2.9699712,-16731116
9,8,10,11,"null","null","null",2,1.243005,3.7952123,-0.39551884,0.64591134,-2.2791743,-16731116
15,5,16,19,"null","null","null",3,4.9469466,1.7788353,-2.6272726,3.1628685,-0.40147904,-16731116
16,15,17,18,"null","null","null",2,4.291064,0.641129,-3.4392254,2.4198835,-0.6642305,-16731116
21,3,22,29,"null","null","null",5,10.984435,3.3383706,-0.27500102,3.1510901,-1.5045819,-16731116
22,21,23,26,"null","null","null",4,10.2620125,2.673549,-0.6648546,3.8027482,-0.32388148,-16731116
23,22,24,25,"null","null","null",2,5.1325464,1.7788353,-1.9610502,3.6551359,-0.5592989,-16731116
26,22,27,28,"null","null","null",2,6.1860976,3.76261,-0.7370672,0.4390186,-2.3134408,-16731116
30,2,31,32,"null","null","null",2,2.8590584,3.795211,-0.705259,0.5537361,-2.2791758,-16731116
33,1,34,49,"null","null","null",12,9.85408,3.1657686,-1.0032619,0.31716168,-3.1602058,-16731116
34,33,35,46,"null","null","null",8,8.11658,3.514793,-0.3955179,1.6061829,-2.5264778,-16731116
35,34,36,45,"null","null","null",6,6.290705,3.0981078,-0.6042887,2.9239225,-1.5045819,-16731116
36,35,37,44,"null","null","null",5,6.160945,2.3612075,-1.3502572,3.5074303,-0.32388148,-16731116
37,36,38,43,"null","null","null",4,2.975624,1.7788353,-2.8520734,3.2712228,-0.5592989,-16731116
38,37,39,42,"null","null","null",3,2.2916985,0.641129,-3.7314665,2.5607443,-0.6642305,-16731116
39,38,40,41,"null","null","null",2,1.566586,0.5042378,-3.7907991,2.010226,-1.4433506,-16731116
46,34,47,48,"null","null","null",2,4.9670744,0.9093931,-2.1905591,0.63668096,-3.827052,-16731116
49,33,50,53,"null","null","null",4,7.653904,0.34452954,-2.8342981,0.9169625,-3.5548244,-16731116
50,49,51,52,"null","null","null",2,2.8430936,0.9093931,-2.1905591,0.4410549,-3.827052,-16731116
53,49,54,55,"null","null","null",2,2.6990569,0.88575745,-3.344258,2.5711813,-0.3708009,-16731116
56,0,57,60,"null","null","null",3,4.984718,1.7924187,-2.1365566,0.6001816,-3.622961,-16731116
57,56,58,59,"null","null","null",2,0.25083935,2.8755634,-1.1971815,0.6376133,-3.1081553,-16731116
