index,parent,child1,child2,name1,name2,common,richness,lengthbr,hxmax,hxmin,hymax,hymin,color
0,-1,1,30,"","null","Crocodilians",23,87.14136,2.8080273,-1.6364993,0.275,-3.398308,-12486656
1,0,2,27,"","null","Crocodiles",15,54.534466,3.5679355,-0.33849263,0.9701152,-2.7278006,-11184866
2,1,3,24,"null","null","null",13,22.104153,3.4975023,-0.52359533,2.5107298,-2.0181751,-11184866
3,2,4,19,"null","null","null",11,11.299251,2.8712287,-0.658092,3.499585,-0.6457138,-11184866
4,3,5,14,"null","null","null",8,10.212351,2.163123,-2.164377,3.663002,-0.46288377,-11184866
5,4,6,13,"null","null","null",5,6.819305,1.1971879,-3.3591151,3.1602106,-0.6376127,-11184866
6,5,7,10,"null","null","null",4,4.0756254,0.39551646,-3.7661495,2.5264816,-1.2371223,-8572416
7,6,8,9,"null","null","null",2,1.7888678,0.60428786,-3.4248743,1.5045878,-2.4441495,-8572416
10,6,11,12,"null","null","null",2,3.4169617,2.1905615,-0.9093827,3.827052,-0.6366832,-3014646
14,4,15,18,"null","null","null",3,8.824527,3.4706497,-0.5234846,2.143396,-2.0102324,-11184866
15,14,16,17,"null","null","null",2,5.947967,2.8544223,-0.65274733,3.1267939,-0.97918046,-8572416
19,3,20,23,"null","null","null",3,10.059086,3.7314637,-0.8665072,0.38339448,-2.5607536,-11184866
20,19,21,22,"null","null","null",2,4.52793,3.7908025,-0.50423604,1.4433333,-2.0102324,-11184866
24,2,25,26,"null","null","null",2,17.705679,1.961036,-1.778842,0.40148264,-3.6551414,-11184866
27,1,28,29,"null","null","null",2,23.231077,0.41842037,-2.3612092,0.7950965,-3.6646852,-8572416
30,0,31,42,"null","null","null",8,65.48392,0.275,-3.3383734,1.4209534,-2.9239187,-16731116
31,30,32,39,"","null","Caimans",6,25.371872,1.3502468,-2.6735516,0.32387993,-3.5074317,-16731116
32,31,33,38,"null","null","null",4,12.428252,2.8520653,-1.7788414,0.55929774,-3.2712293,-16731116
33,32,34,37,"null","null","null",3,8.335331,3.7314637,-0.6411378,0.66423047,-2.5607529,-16731116
34,33,35,36,"null","null","null",2,3.2833571,3.790802,-0.5042362,1.4433346,-2.010232,-16731116
39,31,40,41,"null","null","null",2,9.527395,0.73706937,-3.7626076,2.3134427,-0.43901795,-16731116
42,30,43,44,"","null","Alligators",2,47.254513,1.3026851,-2.7384856,3.222705,-0.30319995,-11184866
