index,parent,child1,child2,name1,name2,common,richness,lengthbr,hxmax,hxmin,hymax,hymin,color
0,-268366749,1,24,"null","null","null",22,19.8,3.6659727,-0.44105458,1.864401,-2.243813,-16731116
1,0,2,17,"null","null","null",12,15.2,3.201479,-0.62788296,3.0686367,-1.1166822,-16731116
2,1,3,12,"null","null","null",8,8.1,2.545535,-1.6418905,3.4890296,-0.37198997,-16731116
3,2,4,9,"null","null","null",5,5.5,1.5501379,-3.0610669,3.1200051,-0.5905173,-12486656
4,3,5,8,"Choeroniscus","null","null",3,5.1,0.4136008,-3.7909288,2.3745222,-0.66423035,-16731116
5,4,6,7,"null","null","null",2,5.1,0.5419743,-3.711179,1.8611686,-1.7914356,-12486656
9,3,10,11,"null","null","null",2,0.5,3.3284092,-0.28912854,2.5945022,-1.4052815,-12486656
12,2,13,16,"null","null","null",3,6.0,3.7300882,-0.67175364,1.4251064,-2.2381618,-16731116
13,12,14,15,"null","null","null",2,3.7,3.3284092,-0.6167602,2.5945022,-1.4052815,-16731116
17,1,18,23,"Anoura","null","Tailless Bats",4,8.7,3.406869,-1.0892045,0.33095574,-2.9070091,-16731116
18,17,19,22,"null","null","null",3,8.7,3.7300882,-0.41856956,1.4251064,-2.2381618,-16731116
19,18,20,21,"null","null","null",2,8.7,3.3284092,-0.6167602,2.5945022,-1.4052815,-16731116
24,0,25,38,"null","null","null",10,15.7,2.1597342,-2.0484686,0.56239974,-3.492146,-16731116
25,24,26,35,"null","null","null",7,14.4,3.251427,-0.87069,0.64591235,-2.9070091,-16731116
26,25,27,34,"Glossophaga","some","Long-tongued Bats",5,7.4,3.5280137,-0.41856956,1.9147013,-2.2381618,-16731116
27,26,28,33,"null","null","null",4,7.4,3.0657125,-0.6167602,3.2309756,-1.4052815,-16731116
28,27,29,32,"null","null","null",3,5.9,2.3408213,-0.8562542,3.8025498,-0.34807998,-16731116
29,28,30,31,"null","null","null",2,5.9,1.691729,-2.1268048,3.5885563,-0.5755011,-16731116
35,25,36,37,"Monophyllus","null","null",2,6.5,0.3578286,-2.7162137,0.9025985,-3.2399807,-16731116
38,24,39,42,"Leptonycteris","null","null",3,7.2,0.48358494,-3.3782606,1.9384013,-2.3110383,-11184866
39,38,40,41,"null","null","null",2,4.6,0.65809226,-2.7162137,0.86752254,-3.2399807,-11184866
