index,parent,child1,child2,name1,name2,common,richness,lengthbr,hxmax,hxmin,hymax,hymin,color
0,-268348408,1,86,"null","null","null",142,11.9,2.4642932,-1.8874412,0.5235952,-3.4175372,-16731116
1,0,2,74,"null","null","null",85,11.9,3.4392173,-0.7637689,0.658092,-2.767274,-16731116
2,1,3,47,"null","null","null",58,11.9,3.5845234,-0.4628839,2.0824342,-2.1562426,-16731116
3,2,4,38,"null","null","null",44,11.9,3.058188,-0.6376129,3.252588,-1.0032667,-16731116
4,3,5,31,"null","null","null",39,11.9,2.393853,-1.6694324,3.627663,-0.3955168,-16731116
5,4,6,20,"null","null","null",35,11.9,1.4246819,-3.0061512,3.244841,-0.6042881,-16731116
6,5,-268343296,7,"null","null","null",29,11.9,0.32388037,-3.6143322,2.55196,-1.219028,-16731116
7,6,8,15,"null","null","null",7,11.9,2.5455363,-1.6418878,3.489029,-0.73706865,-12486656
8,7,9,14,"null","null","null",4,11.9,1.6001931,-3.061065,3.1200051,-0.59051704,-16731116
9,8,10,13,"null","null","null",3,11.9,0.4136026,-3.7909276,2.3745222,-0.66423035,-16731116
10,9,11,12,"null","null","null",2,11.9,0.541974,-3.7111788,1.8611698,-1.7914344,-16731116
15,7,16,19,"null","null","null",3,11.9,3.7300887,-0.6717541,1.4251035,-2.2381625,-12486656
16,15,17,18,"null","null","null",2,3.9,3.3284109,-0.61676,2.5944998,-1.405283,-16731116
20,5,21,30,"null","null","null",6,11.9,3.2310975,-0.30320022,3.0686347,-1.3026825,-16731116
21,20,22,27,"null","null","null",5,11.9,2.5840387,-1.5287675,3.489029,-0.3719896,-16731116
22,21,23,26,"null","null","null",3,11.9,1.6001931,-2.9140084,3.1200051,-0.59051704,-16731116
23,22,24,25,"null","null","null",2,11.9,0.4136026,-3.599754,2.3745222,-0.66423035,-16731116
27,21,28,29,"null","null","null",2,11.9,3.8167195,-0.6717541,0.7310606,-2.2381625,-16731116
31,4,32,37,"null","null","null",4,11.9,3.5286398,-0.6366827,2.02628,-2.1905606,-12486656
32,31,33,36,"null","null","null",3,11.9,3.0229464,-0.6278828,3.2790809,-1.3026825,-16731116
33,32,34,35,"null","null","null",2,11.9,2.3134422,-0.6527473,3.7626088,-0.3719896,-16731116
38,3,39,44,"null","null","null",5,11.9,3.4434724,-0.9169631,0.3445289,-2.8343005,-11184866
39,38,40,43,"null","null","null",3,11.9,3.6822977,-0.44105422,1.6104403,-2.1905606,-8572416
40,39,41,42,"null","null","null",2,11.9,3.222702,-0.6278828,2.7384892,-1.3026825,-11513776
44,38,45,46,"null","null","null",2,11.9,0.37080052,-2.5711858,0.88575804,-3.344255,-11184866
47,2,48,65,"null","null","null",14,11.9,2.390818,-1.9577157,0.523484,-3.4551716,-12486656
48,47,49,62,"null","null","null",9,11.9,3.4484403,-0.72747266,0.6527475,-2.8343005,-16731116
49,48,50,61,"null","null","null",7,11.9,3.688756,-0.44105422,1.8643985,-2.1905606,-12486656
50,49,51,60,"null","null","null",6,11.9,3.2310975,-0.6278828,3.0686347,-1.3026825,-12486656
51,50,52,57,"null","null","null",5,11.9,2.5840387,-1.5287675,3.489029,-0.3719896,-12486656
52,51,53,56,"null","null","null",3,11.9,1.6001931,-2.9140084,3.1200051,-0.59051704,-11184866
53,52,54,55,"null","null","null",2,11.9,0.4136026,-3.599754,2.3745222,-0.66423035,-11184866
57,51,58,59,"null","null","null",2,11.9,3.8167195,-0.6717541,0.7310606,-2.2381625,-16731116
62,48,63,64,"null","null","null",2,11.9,0.37080052,-2.5711858,0.88575804,-3.344255,-16731116
65,47,66,73,"null","null","null",5,11.9,0.4428653,-3.3444936,1.8611718,-2.5790384,-12486656
66,65,67,72,"null","null","null",4,11.9,0.6619248,-2.6608276,0.7546971,-3.4827118,-12486656
67,66,68,71,"null","null","null",3,6.2,1.9703023,-2.0763686,0.48397285,-3.552319,-12486656
68,67,69,70,"null","null","null",2,6.2,3.005167,-1.0892061,0.64591223,-2.9852347,-11184866
74,1,75,81,"null","null","null",27,11.9,0.8246709,-2.8263788,0.86650705,-3.4975264,-16731116
75,74,-268344320,76,"null","null","null",24,11.9,2.390818,-1.9270691,0.50423634,-3.486683,-16731116
76,75,77,80,"null","null","null",3,11.9,0.4428653,-3.2755384,1.8611718,-2.472533,-16731116
77,76,78,79,"null","null","null",2,11.9,0.6619248,-2.5711858,0.7546971,-3.344255,-16731116
81,74,82,85,"null","null","null",3,11.9,0.8210864,-3.7909272,2.3745222,-0.47380704,-16731116
82,81,83,84,"null","null","null",2,11.9,0.5419736,-3.7111802,1.8611718,-1.7914302,-16731116
86,0,87,184,"null","null","null",57,11.9,0.40148264,-3.36099,1.7338085,-2.7222083,-16731116
87,86,88,173,"null","null","null",49,11.9,0.75179124,-2.6774416,0.5617677,-3.5626497,-16731116
88,87,89,154,"null","null","null",43,11.9,2.2960746,-1.9945835,0.50423634,-3.5713432,-16731116
89,88,90,127,"null","null","null",33,11.9,3.325274,-0.80513763,0.6527475,-2.9853234,-16731116
90,89,91,124,"null","null","null",19,11.9,3.5286398,-0.44105422,1.8643985,-2.3868904,-16731116
91,90,92,113,"null","null","null",17,11.9,3.0229464,-0.6278828,3.0686347,-1.192757,-16731116
92,91,93,112,"null","null","null",11,11.9,2.3134422,-1.5127412,3.489029,-0.3719896,-16731116
93,92,94,107,"null","null","null",10,11.9,1.4333854,-2.8931744,3.1200051,-0.59051704,-12486656
94,93,95,106,"null","null","null",7,11.9,0.4136026,-3.57267,2.3745222,-1.0796628,-12486656
95,94,96,105,"null","null","null",6,11.9,0.541974,-3.427444,1.8611698,-2.5790405,-12486656
96,95,97,104,"null","null","null",5,11.9,0.66192484,-2.768663,0.7546941,-3.482712,-12486656
97,96,98,101,"null","null","null",4,11.9,1.9703064,-2.216556,0.48397338,-3.5523171,-11184866
98,97,99,100,"null","null","null",2,11.9,3.0051699,-1.0892038,0.6459124,-2.9852314,-8572416
101,97,102,103,"null","null","null",2,3.9,0.48358452,-3.7564592,1.9384005,-1.6186413,-16731116
107,93,108,111,"null","null","null",3,11.9,3.0657134,-0.2891283,3.1667395,-1.405283,-16731116
108,107,109,110,"null","null","null",2,3.9,2.3408217,-0.6580919,3.7190442,-0.34807962,-16731116
113,91,114,123,"null","null","null",6,11.9,3.2514257,-1.0892061,0.33095554,-3.0781746,-16731116
114,113,115,120,"null","null","null",5,11.9,3.5280137,-0.41856924,1.8652878,-2.4606762,-16731116
115,114,116,119,"null","null","null",3,11.9,3.0657134,-0.61676,3.1667395,-1.405283,-16731116
116,115,117,118,"null","null","null",2,11.9,2.3408217,-0.6580919,3.7190442,-0.34807962,-16731116
120,114,121,122,"null","null","null",2,11.9,1.0880178,-2.136557,0.60018253,-3.8261664,-16731116
124,90,125,126,"null","null","null",2,11.9,1.2662337,-2.0763686,0.56240034,-3.8140674,-16731116
127,89,128,151,"null","null","null",14,11.9,0.59771144,-2.745932,0.88575804,-3.5377054,-16731116
128,127,129,150,"null","null","null",12,11.9,2.159732,-2.0763686,0.48397285,-3.6238112,-16731116
129,128,130,145,"null","null","null",11,11.9,3.2514257,-0.8866538,0.64591223,-3.0781746,-16731116
130,129,131,142,"null","null","null",8,11.9,3.5280137,-0.41856924,1.706578,-2.4606762,-16731116
131,130,132,139,"null","null","null",6,11.9,3.0657134,-0.61676,2.9604168,-1.2878759,-16731116
132,131,133,138,"null","null","null",4,7.8,2.3408217,-1.3545724,3.4508247,-0.34807962,-16731116
133,132,134,137,"null","null","null",3,7.8,1.6917303,-2.7746198,3.1313148,-0.57550085,-16731116
134,133,135,136,"null","null","null",2,7.8,0.5272839,-3.5245008,2.3807096,-0.665,-11513776
139,131,140,141,"null","null","null",2,3.9,2.8755617,-1.1971824,0.31716132,-3.1081567,-16731116
142,130,143,144,"null","null","null",2,11.9,1.0880178,-2.136557,0.60018253,-3.8261664,-16731116
145,129,146,149,"null","null","null",3,11.9,0.3578284,-2.7521296,0.90259874,-3.6250987,-11184866
146,145,147,148,"null","null","null",2,11.9,1.0880178,-2.136557,0.46288466,-3.8261664,-12486656
151,127,152,153,"null","null","null",2,11.9,0.844921,-3.524499,2.3807096,-0.39556128,-16731116
154,88,155,166,"null","null","null",10,11.9,0.4428653,-3.427446,1.7306741,-2.5790384,-12486656
155,154,156,163,"null","null","null",6,11.9,0.6619248,-2.7686656,0.49051154,-3.4827118,-16731116
156,155,157,160,"null","null","null",4,11.9,1.9703023,-2.216558,0.48397285,-3.552319,-12486656
157,156,158,159,"null","null","null",2,11.9,3.005167,-1.0892061,0.64591223,-2.9852347,-11184866
160,156,161,162,"null","null","null",2,11.9,0.48358554,-3.7564592,1.9384025,-1.6186383,-16731116
163,155,164,165,"null","null","null",2,11.9,0.844921,-3.524499,2.3807096,-0.39556128,-16731116
166,154,167,172,"null","null","null",4,11.9,1.6917332,-2.9612584,3.1863804,-0.35959932,-11184866
167,166,168,171,"null","null","null",3,11.9,0.52728903,-3.7671347,2.4522943,-0.665,-11184866
168,167,169,170,"null","null","null",2,11.9,0.5235956,-3.7564604,1.9384036,-1.6186355,-12486656
173,87,174,181,"null","null","null",6,11.9,0.8210864,-3.4558182,2.7051501,-0.9977322,-12486656
174,173,175,178,"null","null","null",4,11.9,0.5419736,-3.2755384,1.9094207,-2.472533,-8572416
175,174,176,177,"null","null","null",2,11.9,0.6619248,-2.5711858,0.7546971,-3.344255,-11513776
178,174,179,180,"null","null","null",2,11.9,1.6917332,-2.1267962,3.58856,-0.35959932,-8572416
181,173,182,183,"null","null","null",2,11.9,2.3408222,-0.4290232,3.7190425,-0.7670536,-16731116
184,86,185,198,"null","null","null",8,11.9,1.6001966,-2.8828235,3.374335,-0.31738362,-16731116
185,184,186,195,"null","null","null",7,11.9,0.29948828,-3.5592177,2.7051506,-1.1987958,-16731116
186,185,187,194,"null","null","null",5,11.9,0.5419733,-3.4099586,1.861173,-2.7339165,-12486656
187,186,188,191,"null","null","null",4,11.9,0.6619247,-2.745932,0.49051267,-3.684055,-12486656
188,187,189,190,"null","null","null",2,11.9,1.2662308,-2.0763695,0.48397252,-3.8140671,-11184866
191,187,192,193,"null","null","null",2,11.9,0.84492123,-3.5244977,2.3807096,-0.39556107,-16731116
195,185,196,197,"null","null","null",2,11.9,2.3408225,-0.42902306,3.7190418,-0.76705396,-16731116
