index,parent,child1,child2,name1,name2,common,richness,lengthbr,hxmax,hxmin,hymax,hymin,color
0,-268411765,1,56,"null","null","null",29,45.3,2.510735,-1.9384017,0.52359605,-3.5057995,-16731116
1,0,2,31,"null","null","null",28,45.3,3.499587,-0.70804787,0.6580922,-2.8820143,-16731116
2,1,3,28,"null","null","null",15,45.3,3.663,-0.4628849,2.129327,-2.3054075,-16731116
3,2,4,25,"Dasyproctidae","null","null",13,19.6,3.1602058,-0.6376133,3.313544,-1.0122011,-12486656
4,3,5,22,"Dasyprocta","null","Agouti",11,9.8,2.5264778,-1.6061828,3.706901,-0.3955179,-12486656
5,4,6,19,"null","null","null",9,9.8,1.4209446,-2.9239225,3.3478484,-0.6042887,-12486656
6,5,7,14,"null","null","null",7,9.8,0.32388148,-3.5074303,2.6858704,-1.3502572,-12486656
7,6,8,13,"null","null","null",4,9.8,0.5592989,-3.2712228,1.7788353,-2.8520734,-12486656
8,7,9,12,"null","null","null",3,9.8,0.6642305,-2.5607443,0.6411284,-3.7314665,-16731116
9,8,10,11,"null","null","null",2,9.8,1.4433506,-2.010226,0.5042378,-3.7907991,-16731116
14,6,15,18,"null","null","null",3,9.8,2.3134408,-1.0472691,3.7903333,-0.7370672,-12486656
15,14,16,17,"null","null","null",2,9.8,1.600189,-2.2880564,3.5116978,-0.5905177,-16731116
19,5,20,21,"null","null","null",2,9.8,3.222697,-0.30320084,2.7384958,-1.3026779,-12486656
22,4,23,24,"null","null","null",2,9.8,3.8270519,-0.6366811,0.9093958,-2.1905582,-11513776
25,3,26,27,"Myoprocta","null","null",2,5.8,3.1268032,-0.9791716,0.34452954,-2.8544111,-16731116
28,2,29,30,"Thryonomyidae","null","null",2,6.1,1.443346,-2.010228,0.5234822,-3.7907999,-16731116
31,1,32,47,"","some","Porupines",13,12.5,0.75179815,-2.7010143,0.8665061,-3.5096993,-16731116
32,31,33,46,"null","null","null",8,12.5,2.2960806,-2.010228,0.50423723,-3.5025039,-16731116
33,32,34,45,"Sphiggurus","null","Dwarf Porcupines",7,12.3,3.3252769,-0.9791716,0.65274775,-2.8958313,-16731116
34,33,35,40,"null","null","null",6,12.3,3.528639,-0.44105524,2.026287,-2.2705529,-16731116
35,34,36,39,"null","null","null",3,12.3,3.022944,-0.6278832,3.2790856,-1.3026779,-16731116
36,35,37,38,"null","null","null",2,4.8,2.3134408,-0.65274704,3.7626104,-0.37199068,-16731116
40,34,41,44,"null","null","null",3,12.3,1.9703102,-2.0763655,0.5623986,-3.5523152,-16731116
41,40,42,43,"null","null","null",2,4.8,3.0051725,-1.0892012,0.6459125,-2.9852285,-16731116
47,31,48,55,"null","null","null",5,12.5,0.8210852,-3.5088606,2.3745217,-1.198805,-16731116
48,47,49,54,"Coendou","null","null",4,1.4,0.5419744,-3.34449,1.8611681,-2.7339242,-16731116
49,48,50,53,"null","null","null",3,1.4,0.66192496,-2.6608229,0.7546917,-3.6840587,-16731116
50,49,51,52,"null","null","null",2,1.4,1.2662416,-2.0763655,0.4839738,-3.8140664,-16731116
