index,parent,child1,child2,name1,name2,common,richness,lengthbr,hxmax,hxmin,hymax,hymin,color
0,-268389253,1,193,"null","null","null",201,48.300003,0.34807813,-3.6401558,2.5938818,-1.3802652,-12486656
1,-268435456,2,188,"null","null","null",193,26.800001,0.5754999,-3.3774488,1.529717,-2.8080254,-12486656
2,-268435455,3,85,"null","null","null",190,26.7,0.93439436,-2.7006836,0.42327172,-3.5679345,-12486656
3,-268435454,4,40,"Bovidae","null","Bovids",138,26.5,2.4642932,-1.9093115,0.5235952,-3.4975019,-12486656
4,-268435453,5,35,"null","null","null",115,21.8,3.4392173,-0.64571226,0.658092,-2.8712282,-12486656
5,-268435452,6,18,"null","null","null",112,21.8,3.5845234,-0.4628839,2.1128776,-2.2078745,-12486656
6,-268435451,7,11,"null","null","null",103,21.8,3.058188,-0.6376129,3.2921646,-1.0032667,-12486656
7,-268435450,8,-268368896,"null","null","null",99,21.8,2.393853,-1.663125,3.6791124,-0.3955168,-12486656
8,-268435449,9,10,"null","null","null",75,21.8,1.5045863,-2.9979515,3.3117256,-0.6042881,-12486656
9,-268435448,-268369920,-268367872,"null","null","null",74,21.8,0.32388037,-3.6036725,2.6389098,-1.219028,-12486656
11,-268435450,12,17,"null","null","null",4,21.8,3.4434724,-0.9791769,0.3445289,-2.8343005,-12486656
12,-268435445,13,16,"Procapra","null","null",3,5.7,3.6822977,-0.44105422,1.6104403,-2.1905606,-12486656
13,-268435444,14,15,"null","null","null",2,5.7,3.222702,-0.6278828,2.7384892,-1.3026825,-12486656
18,-268435451,19,34,"null","null","null",9,19.699999,2.2960746,-2.010231,0.523484,-3.5713432,-16731116
19,-268435438,20,29,"null","null","null",8,19.199999,3.325274,-0.7673135,0.6527475,-2.9853234,-16731116
20,-268435437,21,26,"Kobus","null","null",5,15.599999,3.5286398,-0.44105422,2.02628,-2.3868904,-16731116
21,-268435436,22,25,"null","null","null",3,15.2,3.0229464,-0.6278828,3.2790809,-1.3026825,-12486656
22,-268435435,23,24,"null","null","null",2,10.8,2.3134422,-0.6527473,3.7626088,-0.3719896,-12486656
26,-268435436,27,28,"null","null","null",2,0.2,1.2662337,-2.0763686,0.56240034,-3.8140674,-16731116
29,-268435437,30,33,"Redunca","null","null",3,9.0,0.37080052,-2.6608276,0.88575804,-3.6840563,-16731116
30,-268435427,31,32,"null","null","null",2,6.9,1.2662337,-2.0763686,0.48397285,-3.8140674,-16731116
35,-268435452,36,39,"null","null","null",3,21.8,0.38339457,-2.5607514,0.86650705,-3.7314637,-16731116
36,-268435421,37,38,"null","null","null",2,21.8,1.4433382,-2.010231,0.50423634,-3.7908013,-16731116
40,-268435453,41,62,"","null","Cows, Bison, Ox and more",23,21.300001,0.40148264,-3.4101982,1.7338085,-2.6814768,-12486656
41,-268435416,42,59,"null","null","null",11,20.8,0.75179124,-2.7414122,0.41482198,-3.5096989,-16731116
42,-268435415,43,58,"null","null","null",9,17.0,2.2960746,-2.010231,0.50423634,-3.5025072,-16731116
43,-268435414,44,57,"null","null","null",8,17.0,3.325274,-0.9791769,0.6527475,-2.8958368,-16731116
44,-268435413,45,52,"null","null","null",7,17.0,3.5286398,-0.44105422,2.0426855,-2.2705576,-16731116
45,-268435412,46,51,"null","null","null",4,17.0,3.0229464,-0.6278828,3.300408,-1.3026825,-16731116
46,-268435411,47,50,"null","null","null",3,9.5,2.3134422,-1.0472604,3.790334,-0.3719896,-16731116
47,-268435410,48,49,"null","null","null",2,6.9,1.6001931,-2.2880492,3.5117016,-0.59051704,-16731116
52,-268435412,53,56,"null","null","null",3,8.0,1.9703023,-2.0763686,0.56240034,-3.552319,-16731116
53,-268435404,54,55,"Taurotragus","null","null",2,5.3,3.005167,-1.0892061,0.64591223,-2.9852347,-16777216
59,-268435415,60,61,"null","null","null",2,6.3,0.8210864,-3.5997522,2.3745222,-0.40725175,-12486656
62,-268435416,63,76,"null","null","null",12,18.6,1.5333223,-2.8440874,3.374335,-0.31738362,-11184866
63,-268435394,64,73,"null","null","null",7,5.6,0.29948828,-3.5088606,2.7051506,-1.1987958,-11184866
64,-268435393,65,70,"null","null","null",5,5.5,0.5419733,-3.3444946,1.9094224,-2.7339165,-11184866
65,-268435392,66,69,"null","null","null",3,3.9,0.6619247,-2.660829,0.7546987,-3.684055,-12486656
66,-268435391,67,68,"Bison","null","null",2,3.7,1.2662308,-2.0763695,0.48397252,-3.8140671,-12486656
70,-268435392,71,72,"null","null","null",2,3.2,1.6917348,-2.126794,3.5885613,-0.35959995,-3014646
73,-268435393,74,75,"null","null","null",2,4.9,2.3408225,-0.42902306,3.7190418,-0.76705396,-8572416
76,-268435394,77,84,"null","null","null",5,12.0,3.2905655,-0.28912786,3.2309718,-1.4052874,-11184866
77,-268435380,78,81,"Bubalus","null","null",4,3.2,2.6331286,-0.8562415,3.8025506,-0.34807864,-8572416
78,-268435379,79,80,"null","null","null",2,3.2,1.6917354,-2.1267936,3.5885613,-0.5755001,-8572416
81,-268435379,82,83,"null","null","null",2,3.2,3.7952094,-0.70526147,0.5537235,-2.2791781,-3014646
85,-268435454,86,175,"null","null","null",52,26.5,0.79509676,-3.603671,2.551961,-1.1974791,-12486656
86,-268435371,87,132,"Cervidae","null","Deer, Moose and more",45,17.7,0.5592977,-3.3963406,1.6207732,-2.6534677,-12486656
87,-268435370,88,117,"null","null","null",23,16.3,0.8246709,-2.7233973,0.41482198,-3.4732869,-12486656
88,-268435369,89,110,"null","null","null",15,12.9,2.390818,-1.9270691,0.50423634,-3.4551716,-12486656
89,-268435368,90,109,"null","null","null",11,12.8,3.4484403,-0.9791769,0.6527475,-2.8343005,-12486656
90,-268435367,91,108,"null","null","null",10,8.6,3.688756,-0.44105422,1.8643985,-2.1905606,-12486656
91,-268435366,92,105,"null","null","null",9,8.6,3.2310975,-0.6278828,3.0686347,-1.1514504,-12486656
92,-268435365,93,102,"null","null","null",7,8.6,2.5840387,-1.6418878,3.489029,-0.3719896,-12486656
93,-268435364,94,99,"null","null","null",5,8.6,1.5501398,-3.061065,3.1200051,-0.59051704,-12486656
94,-268435363,95,98,"null","null","null",3,8.6,0.4136026,-3.7909276,2.3745222,-0.66423035,-12486656
95,-268435362,96,97,"null","null","null",2,8.6,0.541974,-3.7111788,1.8611698,-1.7914344,-12486656
99,-268435363,100,101,"null","null","null",2,8.6,3.3284109,-0.2891283,2.5944998,-1.405283,-12486656
102,-268435364,103,104,"null","null","null",2,8.6,3.8167195,-0.6717541,0.7310606,-2.2381625,-8572416
105,-268435365,106,107,"null","null","null",2,8.6,3.005167,-1.0892061,0.33095554,-2.9852347,-11184866
110,-268435368,111,114,"Axis","null","null",4,6.8,0.4428653,-3.2755384,1.9094207,-2.472533,-11184866
111,-268435346,112,113,"null","null","null",2,6.8,0.6619248,-2.5711858,0.7546971,-3.344255,-12486656
114,-268435346,115,116,"null","null","null",2,6.8,1.6917332,-2.1267962,3.58856,-0.35959932,-8572416
117,-268435369,118,131,"null","null","null",8,13.3,0.8210864,-3.5592184,2.3745222,-1.0522709,-16731116
118,-268435339,119,130,"Muntiacus","null","null",7,5.8,0.5419736,-3.4099586,1.8611718,-2.5434332,-16731116
119,-268435338,120,127,"null","null","null",6,5.8,0.7291206,-2.745932,0.49051154,-3.4364252,-16731116
120,-268435337,121,126,"null","null","null",4,5.8,2.330564,-2.0763686,0.48397285,-3.4921465,-16731116
121,-268435336,122,125,"null","null","null",3,5.8,3.4735072,-1.0892061,0.64591223,-2.90701,-11513776
122,-268435335,123,124,"null","null","null",2,3.4,3.8167195,-0.41856924,0.7310606,-2.2381625,-11513776
127,-268435337,128,129,"null","null","null",2,5.8,0.844921,-3.524499,2.3807096,-0.39556128,-12486656
132,-268435370,133,166,"null","null","null",22,16.1,1.4333887,-2.893172,3.1200056,-0.31738362,-12486656
133,-268435324,134,165,"null","null","null",17,11.2,0.41360754,-3.5726707,2.3745224,-1.1121984,-12486656
134,-268435323,135,162,"null","null","null",16,4.0,0.5419733,-3.4274476,1.9094224,-2.6213398,-12486656
135,-268435322,136,155,"null","null","null",14,4.0,0.6619247,-2.7686677,0.5223281,-3.5377052,-12486656
136,-268435321,137,152,"null","null","null",10,4.0,2.15973,-2.21656,0.48397252,-3.623812,-12486656
137,-268435320,138,151,"Mazama","null","null",8,0.4,3.2514246,-1.089208,0.6459121,-3.0781758,-12486656
138,-268435319,139,148,"null","null","null",7,0.4,3.5280137,-0.41856888,1.9146976,-2.4606771,-12486656
139,-268435318,140,145,"null","null","null",5,0.4,3.065714,-0.6167598,3.2309737,-1.2878778,-12486656
140,-268435317,141,144,"null","null","null",3,0.2,2.340822,-0.85624886,3.8025503,-0.34807926,-11184866
141,-268435316,142,143,"null","null","null",2,0.2,1.6917316,-2.1268003,3.5885587,-0.5755006,-11513776
145,-268435317,146,147,"null","null","null",2,0.4,2.8755598,-1.197184,0.3171611,-3.108158,-12486656
148,-268435318,149,150,"null","null","null",2,0.4,1.0880151,-2.136558,0.6001831,-3.8261666,-11184866
152,-268435320,153,154,"Odocoileus","null","null",2,3.8,0.48358613,-3.7564604,1.9384036,-1.6186355,-16731116
155,-268435321,156,161,"null","null","null",4,4.0,0.84492123,-3.4762142,2.4522943,-0.816503,-11184866
156,-268435301,157,160,"null","null","null",3,3.8,0.5235956,-3.3782637,1.9384036,-2.311033,-11184866
157,-268435300,158,159,"Hippocamelus","null","null",2,2.3,0.6580921,-2.7162182,0.8675258,-3.2399771,-11184866
162,-268435322,163,164,"Pudu","null","null",2,2.6,1.6917348,-2.126794,3.5885613,-0.35959995,-11184866
166,-268435324,167,172,"null","null","null",5,15.0,3.0657148,-0.28912786,3.2309718,-1.287882,-16731116
167,-268435290,168,171,"null","null","null",3,8.2,2.3408225,-0.8562415,3.8025506,-0.34807864,-16731116
168,-268435289,169,170,"Capreolus","null","null",2,2.5,1.6917354,-2.1267936,3.5885613,-0.5755001,-16731116
172,-268435290,173,174,"Alces","null","null",2,4.7,2.8755548,-1.1971877,0.31716076,-3.1081629,-16731116
175,-268435371,176,187,"Moschidae","null","Musk Deer",7,10.9,2.313443,-1.4435937,3.4890282,-0.7370695,-11184866
176,-268435281,177,184,"null","null","null",6,6.7,1.5501456,-2.8032854,3.1200058,-0.59051657,-8572416
177,-268435280,178,183,"null","null","null",4,1.4000001,0.41360754,-3.4558187,2.3745224,-0.9977297,-8572416
178,-268435279,179,182,"null","null","null",3,1.2,0.5419733,-3.2755399,1.861173,-2.4725308,-8572416
179,-268435278,180,181,"null","null","null",2,1.2,0.6619247,-2.571188,0.7546987,-3.3442535,-8572416
184,-268435280,185,186,"null","null","null",2,3.6,3.3284163,-0.28912774,2.5944924,-1.405288,-8572416
188,-268435455,189,192,"null","null","null",3,20.2,1.5045897,-3.044881,3.0981104,-0.27500063,-16731116
189,-268435268,190,191,"Giraffidae","null","null",2,7.8,0.32387957,-3.6646843,2.3612094,-0.6619248,-16731116
193,-268435456,194,207,"Tragulidae","null","Mouse deer",8,20.3,2.2791789,-1.5568547,3.7069025,-0.7052618,-16731116
194,-268435263,195,206,"null","null","null",7,20.3,1.5045903,-2.8598032,3.3478541,-0.6042876,-16731116
195,-268435262,196,201,"Tragulus","null","null",6,12.7,0.3238794,-3.424084,2.685876,-1.177318,-12486656
196,-268435261,197,200,"null","null","null",3,9.5,0.55929744,-3.1628785,1.7788426,-2.6272595,-16731116
197,-268435260,198,199,"null","null","null",2,9.5,0.66423047,-2.4198966,0.6411383,-3.4392178,-16731116
201,-268435261,202,205,"null","null","null",3,9.5,2.3134434,-1.0472503,3.7903354,-0.73706996,-12486656
202,-268435255,203,204,"null","null","null",2,9.5,1.6001987,-2.2880404,3.5117064,-0.5905163,-16731116
