index,parent,child1,child2,name1,name2,common,richness,lengthbr,hxmax,hxmin,hymax,hymin,color
0,-268381181,1,32,"null","null","null",27,25.900002,2.9699755,-0.31716102,3.1657662,-1.0306141,-16731116
1,0,2,31,"null","null","null",16,25.900002,2.2791774,-1.6694348,3.514793,-0.39551717,-16731116
2,1,3,24,"null","null","null",15,25.900002,1.3321686,-3.0061529,3.0981092,-0.6042883,-16731116
3,2,4,23,"Glauconycteris","null","null",11,6.7,0.32388073,-3.614333,2.361209,-1.1974847,-16731116
4,3,5,20,"null","null","null",10,6.7,0.5592984,-3.4101982,1.7948565,-2.653472,-16731116
5,4,6,17,"null","null","null",8,6.7,0.8876251,-2.7414122,0.41481906,-3.473288,-16731116
6,5,7,14,"null","null","null",6,6.7,2.472656,-2.120684,0.5042372,-3.4551697,-16731116
7,6,8,11,"null","null","null",4,6.7,3.5548253,-0.72746766,0.65274775,-2.8342974,-16731116
8,7,9,10,"null","null","null",2,3.9,3.8270524,-0.44105512,0.9093949,-2.1905584,-16731116
11,7,12,13,"null","null","null",2,6.7,0.37080103,-2.571182,0.8857573,-3.3442578,-11513776
14,6,15,16,"null","null","null",2,3.9,0.44286364,-3.711179,1.8611686,-1.7914356,-16731116
17,5,18,19,"null","null","null",2,6.7,0.82108533,-3.5997553,2.3745222,-0.4072522,-16731116
20,4,21,22,"null","null","null",2,6.7,1.6001918,-2.2880516,3.5117006,-0.3173819,-16731116
24,2,25,28,"Laephotis","null","null",4,10.3,3.0229454,-0.30320042,3.2790823,-1.1514481,-16731116
25,24,26,27,"null","null","null",2,10.3,2.3134418,-0.6527472,3.7626092,-0.37198997,-16731116
28,24,29,30,"null","null","null",2,10.3,3.005169,-1.0892045,0.33095574,-2.9852326,-16731116
32,0,33,50,"null","null","null",11,25.900002,3.325275,-0.91696286,0.34452912,-2.895835,-16731116
33,32,34,45,"Vespadelus","null","null",9,10.4,3.5286393,-0.44105458,1.864401,-2.270556,-16731116
34,33,35,44,"null","null","null",6,10.4,3.0229454,-0.62788296,3.0686367,-1.3026809,-16731116
35,34,36,43,"null","null","null",5,10.4,2.3134418,-1.52877,3.4890296,-0.37198997,-16731116
36,35,37,40,"null","null","null",4,8.7,1.5501379,-2.9140103,3.1200051,-0.5905173,-16731116
37,36,38,39,"null","null","null",2,8.7,0.4136008,-3.5997553,2.3745222,-0.66423035,-16731116
40,36,41,42,"null","null","null",2,8.7,3.3284092,-0.28912854,2.5945022,-1.4052815,-16731116
45,33,46,49,"null","null","null",3,10.4,1.970305,-2.0763676,0.56239974,-3.5523176,-16731116
46,45,47,48,"null","null","null",2,10.4,3.005169,-1.0892045,0.64591235,-2.9852326,-16731116
50,32,51,52,"Tylonycteris","null","null",2,5.2,0.37080073,-2.5711837,0.8857578,-3.3442564,-16731116
