index    parent   name         common       hxmax      hxmin      hymax      hymin     
0        -1       null         null         3.058188   -0.6376129  3.2921646  -1.0032667 
1        0        null         null         2.393853   -1.663125  3.6791124  -0.3955168 
2        1        null         null         1.5045863  -2.9979515  3.3117256  -0.6042881 
3        2        null         null         0.32388037  -3.6036725  2.6389098  -1.219028 
4        3        null         null         0.55929816  -3.3963406  1.7948582  -2.6814795 
5        4        null         null         0.82467246  -2.7233973  0.51715195  -3.5096993 
6        5        null         null         2.3908195  -2.0102303  0.5042366  -3.5025067 
7        6        null         null         3.448441   -0.7619729  0.6527476  -2.895836 
8        7        null         null         3.688756   -0.44105446  1.9931562  -2.2705572 
9        8        null         null         3.231097   -0.6278829  3.2360191  -1.1927564 
10       9        null         null         2.5840385  -1.5047842  3.7066276  -0.37198985 
11       10       null         null         1.6001925  -2.8828292  3.4028826  -0.59051716 
12       11       null         null         0.29948932  -3.5592203  2.7422628  -1.1988037 
13       12       null         null         0.5419742  -3.4099584  1.7061977  -2.733923 
14       13       null         null         0.6619249  -2.7459316  0.49050862  -3.6840582 
15       14       null         null         1.26624    -2.076366  0.48397362  -3.8140664 
18       14       null         null         0.84492016  -3.5245008  2.3807092  -0.3955617 
21       13       Hemitragus   null         1.6917307  -2.7746193  3.1313148  -0.3595978 
22       21       null         null         0.52728534  -3.5245008  2.3807092  -0.665    
26       12       null         null         2.3408213  -0.8562506  3.8025498  -0.76705253 
27       26       null         null         1.6917307  -2.1268017  3.5885577  -0.5755007 
32       10       Pseudois     null         3.81672    -0.67175376  0.73105973  -2.2381623 
35       9        null         null         3.2514253  -1.0892072  0.33095568  -3.078175 
36       35       Ovis         null         3.5280132  -0.41856912  1.8652868  -2.4606767 
37       36       null         null         3.065713   -0.61675996  3.1667385  -1.4052837 
38       37       null         null         2.3408213  -0.6580919  3.7190437  -0.3480795 
42       36       null         null         1.0880142  -2.136558  0.6001827  -3.8261666 
46       8        null         null         1.9703012  -2.076369  0.5624     -3.5523193 
47       46       Rupicapra    null         3.005166   -1.0892072  0.64591223  -2.9852352 
51       7        null         null         0.5977107  -2.6488132  0.8857578  -3.4364245 
52       51       null         null         2.1597314  -2.0607495  0.48397276  -3.4921463 
53       52       null         null         3.2514253  -0.87069386  0.64591223  -2.90701  
54       53       null         null         3.5280132  -0.41856912  1.9146991  -2.2381623 
55       54       null         null         3.065713   -0.61675996  3.2309742  -1.4052837 
56       55       null         null         2.3408213  -0.8562506  3.8025498  -0.3480795 
57       56       null         null         1.6917307  -2.1268017  3.5885577  -0.5755007 
63       53       null         null         0.35782835  -2.716219  0.90259886  -3.239977 
66       52       null         null         0.48358572  -3.4058893  1.9384029  -2.6072805 
67       66       null         null         0.65809214  -2.7521315  0.8675264  -3.6250978 
68       67       null         null         1.0880142  -2.136558  0.46288425  -3.8261666 
75       5        null         null         0.82108617  -3.5592191  2.6047664  -1.0522718 
76       75       null         null         0.54197377  -3.4099588  1.7061999  -2.5434334 
77       76       null         null         0.72912025  -2.745932  0.49051207  -3.4364245 
78       77       null         null         2.3305638  -2.076369  0.48397276  -3.4921463 
79       78       Damaliscus   null         3.4735074  -1.0892072  0.64591223  -2.90701  
80       79       null         null         3.81672    -0.41856912  0.73105973  -2.2381623 
85       77       Connochaetes  null         0.8449211  -3.5244987  2.3807101  -0.39556122 
88       76       Alcelaphus   null         1.6917316  -2.774618  3.1313152  -0.35959888 
89       88       null         null         0.5272858  -3.5244997  2.38071    -0.665    
93       75       null         null         2.6331272  -1.3259987  3.4931805  -0.76705325 
94       93       null         null         1.6917316  -2.737475  3.186378   -0.5755006 
95       94       Oryx         null         0.5272858  -3.476214  2.4522915  -0.8165077 
96       95       null         null         0.52359605  -3.3782613  1.9384017  -2.3110373 
97       96       null         null         0.6580922  -2.7162147  0.8675231  -3.23998  
103      93       Hippotragus  null         3.7952104  -0.70526034  0.55373156  -2.279177 
106      4        null         null         1.6001931  -2.2880492  3.5117016  -0.3173825 
109      3        null         null         2.3134422  -1.4707772  3.6846666  -0.73706865 
110      109      null         null         1.5501398  -2.8386211  3.374334   -0.59051704 
111      110      null         null         0.29948908  -3.5017507  2.7051497  -1.1122038 
112      111      null         null         0.541974   -3.335249  1.8611698  -2.621344 
113      112      null         null         0.66192484  -2.6488094  0.7546941  -3.5377066 
114      113                   Gazelles     2.1597354  -2.0607467  0.48397338  -3.6238103 
115      114      Gazella      null         3.2514277  -0.8866515  0.6459124  -3.0781724 
116      115      null         null         3.5280137  -0.4185698  1.8652921  -2.4606745 
117      116      null         null         3.065712   -0.6167603  3.1667423  -1.4052806 
118      117      null         null         2.3408208  -0.6580918  3.7190452  -0.34808022 
122      116      null         null         1.0880196  -2.1365566  0.6001816  -3.8261666 
125      115      null         null         0.35782874  -2.752129  0.90259826  -3.4687877 
126      125      null         null         1.7924187  -2.1365566  0.4628849  -3.622961 
127      126      null         null         2.8755634  -1.1971815  0.6376133  -3.1081553 
132      114      null         null         0.48358452  -3.405888  2.0181682  -2.6072845 
133      132      Nanger       null         0.65809226  -2.752129  0.8675231  -3.6250997 
134      133      null         null         1.0880196  -2.1365566  0.4628849  -3.8261666 
138      132      Eudorcas     null         1.7788361  -1.9610482  3.6551366  -0.40148008 
143      111      null         null         2.3408217  -0.42902347  3.7190442  -0.76705277 
146      110      Saiga        null         3.3284109  -0.2891283  2.5944998  -1.405283 
151      1        null         null         3.5286398  -0.6366827  1.8643985  -2.1905606 
152      151      null         null         3.0229464  -0.6278828  3.0686347  -1.1166838 
153      152      null         null         2.3134422  -1.4707772  3.489029   -0.3719896 
154      153                   Duikers      1.5501398  -2.8386211  3.1200051  -0.59051704 
155      154      null         null         0.4136026  -3.5017507  2.3745222  -1.0522747 
156      155      Cephalophus  null         0.541974   -3.335249  1.8611698  -2.543436 
157      156      null         null         0.66192484  -2.6488094  0.7546941  -3.4364262 
158      157      null         null         2.1597354  -2.0607467  0.48397338  -3.4921455 
159      158      null         null         3.2514277  -0.8866515  0.6459124  -2.9070082 
160      159      null         null         3.5280137  -0.4185698  1.8652921  -2.238161 
161      160      null         null         3.065712   -0.6167603  3.1667423  -1.4052806 
162      161      null         null         2.3408208  -0.6580918  3.7190452  -0.34808022 
167      159      null         null         0.35782874  -2.752129  0.90259826  -3.6250997 
168      167      null         null         1.0880196  -2.1365566  0.4628849  -3.8261666 
172      158      null         null         0.48358452  -3.405888  2.0181682  -2.4870446 
173      172      null         null         0.65809226  -2.752129  0.8675231  -3.4687877 
174      173      null         null         1.7924187  -2.1365566  0.4628849  -3.622961 
175      174      null         null         2.8755634  -1.1971815  0.6376133  -3.1081553 
180      172      null         null         1.7788361  -1.9610482  3.6551366  -0.40148008 
186      154      Philantomba  null         3.3284109  -0.2891283  2.5944998  -1.405283 
190      152      null         null         3.4068682  -1.0892061  0.33095554  -2.90701  
191      190      Raphicerus   null         3.7300887  -0.41856924  1.4251035  -2.2381625 
192      191      null         null         3.3284109  -0.61676   2.5944998  -1.405283 
198      0        null         null         3.4434724  -0.9791769  0.3445289  -2.8343005 
199      198      Procapra     null         3.6822977  -0.44105422  1.6104403  -2.1905606 
200      199      null         null         3.222702   -0.6278828  2.7384892  -1.3026825 
