index,parent,child1,child2,name1,name2,common,richness,lengthbr,hxmax,hxmin,hymax,hymin,color
0,-268435448,1,161,"HYSTRICOMORPHA","null","Degus, Porcupines, Chinchillas and more",237,48.100002,0.73706913,-3.6572638,2.4557261,-1.5125327,-16731116
1,0,2,148,"null","null","null",229,47.0,0.5905168,-3.3387113,1.5333202,-2.8929048,-16731116
2,1,3,146,"null","null","null",222,45.5,1.0751538,-2.6588402,0.2994887,-3.572321,-16731116
3,2,4,138,"null","null","null",171,45.3,2.5731802,-1.8248634,0.5419737,-3.4269915,-16731116
4,3,5,123,"null","null","null",138,45.3,3.4750953,-0.6447732,0.66192484,-2.7680745,-16731116
5,4,6,110,"null","null","null",130,45.3,3.542417,-0.4839731,2.1597333,-2.105153,-16731116
6,5,7,87,"null","null","null",123,45.3,2.972362,-0.64591235,3.2514265,-0.88665277,-16731116
7,6,8,36,"null","null","null",111,45.3,2.3231204,-1.8495896,3.5280137,-0.41856945,-16731116
8,7,-268408832,9,"null","null","null",85,21.8,1.2264603,-3.1463308,3.065713,-0.61676013,-16731116
9,8,10,35,"Capromyidae","null","Hutias",14,19.7,2.9699736,-0.31716147,3.313544,-1.1971812,-11184866
10,9,11,34,"null","null","null",13,19.7,2.279176,-1.5568638,3.706901,-0.3955179,-11184866
11,10,12,27,"null","null","null",12,18.0,1.3321655,-2.859808,3.3478484,-0.6042887,-11184866
12,11,13,20,"null","null","null",8,14.4,0.32388148,-3.4240808,2.6858704,-1.1773334,-11184866
13,12,14,17,"null","null","null",4,8.9,0.5592989,-3.1628685,1.7948527,-2.6272726,-8572416
14,13,15,16,"null","null","null",2,8.9,0.6642305,-2.4198837,0.6411284,-3.4392254,-11184866
17,13,18,19,"null","null","null",2,8.9,1.600189,-2.2880564,3.5116978,-0.3173806,-3014646
20,12,21,24,"null","null","null",4,8.9,2.5840364,-1.0472691,3.7903333,-0.7370672,-12486656
21,20,22,23,"Geocapromys","null","null",2,3.4,1.600189,-2.2880564,3.5116978,-0.5905177,-11184866
24,20,25,26,"Capromys","null","null",2,3.4,3.8167205,-0.6717526,0.73106873,-2.2381606,-16731116
27,11,28,33,"null","null","null",4,9.6,3.022944,-0.30320084,3.300411,-1.3026779,-8572416
28,27,29,32,"null","null","null",3,9.6,2.3134408,-1.0472691,3.7903333,-0.37199068,-8572416
29,28,30,31,"null","null","null",2,9.6,1.600189,-2.2880564,3.5116978,-0.5905177,-8572416
36,7,37,64,"null","null","null",26,45.300003,3.5166674,-0.6001822,2.129327,-2.1702433,-16731116
37,36,38,63,"Bathyergidae","null","Mole Rats",14,32.9,2.9699736,-0.6376133,3.313544,-1.1971812,-16731116
38,37,39,62,"null","null","null",13,23.7,2.279176,-1.6061828,3.706901,-0.3955179,-16731116
39,38,40,57,"null","null","null",12,16.1,1.3321655,-2.9239225,3.3478484,-0.6042887,-16731116
40,39,41,52,"Cryptomys","null","null",9,12.8,0.32388148,-3.5074303,2.6858704,-1.3502572,-16731116
41,40,42,47,"null","null","null",6,12.8,0.5592989,-3.2712228,1.6207671,-2.8520734,-16731116
42,41,43,46,"null","null","null",3,12.8,0.6642305,-2.5607443,0.6411284,-3.7314665,-16731116
43,42,44,45,"null","null","null",2,12.8,1.4433506,-2.010226,0.5042378,-3.7907991,-16731116
47,41,48,51,"null","null","null",3,8.6,1.600189,-2.9140143,3.1200047,-0.3173806,-16731116
48,47,49,50,"null","null","null",2,8.6,0.4135974,-3.5997574,2.374522,-0.66423035,-16731116
52,40,53,56,"null","null","null",3,12.8,2.3134408,-1.0472691,3.7903333,-0.7370672,-16731116
53,52,54,55,"null","null","null",2,12.8,1.600189,-2.2880564,3.5116978,-0.5905177,-16731116
57,39,58,61,"null","null","null",3,13.2,3.022944,-0.30320084,3.2790856,-1.3026779,-16731116
58,57,59,60,"Bathyergus","null","null",2,3.8,2.3134408,-0.65274704,3.7626104,-0.37199068,-16731116
64,36,65,86,"","null","Guinea Pigs and Cavys",12,35.6,2.2960806,-2.010228,0.5234822,-3.48668,-16731116
65,64,66,85,"null","null","null",11,15.3,3.3252769,-0.9791716,0.65274775,-2.8752604,-16731116
66,65,67,78,"null","null","null",10,15.3,3.528639,-0.44105524,2.0426912,-2.2438107,-16731116
67,66,68,73,"null","null","null",6,15.3,3.022944,-0.6278832,3.300411,-1.116679,-16731116
68,67,69,72,"Microcavia","null","null",3,10.4,2.3134408,-1.0472691,3.7903333,-0.37199068,-16731116
69,68,70,71,"null","null","null",2,10.4,1.600189,-2.2880564,3.5116978,-0.5905177,-16731116
73,67,74,77,"null","null","null",3,15.3,3.4735112,-1.0892012,0.33095616,-2.9070072,-16731116
74,73,75,76,"null","null","null",2,15.3,3.8167205,-0.41857028,0.73106873,-2.2381606,-16731116
78,66,79,84,"null","null","null",4,15.3,2.3305707,-2.0763655,0.5623986,-3.492145,-16731116
79,78,80,83,"Galea","null","null",3,3.8,3.4735112,-1.0892012,0.6459125,-2.9070072,-16731116
80,79,81,82,"null","null","null",2,3.8,3.8167205,-0.41857028,0.73106873,-2.2381606,-16731116
87,6,88,109,"null","null","null",12,45.300003,3.4703033,-0.9025985,0.44187915,-2.752129,-16731116
88,87,89,108,"Hystricidae","null","Old World Porcupines",11,18.1,3.6249313,-0.4628849,2.0156538,-2.1365566,-16731116
89,88,90,105,"null","null","null",10,18.1,3.1107163,-0.6376133,3.1657689,-1.0122011,-16731116
90,89,91,100,"Hystrix","null","null",8,12.8,2.4621415,-1.5568638,3.5147934,-0.3955179,-16731116
91,90,92,99,"null","null","null",5,12.8,1.5045818,-2.859808,3.0981085,-0.6042887,-16731116
92,91,93,98,"null","null","null",4,12.8,0.32388148,-3.4240808,2.3612084,-1.1773334,-16731116
93,92,94,97,"null","null","null",3,12.8,0.5592989,-3.1628685,1.7788353,-2.6272726,-16731116
94,93,95,96,"null","null","null",2,12.8,0.6642305,-2.4198837,0.6411284,-3.4392254,-16731116
100,90,101,104,"null","null","null",3,12.8,3.6822953,-0.6366811,1.6104487,-2.1905582,-16731116
101,100,102,103,"null","null","null",2,12.8,3.222697,-0.6278832,2.7384958,-1.3026779,-12486656
105,89,106,107,"Atherurus","null","null",2,16.1,3.1268032,-0.9791716,0.34452954,-2.8544111,-16731116
110,5,111,122,"","null","Chinchillas, Viscachas and more",7,45.3,2.4241476,-1.9384017,0.48358512,-3.5057995,-11184866
111,110,112,121,"Chinchillidae","null","null",6,15.9,3.3870234,-0.8675231,0.6580922,-2.8820143,-12486656
112,111,113,118,"null","null","null",5,14.1,3.5166674,-0.4628849,2.1815815,-2.3054075,-11184866
113,112,114,117,"Lagidium","null","null",3,9.6,2.9699736,-0.6376133,3.381475,-1.1971812,-16731116
114,113,115,116,"null","null","null",2,9.6,2.279176,-0.64591163,3.795211,-0.3955179,-16731116
118,112,119,120,"Chinchilla","null","Chinchillas",2,6.1,1.443346,-2.010228,0.5234822,-3.7907999,-3014646
123,4,124,135,"null","null","null",8,45.3,0.9518968,-2.7278001,0.84492064,-3.5743203,-16731116
124,123,125,134,"","most","Chinchilla Rats",6,45.3,2.4870431,-1.9384017,0.52359605,-3.5057995,-16731116
125,124,126,133,"null","null","null",5,14.3,3.4687877,-0.8675231,0.6580922,-2.8820143,-16731116
126,125,127,130,"null","null","null",4,14.3,3.622961,-0.4628849,1.7924187,-2.3054075,-16731116
127,126,128,129,"null","null","null",2,14.3,3.1081553,-0.6376133,2.8755634,-1.1971812,-16731116
130,126,131,132,"null","null","null",2,14.3,1.443346,-2.010228,0.5234822,-3.7907999,-11513776
135,123,136,137,"","null","Capybaras",2,6.1,0.79509544,-3.664688,2.3612084,-0.4184208,-16731116
138,3,139,143,"","null","Agoutis, Porcupines and more",33,45.3,0.3595989,-3.3983078,1.674941,-2.8129413,-16731116
139,138,-268409856,140,"null","null","null",31,45.3,0.9701214,-2.7278001,0.33848965,-3.5743203,-16731116
140,139,141,142,"Cuniculidae","null","null",2,5.0,0.79509544,-3.664688,2.3612084,-0.4184208,-16731116
143,138,144,145,"Dolichotis","null","null",2,23.9,1.5045854,-2.4441533,3.4248726,-0.27500045,-16731116
146,2,-268410880,147,"Ctenomyidae","null","Tuco-tuco",51,9.6,0.76705325,-3.614847,2.3408217,-1.3802726,-12486656
148,1,149,158,"","null","Rock Rats, Viscacha Rats and more",7,47.0,1.2878788,-2.9604154,3.2905638,-0.2891281,-16731116
149,148,150,155,"null","null","null",5,47.0,0.34807923,-3.4508245,2.6331272,-1.3545699,-16731116
150,149,151,154,"Aconaemys","null","null",3,8.0,0.5755006,-3.1313152,1.6917318,-2.774618,-16731116
151,150,152,153,"null","null","null",2,6.0,0.665,-2.38071,0.5272858,-3.5244997,-16731116
155,149,156,157,"null","null","null",2,20.0,2.2791772,-0.5537294,3.7952104,-0.7052604,-16731116
158,148,159,160,"null","null","null",2,40.8,3.10816,-0.3171611,2.8755584,-1.1971848,-16731116
161,0,162,171,"","some","Gundis and Degus",8,47.9,2.3703659,-1.706574,3.5280137,-0.6717546,-16731116
162,161,163,170,"CTENODACTYLOMORPHI","null","Gundis",5,20.2,1.4052863,-2.9604137,3.0657144,-0.6167597,-16731116
163,162,164,169,"null","null","null",4,9.4,0.34807888,-3.4508238,2.3408222,-1.3545673,-16731116
164,163,165,168,"null","null","null",3,9.4,0.57550037,-3.1313152,1.691733,-2.7746155,-16731116
165,164,166,167,"Ctenodactylus","null","null",2,4.7,0.665,-2.3807101,0.52728754,-3.5244987,-16731116
171,161,172,175,"Octodon","some","Degus",3,4.2,3.6229649,-0.60018337,1.79241,-2.1365588,-12486656
172,171,173,174,"null","null","null",2,4.2,3.1081617,-0.63761294,2.8755562,-1.1971865,-12486656
