index,parent,child1,child2,name1,name2,common,richness,lengthbr,hxmax,hxmin,hymax,hymin,color
0,-268435444,1,96,"null","null","null",231,48.0,3.4750953,-0.8857578,0.66586816,-2.7378979,-16731116
1,0,2,95,"null","null","null",155,48.0,3.542417,-0.4839731,2.2483351,-2.0763679,-16731116
2,1,3,84,"null","null","null",154,48.0,2.972362,-0.64591235,3.3666086,-0.9395854,-16731116
3,2,4,71,"","null","Voles, Lemmings and Muskrats",148,19.6,2.3231204,-1.8036346,3.6777506,-0.41856945,-16731116
4,3,5,63,"null","null","null",141,19.6,1.2264603,-3.0865893,3.260371,-0.61676013,-16731116
5,4,6,14,"null","null","null",103,19.6,0.34807986,-3.6148481,2.593877,-1.3438773,-16731116
6,5,-268414976,7,"null","null","null",78,19.6,0.57550097,-3.3445444,1.5297103,-2.7607152,-16731116
7,6,8,13,"null","null","null",4,9.4,1.5045818,-3.1510901,3.0981085,-0.2750008,-16731116
8,7,9,12,"null","null","null",3,9.4,0.32388148,-3.8027482,2.3612084,-0.6648546,-16731116
9,8,10,11,"null","null","null",2,9.4,0.5592989,-3.6551359,1.7788353,-1.9610502,-16731116
14,5,15,48,"null","null","null",25,19.6,2.3938498,-1.6061828,3.706901,-0.70525956,-16731116
15,14,16,43,"","some","Muskrat and Voles",17,19.6,1.3321655,-2.9239225,3.3478484,-0.6042887,-16731116
16,15,17,38,"null","null","null",14,19.6,0.32388148,-3.5074303,2.6858704,-1.1974893,-16731116
17,16,18,29,"null","null","null",11,19.6,0.5592989,-3.2712228,1.6207671,-2.6534753,-16731116
18,17,19,28,"","null","Mole Voles",6,12.099999,0.82174075,-2.5607443,0.6411284,-3.473289,-16731116
19,18,20,27,"Ellobius","null","null",5,10.7,2.3870044,-2.010226,0.5042378,-3.4551682,-16731116
20,19,21,26,"null","null","null",4,10.7,3.443475,-0.9791694,0.6527479,-2.8342948,-16731116
21,20,22,25,"null","null","null",3,10.7,3.6822941,-0.4410558,1.6104531,-2.1905565,-16731116
22,21,23,24,"null","null","null",2,10.7,3.2226942,-0.6278835,2.7384992,-1.3026755,-16731116
29,17,30,35,"null","null","null",5,4.5,1.550134,-3.0610695,3.1200047,-0.3173806,-16731116
30,29,31,34,"Arborimus","null","null",3,2.0,0.4135974,-3.790929,2.374522,-0.66423035,-16731116
31,30,32,33,"null","null","null",2,2.0,0.54197484,-3.7111773,1.8611662,-1.7914411,-16731116
35,29,36,37,"Phenacomys","null","null",2,3.5,3.328406,-0.28912896,2.5945067,-1.4052784,-16731116
38,16,39,42,"Lasiopodomys","null","null",3,7.5,2.3134408,-1.0472691,3.7903333,-0.7370672,-16731116
39,38,40,41,"null","null","null",2,7.5,1.600189,-2.2880564,3.5116978,-0.5905177,-16731116
43,15,44,47,"null","null","null",3,19.6,3.022944,-0.30320084,3.2790856,-1.3026779,-16731116
44,43,45,46,"Blanfordimys","null","null",2,4.7,2.3134408,-0.65274704,3.7626104,-0.37199068,-16731116
48,14,49,60,"","some","Lemmings",8,13.1,3.528639,-0.6366811,1.8644058,-2.3868866,-16731116
49,48,50,59,"null","null","null",6,12.400001,3.022944,-0.6278832,3.0686398,-1.3026779,-16731116
50,49,51,58,"Lemmus","null","null",5,9.1,2.3134408,-1.6418946,3.4890308,-0.37199068,-16731116
51,50,52,57,"null","null","null",4,9.1,1.600189,-3.0610695,3.1200047,-0.5905177,-16731116
52,51,53,56,"null","null","null",3,6.4,0.4135974,-3.790929,2.374522,-0.66423035,-16731116
53,52,54,55,"null","null","null",2,6.4,0.54197484,-3.7111773,1.8611662,-1.7914411,-16731116
60,48,61,62,"Synaptomys","null","null",2,4.3,1.2662416,-2.0763655,0.5623986,-3.8140664,-16731116
63,4,64,70,"","some","Voles",38,19.6,2.9699736,-0.31716147,3.2921684,-1.1971812,-16731116
64,63,65,69,"null","null","null",37,19.300001,2.279176,-1.6991885,3.6791127,-0.3955179,-16731116
65,64,-268417024,66,"null","null","null",36,17.7,1.4209446,-3.0448298,3.3117235,-0.6042887,-16731116
66,65,67,68,"Hyperacrius","null","null",2,3.6,3.222697,-0.30320084,2.7384958,-1.3026779,-12486656
71,3,72,83,"null","null","null",7,19.6,3.5166674,-0.6001822,2.1643844,-2.1365566,-16731116
72,71,73,78,"null","null","null",6,19.6,2.9699736,-0.6376133,3.3591185,-1.0032616,-16731116
73,72,74,77,"null","null","null",3,7.5,2.279176,-1.237134,3.7661476,-0.3955179,-16731116
74,73,75,76,"Eolagurus","null","null",2,4.3,1.5045818,-2.444159,3.4248688,-0.6042887,-16731116
78,72,79,82,"Arvicola","some","Water Voles",3,7.5,3.554825,-0.9791716,0.34452954,-2.834297,-16731116
79,78,80,81,"null","null","null",2,4.3,3.8270519,-0.44105524,0.9093958,-2.1905582,-16731116
84,2,85,90,"","null","Zokors",6,11.3,3.4687877,-0.9025985,0.35782853,-2.8712275,-16731116
85,84,86,89,"Eospalax","null","null",3,11.3,3.622961,-0.4628849,1.7924187,-2.1365566,-16731116
86,85,87,88,"null","null","null",2,11.3,3.1081553,-0.6376133,2.8755634,-1.1971812,-16731116
90,84,91,94,"Myospalax","null","null",3,11.3,0.38339514,-2.560747,0.8665061,-3.7314653,-16731116
91,90,92,93,"null","null","null",2,11.3,1.443346,-2.010228,0.50423723,-3.7907999,-16731116
96,0,-268416000,97,"null","null","null",76,48.0,0.9701214,-2.6885962,0.84492064,-3.5064235,-16731116
97,96,98,153,"null","null","null",39,48.0,0.79509544,-3.5764797,2.551959,-1.2503628,-16731116
98,97,99,130,"null","null","null",28,48.0,0.55929846,-3.3609884,1.7464929,-2.7222128,-16731116
99,98,100,123,"null","null","null",16,14.3,0.75179815,-2.6774395,0.41481847,-3.5626504,-16731116
100,99,101,114,"Tachyoryctes","some","Mole Rats",12,14.2,2.2960806,-1.9577107,0.50423723,-3.5713403,-12486656
101,100,102,111,"null","null","null",7,14.2,3.3252769,-0.72746617,0.65274775,-2.9853187,-12486656
102,101,103,108,"null","null","null",5,14.2,3.528639,-0.44105524,2.026287,-2.3868866,-12486656
103,102,104,107,"null","null","null",3,14.2,3.022944,-0.6278832,3.2790856,-1.3026779,-12486656
104,103,105,106,"null","null","null",2,4.5,2.3134408,-0.65274704,3.7626104,-0.37199068,-16731116
108,102,109,110,"null","null","null",2,14.2,1.2662416,-2.0763655,0.5623986,-3.8140664,-16777216
111,101,112,113,"null","null","null",2,14.2,0.3708011,-2.5711792,0.8857572,-3.3442597,-16777216
114,100,115,120,"null","null","null",5,14.2,0.44286343,-3.34449,1.9094157,-2.7339242,-16777216
115,114,116,119,"null","null","null",3,14.2,0.66192496,-2.6608229,0.7546917,-3.6840587,-16777216
116,115,117,118,"null","null","null",2,14.2,1.2662416,-2.0763655,0.4839738,-3.8140664,-16777216
120,114,121,122,"null","null","null",2,14.2,1.6917292,-2.1268039,3.588557,-0.3595974,-16777216
123,99,124,129,"","some","Bamboo Rats",4,9.3,0.8210852,-3.4558172,2.3745217,-0.9977406,-16731116
124,123,125,128,"Rhizomys","null","null",3,6.0,0.5419744,-3.2755337,1.8611681,-2.4725404,-16731116
125,124,126,127,"null","null","null",2,6.0,0.66192496,-2.5711792,0.7546917,-3.3442597,-16731116
130,98,131,142,"Dendromus","some","Climbing Mice",12,22.5,1.5333176,-2.8032885,3.402883,-0.31738168,-16731116
131,130,132,137,"null","null","null",6,22.5,0.29948938,-3.4558172,2.7422633,-0.99773777,-12486656
132,131,133,136,"null","null","null",3,22.5,0.5419741,-3.275535,1.8611695,-2.4725378,-16731116
133,132,134,135,"null","null","null",2,22.5,0.6619249,-2.5711813,0.7546936,-3.344258,-12486656
137,131,138,141,"null","null","null",3,22.5,2.3408215,-0.85625,3.8025503,-0.76705265,-3014646
138,137,139,140,"null","null","null",2,22.5,1.6917312,-2.1268008,3.5885582,-0.5755008,-16777216
142,130,143,150,"null","null","null",6,22.5,3.290563,-0.28912848,3.2309754,-1.287876,-16731116
143,142,144,147,"null","null","null",4,22.5,2.6331265,-0.85625,3.8025503,-0.34807974,-16731116
144,143,145,146,"null","null","null",2,22.5,1.6917312,-2.1268008,3.5885582,-0.5755008,-16731116
147,143,148,149,"null","null","null",2,6.1,3.7952104,-0.7052599,0.5537316,-2.2791767,-16731116
150,142,151,152,"null","null","null",2,22.5,2.8755608,-1.1971828,0.31716138,-3.1081576,-16731116
153,97,154,173,"null","null","null",11,48.0,2.3134415,-1.512742,3.4890294,-0.73706806,-16731116
154,153,155,172,"null","null","null",10,48.0,1.600193,-2.8931742,3.1200051,-0.59051716,-16731116
155,154,156,171,"null","null","null",9,19.9,0.4136024,-3.5726695,2.374522,-1.0522753,-16731116
156,155,157,168,"Steatomys","null","Fat Mice",8,18.2,0.5419741,-3.427443,1.9094175,-2.5434365,-16731116
157,156,158,167,"null","null","null",6,18.2,0.72912574,-2.768662,0.7546936,-3.4364264,-16731116
158,157,159,164,"null","null","null",5,18.2,2.3305688,-2.2165554,0.4839735,-3.4921455,-16731116
159,158,160,163,"null","null","null",3,9.1,3.4735103,-1.0892029,0.6459124,-2.9070082,-16731116
160,159,161,162,"null","null","null",2,9.1,3.8167205,-0.41856992,0.731066,-2.238161,-16731116
164,158,165,166,"null","null","null",2,18.2,0.48358428,-3.7564583,1.9384001,-1.6186436,-16731116
168,156,169,170,"null","null","null",2,18.2,1.6917305,-2.1268015,3.5885582,-0.35959804,-16731116
