index,parent,child1,child2,name1,name2,common,richness,lengthbr,hxmax,hxmin,hymax,hymin,color
0,-268424184,1,26,"null","null","null",24,11.7,2.390827,-1.986806,0.5042378,-3.4866786,-12486656
1,0,2,25,"null","null","null",13,11.7,3.4484446,-0.9791694,0.6527479,-2.875258,-16731116
2,1,3,16,"null","null","null",12,11.7,3.6887546,-0.4410558,2.042694,-2.2438087,-16731116
3,2,4,11,"null","null","null",7,11.7,3.2310927,-0.6278835,3.3004124,-1.1166763,-12486656
4,3,5,8,"null","null","null",4,11.7,2.584035,-1.0472739,3.7903328,-0.37199128,-12486656
5,4,6,7,"null","null","null",2,11.7,1.6001867,-2.2880604,3.5116959,-0.59051806,-11184866
8,4,9,10,"null","null","null",2,11.7,3.8167205,-0.67175174,0.73107064,-2.2381597,-16731116
11,3,12,15,"null","null","null",3,11.7,3.4735122,-1.0892006,0.33095652,-2.9070063,-12486656
12,11,13,14,"null","null","null",2,11.7,3.8167205,-0.41857052,0.73107064,-2.2381597,-16731116
16,2,17,24,"null","null","null",5,11.7,2.3305721,-2.076365,0.5623976,-3.4921446,-16731116
17,16,18,21,"null","null","null",4,11.7,3.4735122,-0.8706852,0.64591265,-2.9070063,-16731116
18,17,19,20,"null","null","null",2,11.7,3.8167205,-0.41857052,0.73107064,-2.2381597,-16731116
21,17,22,23,"null","null","null",2,11.7,0.35782912,-2.7162104,0.9025978,-3.239983,-16731116
26,0,27,42,"null","null","null",11,11.7,0.4428624,-3.409959,1.7061949,-2.5434406,-12486656
27,26,28,39,"null","null","null",8,11.7,0.72912955,-2.745932,0.49050736,-3.4364274,-12486656
28,27,29,34,"null","null","null",6,11.7,2.3305721,-2.0484648,0.483974,-3.4921446,-12486656
29,28,30,33,"null","null","null",3,11.7,3.4735122,-1.0892006,0.64591265,-2.9070063,-11184866
30,29,31,32,"null","null","null",2,11.7,3.8167205,-0.41857052,0.73107064,-2.2381597,-8572416
34,28,35,38,"null","null","null",3,11.7,0.48358327,-3.3782585,1.9383984,-2.3110435,-12486656
35,34,36,37,"null","null","null",2,11.7,0.65809244,-2.7162104,0.8675197,-3.239983,-11184866
39,27,40,41,"null","null","null",2,11.7,0.8449197,-3.5245035,2.3807096,-0.39556193,-16731116
42,26,43,46,"null","null","null",3,11.7,1.6917262,-2.7746265,3.1313148,-0.35959634,-12486656
43,42,44,45,"null","null","null",2,2.8,0.5272789,-3.524505,2.3807096,-0.665,-16731116
