index    parent   name         common       hxmax      hxmin      hymax      hymin     
0        -1       null         null         1.265665   -2.9929833  3.2332811  -0.61676013 
1        0        null         null         0.34807986  -3.49316   2.5586603  -1.3577828 
2        1        null         null         0.57550097  -3.1863499  1.6917293  -2.7787926 
3        2        null         null         0.9035172  -2.4522552  0.5272846  -3.5299244 
4        3        null         null         2.4241488  -1.9383552  0.5235962  -3.4480844 
5        4        null         null         0.40148032  -3.4755564  1.6207683  -2.7222135 
6        5        null         null         0.7901181  -2.8263779  0.41481906  -3.5626502 
7        6        null         null         2.345897   -2.023676  0.5042372  -3.5713406 
8        7        null         null         3.3900387  -0.76730907  0.65274775  -2.9853194 
9        8        _some        Rice Rats and more  3.61283    -0.44105512  1.993161   -2.386887 
10       9        null         null         3.132392   -0.6278832  3.236022   -1.1166797 
11       10       null         null         2.4557228  -1.542546  3.7066278  -0.37199056 
12       11       null         null         1.4333814  -2.931917  3.4028811  -0.59051764 
13       12       null         null         0.29949006  -3.623031  2.7422612  -1.0522804 
14       13       null         null         0.5419747  -3.49291   1.7061951  -2.5434403 
15       14       null         null         0.72913146  -2.8537683  0.52231866  -3.4364276 
16       15       null         null         2.330574   -2.2165523  0.48397422  -3.492144 
17       16       null         null         3.4735134  -1.0891994  0.64591277  -2.9070053 
18       17       null         null         3.816721   -0.41857076  0.7310724  -2.2381592 
22       16       null         null         0.48358285  -3.7564573  1.9383985  -1.6186471 
25       15       null         null         0.84491944  -3.7671363  2.4522867  -0.39556205 
26       25       null         null         0.5235968  -3.7564573  1.9383985  -1.6186471 
30       14       null         null         1.6749359  -2.7746239  3.1313145  -0.35959655 
31       30       null         null         0.5272817  -3.5245032  2.3807092  -0.665    
34       30       null         null         3.4248688  -0.27500102  2.444159   -1.5045819 
37       13       null         null         2.3408208  -0.85625637  3.8025498  -0.7670516 
38       37       null         null         1.6917281  -2.1268067  3.5885556  -0.5755012 
42       12       null         null         3.065712   -0.2891289  2.9929993  -1.2878731 
43       42       null         null         2.3408208  -1.3260034  3.4931793  -0.34808022 
44       43       null         null         1.6917281  -2.7374778  3.1863742  -0.5755012 
45       44       null         null         0.5272817  -3.4762132  2.4522867  -0.8165151 
46       45       null         null         0.5235968  -3.3782573  1.9383985  -2.311044 
47       46       null         null         0.6580924  -2.716209  0.867519   -3.2399843 
54       42       null         null         2.8755634  -1.1971815  0.31716168  -3.1081553 
57       11       null         null         3.5280137  -0.67175275  1.8652921  -2.3703609 
58       57       null         null         3.065712   -0.6167603  3.1667423  -1.2878731 
59       58       null         null         2.3408208  -0.6580918  3.7190452  -0.34808022 
62       58       null         null         2.8755634  -1.1971815  0.31716168  -3.1081553 
65       57       null         null         1.7924187  -2.1365566  0.6001816  -3.622961 
66       65       null         null         2.8755634  -1.1971815  0.6376133  -3.1081553 
70       10       null         null         3.4068692  -1.0892038  0.3309561  -2.9070082 
71       70       null         null         3.7300878  -0.4185698  1.4251086  -2.238161 
72       71       null         null         3.3284082  -0.6167603  2.5945039  -1.4052806 
77       9        null         null         1.2662381  -2.076367  0.5623988  -3.8140666 
80       8        Euneomys     null         0.45200062  -2.660825  0.8857573  -3.482712 
81       80                    Chinchilla Mice  1.9703064  -2.076367  0.48397338  -3.5523171 
82       81       null         null         3.0051699  -1.0892038  0.6459124  -2.9852314 
87       7        Oecomys_some  Rice Rats and more  0.44286364  -3.4929109  1.7306687  -2.5434372 
88       87       null         null         0.6896925  -2.8537698  0.522323   -3.4364262 
89       88       null         null         2.279306   -2.0484684  0.48397338  -3.4921455 
90       89       null         null         3.4068692  -1.0892038  0.6459124  -2.9070082 
91       90       null         null         3.7300878  -0.4185698  1.4251086  -2.238161 
92       91       null         null         3.3284082  -0.6167603  2.5945039  -1.4052806 
97       89       null         null         0.48358452  -3.3782616  1.9384005  -2.3110387 
98       97       null         null         0.65809226  -2.7162147  0.8675231  -3.23998  
102      88       null         null         0.8449204  -3.767136  2.4522898  -0.39556158 
103      102      null         null         0.52359635  -3.7564592  1.9384005  -1.6186413 
107      87       null         null         1.691729   -2.7374768  3.1863751  -0.35959762 
108      107      null         null         0.52728236  -3.4762132  2.4522882  -0.8165132 
109      108      null         null         0.5235966  -3.3782582  1.9383993  -2.3110423 
110      109      null         null         0.6580924  -2.7162104  0.8675197  -3.239983 
116      6        null         null         0.82108533  -3.7909288  2.3745222  -0.47381365 
117      116      Zygodontomys  Cane Mice    0.5419743  -3.711179  1.8611686  -1.7914356 
121      5        null         null         1.6001905  -2.8032897  3.1200047  -0.31738126 
122      121      _some        Marsh Rats   0.41359925  -3.4558167  2.374522   -0.9977424 
123      122      null         null         0.54197454  -3.2755322  1.8611674  -2.4725418 
124      123      null         null         0.66192496  -2.5711775  0.75469065  -3.3442605 
132      1        null         null         2.3938498  -1.6991885  3.6276631  -0.70525956 
133      132      null         null         1.5045818  -3.0448298  3.2448392  -0.6042887 
134      133      Oligoryzomys  Pygmy Rice Rats and more  0.32388148  -3.6646094  2.551958   -1.1974893 
135      134      null         null         0.5592989  -3.4755557  1.7948527  -2.6534753 
136      135      null         null         0.82174075  -2.826377  0.56176186  -3.473289 
137      136      null         null         2.3870044  -2.1206808  0.5042378  -3.4551682 
138      137      null         null         3.443475   -0.9791694  0.6527479  -2.8342948 
139      138      null         null         3.6822941  -0.4410558  1.6104531  -2.1905565 
140      139      null         null         3.2226942  -0.6278835  2.7384992  -1.3026755 
145      137      null         null         0.4428624  -3.7111773  1.8611662  -1.7914411 
148      136      null         null         0.8210846  -3.790929  2.7051485  -0.47381967 
149      148      null         null         0.54197484  -3.7111773  1.8611662  -1.7914411 
152      148      null         null         2.3408206  -0.42902395  3.7190466  -0.76705146 
155      135      null         null         1.600189   -2.2880564  3.5116978  -0.3173806 
158      134      null         null         2.3134408  -1.5287752  3.4890308  -0.7370672 
159      158      null         null         1.600189   -2.9140143  3.1200047  -0.5905177 
160      159      null         null         0.4135974  -3.5997574  2.374522   -0.66423035 
166      132      null         null         3.528639   -0.6366811  2.0426912  -2.1905582 
167      166      null         null         3.022944   -0.6278832  3.300411   -1.116679 
168      167      null         null         2.3134408  -1.0472691  3.7903333  -0.37199068 
169      168      null         null         1.600189   -2.2880564  3.5116978  -0.5905177 
173      167      null         null         3.4735112  -1.0892012  0.33095616  -2.9070072 
174      173      Reithrodon   null         3.8167205  -0.41857028  0.73106873  -2.2381606 
179      0        null         null         3.0581841  -0.31716147  3.2966106  -1.0703824 
180      179      null         null         2.3938498  -1.6470408  3.6848876  -0.3955179 
181      180      null         null         1.4209446  -2.977038  3.319231   -0.6042887 
182      181      null         null         0.32388148  -3.5764802  2.6486678  -1.2130308 
183      182      null         null         0.5592989  -3.3609874  1.7788353  -2.673679 
184      183                   Leaf-eared Mice and more  0.75180197  -2.6774383  0.41481674  -3.499554 
185      184      null         null         2.296084   -2.1206808  0.5042378  -3.4893126 
186      185      null         null         3.3252785  -0.8051321  0.6527479  -2.8786821 
187      186      null         null         3.5286388  -0.4410558  1.9801707  -2.2438087 
188      187      null         null         3.0229423  -0.6278835  3.219132   -1.3026755 
189      188      null         null         2.3134394  -1.6418982  3.684668   -0.37199128 
190      189      null         null         1.4333783  -3.0610719  3.374332   -0.59051806 
191      190      null         null         0.2994908  -3.7909293  2.7051475  -0.6642302 
192      191      null         null         0.54197526  -3.7111754  1.8611641  -1.7914469 
195      191      null         null         2.3408198  -0.42902422  3.719047   -0.76705074 
198      190      null         null         3.0657108  -0.28912932  3.1667461  -1.2878692 
199      198      null         null         2.3408198  -0.65809166  3.719047   -0.34808096 
202      198      null         null         2.8755672  -1.1971784  0.3171621  -3.108152 
207      187      null         null         2.3305721  -2.076365  0.5623976  -3.4921446 
208      207      null         null         3.4735122  -1.0892006  0.64591265  -2.9070063 
209      208      null         null         3.8167205  -0.41857052  0.73107064  -2.2381597 
214      186      null         null         0.37080142  -2.745932  0.88575673  -3.6840591 
215      214      null         null         1.2662436  -2.076365  0.483974   -3.814066 
218      214      null         null         0.8449197  -3.5245035  2.3807096  -0.39556193 
221      185      Andalgalomys  null         0.4428624  -3.7111773  1.8611662  -1.7914411 
224      184      Graomys      null         0.8210846  -3.4558175  2.374522   -0.99774426 
225      224      null         null         0.54197484  -3.2755322  1.8611662  -2.472543 
226      225      null         null         0.661925   -2.5711775  0.75469065  -3.3442605 
232      182      null         null         2.5840364  -1.5047903  3.7066278  -0.7370672 
233      232      null         null         1.4333808  -2.882834  3.4028807  -0.5905177 
234      233      null         null         0.29949018  -3.5592227  2.742261   -1.0796683 
235      234      null         null         0.54197484  -3.409959  1.9094126  -2.579044 
236      235      null         null         0.661925   -2.745932  0.49050736  -3.482712 
237      236      Bibimys      Crimson-nosed Rats  1.9703119  -2.076365  0.483974   -3.5523148 
238      237      null         null         3.0051737  -1.0892006  0.64591265  -2.9852276 
242      236      Kunsia_some  Giant Rats   0.8449197  -3.5245035  2.3807096  -0.39556193 
245      235      Scapteromys  Swamp Rats   1.6917262  -2.1268098  3.5885544  -0.35959634 
248      234      Chelemys     Long-clawed Mice  2.3408206  -0.85626006  3.8025498  -0.76705146 
249      248      null         null         1.6917262  -2.1268098  3.5885544  -0.57550156 
253      233      Nesoryzomys  Galapagos Mice  3.0657115  -0.28912896  3.1667447  -1.4052784 
254      253      null         null         2.3408206  -0.65809166  3.7190466  -0.34808072 
258      232      Sigmodontomys  Rice Water Rats  3.8167205  -0.6717526  0.73106873  -2.2381606 
261      181      Scolomys_some  Spiny Mice   3.222697   -0.30320084  2.7384958  -1.3026779 
264      180      null         null         3.528639   -0.6366811  1.9931613  -2.2785766 
265      264      Rhipidomys_some  Climbing Mice  3.022944   -0.6278832  3.2360222  -1.116679 
266      265      null         null         2.3134408  -1.4749908  3.7066278  -0.37199068 
267      266      null         null         1.550134   -2.8440948  3.4028807  -0.5905177 
268      267      null         null         0.29949018  -3.5088618  2.742261   -1.1988084 
269      268      null         null         0.54197484  -3.3444898  1.8611662  -2.7339265 
270      269      null         null         0.661925   -2.6608222  0.75469065  -3.6840591 
271      270      null         null         1.2662436  -2.076365  0.483974   -3.814066 
276      268      null         null         2.3408206  -0.85626006  3.8025498  -0.76705146 
277      276      null         null         1.6917262  -2.1268098  3.5885544  -0.57550156 
281      267      null         null         3.328406   -0.28912896  2.5945067  -1.4052784 
285      265      null         null         3.2514293  -0.92879295  0.33095616  -2.9070072 
286      285      null         null         3.528014   -0.41857028  1.8652952  -2.2381606 
287      286      null         null         3.0657115  -0.61676055  3.1667447  -1.4052784 
288      287      null         null         2.3408206  -0.65809166  3.7190466  -0.34808072 
293      285      null         null         0.357829   -2.7162097  0.902598   -3.239984 
296      264      null         null         2.1597385  -2.2165542  0.5623986  -3.5703688 
297      296      null         null         3.2514293  -0.87068576  0.6459125  -3.0086977 
298      297      null         null         3.528014   -0.41857028  1.7065854  -2.3703585 
299      298      Nectomys     null         3.0657115  -0.61676055  2.960422   -1.4052784 
300      299      null         null         2.3408206  -1.3545806  3.4508271  -0.34808072 
301      300      null         null         1.6917262  -2.7746265  3.1313148  -0.57550156 
302      301      null         null         0.5272789  -3.524505  2.3807096  -0.665    
308      298      Delomys      null         1.7924247  -2.1365545  0.60018086  -3.6229587 
309      308      null         null         2.8755677  -1.1971774  0.63761365  -3.108151 
313      297      null         null         0.357829   -2.7162097  0.902598   -3.239984 
316      296      Thalpomys    null         0.4835837  -3.7564578  1.938399   -1.6186463 
319      179                   Bolo Mice    3.3252769  -0.9169625  0.40943027  -2.9853187 
320      319      null         null         3.528639   -0.44105524  2.026287   -2.3868866 
321      320      null         null         3.022944   -0.6278832  3.2790856  -1.3026779 
322      321      null         null         2.3134408  -0.65274704  3.7626104  -0.37199068 
326      320      null         null         1.2662416  -2.0763655  0.5623986  -3.8140664 
329      319      null         null         0.3708011  -2.6608229  0.8857572  -3.6840587 
330      329      null         null         1.2662416  -2.0763655  0.4839738  -3.8140664 
