index,parent,child1,child2,name1,name2,common,richness,lengthbr,hxmax,hxmin,hymax,hymin,color
0,-268391232,1,30,"Phalangeridae","null","null",22,25.7,3.624936,-0.46288335,2.0156415,-2.1562462,-12486656
1,-268435456,2,27,"null","null","null",15,25.6,3.1107254,-0.6376126,3.165761,-1.0122141,-12486656
2,-268435455,3,22,"null","null","null",13,18.4,2.4621503,-1.6359198,3.5147917,-0.39551586,-16731116
3,-268435454,4,19,"null","null","null",10,13.9,1.4209586,-2.9625895,3.0981112,-0.60428745,-16731116
4,-268435453,5,18,"null","null","null",8,13.7,0.323879,-3.5577078,2.3612099,-1.1974748,-16731116
5,-268435452,6,17,"null","null","null",7,10.7,0.5592972,-3.3365903,1.7788439,-2.6534648,-16731116
6,-268435451,7,16,"null","null","null",6,8.7,0.8876138,-2.645722,0.64114,-3.4732862,-16731116
7,-268435450,8,13,"null","null","null",5,8.5,2.472646,-2.1206903,0.50423574,-3.455173,-16731116
8,-268435449,9,12,"null","null","null",3,5.5,3.5548198,-0.9791801,0.6527473,-2.834303,-16731116
9,-268435448,10,11,"null","null","null",2,5.5,3.827052,-0.44105357,0.9093821,-2.190562,-16731116
13,-268435449,14,15,"null","null","null",2,5.0,0.44286656,-3.7111814,1.8611743,-1.7914251,-16731116
19,-268435453,20,21,"null","null","null",2,5.0,3.2227097,-0.30319944,2.7384799,-1.3026892,-12486656
22,-268435454,23,26,"Spilocuscus","null","null",3,7.5,3.682302,-0.6366844,1.6104288,-2.1905634,-12486656
23,-268435434,24,25,"null","null","null",2,5.3,3.2227097,-0.6278822,2.7384799,-1.3026892,-16731116
27,-268435455,28,29,"Ailurops","null","null",2,7.0,3.126792,-0.97918236,0.34452838,-2.8544245,-8572416
30,-268435456,31,40,"null","null","null",7,18.9,2.2960691,-2.1206918,0.52348524,-3.4551742,-12486656
31,-268435426,32,39,"null","null","null",5,13.200001,3.325271,-0.97918236,0.6527473,-2.8343048,-16731116
32,-268435425,33,38,"Trichosurus","null","null",4,7.4,3.52864,-0.44105315,2.0262702,-2.1905634,-16731116
33,-268435424,34,37,"null","null","null",3,4.3,3.0229492,-0.6278822,3.2790737,-1.3026892,-16731116
34,-268435423,35,36,"null","null","null",2,3.9,2.3134441,-0.6527477,3.7626061,-0.3719881,-16731116
40,-268435426,41,42,"null","null","null",2,7.0,0.44286698,-3.7111826,1.8611758,-1.7914215,-11184866
