index,parent,child1,child2,name1,name2,common,richness,lengthbr,hxmax,hxmin,hymax,hymin,color
0,-268381025,1,66,"","null","Mongooses and more",38,39.1,2.390814,-1.9577198,0.50423574,-3.455174,-16731116
1,0,2,63,"Herpestidae","null","null",33,25.9,3.4484386,-0.72747934,0.6527473,-2.834304,-16731116
2,1,3,62,"null","null","null",31,25.9,3.6887574,-0.44105333,1.993148,-2.190563,-16731116
3,2,4,35,"null","null","null",30,19.7,3.2311015,-0.62788224,3.236014,-1.1927643,-16731116
4,3,5,32,"null","null","null",16,19.4,2.5840425,-1.4674621,3.7066274,-0.37198827,-16731116
5,4,6,31,"null","null","null",14,16.4,1.6002,-2.8343172,3.4028866,-0.5905161,-16731116
6,5,7,26,"null","null","null",13,16.4,0.29948735,-3.4961634,2.7422671,-1.052264,-16731116
7,6,8,25,"null","null","null",10,13.000001,0.54197276,-3.3279903,1.8611755,-2.5434277,-16731116
8,7,9,24,"null","null","null",9,12.300001,0.6896833,-2.6393738,0.75470227,-3.436423,-16731116
9,8,10,17,"null","null","null",8,10.500001,2.2792983,-2.0484757,0.4839719,-3.4921477,-16731116
10,9,11,16,"Crossarchus","null","null",4,5.2,3.4068663,-1.0892112,0.6459119,-2.9070134,-16731116
11,10,12,15,"null","null","null",3,5.2,3.7300906,-0.4185682,1.4250951,-2.2381644,-16731116
12,11,13,14,"null","null","null",2,3.4,3.3284154,-0.6167594,2.5944932,-1.4052875,-16731116
17,9,18,21,"null","null","null",4,10.200001,0.48358735,-3.3782663,2.018176,-2.311028,-16731116
18,17,19,20,"Helogale","null","null",2,6.8,0.658092,-2.7162223,0.8675292,-3.239974,-16731116
21,17,22,23,"Mungos","null","null",2,4.2,1.7788428,-1.9610344,3.6551418,-0.40148306,-16731116
26,6,27,30,"Bdeogale","null","null",3,7.5,2.3408232,-0.8562355,3.8025508,-0.7670549,-16731116
27,26,28,29,"null","null","null",2,7.5,1.6917381,-2.1267884,3.5885634,-0.5754996,-16731116
32,4,33,34,"null","null","null",2,5.1,3.816719,-0.6717563,0.73104715,-2.2381654,-16731116
35,3,36,55,"null","null","null",14,19.7,3.2514207,-0.928794,0.33095476,-3.0781808,-16731116
36,35,37,52,"Herpestes","null","null",10,18.3,3.5280132,-0.41856778,1.7316322,-2.4606814,-16731116
37,36,38,49,"null","null","null",8,18.3,3.0657163,-0.6167592,2.9929938,-1.2878872,-16731116
38,37,39,48,"null","null","null",6,18.3,2.3408237,-1.4981303,3.493183,-0.3480777,-16731116
39,38,40,45,"null","null","null",5,13.0,1.6749506,-2.9612522,3.1863859,-0.5754995,-16731116
40,39,41,44,"null","null","null",3,13.0,0.52729595,-3.7671328,2.4523013,-0.665,-16731116
41,40,42,43,"null","null","null",2,6.3,0.5235944,-3.7564626,1.9384081,-1.6186249,-16731116
45,39,46,47,"null","null","null",2,5.2,3.42488,-0.27500203,2.4441414,-1.5045929,-12486656
49,37,50,51,"null","null","null",2,18.3,2.8755498,-1.1971917,0.31716022,-3.1081676,-16731116
52,36,53,54,"null","null","null",2,18.3,1.088003,-2.1365614,0.60018516,-3.8261676,-16731116
55,35,56,59,"Galerella","null","null",4,14.8,0.35782757,-2.7521362,0.9025997,-3.625095,-16777216
56,55,57,58,"null","null","null",2,14.8,1.088003,-2.1365614,0.46288314,-3.8261676,-16777216
59,55,60,61,"null","null","null",2,6.0,0.86650777,-3.4392152,2.4199014,-0.38339412,-16777216
63,1,64,65,"null","null","null",2,25.9,0.3708,-2.5711937,0.88575876,-3.34425,-16731116
66,0,67,74,"null","null","null",5,16.2,0.44286668,-3.3444967,1.8611751,-2.5790353,-12486656
67,66,68,73,"null","null","null",4,16.2,0.66192466,-2.660832,0.7547023,-3.4827123,-12486656
68,67,69,72,"null","null","null",3,16.2,1.9702926,-2.0763717,0.48397192,-3.5523238,-12486656
69,68,70,71,"Galidictis","null","null",2,6.9,3.0051594,-1.0892124,0.6459119,-2.9852424,-11184866
