index,parent,child1,child2,name1,name2,common,richness,lengthbr,hxmax,hxmin,hymax,hymin,color
0,-268387305,1,132,"null","null","null",67,19.3,0.751789,-2.64572,0.6411383,-3.4975262,-16731116
1,0,2,129,"null","null","null",66,15.1,2.2960727,-2.120689,0.50423604,-3.4866838,-16731116
2,1,3,86,"null","null","null",64,4.0,3.325273,-0.79979885,0.6527474,-2.8752668,-16731116
3,2,4,73,"null","null","null",42,4.0,3.5286398,-0.4410539,1.9450109,-2.2438157,-16731116
4,3,5,72,"null","null","null",35,4.0,3.0229468,-0.6278826,3.1734326,-1.302684,-16731116
5,4,6,71,"null","null","null",34,4.0,2.3134425,-1.4707761,3.6252677,-0.37198922,-16731116
6,5,7,60,"null","null","null",33,4.0,1.4333868,-2.8386211,3.2971163,-0.5905168,-16731116
7,6,8,45,"null","null","null",27,4.0,0.2994887,-3.5017524,2.6047664,-1.0522718,-16731116
8,7,9,42,"null","null","null",19,4.0,0.54197377,-3.3352518,1.9094193,-2.5434334,-16731116
9,8,10,41,"null","null","null",17,4.0,0.66192484,-2.6488132,0.7546976,-3.4364245,-16731116
10,9,11,32,"null","null","null",16,4.0,2.1597314,-2.0607495,0.48397276,-3.4921463,-16731116
11,10,12,25,"null","null","null",11,4.0,3.2514253,-0.88665503,0.64591223,-2.90701,-16731116
12,11,13,24,"null","null","null",7,4.0,3.5280132,-0.41856912,1.7065775,-2.2381623,-16731116
13,12,14,21,"null","null","null",6,4.0,3.065713,-0.61675996,2.9604163,-1.2878772,-16731116
14,13,15,20,"null","null","null",4,4.0,2.3408213,-1.3545718,3.4508247,-0.3480795,-16731116
15,14,16,19,"null","null","null",3,4.0,1.6917307,-2.7746193,3.1313148,-0.5755007,-16731116
16,15,17,18,"null","null","null",2,4.0,0.52728534,-3.5245008,2.3807092,-0.665,-11513776
21,13,22,23,"null","null","null",2,0.7,2.875559,-1.1971848,0.31716126,-3.1081588,-16731116
25,11,26,31,"null","null","null",4,4.0,0.35782835,-2.7521315,0.90259886,-3.4687872,-16731116
26,25,27,30,"null","null","null",3,4.0,1.7924132,-2.136558,0.46288425,-3.6229632,-16731116
27,26,28,29,"null","null","null",2,4.0,2.875559,-1.1971848,0.637613,-3.1081588,-16731116
32,10,33,38,"null","null","null",5,4.0,0.48358572,-3.4058893,2.0181713,-2.6072805,-11184866
33,32,34,37,"null","null","null",3,1.1,0.65809214,-2.7521315,0.8675264,-3.6250978,-8572416
34,33,35,36,"null","null","null",2,1.1,1.0880142,-2.136558,0.46288425,-3.8261666,-11184866
38,32,39,40,"null","null","null",2,4.0,1.7788389,-1.9610431,3.6551383,-0.4014814,-16731116
42,8,43,44,"null","null","null",2,4.0,1.6917316,-2.1268003,3.5885587,-0.35959888,-16731116
45,7,46,59,"null","null","null",8,4.0,2.340822,-1.3259987,3.4931805,-0.76705325,-16731116
46,45,47,54,"null","null","null",7,4.0,1.5297128,-2.737475,3.186378,-0.5755006,-16731116
47,46,48,53,"null","null","null",4,4.0,0.5272858,-3.476214,2.4522915,-0.8165077,-16731116
48,47,49,52,"null","null","null",3,4.0,0.52359605,-3.3782613,1.9384017,-2.3110373,-16731116
49,48,50,51,"null","null","null",2,0.7,0.6580922,-2.7162147,0.8675231,-3.23998,-16731116
54,46,55,58,"null","null","null",3,4.0,3.0981092,-0.27500045,3.0448883,-1.5045842,-16731116
55,54,56,57,"null","null","null",2,4.0,2.3612087,-0.6619246,3.664688,-0.32388085,-16731116
60,6,61,70,"null","null","null",6,4.0,3.065714,-0.2891281,2.992997,-1.4052846,-16731116
61,60,62,69,"null","null","null",5,4.0,2.340822,-1.4981414,3.4931805,-0.34807926,-16731116
62,61,63,68,"null","null","null",4,4.0,1.6917316,-2.9612606,3.186378,-0.5755006,-16731116
63,62,64,67,"null","null","null",3,1.1,0.5272858,-3.7671354,2.4522915,-0.665,-16731116
64,63,65,66,"null","null","null",2,1.1,0.52359605,-3.7564592,1.9384017,-1.6186401,-12486656
73,3,74,81,"null","null","null",7,4.0,2.3305619,-2.0484724,0.56240094,-3.4921467,-12486656
74,73,75,78,"null","null","null",4,1.4,3.473506,-0.8706944,0.6459121,-2.907011,-12486656
75,74,76,77,"null","null","null",2,0.7,3.8167195,-0.41856888,0.7310578,-2.238163,-12486656
78,74,79,80,"null","null","null",2,0.7,0.3578282,-2.7162182,0.902599,-3.2399771,-12486656
81,73,82,85,"null","null","null",3,4.0,0.48358613,-3.3782637,1.9384036,-2.311033,-12486656
82,81,83,84,"null","null","null",2,0.7,0.6580921,-2.7162182,0.8675258,-3.2399771,-12486656
86,2,87,118,"null","null","null",22,4.0,0.5977092,-2.7339172,0.8857583,-3.436424,-16731116
87,86,88,117,"null","null","null",16,4.0,2.15973,-2.0763695,0.48397252,-3.4921467,-16731116
88,87,89,108,"null","null","null",15,4.0,3.2514246,-0.8866557,0.6459121,-2.907011,-16731116
89,88,90,107,"null","null","null",10,4.0,3.5280137,-0.41856888,1.8281019,-2.238163,-16731116
90,89,91,106,"null","null","null",9,4.0,3.065714,-0.6167598,3.1183991,-1.4052846,-16731116
91,90,92,105,"null","null","null",8,4.0,2.340822,-1.3259987,3.6562035,-0.34807926,-16731116
92,91,93,102,"null","null","null",7,4.0,1.6749403,-2.737475,3.3983078,-0.5755006,-16731116
93,92,94,99,"null","null","null",5,4.0,0.33848977,-3.476214,2.7278001,-0.8165077,-16731116
94,93,95,98,"null","null","null",3,4.0,0.52359605,-3.3782613,1.9384017,-2.3110373,-16731116
95,94,96,97,"null","null","null",2,4.0,0.6580922,-2.7162147,0.8675231,-3.23998,-16731116
99,93,100,101,"null","null","null",2,0.7,2.3612087,-0.4184208,3.664688,-0.79509544,-12486656
102,92,103,104,"null","null","null",2,0.7,3.4248714,-0.27500045,2.4441552,-1.5045842,-16731116
108,88,109,116,"null","null","null",5,4.0,0.56951165,-2.7521312,0.902599,-3.387022,-16731116
109,108,110,115,"null","null","null",4,4.0,2.1815777,-2.136558,0.46288437,-3.5166678,-16731116
110,109,111,114,"null","null","null",3,4.0,3.3814723,-1.197184,0.63761306,-2.969975,-16731116
111,110,112,113,"null","null","null",2,0.7,3.7952104,-0.3955173,0.6459119,-2.279177,-16731116
118,86,119,126,"null","null","null",6,4.0,0.84492123,-3.4974644,2.7278004,-1.0443852,-16731116
119,118,120,125,"null","null","null",4,4.0,0.5235956,-3.405889,1.9384036,-2.60728,-16731116
120,119,121,124,"null","null","null",3,1.1,0.6580921,-2.7521312,0.8675258,-3.625098,-16731116
121,120,122,123,"null","null","null",2,1.1,1.0880151,-2.136558,0.46288437,-3.8261666,-16731116
126,118,127,128,"null","null","null",2,4.0,2.361209,-0.41842052,3.6646857,-0.79509616,-16731116
129,1,130,131,"null","null","null",2,2.8,0.44286594,-3.711181,1.861173,-1.7914275,-12486656
