index,parent,child1,child2,name1,name2,common,richness,lengthbr,hxmax,hxmin,hymax,hymin,color
0,-268433404,1,63,"null","null","null",231,48.0,3.4750953,-0.8857578,0.66586816,-2.7378979,-16731116
1,-268435456,2,62,"null","null","null",155,48.0,3.542417,-0.4839731,2.2483351,-2.0763679,-16731116
2,-268435455,3,51,"null","null","null",154,48.0,2.972362,-0.64591235,3.3666086,-0.9395854,-16731116
3,-268435454,4,38,"","null","Voles, Lemmings and Muskrats",148,19.6,2.3231204,-1.8036346,3.6777506,-0.41856945,-16731116
4,-268435453,5,36,"null","null","null",141,19.6,1.2264603,-3.0865893,3.260371,-0.61676013,-16731116
5,-268435452,6,-268429312,"null","null","null",103,19.6,0.34807986,-3.6148481,2.593877,-1.3438773,-16731116
6,-268435451,7,29,"null","null","null",78,19.6,0.57550097,-3.3445444,1.5297103,-2.7607152,-16731116
7,-268435450,-268430336,8,"null","null","null",74,19.6,0.9344023,-2.657908,0.48278344,-3.506424,-16731116
8,-268435449,9,24,"null","null","null",11,19.6,0.7950952,-3.5074317,2.6858711,-1.1974869,-16731116
9,-268435448,10,19,"Dicrostonyx","null","Collared Lemmings",8,4.4,0.55929863,-3.2712255,1.6207683,-2.6534734,-16731116
10,-268435447,11,18,"null","null","null",5,4.4,0.8876251,-2.5607474,0.6411318,-3.473288,-16731116
11,-268435446,12,17,"null","null","null",4,4.4,2.472656,-2.0102282,0.5042372,-3.4551697,-16731116
12,-268435445,13,16,"null","null","null",3,4.4,3.5548253,-0.9791728,0.65274775,-2.8342974,-16731116
13,-268435444,14,15,"null","null","null",2,4.4,3.8270524,-0.44105512,0.9093949,-2.1905584,-16731116
19,-268435447,20,23,"null","null","null",3,4.4,1.6001905,-2.9140122,3.1200047,-0.31738126,-16731116
20,-268435437,21,22,"null","null","null",2,4.4,0.41359925,-3.5997562,2.374522,-0.66423035,-16731116
24,-268435448,25,28,"Chionomys","some","Snow Voles",3,8.8,2.3134413,-1.0472662,3.7903333,-0.7370677,-16731116
25,-268435432,26,27,"null","null","null",2,8.8,1.6001905,-2.288054,3.5116992,-0.59051746,-16731116
29,-268435450,30,35,"null","null","null",4,9.4,1.5045818,-3.1510901,3.0981085,-0.2750008,-16731116
30,-268435427,31,34,"null","null","null",3,9.4,0.32388148,-3.8027482,2.3612084,-0.6648546,-16731116
31,-268435426,32,33,"null","null","null",2,9.4,0.5592989,-3.6551359,1.7788353,-1.9610502,-16731116
36,-268435452,-268428288,37,"","some","Voles",38,19.6,2.9699736,-0.31716147,3.2921684,-1.1971812,-16731116
38,-268435453,39,50,"null","null","null",7,19.6,3.5166674,-0.6001822,2.1643844,-2.1365566,-16731116
39,-268435418,40,45,"null","null","null",6,19.6,2.9699736,-0.6376133,3.3591185,-1.0032616,-16731116
40,-268435417,41,44,"null","null","null",3,7.5,2.279176,-1.237134,3.7661476,-0.3955179,-16731116
41,-268435416,42,43,"Eolagurus","null","null",2,4.3,1.5045818,-2.444159,3.4248688,-0.6042887,-16731116
45,-268435417,46,49,"Arvicola","some","Water Voles",3,7.5,3.554825,-0.9791716,0.34452954,-2.834297,-16731116
46,-268435411,47,48,"null","null","null",2,4.3,3.8270519,-0.44105524,0.9093958,-2.1905582,-16731116
51,-268435454,52,57,"","null","Zokors",6,11.3,3.4687877,-0.9025985,0.35782853,-2.8712275,-16731116
52,-268435405,53,56,"Eospalax","null","null",3,11.3,3.622961,-0.4628849,1.7924187,-2.1365566,-16731116
53,-268435404,54,55,"null","null","null",2,11.3,3.1081553,-0.6376133,2.8755634,-1.1971812,-16731116
57,-268435405,58,61,"Myospalax","null","null",3,11.3,0.38339514,-2.560747,0.8665061,-3.7314653,-16731116
58,-268435399,59,60,"null","null","null",2,11.3,1.443346,-2.010228,0.50423723,-3.7907999,-16731116
63,-268435456,64,137,"null","null","null",76,48.0,0.9701214,-2.6885962,0.84492064,-3.5064235,-16731116
64,-268435393,65,102,"null","null","null",37,48.0,2.510735,-1.9383559,0.52359605,-3.4175336,-16731116
65,-268435392,66,99,"null","null","null",19,48.0,3.499587,-0.5831027,0.6580922,-2.767269,-16731116
66,-268435391,67,88,"null","null","null",17,28.8,3.663,-0.4628849,2.125013,-2.1562386,-16731116
67,-268435390,68,85,"null","null","null",11,28.8,3.1602058,-0.6376133,3.307936,-1.0122011,-16731116
68,-268435389,69,82,"null","null","null",9,19.8,2.5264778,-1.5568638,3.6996105,-0.3955179,-16731116
69,-268435388,70,81,"null","null","null",7,16.2,1.5045818,-2.859808,3.3383706,-0.6042887,-16731116
70,-268435387,71,78,"Eliurus","null","Tuft-tailed Rats",6,6.8,0.32388148,-3.4240808,2.6735492,-1.1773334,-16731116
71,-268435386,72,75,"null","null","null",4,6.8,0.5592989,-3.1628685,1.7948527,-2.6272726,-16731116
72,-268435385,73,74,"null","null","null",2,6.8,0.6642305,-2.4198837,0.6411284,-3.4392254,-12486656
75,-268435385,76,77,"null","null","null",2,6.8,1.600189,-2.2880564,3.5116978,-0.3173806,-16731116
78,-268435386,79,80,"null","null","null",2,6.8,2.3134408,-0.4390186,3.7626104,-0.7370672,-16731116
82,-268435388,83,84,"Brachytarsomys","some","Tree Rats",2,6.3,3.8270519,-0.6366811,0.9093958,-2.1905582,-12486656
85,-268435389,86,87,"Macrotarsomys","null","Big-footed Mice",2,6.4,3.1268032,-0.9791716,0.34452954,-2.8544111,-12486656
88,-268435390,89,98,"null","null","null",6,19.8,2.3870018,-2.010228,0.5234822,-3.4551697,-12486656
89,-268435368,90,95,"null","null","null",5,16.099998,3.443474,-0.72746617,0.65274775,-2.834297,-16731116
90,-268435367,91,94,"Nesomys","null","Red Forest Rats",3,10.8,3.6822953,-0.44105524,1.6104487,-2.1905582,-12486656
91,-268435366,92,93,"null","null","null",2,10.8,3.222697,-0.6278832,2.7384958,-1.3026779,-12486656
95,-268435367,96,97,"Brachyuromys","null","null",2,7.7,0.3708011,-2.5711792,0.8857572,-3.3442597,-16731116
99,-268435391,100,101,"Platacanthomyidae","null","null",2,6.3,0.38339514,-2.4198875,0.8665061,-3.439223,-12486656
102,-268435392,103,120,"","most","Hamsters",18,29.6,0.40148073,-3.4755561,1.6207691,-2.6534727,-16731116
103,-268435354,104,115,"null","null","null",9,29.6,0.8876256,-2.8263776,0.41481847,-3.4732883,-16731116
104,-268435353,105,112,"Cricetulus","null","Dwarf Hamsters",6,16.6,2.4726562,-2.120683,0.50423723,-3.4551697,-16731116
105,-268435352,106,109,"null","null","null",4,16.6,3.554825,-0.72746617,0.65274775,-2.834297,-16731116
106,-268435351,107,108,"null","null","null",2,16.6,3.8270519,-0.44105524,0.9093958,-2.1905582,-16731116
109,-268435351,110,111,"null","null","null",2,16.6,0.3708011,-2.5711792,0.8857572,-3.3442597,-16731116
112,-268435352,113,114,"null","null","null",2,16.6,0.44286343,-3.7111778,1.8611681,-1.791438,-16731116
115,-268435353,116,119,"null","null","null",3,10.200001,0.8210852,-3.7909281,2.3745217,-0.47381568,-16731116
116,-268435341,117,118,"Allocricetulus","null","null",2,6.3,0.5419744,-3.7111778,1.8611681,-1.791438,-16731116
120,-268435354,121,136,"null","null","null",9,29.6,1.6001921,-2.8828294,3.120005,-0.31738168,-16731116
121,-268435336,122,135,"null","null","null",8,29.6,0.4136024,-3.5592203,2.374522,-1.1988025,-16731116
122,-268435335,123,130,"null","null","null",7,29.6,0.5419741,-3.4099588,1.7061983,-2.733922,-16731116
123,-268435334,124,127,"Mesocricetus","null","null",4,12.8,0.6619249,-2.745932,0.49050927,-3.6840575,-12486656
124,-268435333,125,126,"null","null","null",2,12.8,1.2662389,-2.0763667,0.4839735,-3.8140662,-12486656
127,-268435333,128,129,"null","null","null",2,12.8,0.8449203,-3.5245016,2.3807096,-0.39556164,-12486656
130,-268435334,131,134,"Phodopus","null","null",3,0.1,1.6917305,-2.7746193,3.131315,-0.35959804,-16731116
131,-268435326,132,133,"null","null","null",2,0.1,0.5272855,-3.5245004,2.3807096,-0.665,-16731116
137,-268435393,138,193,"null","null","null",39,48.0,0.79509544,-3.5764797,2.551959,-1.2503628,-16731116
138,-268435319,139,170,"null","null","null",28,48.0,0.55929846,-3.3609884,1.7464929,-2.7222128,-16731116
139,-268435318,140,163,"null","null","null",16,14.3,0.75179815,-2.6774395,0.41481847,-3.5626504,-16731116
140,-268435317,141,154,"Tachyoryctes","some","Mole Rats",12,14.2,2.2960806,-1.9577107,0.50423723,-3.5713403,-12486656
141,-268435316,142,151,"null","null","null",7,14.2,3.3252769,-0.72746617,0.65274775,-2.9853187,-12486656
142,-268435315,143,148,"null","null","null",5,14.2,3.528639,-0.44105524,2.026287,-2.3868866,-12486656
143,-268435314,144,147,"null","null","null",3,14.2,3.022944,-0.6278832,3.2790856,-1.3026779,-12486656
144,-268435313,145,146,"null","null","null",2,4.5,2.3134408,-0.65274704,3.7626104,-0.37199068,-16731116
148,-268435314,149,150,"null","null","null",2,14.2,1.2662416,-2.0763655,0.5623986,-3.8140664,-16777216
151,-268435315,152,153,"null","null","null",2,14.2,0.3708011,-2.5711792,0.8857572,-3.3442597,-16777216
154,-268435316,155,160,"null","null","null",5,14.2,0.44286343,-3.34449,1.9094157,-2.7339242,-16777216
155,-268435302,156,159,"null","null","null",3,14.2,0.66192496,-2.6608229,0.7546917,-3.6840587,-16777216
156,-268435301,157,158,"null","null","null",2,14.2,1.2662416,-2.0763655,0.4839738,-3.8140664,-16777216
160,-268435302,161,162,"null","null","null",2,14.2,1.6917292,-2.1268039,3.588557,-0.3595974,-16777216
163,-268435317,164,169,"","some","Bamboo Rats",4,9.3,0.8210852,-3.4558172,2.3745217,-0.9977406,-16731116
164,-268435293,165,168,"Rhizomys","null","null",3,6.0,0.5419744,-3.2755337,1.8611681,-2.4725404,-16731116
165,-268435292,166,167,"null","null","null",2,6.0,0.66192496,-2.5711792,0.7546917,-3.3442597,-16731116
170,-268435318,171,182,"Dendromus","some","Climbing Mice",12,22.5,1.5333176,-2.8032885,3.402883,-0.31738168,-16731116
171,-268435286,172,177,"null","null","null",6,22.5,0.29948938,-3.4558172,2.7422633,-0.99773777,-12486656
172,-268435285,173,176,"null","null","null",3,22.5,0.5419741,-3.275535,1.8611695,-2.4725378,-16731116
173,-268435284,174,175,"null","null","null",2,22.5,0.6619249,-2.5711813,0.7546936,-3.344258,-12486656
177,-268435285,178,181,"null","null","null",3,22.5,2.3408215,-0.85625,3.8025503,-0.76705265,-3014646
178,-268435279,179,180,"null","null","null",2,22.5,1.6917312,-2.1268008,3.5885582,-0.5755008,-16777216
182,-268435286,183,190,"null","null","null",6,22.5,3.290563,-0.28912848,3.2309754,-1.287876,-16731116
183,-268435274,184,187,"null","null","null",4,22.5,2.6331265,-0.85625,3.8025503,-0.34807974,-16731116
184,-268435273,185,186,"null","null","null",2,22.5,1.6917312,-2.1268008,3.5885582,-0.5755008,-16731116
187,-268435273,188,189,"null","null","null",2,6.1,3.7952104,-0.7052599,0.5537316,-2.2791767,-16731116
190,-268435274,191,192,"null","null","null",2,22.5,2.8755608,-1.1971828,0.31716138,-3.1081576,-16731116
193,-268435319,194,213,"null","null","null",11,48.0,2.3134415,-1.512742,3.4890294,-0.73706806,-16731116
194,-268435263,195,212,"null","null","null",10,48.0,1.600193,-2.8931742,3.1200051,-0.59051716,-16731116
195,-268435262,196,211,"null","null","null",9,19.9,0.4136024,-3.5726695,2.374522,-1.0522753,-16731116
196,-268435261,197,208,"Steatomys","null","Fat Mice",8,18.2,0.5419741,-3.427443,1.9094175,-2.5434365,-16731116
197,-268435260,198,207,"null","null","null",6,18.2,0.72912574,-2.768662,0.7546936,-3.4364264,-16731116
198,-268435259,199,204,"null","null","null",5,18.2,2.3305688,-2.2165554,0.4839735,-3.4921455,-16731116
199,-268435258,200,203,"null","null","null",3,9.1,3.4735103,-1.0892029,0.6459124,-2.9070082,-16731116
200,-268435257,201,202,"null","null","null",2,9.1,3.8167205,-0.41856992,0.731066,-2.238161,-16731116
204,-268435258,205,206,"null","null","null",2,18.2,0.48358428,-3.7564583,1.9384001,-1.6186436,-16731116
208,-268435260,209,210,"null","null","null",2,18.2,1.6917305,-2.1268015,3.5885582,-0.35959804,-16731116
