index,parent,child1,child2,name1,name2,common,richness,lengthbr,hxmax,hxmin,hymax,hymin,color
0,-268425207,1,96,"null","null","null",84,16.300001,2.9699726,-0.6376134,3.252592,-1.0703816,-16731116
1,0,2,95,"null","null","null",48,16.300001,2.2791753,-1.6552967,3.6276627,-0.39551812,-16731116
2,1,3,92,"","null","Grass Mice and Akodonts",47,15.200001,1.4209437,-2.9877696,3.2448382,-0.6042888,-16731116
3,2,4,85,"null","null","null",45,8.8,0.32388172,-3.5904303,2.5519571,-1.2118331,-16731116
4,3,5,80,"null","null","null",41,8.8,0.5592991,-3.379122,1.6207659,-2.6721215,-16731116
5,4,6,71,"null","null","null",38,8.8,0.7518035,-2.701013,0.41481584,-3.497528,-16731116
6,5,7,70,"null","null","null",33,8.8,2.2960854,-2.010225,0.50423795,-3.4866781,-16731116
7,6,8,41,"null","null","null",32,5.6,3.3252792,-0.8530586,0.652748,-2.875257,-16731116
8,7,9,32,"null","null","null",17,5.6,3.5286388,-0.441056,1.9931663,-2.2438078,-16731116
9,8,10,29,"null","null","null",12,5.6,3.022942,-0.62788355,3.236025,-1.1514399,-16731116
10,9,11,28,"null","null","null",10,5.6,2.3134391,-1.4749951,3.7066278,-0.37199152,-16731116
11,10,12,25,"null","null","null",9,5.6,1.55013,-2.8440971,3.402879,-0.59051824,-16731116
12,11,13,20,"null","null","null",7,1.8,0.29949108,-3.508861,2.742259,-1.1988146,-16731116
13,12,14,19,"null","null","null",4,1.8,0.5419755,-3.3444862,1.8611634,-2.7339318,-16731116
14,13,15,18,"null","null","null",3,1.8,0.66192514,-2.6608171,0.7546856,-3.684062,-16731116
15,14,16,17,"null","null","null",2,1.8,1.2662525,-2.0763617,0.48397505,-3.814065,-16731116
20,12,21,24,"null","null","null",3,1.8,2.3408196,-0.8562642,3.8025498,-0.7670504,-16731116
21,20,22,23,"null","null","null",2,1.8,1.6917245,-2.1268134,3.5885527,-0.5755019,-16731116
25,11,26,27,"null","null","null",2,1.6,3.328404,-0.28912947,2.5945096,-1.4052767,-16731116
29,9,30,31,"null","null","null",2,5.6,3.005175,-1.0891994,0.33095664,-2.9852262,-16731116
32,8,33,38,"null","null","null",5,5.6,2.330574,-2.2165523,0.56239724,-3.492144,-16731116
33,32,34,37,"null","null","null",3,5.6,3.4735134,-1.0891994,0.64591277,-2.9070053,-16731116
34,33,35,36,"null","null","null",2,2.4,3.816721,-0.41857076,0.7310724,-2.2381592,-16731116
38,32,39,40,"null","null","null",2,5.6,0.48358285,-3.7564573,1.9383985,-1.6186471,-16731116
41,7,42,63,"null","null","null",15,5.6,0.5977216,-2.8537683,0.8857566,-3.4364276,-16731116
42,41,43,54,"null","null","null",11,5.6,2.1597412,-2.0607424,0.48397422,-3.492144,-16731116
43,42,44,53,"null","null","null",6,5.6,3.2514307,-1.0891994,0.64591277,-2.9070053,-16731116
44,43,45,52,"null","null","null",5,5.6,3.5280137,-0.41857076,1.8652986,-2.2381592,-16731116
45,44,46,49,"null","null","null",4,5.6,3.0657103,-0.61676085,3.166747,-1.2878677,-16731116
46,45,47,48,"null","null","null",2,5.6,2.3408196,-0.65809155,3.7190475,-0.34808123,-16731116
49,45,50,51,"null","null","null",2,1.6,2.8755686,-1.1971772,0.31716225,-3.1081505,-16731116
54,42,55,60,"null","null","null",5,5.6,0.48358285,-3.4058852,2.0181658,-2.6072886,-16731116
55,54,56,59,"null","null","null",3,5.6,0.6580924,-2.7521253,0.867519,-3.6251023,-16731116
56,55,57,58,"null","null","null",2,5.6,1.0880269,-2.1365538,0.46288577,-3.8261664,-16731116
60,54,61,62,"null","null","null",2,5.6,1.7788353,-1.9610502,3.6551359,-0.40147904,-16731116
63,41,64,67,"null","null","null",4,5.6,0.84491944,-3.7671363,2.727799,-0.39556205,-16731116
64,63,65,66,"null","null","null",2,5.6,0.5235968,-3.7564573,1.9383985,-1.6186471,-11184866
67,63,68,69,"null","null","null",2,5.6,2.3612075,-0.41842124,3.6646893,-0.7950944,-16731116
71,5,72,79,"null","null","null",5,8.8,0.8210844,-3.508861,2.3745215,-1.1988084,-16731116
72,71,73,78,"null","null","null",4,8.8,0.5419747,-3.344489,1.8611665,-2.7339268,-16731116
73,72,74,77,"null","null","null",3,3.4,0.66192496,-2.6608212,0.7546901,-3.6840599,-16731116
74,73,75,76,"null","null","null",2,3.4,1.2662454,-2.0763643,0.48397422,-3.814066,-16731116
80,4,81,84,"null","null","null",3,8.8,1.6001897,-2.9140136,3.1200042,-0.31738016,-16731116
81,80,82,83,"null","null","null",2,2.2,0.4135989,-3.5997567,2.3745215,-0.66423035,-16731116
85,3,86,91,"null","null","null",4,8.8,2.3134403,-1.5287743,3.48903,-0.737067,-16731116
86,85,87,90,"null","null","null",3,3.4,1.6001897,-2.9140136,3.1200042,-0.59051764,-16731116
87,86,88,89,"null","null","null",2,3.4,0.4135989,-3.5997567,2.3745215,-0.66423035,-12486656
92,2,93,94,"null","null","null",2,2.9,3.2226973,-0.303201,2.7384949,-1.3026786,-16731116
96,0,97,166,"null","null","null",36,16.3,3.3900387,-0.9791728,0.3739525,-2.9853194,-16731116
97,96,98,163,"null","null","null",35,16.3,3.61283,-0.44105512,1.9801664,-2.386887,-16731116
98,97,99,160,"null","null","null",33,13.4,3.132392,-0.6278832,3.219129,-1.1514455,-16731116
99,98,100,145,"Thomasomys","null","Oldfield Mice",31,6.5,2.4557228,-1.4749897,3.684667,-0.37199056,-16731116
100,99,101,124,"null","null","null",23,6.5,1.5333146,-2.8440938,3.3743324,-0.59051764,-16731116
101,100,102,121,"null","null","null",12,6.5,0.29949006,-3.508861,2.705148,-1.0522804,-16731116
102,101,103,112,"null","null","null",10,6.5,0.5419747,-3.344489,1.7306662,-2.5434403,-16731116
103,102,104,111,"null","null","null",5,6.5,0.72913146,-2.6608212,0.7546901,-3.4364276,-16731116
104,103,105,110,"null","null","null",4,6.5,2.330574,-2.0763643,0.48397422,-3.492144,-16731116
105,104,106,109,"null","null","null",3,6.5,3.4735134,-1.0891994,0.64591277,-2.9070053,-16731116
106,105,107,108,"null","null","null",2,2.0,3.816721,-0.41857076,0.7310724,-2.2381592,-16731116
112,102,113,118,"null","null","null",5,6.5,1.6749359,-2.9612648,3.1863742,-0.35959655,-16731116
113,112,114,117,"null","null","null",3,6.5,0.5272817,-3.7671363,2.4522867,-0.665,-16731116
114,113,115,116,"null","null","null",2,6.5,0.5235968,-3.7564573,1.9383985,-1.6186471,-16731116
118,112,119,120,"null","null","null",2,2.0,3.4248688,-0.27500102,2.444159,-1.5045819,-16731116
121,101,122,123,"null","null","null",2,6.5,2.3408208,-0.4290239,3.7190452,-0.7670516,-16731116
124,100,125,144,"null","null","null",11,6.5,3.2905617,-0.2891289,3.1463318,-1.4052806,-16731116
125,124,126,141,"null","null","null",10,6.5,2.6331253,-1.3385786,3.6925116,-0.34808022,-16731116
126,125,127,140,"null","null","null",8,6.5,1.6917281,-2.7538254,3.445506,-0.5755012,-16731116
127,126,128,135,"null","null","null",7,6.5,0.3384865,-3.4974654,2.7891583,-1.0443956,-16731116
128,127,129,134,"null","null","null",4,6.5,0.5235968,-3.4058852,1.9383985,-2.6072886,-16731116
129,128,130,133,"null","null","null",3,3.2,0.6580924,-2.7521253,0.867519,-3.6251023,-16731116
130,129,131,132,"null","null","null",2,3.2,1.0880269,-2.1365538,0.46288577,-3.8261664,-12486656
135,127,136,139,"null","null","null",3,6.5,2.3612075,-0.6648546,3.8027482,-0.7950944,-16731116
136,135,137,138,"null","null","null",2,6.5,1.7788353,-1.9610502,3.6551359,-0.5592989,-16731116
141,125,142,143,"null","null","null",2,6.5,3.795211,-0.705259,0.5537361,-2.2791758,-16731116
145,99,146,159,"null","null","null",8,6.5,3.5280137,-0.67175275,1.7065823,-2.238161,-12486656
146,145,147,154,"null","null","null",7,6.5,3.065712,-0.6167603,2.9604197,-1.2264589,-12486656
147,146,148,153,"null","null","null",4,6.5,2.3408208,-1.3545772,3.4508257,-0.34808022,-12486656
148,147,149,152,"null","null","null",3,6.5,1.6917281,-2.7746239,3.1313145,-0.5755012,-12486656
149,148,150,151,"null","null","null",2,6.5,0.5272817,-3.5245032,2.3807092,-0.665,-12486656
154,146,155,158,"null","null","null",3,3.2,3.381475,-1.1971815,0.31716168,-2.9699733,-16731116
155,154,156,157,"null","null","null",2,3.2,3.795211,-0.3955179,0.64591163,-2.2791758,-16731116
160,98,161,162,"","null","Montane Mice",2,2.9,3.0051699,-1.0892038,0.3309561,-2.9852314,-16731116
163,97,164,165,"null","null","null",2,16.3,1.2662381,-2.076367,0.5623988,-3.8140666,-16731116
