index,parent,child1,child2,name1,name2,common,richness,lengthbr,hxmax,hxmin,hymax,hymin,color
0,-268384252,1,138,"null","null","null",71,21.4,0.5754999,-3.3160512,1.6749467,-2.7631168,-12486656
1,0,2,131,"null","null","null",69,21.2,0.93439436,-2.6208668,0.33849317,-3.5095534,-12486656
2,1,3,122,"","null","Flying Foxes",65,12.8,2.4642932,-1.9093115,0.5235952,-3.4216065,-12486656
3,2,4,65,"Pteropus","null","null",60,12.7,3.4392173,-0.71799934,0.658092,-2.7725644,-12486656
4,3,5,60,"null","null","null",31,12.7,3.5845234,-0.4628839,2.1293209,-2.1631203,-12486656
5,4,6,41,"null","null","null",28,12.7,3.058188,-0.6376129,3.3135407,-1.0306162,-11184866
6,5,7,32,"null","null","null",18,12.700001,2.393853,-1.6061778,3.7069013,-0.3955168,-12486656
7,6,8,21,"null","null","null",13,12.7,1.4246819,-2.9239202,3.3478513,-0.6042881,-12486656
8,7,9,16,"null","null","null",7,12.7,0.32388037,-3.5074317,2.685873,-1.3502498,-11184866
9,8,10,15,"null","null","null",4,5.0,0.55929816,-3.2712276,1.7788392,-2.8520675,-8572416
10,9,11,14,"null","null","null",3,3.8,0.66423047,-2.5607505,0.64113533,-3.731464,-8572416
11,10,12,13,"null","null","null",2,3.8,1.4433398,-2.0102303,0.5042366,-3.7908006,-3014646
16,8,17,20,"null","null","null",3,3.9,2.3134422,-1.0472604,3.790334,-0.73706865,-12486656
17,16,18,19,"null","null","null",2,3.9,1.6001931,-2.2880492,3.5117016,-0.59051704,-12486656
21,7,22,29,"null","null","null",6,12.7,3.2310975,-0.30320022,3.300408,-1.1514504,-12486656
22,21,23,26,"null","null","null",4,5.0,2.5840387,-1.0472604,3.790334,-0.3719896,-12486656
23,22,24,25,"null","null","null",2,2.4,1.6001931,-2.2880492,3.5117016,-0.59051704,-12486656
26,22,27,28,"null","null","null",2,5.0,3.8167195,-0.6717541,0.7310606,-2.2381625,-12486656
29,21,30,31,"null","null","null",2,2.5,3.005167,-1.0892061,0.33095554,-2.9852347,-12486656
32,6,33,38,"null","null","null",5,5.8,3.5286398,-0.6366827,2.02628,-2.3868904,-12486656
33,32,34,37,"null","null","null",3,5.8,3.0229464,-0.6278828,3.2790809,-1.3026825,-12486656
34,33,35,36,"null","null","null",2,5.8,2.3134422,-0.6527473,3.7626088,-0.3719896,-11184866
38,32,39,40,"null","null","null",2,5.8,1.2662337,-2.0763686,0.56240034,-3.8140674,-11184866
41,5,42,59,"null","null","null",10,12.7,3.4484403,-0.9791769,0.4220426,-2.8958368,-11184866
42,41,43,54,"null","null","null",9,12.700001,3.688756,-0.44105422,2.0426855,-2.2705576,-11184866
43,42,44,51,"null","null","null",6,6.4,3.2310975,-0.6278828,3.300408,-1.1514504,-11184866
44,43,45,48,"null","null","null",4,6.4,2.5840387,-1.0472604,3.790334,-0.3719896,-8572416
45,44,46,47,"null","null","null",2,6.4,1.6001931,-2.2880492,3.5117016,-0.59051704,-11184866
48,44,49,50,"null","null","null",2,6.4,3.8167195,-0.6717541,0.7310606,-2.2381625,-3014646
51,43,52,53,"null","null","null",2,6.4,3.005167,-1.0892061,0.33095554,-2.9852347,-11184866
54,42,55,58,"null","null","null",3,3.9,1.9703023,-2.0763686,0.56240034,-3.552319,-8572416
55,54,56,57,"null","null","null",2,3.9,3.005167,-1.0892061,0.64591223,-2.9852347,-11184866
60,4,61,64,"null","null","null",3,12.7,2.1434007,-2.010231,0.523484,-3.4706461,-12486656
61,60,62,63,"null","null","null",2,12.7,3.126798,-0.9791769,0.6527475,-2.8544173,-12486656
65,3,66,97,"null","null","null",29,12.7,0.75179124,-2.7233973,0.86650705,-3.4975264,-12486656
66,65,67,90,"null","null","null",16,12.7,2.2960746,-1.9270691,0.50423634,-3.486683,-12486656
67,66,68,89,"null","null","null",12,12.7,3.325274,-0.9791769,0.6527475,-2.8752651,-12486656
68,67,69,80,"null","null","null",11,12.700001,3.5286398,-0.44105422,1.8643985,-2.2438145,-12486656
69,68,70,79,"null","null","null",6,6.4,3.0229464,-0.6278828,3.0686347,-1.3026825,-12486656
70,69,71,78,"null","null","null",5,5.5,2.3134422,-1.5287675,3.489029,-0.3719896,-11184866
71,70,72,75,"null","null","null",4,5.5,1.5501398,-2.9140084,3.1200051,-0.59051704,-11184866
72,71,73,74,"null","null","null",2,5.5,0.4136026,-3.599754,2.3745222,-0.66423035,-11184866
75,71,76,77,"null","null","null",2,5.5,3.3284109,-0.2891283,2.5944998,-1.405283,-12486656
80,68,81,88,"null","null","null",5,12.700001,2.2793033,-2.0763686,0.56240034,-3.4921465,-12486656
81,80,82,87,"null","null","null",4,12.6,3.4068682,-1.0892061,0.64591223,-2.90701,-12486656
82,81,83,86,"null","null","null",3,12.6,3.7300887,-0.41856924,1.4251035,-2.2381625,-12486656
83,82,84,85,"null","null","null",2,12.6,3.3284109,-0.61676,2.5944998,-1.405283,-12486656
90,66,91,94,"null","null","null",4,12.7,0.4428653,-3.2755384,1.9094207,-2.472533,-12486656
91,90,92,93,"null","null","null",2,12.7,0.6619248,-2.5711858,0.7546971,-3.344255,-16731116
94,90,95,96,"null","null","null",2,0.2,1.6917332,-2.1267962,3.58856,-0.35959932,-12486656
97,65,98,121,"null","null","null",13,12.7,0.8210864,-3.5592184,2.3745222,-1.1121998,-12486656
98,97,99,120,"null","null","null",12,12.7,0.5419736,-3.4099586,1.8611718,-2.621341,-12486656
99,98,100,117,"null","null","null",11,12.7,0.6619248,-2.745932,0.49051154,-3.5377054,-12486656
100,99,101,112,"null","null","null",9,12.700001,2.159732,-2.0484705,0.48397285,-3.6238112,-12486656
101,100,102,111,"null","null","null",6,12.7,3.2514257,-1.0892061,0.64591223,-3.0781746,-11184866
102,101,103,108,"null","null","null",5,5.8,3.5280137,-0.41856924,1.8652878,-2.4606762,-11184866
103,102,104,107,"null","null","null",3,3.8,3.0657134,-0.61676,3.1667395,-1.405283,-11184866
104,103,105,106,"null","null","null",2,3.8,2.3408217,-0.6580919,3.7190442,-0.34807962,-12486656
108,102,109,110,"null","null","null",2,5.8,1.0880178,-2.136557,0.60018253,-3.8261664,-11184866
112,100,113,116,"null","null","null",3,12.6,0.48358554,-3.378262,1.9384025,-2.3110356,-12486656
113,112,114,115,"null","null","null",2,4.6,0.65809214,-2.716216,0.86752415,-3.2399788,-11184866
117,99,118,119,"null","null","null",2,12.7,0.844921,-3.524499,2.3807096,-0.39556128,-16731116
122,2,123,130,"Acerodon","null","null",5,6.3,0.40148264,-3.4101982,1.7788414,-2.8520653,-11184866
123,122,124,127,"null","null","null",4,6.3,0.66423047,-2.7414122,0.41482198,-3.7314637,-11184866
124,123,125,126,"null","null","null",2,6.3,1.4433382,-2.010231,0.50423634,-3.7908013,-11184866
127,123,128,129,"null","null","null",2,6.3,0.8210864,-3.5997522,2.3745222,-0.40725175,-12486656
131,1,132,137,"Pteralopex","null","Monkey-faced Bats",4,7.0,0.79509676,-3.4240837,2.3612092,-1.1773208,-8572416
132,131,133,136,"null","null","null",3,7.0,0.5592977,-3.1628768,1.7788414,-2.6272619,-8572416
133,132,134,135,"null","null","null",2,7.0,0.66423047,-2.4198945,0.6411365,-3.4392192,-8572416
138,0,139,140,"null","null","null",2,3.5,1.5045897,-2.4441464,3.4248772,-0.27500063,-11184866
