index,parent,child1,child2,name1,name2,common,richness,lengthbr,hxmax,hxmin,hymax,hymin,color
0,-268348369,1,52,"null","null","null",30,25.6,2.3773332,-1.9577205,0.52348524,-3.5713465,-16731116
1,0,2,33,"Cryptotis","null","Small-eared shrews and more",26,25.4,3.4309142,-0.8051412,0.6527473,-2.9853287,-16731116
2,1,3,30,"null","null","null",16,25.4,3.6659763,-0.44105315,1.8643892,-2.3868947,-16731116
3,2,4,25,"null","null","null",14,25.4,3.2014863,-0.6278822,3.0686283,-1.1166914,-16731116
4,3,5,20,"null","null","null",11,25.4,2.5455422,-1.4435894,3.489027,-0.3719881,-16731116
5,4,6,15,"null","null","null",8,25.4,1.4333931,-2.8032832,3.1200066,-0.590516,-16731116
6,5,7,14,"null","null","null",5,25.4,0.41361272,-3.4558198,2.374523,-0.9977215,-12486656
7,6,8,11,"null","null","null",4,10.7,0.5419725,-3.275545,1.9094278,-2.4725237,-16731116
8,7,9,10,"null","null","null",2,10.7,0.6619246,-2.571195,0.75470394,-3.3442492,-16731116
11,7,12,13,"null","null","null",2,10.7,1.6917387,-2.1267867,3.5885649,-0.35960186,-12486656
15,5,16,19,"null","null","null",3,8.5,3.0657163,-0.2891272,3.1667287,-1.4052919,-16731116
16,15,17,18,"null","null","null",2,8.5,2.3408237,-0.65809226,3.7190394,-0.34807754,-11513776
20,4,21,24,"null","null","null",3,25.4,3.7300925,-0.6717566,1.4250877,-2.2381659,-16731116
21,20,22,23,"null","null","null",2,25.4,3.3284197,-0.61675906,2.5944867,-1.4052919,-16731116
25,3,26,29,"null","null","null",3,8.5,3.4735012,-1.0892141,0.33095467,-2.9070153,-16731116
26,25,27,28,"null","null","null",2,8.5,3.8167186,-0.4185676,0.7310459,-2.2381659,-16731116
30,2,31,32,"null","null","null",2,5.4,1.2662215,-2.0763724,0.5624025,-3.8140683,-16731116
33,1,34,49,"null","null","null",10,25.400002,0.6896813,-2.7459316,0.8857589,-3.537705,-12486656
34,33,35,44,"null","null","null",8,16.1,2.2792964,-2.0484788,0.4839717,-3.623815,-12486656
35,34,36,43,"null","null","null",5,12.3,3.4068658,-1.0892141,0.64591175,-3.0781813,-11184866
36,35,37,40,"null","null","null",4,12.3,3.7300925,-0.4185676,1.4250877,-2.460682,-11184866
37,36,38,39,"null","null","null",2,12.3,3.3284197,-0.61675906,2.5944867,-1.4052919,-11184866
40,36,41,42,"null","null","null",2,12.3,1.0880016,-2.1365619,0.60018545,-3.8261676,-8572416
44,34,45,48,"null","null","null",3,8.4,0.4835881,-3.3782701,1.9384077,-2.3110232,-12486656
45,44,46,47,"null","null","null",2,8.4,0.6580919,-2.716227,0.8675328,-3.2399702,-12486656
49,33,50,51,"null","null","null",2,5.4,0.8449222,-3.5244937,2.38071,-0.3955606,-11184866
52,0,53,58,"Blarina","null","null",4,12.0,0.44286698,-3.3444972,1.8611758,-2.7339127,-16731116
53,52,54,57,"null","null","null",3,10.200001,0.6619246,-2.660833,0.75470304,-3.6840537,-16731116
54,53,55,56,"null","null","null",2,5.9,1.266223,-2.0763721,0.48397177,-3.814068,-16731116
