index,parent,child1,child2,name1,name2,common,richness,lengthbr,hxmax,hxmin,hymax,hymin,color
0,-268399609,1,66,"null","null","null",34,14.1,0.95279163,-2.4522934,0.8449211,-3.50004,-16731116
1,0,2,65,"null","null","null",33,13.999999,2.4882076,-1.9384029,0.52359575,-3.4092364,-16731116
2,1,3,46,"null","null","null",32,13.799999,3.4703028,-0.61727667,0.65809214,-2.7564826,-16731116
3,2,4,45,"null","null","null",22,10.799999,3.624932,-0.46288455,2.1250107,-2.1365573,-16731116
4,3,5,32,"null","null","null",21,10.599999,3.1107178,-0.6376132,3.3079345,-1.0306122,-16731116
5,4,6,27,"null","null","null",14,10.599999,2.462143,-1.6061819,3.6996102,-0.39551753,-12486656
6,5,7,18,"null","null","null",11,10.2,1.4246784,-2.9239225,3.3383713,-0.60428846,-16731116
7,6,8,15,"null","null","null",6,8.3,0.32388112,-3.5074317,2.6735497,-1.3502545,-12486656
8,7,9,14,"null","null","null",4,8.3,0.55929863,-3.2712255,1.7788366,-2.8520713,-12486656
9,8,10,13,"null","null","null",3,8.3,0.6642305,-2.5607474,0.6411318,-3.7314653,-12486656
10,9,11,12,"null","null","null",2,8.3,1.4433452,-2.0102282,0.5042372,-3.7908,-11184866
15,7,16,17,"null","null","null",2,8.3,2.3134413,-0.43901843,3.76261,-0.7370677,-12486656
18,6,19,26,"null","null","null",5,10.0,3.2310956,-0.30320063,3.3004098,-1.3026792,-16731116
19,18,20,23,"null","null","null",4,6.5,2.5840373,-1.0472662,3.7903333,-0.37199032,-16731116
20,19,21,22,"null","null","null",2,6.5,1.6001905,-2.288054,3.5116992,-0.59051746,-16731116
23,19,24,25,"null","null","null",2,6.5,3.8167205,-0.6717531,0.731066,-2.238161,-16777216
27,5,28,31,"null","null","null",3,4.1,3.6822963,-0.63668156,1.6104459,-2.1905591,-8572416
28,27,29,30,"null","null","null",2,2.5,3.2226985,-0.6278831,2.7384934,-1.3026792,-11184866
32,4,33,44,"null","null","null",7,10.6,3.325276,-0.9791734,0.40942776,-2.8958333,-16731116
33,32,34,39,"null","null","null",6,5.5,3.5286393,-0.4410549,2.0262847,-2.2705545,-16731116
34,33,35,38,"null","null","null",3,3.8,3.0229447,-0.6278831,3.2790842,-1.3026792,-16731116
35,34,36,37,"null","null","null",2,2.3,2.3134413,-0.6527471,3.76261,-0.37199032,-16731116
39,33,40,43,"null","null","null",3,2.0,1.9703076,-2.0763667,0.56239915,-3.5523167,-16731116
40,39,41,42,"null","null","null",2,1.8,3.0051708,-1.0892029,0.6459124,-2.9852307,-16777216
46,2,47,64,"null","null","null",10,5.6,0.7517959,-2.4967763,0.86650646,-3.4732878,-16731116
47,46,48,59,"null","null","null",9,5.5,2.2960787,-1.9270651,0.50423694,-3.4551704,-12486656
48,47,49,58,"Chlorocebus","null","null",6,5.4,3.325276,-0.9791734,0.6527477,-2.8342981,-16731116
49,48,50,57,"null","null","null",5,5.4,3.5286393,-0.4410549,2.0426893,-2.1905591,-16731116
50,49,51,56,"null","null","null",4,5.4,3.0229447,-0.6278831,3.3004098,-1.3026792,-16731116
51,50,52,55,"null","null","null",3,5.4,2.3134413,-1.0472662,3.7903333,-0.37199032,-16731116
52,51,53,54,"null","null","null",2,5.4,1.6001905,-2.288054,3.5116992,-0.59051746,-16731116
59,47,60,63,"null","null","null",3,0.7,0.44286406,-3.275535,1.8611695,-2.4725378,-11184866
60,59,61,62,"null","null","null",2,0.5,0.6619249,-2.5711813,0.7546936,-3.344258,-11184866
