index,parent,child1,child2,name1,name2,common,richness,lengthbr,hxmax,hxmin,hymax,hymin,color
0,-268433318,1,52,"null","null","null",47,34.5,0.76705325,-3.4508245,2.558662,-1.345726,-16731116
1,0,2,35,"","some","Pocket Mice",26,31.7,0.5755006,-3.1313152,1.5297128,-2.7631207,-16731116
2,1,3,34,"Chaetodipus","null","null",17,18.5,0.9701214,-2.38071,0.5272858,-3.5095534,-16731116
3,2,4,29,"null","null","null",16,16.300001,2.510735,-1.7993848,0.52359605,-3.4216027,-16731116
4,3,5,26,"null","null","null",13,13.6,3.499587,-0.5831027,0.6580922,-2.7725587,-16731116
5,4,6,21,"null","null","null",11,12.7,3.663,-0.4628849,2.0156538,-2.1631153,-16731116
6,5,7,20,"null","null","null",8,11.099999,3.1602058,-0.6376133,3.1657689,-1.1971812,-16731116
7,6,8,17,"null","null","null",7,7.3999996,2.5264778,-1.7809272,3.5147934,-0.3955179,-16731116
8,7,9,14,"null","null","null",5,7.3999996,1.4209446,-3.1510901,3.0981085,-0.6042887,-16731116
9,8,10,13,"null","null","null",3,7.2,0.32388148,-3.8027482,2.3612084,-0.6648546,-16731116
10,9,11,12,"null","null","null",2,7.2,0.5592989,-3.6551359,1.7788353,-1.9610502,-16731116
14,8,15,16,"null","null","null",2,3.2,3.222697,-0.30320084,2.7384958,-1.3026779,-16731116
17,7,18,19,"null","null","null",2,1.0,3.8270519,-0.6366811,0.9093958,-2.1905582,-12486656
21,5,22,25,"null","null","null",3,11.0,2.1434085,-2.010228,0.5234822,-3.470642,-16731116
22,21,23,24,"null","null","null",2,10.8,3.1268032,-0.9791716,0.65274775,-2.8544111,-16731116
26,4,27,28,"null","null","null",2,4.5,0.38339514,-2.4198875,0.8665061,-3.439223,-12486656
29,3,30,33,"null","null","null",3,8.1,0.40148073,-3.1628714,1.7788374,-2.6272686,-16731116
30,29,31,32,"null","null","null",2,5.0,0.66423047,-2.4198875,0.64113134,-3.439223,-16731116
35,1,36,45,"Perognathus","null","null",9,15.7,1.332169,-2.8598063,3.0981092,-0.27500045,-16731116
36,35,37,44,"null","null","null",5,15.7,0.32388067,-3.4240825,2.361209,-1.177326,-16731116
37,36,38,41,"null","null","null",4,15.7,0.5592982,-3.1628733,1.7948582,-2.6272664,-16731116
38,37,39,40,"null","null","null",2,15.7,0.66423047,-2.4198897,0.6411331,-3.4392219,-16731116
41,37,42,43,"null","null","null",2,15.7,1.6001936,-2.2880483,3.5117025,-0.31738234,-16731116
45,35,46,51,"null","null","null",4,15.7,3.022946,-0.3032004,3.3004088,-1.302682,-16731116
46,45,47,50,"null","null","null",3,15.7,2.313442,-1.0472589,3.7903347,-0.37198973,-12486656
47,46,48,49,"null","null","null",2,15.7,1.6001945,-2.2880476,3.5117025,-0.590517,-16731116
52,0,53,90,"","null","Kangaroo Mice",21,20.6,2.52648,-1.6991826,3.6276631,-0.7052604,-16731116
53,52,54,85,"Dipodomys","null","null",19,6.9,1.3321699,-3.0448253,3.2448409,-0.6042882,-16731116
54,53,55,78,"null","null","null",16,6.7000003,0.3238805,-3.664608,2.5519595,-1.1974833,-16731116
55,54,56,75,"null","null","null",12,6.6,0.5592982,-3.4755564,1.7948582,-2.653471,-16731116
56,55,57,70,"null","null","null",10,5.7,0.8217356,-2.8263779,0.41481966,-3.4732878,-16731116
57,56,58,65,"null","null","null",7,5.7,2.3870003,-1.9270651,0.50423694,-3.4551704,-16731116
58,57,59,64,"null","null","null",4,4.0,3.4434738,-0.9791734,0.6527477,-2.8342981,-16731116
59,58,60,63,"null","null","null",3,2.9,3.6822963,-0.4410549,1.6104459,-2.1905591,-16731116
60,59,61,62,"null","null","null",2,1.8,3.2226985,-0.6278831,2.7384934,-1.3026792,-16731116
65,57,66,69,"null","null","null",3,3.1,0.44286406,-3.275535,1.8611695,-2.4725378,-12486656
66,65,67,68,"null","null","null",2,1.8,0.6619249,-2.5711813,0.7546936,-3.344258,-12486656
70,56,71,74,"null","null","null",3,5.7,0.8210856,-3.7909274,2.374522,-0.47381282,-16731116
71,70,72,73,"null","null","null",2,5.7,0.5419741,-3.7111783,1.8611695,-1.7914354,-16731116
75,55,76,77,"null","null","null",2,2.5,1.6001936,-2.2880483,3.5117025,-0.31738234,-12486656
78,54,79,84,"null","null","null",4,6.2000003,2.313442,-1.528766,3.489029,-0.73706853,-12486656
79,78,80,83,"null","null","null",3,4.3,1.6001945,-2.914007,3.1200054,-0.590517,-11184866
80,79,81,82,"null","null","null",2,2.2,0.4136042,-3.5997536,2.3745222,-0.66423047,-8572416
85,53,86,89,"null","null","null",3,6.4,3.0229464,-0.30320027,3.2790802,-1.3026829,-16731116
86,85,87,88,"null","null","null",2,2.9,2.3134422,-0.65274733,3.7626083,-0.37198955,-16731116
90,52,91,92,"Microdipodops","null","null",2,6.2,3.827052,-0.6366822,0.90938777,-2.1905603,-16731116
