index,parent,child1,child2,name1,name2,common,richness,lengthbr,hxmax,hxmin,hymax,hymin,color
0,-268392357,1,46,"null","null","null",37,25.9,0.7901143,-2.7517567,0.8665067,-3.4732876,-16731116
1,0,2,45,"null","null","null",23,25.9,2.3458936,-2.01023,0.50423664,-3.455171,-16731116
2,1,3,44,"null","null","null",22,19.9,3.390037,-0.979175,0.6527476,-2.8342993,-16731116
3,2,4,43,"null","null","null",21,10.3,3.6128302,-0.44105458,1.864401,-2.1905596,-16731116
4,3,5,36,"null","null","null",20,10.3,3.1323936,-0.62788296,3.0686367,-1.1166822,-16731116
5,4,6,27,"null","null","null",16,9.3,2.4557242,-1.4749868,3.4890296,-0.37198997,-16731116
6,5,7,22,"null","null","null",11,9.3,1.4333838,-2.8440921,3.1200051,-0.5905173,-16731116
7,6,8,21,"null","null","null",8,9.3,0.4136008,-3.5088615,2.3745222,-1.0522765,-16731116
8,7,9,18,"null","null","null",7,9.3,0.5419743,-3.3444917,1.9094158,-2.5434372,-16731116
9,8,10,17,"null","null","null",5,9.3,0.7291248,-2.660825,0.7546941,-3.4364262,-16731116
10,9,11,16,"null","null","null",4,9.3,2.3305678,-2.076367,0.48397338,-3.4921455,-16731116
11,10,12,15,"null","null","null",3,9.3,3.4735096,-1.0892038,0.6459124,-2.9070082,-16731116
12,11,13,14,"null","null","null",2,2.8,3.8167202,-0.4185698,0.73106515,-2.238161,-12486656
18,8,19,20,"null","null","null",2,9.3,1.691729,-2.1268048,3.5885563,-0.35959762,-12486656
22,6,23,26,"null","null","null",3,4.4,3.0657125,-0.28912854,3.1667411,-1.4052815,-16731116
23,22,24,25,"null","null","null",2,4.4,2.3408213,-0.6580918,3.719045,-0.34807998,-16731116
27,5,28,35,"null","null","null",5,9.3,3.5280137,-0.67175364,1.9147013,-2.2381618,-16731116
28,27,29,34,"null","null","null",4,9.3,3.0657125,-0.6167602,3.2309756,-1.4052815,-16731116
29,28,30,33,"null","null","null",3,9.3,2.3408213,-0.8562542,3.8025498,-0.34807998,-16731116
30,29,31,32,"null","null","null",2,9.3,1.691729,-2.1268048,3.5885563,-0.5755011,-16731116
36,4,37,42,"null","null","null",4,7.1,3.406869,-1.0892045,0.33095574,-2.9070091,-16731116
37,36,38,41,"null","null","null",3,4.9,3.7300882,-0.41856956,1.4251064,-2.2381618,-12486656
38,37,39,40,"null","null","null",2,4.9,3.3284092,-0.6167602,2.5945022,-1.4052815,-16731116
46,0,47,72,"null","null","null",14,25.9,0.82108605,-3.6230288,2.3745222,-1.1122022,-16731116
47,46,48,71,"null","null","null",13,19.8,0.5419738,-3.4929109,1.8611706,-2.6213427,-16731116
48,47,49,64,"Scotophilus","null","null",12,5.0,0.66192484,-2.8537698,0.64477277,-3.537706,-16731116
49,48,50,61,"null","null","null",8,5.0,2.1597342,-2.2165565,0.48397315,-3.6238103,-16731116
50,49,51,60,"null","null","null",6,5.0,3.251427,-1.0892045,0.64591235,-3.0781732,-16731116
51,50,52,57,"null","null","null",5,4.9,3.5280137,-0.41856956,1.8652903,-2.4606752,-16731116
52,51,53,56,"null","null","null",3,4.8,3.0657125,-0.6167602,3.1667411,-1.4052815,-16731116
53,52,54,55,"null","null","null",2,4.8,2.3408213,-0.6580918,3.719045,-0.34807998,-16731116
57,51,58,59,"null","null","null",2,2.9,1.0880204,-2.1365561,0.60018194,-3.8261666,-16731116
61,49,62,63,"null","null","null",2,3.7,0.48358494,-3.7564588,1.9384013,-1.618641,-16731116
64,48,65,68,"null","null","null",4,5.0,0.84492064,-3.7671354,2.7278,-0.39556143,-16731116
65,64,66,67,"null","null","null",2,3.7,0.52359617,-3.7564588,1.9384013,-1.618641,-16731116
68,64,69,70,"null","null","null",2,3.7,2.3612084,-0.41842085,3.6646879,-0.7950953,-16731116
