index    parent   name         common       hxmax      hxmin      hymax      hymin     
0        -1       FELIFORMIA   'Cat-like' carnivorans  0.4014834  -3.3939102  1.6207755  -2.6534657 
1        0        null         null         0.82466614  -2.720238  0.57826596  -3.4732869 
2        1                     Mongooses and more  2.390814   -1.9577198  0.50423574  -3.455174 
3        2        Herpestidae  null         3.4484386  -0.72747934  0.6527473  -2.834304 
4        3        null         null         3.6887574  -0.44105333  1.993148   -2.190563 
5        4        null         null         3.2311015  -0.62788224  3.236014   -1.1927643 
6        5        null         null         2.5840425  -1.4674621  3.7066274  -0.37198827 
7        6        null         null         1.6002     -2.8343172  3.4028866  -0.5905161 
8        7        null         null         0.29948735  -3.4961634  2.7422671  -1.052264 
9        8        null         null         0.54197276  -3.3279903  1.8611755  -2.5434277 
10       9        null         null         0.6896833  -2.6393738  0.75470227  -3.436423 
11       10       null         null         2.2792983  -2.0484757  0.4839719  -3.4921477 
12       11       Crossarchus  null         3.4068663  -1.0892112  0.6459119  -2.9070134 
13       12       null         null         3.7300906  -0.4185682  1.4250951  -2.2381644 
14       13       null         null         3.3284154  -0.6167594  2.5944932  -1.4052875 
19       11       null         null         0.48358735  -3.3782663  2.018176   -2.311028 
20       19       Helogale     null         0.658092   -2.7162223  0.8675292  -3.239974 
23       19       Mungos       null         1.7788428  -1.9610344  3.6551418  -0.40148306 
28       8        Bdeogale     null         2.3408232  -0.8562355  3.8025508  -0.7670549 
29       28       null         null         1.6917381  -2.1267884  3.5885634  -0.5754996 
34       6        null         null         3.816719   -0.6717563  0.73104715  -2.2381654 
37       5        null         null         3.2514207  -0.928794  0.33095476  -3.0781808 
38       37       Herpestes    null         3.5280132  -0.41856778  1.7316322  -2.4606814 
39       38       null         null         3.0657163  -0.6167592  2.9929938  -1.2878872 
40       39       null         null         2.3408237  -1.4981303  3.493183   -0.3480777 
41       40       null         null         1.6749506  -2.9612522  3.1863859  -0.5754995 
42       41       null         null         0.52729595  -3.7671328  2.4523013  -0.665    
43       42       null         null         0.5235944  -3.7564626  1.9384081  -1.6186249 
47       41       null         null         3.42488    -0.27500203  2.4441414  -1.5045929 
51       39       null         null         2.8755498  -1.1971917  0.31716022  -3.1081676 
54       38       null         null         1.088003   -2.1365614  0.60018516  -3.8261676 
57       37       Galerella    null         0.35782757  -2.7521362  0.9025997  -3.625095 
58       57       null         null         1.088003   -2.1365614  0.46288314  -3.8261676 
61       57       null         null         0.86650777  -3.4392152  2.4199014  -0.38339412 
65       3        null         null         0.3708     -2.5711937  0.88575876  -3.34425  
68       2        null         null         0.44286668  -3.3444967  1.8611751  -2.5790353 
69       68       null         null         0.66192466  -2.660832  0.7547023  -3.4827123 
70       69       null         null         1.9702926  -2.0763717  0.48397192  -3.5523238 
71       70       Galidictis   null         3.0051594  -1.0892124  0.6459119  -2.9852424 
77       1        null         null         0.8210871  -3.5521073  2.7422667  -1.0878723 
78       77                    Civets, Linsangs and Genets  0.541973   -3.4007165  1.7306787  -2.5897174 
79       78       null         null         0.6729524  -2.733918  0.52233183  -3.4965987 
80       79       null         null         2.2575479  -2.0763717  0.483972   -3.570376 
81       80       null         null         3.378591   -0.88666075  0.6459119  -3.00871  
82       81       null         null         3.693334   -0.41856796  1.7316328  -2.37037  
83       82       null         null         3.280633   -0.6167593  2.9929938  -1.2878861 
84       83       null         null         2.6202157  -1.4981315  3.4931822  -0.3480779 
85       84       null         null         1.6917381  -2.9612532  3.1863844  -0.5754996 
86       85       null         null         0.52729416  -3.7671332  2.4522996  -0.665    
87       86       null         null         0.52359474  -3.756462  1.9384072  -1.6186279 
92       84       null         null         3.7661514  -0.7052624  1.2371144  -2.2791796 
93       92       null         null         3.424879   -0.6042874  2.4441426  -1.504592 
97       83       null         null         2.8755507  -1.1971908  0.31716034  -3.1081667 
100      82       null         null         1.7924029  -2.136561  0.6001849  -3.6229677 
101      100      null         null         2.8755507  -1.1971908  0.6376125  -3.1081667 
105      81       null         null         0.35782766  -2.7521353  0.9025996  -3.6250951 
106      105      Prionodon    null         1.0880044  -2.136561  0.4628833  -3.826167 
109      105      Poiana       null         0.86650765  -3.4392157  2.4199004  -0.3833942 
113      79       null         null         0.8449218  -3.4974642  2.4522986  -1.0443795 
114      113      null         null         0.5235949  -3.4058914  1.9384065  -2.607275 
115      114      Viverra      null         0.6580919  -2.7521348  0.5831129  -3.6250956 
116      115      null         null         1.0880057  -2.1365607  0.46288347  -3.8261673 
119      115      null         null         0.86650753  -3.4392166  2.4198992  -0.3833943 
124      78       null         null         1.5297177  -2.8129373  3.1863837  -0.35960087 
125      124      null         null         0.5272926  -3.5743208  2.4522986  -0.9035067 
126      125      null         null         0.5235949  -3.5058048  1.9384065  -2.4241402 
127      126      null         null         0.6580919  -2.8820221  0.8675309  -3.3870203 
128      127      null         null         2.1815698  -2.305414  0.46288347  -3.5166693 
129      128      Paradoxurus  null         3.381467   -1.19719   0.6376126  -2.9699783 
130      129      null         null         3.795209   -0.39551598  0.6459123  -2.2791793 
134      128      null         null         0.52348506  -3.7908025  2.0102334  -1.4433314 
140      124      null         null         3.0981107  -0.27500093  3.1510835  -1.5045902 
141      140      null         null         2.3612094  -0.66483635  3.8027482  -0.32387942 
142      141      null         null         1.7788432  -1.9610337  3.6551423  -0.55929744 
147      77       null         null         2.3408232  -0.8562385  3.8025513  -0.76705456 
148      147      null         null         1.6917367  -2.126791  3.588563   -0.57549983 
152      0        null         null         1.433391   -2.8773522  3.120006   -0.3173847 
153      152      Felidae      null         0.41361004  -3.5521073  2.3745227  -1.0878718 
154      153      null         null         0.5419729  -3.4007168  1.9094253  -2.5897171 
155      154      null         null         0.66192466  -2.7339182  0.5223322  -3.4965985 
156      155      null         null         2.159725   -2.0607538  0.48397192  -3.570376 
157      156      null         null         3.2514215  -0.8957425  0.6459119  -3.00871  
158      157      null         null         3.5280132  -0.41856796  1.7316328  -2.37037  
159      158      null         null         3.0657158  -0.6167593  2.9929938  -1.2264694 
160      159      null         null         2.3408232  -1.3385634  3.4931822  -0.3480779 
161      160                   Big cats     1.6917381  -2.7538147  3.1863844  -0.5754996 
162      161      null         null         0.52729416  -3.4974635  2.4522996  -1.0443783 
163      162      Panthera     null         0.52359474  -3.4058914  1.9384072  -2.607274 
164      163      null         null         0.6580919  -2.752135  0.86753106  -3.6250951 
165      164      null         null         1.088007   -2.1365604  0.46288338  -3.8261669 
173      159      Lynx         Lynx and more  3.3591144  -1.1971908  0.31716034  -2.9699788 
174      173      null         null         3.7661514  -0.3955158  1.2371144  -2.2791796 
175      174      null         null         3.424879   -0.6042874  2.4441426  -1.504592 
180      158      null         null         1.7924029  -2.136561  0.6001849  -3.6229677 
181      180      Catopuma     null         2.8755507  -1.1971908  0.6376125  -3.1081667 
185      157      Leopardus    null         0.5562768  -2.7725692  0.9025996  -3.3870199 
186      185      null         null         2.1643748  -2.163125  0.4628833  -3.5166693 
187      186      null         null         3.3591144  -1.1971908  0.6376125  -2.9699788 
188      187      null         null         3.7661514  -0.3955158  1.2371144  -2.2791796 
189      188      null         null         3.424879   -0.6042874  2.4441426  -1.504592 
194      186      null         null         0.52348536  -3.4706507  2.0102339  -2.143393 
195      194      null         null         0.6527472  -2.854424  0.9791821  -3.1267922 
199      185      null         null         0.86650765  -3.4392157  2.4199004  -0.3833942 
202      156      null         null         0.48358747  -3.405892  1.9384067  -2.510728 
203      202      null         null         0.6580919  -2.7521353  0.8675311  -3.4995847 
204      203      Felis        null         2.1643755  -2.1365607  0.46288338  -3.6630032 
205      204      null         null         3.3591146  -1.0122135  0.6376126  -3.1602125 
206      205      null         null         3.766151   -0.39551598  1.2371159  -2.5264835 
207      206      null         null         3.4248781  -0.6042875  2.4441435  -1.5045913 
210      206      null         null         0.9093777  -2.1905632  0.6366842  -3.827052 
213      205      null         null         0.34452844  -2.854424  0.9791818  -3.1267924 
219      155      Prionailurus  null         0.84492195  -3.4974642  2.4522986  -1.0443795 
220      219      null         null         0.5235949  -3.4058914  1.9384065  -2.607275 
221      220      null         null         0.6580919  -2.7521348  0.8675309  -3.6250956 
222      221      null         null         1.0880057  -2.1365607  0.46288347  -3.8261673 
228      154      Puma         null         1.6917369  -2.1267903  3.588563   -0.35960102 
232      152      Hyaenidae    Hyena family  3.0657156  -0.28912753  3.2309704  -1.4052894 
233      232      null         null         2.3408232  -0.85623765  3.802551   -0.3480781 
234      233      Hyaena       null         1.6917369  -2.1267903  3.588563   -0.5754998 
