index,parent,child1,child2,name1,name2,common,richness,lengthbr,hxmax,hxmin,hymax,hymin,color
0,-268366839,1,26,"null","null","null",26,11.3,0.5592984,-3.4101982,1.6207696,-2.6814811,-16731116
1,0,2,23,"null","null","null",13,10.400001,0.75179744,-2.7414122,0.41481906,-3.5096998,-16731116
2,1,3,22,"null","null","null",11,8.5,2.29608,-2.0102282,0.5042372,-3.5025048,-16731116
3,2,4,19,"Platyrrhinus","null","Broad-nosed Bats",10,8.3,3.3252766,-0.72746766,0.65274775,-2.8958325,-16731116
4,3,5,14,"null","null","null",8,8.3,3.528639,-0.44105512,2.0426908,-2.270554,-16731116
5,4,6,11,"null","null","null",5,8.3,3.0229437,-0.6278832,3.3004107,-1.1514455,-16731116
6,5,7,10,"null","null","null",3,8.3,2.3134403,-1.0472679,3.7903333,-0.37199056,-16731116
7,6,8,9,"null","null","null",2,8.3,1.6001897,-2.2880554,3.5116982,-0.59051764,-16731116
11,5,12,13,"null","null","null",2,8.3,3.0051699,-1.0892038,0.3309561,-2.9852314,-16731116
14,4,15,18,"null","null","null",3,8.3,1.9703064,-2.076367,0.5623988,-3.5523171,-12486656
15,14,16,17,"null","null","null",2,8.3,3.0051699,-1.0892038,0.6459124,-2.9852314,-12486656
19,3,20,21,"null","null","null",2,8.3,0.37080103,-2.571182,0.8857573,-3.3442578,-16731116
23,1,24,25,"Uroderma","null","null",2,8.8,0.82108533,-3.5997553,2.3745222,-0.4072522,-16731116
26,0,27,42,"null","null","null",13,11.3,1.533317,-2.931914,3.1200051,-0.3173819,-16731116
27,26,28,41,"null","null","null",8,11.3,0.4136008,-3.6230302,2.3745222,-1.0796645,-16731116
28,27,29,40,"null","null","null",7,10.7,0.5419743,-3.4929109,1.8611686,-2.5790417,-16731116
29,28,30,35,"Vampyressa","null","Yellow-eared Bats",6,10.1,0.6619249,-2.8537698,0.522323,-3.482712,-16731116
30,29,31,34,"null","null","null",3,5.2,1.9703064,-2.076367,0.48397338,-3.5523171,-12486656
31,30,32,33,"null","null","null",2,3.4,3.0051699,-1.0892038,0.6459124,-2.9852314,-16731116
35,29,36,39,"null","null","null",3,6.0,0.8449204,-3.767136,2.4522898,-0.39556158,-16731116
36,35,37,38,"null","null","null",2,6.0,0.52359635,-3.7564592,1.9384005,-1.6186413,-16731116
42,26,43,50,"Chiroderma","null","Big-eyed Bats",5,4.6,3.2905622,-0.28912854,3.2309756,-1.4052815,-16731116
43,42,44,47,"null","null","null",4,4.5,2.6331258,-0.8562542,3.8025498,-0.34807998,-16731116
44,43,45,46,"null","null","null",2,2.2,1.691729,-2.1268048,3.5885563,-0.5755011,-12486656
47,43,48,49,"null","null","null",2,2.2,3.7952113,-0.7052593,0.55373704,-2.2791758,-16731116
