index,parent,child1,child2,name1,name2,common,richness,lengthbr,hxmax,hxmin,hymax,hymin,color
0,-268345338,1,42,"null","null","null",22,11.9,0.55929816,-3.4101982,1.7788392,-2.6814795,-16731116
1,-268435456,2,39,"null","null","null",21,11.9,0.82467246,-2.7414122,0.41482127,-3.5096993,-16731116
2,-268435455,3,24,"null","null","null",19,11.9,2.3908195,-1.9868107,0.5042366,-3.5025067,-16731116
3,-268435454,4,21,"null","null","null",11,11.9,3.448441,-0.72747207,0.6527476,-2.895836,-16731116
4,-268435453,5,16,"null","null","null",9,11.9,3.688756,-0.44105446,1.8643999,-2.2705572,-16731116
5,-268435452,6,15,"null","null","null",6,11.9,3.231097,-0.6278829,3.068636,-1.3026817,-16731116
6,-268435451,7,12,"null","null","null",5,11.9,2.5840385,-1.5287691,3.4890292,-0.37198985,-16731116
7,-268435450,8,11,"null","null","null",3,6.2,1.6001925,-2.9140096,3.1200047,-0.59051716,-16731116
8,-268435449,9,10,"null","null","null",2,6.2,0.4136023,-3.5997548,2.3745217,-0.66423035,-16731116
12,-268435450,13,14,"null","null","null",2,11.9,3.81672,-0.67175376,0.73105973,-2.2381623,-16731116
16,-268435452,17,20,"null","null","null",3,11.9,1.9703012,-2.076369,0.5624,-3.5523193,-12486656
17,-268435440,18,19,"null","null","null",2,11.9,3.005166,-1.0892072,0.64591223,-2.9852352,-16731116
21,-268435453,22,23,"null","null","null",2,11.9,0.37080067,-2.5711865,0.8857578,-3.3442545,-16731116
24,-268435454,25,38,"null","null","null",8,11.9,0.4428649,-3.4099588,1.861171,-2.5434334,-12486656
25,-268435432,26,35,"null","null","null",7,10.9,0.68968856,-2.745932,0.49051207,-3.4364245,-16731116
26,-268435431,27,34,"null","null","null",5,10.9,2.2793026,-2.076369,0.48397276,-3.4921463,-16731116
27,-268435430,28,33,"null","null","null",4,10.9,3.406868,-1.0892072,0.64591223,-2.90701,-16731116
28,-268435429,29,32,"null","null","null",3,10.9,3.7300892,-0.41856912,1.4251027,-2.2381623,-16731116
29,-268435428,30,31,"null","null","null",2,10.9,3.3284116,-0.61675996,2.594499,-1.4052837,-12486656
35,-268435431,36,37,"null","null","null",2,10.9,0.8449211,-3.5244987,2.3807101,-0.39556122,-11184866
39,-268435455,40,41,"null","null","null",2,11.9,0.82108617,-3.5997534,2.3745224,-0.40725186,-8572416
