index    parent   name         common       hxmax      hxmin      hymax      hymin     
0        -1       null         null         0.39551646  -3.671906  2.393854   -1.6631224 
1        0        RODENTIA     Rodents      0.60428786  -3.3023582  1.3321717  -2.9979496 
2        1        SCIUROMORPHA  Dormice, Squirrels and more  1.1927593  -3.2064073  3.0229466  -0.3032   
3        2        null         null         0.37198922  -3.6681347  2.3134422  -1.5005729 
4        3        Sciuridae    Squirrels, Chipmunks and more  0.5905168  -3.3528433  1.6001947  -2.877357 
5        4        null         null         1.0751538  -2.6772118  0.33634543  -3.5521092 
6        5                     Pygmy Squirrels, Giant Squirrels and more  2.5731802  -1.7061999  0.5419737  -3.4007158 
7        6        null         null         3.4750953  -0.67204434  0.66192484  -2.7339165 
8        7        null         null         0.9518968  -2.7891603  0.84492064  -3.4974651 
9        8        Funambulus   null         2.4870431  -1.9384017  0.52359605  -3.4058878 
10       9        null         null         3.4687877  -0.8675231  0.6580922  -2.752129 
11       10       null         null         3.622961   -0.4628849  1.7924187  -2.1365566 
12       11       null         null         3.1081553  -0.6376133  2.8755634  -1.1971812 
18       8        null         null         0.79509544  -3.8027482  2.3612084  -0.66484976 
19       18       null         null         0.55929846  -3.6551375  1.7788374  -1.9610459 
23       6        null         null         0.3595989  -3.1313152  1.6917318  -2.774618 
24       23       null         null         0.665      -2.38071   0.5272858  -3.5244997 
28       5                     Ground Squirrels and more  0.76705325  -3.6561825  2.5084972  -1.343874 
29       28       null         null         0.5755006  -3.3982806  1.674941   -2.760713 
30       29       Sciurotamias_some  Rock Squirrels  1.5045854  -2.4441533  3.4248726  -0.27500045 
33       28       _some        Ground Squirrels  2.2791772  -1.5568599  3.514793   -0.7052604 
34       33       null         null         1.504586   -2.8598058  3.0981097  -0.6042882 
35       34       Xerus        null         0.3238805  -3.4240825  2.361209   -1.177326 
36       35       null         null         0.5592982  -3.1628733  1.7788389  -2.6272664 
37       36       null         null         0.66423047  -2.4198897  0.6411331  -3.4392219 
46       2        Gliridae_most  Dormice      3.078177   -0.33095533  3.2514238  -0.92879367 
47       46       null         null         2.4606786  -1.8280995  3.5280132  -0.41856873 
48       47       Graphiurus   null         1.4052863  -3.1183975  3.0657144  -0.61675966 
49       48       null         null         0.34807888  -3.6562028  2.3408222  -1.3385706 
50       49       null         null         0.57550037  -3.3983078  1.5297141  -2.75382  
51       50       null         null         0.95189494  -2.7278004  0.33849102  -3.4974644 
52       51       null         null         2.487042   -1.9384029  0.52359575  -3.4058883 
53       52       null         null         3.4687877  -0.86752474  0.65809214  -2.7521303 
54       53       null         null         3.6229622  -0.46288455  1.7924159  -2.1365573 
55       54       null         null         3.1081572  -0.6376132  2.875561   -1.1971827 
61       51       null         null         0.7950959  -3.6646872  2.361209   -0.4184206 
64       50       null         null         1.4209516  -3.151086  3.0981097  -0.2750002 
65       64       null         null         0.3238803  -3.802748  2.361209   -0.6648438 
66       65       null         null         0.5592979  -3.6551394  1.7788401  -1.9610406 
70       64       null         null         3.222704   -0.3032002  2.7384875  -1.3026838 
75       47       null         null         3.8261673  -0.6001837  1.0880102  -2.136559 
78       46       null         null         3.3870215  -0.9025991  0.55628085  -2.7672744 
79       78       null         null         3.5166688  -0.462884  2.1643784  -2.1562433 
80       79       null         null         2.969977   -0.6376128  3.3591158  -1.0032684 
81       80       null         null         2.2791781  -1.2371211  3.76615    -0.39551657 
82       81       null         null         1.5045888  -2.444148  3.4248753  -0.60428786 
86       80       Eliomys      null         3.5548208  -0.9791791  0.3445288  -2.8343022 
87       86       null         null         3.827052   -0.44105384  0.90938234  -2.1905618 
91       79       null         null         2.4726484  -2.0102317  0.5234841  -3.4551728 
92       91       Myomimus     null         3.5548208  -0.9791791  0.65274745  -2.8343022 
93       92       null         null         3.827052   -0.44105384  0.90938234  -2.1905618 
99       0        LAGOMORPHA   null         2.26616    -1.9703776  3.5286398  -0.6366832 
100      99       Leporidae    Rabbits and Hares  1.1166875  -3.2064102  3.0229473  -0.62788254 
101      100      null         null         0.37198886  -3.66814   2.3134427  -1.4674666 
102      101      null         null         0.59051657  -3.3528512  1.6001961  -2.8343198 
103      102      null         null         1.0522699  -2.6772215  0.3917377  -3.4961624 
104      103      null         null         2.5434322  -1.909421  0.5419735  -3.3279862 
105      104      null         null         3.4364245  -0.7546976  0.676437   -2.6393683 
106      105      Lepus        Hares and Jackrabbits  3.4921463  -0.48397276  2.2620757  -2.0484712 
107      106      null         null         2.9070103  -0.64591223  3.3844728  -0.88665444 
108      107      null         null         2.2381625  -1.7906622  3.7009754  -0.41856912 
109      108      null         null         1.3110098  -3.0697265  3.2905636  -0.61675996 
110      109      null         null         0.3480795  -3.592928  2.6331267  -1.3385744 
111      110      null         null         0.5755007  -3.316049  1.636495   -2.7538228 
112      111      null         null         0.9518985  -2.620864  0.33848894  -3.4974651 
113      112      null         null         2.4870446  -1.7993846  0.5235962  -3.4058871 
114      113      null         null         3.4687881  -0.86752254  0.65809226  -2.752128 
115      114      null         null         3.6229606  -0.46288514  1.7924204  -2.1365557 
116      115      null         null         3.1081543  -0.6376134  2.8755643  -1.1971804 
121      113      null         null         0.40148032  -3.1628723  1.7948548  -2.6272693 
122      121      null         null         0.6642305  -2.4198883  0.6411318  -3.4392228 
125      121      null         null         1.6001905  -2.288054  3.5116992  -0.31738126 
128      112      null         null         0.7950952  -3.424083  2.3612084  -1.1773298 
129      128      null         null         0.55929863  -3.1628723  1.7788366  -2.6272693 
130      129      null         null         0.6642305  -2.4198883  0.6411318  -3.4392228 
135      111      null         null         1.5045831  -2.859808  3.3383713  -0.2750006 
136      135      null         null         0.32388112  -3.424083  2.6735497  -1.1773298 
137      136      null         null         0.55929863  -3.1628723  1.7788366  -2.6272693 
138      137      null         null         0.6642305  -2.4198883  0.6411318  -3.4392228 
142      136      null         null         2.3134413  -0.43901843  3.76261    -0.7370677 
146      110      null         null         2.2791767  -0.5537334  3.7952106  -0.70526004 
149      109      null         null         3.1602068  -0.31716126  3.3591175  -1.1971827 
150      149      null         null         2.5264788  -1.2371311  3.766148   -0.39551753 
151      150      null         null         1.5045831  -2.4441566  3.4248705  -0.60428846 
154      150      null         null         3.827052   -0.63668156  0.90939295  -2.1905591 
159      107      null         null         3.625099   -0.90259886  0.35782835  -2.7521303 
160      159      null         null         3.8261669  -0.46288455  1.0880169  -2.1365573 
164      106      null         null         2.3110347  -1.9384029  0.48358572  -3.3782628 
165      164      null         null         3.2399783  -0.86752474  0.65809214  -2.716217 
170      104      null         null         0.35959953  -3.5885596  1.691733   -2.1267972 
173      103      null         null         0.7670537  -3.6562028  2.6331277  -1.3840475 
174      173      Sylvilagus   Cottontail Rabbits  0.57550037  -3.3983078  1.6749427  -2.81294  
175      174      null         null         0.9035135  -2.7278004  0.33849102  -3.5743203 
176      175      null         null         2.424146   -1.9384029  0.52359575  -3.5058007 
177      176      null         null         3.3870227  -0.72600365  0.65809214  -2.8820162 
178      177      null         null         3.5166678  -0.46288455  2.181579   -2.305409 
179      178      null         null         2.9699745  -0.6376132  3.3814733  -1.1971827 
180      179      null         null         2.2791767  -0.64591175  3.7952106  -0.39551753 
184      178      null         null         1.4433434  -2.0102289  0.5234828  -3.7908003 
187      177      null         null         0.63435555  -2.7414122  0.86650646  -3.4851902 
188      187      null         null         2.1434062  -2.0102289  0.50423694  -3.4706433 
189      188      null         null         3.1268015  -0.9791734  0.6527477  -2.854413 
193      187      null         null         0.8210856  -3.5997543  2.374522   -0.40725207 
197      175      null         null         0.7950959  -3.6646872  2.361209   -0.4184206 
200      174      null         null         1.5045867  -2.4441512  3.424874   -0.2750002 
203      173      null         null         2.2791777  -0.5537266  3.79521    -0.7052609 
208      100      null         null         2.907013   -0.33095512  3.4068668  -1.0892107 
209      208      Pronolagus   null         2.2381642  -1.4250951  3.7300906  -0.41856837 
210      209      null         null         1.4052877  -2.5944932  3.3284154  -0.6167594 
215      99       Ochotonidae  Pikas        3.5424204  -0.56240124  2.1597273  -2.0763705 
216      215      null         null         2.9723673  -0.645912  3.2514226  -0.8866587 
217      216      null         null         2.323125   -1.8280969  3.5280132  -0.41856837 
218      217      null         null         1.2264667  -3.1183956  3.0657148  -0.6167594 
219      218      null         null         0.34807852  -3.6562018  2.3408225  -1.325995 
220      219      null         null         0.57550013  -3.398308  1.6917346  -2.7374728 
221      220      null         null         0.8165023  -2.7278004  0.33849198  -3.4762144 
222      221      null         null         2.3110323  -2.0181732  0.52359545  -3.3782644 
223      222      null         null         3.2399766  -0.8675265  0.6580921  -2.716219 
226      222      null         null         0.401482   -3.6551394  1.7788401  -1.9610406 
229      221      null         null         0.7950963  -3.664686  2.361209   -0.41842043 
234      218      null         null         2.9699774  -0.3171607  3.165763   -1.1971881 
235      234      null         null         2.2791786  -1.6992228  3.514792   -0.3955164 
236      235      null         null         1.4209557  -3.044881  3.0981104  -0.60428774 
237      236      null         null         0.32387957  -3.6646843  2.3612094  -0.6619248 
240      236      null         null         3.2227073  -0.30319974  2.7384832  -1.3026869 
245      217      null         null         3.516669   -0.6001842  2.1815712  -2.13656  
246      245      null         null         2.9699779  -0.6376127  3.381468   -1.1971889 
247      246      null         null         2.2791789  -0.6459122  3.7952094  -0.39551622 
252      216      null         null         3.4995852  -0.90259933  0.44186902  -2.7521338 
253      252      null         null         3.6630027  -0.4628837  2.0156438  -2.13656  
254      253      null         null         3.1602116  -0.6376127  3.1657624  -1.1971889 
255      254      null         null         2.5264828  -1.6992218  3.514792   -0.39551622 
256      255      null         null         1.5045903  -3.0448804  3.0981107  -0.6042876 
257      256      null         null         0.3238794  -3.6646843  2.3612094  -0.66192484 
261      255      null         null         3.8270519  -0.6366839  0.90937954  -2.1905627 
266      252      null         null         0.38339442  -2.419898  0.8665073  -3.439217 
