index,parent,child1,child2,name1,name2,common,richness,lengthbr,hxmax,hxmin,hymax,hymin,color
0,-268392355,1,110,"null","null","null",59,10.799999,2.3938518,-1.6552904,3.514793,-0.39551717,-16731116
1,0,2,105,"null","null","null",55,10.8,1.3321686,-2.9877653,3.0981092,-0.6042883,-16731116
2,1,3,104,"null","null","null",52,10.8,0.32388073,-3.590429,2.361209,-1.2503619,-16731116
3,2,4,89,"null","null","null",51,10.8,0.5592984,-3.3791232,1.6207696,-2.722212,-16731116
4,3,5,76,"null","null","null",43,10.8,0.8246769,-2.7010148,0.5617643,-3.5626502,-16731116
5,4,6,45,"null","null","null",36,10.6,2.3908234,-1.950375,0.5042372,-3.5713406,-16731116
6,5,7,28,"null","null","null",20,10.6,3.448443,-0.81523705,0.65274775,-2.9853194,-16731116
7,6,8,25,"null","null","null",11,10.6,3.6887553,-0.44105512,1.8644047,-2.386887,-12486656
8,7,9,18,"null","null","null",9,8.3,3.2310948,-0.6278832,3.0686388,-1.1166797,-12486656
9,8,10,15,"null","null","null",5,8.3,2.5840368,-1.5287743,3.48903,-0.37199056,-12486656
10,9,11,14,"null","null","null",3,8.3,1.6001897,-2.9140136,3.1200042,-0.59051764,-12486656
11,10,12,13,"null","null","null",2,8.3,0.4135989,-3.5997567,2.3745215,-0.66423035,-12486656
15,9,16,17,"null","null","null",2,8.3,3.8167202,-0.67175275,0.73106515,-2.238161,-12486656
18,8,19,22,"null","null","null",4,8.3,3.4735096,-0.92879295,0.3309561,-2.9070082,-12486656
19,18,20,21,"null","null","null",2,8.3,3.8167202,-0.4185698,0.73106515,-2.238161,-16731116
22,18,23,24,"null","null","null",2,8.3,0.35782874,-2.7162147,0.90259826,-3.23998,-11184866
25,7,26,27,"null","null","null",2,2.9,1.2662381,-2.076367,0.5623988,-3.8140666,-16731116
28,6,29,44,"null","null","null",9,10.599999,0.59771526,-2.768663,0.8857573,-3.4364262,-16731116
29,28,30,41,"null","null","null",8,9.9,2.1597354,-2.216556,0.48397338,-3.4921455,-16731116
30,29,31,40,"null","null","null",6,8.5,3.2514277,-1.0892038,0.6459124,-2.9070082,-16731116
31,30,32,39,"null","null","null",5,8.5,3.5280137,-0.4185698,1.9147029,-2.238161,-16731116
32,31,33,38,"null","null","null",4,5.6,3.065712,-0.6167603,3.2309766,-1.4052806,-12486656
33,32,34,37,"null","null","null",3,5.6,2.3408208,-0.85625637,3.8025498,-0.34808022,-12486656
34,33,35,36,"null","null","null",2,5.6,1.6917281,-2.1268067,3.5885556,-0.5755012,-11184866
41,29,42,43,"null","null","null",2,2.8,0.48358452,-3.7564592,1.9384005,-1.6186413,-11513776
45,5,46,67,"null","null","null",16,10.6,0.44286364,-3.3279839,1.7306687,-2.6213453,-16731116
46,45,47,66,"null","null","null",11,10.6,0.6619249,-2.6393647,0.7546941,-3.5377066,-16731116
47,46,48,59,"null","null","null",10,5.8,2.1597354,-2.0484684,0.48397338,-3.6238103,-16731116
48,47,49,58,"null","null","null",6,5.8,3.2514277,-1.0892038,0.6459124,-3.0781724,-16731116
49,48,50,55,"null","null","null",5,5.8,3.5280137,-0.4185698,1.8652921,-2.4606745,-16731116
50,49,51,54,"null","null","null",3,5.8,3.065712,-0.6167603,3.1667423,-1.4052806,-16731116
51,50,52,53,"null","null","null",2,2.3,2.3408208,-0.6580918,3.7190452,-0.34808022,-16731116
55,49,56,57,"null","null","null",2,5.8,1.0880196,-2.1365566,0.6001816,-3.8261666,-16731116
59,47,60,63,"null","null","null",4,5.8,0.48358452,-3.3782616,2.0181682,-2.3110387,-16731116
60,59,61,62,"null","null","null",2,5.8,0.65809226,-2.7162147,0.8675231,-3.23998,-16731116
63,59,64,65,"null","null","null",2,5.8,1.7788361,-1.9610482,3.6551366,-0.40148008,-16777216
67,45,68,75,"null","null","null",5,1.8,1.691729,-2.7374768,3.1863751,-0.35959762,-16731116
68,67,69,74,"null","null","null",4,1.8,0.52728236,-3.4762132,2.4522882,-0.8165132,-16731116
69,68,70,73,"null","null","null",3,1.5,0.5235966,-3.3782582,1.9383993,-2.3110423,-16731116
70,69,71,72,"null","null","null",2,1.5,0.6580924,-2.7162104,0.8675197,-3.239983,-16731116
76,4,77,86,"null","null","null",7,10.8,0.82108533,-3.5088615,2.7051492,-1.0796645,-16731116
77,76,78,85,"null","null","null",5,10.8,0.5419743,-3.3444917,1.8611686,-2.5790417,-16731116
78,77,79,84,"null","null","null",4,10.8,0.6619249,-2.660825,0.7546941,-3.482712,-16731116
79,78,80,83,"null","null","null",3,10.8,1.9703064,-2.076367,0.48397338,-3.5523171,-16731116
80,79,81,82,"null","null","null",2,3.8,3.0051699,-1.0892038,0.6459124,-2.9852314,-16731116
86,76,87,88,"null","null","null",2,10.8,2.3408213,-0.42902362,3.719045,-0.76705235,-16731116
89,3,90,103,"null","null","null",8,10.799999,1.6001918,-2.8440921,3.1200051,-0.3173819,-16731116
90,89,91,102,"null","null","null",7,6.2,0.4136008,-3.5088615,2.3745222,-1.198804,-16731116
91,90,92,97,"null","null","null",6,6.2,0.5419743,-3.3444917,1.7061975,-2.7339232,-16731116
92,91,93,96,"null","null","null",3,6.2,0.6619249,-2.660825,0.7546941,-3.6840577,-16731116
93,92,94,95,"null","null","null",2,3.0,1.2662381,-2.076367,0.48397338,-3.8140666,-16731116
97,91,98,101,"null","null","null",3,6.2,1.691729,-2.774622,3.131315,-0.35959762,-12486656
98,97,99,100,"null","null","null",2,3.0,0.52728236,-3.524502,2.38071,-0.665,-16731116
105,1,106,109,"null","null","null",3,10.8,3.0229454,-0.30320042,3.2790823,-1.3026809,-16731116
106,105,107,108,"Cistugo","null","null",2,1.1,2.3134418,-0.6527472,3.7626092,-0.37198997,-16731116
110,0,111,116,"null","null","null",4,10.799999,3.5286393,-0.63668215,2.0262823,-2.1905596,-12486656
111,110,112,115,"null","null","null",3,8.2,3.0229454,-0.62788296,3.2790823,-1.3026809,-12486656
112,111,113,114,"null","null","null",2,8.2,2.3134418,-0.6527472,3.7626092,-0.37198997,-12486656
