index,parent,child1,child2,name1,name2,common,richness,lengthbr,hxmax,hxmin,hymax,hymin,color
0,-268425183,1,38,"null","null","null",22,16.3,2.345897,-1.9270647,0.5042372,-3.5025048,-16731116
1,0,2,37,"null","null","null",19,16.3,3.3900387,-0.9791728,0.65274775,-2.8958325,-16731116
2,1,3,30,"null","null","null",18,16.3,3.61283,-0.44105512,1.9801664,-2.270554,-16731116
3,2,4,29,"","null","Hocicudos",14,6.4,3.132392,-0.6278832,3.219129,-1.3026786,-16731116
4,3,5,20,"null","null","null",13,6.4,2.4557228,-1.4436026,3.684667,-0.37199056,-16731116
5,4,6,15,"null","null","null",8,6.4,1.4333814,-2.8032904,3.3743324,-0.59051764,-16731116
6,5,7,12,"null","null","null",5,6.4,0.29949006,-3.4558165,2.705148,-0.9977443,-16731116
7,6,8,11,"null","null","null",3,6.4,0.5419747,-3.2755313,1.8611665,-2.4725435,-16731116
8,7,9,10,"null","null","null",2,6.4,0.66192496,-2.571176,0.7546901,-3.3442616,-16731116
12,6,13,14,"null","null","null",2,2.5,2.3408208,-0.4290239,3.7190452,-0.7670516,-16731116
15,5,16,19,"null","null","null",3,6.4,3.065712,-0.2891289,3.1667423,-1.4052806,-16731116
16,15,17,18,"null","null","null",2,6.4,2.3408208,-0.6580918,3.7190452,-0.34808022,-16731116
20,4,21,28,"null","null","null",5,6.4,3.5280137,-0.67175275,1.9147029,-2.238161,-16731116
21,20,22,27,"null","null","null",4,6.4,3.065712,-0.6167603,3.2309766,-1.4052806,-16731116
22,21,23,26,"null","null","null",3,6.4,2.3408208,-0.85625637,3.8025498,-0.34808022,-16731116
23,22,24,25,"null","null","null",2,2.5,1.6917281,-2.1268067,3.5885556,-0.5755012,-16731116
30,2,31,34,"Neacomys","null","Bristly Mice",4,6.2,1.9703064,-2.216556,0.5623988,-3.5523171,-16731116
31,30,32,33,"null","null","null",2,6.2,3.0051699,-1.0892038,0.6459124,-2.9852314,-16731116
34,30,35,36,"null","null","null",2,6.2,0.48358452,-3.7564592,1.9384005,-1.6186413,-16731116
38,0,39,42,"Melanomys","null","null",3,4.9,0.44286364,-3.2755356,1.8611686,-2.4725387,-12486656
39,38,40,41,"null","null","null",2,4.9,0.6619249,-2.571182,0.7546941,-3.3442578,-16731116
