index    parent   name         common       hxmax      hxmin      hymax      hymin     
0        -1       null         null         3.542417   -0.4839731  2.2184408  -2.0758142 
1        0        null         null         2.972362   -0.64591235  3.3277462  -0.88665277 
2        1        null         null         2.3231204  -1.8036346  3.6272292  -0.41856945 
3        2        null         null         1.265665   -3.0865893  3.1946933  -0.61676013 
4        3                     Flying Squirrels  0.34807986  -3.6148481  2.508496   -1.3419528 
5        4        null         null         0.57550097  -3.3445444  1.6749371  -2.7582133 
6        5        null         null         0.9035172  -2.657908  0.47730732  -3.5031714 
7        6        null         null         2.4241488  -1.8765895  0.5235962  -3.4133053 
8        7        Petinomys    null         3.3870237  -0.64570624  0.65809226  -2.7617717 
9        8        null         null         3.516667   -0.46288514  2.1643856  -2.1365557 
10       9        null         null         2.9699726  -0.6376134  3.3591192  -1.1971804 
11       10       null         null         2.2791753  -1.237136  3.7661476  -0.39551812 
12       11       null         null         1.504581   -2.4441607  3.424868   -0.6042888 
18       8        null         null         0.63435745  -2.5607474  0.866506   -3.4851904 
19       18       null         null         2.143408   -2.0102282  0.5042372  -3.4706426 
20       19       null         null         3.126803   -0.9791728  0.65274775  -2.8544118 
25       7        null         null         0.40148032  -3.3365836  1.6207683  -2.6626291 
26       25       null         null         0.6642305  -2.6457133  0.6411318  -3.4851904 
27       26       null         null         2.143408   -2.120684  0.5042372  -3.4706426 
28       27       null         null         3.126803   -0.9791728  0.65274775  -2.8544118 
31       27       null         null         0.44286364  -3.711179  1.8611686  -1.7914356 
35       25       Petaurillus  Pygmy Flying Squirrels  1.6001905  -2.9140122  3.1200047  -0.31738126 
36       35       null         null         0.41359925  -3.5997562  2.374522   -0.66423035 
40       6        null         null         0.7950952  -3.5074317  2.6735497  -1.2045298 
41       40       null         null         0.55929863  -3.2712255  1.7788366  -2.6626291 
42       41       null         null         0.6642305  -2.5607474  0.6411318  -3.4851904 
43       42       null         null         2.143408   -2.0102282  0.5042372  -3.4706426 
44       43       null         null         3.126803   -0.9791728  0.65274775  -2.8544118 
50       40       Glaucomys    null         2.3134413  -0.43901843  3.76261    -0.7370677 
53       5        Iomys        null         1.5045818  -2.444159  3.4248688  -0.2750008 
56       4        null         null         2.5264778  -1.6694396  3.5147934  -0.70525956 
57       56       null         null         1.4246768  -3.0061564  3.0981085  -0.6042887 
58       57       Petaurista   Giant Flying Squirrels  0.32388148  -3.614334  2.3612084  -1.1974893 
59       58       null         null         0.5592989  -3.4101977  1.7788353  -2.6534753 
60       59       null         null         0.88763    -2.7414117  0.41481674  -3.473289 
61       60       null         null         2.4726603  -2.010226  0.5042378  -3.4551682 
62       61       null         null         3.5548277  -0.9791694  0.6527479  -2.8342948 
63       62       null         null         3.8270526  -0.4410558  0.9094003  -2.1905565 
68       60       null         null         0.8210846  -3.5997574  2.374522   -0.40725255 
73       57       null         null         3.2310944  -0.30320084  3.0686398  -1.151444 
74       73       null         null         2.5840364  -1.6418946  3.4890308  -0.37199068 
75       74       null         null         1.600189   -3.0610695  3.1200047  -0.5905177 
76       75       null         null         0.4135974  -3.790929  2.374522   -0.66423035 
77       76       null         null         0.54197484  -3.7111773  1.8611662  -1.7914411 
82       74       Aeromys      null         3.8167205  -0.6717526  0.73106873  -2.2381606 
85       73       null         null         3.0051725  -1.0892012  0.33095616  -2.9852285 
88       56       Pteromys     null         3.8270519  -0.6366811  0.9093958  -2.1905582 
91       3        null         null         3.0581841  -0.31716147  3.1657689  -1.0032616 
92       91       null         null         2.3938498  -1.6061828  3.5147934  -0.3955179 
93       92       null         null         1.5045818  -2.9239225  3.0981085  -0.6042887 
94       93       Sciurus      null         0.32388148  -3.5074303  2.3612084  -1.1974893 
95       94       null         null         0.5592989  -3.2712228  1.7788353  -2.6534753 
96       95       null         null         0.75180197  -2.5607443  0.6411284  -3.473289 
97       96       null         null         2.296084   -2.010226  0.5042378  -3.4551682 
98       97       null         null         3.3252785  -0.9791694  0.6527479  -2.8342948 
99       98       null         null         3.5286388  -0.4410558  1.8644092  -2.1905565 
100      99       null         null         3.0229423  -0.6278835  3.0686421  -1.1166763 
101      100      null         null         2.3134394  -1.4749937  3.4890313  -0.37199128 
102      101      null         null         1.6001867  -2.8440962  3.1200037  -0.59051806 
103      102      null         null         0.4135952  -3.508861  2.374521   -1.052285 
104      103      null         null         0.54197526  -3.3444867  1.8611641  -2.5434442 
105      104      null         null         0.6619251  -2.660818  0.75468683  -3.436429 
106      105      null         null         2.1597457  -2.0763621  0.48397484  -3.4921432 
107      106      null         null         3.2514334  -1.0891962  0.64591295  -2.9070032 
108      107      null         null         3.5280142  -0.4185714  1.7316525  -2.2381577 
109      108      null         null         3.0657094  -0.61676115  2.993004   -1.4052736 
110      109      null         null         2.3408191  -1.4981575  3.4931784  -0.34808195 
111      110      null         null         1.6917218  -2.961272  3.186368   -0.57550234 
112      111      null         null         0.5272737  -3.7671385  2.452279   -0.665    
113      112      null         null         0.5235982  -3.7564545  1.9383934  -1.6186596 
128      100      null         null         3.25143    -1.0892006  0.33095652  -2.9070063 
129      128      null         null         3.5280137  -0.41857052  1.706587   -2.2381597 
130      129      null         null         3.0657108  -0.6167606  2.960423   -1.4052775 
131      130      null         null         2.3408198  -1.3545825  3.4508271  -0.34808096 
132      131      null         null         1.6917254  -2.7746282  3.1313143  -0.5755017 
133      132      null         null         0.5272785  -3.5245056  2.3807092  -0.665    
148      92       null         null         3.528639   -0.6366811  2.0426912  -2.1905582 
149      148      Microsciurus_some  Dwarf Squirrels  3.022944   -0.6278832  3.300411   -1.3026779 
150      149      null         null         2.3134408  -1.0472691  3.7903333  -0.37199068 
151      150      null         null         1.600189   -2.2880564  3.5116978  -0.5905177 
157      91       Tamiasciurus  null         3.554825   -0.9791716  0.34452954  -2.834297 
158      157      null         null         3.8270519  -0.44105524  0.9093958  -2.1905582 
162      2        Ratufa_some  Giant Squirrels  3.5166674  -0.6001822  2.1815815  -2.1365566 
163      162      null         null         2.9699736  -0.6376133  3.381475   -1.1971812 
164      163      null         null         2.279176   -0.64591163  3.795211   -0.3955179 
169      1        null         null         3.499587   -0.9025985  0.55628717  -2.752129 
170      169      null         null         3.663      -0.4628849  2.1643844  -2.1365566 
171      170      Prosciurillus_some  Dwarf Squirrels and more  3.1602058  -0.6376133  3.3591185  -1.1971812 
172      171      null         null         2.5264778  -1.237134  3.7661476  -0.3955179 
173      172      null         null         1.5045818  -2.444159  3.4248688  -0.6042887 
176      172      null         null         3.8270519  -0.6366811  0.9093958  -2.1905582 
181      169      Hyosciurus   null         0.38339514  -2.4198875  0.8665061  -3.439223 
184      0        null         null         2.464298   -1.847542  0.48358512  -3.4397876 
185      184      null         null         3.439219   -0.763765  0.6580922  -2.7961988 
186      185      Sundasciurus  null         3.5845218  -0.4628849  2.0156538  -2.1365566 
187      186      null         null         3.0581841  -0.6376133  3.1657689  -1.1971812 
188      187      null         null         2.3938498  -1.5568638  3.5147934  -0.3955179 
189      188      null         null         1.3321655  -2.859808  3.0981085  -0.6042887 
190      189      null         null         0.32388148  -3.4240808  2.3612084  -1.1773334 
191      190      null         null         0.5592989  -3.1628685  1.7788353  -2.6272726 
192      191      null         null         0.6642305  -2.4198837  0.6411284  -3.4392254 
197      189      null         null         3.022944   -0.30320084  3.2790856  -1.3026779 
198      197      null         null         2.3134408  -0.65274704  3.7626104  -0.37199068 
202      188      null         null         3.528639   -0.6366811  2.0426912  -2.1905582 
203      202      null         null         3.022944   -0.6278832  3.300411   -1.151444 
204      203      null         null         2.3134408  -1.0472691  3.7903333  -0.37199068 
205      204      null         null         1.600189   -2.2880564  3.5116978  -0.5905177 
209      203      null         null         3.0051725  -1.0892012  0.33095616  -2.9852285 
215      185      null         null         0.8217374  -2.8263776  0.8665061  -3.5626504 
216      215      null         null         2.3870018  -1.9577107  0.50423723  -3.5713403 
217      216      Dremomys     Red-cheeked Squirrel  3.443474   -0.72746617  0.65274775  -2.9853187 
218      217      null         null         3.6822953  -0.44105524  1.6104487  -2.3868866 
219      218      null         null         3.222697   -0.6278832  2.7384958  -1.3026779 
222      218      null         null         1.2662416  -2.0763655  0.5623986  -3.8140664 
225      217      null         null         0.3708011  -2.5711792  0.8857572  -3.3442597 
228      216      Tamiops      Asiatic Striped Squirrels  0.44286343  -3.34449   1.8611681  -2.7339242 
229      228      null         null         0.66192496  -2.6608229  0.7546917  -3.6840587 
230      229      null         null         1.2662416  -2.0763655  0.4839738  -3.8140664 
235      215      Exilisciurus  Pygmy Squirrels  0.8210852  -3.7909281  2.3745217  -0.47381568 
236      235      null         null         0.5419744  -3.7111778  1.8611681  -1.791438 
240      184      null         null         0.40148073  -3.271225  1.6207691  -2.6534727 
241      240      null         null         0.75179815  -2.560747  0.64113134  -3.4732883 
242      241      null         null         2.2960806  -2.010228  0.50423723  -3.4551697 
243      242      null         null         3.3252769  -0.9791716  0.65274775  -2.834297 
244      243      null         null         3.528639   -0.44105524  1.8644058  -2.1905582 
245      244      null         null         3.022944   -0.6278832  3.0686398  -1.3026779 
246      245      null         null         2.3134408  -1.4749908  3.4890308  -0.37199068 
247      246      null         null         1.600189   -2.8440948  3.1200047  -0.5905177 
248      247      null         null         0.4135974  -3.5088618  2.374522   -1.1988084 
249      248      null         null         0.54197484  -3.3444898  1.8611662  -2.7339265 
250      249      null         null         0.661925   -2.6608222  0.75469065  -3.6840591 
251      250      null         null         1.2662436  -2.076365  0.483974   -3.814066 
264      240      Lariscus     null         1.5501386  -2.9140093  3.120005   -0.31738168 
265      264      null         null         0.4136024  -3.5997543  2.374522   -0.66423035 
268      264      null         null         3.3284106  -0.28912848  2.5945     -1.4052829 
