index,parent,child1,child2,name1,name2,common,richness,lengthbr,hxmax,hxmin,hymax,hymin,color
0,-268389369,1,201,"null","null","null",220,25.9,3.5602636,-0.48397243,2.1597292,-2.1051562,-16731116
1,-268435456,2,120,"null","null","null",127,25.9,2.995563,-0.6459121,3.251424,-0.89377767,-16731116
2,-268435455,3,85,"null","null","null",86,25.9,2.3532805,-1.849585,3.5280135,-0.4185688,-16731116
3,-268435454,4,-268379136,"null","null","null",68,25.9,1.2264637,-3.1463277,3.065714,-0.6167598,-16731116
4,-268435453,5,84,"null","null","null",41,25.9,0.34807912,-3.6925113,2.3408222,-1.3438733,-16731116
5,-268435452,6,49,"null","null","null",40,14.7,0.5755005,-3.4455085,1.5297132,-2.7607126,-16731116
6,-268435451,7,42,"null","null","null",22,14.5,0.9035123,-2.7891614,0.47730994,-3.5064235,-16731116
7,-268435450,8,31,"Kerivoula","null","Woolly Bats and more",18,7.8,2.4241447,-1.8475449,0.52359563,-3.4175355,-16731116
8,-268435449,9,30,"null","null","null",12,7.8,3.387022,-0.8675259,0.65809214,-2.7672715,-16731116
9,-268435448,10,21,"null","null","null",11,7.8,3.5166676,-0.4628845,2.0156505,-2.1562407,-16731116
10,-268435447,11,18,"null","null","null",6,7.8,2.9699745,-0.6376131,3.1657667,-1.0122049,-16731116
11,-268435446,12,17,"null","null","null",4,7.7999997,2.2791765,-1.6992325,3.5147927,-0.3955174,-16731116
12,-268435445,13,16,"null","null","null",3,7.7999997,1.5045841,-3.044889,3.0981088,-0.6042884,-16731116
13,-268435444,14,15,"null","null","null",2,2.6,0.323881,-3.6646883,2.3612082,-0.6619246,-16731116
18,-268435446,19,20,"null","null","null",2,7.8,3.126799,-0.97917616,0.34452927,-2.854416,-16731116
21,-268435447,22,29,"null","null","null",5,7.8,2.4726517,-2.0102303,0.5234829,-3.455171,-16731116
22,-268435435,23,26,"null","null","null",4,7.8,3.554823,-0.72747207,0.6527476,-2.8342996,-16731116
23,-268435434,24,25,"null","null","null",2,7.8,3.827052,-0.44105446,0.9093894,-2.1905599,-12486656
26,-268435434,27,28,"null","null","null",2,7.8,0.37080067,-2.5711865,0.8857578,-3.3442545,-16731116
31,-268435449,32,41,"null","null","null",6,7.8,0.40148157,-3.2712276,1.7788392,-2.65347,-16731116
32,-268435425,33,40,"null","null","null",5,7.8,0.8876202,-2.5607505,0.64113533,-3.473287,-16731116
33,-268435424,34,39,"null","null","null",4,7.8,2.4726517,-2.0102303,0.5042366,-3.455171,-16731116
34,-268435423,35,38,"null","null","null",3,7.8,3.554823,-0.97917616,0.6527476,-2.8342996,-16731116
35,-268435422,36,37,"null","null","null",2,7.8,3.827052,-0.44105446,0.9093894,-2.1905599,-16731116
42,-268435450,43,46,"Phoniscus","null","null",4,7.5,0.79509604,-3.802749,2.6735508,-0.6648447,-16731116
43,-268435414,44,45,"null","null","null",2,7.5,0.55929816,-3.65514,1.7788392,-1.961041,-12486656
46,-268435414,47,48,"null","null","null",2,7.5,2.3134422,-0.43901813,3.7626088,-0.73706865,-16731116
49,-268435451,50,81,"null","null","null",18,10.9,1.4209485,-3.0448265,3.0981092,-0.27500036,-16731116
50,-268435407,51,80,"Murina","some","Tube-nosed Bats",16,10.8,0.32388073,-3.6646085,2.361209,-1.1974847,-16731116
51,-268435406,52,71,"null","null","null",15,10.7,0.5592984,-3.4755564,1.6207696,-2.653472,-16731116
52,-268435405,53,66,"null","null","null",10,7.7,0.75179744,-2.8263779,0.41481906,-3.473288,-16731116
53,-268435404,54,65,"null","null","null",7,7.7,2.29608,-2.0102282,0.5042372,-3.4551697,-16731116
54,-268435403,55,64,"null","null","null",6,7.7,3.3252766,-0.9791728,0.65274775,-2.8342974,-12486656
55,-268435402,56,63,"null","null","null",5,7.7,3.528639,-0.44105512,2.0426908,-2.1905584,-12486656
56,-268435401,57,62,"null","null","null",4,7.7,3.0229437,-0.6278832,3.3004107,-1.3026786,-11184866
57,-268435400,58,61,"null","null","null",3,3.9,2.3134403,-1.0472679,3.7903333,-0.37199056,-16731116
58,-268435399,59,60,"null","null","null",2,2.5,1.6001897,-2.2880554,3.5116982,-0.59051764,-16731116
66,-268435404,67,70,"null","null","null",3,7.7,0.82108533,-3.7909288,2.3745222,-0.47381365,-16731116
67,-268435390,68,69,"null","null","null",2,7.7,0.5419743,-3.711179,1.8611686,-1.7914356,-16731116
71,-268435405,72,77,"null","null","null",5,6.1,1.5501379,-3.0610669,3.1200051,-0.3173819,-12486656
72,-268435385,73,76,"null","null","null",3,6.1,0.4136008,-3.7909288,2.3745222,-0.66423035,-16731116
73,-268435384,74,75,"null","null","null",2,6.1,0.5419743,-3.711179,1.8611686,-1.7914356,-12486656
77,-268435385,78,79,"null","null","null",2,6.1,3.3284092,-0.28912854,2.5945022,-1.4052815,-12486656
81,-268435407,82,83,"Harpiocephalus","null","null",2,3.2,3.2227004,-0.30320042,2.7384913,-1.3026809,-16731116
85,-268435454,86,117,"null","null","null",18,25.9,3.584523,-0.60018325,2.1293228,-2.30541,-16731116
86,-268435371,87,110,"null","null","null",16,25.9,3.0581865,-0.637613,3.3135417,-1.003265,-16731116
87,-268435370,88,101,"null","null","null",12,25.9,2.3938518,-1.5568602,3.706901,-0.39551717,-16731116
88,-268435369,89,100,"Chalinolobus","null","null",7,10.5,1.5045848,-2.859806,3.3478503,-0.6042883,-12486656
89,-268435368,90,95,"null","null","null",6,10.1,0.32388073,-3.424082,2.6858726,-1.1773279,-16731116
90,-268435367,91,94,"null","null","null",3,10.1,0.5592984,-3.162872,1.7788378,-2.6272678,-12486656
91,-268435366,92,93,"null","null","null",2,4.1,0.66423047,-2.4198883,0.6411318,-3.4392228,-12486656
95,-268435367,96,99,"null","null","null",3,10.1,2.3134418,-1.0472633,3.790334,-0.7370682,-16731116
96,-268435361,97,98,"null","null","null",2,10.1,1.6001918,-2.2880516,3.5117006,-0.5905173,-16731116
101,-268435369,102,107,"Falsistrellus","null","null",5,12.0,3.5286393,-0.63668215,2.0262823,-2.3868887,-16731116
102,-268435355,103,106,"null","null","null",3,7.7,3.0229454,-0.62788296,3.2790823,-1.3026809,-16731116
103,-268435354,104,105,"null","null","null",2,7.7,2.3134418,-0.6527472,3.7626092,-0.37198997,-16731116
107,-268435355,108,109,"null","null","null",2,4.9,1.2662363,-2.0763676,0.56239974,-3.8140664,-16731116
110,-268435370,111,116,"null","null","null",4,10.3,3.4434733,-0.979175,0.34452912,-2.8342993,-16777216
111,-268435346,112,115,"null","null","null",3,7.7,3.6822972,-0.44105458,1.610443,-2.1905596,-16777216
112,-268435345,113,114,"null","null","null",2,4.5,3.2227004,-0.62788296,2.7384913,-1.3026809,-16777216
117,-268435371,118,119,"null","null","null",2,5.2,1.4433408,-2.01023,0.52348334,-3.7908006,-16731116
120,-268435455,121,168,"null","null","null",41,25.9,3.4995854,-0.902599,0.5293155,-2.7681549,-16731116
121,-268435336,122,151,"null","null","null",24,25.9,3.6630008,-0.46288425,2.1293228,-2.1562414,-16731116
122,-268435335,123,146,"null","null","null",15,25.9,3.160208,-0.637613,3.3135417,-1.003265,-16731116
123,-268435334,124,143,"null","null","null",12,19.3,2.5264797,-1.606179,3.706901,-0.39551717,-16731116
124,-268435333,125,140,"null","null","null",10,18.4,1.4209485,-2.9239204,3.3478503,-0.6042883,-16731116
125,-268435332,126,135,"null","null","null",8,16.9,0.32388073,-3.5074306,2.6858726,-1.3502524,-16731116
126,-268435331,127,132,"Plecotus","null","null",5,13.5,0.5592984,-3.2712252,1.7948565,-2.8520699,-16731116
127,-268435330,128,131,"null","null","null",3,8.7,0.66423047,-2.5607474,0.6411318,-3.7314653,-12486656
128,-268435329,129,130,"null","null","null",2,5.7,1.4433452,-2.0102282,0.5042372,-3.7908,-16731116
132,-268435330,133,134,"null","null","null",2,5.5,1.6001918,-2.2880516,3.5117006,-0.3173819,-16731116
135,-268435331,136,139,"Corynorhinus","null","null",3,6.4,2.3134418,-1.0472633,3.790334,-0.7370682,-16731116
136,-268435321,137,138,"null","null","null",2,2.4,1.6001918,-2.2880516,3.5117006,-0.5905173,-16731116
140,-268435332,141,142,"null","null","null",2,15.8,3.2227004,-0.30320042,2.7384913,-1.3026809,-16731116
143,-268435333,144,145,"Barbastella","null","null",2,12.2,3.827052,-0.63668215,0.90939033,-2.1905596,-16731116
146,-268435334,147,150,"null","null","null",3,8.2,3.5548232,-0.979175,0.34452912,-2.8342993,-16731116
147,-268435310,148,149,"null","null","null",2,8.2,3.827052,-0.44105458,0.90939033,-2.1905596,-16731116
151,-268435335,152,167,"Rhogeessa","some","Yellow Bats",9,9.2,2.2960765,-2.01023,0.52348334,-3.455171,-16731116
152,-268435305,153,166,"null","null","null",8,6.1,3.325275,-0.979175,0.6527476,-2.8342993,-16731116
153,-268435304,154,165,"null","null","null",7,6.0,3.5286393,-0.44105458,1.864401,-2.1905596,-16731116
154,-268435303,155,162,"null","null","null",6,4.1,3.0229454,-0.62788296,3.0686367,-1.1514481,-16731116
155,-268435302,156,161,"null","null","null",4,4.1,2.3134418,-1.52877,3.4890296,-0.37198997,-16731116
156,-268435301,157,160,"null","null","null",3,3.1,1.6001918,-2.9140103,3.1200051,-0.5905173,-16731116
157,-268435300,158,159,"null","null","null",2,3.1,0.4136008,-3.5997553,2.3745222,-0.66423035,-16731116
162,-268435302,163,164,"null","null","null",2,4.1,3.005169,-1.0892045,0.33095574,-2.9852326,-12486656
168,-268435336,169,188,"null","null","null",17,25.9,0.7517934,-2.7233973,0.8665067,-3.4995496,-16731116
169,-268435288,170,185,"null","null","null",10,25.9,2.2960765,-2.120686,0.50423664,-3.4893117,-16731116
170,-268435287,171,180,"Nyctalus","null","Noctule Bats",8,6.2,3.325275,-0.7673116,0.6527476,-2.8786826,-16731116
171,-268435286,172,179,"null","null","null",5,6.2,3.5286393,-0.44105458,2.0426874,-2.1905596,-12486656
172,-268435285,173,178,"null","null","null",4,6.2,3.0229454,-0.62788296,3.300409,-1.3026809,-16731116
173,-268435284,174,177,"null","null","null",3,6.2,2.3134418,-1.0472633,3.790334,-0.37198997,-16731116
174,-268435283,175,176,"null","null","null",2,6.2,1.6001918,-2.2880516,3.5117006,-0.5905173,-16731116
180,-268435286,181,184,"null","null","null",3,6.0,0.37080073,-2.6608262,0.8857578,-3.6840568,-16731116
181,-268435276,182,183,"null","null","null",2,6.0,1.2662363,-2.0763676,0.48397315,-3.8140664,-12486656
185,-268435287,186,187,"null","null","null",2,25.9,0.44286472,-3.7111793,1.8611706,-1.7914329,-11513776
188,-268435288,189,200,"null","null","null",7,14.5,0.82108605,-3.5592194,2.3745222,-1.1988003,-16777216
189,-268435268,190,197,"null","null","null",6,14.5,0.5419738,-3.4099588,1.9094191,-2.7339203,-16777216
190,-268435267,191,194,"null","null","null",4,9.8,0.66192484,-2.745932,0.49051046,-3.6840568,-16777216
191,-268435266,192,193,"null","null","null",2,9.8,1.2662363,-2.0763676,0.48397315,-3.8140664,-16777216
194,-268435266,195,196,"null","null","null",2,4.5,0.84492064,-3.5245004,2.3807096,-0.39556143,-16777216
197,-268435267,198,199,"null","null","null",2,4.9,1.691732,-2.1267989,3.5885592,-0.3595987,-16777216
201,-268435456,202,207,"null","null","null",93,25.900002,2.4642947,-1.7993889,0.48358634,-3.5058017,-16731116
202,-268435255,203,-268378112,"null","null","null",89,25.900002,3.4392178,-0.73060244,0.6580921,-2.8820176,-16731116
203,-268435254,-268380160,204,"null","null","null",44,25.900002,3.584523,-0.46288425,2.1293228,-2.30541,-16731116
204,-268435253,205,206,"null","null","null",2,25.9,1.4433408,-2.01023,0.52348334,-3.7908006,-16731116
207,-268435255,208,211,"null","null","null",4,25.9,0.401482,-3.162875,1.79486,-2.6272643,-16731116
208,-268435249,209,210,"Glischropus","null","null",2,5.2,0.66423047,-2.419892,0.6411348,-3.4392204,-16731116
211,-268435249,212,213,"null","null","null",2,11.5,1.600195,-2.288046,3.511704,-0.31738296,-16731116
