index,parent,child1,child2,name1,name2,common,richness,lengthbr,hxmax,hxmin,hymax,hymin,color
0,-268355563,1,36,"null","null","null",21,8.1,2.3703694,-1.7065685,3.6933336,-0.41856802,-12486656
1,0,2,33,"null","null","null",18,8.1,1.2878847,-2.96041,3.280632,-0.6167593,-12486656
2,1,3,28,"null","null","null",16,7.9999995,0.34807813,-3.4508224,2.6202145,-1.3385665,-12486656
3,2,4,25,"null","null","null",13,7.9999995,0.5754999,-3.1313155,1.6749467,-2.7538173,-12486656
4,3,5,24,"null","null","null",11,6.9999995,0.9035089,-2.3807101,0.5272909,-3.497464,-12486656
5,4,6,19,"null","null","null",10,5.3999996,2.4241421,-1.7993909,0.5235952,-3.40589,-12486656
6,5,7,18,"null","null","null",7,4.7999997,3.3870208,-0.8675283,0.658092,-2.752133,-12486656
7,6,8,17,"Dasyurus","null","Quolls",6,4.7,3.516668,-0.4628839,2.015647,-2.136559,-12486656
8,7,9,16,"null","null","null",5,4.5,2.969976,-0.6376129,3.1657646,-1.197186,-12486656
9,8,10,15,"null","null","null",4,2.3999999,2.2791777,-1.6992283,3.5147924,-0.3955168,-12486656
10,9,11,14,"null","null","null",3,2.1,1.5045863,-3.0448856,3.0981097,-0.6042881,-12486656
11,10,12,13,"null","null","null",2,1.4,0.32388037,-3.664687,2.361209,-0.66192466,-12486656
19,5,20,23,"null","null","null",3,4.1,0.40148264,-3.1628768,1.7788414,-2.6272619,-16731116
20,19,21,22,"Phascolosorex","null","null",2,2.1,0.66423047,-2.4198945,0.6411365,-3.4392192,-16731116
25,3,26,27,"null","null","null",2,6.5,1.5045897,-2.4441464,3.4248772,-0.27500063,-12486656
28,2,29,32,"null","null","null",3,4.1,2.2791789,-1.237118,3.766151,-0.7052618,-12486656
29,28,30,31,"null","null","null",2,2.3,1.5045903,-2.4441457,3.4248772,-0.6042876,-12486656
33,1,34,35,"null","null","null",2,7.0,3.1081653,-0.3171605,2.8755522,-1.1971898,-12486656
36,0,37,40,"null","null","null",3,7.6,3.6229672,-0.6001848,1.792403,-2.136561,-16731116
37,36,38,39,"Myoictis","null","null",2,3.5,3.1081662,-0.6376126,2.875551,-1.1971906,-16731116
