index,parent,child1,child2,name1,name2,common,richness,lengthbr,hxmax,hxmin,hymax,hymin,color
0,-268399537,1,66,"null","null","null",57,22.3,3.0581884,-0.3171609,3.252588,-1.0414805,-12486656
1,-268435456,2,43,"null","null","null",33,19.8,2.3938537,-1.6061757,3.6276631,-0.39551675,-16731116
2,-268435455,3,34,"","some","Titi Monkeys",21,11.7,1.3321722,-2.9239182,3.244842,-0.6042879,-16731116
3,-268435454,4,25,"null","null","null",16,11.5,0.32387993,-3.507431,2.551961,-1.1974791,-16731116
4,-268435453,5,16,"null","null","null",11,10.9,0.5592977,-3.2712283,1.7338085,-2.6534677,-12486656
5,-268435452,6,15,"null","null","null",6,7.8,0.88761854,-2.5607514,0.6411365,-3.4732869,-16731116
6,-268435451,7,14,"null","null","null",5,7.8,2.47265,-2.010231,0.50423634,-3.4551716,-16731116
7,-268435450,8,11,"null","null","null",4,7.8,3.554822,-0.72747266,0.6527475,-2.8343005,-16731116
8,-268435449,9,10,"null","null","null",2,7.8,3.827052,-0.44105422,0.9093875,-2.1905606,-16731116
11,-268435449,12,13,"null","null","null",2,7.8,0.37080052,-2.5711858,0.88575804,-3.344255,-16731116
16,-268435452,17,24,"null","null","null",5,7.0,1.6001966,-3.0610616,3.374335,-0.31738362,-12486656
17,-268435440,18,21,"null","null","null",4,7.0,0.29948828,-3.7909272,2.7051506,-0.66423047,-12486656
18,-268435439,19,20,"null","null","null",2,2.8,0.5419733,-3.711181,1.861173,-1.7914275,-16731116
21,-268435439,22,23,"null","null","null",2,7.0,2.3408225,-0.42902306,3.7190418,-0.76705396,-8572416
25,-268435453,26,33,"null","null","null",5,7.3,2.313443,-1.6418827,3.4890282,-0.7370695,-16731116
26,-268435431,27,32,"null","null","null",4,6.1,1.6001972,-3.0610611,3.1200058,-0.59051657,-16731116
27,-268435430,28,31,"null","null","null",3,4.4,0.41360754,-3.7909272,2.3745224,-0.66423047,-16731116
28,-268435429,29,30,"null","null","null",2,4.4,0.5419733,-3.711181,1.861173,-1.7914275,-12486656
34,-268435454,35,40,"null","null","null",5,3.0,3.0229473,-0.30319998,3.3004072,-1.1514546,-16731116
35,-268435422,36,39,"null","null","null",3,2.8,2.313443,-1.047253,3.7903354,-0.37198898,-16731116
36,-268435421,37,38,"null","null","null",2,2.2,1.6001972,-2.2880425,3.5117052,-0.59051657,-16731116
40,-268435422,41,42,"null","null","null",2,2.8,3.0051622,-1.08921,0.33095518,-2.9852395,-16731116
43,-268435455,44,57,"","null","Saki and more",12,10.0,3.5286398,-0.636683,1.8643951,-2.2438161,-12486656
44,-268435413,45,54,"null","null","null",7,6.9,3.0229473,-0.6278826,3.0686324,-1.1514546,-11184866
45,-268435412,46,53,"Chiropotes","null","null",5,6.7,2.313443,-1.5287609,3.4890282,-0.37198898,-11184866
46,-268435411,47,50,"null","null","null",4,5.9,1.5501456,-2.914003,3.1200058,-0.59051657,-11184866
47,-268435410,48,49,"null","null","null",2,5.9,0.41360754,-3.5997515,2.3745224,-0.66423047,-12486656
50,-268435410,51,52,"null","null","null",2,5.9,3.3284163,-0.28912774,2.5944924,-1.405288,-3014646
54,-268435412,55,56,"Cacajao","null","null",2,3.0,3.0051622,-1.08921,0.33095518,-2.9852395,-12486656
57,-268435413,58,63,"Pithecia","null","null",5,8.5,2.33056,-2.2165608,0.56240106,-3.4921477,-16731116
58,-268435399,59,62,"null","null","null",3,5.4,3.4735045,-1.08921,0.64591205,-2.9070127,-16731116
59,-268435398,60,61,"null","null","null",2,5.4,3.8167193,-0.4185685,0.7310526,-2.2381642,-16731116
63,-268435399,64,65,"null","null","null",2,8.5,0.48358655,-3.7564611,1.938405,-1.6186321,-16731116
66,-268435456,67,94,"Atelidae","null","null",24,19.5,3.3252733,-0.9169631,0.34452888,-2.920281,-11184866
67,-268435390,68,81,"null","null","null",14,15.8,3.5286398,-0.441054,1.8643951,-2.3023343,-8572416
68,-268435389,69,78,"null","null","null",7,13.099999,3.0229473,-0.6278826,3.0686324,-1.1514546,-8572416
69,-268435388,70,77,"null","null","null",5,9.9,2.313443,-1.5287609,3.4890282,-0.37198898,-8572416
70,-268435387,71,74,"Lagothrix","null","Woolly Monkeys",4,8.7,1.5501456,-2.914003,3.1200058,-0.59051657,-11184866
71,-268435386,72,73,"null","null","null",2,8.7,0.41360754,-3.5997515,2.3745224,-0.66423047,-11184866
74,-268435386,75,76,"null","null","null",2,8.7,3.3284163,-0.28912774,2.5944924,-1.405288,-8572416
78,-268435388,79,80,"Brachyteles","null","null",2,4.2,3.0051622,-1.08921,0.33095518,-2.9852395,-8572416
81,-268435389,82,93,"Ateles","null","Spider Monkeys",7,7.9,2.279301,-2.07637,0.56240106,-3.6238134,-8572416
82,-268435375,83,90,"null","null","null",6,7.8,3.406868,-0.87069786,0.64591205,-3.0781782,-8572416
83,-268435374,84,87,"null","null","null",4,6.0,3.7300916,-0.4185685,1.4250948,-2.4606793,-8572416
84,-268435373,85,86,"null","null","null",2,2.8,3.3284163,-0.61675954,2.5944924,-1.405288,-8572416
87,-268435373,88,89,"null","null","null",2,2.8,1.0880084,-2.1365597,0.6001841,-3.826167,-8572416
90,-268435374,91,92,"null","null","null",2,7.7,0.35782796,-2.7162228,0.9025992,-3.2399743,-8572416
94,-268435390,95,110,"Alouatta","null","Howler Monkeys",10,6.0,0.68968666,-2.7459316,0.8857583,-3.4364247,-16731116
95,-268435362,96,105,"null","null","null",8,6.0,2.279301,-2.0484743,0.4839725,-3.4921477,-16731116
96,-268435361,97,102,"null","null","null",5,6.0,3.406868,-0.87069786,0.64591205,-2.9070127,-16731116
97,-268435360,98,101,"null","null","null",3,6.0,3.7300916,-0.4185685,1.4250948,-2.2381642,-16731116
98,-268435359,99,100,"null","null","null",2,3.4,3.3284163,-0.61675954,2.5944924,-1.405288,-12486656
102,-268435360,103,104,"null","null","null",2,0.4,0.35782796,-2.7162228,0.9025992,-3.2399743,-16731116
105,-268435361,106,109,"null","null","null",3,4.6,0.48358655,-3.3782663,1.938405,-2.3110297,-16731116
106,-268435351,107,108,"null","null","null",2,3.0,0.658092,-2.7162218,0.86752844,-3.2399745,-16731116
110,-268435362,111,112,"null","null","null",2,6.0,0.84492135,-3.5244968,2.3807096,-0.39556104,-12486656
