index,parent,child1,child2,name1,name2,common,richness,lengthbr,hxmax,hxmin,hymax,hymin,color
0,-268400632,1,80,"","null","Langurs, Surilis and more",42,9.1,0.9035135,-2.7278004,0.33849102,-3.5299244,-11184866
1,0,2,69,"null","null","null",40,8.9,2.424146,-1.8475437,0.52359575,-3.448086,-11184866
2,1,3,68,"null","null","null",34,6.5,3.3870227,-0.86752474,0.65809214,-2.8069873,-11184866
3,2,4,53,"null","null","null",33,6.5,3.5166678,-0.46288455,2.129325,-2.2078714,-11184866
4,3,5,32,"null","null","null",25,6.5,2.9699745,-0.6376132,3.3135428,-1.0032632,-11184866
5,4,6,31,"null","null","null",14,3.3,2.2791767,-1.6061819,3.706901,-0.39551753,-11184866
6,5,7,24,"null","null","null",13,3.3,1.332167,-2.9239225,3.3478494,-0.60428846,-11184866
7,6,8,19,"null","null","null",9,3.3,0.32388112,-3.5074317,2.6858711,-1.1974869,-11184866
8,7,9,18,"null","null","null",6,3.3,0.55929863,-3.2712255,1.7788366,-2.6534734,-11184866
9,8,10,17,"null","null","null",5,3.2,0.8876251,-2.5607474,0.6411318,-3.473288,-8572416
10,9,11,16,"null","null","null",4,3.2,2.472656,-2.0102282,0.5042372,-3.4551697,-8572416
11,10,12,15,"null","null","null",3,3.2,3.5548253,-0.9791728,0.65274775,-2.8342974,-11184866
12,11,13,14,"null","null","null",2,3.2,3.8270524,-0.44105512,0.9093949,-2.1905584,-8572416
19,7,20,23,"null","null","null",3,0.8,2.3134413,-1.0472662,3.7903333,-0.7370677,-11184866
20,19,21,22,"null","null","null",2,0.6,1.6001905,-2.288054,3.5116992,-0.59051746,-11184866
24,6,25,30,"null","null","null",4,3.3,3.0229447,-0.30320063,3.3004098,-1.3026792,-11184866
25,24,26,29,"null","null","null",3,2.2,2.3134413,-1.0472662,3.7903333,-0.37199032,-11184866
26,25,27,28,"null","null","null",2,2.2,1.6001905,-2.288054,3.5116992,-0.59051746,-11184866
32,4,33,44,"Presbytis","null","null",11,6.0,3.325276,-0.9169626,0.42204678,-2.8342981,-11184866
33,32,34,43,"null","null","null",6,6.0,3.5286393,-0.4410549,2.0426893,-2.1905591,-11184866
34,33,35,40,"null","null","null",5,6.0,3.0229447,-0.6278831,3.3004098,-1.1514461,-11184866
35,34,36,39,"null","null","null",3,2.5,2.3134413,-1.0472662,3.7903333,-0.37199032,-11184866
36,35,37,38,"null","null","null",2,2.5,1.6001905,-2.288054,3.5116992,-0.59051746,-11184866
40,34,41,42,"null","null","null",2,6.0,3.0051708,-1.0892029,0.33095595,-2.9852307,-12486656
44,32,45,52,"","most","Surilis",5,3.7,0.4520018,-2.768662,0.88575745,-3.4827118,-11184866
45,44,46,49,"null","null","null",4,3.0,1.9703076,-2.2165554,0.4839735,-3.5523167,-11184866
46,45,47,48,"null","null","null",2,3.0,3.0051708,-1.0892029,0.6459124,-2.9852307,-11184866
49,45,50,51,"null","null","null",2,3.0,0.48358428,-3.7564583,1.9384001,-1.6186436,-12486656
53,3,54,67,"null","null","null",8,6.5,2.2960787,-2.0102289,0.5234828,-3.571341,-12486656
54,53,55,64,"Semnopithecus","null","Gray Langurs",7,4.9,3.325276,-0.72746825,0.6527477,-2.98532,-12486656
55,54,56,61,"null","null","null",5,4.9,3.5286393,-0.4410549,2.0262847,-2.3868876,-16731116
56,55,57,60,"null","null","null",3,4.9,3.0229447,-0.6278831,3.2790842,-1.3026792,-16731116
57,56,58,59,"null","null","null",2,4.9,2.3134413,-0.6527471,3.76261,-0.37199032,-16731116
61,55,62,63,"null","null","null",2,4.9,1.2662389,-2.0763667,0.56239915,-3.8140662,-12486656
64,54,65,66,"null","null","null",2,4.9,0.3708009,-2.5711813,0.88575745,-3.344258,-11184866
69,1,70,77,"null","null","null",6,8.1,0.4014814,-3.2712262,1.7948582,-2.6626267,-8572416
70,69,71,76,"Rhinopithecus","null","Snub-nosed Monkeys",4,3.6,0.66423047,-2.5607486,0.6411331,-3.4851902,-8572416
71,70,72,75,"null","null","null",3,3.4,2.1434062,-2.0102289,0.50423694,-3.4706433,-8572416
72,71,73,74,"null","null","null",2,3.4,3.1268015,-0.9791734,0.6527477,-2.854413,-8572416
77,69,78,79,"Pygathrix","null","null",2,2.3,1.6001936,-2.2880483,3.5117025,-0.31738234,-8572416
80,0,81,82,"null","null","null",2,2.8,0.7950959,-3.6646872,2.361209,-0.4184206,-8572416
