index    parent   name         common       hxmax      hxmin      hymax      hymin     
0        -1       null         null         2.9699788  -0.6376126  3.2921617  -1.0032719 
1        0        null         null         2.2791796  -1.6061704  3.6791127  -0.39551586 
2        1        null         null         1.4246885  -2.9239151  3.3117285  -0.60428745 
3        2        null         null         0.323879   -3.507431  2.6389124  -1.2130133 
4        3        null         null         0.5592972  -3.271231  1.7338114  -2.6736648 
5        4        null         null         0.81081176  -2.5607548  0.64114    -3.4995463 
6        5                     Weasels, Stoats and more  2.3728034  -2.010233  0.50423574  -3.4893112 
7        6        null         null         3.4250245  -0.76731706  0.6527473  -2.8786826 
8        7        null         null         3.658318   -0.44105357  1.9931505  -2.2438169 
9        8        null         null         3.1915293  -0.6278824  3.2360156  -1.1514544 
10       9        Mustela      null         2.532599   -1.4435942  3.706627   -0.37198886 
11       10       null         null         1.4333884  -2.8032858  3.4028842  -0.59051657 
12       11       null         null         0.29948834  -3.4558184  2.7422647  -0.99773157 
13       12       null         null         0.5419735  -3.275539  1.8611722  -2.4725323 
14       13       null         null         0.6619248  -2.5711865  0.7546976  -3.3442545 
18       12       null         null         2.3408225  -0.8562454  3.8025503  -0.7670537 
19       18       null         null         1.691733   -2.1267972  3.5885596  -0.57550037 
23       11       null         null         3.0657144  -0.2891279  3.166736   -1.4052861 
24       23       null         null         2.3408225  -0.658092  3.7190428  -0.34807888 
28       10       null         null         3.7009754  -0.6717552  1.7065735  -2.238164 
29       28       null         null         3.290565   -0.61675966  2.9604137  -1.28788  
30       29       null         null         2.633128   -1.3545673  3.4508238  -0.34807888 
31       30       null         null         1.691733   -2.7746155  3.1313152  -0.57550037 
32       31       null         null         0.52728754  -3.5244987  2.3807101  -0.665    
36       30       null         null         3.7952101  -0.7052609  0.5537288  -2.2791777 
39       29       null         null         2.875558   -1.1971854  0.3171609  -3.10816  
43       9        Neovison     null         3.0051632  -1.0892096  0.33095512  -2.9852386 
46       8        null         null         2.2620723  -2.0763705  0.56240153  -3.4921474 
47       46       null         null         3.384471   -0.8706966  0.645912   -2.9070122 
48       47       null         null         3.7009754  -0.41856855  1.731637   -2.238164 
49       48       null         null         3.290565   -0.61675966  2.992996   -1.4052861 
50       49       Martes       null         2.633128   -1.3385711  3.4931808  -0.34807888 
51       50       null         null         1.691733   -2.7538207  3.1863794  -0.57550037 
52       51       null         null         0.52728754  -3.4974651  2.4522934  -1.0443861 
53       52       null         null         0.52359575  -3.4058893  1.9384029  -2.6072805 
54       53       null         null         0.65809214  -2.7521315  0.8675264  -3.6250978 
55       54       null         null         1.0880142  -2.136558  0.46288425  -3.8261666 
62       50       null         null         3.7952101  -0.7052609  0.5537288  -2.2791777 
67       47       Galictis     null         0.35782802  -2.7162204  0.9025992  -3.239976 
71       7        null         null         0.37080014  -2.6608305  0.88575864  -3.6840544 
72       71       Ictonyx      null         1.2662282  -2.0763705  0.48397225  -3.8140674 
78       4        _some        Badgers      1.6001993  -2.844085  3.374336   -0.3173849 
79       78       null         null         0.29948753  -3.5088606  2.7051516  -1.198791 
80       79       null         null         0.54197276  -3.3444967  1.8611755  -2.733913 
81       80       Meles        null         0.66192466  -2.660832  0.75470227  -3.684054 
82       81       null         null         1.2662256  -2.0763717  0.4839719  -3.8140678 
87       79       Mydaus       null         2.3408232  -0.42902276  3.7190404  -0.7670549 
91       3        null         null         2.4557288  -1.5425284  3.6846654  -0.7370704 
92       91       null         null         1.5333264  -2.9319034  3.3743362  -0.5905161 
93       92                    Otters       0.29948735  -3.6230254  2.7051516  -1.052264 
94       93       null         null         0.54197276  -3.4929113  1.7306796  -2.5434277 
95       94       null         null         0.7291136  -2.8537712  0.5223319  -3.436423 
96       95       Lontra       null         2.3305576  -2.0763717  0.4839719  -3.4921477 
97       96       null         null         3.4735036  -1.0892112  0.6459119  -2.9070134 
98       97       null         null         3.816719   -0.4185682  0.7310525  -2.2381644 
103      95       Lutra        null         0.84492207  -3.7671337  2.452298   -0.3955607 
104      103      null         null         0.523595   -3.7564616  1.938406   -1.6186303 
108      94       null         null         1.6917374  -2.961254  3.1863844  -0.35960123 
109      108      null         null         0.52729416  -3.7671332  2.4522996  -0.665    
110      109      null         null         0.52359474  -3.756462  1.9384072  -1.6186279 
115      93       Aonyx        null         2.3408232  -0.42902276  3.7190404  -0.7670549 
118      92                    Skunks       3.2905674  -0.28912732  2.9929938  -1.2264701 
119      118      null         null         2.6331303  -1.4981303  3.493183   -0.3480777 
120      119      Spilogale    null         1.6917387  -2.9612522  3.1863859  -0.5754995 
121      120      null         null         0.52729595  -3.7671328  2.4523013  -0.665    
122      121      null         null         0.5235944  -3.7564626  1.9384081  -1.6186249 
127      119      Mephitis     null         3.7952085  -0.70526266  0.5537169  -2.2791798 
130      118      Conepatus    null         3.3814654  -1.0122155  0.31716022  -2.9699793 
131      130      null         null         3.7952085  -0.39551562  0.6459124  -2.2791798 
134      130      null         null         0.34452826  -2.854426  0.9791835  -3.126791 
137      91       Melogale     Ferret Badgers  3.5280132  -0.6717563  1.8652754  -2.2381654 
138      137      null         null         3.0657163  -0.6167592  3.16673    -1.4052911 
139      138      null         null         2.3408237  -0.65809226  3.71904    -0.3480777 
144      2        Procyonidae  Raccoons, Olingos and more  3.231102   -0.30319944  3.0686283  -1.1166914 
145      144      null         null         2.5840425  -1.6418772  3.489027   -0.3719881 
146      145      null         null         1.4333931  -3.0610573  3.1200066  -0.590516 
147      146      Procyon      null         0.41361272  -3.7909262  2.374523   -0.66423047 
148      147      null         null         0.5419725  -3.711183  1.8611767  -1.7914197 
152      146      null         null         3.0657163  -0.2891272  3.1667287  -1.4052919 
153      152      Nasua        null         2.3408237  -0.65809226  3.7190394  -0.34807754 
157      145      Bassariscus  null         3.8167186  -0.6717566  0.7310459  -2.2381659 
160      144      null         null         3.2514203  -1.0892141  0.33095467  -2.9070153 
161      160      Bassaricyon  null         3.5280132  -0.4185676  1.9146893  -2.2381659 
162      161      null         null         3.0657163  -0.61675906  3.2309687  -1.4052919 
163      162      null         null         2.3408237  -0.8562327  3.8025513  -0.34807754 
164      163      null         null         1.6917396  -2.126786  3.5885649  -0.57549936 
172      0                     Seals, Sea Lions and Walrus  3.325271   -0.9169636  0.34452838  -2.8343048 
173      172      null         null         3.52864    -0.44105315  1.8643892  -2.1905634 
174      173      Otariidae    null         3.0229492  -0.6278822  3.0686283  -1.1618898 
175      174      Arctocephalus_most  Fur Seals    2.3134441  -1.5047698  3.489027   -0.3719881 
176      175      null         null         1.6002007  -2.8828177  3.1200066  -0.590516 
177      176      null         null         0.41361272  -3.5592148  2.374523   -1.1987886 
178      177      null         null         0.5419725  -3.4099584  1.8611767  -2.733911 
179      178      null         null         0.6619246  -2.745932  0.490516   -3.684053 
180      179      null         null         1.2662228  -2.0763726  0.4839716  -3.814068 
183      179      null         null         0.8449223  -3.5244944  2.3807096  -0.39556053 
190      174      null         null         3.2514203  -1.0892141  0.33095467  -3.0087118 
191      190                   Sea Lions    3.5280132  -0.4185676  1.9146893  -2.3703713 
192      191      null         null         3.0657163  -0.61675906  3.2309687  -1.4052919 
193      192      null         null         2.3408237  -0.8562327  3.8025513  -0.34807754 
194      193      null         null         1.6917396  -2.126786  3.5885649  -0.57549936 
199      191      Zalophus     null         1.7924002  -2.1365619  0.60018545  -3.6229687 
200      199      null         null         2.8755488  -1.1971924  0.63761246  -3.1081684 
206      172      Phocidae     True seals   0.6764282  -2.7339184  0.8857589  -3.537705 
207      206      null         null         2.2620673  -2.0763724  0.4839717  -3.623815 
208      207      null         null         3.3844683  -1.0892141  0.64591175  -3.0781813 
209      208      null         null         3.700976   -0.4185676  1.7065644  -2.460682 
210      209      null         null         3.2905679  -0.61675906  2.9604065  -1.4052919 
211      210      null         null         2.6331306  -1.3545554  3.4508204  -0.34807754 
212      211      Pusa         null         1.6917396  -2.7746055  3.1313152  -0.57549936 
213      212      null         null         0.52729595  -3.524493  2.3807096  -0.665    
217      211      Phoca        null         3.795208   -0.7052629  0.55371547  -2.27918  
221      209      null         null         1.0880016  -2.1365619  0.60018545  -3.8261676 
226      206      null         null         0.8449222  -3.497464  2.7278013  -1.0443776 
227      226      null         null         0.5235946  -3.4058924  2.0181785  -2.6072733 
228      227      null         null         0.6580919  -2.7521362  0.583115   -3.625095 
229      228      null         null         1.088003   -2.1365614  0.46288314  -3.8261676 
232      228      null         null         0.86650777  -3.4392152  2.4199014  -0.38339412 
235      227      Mirounga     null         1.7788445  -1.9610313  3.655143   -0.40148395 
238      226      Monachus     null         2.3612099  -0.41842   3.664683   -0.7950975 
