index,parent,child1,child2,name1,name2,common,richness,lengthbr,hxmax,hxmin,hymax,hymin,color
0,-268392448,1,168,"null","null","null",392,82.5,2.5893562,-1.9094241,0.44286627,-3.4015963,-16731116
1,0,2,160,"null","null","null",390,81.0,3.4961286,-0.672049,0.6729524,-2.7350616,-16731116
2,1,3,117,"null","null","null",351,75.399994,3.5697644,-0.48397207,2.2575479,-2.0659308,-16731116
3,2,4,109,"Soricidae","null","Shrews",329,46.6,3.007915,-0.6459119,3.378591,-0.91104263,-16731116
4,3,5,79,"null","null","null",217,17.599998,2.3693364,-1.8036242,3.6933336,-0.41856802,-16731116
5,4,6,78,"null","null","null",170,17.6,1.4052893,-3.0865824,3.280632,-0.6167593,-16731116
6,5,7,73,"null","null","null",169,17.599998,0.34807813,-3.6148462,2.6202145,-1.343868,-16731116
7,6,8,72,"Crocidura","null","null",166,11.9,0.5754999,-3.3445463,1.6917357,-2.760709,-16731116
8,7,9,27,"null","null","null",165,11.9,0.93439436,-2.6579103,0.42327172,-3.5064232,-16731116
9,8,10,11,"null","null","null",142,11.9,2.4642932,-1.8874412,0.5235952,-3.4175372,-16731116
10,9,-268365824,-268367872,"null","null","null",85,11.9,3.4392173,-0.7637689,0.658092,-2.767274,-16731116
11,9,-268366848,12,"null","null","null",57,11.9,0.40148264,-3.36099,1.7338085,-2.7222083,-16731116
12,11,13,26,"null","null","null",8,11.9,1.6001966,-2.8828235,3.374335,-0.31738362,-16731116
13,12,14,23,"null","null","null",7,11.9,0.29948828,-3.5592177,2.7051506,-1.1987958,-16731116
14,13,15,22,"null","null","null",5,11.9,0.5419733,-3.4099586,1.861173,-2.7339165,-12486656
15,14,16,19,"null","null","null",4,11.9,0.6619247,-2.745932,0.49051267,-3.684055,-12486656
16,15,17,18,"null","null","null",2,11.9,1.2662308,-2.0763695,0.48397252,-3.8140671,-11184866
19,15,20,21,"null","null","null",2,11.9,0.84492123,-3.5244977,2.3807096,-0.39556107,-16731116
23,13,24,25,"null","null","null",2,11.9,2.3408225,-0.42902306,3.7190418,-0.76705396,-16731116
27,8,28,65,"null","null","null",23,11.9,0.79509676,-3.507431,2.551961,-1.2130185,-16731116
28,27,29,56,"null","null","null",19,11.9,0.5592977,-3.2712283,1.6207732,-2.673669,-16731116
29,28,30,55,"null","null","null",14,11.9,0.75179124,-2.5607514,0.6411365,-3.4995487,-16731116
30,29,31,54,"null","null","null",13,11.9,2.2960746,-2.010231,0.50423634,-3.4893117,-16731116
31,30,32,49,"null","null","null",12,11.9,3.325274,-0.7673135,0.6527475,-2.8786826,-16731116
32,31,33,48,"null","null","null",9,11.9,3.5286398,-0.44105422,1.8643985,-2.1905606,-16731116
33,32,34,43,"null","null","null",8,11.9,3.0229464,-0.6278828,3.0686347,-1.1166838,-16731116
34,33,35,42,"null","null","null",5,11.9,2.3134422,-1.5287675,3.489029,-0.3719896,-16731116
35,34,36,39,"null","null","null",4,11.9,1.5501398,-2.9140084,3.1200051,-0.59051704,-16731116
36,35,37,38,"null","null","null",2,11.9,0.4136026,-3.599754,2.3745222,-0.66423035,-16731116
39,35,40,41,"null","null","null",2,3.9,3.3284109,-0.2891283,2.5944998,-1.405283,-16731116
43,33,44,47,"null","null","null",3,11.9,3.4735072,-1.0892061,0.33095554,-2.90701,-12486656
44,43,45,46,"null","null","null",2,11.9,3.8167195,-0.41856924,0.7310606,-2.2381625,-12486656
49,31,50,53,"null","null","null",3,11.9,0.37080052,-2.6608276,0.88575804,-3.6840563,-16731116
50,49,51,52,"null","null","null",2,3.9,1.2662337,-2.0763686,0.48397285,-3.8140674,-16731116
56,28,57,64,"null","null","null",5,11.9,1.6001966,-2.8032858,3.1200056,-0.31738362,-12486656
57,56,58,63,"null","null","null",4,11.9,0.41360754,-3.4558187,2.3745224,-0.9977297,-12486656
58,57,59,62,"null","null","null",3,11.9,0.5419733,-3.2755399,1.861173,-2.4725308,-12486656
59,58,60,61,"null","null","null",2,11.9,0.6619247,-2.571188,0.7546987,-3.3442535,-11184866
65,27,66,71,"null","null","null",4,11.9,2.313443,-1.5287609,3.4890282,-0.7370695,-12486656
66,65,67,70,"null","null","null",3,11.9,1.6001972,-2.914003,3.1200058,-0.59051657,-16731116
67,66,68,69,"null","null","null",2,11.9,0.41360754,-3.5997515,2.3745224,-0.66423047,-16731116
73,6,74,77,"Paracrocidura","null","null",3,3.8,2.2791789,-1.237118,3.766151,-0.7052618,-16731116
74,73,75,76,"null","null","null",2,3.8,1.5045903,-2.4441457,3.4248772,-0.6042876,-16731116
79,4,-268368896,80,"null","null","null",47,17.599998,3.6206427,-0.6001848,2.0156415,-2.1702518,-12486656
80,79,81,104,"null","null","null",15,17.599998,2.2960691,-1.9270749,0.52348524,-3.4866867,-11184866
81,80,82,103,"Myosorex","null","null",12,17.4,3.325271,-0.97918236,0.6527473,-2.8752708,-11184866
82,81,83,94,"null","null","null",11,17.4,3.52864,-0.44105315,2.0426788,-2.2438195,-11184866
83,82,84,89,"null","null","null",6,17.4,3.0229492,-0.6278822,3.300405,-1.1166914,-8572416
84,83,85,88,"null","null","null",3,17.4,2.3134441,-1.0472454,3.7903366,-0.3719881,-8572416
85,84,86,87,"null","null","null",2,17.4,1.6002007,-2.288036,3.511709,-0.590516,-11184866
89,83,90,93,"null","null","null",3,17.4,3.4735012,-1.0892141,0.33095467,-2.9070153,-8572416
90,89,91,92,"null","null","null",2,17.4,3.8167186,-0.4185676,0.7310459,-2.2381659,-8572416
94,82,95,100,"null","null","null",5,17.4,2.3305545,-2.2165644,0.5624025,-3.492149,-12486656
95,94,96,99,"null","null","null",3,17.4,3.4735012,-1.0892141,0.64591175,-2.9070153,-16731116
96,95,97,98,"null","null","null",2,17.4,3.8167186,-0.4185676,0.7310459,-2.2381659,-16731116
100,94,101,102,"null","null","null",2,17.4,0.4835881,-3.7564626,1.9384077,-1.6186256,-8572416
104,80,105,108,"null","null","null",3,17.599998,0.44286698,-3.2755444,1.8611758,-2.472525,-11184866
105,104,106,107,"Surdisorex","null","null",2,5.7,0.6619246,-2.5711942,0.75470304,-3.3442497,-11184866
109,3,110,111,"null","null","null",112,42.000004,3.470302,-0.9025996,0.44186652,-2.806995,-16731116
110,109,-268370944,-268364800,"null","null","null",83,34.100002,3.624936,-0.46288335,2.0156415,-2.2078784,-16731116
111,109,-268363776,112,"null","null","null",29,34.8,0.8246654,-2.8263803,0.86650753,-3.4975271,-16731116
112,111,113,116,"null","null","null",3,10.9,0.82108724,-3.790927,2.3745227,-0.4737985,-16731116
113,112,114,115,"Notiosorex","null","null",2,6.4,0.5419729,-3.7111826,1.8611754,-1.7914221,-16731116
117,2,118,147,"ERINACEOMORPHA","null","Hedgehogs and Gymnuras",22,61.899998,2.42414,-1.909313,0.48358738,-3.41754,-16731116
118,117,119,134,"","null","Hedgehogs",15,18.099998,3.38702,-0.7260081,0.6580919,-2.767278,-16731116
119,118,120,127,"null","null","null",8,12.6,3.5166693,-0.46288335,2.1815689,-2.1562462,-16731116
120,119,121,124,"Erinaceus","null","null",4,7.8,2.9699788,-0.6376126,3.3814664,-1.0122141,-16731116
121,120,122,123,"null","null","null",2,5.5,2.2791796,-0.6459123,3.7952087,-0.39551586,-16731116
124,120,125,126,"null","null","null",2,5.5,3.126792,-0.97918236,0.34452838,-2.8544245,-16731116
127,119,128,133,"Atelerix","null","null",4,12.4,2.4726443,-2.0102336,0.52348524,-3.4551742,-16731116
128,127,129,132,"null","null","null",3,10.1,3.5548184,-0.97918236,0.6527473,-2.8343048,-16731116
129,128,130,131,"null","null","null",2,5.5,3.8270519,-0.44105315,0.90937686,-2.1905634,-16731116
134,118,135,144,"null","null","null",7,18.099998,0.88761234,-2.7414126,0.86650753,-3.4732869,-16731116
135,134,136,141,"null","null","null",5,17.8,2.4726443,-2.1206918,0.5042357,-3.4551742,-16731116
136,135,137,140,"Paraechinus","null","null",3,13.5,3.5548184,-0.97918236,0.6527473,-2.8343048,-16731116
137,136,138,139,"null","null","null",2,8.1,3.8270519,-0.44105315,0.90937686,-2.1905634,-16731116
141,135,142,143,"Hemiechinus","null","null",2,8.5,0.44286698,-3.7111826,1.8611758,-1.7914215,-16731116
144,134,145,146,"Mesechinus","null","null",2,8.7,0.82108724,-3.5997496,2.3745227,-0.40725136,-16731116
147,117,148,155,"","null","Gymnures",7,47.199997,0.4014834,-3.4101985,1.6207755,-2.8520627,-12486656
148,147,149,152,"null","null","null",4,26.0,0.66423035,-2.7414126,0.4148242,-3.7314627,-12486656
149,148,150,151,"null","null","null",2,13.6,1.4433315,-2.0102332,0.50423574,-3.7908025,-12486656
152,148,153,154,"Hylomys","null","null",2,13.6,0.8210871,-3.59975,2.3745227,-0.40725142,-12486656
155,147,156,159,"null","null","null",3,18.3,1.6001987,-2.9140003,3.120006,-0.3173847,-12486656
156,155,157,158,"Podogymnura","null","null",2,12.9,0.41361004,-3.59975,2.3745227,-0.66423047,-12486656
160,1,-268369920,161,"Talpidae","null","Moles and Desmans",39,61.3,0.9035067,-2.7891626,0.8449218,-3.5000377,-16731116
161,160,162,165,"Uropsilus","null","null",4,19.8,0.795097,-3.8027482,2.6735525,-0.6648367,-16731116
162,161,163,164,"null","null","null",2,19.8,0.55929744,-3.655142,1.7788432,-1.961034,-16731116
165,161,166,167,"null","null","null",2,19.8,2.3134434,-0.43901774,3.762607,-0.73707,-16731116
168,0,169,170,"Solenodontidae","null","null",2,40.5,0.3596006,-3.588562,1.691736,-2.1267917,-8572416
