index,parent,child1,child2,name1,name2,common,richness,lengthbr,hxmax,hxmin,hymax,hymin,color
0,-268371957,1,86,"null","null","null",49,11.9,0.75179124,-2.6774416,0.5617677,-3.5626497,-16731116
1,0,2,67,"null","null","null",43,11.9,2.2960746,-1.9945835,0.50423634,-3.5713432,-16731116
2,1,3,40,"null","null","null",33,11.9,3.325274,-0.80513763,0.6527475,-2.9853234,-16731116
3,2,4,37,"null","null","null",19,11.9,3.5286398,-0.44105422,1.8643985,-2.3868904,-16731116
4,3,5,26,"null","null","null",17,11.9,3.0229464,-0.6278828,3.0686347,-1.192757,-16731116
5,4,6,25,"null","null","null",11,11.9,2.3134422,-1.5127412,3.489029,-0.3719896,-16731116
6,5,7,20,"null","null","null",10,11.9,1.4333854,-2.8931744,3.1200051,-0.59051704,-12486656
7,6,8,19,"null","null","null",7,11.9,0.4136026,-3.57267,2.3745222,-1.0796628,-12486656
8,7,9,18,"null","null","null",6,11.9,0.541974,-3.427444,1.8611698,-2.5790405,-12486656
9,8,10,17,"null","null","null",5,11.9,0.66192484,-2.768663,0.7546941,-3.482712,-12486656
10,9,11,14,"null","null","null",4,11.9,1.9703064,-2.216556,0.48397338,-3.5523171,-11184866
11,10,12,13,"null","null","null",2,11.9,3.0051699,-1.0892038,0.6459124,-2.9852314,-8572416
14,10,15,16,"null","null","null",2,3.9,0.48358452,-3.7564592,1.9384005,-1.6186413,-16731116
20,6,21,24,"null","null","null",3,11.9,3.0657134,-0.2891283,3.1667395,-1.405283,-16731116
21,20,22,23,"null","null","null",2,3.9,2.3408217,-0.6580919,3.7190442,-0.34807962,-16731116
26,4,27,36,"null","null","null",6,11.9,3.2514257,-1.0892061,0.33095554,-3.0781746,-16731116
27,26,28,33,"null","null","null",5,11.9,3.5280137,-0.41856924,1.8652878,-2.4606762,-16731116
28,27,29,32,"null","null","null",3,11.9,3.0657134,-0.61676,3.1667395,-1.405283,-16731116
29,28,30,31,"null","null","null",2,11.9,2.3408217,-0.6580919,3.7190442,-0.34807962,-16731116
33,27,34,35,"null","null","null",2,11.9,1.0880178,-2.136557,0.60018253,-3.8261664,-16731116
37,3,38,39,"null","null","null",2,11.9,1.2662337,-2.0763686,0.56240034,-3.8140674,-16731116
40,2,41,64,"null","null","null",14,11.9,0.59771144,-2.745932,0.88575804,-3.5377054,-16731116
41,40,42,63,"null","null","null",12,11.9,2.159732,-2.0763686,0.48397285,-3.6238112,-16731116
42,41,43,58,"null","null","null",11,11.9,3.2514257,-0.8866538,0.64591223,-3.0781746,-16731116
43,42,44,55,"null","null","null",8,11.9,3.5280137,-0.41856924,1.706578,-2.4606762,-16731116
44,43,45,52,"null","null","null",6,11.9,3.0657134,-0.61676,2.9604168,-1.2878759,-16731116
45,44,46,51,"null","null","null",4,7.8,2.3408217,-1.3545724,3.4508247,-0.34807962,-16731116
46,45,47,50,"null","null","null",3,7.8,1.6917303,-2.7746198,3.1313148,-0.57550085,-16731116
47,46,48,49,"null","null","null",2,7.8,0.5272839,-3.5245008,2.3807096,-0.665,-11513776
52,44,53,54,"null","null","null",2,3.9,2.8755617,-1.1971824,0.31716132,-3.1081567,-16731116
55,43,56,57,"null","null","null",2,11.9,1.0880178,-2.136557,0.60018253,-3.8261664,-16731116
58,42,59,62,"null","null","null",3,11.9,0.3578284,-2.7521296,0.90259874,-3.6250987,-11184866
59,58,60,61,"null","null","null",2,11.9,1.0880178,-2.136557,0.46288466,-3.8261664,-12486656
64,40,65,66,"null","null","null",2,11.9,0.844921,-3.524499,2.3807096,-0.39556128,-16731116
67,1,68,79,"null","null","null",10,11.9,0.4428653,-3.427446,1.7306741,-2.5790384,-12486656
68,67,69,76,"null","null","null",6,11.9,0.6619248,-2.7686656,0.49051154,-3.4827118,-16731116
69,68,70,73,"null","null","null",4,11.9,1.9703023,-2.216558,0.48397285,-3.552319,-12486656
70,69,71,72,"null","null","null",2,11.9,3.005167,-1.0892061,0.64591223,-2.9852347,-11184866
73,69,74,75,"null","null","null",2,11.9,0.48358554,-3.7564592,1.9384025,-1.6186383,-16731116
76,68,77,78,"null","null","null",2,11.9,0.844921,-3.524499,2.3807096,-0.39556128,-16731116
79,67,80,85,"null","null","null",4,11.9,1.6917332,-2.9612584,3.1863804,-0.35959932,-11184866
80,79,81,84,"null","null","null",3,11.9,0.52728903,-3.7671347,2.4522943,-0.665,-11184866
81,80,82,83,"null","null","null",2,11.9,0.5235956,-3.7564604,1.9384036,-1.6186355,-12486656
86,0,87,94,"null","null","null",6,11.9,0.8210864,-3.4558182,2.7051501,-0.9977322,-12486656
87,86,88,91,"null","null","null",4,11.9,0.5419736,-3.2755384,1.9094207,-2.472533,-8572416
88,87,89,90,"null","null","null",2,11.9,0.6619248,-2.5711858,0.7546971,-3.344255,-11513776
91,87,92,93,"null","null","null",2,11.9,1.6917332,-2.1267962,3.58856,-0.35959932,-8572416
94,86,95,96,"null","null","null",2,11.9,2.3408222,-0.4290232,3.7190425,-0.7670536,-16731116
