index,parent,child1,child2,name1,name2,common,richness,lengthbr,hxmax,hxmin,hymax,hymin,color
0,-268389369,1,205,"null","null","null",148,25.900002,0.9343963,-2.7891612,0.84492135,-3.51333,-16731116
1,-268435456,2,192,"null","null","null",145,25.9,2.4642947,-1.8475455,0.52359545,-3.4265146,-16731116
2,-268435455,3,119,"null","null","null",138,25.9,3.4392178,-0.73060244,0.6580921,-2.7789445,-16731116
3,-268435454,4,40,"","null","Mouse-eared Bats and more",101,10.799999,3.584523,-0.46288425,2.0156493,-2.1714149,-16731116
4,-268435453,5,37,"null","null","null",61,10.799999,3.0581865,-0.637613,3.1657662,-1.0122055,-16731116
5,-268435452,6,30,"null","null","null",59,10.799999,2.3938518,-1.6552904,3.514793,-0.39551717,-16731116
6,-268435451,7,25,"null","null","null",55,10.8,1.3321686,-2.9877653,3.0981092,-0.6042883,-16731116
7,-268435450,8,24,"null","null","null",52,10.8,0.32388073,-3.590429,2.361209,-1.2503619,-16731116
8,-268435449,-268359680,9,"null","null","null",51,10.8,0.5592984,-3.3791232,1.6207696,-2.722212,-16731116
9,-268435448,10,23,"null","null","null",8,10.799999,1.6001918,-2.8440921,3.1200051,-0.3173819,-16731116
10,-268435447,11,22,"null","null","null",7,6.2,0.4136008,-3.5088615,2.3745222,-1.198804,-16731116
11,-268435446,12,17,"null","null","null",6,6.2,0.5419743,-3.3444917,1.7061975,-2.7339232,-16731116
12,-268435445,13,16,"null","null","null",3,6.2,0.6619249,-2.660825,0.7546941,-3.6840577,-16731116
13,-268435444,14,15,"null","null","null",2,3.0,1.2662381,-2.076367,0.48397338,-3.8140666,-16731116
17,-268435445,18,21,"null","null","null",3,6.2,1.691729,-2.774622,3.131315,-0.35959762,-12486656
18,-268435439,19,20,"null","null","null",2,3.0,0.52728236,-3.524502,2.38071,-0.665,-16731116
25,-268435450,26,29,"null","null","null",3,10.8,3.0229454,-0.30320042,3.2790823,-1.3026809,-16731116
26,-268435431,27,28,"Cistugo","null","null",2,1.1,2.3134418,-0.6527472,3.7626092,-0.37198997,-16731116
30,-268435451,31,36,"null","null","null",4,10.799999,3.5286393,-0.63668215,2.0262823,-2.1905596,-12486656
31,-268435426,32,35,"null","null","null",3,8.2,3.0229454,-0.62788296,3.2790823,-1.3026809,-12486656
32,-268435425,33,34,"null","null","null",2,8.2,2.3134418,-0.6527472,3.7626092,-0.37198997,-12486656
37,-268435452,38,39,"null","null","null",2,3.8,3.1267998,-0.979175,0.34452912,-2.8544154,-16731116
40,-268435453,41,94,"null","null","null",40,10.8,2.3458936,-2.0236778,0.52348334,-3.4893117,-16731116
41,-268435416,42,89,"null","null","null",27,10.8,3.390037,-0.7673116,0.6527476,-2.8786826,-16731116
42,-268435415,43,74,"null","null","null",24,8.0,3.6128302,-0.44105458,1.864401,-2.243813,-16731116
43,-268435414,44,65,"null","null","null",16,8.0,3.1323936,-0.62788296,3.0686367,-1.1166822,-16731116
44,-268435413,45,56,"null","null","null",11,8.0,2.4557242,-1.4749868,3.4890296,-0.37198997,-16731116
45,-268435412,46,55,"null","null","null",6,3.6,1.6001918,-2.8440921,3.1200051,-0.5905173,-16731116
46,-268435411,47,54,"null","null","null",5,3.6,0.4136008,-3.5088615,2.3745222,-1.198804,-16731116
47,-268435410,48,53,"null","null","null",4,3.6,0.5419743,-3.3444917,1.8611686,-2.7339232,-12486656
48,-268435409,49,52,"null","null","null",3,3.3,0.6619249,-2.660825,0.7546941,-3.6840577,-16731116
49,-268435408,50,51,"null","null","null",2,3.3,1.2662381,-2.076367,0.48397338,-3.8140666,-16731116
56,-268435412,57,64,"null","null","null",5,7.2,3.5280137,-0.67175364,1.8652903,-2.2381618,-16731116
57,-268435400,58,61,"null","null","null",4,7.1,3.0657125,-0.6167602,3.1667411,-1.2878737,-16731116
58,-268435399,59,60,"null","null","null",2,7.1,2.3408213,-0.6580918,3.719045,-0.34807998,-16731116
61,-268435399,62,63,"null","null","null",2,7.1,2.8755636,-1.1971806,0.31716153,-3.1081548,-16731116
65,-268435413,66,73,"null","null","null",5,5.3,3.251427,-1.0892045,0.33095574,-2.9070091,-16731116
66,-268435391,67,72,"null","null","null",4,5.3,3.5280137,-0.41856956,1.8652903,-2.2381618,-16731116
67,-268435390,68,71,"null","null","null",3,5.3,3.0657125,-0.6167602,3.1667411,-1.4052815,-16731116
68,-268435389,69,70,"null","null","null",2,2.4,2.3408213,-0.6580918,3.719045,-0.34807998,-16731116
74,-268435414,75,84,"null","null","null",8,8.0,2.1597342,-2.0484686,0.56239974,-3.492146,-16731116
75,-268435382,76,83,"null","null","null",5,7.8,3.251427,-1.0892045,0.64591235,-2.9070091,-16731116
76,-268435381,77,82,"null","null","null",4,5.4,3.5280137,-0.41856956,1.8652903,-2.2381618,-16731116
77,-268435380,78,81,"null","null","null",3,5.4,3.0657125,-0.6167602,3.1667411,-1.4052815,-16731116
78,-268435379,79,80,"null","null","null",2,2.5,2.3408213,-0.6580918,3.719045,-0.34807998,-16731116
84,-268435382,85,88,"null","null","null",3,5.1000004,0.48358494,-3.3782606,1.9384013,-2.3110383,-16731116
85,-268435372,86,87,"null","null","null",2,2.7,0.65809226,-2.7162137,0.86752254,-3.2399807,-16731116
89,-268435415,90,93,"null","null","null",3,10.8,0.37080073,-2.6608262,0.8857578,-3.6840568,-16731116
90,-268435367,91,92,"null","null","null",2,10.8,1.2662363,-2.0763676,0.48397315,-3.8140664,-16731116
94,-268435416,95,118,"null","null","null",13,10.8,0.44286472,-3.4929109,1.8611706,-2.5434349,-16731116
95,-268435362,96,113,"null","null","null",12,10.8,0.66192484,-2.8537698,0.52232444,-3.4364257,-16731116
96,-268435361,97,108,"null","null","null",9,10.799999,2.1597342,-2.0484686,0.48397315,-3.492146,-16731116
97,-268435360,98,105,"null","null","null",6,7.7,3.251427,-0.87069,0.64591235,-2.9070091,-16731116
98,-268435359,99,104,"null","null","null",4,7.7,3.5280137,-0.41856956,1.8652903,-2.2381618,-16731116
99,-268435358,100,103,"null","null","null",3,5.1,3.0657125,-0.6167602,3.1667411,-1.4052815,-16731116
100,-268435357,101,102,"null","null","null",2,5.1,2.3408213,-0.6580918,3.719045,-0.34807998,-16731116
105,-268435359,106,107,"null","null","null",2,7.7,0.3578286,-2.7162137,0.9025985,-3.2399807,-16731116
108,-268435360,109,112,"null","null","null",3,4.6,0.48358494,-3.3782606,1.9384013,-2.3110383,-16731116
109,-268435348,110,111,"null","null","null",2,3.2,0.65809226,-2.7162137,0.86752254,-3.2399807,-12486656
113,-268435361,114,117,"null","null","null",3,10.8,0.84492064,-3.7671354,2.452291,-0.39556143,-12486656
114,-268435343,115,116,"null","null","null",2,10.8,0.52359617,-3.7564588,1.9384013,-1.618641,-12486656
119,-268435454,120,165,"null","null","null",37,25.9,0.7901143,-2.7517567,0.8665067,-3.4732876,-16731116
120,-268435337,121,164,"null","null","null",23,25.9,2.3458936,-2.01023,0.50423664,-3.455171,-16731116
121,-268435336,122,163,"null","null","null",22,19.9,3.390037,-0.979175,0.6527476,-2.8342993,-16731116
122,-268435335,123,162,"null","null","null",21,10.3,3.6128302,-0.44105458,1.864401,-2.1905596,-16731116
123,-268435334,124,155,"null","null","null",20,10.3,3.1323936,-0.62788296,3.0686367,-1.1166822,-16731116
124,-268435333,125,146,"null","null","null",16,9.3,2.4557242,-1.4749868,3.4890296,-0.37198997,-16731116
125,-268435332,126,141,"null","null","null",11,9.3,1.4333838,-2.8440921,3.1200051,-0.5905173,-16731116
126,-268435331,127,140,"null","null","null",8,9.3,0.4136008,-3.5088615,2.3745222,-1.0522765,-16731116
127,-268435330,128,137,"null","null","null",7,9.3,0.5419743,-3.3444917,1.9094158,-2.5434372,-16731116
128,-268435329,129,136,"null","null","null",5,9.3,0.7291248,-2.660825,0.7546941,-3.4364262,-16731116
129,-268435328,130,135,"null","null","null",4,9.3,2.3305678,-2.076367,0.48397338,-3.4921455,-16731116
130,-268435327,131,134,"null","null","null",3,9.3,3.4735096,-1.0892038,0.6459124,-2.9070082,-16731116
131,-268435326,132,133,"null","null","null",2,2.8,3.8167202,-0.4185698,0.73106515,-2.238161,-12486656
137,-268435329,138,139,"null","null","null",2,9.3,1.691729,-2.1268048,3.5885563,-0.35959762,-12486656
141,-268435331,142,145,"null","null","null",3,4.4,3.0657125,-0.28912854,3.1667411,-1.4052815,-16731116
142,-268435315,143,144,"null","null","null",2,4.4,2.3408213,-0.6580918,3.719045,-0.34807998,-16731116
146,-268435332,147,154,"null","null","null",5,9.3,3.5280137,-0.67175364,1.9147013,-2.2381618,-16731116
147,-268435310,148,153,"null","null","null",4,9.3,3.0657125,-0.6167602,3.2309756,-1.4052815,-16731116
148,-268435309,149,152,"null","null","null",3,9.3,2.3408213,-0.8562542,3.8025498,-0.34807998,-16731116
149,-268435308,150,151,"null","null","null",2,9.3,1.691729,-2.1268048,3.5885563,-0.5755011,-16731116
155,-268435333,156,161,"null","null","null",4,7.1,3.406869,-1.0892045,0.33095574,-2.9070091,-16731116
156,-268435301,157,160,"null","null","null",3,4.9,3.7300882,-0.41856956,1.4251064,-2.2381618,-12486656
157,-268435300,158,159,"null","null","null",2,4.9,3.3284092,-0.6167602,2.5945022,-1.4052815,-16731116
165,-268435337,166,191,"null","null","null",14,25.9,0.82108605,-3.6230288,2.3745222,-1.1122022,-16731116
166,-268435291,167,190,"null","null","null",13,19.8,0.5419738,-3.4929109,1.8611706,-2.6213427,-16731116
167,-268435290,168,183,"Scotophilus","null","null",12,5.0,0.66192484,-2.8537698,0.64477277,-3.537706,-16731116
168,-268435289,169,180,"null","null","null",8,5.0,2.1597342,-2.2165565,0.48397315,-3.6238103,-16731116
169,-268435288,170,179,"null","null","null",6,5.0,3.251427,-1.0892045,0.64591235,-3.0781732,-16731116
170,-268435287,171,176,"null","null","null",5,4.9,3.5280137,-0.41856956,1.8652903,-2.4606752,-16731116
171,-268435286,172,175,"null","null","null",3,4.8,3.0657125,-0.6167602,3.1667411,-1.4052815,-16731116
172,-268435285,173,174,"null","null","null",2,4.8,2.3408213,-0.6580918,3.719045,-0.34807998,-16731116
176,-268435286,177,178,"null","null","null",2,2.9,1.0880204,-2.1365561,0.60018194,-3.8261666,-16731116
180,-268435288,181,182,"null","null","null",2,3.7,0.48358494,-3.7564588,1.9384013,-1.618641,-16731116
183,-268435289,184,187,"null","null","null",4,5.0,0.84492064,-3.7671354,2.7278,-0.39556143,-16731116
184,-268435273,185,186,"null","null","null",2,3.7,0.52359617,-3.7564588,1.9384013,-1.618641,-16731116
187,-268435273,188,189,"null","null","null",2,3.7,2.3612084,-0.41842085,3.6646879,-0.7950953,-16731116
192,-268435455,193,202,"null","null","null",7,25.9,0.401482,-3.2712274,1.79486,-2.6534698,-16731116
193,-268435264,194,201,"Scotoecus","some","House Bats",5,12.0,0.8876209,-2.56075,0.6411348,-3.4732876,-16731116
194,-268435263,195,200,"null","null","null",4,9.8,2.4726522,-2.01023,0.50423664,-3.455171,-16731116
195,-268435262,196,199,"null","null","null",3,7.2,3.5548232,-0.979175,0.6527476,-2.8342993,-16731116
196,-268435261,197,198,"null","null","null",2,7.2,3.827052,-0.44105458,0.90939033,-2.1905596,-16777216
202,-268435264,203,204,"Vespertilio","null","null",2,8.5,1.600195,-2.288046,3.511704,-0.31738296,-16731116
205,-268435456,206,209,"null","null","null",3,25.900002,0.7950963,-3.802748,2.361209,-0.6648438,-16731116
206,-268435251,207,208,"null","null","null",2,5.2,0.5592979,-3.6551394,1.7788401,-1.9610406,-16777216
