index,parent,child1,child2,name1,name2,common,richness,lengthbr,hxmax,hxmin,hymax,hymin,color
0,-268370935,1,40,"null","null","null",21,21.8,2.3134422,-1.4707772,3.6846666,-0.73706865,-12486656
1,-268435456,2,37,"null","null","null",20,10.1,1.5501398,-2.8386211,3.374334,-0.59051704,-12486656
2,-268435455,3,34,"null","null","null",18,10.0,0.29948908,-3.5017507,2.7051497,-1.1122038,-12486656
3,-268435454,4,33,"null","null","null",16,10.0,0.541974,-3.335249,1.8611698,-2.621344,-12486656
4,-268435453,5,32,"null","null","null",15,7.2,0.66192484,-2.6488094,0.7546941,-3.5377066,-12486656
5,-268435452,6,23,"","null","Gazelles",14,6.1000004,2.1597354,-2.0607467,0.48397338,-3.6238103,-11184866
6,-268435451,7,16,"Gazella","null","null",9,2.4,3.2514277,-0.8866515,0.6459124,-3.0781724,-11184866
7,-268435450,8,13,"null","null","null",5,1.8,3.5280137,-0.4185698,1.8652921,-2.4606745,-11184866
8,-268435449,9,12,"null","null","null",3,0.6,3.065712,-0.6167603,3.1667423,-1.4052806,-11184866
9,-268435448,10,11,"null","null","null",2,0.3,2.3408208,-0.6580918,3.7190452,-0.34808022,-8572416
13,-268435449,14,15,"null","null","null",2,1.4,1.0880196,-2.1365566,0.6001816,-3.8261666,-16731116
16,-268435450,17,22,"null","null","null",4,2.2,0.35782874,-2.752129,0.90259826,-3.4687877,-11184866
17,-268435440,18,21,"null","null","null",3,2.0,1.7924187,-2.1365566,0.4628849,-3.622961,-11184866
18,-268435439,19,20,"null","null","null",2,1.2,2.8755634,-1.1971815,0.6376133,-3.1081553,-11184866
23,-268435451,24,29,"null","null","null",5,6.1000004,0.48358452,-3.405888,2.0181682,-2.6072845,-12486656
24,-268435433,25,28,"Nanger","null","null",3,1.5,0.65809226,-2.752129,0.8675231,-3.6250997,-11184866
25,-268435432,26,27,"null","null","null",2,1.1,1.0880196,-2.1365566,0.4628849,-3.8261666,-8572416
29,-268435433,30,31,"Eudorcas","null","null",2,0.3,1.7788361,-1.9610482,3.6551366,-0.40148008,-12486656
34,-268435454,35,36,"null","null","null",2,10.0,2.3408217,-0.42902347,3.7190442,-0.76705277,-12486656
37,-268435455,38,39,"Saiga","null","null",2,3.1,3.3284109,-0.2891283,2.5944998,-1.405283,-3014646
