index,parent,child1,child2,name1,name2,common,richness,lengthbr,hxmax,hxmin,hymax,hymin,color
0,-268400493,1,76,"","null","Lemurs",53,47.8,2.323125,-1.7906563,3.6272297,-0.41856837,-11184866
1,0,2,55,"null","null","null",38,45.3,1.2264667,-3.0697227,3.1946964,-0.6167594,-11184866
2,1,3,40,"null","null","null",27,45.3,0.34807852,-3.592927,2.5084987,-1.3840456,-11184866
3,2,4,37,"Lemuridae","null","null",19,23.7,0.57550013,-3.3160505,1.6749446,-2.8129387,-11184866
4,3,5,28,"null","null","null",17,23.7,0.9527895,-2.6208658,0.47731072,-3.57432,-11184866
5,4,6,27,"null","null","null",12,23.7,2.4882057,-1.938404,0.52359545,-3.5058017,-11184866
6,5,7,26,"Eulemur","null","null",11,8.0,3.470302,-0.8675265,0.6580921,-2.8820176,-11184866
7,6,8,23,"null","null","null",10,7.8999996,3.6249325,-0.46288425,2.0156493,-2.30541,-11184866
8,7,9,22,"null","null","null",8,7.7,3.1107192,-0.637613,3.1657662,-1.1971844,-11184866
9,8,10,17,"null","null","null",7,7.6,2.4621441,-1.7809231,3.514793,-0.39551717,-11184866
10,9,11,16,"null","null","null",4,7.6,1.5045848,-3.1510878,3.0981092,-0.6042883,-12486656
11,10,12,15,"null","null","null",3,7.6,0.32388073,-3.8027482,2.361209,-0.6648486,-12486656
12,11,13,14,"null","null","null",2,7.6,0.5592984,-3.655138,1.7788378,-1.9610449,-16777216
17,9,18,21,"null","null","null",3,7.6,3.6822972,-0.63668215,1.610443,-2.1905596,-11184866
18,17,19,20,"null","null","null",2,7.6,3.2227004,-0.62788296,2.7384913,-1.3026809,-11184866
23,7,24,25,"null","null","null",2,7.3,1.4433408,-2.01023,0.52348334,-3.7908006,-11184866
28,4,29,34,"2199","null","Bamboo Lemurs",5,16.6,0.7950963,-3.424083,2.673551,-1.1773235,-8572416
29,28,30,33,"null","null","null",3,11.9,0.5592979,-3.162875,1.7788401,-2.6272643,-11184866
30,29,31,32,"null","null","null",2,11.9,0.66423047,-2.419892,0.6411348,-3.4392204,-8572416
34,28,35,36,"null","null","null",2,16.6,2.3134425,-0.43901807,3.762608,-0.737069,-8572416
37,3,38,39,"Varecia","null","Ruffed Lemurs",2,8.1,1.5045881,-2.4441488,3.4248753,-0.275,-8572416
40,2,41,50,"Lepilemuridae","null","Sportive Lemurs",8,10.5,2.4621477,-1.7809182,3.5147924,-0.70526135,-8572416
41,40,42,47,"null","null","null",5,10.5,1.4209546,-3.1510844,3.0981102,-0.60428786,-8572416
42,41,43,46,"null","null","null",3,10.5,0.32387975,-3.8027482,2.3612092,-0.66484094,-8572416
43,42,44,45,"null","null","null",2,7.4,0.5592977,-3.6551406,1.7788414,-1.9610381,-8572416
47,41,48,49,"null","null","null",2,10.5,3.2227063,-0.30319986,2.7384841,-1.3026861,-11513776
50,40,51,54,"null","null","null",3,10.5,3.6823003,-0.63668334,1.6104344,-2.1905618,-11184866
51,50,52,53,"null","null","null",2,10.5,3.2227063,-0.6278825,2.7384841,-1.3026861,-11513776
55,1,56,75,"null","null","null",11,40.7,2.9699774,-0.3171607,3.165763,-1.1971881,-11184866
56,55,57,74,"Indridae","null","null",10,31.6,2.2791786,-1.6061735,3.514792,-0.3955164,-11184866
57,56,58,71,"null","null","null",9,24.0,1.4209557,-2.923917,3.0981104,-0.60428774,-11184866
58,57,59,70,"Propithecus","null","Sifakas",7,8.599999,0.32387957,-3.5074313,2.3612094,-1.3502439,-11184866
59,58,60,65,"null","null","null",6,8.599999,0.55929744,-3.2712297,1.6207746,-2.8520634,-11184866
60,59,61,64,"null","null","null",3,8.4,0.66423047,-2.5607533,0.6411383,-3.731463,-11184866
61,60,62,63,"null","null","null",2,8.4,1.4433353,-2.010232,0.50423604,-3.7908015,-11184866
65,59,66,69,"null","null","null",3,8.4,1.6001978,-2.9140012,3.120006,-0.31738424,-8572416
66,65,67,68,"null","null","null",2,8.4,0.4136094,-3.5997503,2.3745227,-0.66423047,-8572416
71,57,72,73,"Avahi","null","null",2,9.0,3.2227073,-0.30319974,2.7384832,-1.3026869,-12486656
76,0,77,98,"Cheirogaleoidea","null","null",15,39.6,3.516669,-0.6001842,2.0156438,-2.1631231,-16731116
77,76,78,89,"","null","Dwarf Lemurs and Mouse Lemurs",11,35.6,2.9699779,-0.6376127,3.1657624,-1.00327,-16731116
78,77,79,88,"null","null","null",6,22.9,2.2791789,-1.5568547,3.514792,-0.39551622,-16731116
79,78,80,87,"null","null","null",5,22.5,1.5045903,-2.8598032,3.0981107,-0.6042876,-16731116
80,79,81,86,"Microcebus","null","null",4,11.2,0.3238794,-3.424084,2.3612094,-1.177318,-16731116
81,80,82,85,"null","null","null",3,11.0,0.55929744,-3.1628785,1.7788426,-2.6272595,-16731116
82,81,83,84,"null","null","null",2,11.0,0.66423047,-2.4198966,0.6411383,-3.4392178,-16731116
89,77,90,97,"Cheirogaleus","null","null",5,17.099998,3.325272,-0.9791807,0.40941608,-2.8343034,-16731116
90,89,91,96,"null","null","null",4,16.8,3.5286403,-0.4410535,2.0262728,-2.1905627,-16731116
91,90,92,95,"null","null","null",3,16.8,3.0229487,-0.62788236,3.2790754,-1.3026878,-16731116
92,91,93,94,"null","null","null",2,16.8,2.3134437,-0.65274763,3.7626066,-0.37198845,-11513776
98,76,99,102,"Phaner","null","Fork-marked Lemurs",4,19.9,2.1433957,-2.1206903,0.52348465,-3.4706497,-12486656
99,98,100,101,"null","null","null",2,19.9,3.1267936,-0.9791807,0.65274733,-2.8544226,-12486656
102,98,103,104,"null","null","null",2,19.9,0.44286638,-3.711182,1.8611745,-1.7914242,-12486656
