index,parent,child1,child2,name1,name2,common,richness,lengthbr,hxmax,hxmin,hymax,hymin,color
0,-268348400,1,62,"null","null","null",32,17.6,3.105144,-0.6376126,3.165761,-1.1971906,-12486656
1,-268435456,2,39,"null","null","null",31,17.6,2.4548945,-1.6991732,3.5147917,-0.39551586,-12486656
2,-268435455,3,38,"null","null","null",19,17.6,1.5045918,-3.0448186,3.0981112,-0.60428745,-12486656
3,-268435454,4,37,"null","null","null",18,17.6,0.323879,-3.6646056,2.3612099,-1.1974748,-12486656
4,-268435453,5,24,"null","null","null",17,10.0,0.5592972,-3.4755578,1.7338114,-2.6534648,-12486656
5,-268435452,6,19,"null","null","null",10,10.0,0.7517865,-2.8263798,0.41482425,-3.4732862,-12486656
6,-268435451,7,16,"null","null","null",7,10.0,2.2960706,-2.1206903,0.50423574,-3.455173,-12486656
7,-268435450,8,15,"null","null","null",5,10.0,3.3252718,-0.9791801,0.6527473,-2.834303,-11184866
8,-268435449,9,14,"null","null","null",4,10.0,3.5286398,-0.44105357,2.0262752,-2.190562,-11184866
9,-268435448,10,13,"null","null","null",3,10.0,3.0229478,-0.6278824,3.2790775,-1.3026856,-11184866
10,-268435447,11,12,"null","null","null",2,4.2,2.3134432,-0.6527475,3.7626076,-0.37198886,-11184866
16,-268435450,17,18,"null","null","null",2,10.0,0.44286656,-3.7111814,1.8611743,-1.7914251,-16731116
19,-268435451,20,23,"null","null","null",3,10.0,0.8210871,-3.7909265,2.3745227,-0.47380137,-8572416
20,-268435437,21,22,"null","null","null",2,10.0,0.541973,-3.7111814,1.8611743,-1.7914251,-11513776
24,-268435452,25,36,"null","null","null",7,10.0,1.6001993,-2.844085,3.374336,-0.3173849,-16731116
25,-268435432,26,33,"null","null","null",6,10.0,0.29948753,-3.5088606,2.7051516,-1.198791,-16731116
26,-268435431,27,32,"null","null","null",4,10.0,0.54197276,-3.3444967,1.8611755,-2.733913,-16731116
27,-268435430,28,31,"null","null","null",3,10.0,0.66192466,-2.660832,0.75470227,-3.684054,-16731116
28,-268435429,29,30,"null","null","null",2,10.0,1.2662256,-2.0763717,0.4839719,-3.8140678,-12486656
33,-268435431,34,35,"null","null","null",2,10.0,2.3408232,-0.42902276,3.7190404,-0.7670549,-16731116
39,-268435455,40,61,"null","null","null",12,17.6,3.6659763,-0.6366844,1.8643892,-2.1905634,-12486656
40,-268435417,41,54,"null","null","null",11,17.4,3.2014863,-0.6278822,3.0686283,-1.1166914,-12486656
41,-268435416,42,49,"null","null","null",7,17.4,2.5455422,-1.528754,3.489027,-0.3719881,-12486656
42,-268435415,43,46,"null","null","null",4,17.4,1.5501502,-2.9139972,3.1200066,-0.590516,-12486656
43,-268435414,44,45,"null","null","null",2,17.4,0.41361272,-3.5997481,2.374523,-0.66423047,-12486656
46,-268435414,47,48,"null","null","null",2,17.4,3.3284197,-0.2891272,2.5944867,-1.4052919,-16731116
49,-268435415,50,53,"null","null","null",3,17.4,3.7300925,-0.6717566,1.4250877,-2.2381659,-11184866
50,-268435407,51,52,"null","null","null",2,17.4,3.3284197,-0.61675906,2.5944867,-1.4052919,-8572416
54,-268435416,55,58,"null","null","null",4,17.4,3.4735012,-0.928794,0.33095467,-2.9070153,-16731116
55,-268435402,56,57,"null","null","null",2,17.4,3.8167186,-0.4185676,0.7310459,-2.2381659,-16731116
58,-268435402,59,60,"null","null","null",2,5.0,0.35782748,-2.716228,0.9025998,-3.23997,-12486656
