index,parent,child1,child2,name1,name2,common,richness,lengthbr,hxmax,hxmin,hymax,hymin,color
0,-268435449,1,140,"SCIUROMORPHA","null","Dormice, Squirrels and more",304,73.8,1.1927593,-3.2064073,3.0229466,-0.3032,-16731116
1,0,2,139,"null","null","null",277,56.3,0.37198922,-3.6681347,2.3134422,-1.5005729,-16731116
2,1,3,138,"Sciuridae","null","Squirrels, Chipmunks and more",276,41.600002,0.5905168,-3.3528433,1.6001947,-2.877357,-16731116
3,2,4,120,"null","null","null",275,40.2,1.0751538,-2.6772118,0.33634543,-3.5521092,-16731116
4,3,5,115,"","null","Pygmy Squirrels, Giant Squirrels and more",147,32.7,2.5731802,-1.7061999,0.5419737,-3.4007158,-16731116
5,4,6,100,"null","null","null",144,26.2,3.4750953,-0.67204434,0.66192484,-2.7339165,-16731116
6,5,7,68,"null","null","null",136,26.2,3.542417,-0.4839731,2.2184408,-2.0758142,-16731116
7,6,8,53,"null","null","null",92,26.2,2.972362,-0.64591235,3.3277462,-0.88665277,-16731116
8,7,9,46,"null","null","null",84,20.900002,2.3231204,-1.8036346,3.6272292,-0.41856945,-16731116
9,8,10,-268351488,"null","null","null",80,18.2,1.265665,-3.0865893,3.1946933,-0.61676013,-16731116
10,9,-268353536,11,"","null","Flying Squirrels",44,13.799999,0.34807986,-3.6148481,2.508496,-1.3419528,-16731116
11,10,12,43,"null","null","null",18,11.599999,2.5264778,-1.6694396,3.5147934,-0.70525956,-16731116
12,11,13,28,"null","null","null",16,11.599999,1.4246768,-3.0061564,3.0981085,-0.6042887,-12486656
13,12,14,27,"Petaurista","null","Giant Flying Squirrels",8,7.4999995,0.32388148,-3.614334,2.3612084,-1.1974893,-16731116
14,13,15,26,"null","null","null",7,7.3999996,0.5592989,-3.4101977,1.7788353,-2.6534753,-16731116
15,14,16,23,"null","null","null",6,7.2,0.88763,-2.7414117,0.41481674,-3.473289,-16731116
16,15,17,22,"null","null","null",4,6.3,2.4726603,-2.010226,0.5042378,-3.4551682,-16731116
17,16,18,21,"null","null","null",3,4.6,3.5548277,-0.9791694,0.6527479,-2.8342948,-12486656
18,17,19,20,"null","null","null",2,3.0,3.8270526,-0.4410558,0.9094003,-2.1905565,-12486656
23,15,24,25,"null","null","null",2,2.6,0.8210846,-3.5997574,2.374522,-0.40725255,-16731116
28,12,29,40,"null","null","null",8,8.3,3.2310944,-0.30320084,3.0686398,-1.151444,-11184866
29,28,30,37,"null","null","null",6,8.1,2.5840364,-1.6418946,3.4890308,-0.37199068,-11184866
30,29,31,36,"null","null","null",4,6.1,1.600189,-3.0610695,3.1200047,-0.5905177,-11184866
31,30,32,35,"null","null","null",3,4.6,0.4135974,-3.790929,2.374522,-0.66423035,-11184866
32,31,33,34,"null","null","null",2,3.0,0.54197484,-3.7111773,1.8611662,-1.7914411,-3014646
37,29,38,39,"Aeromys","null","null",2,2.9,3.8167205,-0.6717526,0.73106873,-2.2381606,-11513776
40,28,41,42,"null","null","null",2,8.3,3.0051725,-1.0892012,0.33095616,-2.9852285,-12486656
43,11,44,45,"Pteromys","null","null",2,6.0,3.8270519,-0.6366811,0.9093958,-2.1905582,-16731116
46,8,47,52,"Ratufa","some","Giant Squirrels",4,8.0,3.5166674,-0.6001822,2.1815815,-2.1365566,-12486656
47,46,48,51,"null","null","null",3,6.2,2.9699736,-0.6376133,3.381475,-1.1971812,-12486656
48,47,49,50,"null","null","null",2,4.2,2.279176,-0.64591163,3.795211,-0.3955179,-12486656
53,7,54,65,"null","null","null",8,20.0,3.499587,-0.9025985,0.55628717,-2.752129,-12486656
54,53,55,64,"null","null","null",6,15.799999,3.663,-0.4628849,2.1643844,-2.1365566,-12486656
55,54,56,63,"Prosciurillus","some","Dwarf Squirrels and more",5,12.7,3.1602058,-0.6376133,3.3591185,-1.1971812,-16731116
56,55,57,60,"null","null","null",4,12.7,2.5264778,-1.237134,3.7661476,-0.3955179,-16731116
57,56,58,59,"null","null","null",2,12.7,1.5045818,-2.444159,3.4248688,-0.6042887,-11513776
60,56,61,62,"null","null","null",2,5.6,3.8270519,-0.6366811,0.9093958,-2.1905582,-16731116
65,53,66,67,"Hyosciurus","null","null",2,5.1,0.38339514,-2.4198875,0.8665061,-3.439223,-12486656
68,6,-268355584,69,"null","null","null",44,26.199999,2.464298,-1.847542,0.48358512,-3.4397876,-16731116
69,68,70,93,"null","null","null",16,19.2,0.40148073,-3.271225,1.6207691,-2.6534727,-16731116
70,69,71,92,"null","null","null",12,17.6,0.75179815,-2.560747,0.64113134,-3.4732883,-16731116
71,70,72,91,"null","null","null",11,17.300001,2.2960806,-2.010228,0.50423723,-3.4551697,-16731116
72,71,73,90,"null","null","null",10,17.2,3.3252769,-0.9791716,0.65274775,-2.834297,-16731116
73,72,74,89,"null","null","null",9,16.800001,3.528639,-0.44105524,1.8644058,-2.1905582,-16731116
74,73,75,88,"null","null","null",8,16.6,3.022944,-0.6278832,3.0686398,-1.3026779,-16731116
75,74,76,87,"null","null","null",7,16.300001,2.3134408,-1.4749908,3.4890308,-0.37199068,-16731116
76,75,77,86,"null","null","null",6,16.1,1.600189,-2.8440948,3.1200047,-0.5905177,-16731116
77,76,78,85,"null","null","null",5,16.0,0.4135974,-3.5088618,2.374522,-1.1988084,-16731116
78,77,79,84,"null","null","null",4,15.900001,0.54197484,-3.3444898,1.8611662,-2.7339265,-16731116
79,78,80,83,"null","null","null",3,15.700001,0.661925,-2.6608222,0.75469065,-3.6840591,-16731116
80,79,81,82,"null","null","null",2,15.1,1.2662436,-2.076365,0.483974,-3.814066,-16731116
93,69,94,97,"Lariscus","null","null",4,9.0,1.5501386,-2.9140093,3.120005,-0.31738168,-16731116
94,93,95,96,"null","null","null",2,9.0,0.4136024,-3.5997543,2.374522,-0.66423035,-16731116
97,93,98,99,"null","null","null",2,9.0,3.3284106,-0.28912848,2.5945,-1.4052829,-12486656
100,5,101,110,"null","null","null",8,26.2,0.9518968,-2.7891603,0.84492064,-3.4974651,-16731116
101,100,102,109,"Funambulus","null","null",5,10.4,2.4870431,-1.9384017,0.52359605,-3.4058878,-16731116
102,101,103,108,"null","null","null",4,8.3,3.4687877,-0.8675231,0.6580922,-2.752129,-12486656
103,102,104,107,"null","null","null",3,6.6,3.622961,-0.4628849,1.7924187,-2.1365566,-12486656
104,103,105,106,"null","null","null",2,6.6,3.1081553,-0.6376133,2.8755634,-1.1971812,-11184866
110,100,111,114,"null","null","null",3,26.2,0.79509544,-3.8027482,2.3612084,-0.66484976,-16731116
111,110,112,113,"null","null","null",2,19.3,0.55929846,-3.6551375,1.7788374,-1.9610459,-16731116
115,4,116,119,"null","null","null",3,8.5,0.3595989,-3.1313152,1.6917318,-2.774618,-16731116
116,115,117,118,"null","null","null",2,8.5,0.665,-2.38071,0.5272858,-3.5244997,-16731116
120,3,121,127,"","null","Ground Squirrels and more",128,36.4,0.76705325,-3.6561825,2.5084972,-1.343874,-16731116
121,120,122,124,"null","null","null",122,30.6,0.5755006,-3.3982806,1.674941,-2.760713,-16731116
122,121,123,-268352512,"null","null","null",120,30.1,0.9035156,-2.7277648,0.33848965,-3.5064235,-16731116
123,122,-268354560,-268350464,"null","null","null",90,25.2,2.4241476,-1.841383,0.52359605,-3.4175336,-16731116
124,121,125,126,"Sciurotamias","some","Rock Squirrels",2,5.0,1.5045854,-2.4441533,3.4248726,-0.27500045,-16731116
127,120,128,137,"","some","Ground Squirrels",6,28.3,2.2791772,-1.5568599,3.514793,-0.7052604,-16731116
128,127,129,136,"null","null","null",5,15.0,1.504586,-2.8598058,3.0981097,-0.6042882,-16731116
129,128,130,135,"Xerus","null","null",4,12.1,0.3238805,-3.4240825,2.361209,-1.177326,-16731116
130,129,131,134,"null","null","null",3,12.1,0.5592982,-3.1628733,1.7788389,-2.6272664,-16731116
131,130,132,133,"null","null","null",2,12.1,0.66423047,-2.4198897,0.6411331,-3.4392219,-16731116
140,0,141,172,"Gliridae","most","Dormice",27,46.4,3.078177,-0.33095533,3.2514238,-0.92879367,-16731116
141,140,142,169,"null","null","null",16,41.3,2.4606786,-1.8280995,3.5280132,-0.41856873,-16731116
142,141,143,168,"Graphiurus","null","null",14,35.699997,1.4052863,-3.1183975,3.0657144,-0.61675966,-16731116
143,142,144,167,"null","null","null",13,28.099998,0.34807888,-3.6562028,2.3408222,-1.3385706,-16731116
144,143,145,158,"null","null","null",12,12.9,0.57550037,-3.3983078,1.5297141,-2.75382,-16731116
145,144,146,155,"null","null","null",7,12.9,0.95189494,-2.7278004,0.33849102,-3.4974644,-16731116
146,145,147,154,"null","null","null",5,12.9,2.487042,-1.9384029,0.52359575,-3.4058883,-16731116
147,146,148,153,"null","null","null",4,12.9,3.4687877,-0.86752474,0.65809214,-2.7521303,-16731116
148,147,149,152,"null","null","null",3,12.9,3.6229622,-0.46288455,1.7924159,-2.1365573,-16731116
149,148,150,151,"null","null","null",2,6.0,3.1081572,-0.6376132,2.875561,-1.1971827,-16731116
155,145,156,157,"null","null","null",2,12.9,0.7950959,-3.6646872,2.361209,-0.4184206,-16731116
158,144,159,164,"null","null","null",5,12.9,1.4209516,-3.151086,3.0981097,-0.2750002,-16731116
159,158,160,163,"null","null","null",3,12.9,0.3238803,-3.802748,2.361209,-0.6648438,-16731116
160,159,161,162,"null","null","null",2,12.9,0.5592979,-3.6551394,1.7788401,-1.9610406,-16731116
164,158,165,166,"null","null","null",2,6.0,3.222704,-0.3032002,2.7384875,-1.3026838,-16731116
169,141,170,171,"null","null","null",2,33.5,3.8261673,-0.6001837,1.0880102,-2.136559,-16731116
172,140,173,192,"null","null","null",11,36.600002,3.3870215,-0.9025991,0.55628085,-2.7672744,-16731116
173,172,174,185,"null","null","null",10,35.9,3.5166688,-0.462884,2.1643784,-2.1562433,-16731116
174,173,175,180,"null","null","null",6,32.9,2.969977,-0.6376128,3.3591158,-1.0032684,-16731116
175,174,176,179,"null","null","null",3,19.3,2.2791781,-1.2371211,3.76615,-0.39551657,-16731116
176,175,177,178,"null","null","null",2,19.3,1.5045888,-2.444148,3.4248753,-0.60428786,-11513776
180,174,181,184,"Eliomys","null","null",3,12.8,3.5548208,-0.9791791,0.3445288,-2.8343022,-16731116
181,180,182,183,"null","null","null",2,10.3,3.827052,-0.44105384,0.90938234,-2.1905618,-16731116
185,173,186,191,"null","null","null",4,20.1,2.4726484,-2.0102317,0.5234841,-3.4551728,-11184866
186,185,187,190,"Myomimus","null","null",3,16.4,3.5548208,-0.9791791,0.65274745,-2.8343022,-11184866
187,186,188,189,"null","null","null",2,16.4,3.827052,-0.44105384,0.90938234,-2.1905618,-11513776
