index,parent,child1,child2,name1,name2,common,richness,lengthbr,hxmax,hxmin,hymax,hymin,color
0,-268392443,1,193,"null","null","null",173,60.4,1.3110149,-3.0865836,3.0657148,-0.28912768,-16731116
1,0,2,192,"null","null","null",161,55.1,0.34807852,-3.6148462,2.3408225,-1.3476417,-16731116
2,1,3,189,"null","null","null",160,49.7,0.57550013,-3.3445456,1.6749446,-2.7656138,-16731116
3,2,4,174,"null","null","null",158,43.2,0.9508353,-2.6579094,0.47731072,-3.5127978,-16731116
4,3,5,169,"Phyllostomidae","null","null",150,32.1,2.4856653,-1.7993889,0.52359545,-3.4258227,-16731116
5,4,6,94,"null","null","null",147,28.8,3.4669995,-0.7080508,0.6580921,-2.7780452,-16731116
6,5,7,21,"null","null","null",109,27.6,3.6206393,-0.46288425,2.0824366,-2.1702461,-16731116
7,6,-268388352,8,"null","null","null",72,22.8,3.105138,-0.637613,3.2525895,-1.070386,-16731116
8,7,9,16,"null","null","null",7,21.8,3.4434733,-0.91696286,0.34452912,-2.9853218,-16731116
9,8,10,13,"Carollia","null","Short-tailed Bats",4,5.2,3.6822972,-0.44105458,1.610443,-2.3868887,-16731116
10,9,11,12,"null","null","null",2,5.2,3.2227004,-0.62788296,2.7384913,-1.3026809,-16731116
13,9,14,15,"null","null","null",2,5.2,1.2662363,-2.0763676,0.56239974,-3.8140664,-16731116
16,8,17,20,"Rhinophylla","null","null",3,12.9,0.37080073,-2.6608262,0.8857578,-3.6840568,-16731116
17,16,18,19,"null","null","null",2,12.9,1.2662363,-2.0763676,0.48397315,-3.8140664,-16731116
21,6,22,83,"null","null","null",37,22.7,2.377339,-1.9868102,0.52348334,-3.486682,-16731116
22,21,23,66,"null","null","null",31,22.5,3.4309158,-0.7673116,0.6527476,-2.8752637,-16731116
23,22,24,47,"null","null","null",22,19.8,3.6659727,-0.44105458,1.864401,-2.243813,-16731116
24,23,25,40,"null","null","null",12,15.2,3.201479,-0.62788296,3.0686367,-1.1166822,-16731116
25,24,26,35,"null","null","null",8,8.1,2.545535,-1.6418905,3.4890296,-0.37198997,-16731116
26,25,27,32,"null","null","null",5,5.5,1.5501379,-3.0610669,3.1200051,-0.5905173,-12486656
27,26,28,31,"Choeroniscus","null","null",3,5.1,0.4136008,-3.7909288,2.3745222,-0.66423035,-16731116
28,27,29,30,"null","null","null",2,5.1,0.5419743,-3.711179,1.8611686,-1.7914356,-12486656
32,26,33,34,"null","null","null",2,0.5,3.3284092,-0.28912854,2.5945022,-1.4052815,-12486656
35,25,36,39,"null","null","null",3,6.0,3.7300882,-0.67175364,1.4251064,-2.2381618,-16731116
36,35,37,38,"null","null","null",2,3.7,3.3284092,-0.6167602,2.5945022,-1.4052815,-16731116
40,24,41,46,"Anoura","null","Tailless Bats",4,8.7,3.406869,-1.0892045,0.33095574,-2.9070091,-16731116
41,40,42,45,"null","null","null",3,8.7,3.7300882,-0.41856956,1.4251064,-2.2381618,-16731116
42,41,43,44,"null","null","null",2,8.7,3.3284092,-0.6167602,2.5945022,-1.4052815,-16731116
47,23,48,61,"null","null","null",10,15.7,2.1597342,-2.0484686,0.56239974,-3.492146,-16731116
48,47,49,58,"null","null","null",7,14.4,3.251427,-0.87069,0.64591235,-2.9070091,-16731116
49,48,50,57,"Glossophaga","some","Long-tongued Bats",5,7.4,3.5280137,-0.41856956,1.9147013,-2.2381618,-16731116
50,49,51,56,"null","null","null",4,7.4,3.0657125,-0.6167602,3.2309756,-1.4052815,-16731116
51,50,52,55,"null","null","null",3,5.9,2.3408213,-0.8562542,3.8025498,-0.34807998,-16731116
52,51,53,54,"null","null","null",2,5.9,1.691729,-2.1268048,3.5885563,-0.5755011,-16731116
58,48,59,60,"Monophyllus","null","null",2,6.5,0.3578286,-2.7162137,0.9025985,-3.2399807,-16731116
61,47,62,65,"Leptonycteris","null","null",3,7.2,0.48358494,-3.3782606,1.9384013,-2.3110383,-11184866
62,61,63,64,"null","null","null",2,4.6,0.65809226,-2.7162137,0.86752254,-3.2399807,-11184866
66,22,67,82,"null","null","null",9,15.2,0.5977137,-2.6608262,0.8857578,-3.537706,-16731116
67,66,68,81,"null","null","null",8,11.7,2.1597342,-2.0763676,0.48397315,-3.6238103,-16731116
68,67,69,78,"Lonchophylla","null","Nectar Bats",7,9.8,3.251427,-0.87069,0.64591235,-3.0781732,-16731116
69,68,70,75,"null","null","null",5,9.8,3.5280137,-0.41856956,1.8652903,-2.4606752,-16731116
70,69,71,74,"null","null","null",3,9.8,3.0657125,-0.6167602,3.1667411,-1.4052815,-16731116
71,70,72,73,"null","null","null",2,9.8,2.3408213,-0.6580918,3.719045,-0.34807998,-16731116
75,69,76,77,"null","null","null",2,9.8,1.0880204,-2.1365561,0.60018194,-3.8261666,-16731116
78,68,79,80,"null","null","null",2,9.8,0.3578286,-2.7162137,0.9025985,-3.2399807,-16731116
83,21,84,91,"null","null","null",6,20.2,0.44286472,-3.4099588,1.9094191,-2.7339203,-16731116
84,83,85,88,"","null","Flower Bats",4,7.8999996,0.66192484,-2.745932,0.49051046,-3.6840568,-16731116
85,84,86,87,"Phyllonycteris","null","null",2,5.1,1.2662363,-2.0763676,0.48397315,-3.8140664,-16731116
88,84,89,90,"Erophylla","null","null",2,5.1,0.84492064,-3.5245004,2.3807096,-0.39556143,-16731116
91,83,92,93,"Brachyphylla","null","null",2,5.4,1.691732,-2.1267989,3.5885592,-0.3595987,-16731116
94,5,95,160,"null","null","null",38,28.699999,0.8108182,-2.7010155,0.8665067,-3.4732876,-16731116
95,94,96,157,"null","null","null",33,28.400002,2.3728087,-2.120686,0.50423664,-3.455171,-16731116
96,95,97,134,"","null","Big-eared Bats and more",31,28.400002,3.4250267,-0.7997961,0.6527476,-2.8342993,-16731116
97,96,98,133,"null","null","null",19,23.7,3.6583166,-0.44105458,1.864401,-2.1905596,-16731116
98,97,99,130,"null","null","null",18,23.7,3.1915257,-0.62788296,3.0686367,-1.1514481,-16731116
99,98,100,117,"null","null","null",16,19.0,2.5325959,-1.4749868,3.4890296,-0.37198997,-16731116
100,99,101,110,"null","null","null",9,16.6,1.4333838,-2.8440921,3.1200051,-0.5905173,-16731116
101,100,102,109,"null","null","null",5,15.0,0.4136008,-3.5088615,2.3745222,-1.198804,-16731116
102,101,103,108,"Phyllostomus","null","null",4,11.2,0.5419743,-3.3444917,1.8611686,-2.7339232,-16731116
103,102,104,107,"null","null","null",3,11.2,0.6619249,-2.660825,0.7546941,-3.6840577,-16731116
104,103,105,106,"null","null","null",2,5.7,1.2662381,-2.076367,0.48397338,-3.8140666,-16731116
110,100,111,114,"Mimon","null","null",4,10.5,3.0657125,-0.28912854,3.1667411,-1.2878737,-16731116
111,110,112,113,"null","null","null",2,5.2,2.3408213,-0.6580918,3.719045,-0.34807998,-16731116
114,110,115,116,"null","null","null",2,5.2,2.8755636,-1.1971806,0.31716153,-3.1081548,-16731116
117,99,118,129,"","null","Round-eared Bats",7,9.9,3.700975,-0.67175364,1.7065808,-2.2381618,-16731116
118,117,119,128,"null","null","null",6,9.9,3.2905622,-0.6167602,2.9604187,-1.4052815,-16731116
119,118,120,125,"null","null","null",5,9.9,2.6331258,-1.354575,3.4508257,-0.34807998,-16731116
120,119,121,124,"null","null","null",3,9.9,1.691729,-2.774622,3.131315,-0.5755011,-16731116
121,120,122,123,"null","null","null",2,9.9,0.52728236,-3.524502,2.38071,-0.665,-16731116
125,119,126,127,"Tonatia","null","null",2,4.7,3.7952113,-0.7052593,0.55373704,-2.2791758,-16731116
130,98,131,132,"null","null","null",2,17.5,3.005169,-1.0892045,0.33095574,-2.9852326,-16731116
134,96,135,146,"null","null","null",12,25.6,0.6896912,-2.7339163,0.8857578,-3.4364257,-16731116
135,134,136,145,"Micronycteris","some","Big-eared Bats",6,12.099999,2.279305,-2.0763676,0.48397315,-3.492146,-16731116
136,135,137,142,"null","null","null",5,12.099999,3.406869,-0.87069,0.64591235,-2.9070091,-16731116
137,136,138,141,"null","null","null",3,8.9,3.7300882,-0.41856956,1.4251064,-2.2381618,-16731116
138,137,139,140,"null","null","null",2,8.9,3.3284092,-0.6167602,2.5945022,-1.4052815,-16731116
142,136,143,144,"null","null","null",2,1.9,0.3578286,-2.7162137,0.9025985,-3.2399807,-16731116
146,134,147,156,"null","null","null",6,25.6,0.84492064,-3.497465,2.452291,-0.9518976,-16731116
147,146,148,155,"null","null","null",5,15.3,0.52359617,-3.4058871,1.9384013,-2.4870439,-16731116
148,147,149,154,"null","null","null",4,13.3,0.65809226,-2.7521284,0.86752254,-3.468788,-16731116
149,148,150,153,"Glyphonycteris","null","null",3,12.4,1.7924193,-2.1365561,0.46288502,-3.6229608,-16731116
150,149,151,152,"null","null","null",2,7.2,2.8755636,-1.1971806,0.63761336,-3.1081548,-16731116
157,95,158,159,"Macrotus","null","null",2,7.3,0.44286472,-3.7111793,1.8611706,-1.7914329,-16731116
160,94,161,168,"null","null","null",5,26.9,0.82108605,-3.5088606,2.3745222,-1.1988003,-12486656
161,160,162,167,"Lonchorhina","null","Sword-nosed Bats",4,16.4,0.5419738,-3.3444924,1.8611706,-2.7339203,-11184866
162,161,163,166,"null","null","null",3,16.4,0.66192484,-2.6608262,0.7546954,-3.6840568,-11184866
163,162,164,165,"null","null","null",2,16.4,1.2662363,-2.0763676,0.48397315,-3.8140664,-12486656
169,4,170,173,"null","null","null",3,26.8,0.401482,-3.162875,1.7788401,-2.6272643,-16731116
170,169,171,172,"null","null","null",2,14.2,0.66423047,-2.419892,0.6411348,-3.4392204,-16731116
174,3,175,186,"Mormoopidae","null","Mustached Bats and more",8,36.7,0.7950963,-3.507431,2.673551,-1.2045246,-16731116
175,174,176,183,"Pteronotus","null","null",6,18.5,0.5592979,-3.2712274,1.79486,-2.6626258,-16731116
176,175,177,182,"null","null","null",4,18.5,0.66423047,-2.56075,0.6411348,-3.4851904,-16731116
177,176,178,181,"null","null","null",3,16.1,2.1434035,-2.01023,0.50423664,-3.470645,-16731116
178,177,179,180,"null","null","null",2,9.4,3.1267998,-0.979175,0.6527476,-2.8544154,-16731116
183,175,184,185,"null","null","null",2,4.0,1.600195,-2.288046,3.511704,-0.31738296,-16731116
186,174,187,188,"Mormoops","null","null",2,20.0,2.3134425,-0.43901807,3.762608,-0.737069,-16731116
189,2,190,191,"Noctilionidae","null","null",2,3.5,1.5045881,-2.4441488,3.4248753,-0.275,-16731116
193,0,194,213,"null","null","null",12,51.4,3.160211,-0.3171607,3.307931,-1.0122108,-12486656
194,193,195,210,"null","null","null",10,49.0,2.5264823,-1.6061735,3.6996102,-0.3955164,-12486656
195,194,196,209,"Natalidae","null","Funnel-eared Bats",8,20.2,1.5045897,-2.923917,3.3383741,-0.60428774,-12486656
196,195,197,206,"null","null","null",7,20.2,0.32387957,-3.5074313,2.6735523,-1.2045211,-12486656
197,196,198,205,"Natalus","null","null",5,20.0,0.55929744,-3.2712297,1.7788426,-2.6626234,-12486656
198,197,199,204,"null","null","null",4,19.9,0.66423047,-2.5607533,0.6411383,-3.4851909,-11184866
199,198,200,203,"null","null","null",3,19.9,2.1433983,-2.010232,0.50423604,-3.4706478,-12486656
200,199,201,202,"null","null","null",2,19.9,3.1267962,-0.9791784,0.6527474,-2.8544197,-11184866
206,196,207,208,"Chilonatalus","null","null",2,10.0,2.3134434,-0.43901777,3.762607,-0.73706996,-12486656
210,194,211,212,"Furipteridae","null","null",2,11.5,3.827052,-0.6366836,0.909381,-2.190562,-12486656
213,193,214,215,"Thyropteridae","null","null",2,12.4,3.1267948,-0.97918,0.34452868,-2.8544214,-16731116
