index,parent,child1,child2,name1,name2,common,richness,lengthbr,hxmax,hxmin,hymax,hymin,color
0,-268431356,1,178,"null","null","null",107,29.4,3.6266298,-0.46288514,2.015655,-2.2078693,-16731116
1,0,2,105,"null","null","null",89,29.4,3.112924,-0.6376134,3.1657696,-1.0414729,-16731116
2,1,3,72,"null","null","null",52,29.4,2.4650118,-1.6470424,3.5147934,-0.39551812,-16731116
3,2,4,43,"null","null","null",35,12.900001,1.3808081,-2.977039,3.0981078,-0.6042888,-16731116
4,3,5,42,"null","null","null",20,12.900001,0.32388172,-3.5764804,2.3612075,-1.2190355,-16731116
5,4,6,41,"Acomys","some","Spiny Mice",19,12.8,0.5592991,-3.360987,1.7788345,-2.6814845,-16731116
6,5,7,32,"null","null","null",18,5.3,0.7518035,-2.6774378,0.56176096,-3.5096998,-16731116
7,6,8,31,"null","null","null",13,5.3,2.2960854,-2.010225,0.50423795,-3.5025015,-16731116
8,7,9,28,"null","null","null",12,5.3,3.3252792,-0.72746193,0.652748,-2.8958278,-16731116
9,8,10,23,"null","null","null",10,5.3,3.5286388,-0.441056,1.8644108,-2.2705498,-16731116
10,9,11,20,"null","null","null",7,5.3,3.022942,-0.62788355,3.068643,-1.1514399,-16731116
11,10,12,19,"null","null","null",5,5.0,2.3134391,-1.5287814,3.4890313,-0.37199152,-16731116
12,11,13,16,"null","null","null",4,5.0,1.55013,-2.914019,3.1200035,-0.59051824,-16731116
13,12,14,15,"null","null","null",2,5.0,0.4135942,-3.5997598,2.3745208,-0.6642302,-16731116
16,12,17,18,"null","null","null",2,5.0,3.328404,-0.28912947,2.5945096,-1.4052767,-16731116
20,10,21,22,"null","null","null",2,5.3,3.005175,-1.0891994,0.33095664,-2.9852262,-16731116
23,9,24,27,"null","null","null",3,5.3,1.9703138,-2.0763643,0.56239724,-3.5523138,-16731116
24,23,25,26,"null","null","null",2,2.2,3.005175,-1.0891994,0.64591277,-2.9852262,-16731116
28,8,29,30,"null","null","null",2,5.3,0.37080157,-2.571176,0.8857566,-3.3442616,-16731116
32,6,33,38,"null","null","null",5,5.3,0.8210844,-3.4558165,2.705148,-0.9977443,-16731116
33,32,34,37,"null","null","null",3,5.3,0.5419747,-3.2755313,1.8611665,-2.4725435,-16731116
34,33,35,36,"null","null","null",2,5.3,0.66192496,-2.571176,0.7546901,-3.3442616,-16731116
38,32,39,40,"null","null","null",2,5.3,2.3408208,-0.4290239,3.7190452,-0.7670516,-16731116
43,3,44,67,"Lophuromys","null","Brush-furred Rats and more",15,6.2,3.132392,-0.303201,3.0686388,-1.1166797,-12486656
44,43,45,58,"null","null","null",12,6.2,2.4557228,-1.4749897,3.48903,-0.37199056,-16731116
45,44,46,57,"null","null","null",7,6.2,1.6001897,-2.8440938,3.1200042,-0.59051764,-16731116
46,45,47,56,"null","null","null",6,6.2,0.4135989,-3.508861,2.3745215,-1.0796676,-16731116
47,46,48,55,"null","null","null",5,6.0,0.5419747,-3.344489,1.8611665,-2.5790436,-16731116
48,47,49,54,"null","null","null",4,6.0,0.66192496,-2.6608212,0.7546901,-3.482712,-16731116
49,48,50,53,"null","null","null",3,6.0,1.9703138,-2.0763643,0.48397422,-3.5523138,-16731116
50,49,51,52,"null","null","null",2,6.0,3.005175,-1.0891994,0.64591277,-2.9852262,-16777216
58,44,59,64,"null","null","null",5,6.2,3.5280137,-0.67175275,1.8652921,-2.4606745,-12486656
59,58,60,63,"null","null","null",3,4.4,3.065712,-0.6167603,3.1667423,-1.4052806,-12486656
60,59,61,62,"null","null","null",2,4.4,2.3408208,-0.6580918,3.7190452,-0.34808022,-16731116
64,58,65,66,"null","null","null",2,6.2,1.0880196,-2.1365566,0.6001816,-3.8261666,-16731116
67,43,68,71,"null","null","null",3,6.2,3.4735096,-1.0892038,0.3309561,-2.9070082,-12486656
68,67,69,70,"null","null","null",2,6.2,3.8167202,-0.4185698,0.73106515,-2.238161,-11184866
72,2,73,98,"Niviventer","null","White-bellied Rats and more",17,20.5,3.6887553,-0.63668066,1.8644047,-2.2438111,-16731116
73,72,74,93,"null","null","null",13,20.5,3.2310948,-0.6278832,3.0686388,-1.1166797,-16731116
74,73,75,90,"null","null","null",10,20.5,2.5840368,-1.4749897,3.48903,-0.37199056,-16731116
75,74,76,87,"null","null","null",8,20.5,1.5501353,-2.8440938,3.1200042,-0.59051764,-16731116
76,75,77,86,"null","null","null",6,20.5,0.4135989,-3.508861,2.3745215,-1.0796676,-16731116
77,76,78,85,"null","null","null",5,20.5,0.5419747,-3.344489,1.8611665,-2.5790436,-16731116
78,77,79,84,"null","null","null",4,20.5,0.66192496,-2.6608212,0.7546901,-3.482712,-16731116
79,78,80,83,"null","null","null",3,20.5,1.9703138,-2.0763643,0.48397422,-3.5523138,-12486656
80,79,81,82,"null","null","null",2,20.5,3.005175,-1.0891994,0.64591277,-2.9852262,-11184866
87,75,88,89,"null","null","null",2,20.5,3.3284082,-0.2891289,2.5945039,-1.4052806,-16731116
90,74,91,92,"null","null","null",2,20.5,3.8167202,-0.67175275,0.73106515,-2.238161,-16731116
93,73,94,97,"null","null","null",3,20.5,3.4735096,-1.0892038,0.3309561,-2.9070082,-16731116
94,93,95,96,"null","null","null",2,20.5,3.8167202,-0.4185698,0.73106515,-2.238161,-16731116
98,72,99,104,"null","null","null",4,20.5,2.3305678,-2.076367,0.5623988,-3.4921455,-16731116
99,98,100,103,"null","null","null",3,7.4,3.4735096,-1.0892038,0.6459124,-2.9070082,-16731116
100,99,101,102,"null","null","null",2,7.4,3.8167202,-0.4185698,0.73106515,-2.238161,-16731116
105,1,106,159,"Mus","null","null",37,13.7,3.448443,-0.91696227,0.3739525,-2.9202747,-16731116
106,105,107,142,"null","null","null",27,13.7,3.6887553,-0.44105512,1.9801664,-2.3023288,-16731116
107,106,108,125,"null","null","null",18,7.7,3.2310948,-0.6278832,3.219129,-1.1618762,-16731116
108,107,109,122,"null","null","null",9,7.7,2.5840368,-1.4436026,3.684667,-0.37199056,-16731116
109,108,110,119,"null","null","null",7,7.7,1.5501353,-2.8032904,3.3743324,-0.59051764,-16731116
110,109,111,116,"null","null","null",5,7.7,0.29949006,-3.4558165,2.705148,-0.9977443,-16731116
111,110,112,115,"null","null","null",3,7.7,0.5419747,-3.2755313,1.8611665,-2.4725435,-16731116
112,111,113,114,"null","null","null",2,7.7,0.66192496,-2.571176,0.7546901,-3.3442616,-16731116
116,110,117,118,"null","null","null",2,7.7,2.3408208,-0.4290239,3.7190452,-0.7670516,-16731116
119,109,120,121,"null","null","null",2,7.7,3.3284082,-0.2891289,2.5945039,-1.4052806,-16731116
122,108,123,124,"null","null","null",2,7.7,3.8167202,-0.67175275,0.73106515,-2.238161,-16731116
125,107,126,141,"null","null","null",9,7.7,3.2514277,-1.0892038,0.3309561,-3.0087004,-16731116
126,125,127,136,"null","null","null",8,7.7,3.5280137,-0.4185698,1.7065823,-2.3703609,-16731116
127,126,128,135,"null","null","null",5,7.7,3.065712,-0.6167603,2.9604197,-1.4052806,-16731116
128,127,129,134,"null","null","null",4,7.7,2.3408208,-1.3545772,3.4508257,-0.34808022,-16731116
129,128,130,133,"null","null","null",3,7.7,1.6917281,-2.7746239,3.1313145,-0.5755012,-16731116
130,129,131,132,"null","null","null",2,7.7,0.5272817,-3.5245032,2.3807092,-0.665,-16731116
136,126,137,140,"null","null","null",3,7.7,1.7924187,-2.1365566,0.6001816,-3.622961,-16731116
137,136,138,139,"null","null","null",2,7.7,2.8755634,-1.1971815,0.6376133,-3.1081553,-16731116
142,106,143,152,"null","null","null",9,4.1,2.279306,-2.0607467,0.5623988,-3.6238103,-16731116
143,142,144,151,"null","null","null",5,4.1,3.4068692,-1.0892038,0.6459124,-3.0781724,-16731116
144,143,145,148,"null","null","null",4,4.1,3.7300878,-0.4185698,1.4251086,-2.4606745,-16731116
145,144,146,147,"null","null","null",2,4.1,3.3284082,-0.6167603,2.5945039,-1.4052806,-16731116
148,144,149,150,"null","null","null",2,4.1,1.0880196,-2.1365566,0.6001816,-3.8261666,-16731116
152,142,153,158,"null","null","null",4,4.1,0.48358452,-3.405888,1.9384005,-2.6072845,-16731116
153,152,154,157,"null","null","null",3,4.1,0.65809226,-2.752129,0.8675231,-3.6250997,-16731116
154,153,155,156,"null","null","null",2,4.1,1.0880196,-2.1365566,0.4628849,-3.8261666,-16731116
159,105,160,169,"null","null","null",10,13.7,0.7291248,-2.768663,0.8857573,-3.4364262,-12486656
160,159,161,166,"null","null","null",5,0.3,2.3305678,-2.216556,0.48397338,-3.4921455,-16731116
161,160,162,165,"null","null","null",3,0.3,3.4735096,-1.0892038,0.6459124,-2.9070082,-12486656
162,161,163,164,"null","null","null",2,0.3,3.8167202,-0.4185698,0.73106515,-2.238161,-12486656
166,160,167,168,"null","null","null",2,0.3,0.48358452,-3.7564592,1.9384005,-1.6186413,-16731116
169,159,170,177,"null","null","null",5,11.2,0.8449204,-3.497466,2.4522898,-1.0443912,-12486656
170,169,171,176,"null","null","null",4,11.2,0.52359635,-3.405888,1.9384005,-2.6072845,-12486656
171,170,172,175,"null","null","null",3,11.2,0.65809226,-2.752129,0.8675231,-3.6250997,-12486656
172,171,173,174,"null","null","null",2,11.2,1.0880196,-2.1365566,0.4628849,-3.8261666,-12486656
178,0,179,200,"null","null","null",18,29.4,2.29608,-1.9577118,0.5234818,-3.5713406,-16731116
179,178,180,193,"null","null","null",11,19.8,3.3252766,-0.76730907,0.65274775,-2.9853194,-16731116
180,179,181,190,"","some","Rock Rats",7,19.8,3.528639,-0.44105512,2.0426908,-2.386887,-16731116
181,180,182,187,"null","null","null",5,19.8,3.0229437,-0.6278832,3.3004107,-1.1514455,-16731116
182,181,183,186,"null","null","null",3,19.8,2.3134403,-1.0472679,3.7903333,-0.37199056,-16731116
183,182,184,185,"null","null","null",2,19.8,1.6001897,-2.2880554,3.5116982,-0.59051764,-16777216
187,181,188,189,"null","null","null",2,19.8,3.0051699,-1.0892038,0.3309561,-2.9852314,-16731116
190,180,191,192,"null","null","null",2,19.8,1.2662381,-2.076367,0.5623988,-3.8140666,-16731116
193,179,194,199,"null","null","null",4,19.8,0.45200062,-2.660825,0.8857573,-3.482712,-16731116
194,193,195,198,"null","null","null",3,19.8,1.9703064,-2.076367,0.48397338,-3.5523171,-16731116
195,194,196,197,"null","null","null",2,5.0,3.0051699,-1.0892038,0.6459124,-2.9852314,-16731116
200,178,201,210,"null","null","null",7,21.5,0.44286364,-3.3444917,1.9094158,-2.5434372,-16731116
201,200,202,209,"Pelomys","null","Groove-toothed Swamp Rats",5,20.6,0.7291248,-2.660825,0.7546941,-3.4364262,-16731116
202,201,203,208,"null","null","null",4,20.6,2.3305678,-2.076367,0.48397338,-3.4921455,-16731116
203,202,204,207,"null","null","null",3,20.6,3.4735096,-1.0892038,0.6459124,-2.9070082,-16731116
204,203,205,206,"null","null","null",2,20.6,3.8167202,-0.4185698,0.73106515,-2.238161,-16731116
210,200,211,212,"Mylomys","null","null",2,5.6,1.691729,-2.1268048,3.5885563,-0.35959762,-16731116
