fileID,parentFileID
0,-1
2,0
8,2
13,8
15,8
11,8
9,8
10,9
19,8
17,8
14,8
18,8
16,8
12,8
21,2
23,21
24,23
27,21
26,21
28,21
25,21
22,21
4,2
5,4
6,4
7,4
3,2
20,2
31,2
29,2
30,29
33,2
32,2
77,0
80,77
82,77
78,77
79,77
83,77
81,77
76,0
35,0
41,35
40,35
37,35
38,35
42,35
36,35
39,35
45,0
53,45
55,53
54,53
56,53
73,45
74,73
62,45
67,45
68,67
69,67
58,45
61,58
59,58
60,58
71,45
57,45
70,45
46,45
63,45
64,63
66,63
65,63
75,45
72,45
47,45
49,47
52,47
50,47
51,47
48,47
85,0
88,85
90,88
89,88
93,85
87,85
86,85
92,85
91,85
34,0
43,0
44,43
84,0
1,0
