index    parent   name         common       hxmax      hxmin      hymax      hymin     
0        -1       null         null         3.4888215  -0.6720471  0.6619247  -2.7409687 
1        0        null         null         3.5602636  -0.48397243  2.1597292  -2.1051562 
2        1        null         null         2.4642947  -1.7993889  0.48358634  -3.5058017 
3        2        null         null         3.4392178  -0.73060244  0.6580921  -2.8820176 
4        3        null         null         3.584523   -0.46288425  2.1293228  -2.30541  
5        4        null         null         3.0581865  -0.637613  3.3135417  -1.0214714 
6        5        null         null         2.3938518  -1.6359279  3.706901   -0.39551717 
7        6        _some        Pipistrelles  1.3321686  -2.962594  3.3478503  -0.6042883 
8        7        null         null         0.32388073  -3.5577064  2.6858726  -1.1974847 
9        8        null         null         0.5592984  -3.3365836  1.6207696  -2.653472 
10       9        null         null         0.8217367  -2.6457133  0.6411318  -3.473288 
11       10       null         null         2.387001   -2.120684  0.5042372  -3.4551697 
12       11       null         null         3.4434738  -0.72746766  0.65274775  -2.8342974 
13       12       null         null         3.6822956  -0.44105512  1.6104476  -2.1905584 
14       13       null         null         3.2226973  -0.6278832  2.7384949  -1.3026786 
18       12       null         null         0.37080103  -2.571182  0.8857573  -3.3442578 
21       11       null         null         0.44286364  -3.711179  1.8611686  -1.7914356 
25       9        null         null         1.6001918  -3.0610669  3.1200051  -0.3173819 
26       25       null         null         0.4136008  -3.7909288  2.3745222  -0.66423035 
27       26       null         null         0.5419743  -3.711179  1.8611686  -1.7914356 
32       8        null         null         2.5840383  -1.0472633  3.790334   -0.7370682 
33       32       null         null         1.6001918  -2.2880516  3.5117006  -0.5905173 
36       32       null         null         3.81672    -0.67175364  0.73106325  -2.2381618 
39       7        null         null         3.0229454  -0.30320042  3.2191267  -1.1514481 
40       39       null         null         2.3134418  -1.4436002  3.6846669  -0.37198997 
41       40       null         null         1.6001918  -2.8032897  3.3743334  -0.5905173 
42       41       null         null         0.29948944  -3.4558184  2.7051492  -0.9977391 
43       42       null         null         0.5419743  -3.2755356  1.8611686  -2.4725387 
44       43       null         null         0.6619249  -2.571182  0.7546941  -3.3442578 
48       42       null         null         2.3408213  -0.42902362  3.719045   -0.76705235 
53       39       null         null         3.005169   -1.0892045  0.33095574  -2.9852326 
56       6        null         null         3.5286393  -0.63668215  2.0262823  -2.1905596 
57       56       Scotorepens_some  Broad-nosed Bats  3.0229454  -0.62788296  3.2790823  -1.1514481 
58       57       null         null         2.3134418  -0.6527472  3.7626092  -0.37198997 
61       57       null         null         3.005169   -1.0892045  0.33095574  -2.9852326 
65       5        null         null         3.4484415  -0.91696286  0.34452912  -2.8752637 
66       65       null         null         3.688756   -0.44105458  1.864401   -2.243813 
67       66       Histiotus    null         3.2310967  -0.62788296  3.0686367  -1.3026809 
68       67       null         null         2.5840383  -1.52877   3.4890296  -0.37198997 
69       68       null         null         1.6001918  -2.9140103  3.1200051  -0.5905173 
70       69       null         null         0.4136008  -3.5997553  2.3745222  -0.66423035 
74       68       null         null         3.81672    -0.67175364  0.73106325  -2.2381618 
78       66       null         null         2.3305664  -2.0763676  0.56239974  -3.492146 
79       78       null         null         3.4735088  -1.0892045  0.64591235  -2.9070091 
80       79       null         null         3.81672    -0.41856956  0.73106325  -2.2381618 
85       65       null         null         0.37080073  -2.5711837  0.8857578  -3.3442564 
88       4        null         null         1.4433408  -2.01023   0.52348334  -3.7908006 
91       3        null         null         0.8143029  -2.7517567  0.8665067  -3.5241616 
92       91       null         null         2.377339   -1.927067  0.50423664  -3.5213075 
93       92       null         null         3.4309158  -0.7673116  0.6527476  -2.920277 
94       93       null         null         3.6659727  -0.44105458  1.864401   -2.3023305 
95       94       Lasiurus     null         3.201479   -0.62788296  3.0686367  -1.3026809 
96       95       null         null         2.545535   -1.4749868  3.4890296  -0.37198997 
97       96       null         null         1.5501379  -2.8440921  3.1200051  -0.5905173 
98       97       null         null         0.4136008  -3.5088615  2.3745222  -1.0796645 
99       98       null         null         0.5419743  -3.3444917  1.7061975  -2.5790417 
100      99       null         null         0.6619249  -2.660825  0.7546941  -3.482712 
101      100      null         null         1.9703064  -2.076367  0.48397338  -3.5523171 
102      101      null         null         3.0051699  -1.0892038  0.6459124  -2.9852314 
107      99       null         null         1.691729   -2.774622  3.131315   -0.35959762 
108      107      null         null         0.52728236  -3.524502  2.38071    -0.665    
113      97       null         null         3.3284092  -0.28912854  2.5945022  -1.4052815 
116      96       null         null         3.7300882  -0.67175364  1.4251064  -2.4606752 
117      116      null         null         3.3284092  -0.6167602  2.5945022  -1.4052815 
120      116      null         null         1.0880204  -2.1365561  0.60018194  -3.8261666 
124      94       null         null         2.2620783  -2.0763676  0.56239974  -3.6238103 
125      124      null         null         3.384474   -1.0892045  0.64591235  -3.0781732 
126      125      Nyctophilus_some  Long-eared Bats  3.700975   -0.41856956  1.7065808  -2.4606752 
127      126      null         null         3.2905622  -0.6167602  2.9604187  -1.2878737 
128      127      null         null         2.6331258  -1.354575  3.4508257  -0.34807998 
129      128      null         null         1.691729   -2.774622  3.131315   -0.5755011 
130      129      null         null         0.52728236  -3.524502  2.38071    -0.665    
134      128      null         null         3.7952113  -0.7052593  0.55373704  -2.2791758 
137      127      null         null         2.8755636  -1.1971806  0.31716153  -3.1081548 
140      126      null         null         1.0880204  -2.1365561  0.60018194  -3.8261666 
145      93       Arielulus    null         0.37080073  -2.6608262  0.8857578  -3.6840568 
146      145      null         null         1.2662363  -2.0763676  0.48397315  -3.8140664 
150      92       null         null         0.44286472  -3.2755368  1.8611706  -2.4725354 
151      150      null         null         0.66192484  -2.5711837  0.7546954  -3.3442564 
155      91       null         null         0.82108605  -3.6230288  2.7422638  -1.0796609 
156      155      null         null         0.5419738  -3.4929109  1.7061995  -2.579039 
157      156      null         null         0.66192484  -2.8537698  0.52232444  -3.4827113 
158      157      null         null         1.970305   -2.2165565  0.48397315  -3.5523176 
159      158      null         null         3.005169   -1.0892045  0.64591235  -2.9852326 
162      158      null         null         0.48358494  -3.7564588  1.9384013  -1.618641 
165      157      null         null         0.84492064  -3.7671354  2.452291   -0.39556143 
166      165      null         null         0.52359617  -3.7564588  1.9384013  -1.618641 
170      156      null         null         1.691732   -2.774617  3.131315   -0.3595987 
171      170      null         null         0.5272873  -3.524499  2.3807096  -0.665    
175      155      null         null         2.3408217  -0.85624695  3.8025503  -0.7670531 
176      175      null         null         1.6917326  -2.1267982  3.5885592  -0.57550055 
180      2        null         null         0.401482   -3.162875  1.79486    -2.6272643 
181      180      Glischropus  null         0.66423047  -2.419892  0.6411348  -3.4392204 
184      180      null         null         1.600195   -2.288046  3.511704   -0.31738296 
187      0        null         null         0.9343963  -2.7891612  0.84492135  -3.51333  
188      187      null         null         2.4642947  -1.8475455  0.52359545  -3.4265146 
189      188      null         null         3.4392178  -0.73060244  0.6580921  -2.7789445 
190      189      null         null         0.7901143  -2.7517567  0.8665067  -3.4732876 
191      190      null         null         2.3458936  -2.01023   0.50423664  -3.455171 
192      191      null         null         3.390037   -0.979175  0.6527476  -2.8342993 
193      192      null         null         3.6128302  -0.44105458  1.864401   -2.1905596 
194      193      null         null         3.1323936  -0.62788296  3.0686367  -1.1166822 
195      194      null         null         2.4557242  -1.4749868  3.4890296  -0.37198997 
196      195      null         null         1.4333838  -2.8440921  3.1200051  -0.5905173 
197      196      null         null         0.4136008  -3.5088615  2.3745222  -1.0522765 
198      197      null         null         0.5419743  -3.3444917  1.9094158  -2.5434372 
199      198      null         null         0.7291248  -2.660825  0.7546941  -3.4364262 
200      199      null         null         2.3305678  -2.076367  0.48397338  -3.4921455 
201      200      null         null         3.4735096  -1.0892038  0.6459124  -2.9070082 
202      201      null         null         3.8167202  -0.4185698  0.73106515  -2.238161 
208      198      null         null         1.691729   -2.1268048  3.5885563  -0.35959762 
212      196      null         null         3.0657125  -0.28912854  3.1667411  -1.4052815 
213      212      null         null         2.3408213  -0.6580918  3.719045   -0.34807998 
217      195      null         null         3.5280137  -0.67175364  1.9147013  -2.2381618 
218      217      null         null         3.0657125  -0.6167602  3.2309756  -1.4052815 
219      218      null         null         2.3408213  -0.8562542  3.8025498  -0.34807998 
220      219      null         null         1.691729   -2.1268048  3.5885563  -0.5755011 
226      194      null         null         3.406869   -1.0892045  0.33095574  -2.9070091 
227      226      null         null         3.7300882  -0.41856956  1.4251064  -2.2381618 
228      227      null         null         3.3284092  -0.6167602  2.5945022  -1.4052815 
236      190      null         null         0.82108605  -3.6230288  2.3745222  -1.1122022 
237      236      null         null         0.5419738  -3.4929109  1.8611706  -2.6213427 
238      237      Scotophilus  null         0.66192484  -2.8537698  0.64477277  -3.537706 
239      238      null         null         2.1597342  -2.2165565  0.48397315  -3.6238103 
240      239      null         null         3.251427   -1.0892045  0.64591235  -3.0781732 
241      240      null         null         3.5280137  -0.41856956  1.8652903  -2.4606752 
242      241      null         null         3.0657125  -0.6167602  3.1667411  -1.4052815 
243      242      null         null         2.3408213  -0.6580918  3.719045   -0.34807998 
247      241      null         null         1.0880204  -2.1365561  0.60018194  -3.8261666 
251      239      null         null         0.48358494  -3.7564588  1.9384013  -1.618641 
254      238      null         null         0.84492064  -3.7671354  2.7278     -0.39556143 
255      254      null         null         0.52359617  -3.7564588  1.9384013  -1.618641 
258      254      null         null         2.3612084  -0.41842085  3.6646879  -0.7950953 
263      188      null         null         0.401482   -3.2712274  1.79486    -2.6534698 
264      263      Scotoecus_some  House Bats   0.8876209  -2.56075   0.6411348  -3.4732876 
265      264      null         null         2.4726522  -2.01023   0.50423664  -3.455171 
266      265      null         null         3.5548232  -0.979175  0.6527476  -2.8342993 
267      266      null         null         3.827052   -0.44105458  0.90939033  -2.1905596 
273      263      Vespertilio  null         1.600195   -2.288046  3.511704   -0.31738296 
276      187      null         null         0.7950963  -3.802748  2.361209   -0.6648438 
277      276      null         null         0.5592979  -3.6551394  1.7788401  -1.9610406 
