index    parent   name         common       hxmax      hxmin      hymax      hymin     
0        -1       null         null         3.3870237  -0.70804733  0.65809226  -2.8069844 
1        0        null         null         3.516667   -0.46288514  2.0824416  -2.2078693 
2        1        null         null         2.9699726  -0.6376134  3.252592   -1.0703816 
3        2        null         null         2.2791753  -1.6552967  3.6276627  -0.39551812 
4        3                     Grass Mice and Akodonts  1.4209437  -2.9877696  3.2448382  -0.6042888 
5        4        null         null         0.32388172  -3.5904303  2.5519571  -1.2118331 
6        5        null         null         0.5592991  -3.379122  1.6207659  -2.6721215 
7        6        null         null         0.7518035  -2.701013  0.41481584  -3.497528 
8        7        null         null         2.2960854  -2.010225  0.50423795  -3.4866781 
9        8        null         null         3.3252792  -0.8530586  0.652748   -2.875257 
10       9        null         null         3.5286388  -0.441056  1.9931663  -2.2438078 
11       10       null         null         3.022942   -0.62788355  3.236025   -1.1514399 
12       11       null         null         2.3134391  -1.4749951  3.7066278  -0.37199152 
13       12       null         null         1.55013    -2.8440971  3.402879   -0.59051824 
14       13       null         null         0.29949108  -3.508861  2.742259   -1.1988146 
15       14       null         null         0.5419755  -3.3444862  1.8611634  -2.7339318 
16       15       null         null         0.66192514  -2.6608171  0.7546856  -3.684062 
17       16       null         null         1.2662525  -2.0763617  0.48397505  -3.814065 
22       14       null         null         2.3408196  -0.8562642  3.8025498  -0.7670504 
23       22       null         null         1.6917245  -2.1268134  3.5885527  -0.5755019 
27       13       null         null         3.328404   -0.28912947  2.5945096  -1.4052767 
31       11       null         null         3.005175   -1.0891994  0.33095664  -2.9852262 
34       10       null         null         2.330574   -2.2165523  0.56239724  -3.492144 
35       34       null         null         3.4735134  -1.0891994  0.64591277  -2.9070053 
36       35       null         null         3.816721   -0.41857076  0.7310724  -2.2381592 
40       34       null         null         0.48358285  -3.7564573  1.9383985  -1.6186471 
43       9        null         null         0.5977216  -2.8537683  0.8857566  -3.4364276 
44       43       null         null         2.1597412  -2.0607424  0.48397422  -3.492144 
45       44       null         null         3.2514307  -1.0891994  0.64591277  -2.9070053 
46       45       null         null         3.5280137  -0.41857076  1.8652986  -2.2381592 
47       46       null         null         3.0657103  -0.61676085  3.166747   -1.2878677 
48       47       null         null         2.3408196  -0.65809155  3.7190475  -0.34808123 
51       47       null         null         2.8755686  -1.1971772  0.31716225  -3.1081505 
56       44       null         null         0.48358285  -3.4058852  2.0181658  -2.6072886 
57       56       null         null         0.6580924  -2.7521253  0.867519   -3.6251023 
58       57       null         null         1.0880269  -2.1365538  0.46288577  -3.8261664 
62       56       null         null         1.7788353  -1.9610502  3.6551359  -0.40147904 
65       43       null         null         0.84491944  -3.7671363  2.727799   -0.39556205 
66       65       null         null         0.5235968  -3.7564573  1.9383985  -1.6186471 
69       65       null         null         2.3612075  -0.41842124  3.6646893  -0.7950944 
73       7        null         null         0.8210844  -3.508861  2.3745215  -1.1988084 
74       73       null         null         0.5419747  -3.344489  1.8611665  -2.7339268 
75       74       null         null         0.66192496  -2.6608212  0.7546901  -3.6840599 
76       75       null         null         1.2662454  -2.0763643  0.48397422  -3.814066 
82       6        null         null         1.6001897  -2.9140136  3.1200042  -0.31738016 
83       82       null         null         0.4135989  -3.5997567  2.3745215  -0.66423035 
87       5        null         null         2.3134403  -1.5287743  3.48903    -0.737067 
88       87       null         null         1.6001897  -2.9140136  3.1200042  -0.59051764 
89       88       null         null         0.4135989  -3.5997567  2.3745215  -0.66423035 
94       4        null         null         3.2226973  -0.303201  2.7384949  -1.3026786 
98       2        null         null         3.3900387  -0.9791728  0.3739525  -2.9853194 
99       98       null         null         3.61283    -0.44105512  1.9801664  -2.386887 
100      99       null         null         3.132392   -0.6278832  3.219129   -1.1514455 
101      100      Thomasomys   Oldfield Mice  2.4557228  -1.4749897  3.684667   -0.37199056 
102      101      null         null         1.5333146  -2.8440938  3.3743324  -0.59051764 
103      102      null         null         0.29949006  -3.508861  2.705148   -1.0522804 
104      103      null         null         0.5419747  -3.344489  1.7306662  -2.5434403 
105      104      null         null         0.72913146  -2.6608212  0.7546901  -3.4364276 
106      105      null         null         2.330574   -2.0763643  0.48397422  -3.492144 
107      106      null         null         3.4735134  -1.0891994  0.64591277  -2.9070053 
108      107      null         null         3.816721   -0.41857076  0.7310724  -2.2381592 
114      104      null         null         1.6749359  -2.9612648  3.1863742  -0.35959655 
115      114      null         null         0.5272817  -3.7671363  2.4522867  -0.665    
116      115      null         null         0.5235968  -3.7564573  1.9383985  -1.6186471 
120      114      null         null         3.4248688  -0.27500102  2.444159   -1.5045819 
123      103      null         null         2.3408208  -0.4290239  3.7190452  -0.7670516 
126      102      null         null         3.2905617  -0.2891289  3.1463318  -1.4052806 
127      126      null         null         2.6331253  -1.3385786  3.6925116  -0.34808022 
128      127      null         null         1.6917281  -2.7538254  3.445506   -0.5755012 
129      128      null         null         0.3384865  -3.4974654  2.7891583  -1.0443956 
130      129      null         null         0.5235968  -3.4058852  1.9383985  -2.6072886 
131      130      null         null         0.6580924  -2.7521253  0.867519   -3.6251023 
132      131      null         null         1.0880269  -2.1365538  0.46288577  -3.8261664 
137      129      null         null         2.3612075  -0.6648546  3.8027482  -0.7950944 
138      137      null         null         1.7788353  -1.9610502  3.6551359  -0.5592989 
143      127      null         null         3.795211   -0.705259  0.5537361  -2.2791758 
147      101      null         null         3.5280137  -0.67175275  1.7065823  -2.238161 
148      147      null         null         3.065712   -0.6167603  2.9604197  -1.2264589 
149      148      null         null         2.3408208  -1.3545772  3.4508257  -0.34808022 
150      149      null         null         1.6917281  -2.7746239  3.1313145  -0.5755012 
151      150      null         null         0.5272817  -3.5245032  2.3807092  -0.665    
156      148      null         null         3.381475   -1.1971815  0.31716168  -2.9699733 
157      156      null         null         3.795211   -0.3955179  0.64591163  -2.2791758 
162      100                   Montane Mice  3.0051699  -1.0892038  0.3309561  -2.9852314 
165      99       null         null         1.2662381  -2.076367  0.5623988  -3.8140666 
169      1        null         null         2.29608    -2.0102282  0.5234818  -3.5713406 
170      169      Calomys      Vesper Mice  3.3252766  -0.76730907  0.65274775  -2.9853194 
171      170      null         null         3.528639   -0.44105512  2.0426908  -2.386887 
172      171      null         null         3.0229437  -0.6278832  3.3004107  -1.1166797 
173      172      null         null         2.3134403  -1.0472679  3.7903333  -0.37199056 
174      173      null         null         1.6001897  -2.2880554  3.5116982  -0.59051764 
178      172      null         null         3.4735096  -1.0892038  0.3309561  -2.9070082 
179      178      null         null         3.8167202  -0.4185698  0.73106515  -2.238161 
183      171      null         null         1.2662381  -2.076367  0.5623988  -3.8140666 
186      170      null         null         0.37080103  -2.660825  0.8857573  -3.6840577 
187      186      null         null         1.2662381  -2.076367  0.48397338  -3.8140666 
192      0        null         null         0.7901181  -2.7010148  0.866506   -3.5096998 
193      192      null         null         2.345897   -1.9270647  0.5042372  -3.5025048 
194      193      null         null         3.3900387  -0.9791728  0.65274775  -2.8958325 
195      194      null         null         3.61283    -0.44105512  1.9801664  -2.270554 
196      195                   Hocicudos    3.132392   -0.6278832  3.219129   -1.3026786 
197      196      null         null         2.4557228  -1.4436026  3.684667   -0.37199056 
198      197      null         null         1.4333814  -2.8032904  3.3743324  -0.59051764 
199      198      null         null         0.29949006  -3.4558165  2.705148   -0.9977443 
200      199      null         null         0.5419747  -3.2755313  1.8611665  -2.4725435 
201      200      null         null         0.66192496  -2.571176  0.7546901  -3.3442616 
205      199      null         null         2.3408208  -0.4290239  3.7190452  -0.7670516 
208      198      null         null         3.065712   -0.2891289  3.1667423  -1.4052806 
209      208      null         null         2.3408208  -0.6580918  3.7190452  -0.34808022 
213      197      null         null         3.5280137  -0.67175275  1.9147029  -2.238161 
214      213      null         null         3.065712   -0.6167603  3.2309766  -1.4052806 
215      214      null         null         2.3408208  -0.85625637  3.8025498  -0.34808022 
216      215      null         null         1.6917281  -2.1268067  3.5885556  -0.5755012 
223      195      Neacomys     Bristly Mice  1.9703064  -2.216556  0.5623988  -3.5523171 
224      223      null         null         3.0051699  -1.0892038  0.6459124  -2.9852314 
227      223      null         null         0.48358452  -3.7564592  1.9384005  -1.6186413 
231      193      Melanomys    null         0.44286364  -3.2755356  1.8611686  -2.4725387 
232      231      null         null         0.6619249  -2.571182  0.7546941  -3.3442578 
236      192      null         null         0.82108533  -3.5088615  2.7422624  -1.198804 
237      236      Eligmodontia  Gerbil Mice  0.5419743  -3.3444917  1.8611686  -2.7339232 
238      237      null         null         0.6619249  -2.660825  0.7546941  -3.6840577 
239      238      null         null         1.2662381  -2.076367  0.48397338  -3.8140666 
244      236      null         null         2.3408213  -0.8562542  3.8025498  -0.76705235 
245      244      Microryzomys  null         1.691729   -2.1268048  3.5885563  -0.5755011 
