index,parent,child1,child2,name1,name2,common,richness,lengthbr,hxmax,hxmin,hymax,hymin,color
0,-268380981,1,60,"null","null","null",42,25.900002,3.0581865,-0.637613,3.3135417,-1.0214714,-16731116
1,0,2,51,"null","null","null",30,25.9,2.3938518,-1.6359279,3.706901,-0.39551717,-16731116
2,1,3,34,"","some","Pipistrelles",25,16.0,1.3321686,-2.962594,3.3478503,-0.6042883,-16731116
3,2,4,27,"null","null","null",16,14.0,0.32388073,-3.5577064,2.6858726,-1.1974847,-16731116
4,3,5,20,"null","null","null",12,9.2,0.5592984,-3.3365836,1.6207696,-2.653472,-16731116
5,4,6,19,"null","null","null",8,7.9,0.8217367,-2.6457133,0.6411318,-3.473288,-16731116
6,5,7,16,"null","null","null",7,7.8,2.387001,-2.120684,0.5042372,-3.4551697,-16731116
7,6,8,13,"null","null","null",5,7.8,3.4434738,-0.72746766,0.65274775,-2.8342974,-16731116
8,7,9,12,"null","null","null",3,7.8,3.6822956,-0.44105512,1.6104476,-2.1905584,-16731116
9,8,10,11,"null","null","null",2,7.8,3.2226973,-0.6278832,2.7384949,-1.3026786,-16731116
13,7,14,15,"null","null","null",2,7.8,0.37080103,-2.571182,0.8857573,-3.3442578,-16731116
16,6,17,18,"null","null","null",2,7.8,0.44286364,-3.711179,1.8611686,-1.7914356,-16731116
20,4,21,26,"null","null","null",4,6.6,1.6001918,-3.0610669,3.1200051,-0.3173819,-16731116
21,20,22,25,"null","null","null",3,6.6,0.4136008,-3.7909288,2.3745222,-0.66423035,-16731116
22,21,23,24,"null","null","null",2,3.1,0.5419743,-3.711179,1.8611686,-1.7914356,-16731116
27,3,28,31,"null","null","null",4,12.7,2.5840383,-1.0472633,3.790334,-0.7370682,-16731116
28,27,29,30,"null","null","null",2,12.7,1.6001918,-2.2880516,3.5117006,-0.5905173,-16731116
31,27,32,33,"null","null","null",2,4.6,3.81672,-0.67175364,0.73106325,-2.2381618,-16731116
34,2,35,48,"null","null","null",9,16.0,3.0229454,-0.30320042,3.2191267,-1.1514481,-16731116
35,34,36,47,"null","null","null",7,12.4,2.3134418,-1.4436002,3.6846669,-0.37198997,-16731116
36,35,37,46,"null","null","null",6,12.4,1.6001918,-2.8032897,3.3743334,-0.5905173,-16731116
37,36,38,43,"null","null","null",5,12.4,0.29948944,-3.4558184,2.7051492,-0.9977391,-12486656
38,37,39,42,"null","null","null",3,12.4,0.5419743,-3.2755356,1.8611686,-2.4725387,-16731116
39,38,40,41,"null","null","null",2,4.1,0.6619249,-2.571182,0.7546941,-3.3442578,-16731116
43,37,44,45,"null","null","null",2,12.4,2.3408213,-0.42902362,3.719045,-0.76705235,-8572416
48,34,49,50,"null","null","null",2,4.4,3.005169,-1.0892045,0.33095574,-2.9852326,-16731116
51,1,52,59,"null","null","null",5,12.0,3.5286393,-0.63668215,2.0262823,-2.1905596,-16731116
52,51,53,56,"Scotorepens","some","Broad-nosed Bats",4,9.8,3.0229454,-0.62788296,3.2790823,-1.1514481,-16731116
53,52,54,55,"null","null","null",2,4.5,2.3134418,-0.6527472,3.7626092,-0.37198997,-16731116
56,52,57,58,"null","null","null",2,4.5,3.005169,-1.0892045,0.33095574,-2.9852326,-16731116
60,0,61,80,"null","null","null",12,25.900002,3.4484415,-0.91696286,0.34452912,-2.8752637,-16731116
61,60,62,73,"null","null","null",10,25.900002,3.688756,-0.44105458,1.864401,-2.243813,-16731116
62,61,63,72,"Histiotus","null","null",6,13.299999,3.2310967,-0.62788296,3.0686367,-1.3026809,-16731116
63,62,64,69,"null","null","null",5,13.299999,2.5840383,-1.52877,3.4890296,-0.37198997,-16731116
64,63,65,68,"null","null","null",3,13.299999,1.6001918,-2.9140103,3.1200051,-0.5905173,-16731116
65,64,66,67,"null","null","null",2,4.9,0.4136008,-3.5997553,2.3745222,-0.66423035,-16731116
69,63,70,71,"null","null","null",2,4.9,3.81672,-0.67175364,0.73106325,-2.2381618,-16731116
73,61,74,79,"null","null","null",4,10.3,2.3305664,-2.0763676,0.56239974,-3.492146,-16731116
74,73,75,78,"null","null","null",3,10.3,3.4735088,-1.0892045,0.64591235,-2.9070091,-12486656
75,74,76,77,"null","null","null",2,10.3,3.81672,-0.41856956,0.73106325,-2.2381618,-11184866
80,60,81,82,"null","null","null",2,5.2,0.37080073,-2.5711837,0.8857578,-3.3442564,-16731116
