index,parent,child1,child2,name1,name2,common,richness,lengthbr,hxmax,hxmin,hymax,hymin,color
0,-268417983,1,44,"null","null","null",34,9.0,0.32388148,-3.6646094,2.638908,-1.2503662,-16731116
1,0,2,31,"null","null","null",22,9.0,0.5592989,-3.4755557,1.7338018,-2.7222152,-16731116
2,1,3,26,"null","null","null",15,9.0,0.8246813,-2.826377,0.41481674,-3.5626507,-16731116
3,2,4,21,"null","null","null",12,4.6,2.390827,-1.9270607,0.5042378,-3.5713387,-16731116
4,3,5,20,"null","null","null",9,4.6,3.4484446,-0.9791694,0.6527479,-2.9853163,-16731116
5,4,6,17,"null","null","null",8,4.6,3.6887546,-0.4410558,1.8644092,-2.3868847,-16731116
6,5,7,16,"null","null","null",6,4.6,3.2310927,-0.6278835,3.0686421,-1.3026755,-16731116
7,6,8,13,"null","null","null",5,4.6,2.584035,-1.5287797,3.4890313,-0.37199128,-16731116
8,7,9,12,"null","null","null",3,2.5,1.6001867,-2.914018,3.1200037,-0.59051806,-16731116
9,8,10,11,"null","null","null",2,2.5,0.4135952,-3.599759,2.374521,-0.6642302,-16731116
13,7,14,15,"null","null","null",2,1.5,3.8167205,-0.67175174,0.73107064,-2.2381597,-16731116
17,5,18,19,"null","null","null",2,4.6,1.2662436,-2.076365,0.5623976,-3.814066,-16731116
21,3,22,25,"null","null","null",3,4.6,0.4428624,-3.2755322,1.8611662,-2.472543,-16731116
22,21,23,24,"null","null","null",2,4.6,0.661925,-2.5711775,0.75469065,-3.3442605,-16731116
26,2,27,30,"null","null","null",3,5.3999996,0.8210846,-3.790929,2.374522,-0.47381967,-16731116
27,26,28,29,"null","null","null",2,2.6,0.54197484,-3.7111773,1.8611662,-1.7914411,-16731116
31,1,32,41,"null","null","null",7,4.7,1.550134,-2.8032913,3.374333,-0.3173806,-16731116
32,31,33,38,"null","null","null",5,4.7,0.29949018,-3.4558175,2.7051485,-0.99774426,-16731116
33,32,34,37,"null","null","null",3,4.7,0.54197484,-3.2755322,1.8611662,-2.472543,-16731116
34,33,35,36,"null","null","null",2,1.7,0.661925,-2.5711775,0.75469065,-3.3442605,-16731116
38,32,39,40,"null","null","null",2,4.7,2.3408206,-0.42902395,3.7190466,-0.76705146,-16731116
41,31,42,43,"null","null","null",2,4.7,3.328406,-0.28912896,2.5945067,-1.4052784,-16731116
44,0,45,66,"Alticola","null","null",12,7.8,2.3134408,-1.5127478,3.6846676,-0.7370672,-16731116
45,44,46,65,"null","null","null",11,7.8,1.600189,-2.8931787,3.374333,-0.5905177,-16731116
46,45,47,62,"null","null","null",10,6.0,0.29949018,-3.572671,2.7051485,-1.0522809,-16731116
47,46,48,61,"null","null","null",8,6.0,0.54197484,-3.4274416,1.8611662,-2.5434406,-16731116
48,47,49,60,"null","null","null",7,6.0,0.72912955,-2.7686596,0.75469065,-3.4364274,-16731116
49,48,50,57,"null","null","null",6,6.0,2.3305721,-2.2165534,0.483974,-3.4921446,-16731116
50,49,51,54,"null","null","null",4,6.0,3.4735122,-0.8706852,0.64591265,-2.9070063,-16731116
51,50,52,53,"null","null","null",2,6.0,3.8167205,-0.41857052,0.73107064,-2.2381597,-16731116
54,50,55,56,"null","null","null",2,1.8,0.35782912,-2.7162104,0.9025978,-3.239983,-16731116
57,49,58,59,"null","null","null",2,6.0,0.48358327,-3.756458,1.9383984,-1.6186465,-12486656
62,46,63,64,"null","null","null",2,6.0,2.3408206,-0.42902395,3.7190466,-0.76705146,-16731116
