index,parent,child1,child2,name1,name2,common,richness,lengthbr,hxmax,hxmin,hymax,hymin,color
0,-268355533,1,42,"null","null","null",22,15.100001,3.4995842,-0.86753124,0.6580919,-2.7725692,-16731116
1,0,2,37,"null","null","null",21,14.300001,3.663003,-0.46288335,2.0156415,-2.1631248,-16731116
2,1,3,28,"Sminthopsis","null","Dunnart",18,14.2,3.1602125,-0.6376126,3.165761,-1.0032719,-16731116
3,2,4,25,"null","null","null",13,14.0,2.5264835,-1.6061704,3.5147917,-0.39551586,-16731116
4,3,5,24,"null","null","null",11,13.3,1.5045918,-2.9239151,3.0981112,-0.60428745,-16731116
5,4,6,23,"null","null","null",10,13.1,0.323879,-3.507431,2.3612099,-1.1974748,-16731116
6,5,7,16,"null","null","null",9,12.700001,0.5592972,-3.271231,1.6207758,-2.6534648,-16731116
7,6,8,15,"null","null","null",5,10.1,0.8876138,-2.5607548,0.64114,-3.4732862,-16731116
8,7,9,14,"null","null","null",4,8.0,2.472646,-2.010233,0.50423574,-3.455173,-16731116
9,8,10,13,"null","null","null",3,8.0,3.5548198,-0.9791801,0.6527473,-2.834303,-16731116
10,9,11,12,"null","null","null",2,8.0,3.827052,-0.44105357,0.9093821,-2.190562,-16731116
16,6,17,22,"null","null","null",4,10.7,1.6001993,-3.0610588,3.120006,-0.3173849,-16731116
17,16,18,21,"null","null","null",3,10.2,0.41361105,-3.7909265,2.3745227,-0.66423047,-12486656
18,17,19,20,"null","null","null",2,9.7,0.54197276,-3.7111826,1.8611755,-1.7914224,-16731116
25,3,26,27,"null","null","null",2,10.7,3.8270519,-0.6366844,0.90937686,-2.1905634,-11184866
28,2,29,36,"null","null","null",5,12.7,3.325271,-0.97918236,0.40941346,-2.8343048,-16731116
29,28,30,35,"null","null","null",4,6.7,3.52864,-0.44105315,2.0262702,-2.1905634,-16731116
30,29,31,34,"null","null","null",3,4.6,3.0229492,-0.6278822,3.2790737,-1.3026892,-12486656
31,30,32,33,"null","null","null",2,3.6,2.3134441,-0.6527477,3.7626061,-0.3719881,-12486656
37,1,38,41,"Ningaui","null","null",3,12.700001,2.143393,-2.0102336,0.52348524,-3.470651,-16731116
38,37,39,40,"null","null","null",2,9.1,3.126792,-0.97918236,0.6527473,-2.8544245,-16731116
