index,parent,child1,child2,name1,name2,common,richness,lengthbr,hxmax,hxmin,hymax,hymin,color
0,-268433280,1,100,"Ctenomyidae","null","Tuco-tuco",51,9.6,0.76705325,-3.614847,2.3408217,-1.3802726,-12486656
1,-268435456,2,75,"null","null","null",50,9.6,0.5755006,-3.3445444,1.5949267,-2.8080313,-12486656
2,-268435455,3,52,"null","null","null",37,9.6,0.9527936,-2.657908,0.42326772,-3.5679374,-12486656
3,-268435454,4,49,"null","null","null",25,9.6,2.488209,-2.0181699,0.52359605,-3.4975019,-16731116
4,-268435453,5,44,"null","null","null",23,9.6,3.4703033,-0.6457069,0.6580922,-2.8712275,-12486656
5,-268435452,6,43,"null","null","null",20,9.6,3.6249313,-0.4628849,2.125013,-2.1365566,-12486656
6,-268435451,7,32,"null","null","null",19,9.6,3.1107163,-0.6376133,3.307936,-1.0703824,-12486656
7,-268435450,8,27,"null","null","null",13,9.6,2.4621415,-1.6694396,3.6996105,-0.3955179,-12486656
8,-268435449,9,24,"null","null","null",10,9.6,1.4209446,-3.0061564,3.3383706,-0.6042887,-12486656
9,-268435448,10,21,"null","null","null",8,9.6,0.32388148,-3.614334,2.6735492,-1.2045312,-16731116
10,-268435447,11,20,"null","null","null",6,9.6,0.5592989,-3.4101977,1.7788353,-2.6626298,-16731116
11,-268435446,12,17,"null","null","null",5,9.4,0.6642305,-2.7414117,0.41481674,-3.48519,-16731116
12,-268435445,13,16,"null","null","null",3,9.4,2.143413,-2.010226,0.5042378,-3.4706397,-16731116
13,-268435444,14,15,"null","null","null",2,9.4,3.1268065,-0.9791694,0.6527479,-2.8544078,-16731116
17,-268435445,18,19,"null","null","null",2,9.4,0.8210846,-3.5997574,2.374522,-0.40725255,-11513776
21,-268435447,22,23,"null","null","null",2,9.6,2.3134408,-0.4390186,3.7626104,-0.7370672,-16731116
24,-268435448,25,26,"null","null","null",2,9.6,3.222697,-0.30320084,2.7384958,-1.3026779,-8572416
27,-268435449,28,31,"null","null","null",3,9.6,3.6822953,-0.6366811,1.6104487,-2.1905582,-11184866
28,-268435429,29,30,"null","null","null",2,4.4,3.222697,-0.6278832,2.7384958,-1.3026779,-11184866
32,-268435450,33,42,"null","null","null",6,9.599999,3.3252769,-0.9791716,0.40943027,-2.9853187,-12486656
33,-268435424,34,39,"null","null","null",5,9.4,3.528639,-0.44105524,2.026287,-2.3868866,-12486656
34,-268435423,35,38,"null","null","null",3,9.4,3.022944,-0.6278832,3.2790856,-1.3026779,-12486656
35,-268435422,36,37,"null","null","null",2,9.4,2.3134408,-0.65274704,3.7626104,-0.37199068,-11184866
39,-268435423,40,41,"null","null","null",2,9.4,1.2662416,-2.0763655,0.5623986,-3.8140664,-11184866
44,-268435452,45,48,"null","null","null",3,9.6,0.38339514,-2.560747,0.8665061,-3.7314653,-16731116
45,-268435412,46,47,"null","null","null",2,9.6,1.443346,-2.010228,0.50423723,-3.7907999,-16731116
49,-268435453,50,51,"null","null","null",2,9.6,0.40148073,-3.6551375,1.7788374,-1.9610459,-16731116
52,-268435454,53,64,"null","null","null",12,9.6,0.79509544,-3.5074308,2.551959,-1.2045282,-12486656
53,-268435404,54,61,"null","null","null",6,9.6,0.55929846,-3.271225,1.7948564,-2.662628,-11184866
54,-268435403,55,60,"null","null","null",4,9.6,0.66423047,-2.560747,0.64113134,-3.4851902,-16731116
55,-268435402,56,59,"null","null","null",3,9.6,2.1434085,-2.010228,0.50423723,-3.470642,-16731116
56,-268435401,57,58,"null","null","null",2,4.4,3.1268032,-0.9791716,0.65274775,-2.8544111,-11513776
61,-268435403,62,63,"null","null","null",2,9.6,1.6001921,-2.2880507,3.511701,-0.31738168,-8572416
64,-268435404,65,70,"null","null","null",6,9.6,2.545536,-1.5287685,3.4890294,-0.73706806,-16731116
65,-268435392,66,69,"null","null","null",3,9.6,1.600193,-2.9140086,3.1200051,-0.59051716,-16731116
66,-268435391,67,68,"null","null","null",2,9.6,0.4136024,-3.5997543,2.374522,-0.66423035,-16731116
70,-268435392,71,74,"null","null","null",3,7.0,3.7300897,-0.67175376,1.4251032,-2.238162,-16731116
71,-268435386,72,73,"null","null","null",2,7.0,3.328412,-0.61676,2.5944989,-1.4052835,-16731116
75,-268435455,76,97,"null","null","null",13,9.6,1.4209496,-2.9239204,3.2448406,-0.27500045,-12486656
76,-268435381,77,88,"null","null","null",11,9.6,0.32388067,-3.5074308,2.5519595,-1.2045262,-12486656
77,-268435380,78,85,"null","null","null",6,9.6,0.5592982,-3.2712262,1.7948582,-2.6626267,-12486656
78,-268435379,79,84,"null","null","null",4,9.6,0.66423047,-2.5607486,0.6411331,-3.4851902,-11184866
79,-268435378,80,83,"null","null","null",3,9.6,2.1434062,-2.0102289,0.50423694,-3.4706433,-11184866
80,-268435377,81,82,"null","null","null",2,4.4,3.1268015,-0.9791734,0.6527477,-2.854413,-8572416
85,-268435379,86,87,"null","null","null",2,4.4,1.6001936,-2.2880483,3.5117025,-0.31738234,-16731116
88,-268435380,89,94,"null","null","null",5,9.6,2.5840392,-1.528766,3.489029,-0.73706853,-12486656
89,-268435368,90,93,"null","null","null",3,9.6,1.6001945,-2.914007,3.1200054,-0.590517,-16731116
90,-268435367,91,92,"null","null","null",2,9.6,0.4136042,-3.5997536,2.3745222,-0.66423047,-16731116
94,-268435368,95,96,"null","null","null",2,9.6,3.81672,-0.67175424,0.73105806,-2.2381628,-12486656
97,-268435381,98,99,"null","null","null",2,9.6,3.222702,-0.3032004,2.7384896,-1.302682,-16731116
