index,parent,child1,child2,name1,name2,common,richness,lengthbr,hxmax,hxmin,hymax,hymin,color
0,-268356485,1,48,"Tamias","null","Chipmunks",25,16.8,0.40148073,-3.2573671,1.7788374,-2.672118,-16731116
1,-268435456,2,47,"null","null","null",24,15.4,0.75179815,-2.5427318,0.64113134,-3.4975271,-16731116
2,-268435455,3,36,"null","null","null",23,9.499999,2.2960806,-1.986808,0.50423723,-3.48668,-16731116
3,-268435454,4,33,"null","null","null",17,9.299999,3.3252769,-0.72746617,0.65274775,-2.8752604,-16731116
4,-268435453,5,26,"null","null","null",15,9.099999,3.528639,-0.44105524,1.980167,-2.2438107,-16731116
5,-268435452,6,19,"null","null","null",11,8.599999,3.022944,-0.6278832,3.2191296,-1.116679,-16731116
6,-268435451,7,18,"null","null","null",7,5.4,2.3134408,-1.4436038,3.6846676,-0.37199068,-16731116
7,-268435450,8,17,"null","null","null",6,4.3,1.600189,-2.8032913,3.374333,-0.5905177,-16731116
8,-268435449,9,14,"null","null","null",5,2.3999999,0.29949018,-3.4558175,2.7051485,-0.99774426,-16731116
9,-268435448,10,13,"null","null","null",3,2.1999998,0.54197484,-3.2755322,1.8611662,-2.472543,-16731116
10,-268435447,11,12,"null","null","null",2,2.1,0.661925,-2.5711775,0.75469065,-3.3442605,-16731116
14,-268435448,15,16,"null","null","null",2,1.9,2.3408206,-0.42902395,3.7190466,-0.76705146,-12486656
19,-268435451,20,25,"null","null","null",4,8.4,3.40687,-1.0892012,0.33095616,-2.9070072,-16731116
20,-268435437,21,24,"null","null","null",3,8.3,3.7300868,-0.41857028,1.4251122,-2.2381606,-16731116
21,-268435436,22,23,"null","null","null",2,5.8,3.328406,-0.61676055,2.5945067,-1.4052784,-16731116
26,-268435452,27,32,"null","null","null",4,6.0,2.3305707,-2.0763655,0.5623986,-3.492145,-16731116
27,-268435430,28,31,"null","null","null",3,3.1,3.4735112,-1.0892012,0.6459125,-2.9070072,-16731116
28,-268435429,29,30,"null","null","null",2,2.5,3.8167205,-0.41857028,0.73106873,-2.2381606,-16731116
33,-268435453,34,35,"null","null","null",2,3.4,0.3708011,-2.5711792,0.8857572,-3.3442597,-16731116
36,-268435454,37,46,"null","null","null",6,9.299999,0.44286343,-3.4099588,1.8611681,-2.579042,-16731116
37,-268435420,38,43,"null","null","null",5,8.599999,0.66192496,-2.7459319,0.49050808,-3.4827118,-16731116
38,-268435419,39,42,"null","null","null",3,8.4,1.9703102,-2.0763655,0.4839738,-3.5523152,-16731116
39,-268435418,40,41,"null","null","null",2,6.2,3.0051725,-1.0892012,0.6459125,-2.9852285,-16731116
43,-268435419,44,45,"null","null","null",2,3.3,0.8449199,-3.5245025,2.3807096,-0.3955618,-16731116
