index,parent,child1,child2,name1,name2,common,richness,lengthbr,hxmax,hxmin,hymax,hymin,color
0,-268381179,1,142,"null","null","null",85,32.1,1.4246885,-2.9239151,3.3117285,-0.60428745,-16731116
1,0,2,89,"null","null","null",71,25.9,0.323879,-3.507431,2.6389124,-1.2130133,-16731116
2,1,3,76,"null","null","null",44,25.9,0.5592972,-3.271231,1.7338114,-2.6736648,-16731116
3,2,4,75,"null","null","null",37,25.6,0.81081176,-2.5607548,0.64114,-3.4995463,-16731116
4,3,5,74,"","null","Weasels, Stoats and more",36,22.9,2.3728034,-2.010233,0.50423574,-3.4893112,-16731116
5,4,6,69,"null","null","null",35,22.9,3.4250245,-0.76731706,0.6527473,-2.8786826,-16731116
6,5,7,44,"null","null","null",32,22.9,3.658318,-0.44105357,1.9931505,-2.2438169,-16731116
7,6,8,41,"null","null","null",19,13.099999,3.1915293,-0.6278824,3.2360156,-1.1514544,-16731116
8,7,9,26,"Mustela","null","null",17,9.9,2.532599,-1.4435942,3.706627,-0.37198886,-16731116
9,8,10,21,"null","null","null",9,4.7999997,1.4333884,-2.8032858,3.4028842,-0.59051657,-16731116
10,9,11,16,"null","null","null",6,4.6,0.29948834,-3.4558184,2.7422647,-0.99773157,-16731116
11,10,12,15,"null","null","null",3,4.6,0.5419735,-3.275539,1.8611722,-2.4725323,-12486656
12,11,13,14,"null","null","null",2,4.6,0.6619248,-2.5711865,0.7546976,-3.3442545,-12486656
16,10,17,20,"null","null","null",3,4.6,2.3408225,-0.8562454,3.8025503,-0.7670537,-16731116
17,16,18,19,"null","null","null",2,2.2,1.691733,-2.1267972,3.5885596,-0.57550037,-16731116
21,9,22,25,"null","null","null",3,4.6,3.0657144,-0.2891279,3.166736,-1.4052861,-12486656
22,21,23,24,"null","null","null",2,2.6,2.3408225,-0.658092,3.7190428,-0.34807888,-12486656
26,8,27,40,"null","null","null",8,9.800001,3.7009754,-0.6717552,1.7065735,-2.238164,-16731116
27,26,28,37,"null","null","null",7,9.700001,3.290565,-0.61675966,2.9604137,-1.28788,-16731116
28,27,29,34,"null","null","null",5,9.6,2.633128,-1.3545673,3.4508238,-0.34807888,-16731116
29,28,30,33,"null","null","null",3,9.6,1.691733,-2.7746155,3.1313152,-0.57550037,-16731116
30,29,31,32,"null","null","null",2,3.6,0.52728754,-3.5244987,2.3807101,-0.665,-16731116
34,28,35,36,"null","null","null",2,8.8,3.7952101,-0.7052609,0.5537288,-2.2791777,-16731116
37,27,38,39,"null","null","null",2,3.0,2.875558,-1.1971854,0.3171609,-3.10816,-12486656
41,7,42,43,"Neovison","null","null",2,3.9,3.0051632,-1.0892096,0.33095512,-2.9852386,-16731116
44,6,45,68,"null","null","null",13,20.9,2.2620723,-2.0763705,0.56240153,-3.4921474,-16731116
45,44,46,65,"null","null","null",12,20.6,3.384471,-0.8706966,0.645912,-2.9070122,-16731116
46,45,47,64,"null","null","null",10,17.0,3.7009754,-0.41856855,1.731637,-2.238164,-16731116
47,46,48,63,"null","null","null",9,15.799999,3.290565,-0.61675966,2.992996,-1.4052861,-16731116
48,47,49,60,"Martes","null","null",8,14.4,2.633128,-1.3385711,3.4931808,-0.34807888,-16731116
49,48,50,59,"null","null","null",6,14.4,1.691733,-2.7538207,3.1863794,-0.57550037,-16731116
50,49,51,58,"null","null","null",5,7.3999996,0.52728754,-3.4974651,2.4522934,-1.0443861,-16731116
51,50,52,57,"null","null","null",4,7.2999997,0.52359575,-3.4058893,1.9384029,-2.6072805,-16731116
52,51,53,56,"null","null","null",3,7.1,0.65809214,-2.7521315,0.8675264,-3.6250978,-16731116
53,52,54,55,"null","null","null",2,7.0,1.0880142,-2.136558,0.46288425,-3.8261666,-16731116
60,48,61,62,"null","null","null",2,5.1,3.7952101,-0.7052609,0.5537288,-2.2791777,-12486656
65,45,66,67,"Galictis","null","null",2,5.4,0.35782802,-2.7162204,0.9025992,-3.239976,-16731116
69,5,70,73,"null","null","null",3,7.3,0.37080014,-2.6608305,0.88575864,-3.6840544,-16731116
70,69,71,72,"Ictonyx","null","null",2,4.4,1.2662282,-2.0763705,0.48397225,-3.8140674,-16731116
76,2,77,88,"","some","Badgers",7,25.9,1.6001993,-2.844085,3.374336,-0.3173849,-16731116
77,76,78,85,"null","null","null",6,24.0,0.29948753,-3.5088606,2.7051516,-1.198791,-16731116
78,77,79,84,"null","null","null",4,6.7,0.54197276,-3.3444967,1.8611755,-2.733913,-16731116
79,78,80,83,"Meles","null","null",3,6.5,0.66192466,-2.660832,0.75470227,-3.684054,-16731116
80,79,81,82,"null","null","null",2,6.5,1.2662256,-2.0763717,0.4839719,-3.8140678,-16731116
85,77,86,87,"Mydaus","null","null",2,6.4,2.3408232,-0.42902276,3.7190404,-0.7670549,-16731116
89,1,90,135,"null","null","null",27,25.9,2.4557288,-1.5425284,3.6846654,-0.7370704,-12486656
90,89,91,116,"null","null","null",23,24.0,1.5333264,-2.9319034,3.3743362,-0.5905161,-12486656
91,90,92,113,"","null","Otters",13,6.9,0.29948735,-3.6230254,2.7051516,-1.052264,-11184866
92,91,93,106,"null","null","null",11,6.9,0.54197276,-3.4929113,1.7306796,-2.5434277,-11184866
93,92,94,101,"null","null","null",7,6.1,0.7291136,-2.8537712,0.5223319,-3.436423,-11184866
94,93,95,100,"Lontra","null","null",4,2.5,2.3305576,-2.0763717,0.4839719,-3.4921477,-11184866
95,94,96,99,"null","null","null",3,1.2,3.4735036,-1.0892112,0.6459119,-2.9070134,-8572416
96,95,97,98,"null","null","null",2,1.0,3.816719,-0.4185682,0.7310525,-2.2381644,-8572416
101,93,102,105,"Lutra","null","null",3,5.0,0.84492207,-3.7671337,2.452298,-0.3955607,-11184866
102,101,103,104,"null","null","null",2,2.9,0.523595,-3.7564616,1.938406,-1.6186303,-12486656
106,92,107,112,"null","null","null",4,6.9,1.6917374,-2.961254,3.1863844,-0.35960123,-11184866
107,106,108,111,"null","null","null",3,5.3,0.52729416,-3.7671332,2.4522996,-0.665,-11184866
108,107,109,110,"null","null","null",2,5.3,0.52359474,-3.756462,1.9384072,-1.6186279,-11184866
113,91,114,115,"Aonyx","null","null",2,3.0,2.3408232,-0.42902276,3.7190404,-0.7670549,-12486656
116,90,117,128,"","null","Skunks",10,14.7,3.2905674,-0.28912732,2.9929938,-1.2264701,-16731116
117,116,118,125,"null","null","null",6,10.4,2.6331303,-1.4981303,3.493183,-0.3480777,-16731116
118,117,119,124,"Spilogale","null","null",4,8.9,1.6917387,-2.9612522,3.1863859,-0.5754995,-16731116
119,118,120,123,"null","null","null",3,7.0,0.52729595,-3.7671328,2.4523013,-0.665,-16731116
120,119,121,122,"null","null","null",2,7.0,0.5235944,-3.7564626,1.9384081,-1.6186249,-16731116
125,117,126,127,"Mephitis","null","null",2,4.5,3.7952085,-0.70526266,0.5537169,-2.2791798,-16731116
128,116,129,132,"Conepatus","null","null",4,9.5,3.3814654,-1.0122155,0.31716022,-2.9699793,-16731116
129,128,130,131,"null","null","null",2,4.7,3.7952085,-0.39551562,0.6459124,-2.2791798,-16731116
132,128,133,134,"null","null","null",2,4.7,0.34452826,-2.854426,0.9791835,-3.126791,-16731116
135,89,136,141,"Melogale","null","Ferret Badgers",4,10.6,3.5280132,-0.6717563,1.8652754,-2.2381654,-16731116
136,135,137,140,"null","null","null",3,10.6,3.0657163,-0.6167592,3.16673,-1.4052911,-11513776
137,136,138,139,"null","null","null",2,10.6,2.3408237,-0.65809226,3.71904,-0.3480777,-11513776
142,0,143,158,"Procyonidae","null","Raccoons, Olingos and more",14,26.5,3.231102,-0.30319944,3.0686283,-1.1166914,-16731116
143,142,144,155,"null","null","null",8,17.5,2.5840425,-1.6418772,3.489027,-0.3719881,-16731116
144,143,145,150,"null","null","null",6,17.2,1.4333931,-3.0610573,3.1200066,-0.590516,-16731116
145,144,146,149,"Procyon","null","null",3,2.9,0.41361272,-3.7909262,2.374523,-0.66423047,-12486656
146,145,147,148,"null","null","null",2,2.9,0.5419725,-3.711183,1.8611767,-1.7914197,-11184866
150,144,151,154,"null","null","null",3,10.5,3.0657163,-0.2891272,3.1667287,-1.4052919,-16731116
151,150,152,153,"Nasua","null","null",2,6.8,2.3408237,-0.65809226,3.7190394,-0.34807754,-16731116
155,143,156,157,"Bassariscus","null","null",2,5.1,3.8167186,-0.6717566,0.7310459,-2.2381659,-16731116
158,142,159,168,"null","null","null",6,16.1,3.2514203,-1.0892141,0.33095467,-2.9070153,-16731116
159,158,160,167,"Bassaricyon","null","null",5,14.3,3.5280132,-0.4185676,1.9146893,-2.2381659,-16731116
160,159,161,166,"null","null","null",4,14.3,3.0657163,-0.61675906,3.2309687,-1.4052919,-16731116
161,160,162,165,"null","null","null",3,14.3,2.3408237,-0.8562327,3.8025513,-0.34807754,-16731116
162,161,163,164,"null","null","null",2,14.3,1.6917396,-2.126786,3.5885649,-0.57549936,-16731116
