index    parent   name         common       hxmax      hxmin      hymax      hymin     
0        -1       null         null         3.470302   -0.9025996  0.44186652  -2.806995 
1        0        null         null         3.624936   -0.46288335  2.0156415  -2.2078784 
2        1        null         null         3.1107254  -0.6376126  3.165761   -1.0032719 
3        2        Sorex        null         2.4621503  -1.5998628  3.5147917  -0.39551586 
4        3        null         null         1.3808208  -2.9157152  3.0981112  -0.60428745 
5        4        null         null         0.323879   -3.4967713  2.3612099  -1.1974748 
6        5        null         null         0.5592972  -3.2573733  1.6207758  -2.6534648 
7        6        null         null         0.82466626  -2.5427399  0.64114    -3.4732862 
8        7        null         null         2.3908143  -1.9868135  0.50423574  -3.455173 
9        8        null         null         3.4484386  -0.9791801  0.6527473  -2.834303 
10       9        null         null         3.6887565  -0.44105357  1.864394   -2.190562 
11       10       null         null         3.2310996  -0.6278824  3.0686321  -1.1514544 
12       11       null         null         2.5840404  -1.4435942  3.4890285  -0.37198886 
13       12       null         null         1.5501437  -2.8032858  3.1200058  -0.59051657 
14       13       null         null         0.41360605  -3.4558184  2.3745227  -0.99773157 
15       14       null         null         0.5419735  -3.275539  1.8611722  -2.4725323 
16       15       null         null         0.6619248  -2.5711865  0.7546976  -3.3442545 
21       13       null         null         3.328414   -0.2891279  2.5944955  -1.4052861 
24       12       null         null         3.816719   -0.6717552  0.7310552  -2.238164 
27       11       null         null         3.0051632  -1.0892096  0.33095512  -2.9852386 
32       8        null         null         0.44286656  -3.4099584  1.8611743  -2.5790353 
33       32       null         null         0.6619247  -2.745932  0.4905138  -3.4827113 
34       33       null         null         1.9702971  -2.0763705  0.48397225  -3.5523214 
35       34       null         null         3.0051632  -1.0892096  0.645912   -2.9852386 
39       33       null         null         0.8449216  -3.5244966  2.3807096  -0.3955609 
44       6        null         null         1.6001993  -2.844085  3.120006   -0.3173849 
45       44       null         null         0.41361105  -3.5088606  2.3745227  -1.198791 
46       45       null         null         0.54197276  -3.3444967  1.8611755  -2.733913 
47       46       null         null         0.66192466  -2.660832  0.75470227  -3.684054 
48       47       null         null         1.2662256  -2.0763717  0.4839719  -3.8140678 
56       4        null         null         3.1323996  -0.30319944  3.2360132  -1.3026892 
57       56       null         null         2.4557292  -1.4674613  3.7066274  -0.3719881 
58       57       null         null         1.5501502  -2.8343167  3.4028873  -0.590516 
59       58       null         null         0.3917426  -3.4961634  2.742268   -1.0522618 
60       59       null         null         0.5419725  -3.3279915  1.9094278  -2.543426 
61       60       null         null         0.72911084  -2.6393757  0.75470394  -3.4364223 
62       61       null         null         2.330555   -2.0484776  0.4839716  -3.4921482 
63       62       null         null         3.473502   -0.87070084  0.6459118  -2.9070141 
64       63       null         null         3.8167186  -0.41856784  0.73104984  -2.238165 
67       63       null         null         0.3578276  -2.7162247  0.9025997  -3.2399724 
70       62       null         null         0.48358798  -3.3782682  1.9384072  -2.3110256 
71       70       null         null         0.6580919  -2.7162247  0.86753106  -3.2399724 
76       60       null         null         1.6917387  -2.1267867  3.5885649  -0.35960186 
79       59       null         null         2.6331306  -0.8562327  3.8025513  -0.76705533 
80       79       null         null         1.6917396  -2.126786  3.5885649  -0.57549936 
83       79       null         null         3.795208   -0.7052629  0.55371547  -2.27918  
86       58       null         null         3.3284197  -0.2891272  2.5944867  -1.4052919 
89       57       null         null         3.5280132  -0.6717566  1.865274   -2.2381659 
90       89       null         null         3.0657163  -0.61675906  3.1667287  -1.4052919 
91       90       null         null         2.3408237  -0.65809226  3.7190394  -0.34807754 
97       3        null         null         3.682302   -0.6366844  1.6104288  -2.1905634 
98       97       null         null         3.2227097  -0.6278822  2.7384799  -1.3026892 
102      2        Blarinella   null         3.5548184  -0.97918236  0.34452838  -2.8343048 
103      102      null         null         3.8270519  -0.44105315  0.90937686  -2.1905634 
107      1        null         null         2.3773332  -1.9577205  0.52348524  -3.5713465 
108      107      Cryptotis    Small-eared shrews and more  3.4309142  -0.8051412  0.6527473  -2.9853287 
109      108      null         null         3.6659763  -0.44105315  1.8643892  -2.3868947 
110      109      null         null         3.2014863  -0.6278822  3.0686283  -1.1166914 
111      110      null         null         2.5455422  -1.4435894  3.489027   -0.3719881 
112      111      null         null         1.4333931  -2.8032832  3.1200066  -0.590516 
113      112      null         null         0.41361272  -3.4558198  2.374523   -0.9977215 
114      113      null         null         0.5419725  -3.275545  1.9094278  -2.4725237 
115      114      null         null         0.6619246  -2.571195  0.75470394  -3.3442492 
118      114      null         null         1.6917387  -2.1267867  3.5885649  -0.35960186 
122      112      null         null         3.0657163  -0.2891272  3.1667287  -1.4052919 
123      122      null         null         2.3408237  -0.65809226  3.7190394  -0.34807754 
127      111      null         null         3.7300925  -0.6717566  1.4250877  -2.2381659 
128      127      null         null         3.3284197  -0.61675906  2.5944867  -1.4052919 
132      110      null         null         3.4735012  -1.0892141  0.33095467  -2.9070153 
133      132      null         null         3.8167186  -0.4185676  0.7310459  -2.2381659 
137      109      null         null         1.2662215  -2.0763724  0.5624025  -3.8140683 
140      108      null         null         0.6896813  -2.7459316  0.8857589  -3.537705 
141      140      null         null         2.2792964  -2.0484788  0.4839717  -3.623815 
142      141      null         null         3.4068658  -1.0892141  0.64591175  -3.0781813 
143      142      null         null         3.7300925  -0.4185676  1.4250877  -2.460682 
144      143      null         null         3.3284197  -0.61675906  2.5944867  -1.4052919 
147      143      null         null         1.0880016  -2.1365619  0.60018545  -3.8261676 
151      141      null         null         0.4835881  -3.3782701  1.9384077  -2.3110232 
152      151      null         null         0.6580919  -2.716227  0.8675328  -3.2399702 
156      140      null         null         0.8449222  -3.5244937  2.38071    -0.3955606 
159      107      Blarina      null         0.44286698  -3.3444972  1.8611758  -2.7339127 
160      159      null         null         0.6619246  -2.660833  0.75470304  -3.6840537 
161      160      null         null         1.266223   -2.0763721  0.48397177  -3.814068 
166      0        null         null         0.8246654  -2.8263803  0.86650753  -3.4975271 
167      166      null         null         2.3908134  -1.9577205  0.5042357  -3.4866867 
168      167      null         null         3.4484384  -0.7673198  0.6527473  -2.8752708 
169      168      null         null         3.6887577  -0.44105315  1.8643892  -2.2438195 
170      169      null         null         3.231102   -0.6278822  3.0686283  -1.1166914 
171      170      null         null         2.5840425  -1.6418772  3.489027   -0.3719881 
172      171      null         null         1.5501502  -3.0610573  3.1200066  -0.590516 
173      172      null         null         0.41361272  -3.7909262  2.374523   -0.66423047 
174      173      null         null         0.5419725  -3.711183  1.8611767  -1.7914197 
178      172      null         null         3.3284197  -0.2891272  2.5944867  -1.4052919 
181      171      null         null         3.8167186  -0.6717566  0.7310459  -2.2381659 
184      170      null         null         3.4068658  -0.928794  0.33095467  -2.9070153 
185      184      null         null         3.7300925  -0.4185676  1.4250877  -2.2381659 
186      185      null         null         3.3284197  -0.61675906  2.5944867  -1.4052919 
190      184      null         null         0.35782748  -2.716228  0.9025998  -3.23997  
193      169      Chimarrogale_some  Water shrews  2.1597228  -2.0763724  0.5624025  -3.492149 
194      193      null         null         3.2514203  -1.0892141  0.64591175  -2.9070153 
195      194      null         null         3.5280132  -0.4185676  1.865274   -2.2381659 
196      195      null         null         3.0657163  -0.61675906  3.1667287  -1.4052919 
197      196      null         null         2.3408237  -0.65809226  3.7190394  -0.34807754 
204      168      _some        Water shrews  0.45198405  -2.6608334  0.8857589  -3.4827127 
205      204      Neomys       null         1.9702901  -2.0763724  0.4839717  -3.5523252 
206      205      null         null         3.0051577  -1.0892141  0.64591175  -2.9852443 
211      167      Anourosorex_most  Mole shrews  0.44286698  -3.3444972  1.8611758  -2.7339127 
212      211      null         null         0.6619246  -2.660833  0.75470304  -3.6840537 
213      212      null         null         1.266223   -2.0763721  0.48397177  -3.814068 
218      166      null         null         0.82108724  -3.790927  2.3745227  -0.4737985 
219      218      Notiosorex   null         0.5419729  -3.7111826  1.8611754  -1.7914221 
