index,parent,child1,child2,name1,name2,common,richness,lengthbr,hxmax,hxmin,hymax,hymin,color
0,-268356599,1,66,"null","null","null",36,11.2,3.0581841,-0.31716147,3.1657689,-1.0032616,-16731116
1,-268435456,2,57,"null","null","null",33,4.799999,2.3938498,-1.6061828,3.5147934,-0.3955179,-16731116
2,-268435455,3,56,"null","null","null",28,4.6999993,1.5045818,-2.9239225,3.0981085,-0.6042887,-16731116
3,-268435454,4,55,"Sciurus","null","null",27,4.5999994,0.32388148,-3.5074303,2.3612084,-1.1974893,-16731116
4,-268435453,5,54,"null","null","null",26,4.3999996,0.5592989,-3.2712228,1.7788353,-2.6534753,-16731116
5,-268435452,6,53,"null","null","null",25,3.8999996,0.75180197,-2.5607443,0.6411284,-3.473289,-16731116
6,-268435451,7,52,"null","null","null",24,3.7999997,2.296084,-2.010226,0.5042378,-3.4551682,-16731116
7,-268435450,8,51,"null","null","null",23,3.6999998,3.3252785,-0.9791694,0.6527479,-2.8342948,-16731116
8,-268435449,9,50,"null","null","null",22,3.4999998,3.5286388,-0.4410558,1.8644092,-2.1905565,-16731116
9,-268435448,10,37,"null","null","null",21,3.3999999,3.0229423,-0.6278835,3.0686421,-1.1166763,-16731116
10,-268435447,11,36,"null","null","null",14,3.2999997,2.3134394,-1.4749937,3.4890313,-0.37199128,-16731116
11,-268435446,12,35,"null","null","null",13,3.1999998,1.6001867,-2.8440962,3.1200037,-0.59051806,-16731116
12,-268435445,13,34,"null","null","null",12,3.1,0.4135952,-3.508861,2.374521,-1.052285,-16731116
13,-268435444,14,33,"null","null","null",11,3.0,0.54197526,-3.3444867,1.8611641,-2.5434442,-16731116
14,-268435443,15,32,"null","null","null",10,2.9,0.6619251,-2.660818,0.75468683,-3.436429,-16731116
15,-268435442,16,31,"null","null","null",9,2.7999997,2.1597457,-2.0763621,0.48397484,-3.4921432,-16731116
16,-268435441,17,30,"null","null","null",8,2.6999998,3.2514334,-1.0891962,0.64591295,-2.9070032,-16731116
17,-268435440,18,29,"null","null","null",7,2.6,3.5280142,-0.4185714,1.7316525,-2.2381577,-16731116
18,-268435439,19,28,"null","null","null",6,2.5,3.0657094,-0.61676115,2.993004,-1.4052736,-16731116
19,-268435438,20,27,"null","null","null",5,2.3,2.3408191,-1.4981575,3.4931784,-0.34808195,-16731116
20,-268435437,21,26,"null","null","null",4,1.9,1.6917218,-2.961272,3.186368,-0.57550234,-16731116
21,-268435436,22,25,"null","null","null",3,1.5,0.5272737,-3.7671385,2.452279,-0.665,-16731116
22,-268435435,23,24,"null","null","null",2,1.0,0.5235982,-3.7564545,1.9383934,-1.6186596,-16731116
37,-268435447,38,49,"null","null","null",7,3.1999998,3.25143,-1.0892006,0.33095652,-2.9070063,-16731116
38,-268435419,39,48,"null","null","null",6,3.1,3.5280137,-0.41857052,1.706587,-2.2381597,-16731116
39,-268435418,40,47,"null","null","null",5,3.0,3.0657108,-0.6167606,2.960423,-1.4052775,-16731116
40,-268435417,41,46,"null","null","null",4,2.7,2.3408198,-1.3545825,3.4508271,-0.34808096,-16731116
41,-268435416,42,45,"null","null","null",3,2.3,1.6917254,-2.7746282,3.1313143,-0.5755017,-16731116
42,-268435415,43,44,"null","null","null",2,1.6,0.5272785,-3.5245056,2.3807092,-0.665,-16731116
57,-268435455,58,65,"null","null","null",5,3.7000003,3.528639,-0.6366811,2.0426912,-2.1905582,-16731116
58,-268435399,59,64,"Microsciurus","some","Dwarf Squirrels",4,3.5000002,3.022944,-0.6278832,3.300411,-1.3026779,-16731116
59,-268435398,60,63,"null","null","null",3,2.3000002,2.3134408,-1.0472691,3.7903333,-0.37199068,-16731116
60,-268435397,61,62,"null","null","null",2,1.1,1.600189,-2.2880564,3.5116978,-0.5905177,-16731116
66,-268435456,67,70,"Tamiasciurus","null","null",3,4.6,3.554825,-0.9791716,0.34452954,-2.834297,-12486656
67,-268435390,68,69,"null","null","null",2,2.7,3.8270519,-0.44105524,0.9093958,-2.1905582,-16731116
