index,parent,child1,child2,name1,name2,common,richness,lengthbr,hxmax,hxmin,hymax,hymin,color
0,-268382121,1,46,"Cervidae","null","Deer, Moose and more",45,17.7,0.5592977,-3.3963406,1.6207732,-2.6534677,-12486656
1,0,2,31,"null","null","null",23,16.3,0.8246709,-2.7233973,0.41482198,-3.4732869,-12486656
2,1,3,24,"null","null","null",15,12.9,2.390818,-1.9270691,0.50423634,-3.4551716,-12486656
3,2,4,23,"null","null","null",11,12.8,3.4484403,-0.9791769,0.6527475,-2.8343005,-12486656
4,3,5,22,"null","null","null",10,8.6,3.688756,-0.44105422,1.8643985,-2.1905606,-12486656
5,4,6,19,"null","null","null",9,8.6,3.2310975,-0.6278828,3.0686347,-1.1514504,-12486656
6,5,7,16,"null","null","null",7,8.6,2.5840387,-1.6418878,3.489029,-0.3719896,-12486656
7,6,8,13,"null","null","null",5,8.6,1.5501398,-3.061065,3.1200051,-0.59051704,-12486656
8,7,9,12,"null","null","null",3,8.6,0.4136026,-3.7909276,2.3745222,-0.66423035,-12486656
9,8,10,11,"null","null","null",2,8.6,0.541974,-3.7111788,1.8611698,-1.7914344,-12486656
13,7,14,15,"null","null","null",2,8.6,3.3284109,-0.2891283,2.5944998,-1.405283,-12486656
16,6,17,18,"null","null","null",2,8.6,3.8167195,-0.6717541,0.7310606,-2.2381625,-8572416
19,5,20,21,"null","null","null",2,8.6,3.005167,-1.0892061,0.33095554,-2.9852347,-11184866
24,2,25,28,"Axis","null","null",4,6.8,0.4428653,-3.2755384,1.9094207,-2.472533,-11184866
25,24,26,27,"null","null","null",2,6.8,0.6619248,-2.5711858,0.7546971,-3.344255,-12486656
28,24,29,30,"null","null","null",2,6.8,1.6917332,-2.1267962,3.58856,-0.35959932,-8572416
31,1,32,45,"null","null","null",8,13.3,0.8210864,-3.5592184,2.3745222,-1.0522709,-16731116
32,31,33,44,"Muntiacus","null","null",7,5.8,0.5419736,-3.4099586,1.8611718,-2.5434332,-16731116
33,32,34,41,"null","null","null",6,5.8,0.7291206,-2.745932,0.49051154,-3.4364252,-16731116
34,33,35,40,"null","null","null",4,5.8,2.330564,-2.0763686,0.48397285,-3.4921465,-16731116
35,34,36,39,"null","null","null",3,5.8,3.4735072,-1.0892061,0.64591223,-2.90701,-11513776
36,35,37,38,"null","null","null",2,3.4,3.8167195,-0.41856924,0.7310606,-2.2381625,-11513776
41,33,42,43,"null","null","null",2,5.8,0.844921,-3.524499,2.3807096,-0.39556128,-12486656
46,0,47,80,"null","null","null",22,16.1,1.4333887,-2.893172,3.1200056,-0.31738362,-12486656
47,46,48,79,"null","null","null",17,11.2,0.41360754,-3.5726707,2.3745224,-1.1121984,-12486656
48,47,49,76,"null","null","null",16,4.0,0.5419733,-3.4274476,1.9094224,-2.6213398,-12486656
49,48,50,69,"null","null","null",14,4.0,0.6619247,-2.7686677,0.5223281,-3.5377052,-12486656
50,49,51,66,"null","null","null",10,4.0,2.15973,-2.21656,0.48397252,-3.623812,-12486656
51,50,52,65,"Mazama","null","null",8,0.4,3.2514246,-1.089208,0.6459121,-3.0781758,-12486656
52,51,53,62,"null","null","null",7,0.4,3.5280137,-0.41856888,1.9146976,-2.4606771,-12486656
53,52,54,59,"null","null","null",5,0.4,3.065714,-0.6167598,3.2309737,-1.2878778,-12486656
54,53,55,58,"null","null","null",3,0.2,2.340822,-0.85624886,3.8025503,-0.34807926,-11184866
55,54,56,57,"null","null","null",2,0.2,1.6917316,-2.1268003,3.5885587,-0.5755006,-11513776
59,53,60,61,"null","null","null",2,0.4,2.8755598,-1.197184,0.3171611,-3.108158,-12486656
62,52,63,64,"null","null","null",2,0.4,1.0880151,-2.136558,0.6001831,-3.8261666,-11184866
66,50,67,68,"Odocoileus","null","null",2,3.8,0.48358613,-3.7564604,1.9384036,-1.6186355,-16731116
69,49,70,75,"null","null","null",4,4.0,0.84492123,-3.4762142,2.4522943,-0.816503,-11184866
70,69,71,74,"null","null","null",3,3.8,0.5235956,-3.3782637,1.9384036,-2.311033,-11184866
71,70,72,73,"Hippocamelus","null","null",2,2.3,0.6580921,-2.7162182,0.8675258,-3.2399771,-11184866
76,48,77,78,"Pudu","null","null",2,2.6,1.6917348,-2.126794,3.5885613,-0.35959995,-11184866
80,46,81,86,"null","null","null",5,15.0,3.0657148,-0.28912786,3.2309718,-1.287882,-16731116
81,80,82,85,"null","null","null",3,8.2,2.3408225,-0.8562415,3.8025506,-0.34807864,-16731116
82,81,83,84,"Capreolus","null","null",2,2.5,1.6917354,-2.1267936,3.5885613,-0.5755001,-16731116
86,80,87,88,"Alces","null","null",2,4.7,2.8755548,-1.1971877,0.31716076,-3.1081629,-16731116
