index,parent,child1,child2,name1,name2,common,richness,lengthbr,hxmax,hxmin,hymax,hymin,color
0,-268435451,1,149,"","null","Primates, Flying Lemurs and Treeshrews",373,91.8,2.9853263,-0.3469057,3.3900354,-0.9169632,-12486656
1,-268435456,2,146,"null","null","null",353,90.0,2.3868928,-1.9450088,3.6128316,-0.44105375,-12486656
2,-268435455,3,93,"PRIMATES","null","Primates",351,86.0,1.1457341,-3.1734314,3.132397,-0.6278824,-12486656
3,-268435454,4,80,"HAPLORRHINI","null","null",272,83.2,0.37198886,-3.6252675,2.455727,-1.5009713,-12486656
4,-268435453,5,79,"SIMIIFORMES","null","null",265,52.4,0.59051657,-3.297117,1.5289062,-2.877876,-12486656
5,-268435452,6,-268397568,"null","null","null",148,35.300003,1.0522699,-2.6047673,0.3363465,-3.5527856,-12486656
6,-268435451,7,-268394496,"Cercopithecoidea","null","Old World Monkeys",127,20.2,2.5434322,-1.8248646,0.5419735,-3.4015965,-12486656
7,-268435450,8,-268393472,"null","null","null",70,16.2,3.4364245,-0.5223269,0.676437,-2.7350616,-12486656
8,-268435449,9,48,"null","null","null",36,15.099999,3.4921463,-0.48397276,2.2620757,-2.1014662,-12486656
9,-268435448,10,31,"Macaca","null","Macaques",20,8.8,2.9070103,-0.64591223,3.3844728,-0.8909399,-12486656
10,-268435447,11,30,"null","null","null",11,8.8,2.2381625,-1.7316397,3.7009754,-0.41856912,-11184866
11,-268435446,12,23,"null","null","null",10,8.6,1.2264621,-2.9929974,3.2905636,-0.61675996,-11184866
12,-268435445,13,20,"null","null","null",6,5.5,0.3480795,-3.4931803,2.6331267,-1.4981427,-11184866
13,-268435444,14,19,"null","null","null",4,5.5,0.5755007,-3.186377,1.6917307,-2.9612615,-11184866
14,-268435443,15,18,"null","null","null",3,5.3,0.665,-2.4522903,0.5272846,-3.7671356,-11184866
15,-268435442,16,17,"null","null","null",2,2.7,1.6186419,-1.938401,0.5235962,-3.7564588,-8572416
20,-268435444,21,22,"null","null","null",2,2.4,2.2791767,-0.5537334,3.7952106,-0.70526004,-11184866
23,-268435445,24,29,"null","null","null",4,2.5,2.9699745,-0.31716126,3.3591175,-1.1971827,-11184866
24,-268435433,25,28,"null","null","null",3,2.3,2.2791767,-1.2371311,3.766148,-0.39551753,-11184866
25,-268435432,26,27,"null","null","null",2,2.3,1.5045831,-2.4441566,3.4248705,-0.60428846,-8572416
31,-268435447,32,41,"null","null","null",9,8.6,3.3870227,-0.90259886,0.5695132,-2.7617724,-16731116
32,-268435425,33,40,"null","null","null",5,7.5,3.5166678,-0.46288455,2.181579,-2.1365573,-12486656
33,-268435424,34,37,"null","null","null",4,7.4,2.9699745,-0.6376132,3.3814733,-1.0122032,-12486656
34,-268435423,35,36,"null","null","null",2,2.5,2.2791767,-0.64591175,3.7952106,-0.39551753,-12486656
37,-268435423,38,39,"null","null","null",2,7.2,3.1268015,-0.9791734,0.34452933,-2.854413,-12486656
41,-268435425,42,47,"null","null","null",4,7.2999997,0.63435555,-2.5607486,0.86650646,-3.4851902,-16731116
42,-268435415,43,46,"null","null","null",3,4.8999996,2.1434062,-2.0102289,0.50423694,-3.4706433,-16731116
43,-268435414,44,45,"null","null","null",2,4.7,3.1268015,-0.9791734,0.6527477,-2.854413,-16731116
48,-268435448,49,66,"","null","Mangabeys, Baboons and more",16,14.9,2.424146,-1.9093091,0.48358572,-3.4975019,-12486656
49,-268435408,50,61,"null","null","null",9,10.2,3.3870227,-0.6457088,0.65809214,-2.8712277,-16731116
50,-268435407,51,60,"","null","Baboons",6,8.3,3.5166678,-0.46288455,2.0156515,-2.1365573,-16731116
51,-268435406,52,59,"Papio","null","null",5,7.5,2.9699745,-0.6376132,3.1657674,-1.1971827,-16731116
52,-268435405,53,58,"null","null","null",4,7.5,2.2791767,-1.699233,3.514793,-0.39551753,-16731116
53,-268435404,54,57,"null","null","null",3,7.5,1.5045831,-3.0448892,3.0981088,-0.60428846,-16731116
54,-268435403,55,56,"null","null","null",2,7.5,0.32388112,-3.6646886,2.3612084,-0.6619246,-16731116
61,-268435407,62,65,"Lophocebus","null","null",3,5.1,0.38339493,-2.5607486,0.86650646,-3.7314649,-16731116
62,-268435395,63,64,"null","null","null",2,5.1,1.4433434,-2.0102289,0.50423694,-3.7908003,-16731116
66,-268435408,67,74,"null","null","null",7,7.1,0.4014814,-3.4101982,1.6207705,-2.852069,-11184866
67,-268435390,68,71,"null","null","null",4,7.1,0.66423047,-2.7414122,0.41481966,-3.7314649,-11184866
68,-268435389,69,70,"null","null","null",2,3.0,1.4433434,-2.0102289,0.50423694,-3.7908003,-11184866
71,-268435389,72,73,"Mandrillus","null","null",2,1.0,0.8210856,-3.5997543,2.374522,-0.40725207,-11184866
74,-268435390,75,78,"null","null","null",3,4.7,1.6001936,-2.9140077,3.1200051,-0.31738234,-12486656
75,-268435382,76,77,"null","null","null",2,3.0,0.4136042,-3.5997536,2.3745222,-0.66423035,-16731116
79,-268435452,-268396544,-268392448,"","null","New World Monkeys",117,23.599998,1.2656703,-3.086585,3.2806296,-0.2891279,-12486656
80,-268435453,81,90,"TARSIIFORMES","null","Tarsiers",7,11.2,2.460679,-1.9146942,3.5280137,-0.6717552,-11184866
81,-268435376,82,87,"","null","Eastern Tarsiers",5,11.2,1.2878828,-3.230971,3.0657148,-0.61675954,-11184866
82,-268435375,83,86,"null","null","null",3,11.0,0.34807852,-3.80255,2.3408225,-0.8562428,-11184866
83,-268435374,84,85,"null","null","null",2,11.0,0.57550013,-3.5885606,1.6917346,-2.126795,-11184866
87,-268435375,88,89,"null","null","null",2,11.2,3.1081638,-0.3171607,2.875554,-1.1971881,-11184866
90,-268435376,91,92,"null","null","null",2,11.2,3.826167,-0.60018396,1.0880089,-2.1365595,-12486656
93,-268435454,94,-268395520,"STREPSIRRHINI","null","null",79,74.2,2.9723673,-0.33095512,3.3277428,-0.9443863,-12486656
94,-268435363,95,117,"","null","Lemurs",53,47.8,2.323125,-1.7906563,3.6272297,-0.41856837,-11184866
95,-268435362,-268398592,96,"null","null","null",38,45.3,1.2264667,-3.0697227,3.1946964,-0.6167594,-11184866
96,-268435361,97,116,"null","null","null",11,40.7,2.9699774,-0.3171607,3.165763,-1.1971881,-11184866
97,-268435360,98,115,"Indridae","null","null",10,31.6,2.2791786,-1.6061735,3.514792,-0.3955164,-11184866
98,-268435359,99,112,"null","null","null",9,24.0,1.4209557,-2.923917,3.0981104,-0.60428774,-11184866
99,-268435358,100,111,"Propithecus","null","Sifakas",7,8.599999,0.32387957,-3.5074313,2.3612094,-1.3502439,-11184866
100,-268435357,101,106,"null","null","null",6,8.599999,0.55929744,-3.2712297,1.6207746,-2.8520634,-11184866
101,-268435356,102,105,"null","null","null",3,8.4,0.66423047,-2.5607533,0.6411383,-3.731463,-11184866
102,-268435355,103,104,"null","null","null",2,8.4,1.4433353,-2.010232,0.50423604,-3.7908015,-11184866
106,-268435356,107,110,"null","null","null",3,8.4,1.6001978,-2.9140012,3.120006,-0.31738424,-8572416
107,-268435350,108,109,"null","null","null",2,8.4,0.4136094,-3.5997503,2.3745227,-0.66423047,-8572416
112,-268435358,113,114,"Avahi","null","null",2,9.0,3.2227073,-0.30319974,2.7384832,-1.3026869,-12486656
117,-268435362,118,139,"Cheirogaleoidea","null","null",15,39.6,3.516669,-0.6001842,2.0156438,-2.1631231,-16731116
118,-268435339,119,130,"","null","Dwarf Lemurs and Mouse Lemurs",11,35.6,2.9699779,-0.6376127,3.1657624,-1.00327,-16731116
119,-268435338,120,129,"null","null","null",6,22.9,2.2791789,-1.5568547,3.514792,-0.39551622,-16731116
120,-268435337,121,128,"null","null","null",5,22.5,1.5045903,-2.8598032,3.0981107,-0.6042876,-16731116
121,-268435336,122,127,"Microcebus","null","null",4,11.2,0.3238794,-3.424084,2.3612094,-1.177318,-16731116
122,-268435335,123,126,"null","null","null",3,11.0,0.55929744,-3.1628785,1.7788426,-2.6272595,-16731116
123,-268435334,124,125,"null","null","null",2,11.0,0.66423047,-2.4198966,0.6411383,-3.4392178,-16731116
130,-268435338,131,138,"Cheirogaleus","null","null",5,17.099998,3.325272,-0.9791807,0.40941608,-2.8343034,-16731116
131,-268435326,132,137,"null","null","null",4,16.8,3.5286403,-0.4410535,2.0262728,-2.1905627,-16731116
132,-268435325,133,136,"null","null","null",3,16.8,3.0229487,-0.62788236,3.2790754,-1.3026878,-16731116
133,-268435324,134,135,"null","null","null",2,16.8,2.3134437,-0.65274763,3.7626066,-0.37198845,-11513776
139,-268435339,140,143,"Phaner","null","Fork-marked Lemurs",4,19.9,2.1433957,-2.1206903,0.52348465,-3.4706497,-12486656
140,-268435317,141,142,"null","null","null",2,19.9,3.1267936,-0.9791807,0.65274733,-2.8544226,-12486656
143,-268435317,144,145,"null","null","null",2,19.9,0.44286638,-3.711182,1.8611745,-1.7914242,-12486656
146,-268435455,147,148,"DERMOPTERA","null","Flying Lemurs",2,12.8,3.814068,-0.56240153,1.266226,-2.076371,-16731116
149,-268435456,150,187,"SCANDENTIA","null","Treeshrews",20,31.3,3.436424,-0.8857584,0.5977056,-2.76867,-16731116
150,-268435307,151,184,"Tupaiidae","null","null",19,25.5,3.492148,-0.48397225,2.1597264,-2.216562,-16731116
151,-268435306,152,181,"null","null","null",17,25.4,2.9070134,-0.64591193,3.2514222,-0.8706996,-16731116
152,-268435305,153,180,"Tupaia","null","null",15,25.2,2.2381644,-1.8280952,3.5280132,-0.4185682,-16731116
153,-268435304,154,171,"null","null","null",14,25.2,1.3110167,-3.118394,3.0657153,-0.6167594,-16731116
154,-268435303,155,170,"null","null","null",9,25.2,0.34807813,-3.6562014,2.340823,-1.3259928,-16731116
155,-268435302,156,165,"null","null","null",8,25.2,0.5754999,-3.3983083,1.529717,-2.7374713,-16731116
156,-268435301,157,162,"null","null","null",5,25.2,0.8164995,-2.7278008,0.33849317,-3.4762142,-16731116
157,-268435300,158,161,"null","null","null",3,25.2,2.31103,-1.9384052,0.5235952,-3.3782654,-16731116
158,-268435299,159,160,"null","null","null",2,25.2,3.239975,-0.8675283,0.658092,-2.716221,-16731116
162,-268435300,163,164,"null","null","null",2,25.2,0.79509676,-3.6646852,2.3612092,-0.4184203,-12486656
165,-268435301,166,169,"null","null","null",3,25.2,1.5045897,-3.044881,3.0981104,-0.27500063,-12486656
166,-268435291,167,168,"null","null","null",2,25.2,0.32387957,-3.6646843,2.3612094,-0.6619248,-8572416
171,-268435303,172,179,"null","null","null",5,25.2,3.160212,-0.3171605,3.3591151,-1.1971898,-16731116
172,-268435285,173,176,"null","null","null",4,25.2,2.5264833,-1.2371163,3.7661512,-0.39551604,-16731116
173,-268435284,174,175,"null","null","null",2,7.3,1.5045912,-2.444144,3.4248781,-0.6042875,-16731116
176,-268435284,177,178,"null","null","null",2,25.2,3.827052,-0.6366841,0.9093783,-2.190563,-16731116
181,-268435305,182,183,"Dendrogale","null","null",2,5.4,3.2399726,-0.90259945,0.3578278,-2.7162244,-16731116
184,-268435306,185,186,"null","null","null",2,6.1,1.6186295,-1.938406,0.4835871,-3.7564616,-16731116
