index,parent,child1,child2,name1,name2,common,richness,lengthbr,hxmax,hxmin,hymax,hymin,color
0,-268415811,1,122,"","null","Mouse-eared Bats and more",101,10.799999,3.584523,-0.46288425,2.0156493,-2.1714149,-16731116
1,0,2,119,"null","null","null",61,10.799999,3.0581865,-0.637613,3.1657662,-1.0122055,-16731116
2,1,3,112,"null","null","null",59,10.799999,2.3938518,-1.6552904,3.514793,-0.39551717,-16731116
3,2,4,107,"null","null","null",55,10.8,1.3321686,-2.9877653,3.0981092,-0.6042883,-16731116
4,3,5,106,"null","null","null",52,10.8,0.32388073,-3.590429,2.361209,-1.2503619,-16731116
5,4,6,91,"null","null","null",51,10.8,0.5592984,-3.3791232,1.6207696,-2.722212,-16731116
6,5,7,78,"null","null","null",43,10.8,0.8246769,-2.7010148,0.5617643,-3.5626502,-16731116
7,6,8,47,"null","null","null",36,10.6,2.3908234,-1.950375,0.5042372,-3.5713406,-16731116
8,7,9,30,"null","null","null",20,10.6,3.448443,-0.81523705,0.65274775,-2.9853194,-16731116
9,8,10,27,"null","null","null",11,10.6,3.6887553,-0.44105512,1.8644047,-2.386887,-12486656
10,9,11,20,"null","null","null",9,8.3,3.2310948,-0.6278832,3.0686388,-1.1166797,-12486656
11,10,12,17,"null","null","null",5,8.3,2.5840368,-1.5287743,3.48903,-0.37199056,-12486656
12,11,13,16,"null","null","null",3,8.3,1.6001897,-2.9140136,3.1200042,-0.59051764,-12486656
13,12,14,15,"null","null","null",2,8.3,0.4135989,-3.5997567,2.3745215,-0.66423035,-12486656
17,11,18,19,"null","null","null",2,8.3,3.8167202,-0.67175275,0.73106515,-2.238161,-12486656
20,10,21,24,"null","null","null",4,8.3,3.4735096,-0.92879295,0.3309561,-2.9070082,-12486656
21,20,22,23,"null","null","null",2,8.3,3.8167202,-0.4185698,0.73106515,-2.238161,-16731116
24,20,25,26,"null","null","null",2,8.3,0.35782874,-2.7162147,0.90259826,-3.23998,-11184866
27,9,28,29,"null","null","null",2,2.9,1.2662381,-2.076367,0.5623988,-3.8140666,-16731116
30,8,31,46,"null","null","null",9,10.599999,0.59771526,-2.768663,0.8857573,-3.4364262,-16731116
31,30,32,43,"null","null","null",8,9.9,2.1597354,-2.216556,0.48397338,-3.4921455,-16731116
32,31,33,42,"null","null","null",6,8.5,3.2514277,-1.0892038,0.6459124,-2.9070082,-16731116
33,32,34,41,"null","null","null",5,8.5,3.5280137,-0.4185698,1.9147029,-2.238161,-16731116
34,33,35,40,"null","null","null",4,5.6,3.065712,-0.6167603,3.2309766,-1.4052806,-12486656
35,34,36,39,"null","null","null",3,5.6,2.3408208,-0.85625637,3.8025498,-0.34808022,-12486656
36,35,37,38,"null","null","null",2,5.6,1.6917281,-2.1268067,3.5885556,-0.5755012,-11184866
43,31,44,45,"null","null","null",2,2.8,0.48358452,-3.7564592,1.9384005,-1.6186413,-11513776
47,7,48,69,"null","null","null",16,10.6,0.44286364,-3.3279839,1.7306687,-2.6213453,-16731116
48,47,49,68,"null","null","null",11,10.6,0.6619249,-2.6393647,0.7546941,-3.5377066,-16731116
49,48,50,61,"null","null","null",10,5.8,2.1597354,-2.0484684,0.48397338,-3.6238103,-16731116
50,49,51,60,"null","null","null",6,5.8,3.2514277,-1.0892038,0.6459124,-3.0781724,-16731116
51,50,52,57,"null","null","null",5,5.8,3.5280137,-0.4185698,1.8652921,-2.4606745,-16731116
52,51,53,56,"null","null","null",3,5.8,3.065712,-0.6167603,3.1667423,-1.4052806,-16731116
53,52,54,55,"null","null","null",2,2.3,2.3408208,-0.6580918,3.7190452,-0.34808022,-16731116
57,51,58,59,"null","null","null",2,5.8,1.0880196,-2.1365566,0.6001816,-3.8261666,-16731116
61,49,62,65,"null","null","null",4,5.8,0.48358452,-3.3782616,2.0181682,-2.3110387,-16731116
62,61,63,64,"null","null","null",2,5.8,0.65809226,-2.7162147,0.8675231,-3.23998,-16731116
65,61,66,67,"null","null","null",2,5.8,1.7788361,-1.9610482,3.6551366,-0.40148008,-16777216
69,47,70,77,"null","null","null",5,1.8,1.691729,-2.7374768,3.1863751,-0.35959762,-16731116
70,69,71,76,"null","null","null",4,1.8,0.52728236,-3.4762132,2.4522882,-0.8165132,-16731116
71,70,72,75,"null","null","null",3,1.5,0.5235966,-3.3782582,1.9383993,-2.3110423,-16731116
72,71,73,74,"null","null","null",2,1.5,0.6580924,-2.7162104,0.8675197,-3.239983,-16731116
78,6,79,88,"null","null","null",7,10.8,0.82108533,-3.5088615,2.7051492,-1.0796645,-16731116
79,78,80,87,"null","null","null",5,10.8,0.5419743,-3.3444917,1.8611686,-2.5790417,-16731116
80,79,81,86,"null","null","null",4,10.8,0.6619249,-2.660825,0.7546941,-3.482712,-16731116
81,80,82,85,"null","null","null",3,10.8,1.9703064,-2.076367,0.48397338,-3.5523171,-16731116
82,81,83,84,"null","null","null",2,3.8,3.0051699,-1.0892038,0.6459124,-2.9852314,-16731116
88,78,89,90,"null","null","null",2,10.8,2.3408213,-0.42902362,3.719045,-0.76705235,-16731116
91,5,92,105,"null","null","null",8,10.799999,1.6001918,-2.8440921,3.1200051,-0.3173819,-16731116
92,91,93,104,"null","null","null",7,6.2,0.4136008,-3.5088615,2.3745222,-1.198804,-16731116
93,92,94,99,"null","null","null",6,6.2,0.5419743,-3.3444917,1.7061975,-2.7339232,-16731116
94,93,95,98,"null","null","null",3,6.2,0.6619249,-2.660825,0.7546941,-3.6840577,-16731116
95,94,96,97,"null","null","null",2,3.0,1.2662381,-2.076367,0.48397338,-3.8140666,-16731116
99,93,100,103,"null","null","null",3,6.2,1.691729,-2.774622,3.131315,-0.35959762,-12486656
100,99,101,102,"null","null","null",2,3.0,0.52728236,-3.524502,2.38071,-0.665,-16731116
107,3,108,111,"null","null","null",3,10.8,3.0229454,-0.30320042,3.2790823,-1.3026809,-16731116
108,107,109,110,"Cistugo","null","null",2,1.1,2.3134418,-0.6527472,3.7626092,-0.37198997,-16731116
112,2,113,118,"null","null","null",4,10.799999,3.5286393,-0.63668215,2.0262823,-2.1905596,-12486656
113,112,114,117,"null","null","null",3,8.2,3.0229454,-0.62788296,3.2790823,-1.3026809,-12486656
114,113,115,116,"null","null","null",2,8.2,2.3134418,-0.6527472,3.7626092,-0.37198997,-12486656
119,1,120,121,"null","null","null",2,3.8,3.1267998,-0.979175,0.34452912,-2.8544154,-16731116
122,0,123,176,"null","null","null",40,10.8,2.3458936,-2.0236778,0.52348334,-3.4893117,-16731116
123,122,124,171,"null","null","null",27,10.8,3.390037,-0.7673116,0.6527476,-2.8786826,-16731116
124,123,125,156,"null","null","null",24,8.0,3.6128302,-0.44105458,1.864401,-2.243813,-16731116
125,124,126,147,"null","null","null",16,8.0,3.1323936,-0.62788296,3.0686367,-1.1166822,-16731116
126,125,127,138,"null","null","null",11,8.0,2.4557242,-1.4749868,3.4890296,-0.37198997,-16731116
127,126,128,137,"null","null","null",6,3.6,1.6001918,-2.8440921,3.1200051,-0.5905173,-16731116
128,127,129,136,"null","null","null",5,3.6,0.4136008,-3.5088615,2.3745222,-1.198804,-16731116
129,128,130,135,"null","null","null",4,3.6,0.5419743,-3.3444917,1.8611686,-2.7339232,-12486656
130,129,131,134,"null","null","null",3,3.3,0.6619249,-2.660825,0.7546941,-3.6840577,-16731116
131,130,132,133,"null","null","null",2,3.3,1.2662381,-2.076367,0.48397338,-3.8140666,-16731116
138,126,139,146,"null","null","null",5,7.2,3.5280137,-0.67175364,1.8652903,-2.2381618,-16731116
139,138,140,143,"null","null","null",4,7.1,3.0657125,-0.6167602,3.1667411,-1.2878737,-16731116
140,139,141,142,"null","null","null",2,7.1,2.3408213,-0.6580918,3.719045,-0.34807998,-16731116
143,139,144,145,"null","null","null",2,7.1,2.8755636,-1.1971806,0.31716153,-3.1081548,-16731116
147,125,148,155,"null","null","null",5,5.3,3.251427,-1.0892045,0.33095574,-2.9070091,-16731116
148,147,149,154,"null","null","null",4,5.3,3.5280137,-0.41856956,1.8652903,-2.2381618,-16731116
149,148,150,153,"null","null","null",3,5.3,3.0657125,-0.6167602,3.1667411,-1.4052815,-16731116
150,149,151,152,"null","null","null",2,2.4,2.3408213,-0.6580918,3.719045,-0.34807998,-16731116
156,124,157,166,"null","null","null",8,8.0,2.1597342,-2.0484686,0.56239974,-3.492146,-16731116
157,156,158,165,"null","null","null",5,7.8,3.251427,-1.0892045,0.64591235,-2.9070091,-16731116
158,157,159,164,"null","null","null",4,5.4,3.5280137,-0.41856956,1.8652903,-2.2381618,-16731116
159,158,160,163,"null","null","null",3,5.4,3.0657125,-0.6167602,3.1667411,-1.4052815,-16731116
160,159,161,162,"null","null","null",2,2.5,2.3408213,-0.6580918,3.719045,-0.34807998,-16731116
166,156,167,170,"null","null","null",3,5.1000004,0.48358494,-3.3782606,1.9384013,-2.3110383,-16731116
167,166,168,169,"null","null","null",2,2.7,0.65809226,-2.7162137,0.86752254,-3.2399807,-16731116
171,123,172,175,"null","null","null",3,10.8,0.37080073,-2.6608262,0.8857578,-3.6840568,-16731116
172,171,173,174,"null","null","null",2,10.8,1.2662363,-2.0763676,0.48397315,-3.8140664,-16731116
176,122,177,200,"null","null","null",13,10.8,0.44286472,-3.4929109,1.8611706,-2.5434349,-16731116
177,176,178,195,"null","null","null",12,10.8,0.66192484,-2.8537698,0.52232444,-3.4364257,-16731116
178,177,179,190,"null","null","null",9,10.799999,2.1597342,-2.0484686,0.48397315,-3.492146,-16731116
179,178,180,187,"null","null","null",6,7.7,3.251427,-0.87069,0.64591235,-2.9070091,-16731116
180,179,181,186,"null","null","null",4,7.7,3.5280137,-0.41856956,1.8652903,-2.2381618,-16731116
181,180,182,185,"null","null","null",3,5.1,3.0657125,-0.6167602,3.1667411,-1.4052815,-16731116
182,181,183,184,"null","null","null",2,5.1,2.3408213,-0.6580918,3.719045,-0.34807998,-16731116
187,179,188,189,"null","null","null",2,7.7,0.3578286,-2.7162137,0.9025985,-3.2399807,-16731116
190,178,191,194,"null","null","null",3,4.6,0.48358494,-3.3782606,1.9384013,-2.3110383,-16731116
191,190,192,193,"null","null","null",2,3.2,0.65809226,-2.7162137,0.86752254,-3.2399807,-12486656
195,177,196,199,"null","null","null",3,10.8,0.84492064,-3.7671354,2.452291,-0.39556143,-12486656
196,195,197,198,"null","null","null",2,10.8,0.52359617,-3.7564588,1.9384013,-1.618641,-12486656
