index,parent,child1,child2,name1,name2,common,richness,lengthbr,hxmax,hxmin,hymax,hymin,color
0,-268387322,1,74,"null","null","null",44,25.9,0.5592972,-3.271231,1.7338114,-2.6736648,-16731116
1,0,2,73,"null","null","null",37,25.6,0.81081176,-2.5607548,0.64114,-3.4995463,-16731116
2,1,3,72,"","null","Weasels, Stoats and more",36,22.9,2.3728034,-2.010233,0.50423574,-3.4893112,-16731116
3,2,4,67,"null","null","null",35,22.9,3.4250245,-0.76731706,0.6527473,-2.8786826,-16731116
4,3,5,42,"null","null","null",32,22.9,3.658318,-0.44105357,1.9931505,-2.2438169,-16731116
5,4,6,39,"null","null","null",19,13.099999,3.1915293,-0.6278824,3.2360156,-1.1514544,-16731116
6,5,7,24,"Mustela","null","null",17,9.9,2.532599,-1.4435942,3.706627,-0.37198886,-16731116
7,6,8,19,"null","null","null",9,4.7999997,1.4333884,-2.8032858,3.4028842,-0.59051657,-16731116
8,7,9,14,"null","null","null",6,4.6,0.29948834,-3.4558184,2.7422647,-0.99773157,-16731116
9,8,10,13,"null","null","null",3,4.6,0.5419735,-3.275539,1.8611722,-2.4725323,-12486656
10,9,11,12,"null","null","null",2,4.6,0.6619248,-2.5711865,0.7546976,-3.3442545,-12486656
14,8,15,18,"null","null","null",3,4.6,2.3408225,-0.8562454,3.8025503,-0.7670537,-16731116
15,14,16,17,"null","null","null",2,2.2,1.691733,-2.1267972,3.5885596,-0.57550037,-16731116
19,7,20,23,"null","null","null",3,4.6,3.0657144,-0.2891279,3.166736,-1.4052861,-12486656
20,19,21,22,"null","null","null",2,2.6,2.3408225,-0.658092,3.7190428,-0.34807888,-12486656
24,6,25,38,"null","null","null",8,9.800001,3.7009754,-0.6717552,1.7065735,-2.238164,-16731116
25,24,26,35,"null","null","null",7,9.700001,3.290565,-0.61675966,2.9604137,-1.28788,-16731116
26,25,27,32,"null","null","null",5,9.6,2.633128,-1.3545673,3.4508238,-0.34807888,-16731116
27,26,28,31,"null","null","null",3,9.6,1.691733,-2.7746155,3.1313152,-0.57550037,-16731116
28,27,29,30,"null","null","null",2,3.6,0.52728754,-3.5244987,2.3807101,-0.665,-16731116
32,26,33,34,"null","null","null",2,8.8,3.7952101,-0.7052609,0.5537288,-2.2791777,-16731116
35,25,36,37,"null","null","null",2,3.0,2.875558,-1.1971854,0.3171609,-3.10816,-12486656
39,5,40,41,"Neovison","null","null",2,3.9,3.0051632,-1.0892096,0.33095512,-2.9852386,-16731116
42,4,43,66,"null","null","null",13,20.9,2.2620723,-2.0763705,0.56240153,-3.4921474,-16731116
43,42,44,63,"null","null","null",12,20.6,3.384471,-0.8706966,0.645912,-2.9070122,-16731116
44,43,45,62,"null","null","null",10,17.0,3.7009754,-0.41856855,1.731637,-2.238164,-16731116
45,44,46,61,"null","null","null",9,15.799999,3.290565,-0.61675966,2.992996,-1.4052861,-16731116
46,45,47,58,"Martes","null","null",8,14.4,2.633128,-1.3385711,3.4931808,-0.34807888,-16731116
47,46,48,57,"null","null","null",6,14.4,1.691733,-2.7538207,3.1863794,-0.57550037,-16731116
48,47,49,56,"null","null","null",5,7.3999996,0.52728754,-3.4974651,2.4522934,-1.0443861,-16731116
49,48,50,55,"null","null","null",4,7.2999997,0.52359575,-3.4058893,1.9384029,-2.6072805,-16731116
50,49,51,54,"null","null","null",3,7.1,0.65809214,-2.7521315,0.8675264,-3.6250978,-16731116
51,50,52,53,"null","null","null",2,7.0,1.0880142,-2.136558,0.46288425,-3.8261666,-16731116
58,46,59,60,"null","null","null",2,5.1,3.7952101,-0.7052609,0.5537288,-2.2791777,-12486656
63,43,64,65,"Galictis","null","null",2,5.4,0.35782802,-2.7162204,0.9025992,-3.239976,-16731116
67,3,68,71,"null","null","null",3,7.3,0.37080014,-2.6608305,0.88575864,-3.6840544,-16731116
68,67,69,70,"Ictonyx","null","null",2,4.4,1.2662282,-2.0763705,0.48397225,-3.8140674,-16731116
74,0,75,86,"","some","Badgers",7,25.9,1.6001993,-2.844085,3.374336,-0.3173849,-16731116
75,74,76,83,"null","null","null",6,24.0,0.29948753,-3.5088606,2.7051516,-1.198791,-16731116
76,75,77,82,"null","null","null",4,6.7,0.54197276,-3.3444967,1.8611755,-2.733913,-16731116
77,76,78,81,"Meles","null","null",3,6.5,0.66192466,-2.660832,0.75470227,-3.684054,-16731116
78,77,79,80,"null","null","null",2,6.5,1.2662256,-2.0763717,0.4839719,-3.8140678,-16731116
83,75,84,85,"Mydaus","null","null",2,6.4,2.3408232,-0.42902276,3.7190404,-0.7670549,-16731116
