index,parent,child1,child2,name1,name2,common,richness,lengthbr,hxmax,hxmin,hymax,hymin,color
0,-268431353,1,124,"null","null","null",63,19.6,2.4642994,-1.938401,0.5235962,-3.4175334,-16731116
1,-268435456,2,91,"","some","Voles",62,9.0,3.4392195,-0.61727434,0.65809226,-2.7672682,-16731116
2,-268435455,3,82,"null","null","null",45,9.0,3.5845213,-0.46288514,2.015655,-2.1562378,-16731116
3,-268435454,4,65,"null","null","null",40,9.0,3.0581832,-0.6376134,3.1657696,-1.0703816,-16731116
4,-268435453,5,36,"null","null","null",31,9.0,2.393849,-1.6470424,3.5147934,-0.39551812,-16731116
5,-268435452,6,35,"","some","Pine Voles",16,9.0,1.504581,-2.977039,3.0981078,-0.6042888,-16731116
6,-268435451,7,34,"null","null","null",15,6.2,0.32388172,-3.5764804,2.3612075,-1.1974903,-16731116
7,-268435450,8,23,"null","null","null",14,6.2,0.5592991,-3.360987,1.6207659,-2.653476,-16731116
8,-268435449,9,16,"null","null","null",8,6.2,0.8876314,-2.6774378,0.41481584,-3.473289,-16731116
9,-268435448,10,15,"null","null","null",4,6.2,2.4726615,-2.010225,0.50423795,-3.4551678,-16731116
10,-268435447,11,14,"null","null","null",3,4.6,3.5548282,-0.9791683,0.652748,-2.8342938,-16731116
11,-268435446,12,13,"null","null","null",2,4.6,3.8270524,-0.441056,0.90940213,-2.190556,-16731116
16,-268435448,17,22,"null","null","null",4,5.7,0.8210844,-3.4558165,2.3745215,-0.9977443,-12486656
17,-268435440,18,21,"null","null","null",3,5.7,0.5419747,-3.2755313,1.8611665,-2.4725435,-12486656
18,-268435439,19,20,"null","null","null",2,5.7,0.66192496,-2.571176,0.7546901,-3.3442616,-11184866
23,-268435449,24,31,"null","null","null",6,6.2000003,1.5501353,-2.8032904,3.1200042,-0.31738016,-16731116
24,-268435433,25,30,"null","null","null",4,5.8,0.4135989,-3.4558165,2.3745215,-0.9977443,-16731116
25,-268435432,26,29,"null","null","null",3,5.8,0.5419747,-3.2755313,1.8611665,-2.4725435,-16731116
26,-268435431,27,28,"null","null","null",2,2.3,0.66192496,-2.571176,0.7546901,-3.3442616,-16731116
31,-268435433,32,33,"null","null","null",2,2.4,3.3284082,-0.2891289,2.5945039,-1.4052806,-16731116
36,-268435452,37,60,"null","null","null",15,9.0,3.528639,-0.63668066,1.8644047,-2.270554,-16731116
37,-268435420,38,51,"null","null","null",12,9.0,3.0229437,-0.6278832,3.0686388,-1.1166797,-16731116
38,-268435419,39,50,"null","null","null",7,6.5,2.3134403,-1.6418939,3.48903,-0.37199056,-16731116
39,-268435418,40,45,"null","null","null",6,6.5,1.4333814,-3.061069,3.1200042,-0.59051764,-16731116
40,-268435417,41,44,"null","null","null",3,4.2,0.4135989,-3.7909286,2.3745215,-0.66423035,-16731116
41,-268435416,42,43,"null","null","null",2,4.2,0.5419747,-3.7111769,1.8611665,-1.7914414,-16731116
45,-268435417,46,49,"null","null","null",3,4.2,3.065712,-0.2891289,3.1667423,-1.4052806,-16731116
46,-268435411,47,48,"null","null","null",2,4.2,2.3408208,-0.6580918,3.7190452,-0.34808022,-16731116
51,-268435419,52,57,"null","null","null",5,7.8,3.4068692,-0.92879295,0.3309561,-2.9070082,-16731116
52,-268435405,53,56,"null","null","null",3,4.4,3.7300878,-0.4185698,1.4251086,-2.238161,-16731116
53,-268435404,54,55,"null","null","null",2,2.2,3.3284082,-0.6167603,2.5945039,-1.4052806,-16731116
57,-268435405,58,59,"null","null","null",2,7.8,0.35782874,-2.7162147,0.90259826,-3.23998,-16731116
60,-268435420,61,64,"null","null","null",3,6.5,1.9703064,-2.076367,0.5623988,-3.5523171,-16731116
61,-268435396,62,63,"null","null","null",2,6.5,3.0051699,-1.0892038,0.6459124,-2.9852314,-16731116
65,-268435453,66,75,"null","null","null",9,7.2000003,3.3252766,-0.91696227,0.40942943,-2.9853194,-16731116
66,-268435391,67,72,"null","null","null",5,2.8,3.528639,-0.44105512,2.0262864,-2.386887,-16731116
67,-268435390,68,71,"null","null","null",3,2.8,3.0229437,-0.6278832,3.2790852,-1.3026786,-16731116
68,-268435389,69,70,"null","null","null",2,1.9,2.3134403,-0.65274704,3.7626104,-0.37199056,-16731116
72,-268435390,73,74,"null","null","null",2,1.9,1.2662381,-2.076367,0.5623988,-3.8140666,-16731116
75,-268435391,76,81,"null","null","null",4,4.3,0.45200062,-2.660825,0.8857573,-3.482712,-16731116
76,-268435381,77,80,"null","null","null",3,4.3,1.9703064,-2.076367,0.48397338,-3.5523171,-16731116
77,-268435380,78,79,"null","null","null",2,4.3,3.0051699,-1.0892038,0.6459124,-2.9852314,-16731116
82,-268435454,83,88,"null","null","null",5,9.0,2.472656,-2.120684,0.5234818,-3.4551697,-16731116
83,-268435374,84,87,"null","null","null",3,5.8,3.5548253,-0.9791728,0.65274775,-2.8342974,-16731116
84,-268435373,85,86,"null","null","null",2,5.8,3.8270524,-0.44105512,0.9093949,-2.1905584,-16731116
88,-268435374,89,90,"null","null","null",2,8.1,0.44286364,-3.711179,1.8611686,-1.7914356,-16731116
91,-268435455,92,123,"null","null","null",17,9.0,0.75179744,-2.4967756,0.866506,-3.497527,-16731116
92,-268435365,93,118,"null","null","null",16,9.0,2.29608,-1.9270647,0.5042372,-3.48668,-16731116
93,-268435364,94,117,"null","null","null",13,9.0,3.3252766,-0.9791728,0.65274775,-2.8752608,-16731116
94,-268435363,95,108,"null","null","null",12,9.0,3.528639,-0.44105512,1.8644047,-2.2438111,-16731116
95,-268435362,96,103,"null","null","null",7,6.9,3.0229437,-0.6278832,3.0686388,-1.1166797,-16731116
96,-268435361,97,102,"null","null","null",4,6.9,2.3134403,-1.5287743,3.48903,-0.37199056,-16731116
97,-268435360,98,101,"null","null","null",3,5.9,1.6001897,-2.9140136,3.1200042,-0.59051764,-16731116
98,-268435359,99,100,"null","null","null",2,5.9,0.4135989,-3.5997567,2.3745215,-0.66423035,-16731116
103,-268435361,104,107,"null","null","null",3,6.9,3.4735096,-1.0892038,0.3309561,-2.9070082,-16731116
104,-268435353,105,106,"null","null","null",2,5.2,3.8167202,-0.4185698,0.73106515,-2.238161,-16731116
108,-268435362,109,114,"null","null","null",5,9.0,2.3305678,-2.216556,0.5623988,-3.4921455,-16731116
109,-268435348,110,113,"null","null","null",3,7.6,3.4735096,-1.0892038,0.6459124,-2.9070082,-16731116
110,-268435347,111,112,"null","null","null",2,6.4,3.8167202,-0.4185698,0.73106515,-2.238161,-16731116
114,-268435348,115,116,"null","null","null",2,4.3,0.48358452,-3.7564592,1.9384005,-1.6186413,-16731116
118,-268435364,119,122,"null","null","null",3,9.0,0.44286364,-3.2755356,1.8611686,-2.4725387,-12486656
119,-268435338,120,121,"null","null","null",2,9.0,0.6619249,-2.571182,0.7546941,-3.3442578,-16731116
