index,parent,child1,child2,name1,name2,common,richness,lengthbr,hxmax,hxmin,hymax,hymin
0,-268401661,1,140,"Cercopithecoidea","null","Old World Monkeys",127,20.2,2.5434322,-268401661.8248646,0.5419735,-3.4015965
1,0,2,73,"null","null","null",70,16.2,3.4364245,-0.5223269,0.676437,-2.7350616
2,1,3,42,"null","null","null",36,15.099999,3.4921463,-0.48397276,2.2620757,-2.1014662
3,2,4,25,"Macaca","null","Macaques",20,8.8,2.9070103,-0.64591223,3.3844728,-0.8909399
4,3,5,24,"null","null","null",11,8.8,2.2381625,-1.7316397,3.7009754,-0.41856912
5,4,6,17,"null","null","null",10,8.6,1.2264621,-2.9929974,3.2905636,-0.61675996
6,5,7,14,"null","null","null",6,5.5,0.3480795,-3.4931803,2.6331267,-1.4981427
7,6,8,13,"null","null","null",4,5.5,0.5755007,-3.186377,1.6917307,-2.9612615
8,7,9,12,"null","null","null",3,5.3,0.665,-2.4522903,0.5272846,-3.7671356
9,8,10,11,"null","null","null",2,2.7,1.6186419,-1.938401,0.5235962,-3.7564588
14,6,15,16,"null","null","null",2,2.4,2.2791767,-0.5537334,3.7952106,-0.70526004
17,5,18,23,"null","null","null",4,2.5,2.9699745,-0.31716126,3.3591175,-1.1971827
18,17,19,22,"null","null","null",3,2.3,2.2791767,-1.2371311,3.766148,-0.39551753
19,18,20,21,"null","null","null",2,2.3,1.5045831,-2.4441566,3.4248705,-0.60428846
25,3,26,35,"null","null","null",9,8.6,3.3870227,-0.90259886,0.5695132,-2.7617724
26,25,27,34,"null","null","null",5,7.5,3.5166678,-0.46288455,2.181579,-2.1365573
27,26,28,31,"null","null","null",4,7.4,2.9699745,-0.6376132,3.3814733,-1.0122032
28,27,29,30,"null","null","null",2,2.5,2.2791767,-0.64591175,3.7952106,-0.39551753
31,27,32,33,"null","null","null",2,7.2,3.1268015,-0.9791734,0.34452933,-2.854413
35,25,36,41,"null","null","null",4,7.2999997,0.63435555,-2.5607486,0.86650646,-3.4851902
36,35,37,40,"null","null","null",3,4.8999996,2.1434062,-2.0102289,0.50423694,-3.4706433
37,36,38,39,"null","null","null",2,4.7,3.1268015,-0.9791734,0.6527477,-2.854413
42,2,43,60,"","null","Mangabeys, Baboons and more",16,14.9,2.424146,-1.9093091,0.48358572,-3.4975019
43,42,44,55,"null","null","null",9,10.2,3.3870227,-0.6457088,0.65809214,-2.8712277
44,43,45,54,"","null","Baboons",6,8.3,3.5166678,-0.46288455,2.0156515,-2.1365573
45,44,46,53,"Papio","null","null",5,7.5,2.9699745,-0.6376132,3.1657674,-1.1971827
46,45,47,52,"null","null","null",4,7.5,2.2791767,-1.699233,3.514793,-0.39551753
47,46,48,51,"null","null","null",3,7.5,1.5045831,-3.0448892,3.0981088,-0.60428846
48,47,49,50,"null","null","null",2,7.5,0.32388112,-3.6646886,2.3612084,-0.6619246
55,43,56,59,"Lophocebus","null","null",3,5.1,0.38339493,-2.5607486,0.86650646,-3.7314649
56,55,57,58,"null","null","null",2,5.1,1.4433434,-2.0102289,0.50423694,-3.7908003
60,42,61,68,"null","null","null",7,7.1,0.4014814,-3.4101982,1.6207705,-2.852069
61,60,62,65,"null","null","null",4,7.1,0.66423047,-2.7414122,0.41481966,-3.7314649
62,61,63,64,"null","null","null",2,3.0,1.4433434,-2.0102289,0.50423694,-3.7908003
65,61,66,67,"Mandrillus","null","null",2,1.0,0.8210856,-3.5997543,2.374522,-0.40725207
68,60,69,72,"null","null","null",3,4.7,1.6001936,-2.9140077,3.1200051,-0.31738234
69,68,70,71,"null","null","null",2,3.0,0.4136042,-3.5997536,2.3745222,-0.66423035
73,1,74,139,"null","null","null",34,14.1,0.95279163,-2.4522934,0.8449211,-3.50004
74,73,75,138,"null","null","null",33,13.999999,2.4882076,-1.9384029,0.52359575,-3.4092364
75,74,76,119,"null","null","null",32,13.799999,3.4703028,-0.61727667,0.65809214,-2.7564826
76,75,77,118,"null","null","null",22,10.799999,3.624932,-0.46288455,2.1250107,-2.1365573
77,76,78,105,"null","null","null",21,10.599999,3.1107178,-0.6376132,3.3079345,-1.0306122
78,77,79,100,"null","null","null",14,10.599999,2.462143,-1.6061819,3.6996102,-0.39551753
79,78,80,91,"null","null","null",11,10.2,1.4246784,-2.9239225,3.3383713,-0.60428846
80,79,81,88,"null","null","null",6,8.3,0.32388112,-3.5074317,2.6735497,-1.3502545
81,80,82,87,"null","null","null",4,8.3,0.55929863,-3.2712255,1.7788366,-2.8520713
82,81,83,86,"null","null","null",3,8.3,0.6642305,-2.5607474,0.6411318,-3.7314653
83,82,84,85,"null","null","null",2,8.3,1.4433452,-2.0102282,0.5042372,-3.7908
88,80,89,90,"null","null","null",2,8.3,2.3134413,-0.43901843,3.76261,-0.7370677
91,79,92,99,"null","null","null",5,10.0,3.2310956,-0.30320063,3.3004098,-1.3026792
92,91,93,96,"null","null","null",4,6.5,2.5840373,-1.0472662,3.7903333,-0.37199032
93,92,94,95,"null","null","null",2,6.5,1.6001905,-2.288054,3.5116992,-0.59051746
96,92,97,98,"null","null","null",2,6.5,3.8167205,-0.6717531,0.731066,-2.238161
100,78,101,104,"null","null","null",3,4.1,3.6822963,-0.63668156,1.6104459,-2.1905591
101,100,102,103,"null","null","null",2,2.5,3.2226985,-0.6278831,2.7384934,-1.3026792
105,77,106,117,"null","null","null",7,10.6,3.325276,-0.9791734,0.40942776,-2.8958333
106,105,107,112,"null","null","null",6,5.5,3.5286393,-0.4410549,2.0262847,-2.2705545
107,106,108,111,"null","null","null",3,3.8,3.0229447,-0.6278831,3.2790842,-1.3026792
108,107,109,110,"null","null","null",2,2.3,2.3134413,-0.6527471,3.76261,-0.37199032
112,106,113,116,"null","null","null",3,2.0,1.9703076,-2.0763667,0.56239915,-3.5523167
113,112,114,115,"null","null","null",2,1.8,3.0051708,-1.0892029,0.6459124,-2.9852307
119,75,120,137,"null","null","null",10,5.6,0.7517959,-2.4967763,0.86650646,-3.4732878
120,119,121,132,"null","null","null",9,5.5,2.2960787,-1.9270651,0.50423694,-3.4551704
121,120,122,131,"Chlorocebus","null","null",6,5.4,3.325276,-0.9791734,0.6527477,-2.8342981
122,121,123,130,"null","null","null",5,5.4,3.5286393,-0.4410549,2.0426893,-2.1905591
123,122,124,129,"null","null","null",4,5.4,3.0229447,-0.6278831,3.3004098,-1.3026792
124,123,125,128,"null","null","null",3,5.4,2.3134413,-1.0472662,3.7903333,-0.37199032
125,124,126,127,"null","null","null",2,5.4,1.6001905,-2.288054,3.5116992,-0.59051746
132,120,133,136,"null","null","null",3,0.7,0.44286406,-3.275535,1.8611695,-2.4725378
133,132,134,135,"null","null","null",2,0.5,0.6619249,-2.5711813,0.7546936,-3.344258
140,0,141,224,"null","null","null",57,13.9,0.35959953,-3.3983078,1.5297141,-2.7787893
141,140,142,221,"","null","Langurs, Surilis and more",42,9.1,0.9035135,-2.7278004,0.33849102,-3.5299244
142,141,143,210,"null","null","null",40,8.9,2.424146,-1.8475437,0.52359575,-3.448086
143,142,144,209,"null","null","null",34,6.5,3.3870227,-0.86752474,0.65809214,-2.8069873
144,143,145,194,"null","null","null",33,6.5,3.5166678,-0.46288455,2.129325,-2.2078714
145,144,146,173,"null","null","null",25,6.5,2.9699745,-0.6376132,3.3135428,-1.0032632
146,145,147,172,"null","null","null",14,3.3,2.2791767,-1.6061819,3.706901,-0.39551753
147,146,148,165,"null","null","null",13,3.3,1.332167,-2.9239225,3.3478494,-0.60428846
148,147,149,160,"null","null","null",9,3.3,0.32388112,-3.5074317,2.6858711,-1.1974869
149,148,150,159,"null","null","null",6,3.3,0.55929863,-3.2712255,1.7788366,-2.6534734
150,149,151,158,"null","null","null",5,3.2,0.8876251,-2.5607474,0.6411318,-3.473288
151,150,152,157,"null","null","null",4,3.2,2.472656,-2.0102282,0.5042372,-3.4551697
152,151,153,156,"null","null","null",3,3.2,3.5548253,-0.9791728,0.65274775,-2.8342974
153,152,154,155,"null","null","null",2,3.2,3.8270524,-0.44105512,0.9093949,-2.1905584
160,148,161,164,"null","null","null",3,0.8,2.3134413,-1.0472662,3.7903333,-0.7370677
161,160,162,163,"null","null","null",2,0.6,1.6001905,-2.288054,3.5116992,-0.59051746
165,147,166,171,"null","null","null",4,3.3,3.0229447,-0.30320063,3.3004098,-1.3026792
166,165,167,170,"null","null","null",3,2.2,2.3134413,-1.0472662,3.7903333,-0.37199032
167,166,168,169,"null","null","null",2,2.2,1.6001905,-2.288054,3.5116992,-0.59051746
173,145,174,185,"Presbytis","null","null",11,6.0,3.325276,-0.9169626,0.42204678,-2.8342981
174,173,175,184,"null","null","null",6,6.0,3.5286393,-0.4410549,2.0426893,-2.1905591
175,174,176,181,"null","null","null",5,6.0,3.0229447,-0.6278831,3.3004098,-1.1514461
176,175,177,180,"null","null","null",3,2.5,2.3134413,-1.0472662,3.7903333,-0.37199032
177,176,178,179,"null","null","null",2,2.5,1.6001905,-2.288054,3.5116992,-0.59051746
181,175,182,183,"null","null","null",2,6.0,3.0051708,-1.0892029,0.33095595,-2.9852307
185,173,186,193,"","most","Surilis",5,3.7,0.4520018,-2.768662,0.88575745,-3.4827118
186,185,187,190,"null","null","null",4,3.0,1.9703076,-2.2165554,0.4839735,-3.5523167
187,186,188,189,"null","null","null",2,3.0,3.0051708,-1.0892029,0.6459124,-2.9852307
190,186,191,192,"null","null","null",2,3.0,0.48358428,-3.7564583,1.9384001,-1.6186436
194,144,195,208,"null","null","null",8,6.5,2.2960787,-2.0102289,0.5234828,-3.571341
195,194,196,205,"Semnopithecus","null","Gray Langurs",7,4.9,3.325276,-0.72746825,0.6527477,-2.98532
196,195,197,202,"null","null","null",5,4.9,3.5286393,-0.4410549,2.0262847,-2.3868876
197,196,198,201,"null","null","null",3,4.9,3.0229447,-0.6278831,3.2790842,-1.3026792
198,197,199,200,"null","null","null",2,4.9,2.3134413,-0.6527471,3.76261,-0.37199032
202,196,203,204,"null","null","null",2,4.9,1.2662389,-2.0763667,0.56239915,-3.8140662
205,195,206,207,"null","null","null",2,4.9,0.3708009,-2.5711813,0.88575745,-3.344258
210,142,211,218,"null","null","null",6,8.1,0.4014814,-3.2712262,1.7948582,-2.6626267
211,210,212,217,"Rhinopithecus","null","Snub-nosed Monkeys",4,3.6,0.66423047,-2.5607486,0.6411331,-3.4851902
212,211,213,216,"null","null","null",3,3.4,2.1434062,-2.0102289,0.50423694,-3.4706433
213,212,214,215,"null","null","null",2,3.4,3.1268015,-0.9791734,0.6527477,-2.854413
218,210,219,220,"Pygathrix","null","null",2,2.3,1.6001936,-2.2880483,3.5117025,-0.31738234
221,141,222,223,"null","null","null",2,2.8,0.7950959,-3.6646872,2.361209,-0.4184206
224,140,225,244,"","null","Colobus Monkeys",15,10.5,1.3321707,-3.0061507,3.0981097,-0.2750002
225,224,226,243,"null","null","null",10,10.3,0.3238803,-3.6143317,2.361209,-1.1974815
226,225,227,242,"Piliocolobus","null","Red Colobus Monkeys",9,9.0,0.5592979,-3.4101982,1.7788401,-2.6534698
227,226,228,239,"null","null","null",8,9.0,0.82173336,-2.7414122,0.41482085,-3.4732876
228,227,229,236,"null","null","null",6,6.7,2.3869984,-2.120686,0.50423664,-3.455171
229,228,230,235,"null","null","null",4,6.7,3.4434733,-0.979175,0.6527476,-2.8342993
230,229,231,234,"null","null","null",3,6.7,3.6822972,-0.44105458,1.610443,-2.1905596
231,230,232,233,"null","null","null",2,6.7,3.2227004,-0.62788296,2.7384913,-1.3026809
236,228,237,238,"null","null","null",2,6.7,0.44286472,-3.7111793,1.8611706,-1.7914329
239,227,240,241,"null","null","null",2,2.6,0.82108605,-3.5997536,2.3745222,-0.4072519
244,224,245,252,"Colobus","null","null",5,6.7,3.0229468,-0.3032002,3.0686338,-1.3026838
245,244,246,251,"null","null","null",4,4.2,2.3134425,-1.5287633,3.4890285,-0.37198934
246,245,247,250,"null","null","null",3,1.4,1.6001958,-2.9140046,3.1200056,-0.59051675
247,246,248,249,"null","null","null",2,1.1,0.41360593,-3.5997522,2.3745222,-0.66423047
