index,parent,child1,child2,name1,name2,common,richness,lengthbr,hxmax,hxmin,hymax,hymin,color
0,-268435439,1,158,"null","null","null",80,29.400002,0.76705253,-3.6148481,2.3408215,-1.3840528,-16731116
1,0,2,101,"null","null","null",79,29.400002,0.57550097,-3.3445444,1.5949239,-2.8129432,-16731116
2,1,3,86,"null","null","null",50,29.400002,0.9344023,-2.657908,0.48278344,-3.5743203,-16731116
3,2,4,51,"null","null","null",42,29.400002,2.4642994,-1.9093072,0.5235962,-3.5057988,-16731116
4,3,5,50,"null","null","null",24,29.4,3.4392195,-0.86752254,0.65809226,-2.8820133,-16731116
5,4,6,47,"null","null","null",23,14.5,3.5845213,-0.46288514,2.1250145,-2.3054068,-16731116
6,5,7,38,"","null","Vlei Rats",21,14.2,3.0581832,-0.6376134,3.307937,-1.0032609,-16731116
7,6,8,25,"null","null","null",16,14.2,2.393849,-1.635933,3.6996107,-0.39551812,-16731116
8,7,9,24,"null","null","null",9,14.2,1.504581,-2.9625967,3.3383703,-0.6042888,-16731116
9,8,10,21,"null","null","null",8,14.2,0.32388172,-3.5577054,2.6735487,-1.2045327,-16731116
10,9,11,20,"null","null","null",6,14.2,0.5592991,-3.3365796,1.7788345,-2.662631,-16731116
11,10,12,19,"null","null","null",5,8.3,0.6642305,-2.645708,0.6411279,-3.4851904,-16731116
12,11,13,16,"null","null","null",4,8.3,2.1434147,-2.1206799,0.50423795,-3.4706392,-16731116
13,12,14,15,"null","null","null",2,8.3,3.1268075,-0.9791683,0.652748,-2.8544064,-16731116
16,12,17,18,"null","null","null",2,8.3,0.44286197,-3.7111769,1.8611665,-1.7914414,-16777216
21,9,22,23,"null","null","null",2,14.2,2.3134403,-0.4390187,3.7626104,-0.737067,-16731116
25,7,26,33,"null","null","null",7,14.2,3.528639,-0.63668066,2.0426908,-2.270554,-12486656
26,25,27,32,"null","null","null",4,14.2,3.0229437,-0.6278832,3.3004107,-1.3026786,-16731116
27,26,28,31,"null","null","null",3,14.2,2.3134403,-1.0472679,3.7903333,-0.37199056,-12486656
28,27,29,30,"null","null","null",2,3.6,1.6001897,-2.2880554,3.5116982,-0.59051764,-16731116
33,25,34,37,"null","null","null",3,5.7,1.9703064,-2.076367,0.5623988,-3.5523171,-12486656
34,33,35,36,"null","null","null",2,5.7,3.0051699,-1.0892038,0.6459124,-2.9852314,-8572416
38,6,39,46,"null","null","null",5,14.2,3.3252766,-0.9791728,0.40942943,-2.8342974,-12486656
39,38,40,45,"null","null","null",4,14.2,3.528639,-0.44105512,2.0262864,-2.1905584,-12486656
40,39,41,44,"null","null","null",3,5.7,3.0229437,-0.6278832,3.2790852,-1.3026786,-12486656
41,40,42,43,"null","null","null",2,5.7,2.3134403,-0.65274704,3.7626104,-0.37199056,-12486656
47,5,48,49,"Parotomys","null","Whistling Rats",2,13.7,1.4433452,-2.0102282,0.5234818,-3.7908,-16731116
51,3,52,71,"null","null","null",18,8.8,0.40148032,-3.4101982,1.7338032,-2.6534734,-16731116
52,51,53,68,"null","null","null",10,3.8,0.8217367,-2.7414122,0.41481906,-3.473288,-12486656
53,52,54,61,"null","null","null",8,3.5,2.387001,-1.9577118,0.5042372,-3.4551697,-12486656
54,53,55,60,"","some","Shrew Mice",4,3.3,3.4434738,-0.9791728,0.65274775,-2.8342974,-11184866
55,54,56,59,"Crunomys","null","null",3,2.4,3.6822956,-0.44105512,1.6104476,-2.1905584,-11184866
56,55,57,58,"null","null","null",2,2.4,3.2226973,-0.6278832,2.7384949,-1.3026786,-11184866
61,53,62,67,"Chrotomys","null","null",4,2.9,0.44286364,-3.3444917,1.8611686,-2.7339232,-16731116
62,61,63,66,"null","null","null",3,0.8,0.6619249,-2.660825,0.7546941,-3.6840577,-16731116
63,62,64,65,"null","null","null",2,0.8,1.2662381,-2.076367,0.48397338,-3.8140666,-16731116
68,52,69,70,"Rhynchomys","null","null",2,2.6,0.82108533,-3.5997553,2.3745222,-0.4072522,-12486656
71,51,72,85,"Apomys","null","Apomys",8,3.9,1.6001905,-2.8440928,3.3743331,-0.31738126,-16731116
72,71,73,82,"null","null","null",7,3.9,0.29948983,-3.5088608,2.7051487,-1.0796664,-16731116
73,72,74,81,"null","null","null",5,3.9,0.54197454,-3.3444896,1.8611674,-2.579043,-16731116
74,73,75,80,"null","null","null",4,3.9,0.66192496,-2.6608222,0.75469065,-3.482712,-16731116
75,74,76,79,"null","null","null",3,3.9,1.9703119,-2.076365,0.483974,-3.5523148,-16731116
76,75,77,78,"null","null","null",2,3.9,3.0051737,-1.0892006,0.64591265,-2.9852276,-16731116
82,72,83,84,"null","null","null",2,3.9,2.340821,-0.4290238,3.7190456,-0.76705194,-16731116
86,2,87,96,"null","null","null",8,15.1,0.7950952,-3.5074317,2.6858711,-1.3502545,-12486656
87,86,88,93,"null","null","null",5,15.1,0.55929863,-3.2712255,1.7948548,-2.8520713,-11184866
88,87,89,92,"Crateromys","null","null",3,7.4,0.6642305,-2.5607474,0.6411318,-3.7314653,-8572416
89,88,90,91,"null","null","null",2,7.4,1.4433452,-2.0102282,0.5042372,-3.7908,-8572416
93,87,94,95,"Carpomys","null","null",2,4.6,1.6001905,-2.288054,3.5116992,-0.31738126,-16731116
96,86,97,100,"Batomys","null","null",3,7.4,2.3134413,-1.0472662,3.7903333,-0.7370677,-16731116
97,96,98,99,"null","null","null",2,7.4,1.6001905,-2.288054,3.5116992,-0.59051746,-16731116
101,1,102,131,"null","null","null",29,29.400002,1.4246768,-3.0448298,3.2448392,-0.2750008,-16731116
102,101,103,120,"null","null","null",15,29.400002,0.32388148,-3.6646094,2.551958,-1.1974893,-16731116
103,102,104,117,"null","null","null",9,17.300001,0.5592989,-3.4755557,1.7948527,-2.6534753,-16731116
104,103,105,112,"null","null","null",7,16.2,0.88763,-2.826377,0.41481674,-3.473289,-16731116
105,104,106,111,"null","null","null",4,16.2,2.4726603,-2.010226,0.5042378,-3.4551682,-16731116
106,105,107,110,"null","null","null",3,16.2,3.5548277,-0.9791694,0.6527479,-2.8342948,-16731116
107,106,108,109,"null","null","null",2,16.2,3.8270526,-0.4410558,0.9094003,-2.1905565,-16731116
112,104,113,116,"null","null","null",3,16.2,0.8210846,-3.790929,2.374522,-0.47381967,-16731116
113,112,114,115,"null","null","null",2,16.2,0.54197484,-3.7111773,1.8611662,-1.7914411,-16731116
117,103,118,119,"","null","Narrow-headed Rats",2,10.5,1.600189,-2.2880564,3.5116978,-0.3173806,-16731116
120,102,121,130,"null","null","null",6,29.4,2.3134408,-1.4436038,3.4890308,-0.7370672,-16731116
121,120,122,129,"","some","Swamp Rats",5,11.7,1.600189,-2.8032913,3.1200047,-0.5905177,-16731116
122,121,123,128,"null","null","null",4,11.7,0.4135974,-3.4558175,2.374522,-0.99774426,-16731116
123,122,124,127,"null","null","null",3,11.7,0.54197484,-3.2755322,1.8611662,-2.472543,-16731116
124,123,125,126,"null","null","null",2,11.7,0.661925,-2.5711775,0.75469065,-3.3442605,-16731116
131,101,132,145,"null","null","null",14,29.4,3.2310944,-0.30320084,3.0686398,-1.1618745,-16731116
132,131,133,142,"Taeromys","null","Taeromys",7,14.1,2.5840364,-1.4436038,3.4890308,-0.37199068,-16731116
133,132,134,141,"null","null","null",5,14.1,1.600189,-2.8032913,3.1200047,-0.5905177,-16731116
134,133,135,140,"null","null","null",4,14.1,0.4135974,-3.4558175,2.374522,-0.99774426,-16731116
135,134,136,139,"null","null","null",3,14.1,0.54197484,-3.2755322,1.8611662,-2.472543,-16731116
136,135,137,138,"null","null","null",2,14.1,0.661925,-2.5711775,0.75469065,-3.3442605,-11513776
142,132,143,144,"null","null","null",2,4.6,3.8167205,-0.6717526,0.73106873,-2.2381606,-11513776
145,131,146,157,"null","null","null",7,29.4,3.2514293,-1.0892012,0.33095616,-3.0086977,-16731116
146,145,147,152,"Leopoldamys","null","null",6,13.0,3.528014,-0.41857028,1.8652952,-2.3703585,-16731116
147,146,148,151,"null","null","null",3,13.0,3.0657115,-0.61676055,3.1667447,-1.4052784,-12486656
148,147,149,150,"null","null","null",2,13.0,2.3408206,-0.65809166,3.7190466,-0.34808072,-8572416
152,146,153,156,"null","null","null",3,7.4,1.7924247,-2.1365545,0.60018086,-3.6229587,-16731116
153,152,154,155,"null","null","null",2,7.4,2.8755677,-1.1971774,0.63761365,-3.108151,-16731116
