index,parent,child1,child2,name1,name2,common,richness,lengthbr,hxmax,hxmin,hymax,hymin,color
0,-268382087,1,140,"CETACEA","null","Whales, Dolphins and Porpoises",83,52.200005,2.465019,-1.6991744,3.69961,-0.39551604,-12486656
1,0,2,135,"ODONTOCETI","null","Toothed Whales",70,51.500004,1.3321753,-3.0448194,3.3383746,-0.6042875,-16731116
2,1,3,132,"null","null","null",67,49.800003,0.32387918,-3.6646056,2.6735528,-1.2275785,-16731116
3,2,4,93,"null","null","null",65,49.600002,0.5592972,-3.4755578,1.7465004,-2.6925995,-16731116
4,3,5,88,"null","null","null",45,38.9,0.7517865,-2.8263798,0.41482425,-3.5241613,-16731116
5,4,6,85,"null","null","null",42,30.500002,2.2960706,-2.1206903,0.50423574,-3.5213108,-16731116
6,5,7,74,"null","null","null",40,29.800001,3.3252718,-0.80514,0.6527473,-2.920282,-16731116
7,6,8,43,"Delphinidae","null","Oceanic Dolphins",34,16.0,3.5286398,-0.44105357,1.864394,-2.3023348,-16731116
8,7,9,30,"null","null","null",18,16.0,3.0229478,-0.6278824,3.0686321,-1.1166872,-16731116
9,8,10,29,"null","null","null",11,16.0,2.3134432,-1.5047774,3.4890285,-0.37198886,-16731116
10,9,11,26,"null","null","null",10,16.0,1.5501437,-2.882824,3.1200058,-0.59051657,-16731116
11,10,12,25,"null","null","null",8,11.1,0.41360605,-3.559218,2.3745227,-1.1987973,-16731116
12,11,13,20,"null","null","null",7,11.1,0.5419735,-3.4099584,1.7062011,-2.733918,-16731116
13,12,14,17,"null","null","null",4,11.1,0.6619248,-2.745932,0.49051207,-3.6840558,-16731116
14,13,15,16,"Tursiops","null","null",2,4.4,1.2662327,-2.076369,0.48397276,-3.8140671,-16731116
17,13,18,19,"null","null","null",2,4.7,0.8449211,-3.5244987,2.3807101,-0.39556122,-16731116
20,12,21,24,"null","null","null",3,11.1,1.691733,-2.7746155,3.1313152,-0.35959953,-16731116
21,20,22,23,"Delphinus","null","null",2,4.4,0.52728754,-3.5244987,2.3807101,-0.665,-16731116
26,10,27,28,"Sousa","null","null",2,5.2,3.328414,-0.2891279,2.5944955,-1.4052861,-12486656
30,8,31,40,"null","null","null",7,16.0,3.2514234,-0.9287938,0.33095512,-2.9070122,-16731116
31,30,32,39,"null","null","null",5,16.0,3.5280132,-0.41856855,1.865283,-2.238164,-16731116
32,31,33,36,"null","null","null",4,16.0,3.0657144,-0.61675966,3.166736,-1.28788,-16731116
33,32,34,35,"null","null","null",2,16.0,2.3408225,-0.658092,3.7190428,-0.34807888,-16731116
36,32,37,38,"null","null","null",2,16.0,2.875558,-1.1971854,0.3171609,-3.10816,-11184866
40,30,41,42,"null","null","null",2,16.0,0.35782802,-2.7162204,0.9025992,-3.239976,-16731116
43,7,44,73,"null","null","null",16,16.0,2.1597278,-2.0763705,0.56240153,-3.6238127,-16731116
44,43,45,64,"null","null","null",15,15.999999,3.2514234,-0.94438463,0.645912,-3.0781772,-16731116
45,44,46,61,"null","null","null",10,9.800001,3.5280132,-0.41856855,1.7065735,-2.4606783,-16731116
46,45,47,54,"null","null","null",8,9.700001,3.0657144,-0.61675966,2.9604137,-1.2264647,-12486656
47,46,48,53,"Cephalorhynchus","null","null",4,9.6,2.3408225,-1.3545673,3.4508238,-0.34807888,-11184866
48,47,49,52,"null","null","null",3,6.2,1.691733,-2.7746155,3.1313152,-0.57550037,-11184866
49,48,50,51,"null","null","null",2,3.1,0.52728754,-3.5244987,2.3807101,-0.665,-12486656
54,46,55,58,"null","null","null",4,9.6,3.381471,-1.0122069,0.3171609,-2.969976,-16731116
55,54,56,57,"null","null","null",2,4.0,3.7952101,-0.39551693,0.64591193,-2.2791777,-16731116
58,54,59,60,"null","null","null",2,9.6,0.344529,-2.8544168,0.9791763,-3.1267984,-16731116
61,45,62,63,"Lissodelphis","null","null",2,3.3,1.0880123,-2.1365585,0.6001837,-3.8261666,-16731116
64,44,65,72,"null","null","null",5,11.799999,0.35782802,-2.8820186,0.9025992,-3.4687867,-16731116
65,64,66,69,"null","null","null",4,11.599999,1.7924114,-2.3054109,0.462884,-3.6229634,-11513776
66,65,67,68,"Globicephala","null","null",2,4.6,2.875558,-1.1971854,0.63761294,-3.10816,-11513776
69,65,70,71,"null","null","null",2,8.9,0.52348375,-3.790801,2.0102305,-1.4433389,-11513776
74,6,75,82,"Phocoenidae","null","Porpoises",6,8.1,0.72911596,-2.745932,0.88575864,-3.4364238,-12486656
75,74,76,81,"null","null","null",4,8.1,2.3305597,-2.0763705,0.48397225,-3.4921474,-16731116
76,75,77,80,"null","null","null",3,8.1,3.4735045,-1.0892096,0.645912,-2.9070122,-12486656
77,76,78,79,"null","null","null",2,8.1,3.816719,-0.41856855,0.7310552,-2.238164,-16731116
82,74,83,84,"null","null","null",2,7.9,0.8449216,-3.5244966,2.3807096,-0.3955609,-3014646
85,5,86,87,"Monodontidae","null","null",2,10.9,0.44286656,-3.7111814,1.8611743,-1.7914251,-12486656
88,4,89,92,"Iniidae","null","null",3,38.7,0.8210871,-3.7909265,2.3745227,-0.47380137,-8572416
89,88,90,91,"null","null","null",2,31.9,0.541973,-3.7111814,1.8611743,-1.7914251,-11184866
93,3,94,119,"Ziphiidae","null","Beaked Whales",20,31.6,1.5333256,-2.8828194,3.4028864,-0.3173849,-16731116
94,93,95,114,"null","null","null",13,31.6,0.29948753,-3.5592155,2.7422671,-1.0796533,-11513776
95,94,96,105,"null","null","null",10,31.6,0.54197276,-3.4099584,1.7306796,-2.5790339,-11513776
96,95,97,102,"null","null","null",5,31.6,0.66192466,-2.745932,0.49051493,-3.482711,-11513776
97,96,98,101,"null","null","null",3,31.6,1.9702942,-2.0763717,0.4839719,-3.5523224,-11513776
98,97,99,100,"null","null","null",2,31.6,3.005161,-1.0892112,0.6459119,-2.9852405,-11513776
102,96,103,104,"null","null","null",2,31.6,0.84492207,-3.5244956,2.3807096,-0.3955607,-11513776
105,95,106,113,"null","null","null",5,31.6,1.6917374,-2.7374704,3.1863844,-0.35960123,-11513776
106,105,107,112,"null","null","null",4,31.6,0.52729416,-3.476215,2.4522996,-0.81649476,-11513776
107,106,108,111,"null","null","null",3,31.6,0.52359474,-3.3782682,1.9384072,-2.3110256,-11513776
108,107,109,110,"null","null","null",2,7.9,0.6580919,-2.7162247,0.86753106,-3.2399724,-11513776
114,94,115,118,"null","null","null",3,31.6,2.3408232,-0.8562355,3.8025508,-0.7670549,-11513776
115,114,116,117,"null","null","null",2,31.6,1.6917381,-2.1267884,3.5885634,-0.5754996,-11513776
119,93,120,129,"null","null","null",7,31.6,3.290567,-0.2891274,2.9604087,-1.2878861,-16731116
120,119,121,126,"null","null","null",5,31.6,2.6331298,-1.3545582,3.4508214,-0.3480779,-16731116
121,120,122,125,"null","null","null",3,31.6,1.6917381,-2.774608,3.1313152,-0.5754996,-16731116
122,121,123,124,"null","null","null",2,31.6,0.52729416,-3.5244944,2.3807096,-0.665,-16731116
126,120,127,128,"null","null","null",2,31.6,3.7952085,-0.7052624,0.55371827,-2.2791796,-11513776
129,119,130,131,"null","null","null",2,31.6,2.8755507,-1.1971908,0.31716034,-3.1081667,-16731116
132,2,133,134,"Platanistidae","null","null",2,2.4,2.313444,-0.4390176,3.7626064,-0.7370704,-8572416
135,1,136,139,"Physeteridae","null","Sperm Whales",3,37.300003,3.0229487,-0.30319953,3.2790747,-1.3026884,-11513776
136,135,137,138,"Kogia","null","null",2,21.1,2.313444,-0.65274763,3.7626064,-0.37198827,-11513776
140,0,141,156,"MYSTICETI","null","Great Whales",13,34.7,3.6887574,-0.6366841,1.8643903,-2.2438188,-12486656
141,140,142,153,"null","null","null",8,26.2,3.2311015,-0.62788224,3.068629,-1.1514587,-12486656
142,141,143,150,"null","null","null",6,25.3,2.5840425,-1.6418781,3.489027,-0.37198827,-12486656
143,142,144,149,"null","null","null",4,25.3,1.6002,-3.061058,3.1200063,-0.5905161,-12486656
144,143,145,148,"null","null","null",3,24.7,0.41361105,-3.7909265,2.3745227,-0.66423047,-11184866
145,144,146,147,"null","null","null",2,24.7,0.54197276,-3.7111826,1.8611755,-1.7914224,-12486656
150,142,151,152,"null","null","null",2,9.8,3.816719,-0.6717563,0.73104715,-2.2381654,-8572416
153,141,154,155,"null","null","null",2,8.6,3.0051584,-1.0892134,0.33095476,-2.9852433,-16731116
156,140,157,164,"null","null","null",5,31.7,2.2792976,-2.0763721,0.5624022,-3.4921484,-12486656
157,156,158,163,"Balaenidae","null","null",4,11.2,3.4068666,-1.0892134,0.6459118,-2.9070146,-12486656
158,157,159,162,"Eubalaena","null","null",3,4.8,3.730093,-0.41856778,1.4250891,-2.2381654,-11184866
159,158,160,161,"null","null","null",2,4.6,3.3284197,-0.6167592,2.594488,-1.4052911,-8572416
