index,parent,child1,child2,name1,name2,common,richness,lengthbr,hxmax,hxmin,hymax,hymin,color
0,-268433278,1,199,"null","null","null",130,45.3,3.542417,-0.4839731,2.1597333,-2.105153,-16731116
1,-268435456,2,176,"null","null","null",123,45.3,2.972362,-0.64591235,3.2514265,-0.88665277,-16731116
2,-268435455,3,125,"null","null","null",111,45.3,2.3231204,-1.8495896,3.5280137,-0.41856945,-16731116
3,-268435454,4,98,"null","null","null",85,21.8,1.2264603,-3.1463308,3.065713,-0.61676013,-16731116
4,-268435453,5,97,"null","null","null",71,18.9,0.34807986,-3.692512,2.3408215,-1.3385763,-16731116
5,-268435452,6,40,"","null","Spiny Rats, Tree Rats and more",70,18.2,0.57550097,-3.4455075,1.6246502,-2.753824,-16731116
6,-268435451,7,35,"null","null","null",41,18.2,0.9344023,-2.7891603,0.33848894,-3.4974651,-16731116
7,-268435450,8,12,"null","null","null",38,18.2,2.4642994,-1.9093072,0.5235962,-3.4058871,-16731116
8,-268435449,9,11,"null","null","null",26,18.2,3.4392195,-0.86752254,0.65809226,-2.752128,-16731116
9,-268435448,-268404736,10,"null","null","null",25,18.199999,3.5845213,-0.46288514,2.1293283,-2.1365557,-16731116
12,-268435449,13,30,"null","null","null",12,18.2,0.40148032,-3.4101982,1.6207683,-2.7222135,-16731116
13,-268435444,14,27,"null","null","null",9,18.2,0.8217367,-2.7414122,0.41481906,-3.5626502,-16731116
14,-268435443,15,26,"null","null","null",7,18.2,2.387001,-2.0102282,0.5042372,-3.5713406,-16731116
15,-268435442,16,23,"null","null","null",6,18.2,3.4434738,-0.72746766,0.65274775,-2.9853194,-16731116
16,-268435441,17,20,"null","null","null",4,4.1,3.6822956,-0.44105512,1.6104476,-2.386887,-16731116
17,-268435440,18,19,"null","null","null",2,4.1,3.2226973,-0.6278832,2.7384949,-1.3026786,-16731116
20,-268435440,21,22,"null","null","null",2,4.1,1.2662381,-2.076367,0.5623988,-3.8140666,-16731116
23,-268435441,24,25,"null","null","null",2,18.2,0.37080103,-2.571182,0.8857573,-3.3442578,-16731116
27,-268435443,28,29,"Thrichomys","null","null",2,3.7,0.82108533,-3.5997553,2.3745222,-0.4072522,-16731116
30,-268435444,31,34,"null","null","null",3,5.9,1.6001905,-2.9140122,3.1200047,-0.31738126,-16731116
31,-268435426,32,33,"null","null","null",2,5.9,0.41359925,-3.5997562,2.374522,-0.66423035,-16731116
35,-268435450,36,39,"null","null","null",3,18.2,0.7950952,-3.8027492,2.3612084,-0.6648505,-11513776
36,-268435421,37,38,"null","null","null",2,18.2,0.55929863,-3.655138,1.7788366,-1.9610461,-11513776
40,-268435451,41,86,"null","null","null",29,18.2,1.3321655,-2.977038,3.3117235,-0.2750008,-16731116
41,-268435416,42,73,"null","null","null",23,18.2,0.32388148,-3.5764802,2.638908,-1.1974893,-16731116
42,-268435415,43,64,"null","null","null",16,18.2,0.5592989,-3.3609874,1.6207671,-2.6534753,-16731116
43,-268435414,44,55,"null","null","null",11,18.2,0.82174075,-2.6774383,0.56176186,-3.473289,-16731116
44,-268435413,45,54,"null","null","null",6,18.2,2.3870044,-2.010226,0.5042378,-3.4551682,-16731116
45,-268435412,46,51,"null","null","null",5,18.2,3.443475,-0.7274634,0.6527479,-2.8342948,-16731116
46,-268435411,47,50,"null","null","null",3,18.2,3.6822941,-0.4410558,1.6104531,-2.1905565,-16731116
47,-268435410,48,49,"null","null","null",2,18.2,3.2226942,-0.6278835,2.7384992,-1.3026755,-16731116
51,-268435411,52,53,"null","null","null",2,18.2,0.37080142,-2.5711775,0.88575673,-3.3442605,-16731116
55,-268435413,56,61,"null","null","null",5,18.2,0.8210846,-3.4558175,2.7051485,-0.99774426,-12486656
56,-268435401,57,60,"null","null","null",3,18.2,0.54197484,-3.2755322,1.8611662,-2.472543,-11184866
57,-268435400,58,59,"null","null","null",2,18.2,0.661925,-2.5711775,0.75469065,-3.3442605,-11184866
61,-268435401,62,63,"null","null","null",2,18.2,2.3408206,-0.42902395,3.7190466,-0.76705146,-16731116
64,-268435414,65,70,"null","null","null",5,18.2,1.550134,-3.0610695,3.1200047,-0.3173806,-16731116
65,-268435392,66,69,"null","null","null",3,18.2,0.4135974,-3.790929,2.374522,-0.66423035,-16731116
66,-268435391,67,68,"null","null","null",2,18.2,0.54197484,-3.7111773,1.8611662,-1.7914411,-16731116
70,-268435392,71,72,"null","null","null",2,18.2,3.328406,-0.28912896,2.5945067,-1.4052784,-16731116
73,-268435415,74,85,"null","null","null",7,18.2,2.3134408,-1.4436038,3.6846676,-0.7370672,-16731116
74,-268435383,75,84,"","null","Bamboo Rats and Olalla Rats",6,10.8,1.600189,-2.8032913,3.374333,-0.5905177,-16731116
75,-268435382,76,81,"null","null","null",5,10.8,0.29949018,-3.4558175,2.7051485,-0.99774426,-16731116
76,-268435381,77,80,"Dactylomys","null","null",3,3.3,0.54197484,-3.2755322,1.8611662,-2.472543,-16731116
77,-268435380,78,79,"null","null","null",2,3.3,0.661925,-2.5711775,0.75469065,-3.3442605,-16731116
81,-268435381,82,83,"Olallamys","null","null",2,3.7,2.3408206,-0.42902395,3.7190466,-0.76705146,-11513776
86,-268435416,87,94,"null","null","null",6,18.2,3.022944,-0.30320084,3.0686398,-1.151444,-16731116
87,-268435370,88,93,"null","null","null",4,18.2,2.3134408,-1.5287752,3.4890308,-0.37199068,-16731116
88,-268435369,89,92,"null","null","null",3,18.2,1.600189,-2.9140143,3.1200047,-0.5905177,-12486656
89,-268435368,90,91,"Clyomys","null","null",2,3.7,0.4135974,-3.5997574,2.374522,-0.66423035,-16731116
94,-268435370,95,96,"null","null","null",2,18.2,3.0051725,-1.0892012,0.33095616,-2.9852285,-16731116
98,-268435453,99,124,"Capromyidae","null","Hutias",14,19.7,2.9699736,-0.31716147,3.313544,-1.1971812,-11184866
99,-268435358,100,123,"null","null","null",13,19.7,2.279176,-1.5568638,3.706901,-0.3955179,-11184866
100,-268435357,101,116,"null","null","null",12,18.0,1.3321655,-2.859808,3.3478484,-0.6042887,-11184866
101,-268435356,102,109,"null","null","null",8,14.4,0.32388148,-3.4240808,2.6858704,-1.1773334,-11184866
102,-268435355,103,106,"null","null","null",4,8.9,0.5592989,-3.1628685,1.7948527,-2.6272726,-8572416
103,-268435354,104,105,"null","null","null",2,8.9,0.6642305,-2.4198837,0.6411284,-3.4392254,-11184866
106,-268435354,107,108,"null","null","null",2,8.9,1.600189,-2.2880564,3.5116978,-0.3173806,-3014646
109,-268435355,110,113,"null","null","null",4,8.9,2.5840364,-1.0472691,3.7903333,-0.7370672,-12486656
110,-268435347,111,112,"Geocapromys","null","null",2,3.4,1.600189,-2.2880564,3.5116978,-0.5905177,-11184866
113,-268435347,114,115,"Capromys","null","null",2,3.4,3.8167205,-0.6717526,0.73106873,-2.2381606,-16731116
116,-268435356,117,122,"null","null","null",4,9.6,3.022944,-0.30320084,3.300411,-1.3026779,-8572416
117,-268435340,118,121,"null","null","null",3,9.6,2.3134408,-1.0472691,3.7903333,-0.37199068,-8572416
118,-268435339,119,120,"null","null","null",2,9.6,1.600189,-2.2880564,3.5116978,-0.5905177,-8572416
125,-268435454,126,153,"null","null","null",26,45.300003,3.5166674,-0.6001822,2.129327,-2.1702433,-16731116
126,-268435331,127,152,"Bathyergidae","null","Mole Rats",14,32.9,2.9699736,-0.6376133,3.313544,-1.1971812,-16731116
127,-268435330,128,151,"null","null","null",13,23.7,2.279176,-1.6061828,3.706901,-0.3955179,-16731116
128,-268435329,129,146,"null","null","null",12,16.1,1.3321655,-2.9239225,3.3478484,-0.6042887,-16731116
129,-268435328,130,141,"Cryptomys","null","null",9,12.8,0.32388148,-3.5074303,2.6858704,-1.3502572,-16731116
130,-268435327,131,136,"null","null","null",6,12.8,0.5592989,-3.2712228,1.6207671,-2.8520734,-16731116
131,-268435326,132,135,"null","null","null",3,12.8,0.6642305,-2.5607443,0.6411284,-3.7314665,-16731116
132,-268435325,133,134,"null","null","null",2,12.8,1.4433506,-2.010226,0.5042378,-3.7907991,-16731116
136,-268435326,137,140,"null","null","null",3,8.6,1.600189,-2.9140143,3.1200047,-0.3173806,-16731116
137,-268435320,138,139,"null","null","null",2,8.6,0.4135974,-3.5997574,2.374522,-0.66423035,-16731116
141,-268435327,142,145,"null","null","null",3,12.8,2.3134408,-1.0472691,3.7903333,-0.7370672,-16731116
142,-268435315,143,144,"null","null","null",2,12.8,1.600189,-2.2880564,3.5116978,-0.5905177,-16731116
146,-268435328,147,150,"null","null","null",3,13.2,3.022944,-0.30320084,3.2790856,-1.3026779,-16731116
147,-268435310,148,149,"Bathyergus","null","null",2,3.8,2.3134408,-0.65274704,3.7626104,-0.37199068,-16731116
153,-268435331,154,175,"","null","Guinea Pigs and Cavys",12,35.6,2.2960806,-2.010228,0.5234822,-3.48668,-16731116
154,-268435303,155,174,"null","null","null",11,15.3,3.3252769,-0.9791716,0.65274775,-2.8752604,-16731116
155,-268435302,156,167,"null","null","null",10,15.3,3.528639,-0.44105524,2.0426912,-2.2438107,-16731116
156,-268435301,157,162,"null","null","null",6,15.3,3.022944,-0.6278832,3.300411,-1.116679,-16731116
157,-268435300,158,161,"Microcavia","null","null",3,10.4,2.3134408,-1.0472691,3.7903333,-0.37199068,-16731116
158,-268435299,159,160,"null","null","null",2,10.4,1.600189,-2.2880564,3.5116978,-0.5905177,-16731116
162,-268435300,163,166,"null","null","null",3,15.3,3.4735112,-1.0892012,0.33095616,-2.9070072,-16731116
163,-268435294,164,165,"null","null","null",2,15.3,3.8167205,-0.41857028,0.73106873,-2.2381606,-16731116
167,-268435301,168,173,"null","null","null",4,15.3,2.3305707,-2.0763655,0.5623986,-3.492145,-16731116
168,-268435289,169,172,"Galea","null","null",3,3.8,3.4735112,-1.0892012,0.6459125,-2.9070072,-16731116
169,-268435288,170,171,"null","null","null",2,3.8,3.8167205,-0.41857028,0.73106873,-2.2381606,-16731116
176,-268435455,177,198,"null","null","null",12,45.300003,3.4703033,-0.9025985,0.44187915,-2.752129,-16731116
177,-268435280,178,197,"Hystricidae","null","Old World Porcupines",11,18.1,3.6249313,-0.4628849,2.0156538,-2.1365566,-16731116
178,-268435279,179,194,"null","null","null",10,18.1,3.1107163,-0.6376133,3.1657689,-1.0122011,-16731116
179,-268435278,180,189,"Hystrix","null","null",8,12.8,2.4621415,-1.5568638,3.5147934,-0.3955179,-16731116
180,-268435277,181,188,"null","null","null",5,12.8,1.5045818,-2.859808,3.0981085,-0.6042887,-16731116
181,-268435276,182,187,"null","null","null",4,12.8,0.32388148,-3.4240808,2.3612084,-1.1773334,-16731116
182,-268435275,183,186,"null","null","null",3,12.8,0.5592989,-3.1628685,1.7788353,-2.6272726,-16731116
183,-268435274,184,185,"null","null","null",2,12.8,0.6642305,-2.4198837,0.6411284,-3.4392254,-16731116
189,-268435277,190,193,"null","null","null",3,12.8,3.6822953,-0.6366811,1.6104487,-2.1905582,-16731116
190,-268435267,191,192,"null","null","null",2,12.8,3.222697,-0.6278832,2.7384958,-1.3026779,-12486656
194,-268435278,195,196,"Atherurus","null","null",2,16.1,3.1268032,-0.9791716,0.34452954,-2.8544111,-16731116
199,-268435456,200,211,"","null","Chinchillas, Viscachas and more",7,45.3,2.4241476,-1.9384017,0.48358512,-3.5057995,-11184866
200,-268435257,201,210,"Chinchillidae","null","null",6,15.9,3.3870234,-0.8675231,0.6580922,-2.8820143,-12486656
201,-268435256,202,207,"null","null","null",5,14.1,3.5166674,-0.4628849,2.1815815,-2.3054075,-11184866
202,-268435255,203,206,"Lagidium","null","null",3,9.6,2.9699736,-0.6376133,3.381475,-1.1971812,-16731116
203,-268435254,204,205,"null","null","null",2,9.6,2.279176,-0.64591163,3.795211,-0.3955179,-16731116
207,-268435255,208,209,"Chinchilla","null","Chinchillas",2,6.1,1.443346,-2.010228,0.5234822,-3.7907999,-3014646
