index,parent,child1,child2,name1,name2,common,richness,lengthbr,hxmax,hxmin,hymax,hymin,color
0,-268389254,1,36,"null","null","null",21,44.699997,3.663003,-0.6001848,2.0156415,-2.1631248,-12486656
1,0,2,29,"Suidae","null","Pig family",18,26.4,3.1602125,-0.6376126,3.165761,-1.0032719,-12486656
2,1,3,26,"null","null","null",14,21.7,2.5264835,-1.6694238,3.5147917,-0.39551586,-12486656
3,2,4,23,"null","null","null",12,21.5,1.4209586,-3.0061445,3.0981112,-0.60428745,-12486656
4,3,5,22,"null","null","null",10,21.5,0.323879,-3.6143293,2.3612099,-1.2045189,-12486656
5,4,6,15,"Sus","null","null",9,9.7,0.5592972,-3.4101985,1.6207758,-2.662622,-11184866
6,5,7,12,"null","null","null",5,9.7,0.66423035,-2.7414126,0.41482425,-3.4851906,-11184866
7,6,8,11,"null","null","null",3,9.7,2.1433957,-2.010233,0.50423574,-3.4706488,-11184866
8,7,9,10,"null","null","null",2,5.0,3.1267943,-0.9791801,0.6527473,-2.8544214,-11184866
12,6,13,14,"null","null","null",2,9.7,0.8210871,-3.5997503,2.3745227,-0.4072514,-8572416
15,5,16,19,"null","null","null",4,9.7,1.5501486,-2.9139996,3.120006,-0.3173849,-12486656
16,15,17,18,"null","null","null",2,9.7,0.41361105,-3.5997496,2.3745227,-0.66423047,-11184866
19,15,20,21,"null","null","null",2,9.7,3.3284187,-0.2891274,2.5944886,-1.4052902,-16731116
23,3,24,25,"Potamochoerus","null","null",2,7.0,3.2227097,-0.30319944,2.7384799,-1.3026892,-16731116
26,2,27,28,"Phacochoerus","null","null",2,18.6,3.8270519,-0.6366844,0.90937686,-2.1905634,-16731116
29,1,30,33,"Babyrousa","null","null",4,16.3,3.5548184,-0.9169636,0.34452838,-2.8343048,-11184866
30,29,31,32,"null","null","null",2,16.3,3.8270519,-0.44105315,0.90937686,-2.1905634,-11184866
33,29,34,35,"null","null","null",2,16.3,0.3707999,-2.5711951,0.8857589,-3.3442495,-11184866
36,0,37,40,"Tayassuidae","null","null",3,21.9,2.143393,-2.0102336,0.52348524,-3.470651,-12486656
37,36,38,39,"null","null","null",2,8.4,3.126792,-0.97918236,0.6527473,-2.8544245,-11184866
