index,parent,child1,child2,name1,name2,common,richness,lengthbr,hxmax,hxmin,hymax,hymin,color
0,-268398590,1,198,"null","null","null",134,24.3,3.0093827,-0.6459119,3.3277416,-0.91104263,-12486656
1,0,2,175,"null","null","null",99,24.1,2.3712444,-1.7906542,3.6272297,-0.41856802,-12486656
2,1,3,172,"null","null","null",87,24.0,1.2878847,-3.0697215,3.1946974,-0.6167593,-12486656
3,2,4,145,"null","null","null",85,22.5,0.34807813,-3.592927,2.5084994,-1.34572,-12486656
4,3,5,142,"null","null","null",71,21.4,0.5754999,-3.3160512,1.6749467,-2.7631168,-12486656
5,4,6,135,"null","null","null",69,21.2,0.93439436,-2.6208668,0.33849317,-3.5095534,-12486656
6,5,7,126,"","null","Flying Foxes",65,12.8,2.4642932,-1.9093115,0.5235952,-3.4216065,-12486656
7,6,8,69,"Pteropus","null","null",60,12.7,3.4392173,-0.71799934,0.658092,-2.7725644,-12486656
8,7,9,64,"null","null","null",31,12.7,3.5845234,-0.4628839,2.1293209,-2.1631203,-12486656
9,8,10,45,"null","null","null",28,12.7,3.058188,-0.6376129,3.3135407,-1.0306162,-11184866
10,9,11,36,"null","null","null",18,12.700001,2.393853,-1.6061778,3.7069013,-0.3955168,-12486656
11,10,12,25,"null","null","null",13,12.7,1.4246819,-2.9239202,3.3478513,-0.6042881,-12486656
12,11,13,20,"null","null","null",7,12.7,0.32388037,-3.5074317,2.685873,-1.3502498,-11184866
13,12,14,19,"null","null","null",4,5.0,0.55929816,-3.2712276,1.7788392,-2.8520675,-8572416
14,13,15,18,"null","null","null",3,3.8,0.66423047,-2.5607505,0.64113533,-3.731464,-8572416
15,14,16,17,"null","null","null",2,3.8,1.4433398,-2.0102303,0.5042366,-3.7908006,-3014646
20,12,21,24,"null","null","null",3,3.9,2.3134422,-1.0472604,3.790334,-0.73706865,-12486656
21,20,22,23,"null","null","null",2,3.9,1.6001931,-2.2880492,3.5117016,-0.59051704,-12486656
25,11,26,33,"null","null","null",6,12.7,3.2310975,-0.30320022,3.300408,-1.1514504,-12486656
26,25,27,30,"null","null","null",4,5.0,2.5840387,-1.0472604,3.790334,-0.3719896,-12486656
27,26,28,29,"null","null","null",2,2.4,1.6001931,-2.2880492,3.5117016,-0.59051704,-12486656
30,26,31,32,"null","null","null",2,5.0,3.8167195,-0.6717541,0.7310606,-2.2381625,-12486656
33,25,34,35,"null","null","null",2,2.5,3.005167,-1.0892061,0.33095554,-2.9852347,-12486656
36,10,37,42,"null","null","null",5,5.8,3.5286398,-0.6366827,2.02628,-2.3868904,-12486656
37,36,38,41,"null","null","null",3,5.8,3.0229464,-0.6278828,3.2790809,-1.3026825,-12486656
38,37,39,40,"null","null","null",2,5.8,2.3134422,-0.6527473,3.7626088,-0.3719896,-11184866
42,36,43,44,"null","null","null",2,5.8,1.2662337,-2.0763686,0.56240034,-3.8140674,-11184866
45,9,46,63,"null","null","null",10,12.7,3.4484403,-0.9791769,0.4220426,-2.8958368,-11184866
46,45,47,58,"null","null","null",9,12.700001,3.688756,-0.44105422,2.0426855,-2.2705576,-11184866
47,46,48,55,"null","null","null",6,6.4,3.2310975,-0.6278828,3.300408,-1.1514504,-11184866
48,47,49,52,"null","null","null",4,6.4,2.5840387,-1.0472604,3.790334,-0.3719896,-8572416
49,48,50,51,"null","null","null",2,6.4,1.6001931,-2.2880492,3.5117016,-0.59051704,-11184866
52,48,53,54,"null","null","null",2,6.4,3.8167195,-0.6717541,0.7310606,-2.2381625,-3014646
55,47,56,57,"null","null","null",2,6.4,3.005167,-1.0892061,0.33095554,-2.9852347,-11184866
58,46,59,62,"null","null","null",3,3.9,1.9703023,-2.0763686,0.56240034,-3.552319,-8572416
59,58,60,61,"null","null","null",2,3.9,3.005167,-1.0892061,0.64591223,-2.9852347,-11184866
64,8,65,68,"null","null","null",3,12.7,2.1434007,-2.010231,0.523484,-3.4706461,-12486656
65,64,66,67,"null","null","null",2,12.7,3.126798,-0.9791769,0.6527475,-2.8544173,-12486656
69,7,70,101,"null","null","null",29,12.7,0.75179124,-2.7233973,0.86650705,-3.4975264,-12486656
70,69,71,94,"null","null","null",16,12.7,2.2960746,-1.9270691,0.50423634,-3.486683,-12486656
71,70,72,93,"null","null","null",12,12.7,3.325274,-0.9791769,0.6527475,-2.8752651,-12486656
72,71,73,84,"null","null","null",11,12.700001,3.5286398,-0.44105422,1.8643985,-2.2438145,-12486656
73,72,74,83,"null","null","null",6,6.4,3.0229464,-0.6278828,3.0686347,-1.3026825,-12486656
74,73,75,82,"null","null","null",5,5.5,2.3134422,-1.5287675,3.489029,-0.3719896,-11184866
75,74,76,79,"null","null","null",4,5.5,1.5501398,-2.9140084,3.1200051,-0.59051704,-11184866
76,75,77,78,"null","null","null",2,5.5,0.4136026,-3.599754,2.3745222,-0.66423035,-11184866
79,75,80,81,"null","null","null",2,5.5,3.3284109,-0.2891283,2.5944998,-1.405283,-12486656
84,72,85,92,"null","null","null",5,12.700001,2.2793033,-2.0763686,0.56240034,-3.4921465,-12486656
85,84,86,91,"null","null","null",4,12.6,3.4068682,-1.0892061,0.64591223,-2.90701,-12486656
86,85,87,90,"null","null","null",3,12.6,3.7300887,-0.41856924,1.4251035,-2.2381625,-12486656
87,86,88,89,"null","null","null",2,12.6,3.3284109,-0.61676,2.5944998,-1.405283,-12486656
94,70,95,98,"null","null","null",4,12.7,0.4428653,-3.2755384,1.9094207,-2.472533,-12486656
95,94,96,97,"null","null","null",2,12.7,0.6619248,-2.5711858,0.7546971,-3.344255,-16731116
98,94,99,100,"null","null","null",2,0.2,1.6917332,-2.1267962,3.58856,-0.35959932,-12486656
101,69,102,125,"null","null","null",13,12.7,0.8210864,-3.5592184,2.3745222,-1.1121998,-12486656
102,101,103,124,"null","null","null",12,12.7,0.5419736,-3.4099586,1.8611718,-2.621341,-12486656
103,102,104,121,"null","null","null",11,12.7,0.6619248,-2.745932,0.49051154,-3.5377054,-12486656
104,103,105,116,"null","null","null",9,12.700001,2.159732,-2.0484705,0.48397285,-3.6238112,-12486656
105,104,106,115,"null","null","null",6,12.7,3.2514257,-1.0892061,0.64591223,-3.0781746,-11184866
106,105,107,112,"null","null","null",5,5.8,3.5280137,-0.41856924,1.8652878,-2.4606762,-11184866
107,106,108,111,"null","null","null",3,3.8,3.0657134,-0.61676,3.1667395,-1.405283,-11184866
108,107,109,110,"null","null","null",2,3.8,2.3408217,-0.6580919,3.7190442,-0.34807962,-12486656
112,106,113,114,"null","null","null",2,5.8,1.0880178,-2.136557,0.60018253,-3.8261664,-11184866
116,104,117,120,"null","null","null",3,12.6,0.48358554,-3.378262,1.9384025,-2.3110356,-12486656
117,116,118,119,"null","null","null",2,4.6,0.65809214,-2.716216,0.86752415,-3.2399788,-11184866
121,103,122,123,"null","null","null",2,12.7,0.844921,-3.524499,2.3807096,-0.39556128,-16731116
126,6,127,134,"Acerodon","null","null",5,6.3,0.40148264,-3.4101982,1.7788414,-2.8520653,-11184866
127,126,128,131,"null","null","null",4,6.3,0.66423047,-2.7414122,0.41482198,-3.7314637,-11184866
128,127,129,130,"null","null","null",2,6.3,1.4433382,-2.010231,0.50423634,-3.7908013,-11184866
131,127,132,133,"null","null","null",2,6.3,0.8210864,-3.5997522,2.3745222,-0.40725175,-12486656
135,5,136,141,"Pteralopex","null","Monkey-faced Bats",4,7.0,0.79509676,-3.4240837,2.3612092,-1.1773208,-8572416
136,135,137,140,"null","null","null",3,7.0,0.5592977,-3.1628768,1.7788414,-2.6272619,-8572416
137,136,138,139,"null","null","null",2,7.0,0.66423047,-2.4198945,0.6411365,-3.4392192,-8572416
142,4,143,144,"null","null","null",2,3.5,1.5045897,-2.4441464,3.4248772,-0.27500063,-11184866
145,3,146,171,"null","null","null",14,14.4,2.2791789,-1.6694262,3.514792,-0.7052618,-16731116
146,145,147,170,"Dobsonia","null","Bare-backed Fruit Bats",13,2.1,1.5045903,-3.0061462,3.0981107,-0.6042876,-16731116
147,146,148,169,"null","null","null",12,2.1,0.3238794,-3.61433,2.3612094,-1.197477,-16731116
148,147,149,164,"null","null","null",11,2.1,0.55929744,-3.4101982,1.6207746,-2.6534662,-16731116
149,148,150,161,"null","null","null",8,2.1,0.751789,-2.7414126,0.41482306,-3.4732866,-16731116
150,149,151,160,"null","null","null",6,2.1,2.2960727,-2.010232,0.50423604,-3.4551725,-16731116
151,150,152,159,"null","null","null",5,1.9,3.325273,-0.9791784,0.6527474,-2.834302,-16731116
152,151,153,158,"null","null","null",4,1.9000001,3.5286398,-0.4410539,2.0262775,-2.1905615,-16731116
153,152,154,157,"null","null","null",3,1.9000001,3.0229468,-0.6278826,3.2790792,-1.302684,-16731116
154,153,155,156,"null","null","null",2,1.6,2.3134425,-0.6527474,3.762608,-0.37198922,-16731116
161,149,162,163,"null","null","null",2,2.1,0.82108676,-3.5997515,2.3745224,-0.40725157,-16731116
164,148,165,168,"null","null","null",3,1.9,1.6001978,-2.9140012,3.120006,-0.31738424,-16731116
165,164,166,167,"null","null","null",2,1.9,0.4136094,-3.5997503,2.3745227,-0.66423047,-16731116
172,2,173,174,"Harpyionycteris","null","null",2,3.8,3.1081653,-0.3171605,2.8755522,-1.1971898,-12486656
175,1,176,193,"null","null","null",12,24.0,3.624936,-0.6001848,2.0156415,-2.1631248,-16731116
176,175,177,190,"null","null","null",9,21.1,3.1107254,-0.6376126,3.165761,-1.0122141,-16731116
177,176,178,185,"","null","Blossom Bats",7,20.8,2.4621503,-1.699219,3.5147917,-0.39551586,-12486656
178,177,179,182,"null","null","null",4,20.6,1.4209586,-3.0448782,3.0981112,-0.60428745,-12486656
179,178,180,181,"Melonycteris","null","null",2,7.9,0.323879,-3.6646833,2.3612099,-0.66192484,-16731116
182,178,183,184,"Notopteris","null","null",2,7.9,3.2227097,-0.30319944,2.7384799,-1.3026892,-11184866
185,177,186,189,"Syconycteris","null","null",3,9.9,3.682302,-0.6366844,1.6104288,-2.1905634,-12486656
186,185,187,188,"null","null","null",2,9.9,3.2227097,-0.6278822,2.7384799,-1.3026892,-11184866
190,176,191,192,"Macroglossus","null","null",2,5.3,3.126792,-0.97918236,0.34452838,-2.8544245,-16731116
193,175,194,197,"Eonycteris","null","Dawn Bats",3,7.5,2.143393,-2.0102336,0.52348524,-3.470651,-16731116
194,193,195,196,"null","null","null",2,4.7,3.126792,-0.97918236,0.6527473,-2.8544245,-12486656
198,0,199,266,"","some","Fruit Bats",35,13.6,3.38702,-0.9025996,0.5293089,-2.806995,-16731116
199,198,200,245,"null","null","null",34,13.6,3.5166693,-0.46288335,2.1293166,-2.2078784,-16731116
200,199,201,240,"null","null","null",23,13.6,2.9699788,-0.6376126,3.3135386,-1.0032719,-16731116
201,200,202,239,"null","null","null",20,13.6,2.2791796,-1.6470263,3.7069025,-0.39551586,-16731116
202,201,203,238,"null","null","null",19,13.4,1.5045918,-2.9770277,3.347855,-0.60428745,-16731116
203,202,204,233,"null","null","null",18,10.700001,0.323879,-3.5764775,2.685877,-1.219021,-16731116
204,203,205,232,"null","null","null",15,4.5,0.5592972,-3.3609912,1.7788439,-2.6814747,-16731116
205,204,206,225,"null","null","null",14,4.5,0.7517865,-2.6774433,0.41482425,-3.509699,-16731116
206,205,207,222,"null","null","null",10,2.5,2.2960706,-2.1206903,0.50423574,-3.5025098,-16731116
207,206,208,221,"Epomophorus","null","null",8,2.4,3.3252718,-0.9791801,0.6527473,-2.8958406,-16731116
208,207,209,216,"null","null","null",7,2.2,3.5286398,-0.44105357,2.0262752,-2.270561,-16731116
209,208,210,213,"null","null","null",4,2.2,3.0229478,-0.6278824,3.2790775,-1.1514544,-16731116
210,209,211,212,"null","null","null",2,0.8,2.3134432,-0.6527475,3.7626076,-0.37198886,-16731116
213,209,214,215,"null","null","null",2,0.8,3.0051632,-1.0892096,0.33095512,-2.9852386,-16731116
216,208,217,220,"null","null","null",3,2.2,1.9702971,-2.0763705,0.56240153,-3.5523214,-16731116
217,216,218,219,"null","null","null",2,2.2,3.0051632,-1.0892096,0.645912,-2.9852386,-16731116
222,206,223,224,"Micropteropus","null","null",2,1.0,0.44286656,-3.7111814,1.8611743,-1.7914251,-16731116
225,205,226,231,"null","null","null",4,3.4,0.8210871,-3.455819,2.3745227,-0.9977267,-16731116
226,225,227,230,"Epomops","null","null",3,2.1,0.541973,-3.2755415,1.8611743,-2.472528,-16731116
227,226,228,229,"null","null","null",2,2.1,0.6619247,-2.5711904,0.7547004,-3.3442519,-16731116
233,203,234,237,"null","null","null",3,4.4,2.313444,-1.0472472,3.790336,-0.7370704,-16731116
234,233,235,236,"Scotonycteris","null","null",2,2.6,1.6002,-2.2880378,3.5117078,-0.5905161,-12486656
240,200,241,244,"null","null","null",3,13.6,3.5548184,-0.97918236,0.34452838,-2.8343048,-12486656
241,240,242,243,"Eidolon","null","null",2,3.8,3.8270519,-0.44105315,0.90937686,-2.1905634,-12486656
245,199,246,261,"null","null","null",11,13.6,2.2960691,-1.9270749,0.52348524,-3.5713465,-16731116
246,245,247,260,"null","null","null",8,2.9,3.325271,-0.97918236,0.6527473,-2.9853287,-16731116
247,246,248,257,"null","null","null",7,1.2,3.52864,-0.44105315,2.0426788,-2.3868947,-16731116
248,247,249,254,"null","null","null",5,1.2,3.0229492,-0.6278822,3.300405,-1.1514597,-16731116
249,248,250,253,"null","null","null",3,1.2,2.3134441,-1.0472454,3.7903366,-0.3719881,-16731116
250,249,251,252,"null","null","null",2,1.2,1.6002007,-2.288036,3.511709,-0.590516,-16731116
254,248,255,256,"null","null","null",2,1.2,3.0051577,-1.0892141,0.33095467,-2.9852443,-16731116
257,247,258,259,"null","null","null",2,1.2,1.2662215,-2.0763724,0.5624025,-3.8140683,-11184866
261,245,262,265,"Myonycteris","null","null",3,5.8,0.44286698,-3.2755444,1.8611758,-2.472525,-12486656
262,261,263,264,"null","null","null",2,5.8,0.6619246,-2.5711942,0.75470304,-3.3442497,-12486656
