index,parent,child1,child2,name1,name2,common,richness,lengthbr,hxmax,hxmin,hymax,hymin,color
0,-268392447,1,-268381184,"null","null","null",618,85.4,3.5046978,-0.88575864,0.6658604,-2.7421567,-12486656
1,0,2,173,"Ungulata and Cetacea","null","Ungulates, Whales, Dolphins and Porpoises",327,85.3,3.5809045,-0.48397207,2.2483282,-2.0640492,-12486656
2,1,3,166,"Cetartiodactyla","null","Even-toed Ungulates, Whales, Dolphins and Porpoises",311,65.8,3.022397,-0.6459119,3.3666053,-0.8866605,-12486656
3,2,4,125,"null","null","null",307,65.600006,2.388163,-1.8186002,3.677752,-0.41856802,-12486656
4,3,5,121,"null","null","null",286,59.500004,1.2900032,-3.1060512,3.260376,-0.6167593,-12486656
5,4,6,106,"null","null","null",201,48.300003,0.34807813,-3.6401558,2.5938818,-1.3802652,-12486656
6,5,7,101,"null","null","null",193,26.800001,0.5754999,-3.3774488,1.529717,-2.8080254,-12486656
7,6,8,87,"null","null","null",190,26.7,0.93439436,-2.7006836,0.42327172,-3.5679345,-12486656
8,7,9,42,"Bovidae","null","Bovids",138,26.5,2.4642932,-1.9093115,0.5235952,-3.4975019,-12486656
9,8,10,37,"null","null","null",115,21.8,3.4392173,-0.64571226,0.658092,-2.8712282,-12486656
10,9,11,20,"null","null","null",112,21.8,3.5845234,-0.4628839,2.1128776,-2.2078745,-12486656
11,10,12,13,"null","null","null",103,21.8,3.058188,-0.6376129,3.2921646,-1.0032667,-12486656
12,11,-268375040,-268376064,"null","null","null",99,21.8,2.393853,-1.663125,3.6791124,-0.3955168,-12486656
13,11,14,19,"null","null","null",4,21.8,3.4434724,-0.9791769,0.3445289,-2.8343005,-12486656
14,13,15,18,"Procapra","null","null",3,5.7,3.6822977,-0.44105422,1.6104403,-2.1905606,-12486656
15,14,16,17,"null","null","null",2,5.7,3.222702,-0.6278828,2.7384892,-1.3026825,-12486656
20,10,21,36,"null","null","null",9,19.699999,2.2960746,-2.010231,0.523484,-3.5713432,-16731116
21,20,22,31,"null","null","null",8,19.199999,3.325274,-0.7673135,0.6527475,-2.9853234,-16731116
22,21,23,28,"Kobus","null","null",5,15.599999,3.5286398,-0.44105422,2.02628,-2.3868904,-16731116
23,22,24,27,"null","null","null",3,15.2,3.0229464,-0.6278828,3.2790809,-1.3026825,-12486656
24,23,25,26,"null","null","null",2,10.8,2.3134422,-0.6527473,3.7626088,-0.3719896,-12486656
28,22,29,30,"null","null","null",2,0.2,1.2662337,-2.0763686,0.56240034,-3.8140674,-16731116
31,21,32,35,"Redunca","null","null",3,9.0,0.37080052,-2.6608276,0.88575804,-3.6840563,-16731116
32,31,33,34,"null","null","null",2,6.9,1.2662337,-2.0763686,0.48397285,-3.8140674,-16731116
37,9,38,41,"null","null","null",3,21.8,0.38339457,-2.5607514,0.86650705,-3.7314637,-16731116
38,37,39,40,"null","null","null",2,21.8,1.4433382,-2.010231,0.50423634,-3.7908013,-16731116
42,8,43,64,"","null","Cows, Bison, Ox and more",23,21.300001,0.40148264,-3.4101982,1.7338085,-2.6814768,-12486656
43,42,44,61,"null","null","null",11,20.8,0.75179124,-2.7414122,0.41482198,-3.5096989,-16731116
44,43,45,60,"null","null","null",9,17.0,2.2960746,-2.010231,0.50423634,-3.5025072,-16731116
45,44,46,59,"null","null","null",8,17.0,3.325274,-0.9791769,0.6527475,-2.8958368,-16731116
46,45,47,54,"null","null","null",7,17.0,3.5286398,-0.44105422,2.0426855,-2.2705576,-16731116
47,46,48,53,"null","null","null",4,17.0,3.0229464,-0.6278828,3.300408,-1.3026825,-16731116
48,47,49,52,"null","null","null",3,9.5,2.3134422,-1.0472604,3.790334,-0.3719896,-16731116
49,48,50,51,"null","null","null",2,6.9,1.6001931,-2.2880492,3.5117016,-0.59051704,-16731116
54,46,55,58,"null","null","null",3,8.0,1.9703023,-2.0763686,0.56240034,-3.552319,-16731116
55,54,56,57,"Taurotragus","null","null",2,5.3,3.005167,-1.0892061,0.64591223,-2.9852347,-16777216
61,43,62,63,"null","null","null",2,6.3,0.8210864,-3.5997522,2.3745222,-0.40725175,-12486656
64,42,65,78,"null","null","null",12,18.6,1.5333223,-2.8440874,3.374335,-0.31738362,-11184866
65,64,66,75,"null","null","null",7,5.6,0.29948828,-3.5088606,2.7051506,-1.1987958,-11184866
66,65,67,72,"null","null","null",5,5.5,0.5419733,-3.3444946,1.9094224,-2.7339165,-11184866
67,66,68,71,"null","null","null",3,3.9,0.6619247,-2.660829,0.7546987,-3.684055,-12486656
68,67,69,70,"Bison","null","null",2,3.7,1.2662308,-2.0763695,0.48397252,-3.8140671,-12486656
72,66,73,74,"null","null","null",2,3.2,1.6917348,-2.126794,3.5885613,-0.35959995,-3014646
75,65,76,77,"null","null","null",2,4.9,2.3408225,-0.42902306,3.7190418,-0.76705396,-8572416
78,64,79,86,"null","null","null",5,12.0,3.2905655,-0.28912786,3.2309718,-1.4052874,-11184866
79,78,80,83,"Bubalus","null","null",4,3.2,2.6331286,-0.8562415,3.8025506,-0.34807864,-8572416
80,79,81,82,"null","null","null",2,3.2,1.6917354,-2.1267936,3.5885613,-0.5755001,-8572416
83,79,84,85,"null","null","null",2,3.2,3.7952094,-0.70526147,0.5537235,-2.2791781,-3014646
87,7,-268374016,88,"null","null","null",52,26.5,0.79509676,-3.603671,2.551961,-1.1974791,-12486656
88,87,89,100,"Moschidae","null","Musk Deer",7,10.9,2.313443,-1.4435937,3.4890282,-0.7370695,-11184866
89,88,90,97,"null","null","null",6,6.7,1.5501456,-2.8032854,3.1200058,-0.59051657,-8572416
90,89,91,96,"null","null","null",4,1.4000001,0.41360754,-3.4558187,2.3745224,-0.9977297,-8572416
91,90,92,95,"null","null","null",3,1.2,0.5419733,-3.2755399,1.861173,-2.4725308,-8572416
92,91,93,94,"null","null","null",2,1.2,0.6619247,-2.571188,0.7546987,-3.3442535,-8572416
97,89,98,99,"null","null","null",2,3.6,3.3284163,-0.28912774,2.5944924,-1.405288,-8572416
101,6,102,105,"null","null","null",3,20.2,1.5045897,-3.044881,3.0981104,-0.27500063,-16731116
102,101,103,104,"Giraffidae","null","null",2,7.8,0.32387957,-3.6646843,2.3612094,-0.6619248,-16731116
106,5,107,120,"Tragulidae","null","Mouse deer",8,20.3,2.2791789,-1.5568547,3.7069025,-0.7052618,-16731116
107,106,108,119,"null","null","null",7,20.3,1.5045903,-2.8598032,3.3478541,-0.6042876,-16731116
108,107,109,114,"Tragulus","null","null",6,12.7,0.3238794,-3.424084,2.685876,-1.177318,-12486656
109,108,110,113,"null","null","null",3,9.5,0.55929744,-3.1628785,1.7788426,-2.6272595,-16731116
110,109,111,112,"null","null","null",2,9.5,0.66423047,-2.4198966,0.6411383,-3.4392178,-16731116
114,108,115,118,"null","null","null",3,9.5,2.3134434,-1.0472503,3.7903354,-0.73706996,-12486656
115,114,116,117,"null","null","null",2,9.5,1.6001987,-2.2880404,3.5117064,-0.5905163,-16731116
121,4,-268372992,122,"null","null","null",85,52.700005,3.1129317,-0.3171605,3.3079295,-1.012213,-12486656
122,121,123,124,"Hippopotamidae","null","null",2,12.7,3.126793,-0.9791815,0.3445285,-2.8544235,-11184866
125,3,126,161,"null","null","null",21,44.699997,3.663003,-0.6001848,2.0156415,-2.1631248,-12486656
126,125,127,154,"Suidae","null","Pig family",18,26.4,3.1602125,-0.6376126,3.165761,-1.0032719,-12486656
127,126,128,151,"null","null","null",14,21.7,2.5264835,-1.6694238,3.5147917,-0.39551586,-12486656
128,127,129,148,"null","null","null",12,21.5,1.4209586,-3.0061445,3.0981112,-0.60428745,-12486656
129,128,130,147,"null","null","null",10,21.5,0.323879,-3.6143293,2.3612099,-1.2045189,-12486656
130,129,131,140,"Sus","null","null",9,9.7,0.5592972,-3.4101985,1.6207758,-2.662622,-11184866
131,130,132,137,"null","null","null",5,9.7,0.66423035,-2.7414126,0.41482425,-3.4851906,-11184866
132,131,133,136,"null","null","null",3,9.7,2.1433957,-2.010233,0.50423574,-3.4706488,-11184866
133,132,134,135,"null","null","null",2,5.0,3.1267943,-0.9791801,0.6527473,-2.8544214,-11184866
137,131,138,139,"null","null","null",2,9.7,0.8210871,-3.5997503,2.3745227,-0.4072514,-8572416
140,130,141,144,"null","null","null",4,9.7,1.5501486,-2.9139996,3.120006,-0.3173849,-12486656
141,140,142,143,"null","null","null",2,9.7,0.41361105,-3.5997496,2.3745227,-0.66423047,-11184866
144,140,145,146,"null","null","null",2,9.7,3.3284187,-0.2891274,2.5944886,-1.4052902,-16731116
148,128,149,150,"Potamochoerus","null","null",2,7.0,3.2227097,-0.30319944,2.7384799,-1.3026892,-16731116
151,127,152,153,"Phacochoerus","null","null",2,18.6,3.8270519,-0.6366844,0.90937686,-2.1905634,-16731116
154,126,155,158,"Babyrousa","null","null",4,16.3,3.5548184,-0.9169636,0.34452838,-2.8343048,-11184866
155,154,156,157,"null","null","null",2,16.3,3.8270519,-0.44105315,0.90937686,-2.1905634,-11184866
158,154,159,160,"null","null","null",2,16.3,0.3707999,-2.5711951,0.8857589,-3.3442495,-11184866
161,125,162,165,"Tayassuidae","null","null",3,21.9,2.143393,-2.0102336,0.52348524,-3.470651,-12486656
162,161,163,164,"null","null","null",2,8.4,3.126792,-0.97918236,0.6527473,-2.8544245,-11184866
166,2,167,170,"Camelidae","null","null",4,21.8,3.6250954,-0.9025996,0.3578277,-2.7521353,-16731116
167,166,168,169,"Camelus","null","Camels",2,10.4,3.826167,-0.46288335,1.0880048,-2.136561,-16777216
170,166,171,172,"null","null","null",2,8.3,0.38339424,-2.4199004,0.86650753,-3.439216,-16731116
173,1,174,191,"PERISSODACTYLA","null","Odd-toed Ungulates",16,58.5,2.42414,-1.8765984,0.48358738,-3.413307,-11184866
174,173,175,184,"null","null","null",9,52.9,3.38702,-0.645716,0.6580919,-2.761775,-11184866
175,174,176,183,"Rhinocerotidae","null","Rhinoceros",5,26.6,3.5166693,-0.46288335,2.1815689,-2.136561,-8572416
176,175,177,180,"null","null","null",4,26.6,2.9699788,-0.6376126,3.3814664,-1.0122141,-11184866
177,176,178,179,"Rhinoceros","null","null",2,11.3,2.2791796,-0.6459123,3.7952087,-0.39551586,-8572416
180,176,181,182,"null","null","null",2,15.3,3.126792,-0.97918236,0.34452838,-2.8544245,-11184866
184,174,185,190,"Tapiridae","null","Tapirs",4,29.300001,0.6343421,-2.5607553,0.86650753,-3.485192,-11184866
185,184,186,189,"null","null","null",3,29.1,2.143393,-2.0102336,0.5042357,-3.470651,-11184866
186,185,187,188,"null","null","null",2,2.9,3.126792,-0.97918236,0.6527473,-2.8544245,-11184866
191,173,192,203,"Equidae","null","Horse family",7,12.2,0.4014834,-3.3365905,1.7788435,-2.6534657,-11184866
192,191,193,202,"null","null","null",6,1.9,0.8876133,-2.6457224,0.64114004,-3.4732869,-11184866
193,192,194,199,"null","null","null",5,1.9,2.4726453,-2.120691,0.50423574,-3.455174,-12486656
194,193,195,198,"null","null","null",3,1.7,3.554819,-0.9791815,0.6527473,-2.834304,-11184866
195,194,196,197,"null","null","null",2,1.7,3.827052,-0.44105333,0.9093783,-2.190563,-11184866
199,193,200,201,"null","null","null",2,1.9,0.44286668,-3.7111824,1.8611751,-1.7914228,-16731116
