index,parent,child1,child2,name1,name2,common,richness,lengthbr,hxmax,hxmin,hymax,hymin,color
0,-268399537,1,114,"null","null","null",60,20.5,0.34807888,-3.6148467,2.6202123,-1.3419468,-12486656
1,-268435456,2,85,"null","null","null",57,20.5,0.57550037,-3.344545,1.5949281,-2.758209,-12486656
2,-268435455,3,74,"null","null","null",42,20.5,0.97011894,-2.6579087,0.33849102,-3.50317,-12486656
3,-268435454,4,41,"null","null","null",36,16.1,2.5107331,-1.8256729,0.52359575,-3.4133055,-12486656
4,-268435453,5,34,"null","null","null",19,14.8,3.499586,-0.6457088,0.65809214,-2.7617724,-12486656
5,-268435452,6,33,"null","null","null",15,13.0,3.6630003,-0.46288455,2.0156515,-2.1365573,-12486656
6,-268435451,7,18,"Callithrix","null","Marmosets",14,5.7999997,3.1602068,-0.6376132,3.1657674,-1.070384,-12486656
7,-268435450,8,15,"null","null","null",6,1.5,2.5264788,-1.699233,3.514793,-0.39551753,-12486656
8,-268435449,9,12,"null","null","null",4,1.3000001,1.4209465,-3.0448892,3.0981088,-0.60428846,-16731116
9,-268435448,10,11,"null","null","null",2,1.2,0.32388112,-3.6646886,2.3612084,-0.6619246,-16731116
12,-268435448,13,14,"null","null","null",2,1.2,3.2226985,-0.30320063,2.7384934,-1.3026792,-16731116
15,-268435449,16,17,"null","null","null",2,1.3,3.827052,-0.63668156,0.90939295,-2.1905591,-11184866
18,-268435450,19,32,"null","null","null",8,4.7,3.325276,-0.9791734,0.34452933,-2.98532,-16777216
19,-268435438,20,29,"null","null","null",7,2.2,3.5286393,-0.4410549,1.8644031,-2.3868876,-16777216
20,-268435437,21,28,"null","null","null",5,2.0,3.0229447,-0.6278831,3.0686378,-1.3026792,-16777216
21,-268435436,22,27,"null","null","null",4,2.0,2.3134413,-1.5287724,3.48903,-0.37199032,-16777216
22,-268435435,23,26,"null","null","null",3,2.0,1.6001905,-2.9140122,3.1200047,-0.59051746,-16777216
23,-268435434,24,25,"null","null","null",2,2.0,0.41359925,-3.5997562,2.374522,-0.66423035,-16777216
29,-268435437,30,31,"null","null","null",2,2.0,1.2662389,-2.0763667,0.56239915,-3.8140662,-16777216
34,-268435452,35,40,"Leontopithecus","null","Lion Tamarins",4,1.7,0.63435555,-2.5607486,0.86650646,-3.4851902,-8572416
35,-268435422,36,39,"null","null","null",3,1.5,2.1434062,-2.0102289,0.50423694,-3.4706433,-8572416
36,-268435421,37,38,"null","null","null",2,1.4,3.1268015,-0.9791734,0.6527477,-2.854413,-8572416
41,-268435453,42,65,"Saguinus","null","Tamarins",17,8.8,0.4014814,-3.2220168,1.6207705,-2.6736734,-16731116
42,-268435415,43,64,"null","null","null",12,8.8,0.7517959,-2.4967763,0.6411331,-3.4995508,-12486656
43,-268435414,44,57,"null","null","null",11,6.8,2.2960787,-1.9270651,0.50423694,-3.4893122,-12486656
44,-268435413,45,52,"null","null","null",7,6.6000004,3.325276,-0.7673098,0.6527477,-2.8786826,-12486656
45,-268435412,46,51,"null","null","null",4,4.8,3.5286393,-0.4410549,2.0262847,-2.1905591,-16731116
46,-268435411,47,50,"null","null","null",3,3.6,3.0229447,-0.6278831,3.2790842,-1.3026792,-16731116
47,-268435410,48,49,"null","null","null",2,2.2,2.3134413,-0.6527471,3.76261,-0.37199032,-16731116
52,-268435412,53,56,"null","null","null",3,3.2,0.3708009,-2.6608248,0.88575745,-3.6840575,-11184866
53,-268435404,54,55,"null","null","null",2,0.8,1.2662389,-2.0763667,0.4839735,-3.8140662,-11184866
57,-268435413,58,61,"null","null","null",4,5.1000004,0.44286406,-3.275535,1.9094175,-2.4725378,-12486656
58,-268435399,59,60,"null","null","null",2,2.4,0.6619249,-2.5711813,0.7546936,-3.344258,-12486656
61,-268435399,62,63,"null","null","null",2,2.4,1.6917305,-2.1268015,3.5885582,-0.35959804,-12486656
65,-268435415,66,71,"null","null","null",5,7.3,1.5501409,-3.0610645,3.1200051,-0.31738234,-16731116
66,-268435391,67,70,"null","null","null",3,4.5,0.4136042,-3.7909274,2.3745222,-0.66423035,-16731116
67,-268435390,68,69,"null","null","null",2,2.7,0.5419738,-3.7111793,1.8611706,-1.7914329,-16731116
71,-268435391,72,73,"null","null","null",2,2.8,3.3284128,-0.28912827,2.5944982,-1.4052842,-16731116
74,-268435454,75,84,"null","null","null",6,20.5,0.7950959,-3.5074308,2.361209,-1.2045262,-11184866
75,-268435382,76,83,"null","null","null",5,20.5,0.5592982,-3.2712262,1.7788389,-2.6626267,-11184866
76,-268435381,77,82,"","some","Titi Monkeys",4,10.8,0.66423047,-2.5607486,0.6411331,-3.4851902,-11184866
77,-268435380,78,81,"null","null","null",3,10.8,2.1434062,-2.0102289,0.50423694,-3.4706433,-12486656
78,-268435379,79,80,"null","null","null",2,10.8,3.1268015,-0.9791734,0.6527477,-2.854413,-12486656
85,-268435455,86,109,"null","null","null",15,20.5,1.3321707,-2.9239194,3.244841,-0.2750002,-16731116
86,-268435371,87,100,"null","null","null",12,18.0,0.3238803,-3.507431,2.55196,-1.2045246,-16731116
87,-268435370,88,95,"Cebus","null","Capuchins",7,7.5,0.5592979,-3.2712274,1.6207718,-2.6626258,-16731116
88,-268435369,89,94,"null","null","null",4,7.3,0.66423047,-2.56075,0.6411348,-3.4851904,-12486656
89,-268435368,90,93,"null","null","null",3,7.3,2.1434035,-2.01023,0.50423664,-3.470645,-12486656
90,-268435367,91,92,"null","null","null",2,7.3,3.1267998,-0.979175,0.6527476,-2.8544154,-11184866
95,-268435369,96,99,"null","null","null",3,3.1,1.600195,-2.9140053,3.1200054,-0.31738296,-16731116
96,-268435361,97,98,"null","null","null",2,2.8,0.41360593,-3.5997522,2.3745222,-0.66423047,-16731116
100,-268435370,101,106,"Saimiri","null","Squirrel Monkeys",5,3.0,2.5840397,-1.5287633,3.4890285,-0.737069,-12486656
101,-268435356,102,105,"null","null","null",3,1.6,1.6001958,-2.9140046,3.1200056,-0.59051675,-12486656
102,-268435355,103,104,"null","null","null",2,1.6,0.41360593,-3.5997522,2.3745222,-0.66423047,-16731116
106,-268435356,107,108,"null","null","null",2,2.8,3.8167193,-0.6717548,0.7310553,-2.2381635,-12486656
109,-268435371,110,113,"","some","Night Monkeys",3,20.5,3.0229468,-0.3032002,3.2790797,-1.3026838,-16731116
110,-268435347,111,112,"null","null","null",2,20.5,2.3134425,-0.6527474,3.762608,-0.37198934,-16731116
114,-268435456,115,118,"","some","Night Monkeys",3,20.5,2.2791777,-1.2371242,3.76615,-0.7052609,-16731116
115,-268435342,116,117,"null","null","null",2,20.5,1.5045873,-2.4441507,3.4248743,-0.60428804,-16731116
