index,parent,child1,child2,name1,name2,common,richness,lengthbr,hxmax,hxmin,hymax,hymin,color
0,-268411896,1,140,"null","null","null",71,18.9,0.34807986,-3.692512,2.3408215,-1.3385763,-16731116
1,0,2,83,"","null","Spiny Rats, Tree Rats and more",70,18.2,0.57550097,-3.4455075,1.6246502,-2.753824,-16731116
2,1,3,78,"null","null","null",41,18.2,0.9344023,-2.7891603,0.33848894,-3.4974651,-16731116
3,2,4,55,"null","null","null",38,18.2,2.4642994,-1.9093072,0.5235962,-3.4058871,-16731116
4,3,5,54,"null","null","null",26,18.2,3.4392195,-0.86752254,0.65809226,-2.752128,-16731116
5,4,6,53,"null","null","null",25,18.199999,3.5845213,-0.46288514,2.1293283,-2.1365557,-16731116
6,5,7,52,"null","null","null",24,18.199999,3.0581832,-0.6376134,3.3135448,-1.1971804,-16731116
7,6,8,37,"null","null","null",23,14.9,2.393849,-1.6694413,3.706901,-0.39551812,-16731116
8,7,9,34,"null","null","null",15,11.2,1.4209437,-3.0061576,3.347848,-0.6042888,-12486656
9,8,10,29,"null","null","null",13,11.2,0.32388172,-3.6143346,2.68587,-1.1974903,-12486656
10,9,11,24,"null","null","null",10,11.2,0.5592991,-3.4101975,1.6207659,-2.653476,-16731116
11,10,12,21,"null","null","null",7,11.2,0.8876314,-2.7414112,0.41481584,-3.473289,-16731116
12,11,13,18,"null","null","null",5,11.2,2.4726615,-2.1206799,0.50423795,-3.4551678,-16731116
13,12,14,17,"null","null","null",3,11.200001,3.5548282,-0.9791683,0.652748,-2.8342938,-16731116
14,13,15,16,"null","null","null",2,3.1,3.8270524,-0.441056,0.90940213,-2.190556,-16731116
18,12,19,20,"null","null","null",2,11.2,0.44286197,-3.7111769,1.8611665,-1.7914414,-16731116
21,11,22,23,"null","null","null",2,11.2,0.8210844,-3.5997567,2.3745215,-0.40725267,-16731116
24,10,25,28,"null","null","null",3,11.2,1.6001897,-2.9140136,3.1200042,-0.31738016,-11184866
25,24,26,27,"null","null","null",2,11.2,0.4135989,-3.5997567,2.3745215,-0.66423035,-8572416
29,9,30,33,"null","null","null",3,11.2,2.3134403,-1.0472679,3.7903333,-0.737067,-8572416
30,29,31,32,"null","null","null",2,11.2,1.6001897,-2.2880554,3.5116982,-0.59051764,-8572416
34,8,35,36,"null","null","null",2,11.2,3.2226973,-0.303201,2.7384949,-1.3026786,-8572416
37,7,38,47,"null","null","null",8,14.9,3.528639,-0.63668066,2.0426908,-2.270554,-16731116
38,37,39,44,"null","null","null",5,14.9,3.0229437,-0.6278832,3.3004107,-1.1514455,-16731116
39,38,40,43,"Diplomys","null","null",3,5.4,2.3134403,-1.0472679,3.7903333,-0.37199056,-16731116
40,39,41,42,"null","null","null",2,5.4,1.6001897,-2.2880554,3.5116982,-0.59051764,-16777216
44,38,45,46,"null","null","null",2,3.4,3.0051699,-1.0892038,0.3309561,-2.9852314,-16731116
47,37,48,51,"Isothrix","null","Brush-tailed Rats",3,4.6,1.9703064,-2.076367,0.5623988,-3.5523171,-16731116
48,47,49,50,"null","null","null",2,3.1,3.0051699,-1.0892038,0.6459124,-2.9852314,-16731116
55,3,56,73,"null","null","null",12,18.2,0.40148032,-3.4101982,1.6207683,-2.7222135,-16731116
56,55,57,70,"null","null","null",9,18.2,0.8217367,-2.7414122,0.41481906,-3.5626502,-16731116
57,56,58,69,"null","null","null",7,18.2,2.387001,-2.0102282,0.5042372,-3.5713406,-16731116
58,57,59,66,"null","null","null",6,18.2,3.4434738,-0.72746766,0.65274775,-2.9853194,-16731116
59,58,60,63,"null","null","null",4,4.1,3.6822956,-0.44105512,1.6104476,-2.386887,-16731116
60,59,61,62,"null","null","null",2,4.1,3.2226973,-0.6278832,2.7384949,-1.3026786,-16731116
63,59,64,65,"null","null","null",2,4.1,1.2662381,-2.076367,0.5623988,-3.8140666,-16731116
66,58,67,68,"null","null","null",2,18.2,0.37080103,-2.571182,0.8857573,-3.3442578,-16731116
70,56,71,72,"Thrichomys","null","null",2,3.7,0.82108533,-3.5997553,2.3745222,-0.4072522,-16731116
73,55,74,77,"null","null","null",3,5.9,1.6001905,-2.9140122,3.1200047,-0.31738126,-16731116
74,73,75,76,"null","null","null",2,5.9,0.41359925,-3.5997562,2.374522,-0.66423035,-16731116
78,2,79,82,"null","null","null",3,18.2,0.7950952,-3.8027492,2.3612084,-0.6648505,-11513776
79,78,80,81,"null","null","null",2,18.2,0.55929863,-3.655138,1.7788366,-1.9610461,-11513776
83,1,84,129,"null","null","null",29,18.2,1.3321655,-2.977038,3.3117235,-0.2750008,-16731116
84,83,85,116,"null","null","null",23,18.2,0.32388148,-3.5764802,2.638908,-1.1974893,-16731116
85,84,86,107,"null","null","null",16,18.2,0.5592989,-3.3609874,1.6207671,-2.6534753,-16731116
86,85,87,98,"null","null","null",11,18.2,0.82174075,-2.6774383,0.56176186,-3.473289,-16731116
87,86,88,97,"null","null","null",6,18.2,2.3870044,-2.010226,0.5042378,-3.4551682,-16731116
88,87,89,94,"null","null","null",5,18.2,3.443475,-0.7274634,0.6527479,-2.8342948,-16731116
89,88,90,93,"null","null","null",3,18.2,3.6822941,-0.4410558,1.6104531,-2.1905565,-16731116
90,89,91,92,"null","null","null",2,18.2,3.2226942,-0.6278835,2.7384992,-1.3026755,-16731116
94,88,95,96,"null","null","null",2,18.2,0.37080142,-2.5711775,0.88575673,-3.3442605,-16731116
98,86,99,104,"null","null","null",5,18.2,0.8210846,-3.4558175,2.7051485,-0.99774426,-12486656
99,98,100,103,"null","null","null",3,18.2,0.54197484,-3.2755322,1.8611662,-2.472543,-11184866
100,99,101,102,"null","null","null",2,18.2,0.661925,-2.5711775,0.75469065,-3.3442605,-11184866
104,98,105,106,"null","null","null",2,18.2,2.3408206,-0.42902395,3.7190466,-0.76705146,-16731116
107,85,108,113,"null","null","null",5,18.2,1.550134,-3.0610695,3.1200047,-0.3173806,-16731116
108,107,109,112,"null","null","null",3,18.2,0.4135974,-3.790929,2.374522,-0.66423035,-16731116
109,108,110,111,"null","null","null",2,18.2,0.54197484,-3.7111773,1.8611662,-1.7914411,-16731116
113,107,114,115,"null","null","null",2,18.2,3.328406,-0.28912896,2.5945067,-1.4052784,-16731116
116,84,117,128,"null","null","null",7,18.2,2.3134408,-1.4436038,3.6846676,-0.7370672,-16731116
117,116,118,127,"","null","Bamboo Rats and Olalla Rats",6,10.8,1.600189,-2.8032913,3.374333,-0.5905177,-16731116
118,117,119,124,"null","null","null",5,10.8,0.29949018,-3.4558175,2.7051485,-0.99774426,-16731116
119,118,120,123,"Dactylomys","null","null",3,3.3,0.54197484,-3.2755322,1.8611662,-2.472543,-16731116
120,119,121,122,"null","null","null",2,3.3,0.661925,-2.5711775,0.75469065,-3.3442605,-16731116
124,118,125,126,"Olallamys","null","null",2,3.7,2.3408206,-0.42902395,3.7190466,-0.76705146,-11513776
129,83,130,137,"null","null","null",6,18.2,3.022944,-0.30320084,3.0686398,-1.151444,-16731116
130,129,131,136,"null","null","null",4,18.2,2.3134408,-1.5287752,3.4890308,-0.37199068,-16731116
131,130,132,135,"null","null","null",3,18.2,1.600189,-2.9140143,3.1200047,-0.5905177,-12486656
132,131,133,134,"Clyomys","null","null",2,3.7,0.4135974,-3.5997574,2.374522,-0.66423035,-16731116
137,129,138,139,"null","null","null",2,18.2,3.0051725,-1.0892012,0.33095616,-2.9852285,-16731116
