index,parent,child1,child2,name1,name2,common,richness,lengthbr,hxmax,hxmin,hymax,hymin,color
0,-268435448,1,168,"null","null","null",392,82.5,2.5893562,-1.9094241,0.44286627,-3.4015963,-16731116
1,-268435456,2,91,"null","null","null",390,81.0,3.4961286,-0.672049,0.6729524,-2.7350616,-16731116
2,-268435455,3,48,"null","null","null",351,75.399994,3.5697644,-0.48397207,2.2575479,-2.0659308,-16731116
3,-268435454,4,46,"Soricidae","null","Shrews",329,46.6,3.007915,-0.6459119,3.378591,-0.91104263,-16731116
4,-268435453,5,16,"null","null","null",217,17.599998,2.3693364,-1.8036242,3.6933336,-0.41856802,-16731116
5,-268435452,6,15,"null","null","null",170,17.6,1.4052893,-3.0865824,3.280632,-0.6167593,-16731116
6,-268435451,7,10,"null","null","null",169,17.599998,0.34807813,-3.6148462,2.6202145,-1.343868,-16731116
7,-268435450,8,9,"Crocidura","null","null",166,11.9,0.5754999,-3.3445463,1.6917357,-2.760709,-16731116
8,-268435449,-268345344,-268340224,"null","null","null",165,11.9,0.93439436,-2.6579103,0.42327172,-3.5064232,-16731116
10,-268435450,11,14,"Paracrocidura","null","null",3,3.8,2.2791789,-1.237118,3.766151,-0.7052618,-16731116
11,-268435446,12,13,"null","null","null",2,3.8,1.5045903,-2.4441457,3.4248772,-0.6042876,-16731116
16,-268435452,-268346368,17,"null","null","null",47,17.599998,3.6206427,-0.6001848,2.0156415,-2.1702518,-12486656
17,-268435440,18,41,"null","null","null",15,17.599998,2.2960691,-1.9270749,0.52348524,-3.4866867,-11184866
18,-268435439,19,40,"Myosorex","null","null",12,17.4,3.325271,-0.97918236,0.6527473,-2.8752708,-11184866
19,-268435438,20,31,"null","null","null",11,17.4,3.52864,-0.44105315,2.0426788,-2.2438195,-11184866
20,-268435437,21,26,"null","null","null",6,17.4,3.0229492,-0.6278822,3.300405,-1.1166914,-8572416
21,-268435436,22,25,"null","null","null",3,17.4,2.3134441,-1.0472454,3.7903366,-0.3719881,-8572416
22,-268435435,23,24,"null","null","null",2,17.4,1.6002007,-2.288036,3.511709,-0.590516,-11184866
26,-268435436,27,30,"null","null","null",3,17.4,3.4735012,-1.0892141,0.33095467,-2.9070153,-8572416
27,-268435430,28,29,"null","null","null",2,17.4,3.8167186,-0.4185676,0.7310459,-2.2381659,-8572416
31,-268435437,32,37,"null","null","null",5,17.4,2.3305545,-2.2165644,0.5624025,-3.492149,-12486656
32,-268435425,33,36,"null","null","null",3,17.4,3.4735012,-1.0892141,0.64591175,-2.9070153,-16731116
33,-268435424,34,35,"null","null","null",2,17.4,3.8167186,-0.4185676,0.7310459,-2.2381659,-16731116
37,-268435425,38,39,"null","null","null",2,17.4,0.4835881,-3.7564626,1.9384077,-1.6186256,-8572416
41,-268435439,42,45,"null","null","null",3,17.599998,0.44286698,-3.2755444,1.8611758,-2.472525,-11184866
42,-268435415,43,44,"Surdisorex","null","null",2,5.7,0.6619246,-2.5711942,0.75470304,-3.3442497,-11184866
46,-268435453,47,-268342272,"null","null","null",112,42.000004,3.470302,-0.9025996,0.44186652,-2.806995,-16731116
47,-268435410,-268347392,-268341248,"null","null","null",83,34.100002,3.624936,-0.46288335,2.0156415,-2.2078784,-16731116
48,-268435454,49,78,"ERINACEOMORPHA","null","Hedgehogs and Gymnuras",22,61.899998,2.42414,-1.909313,0.48358738,-3.41754,-16731116
49,-268435408,50,65,"","null","Hedgehogs",15,18.099998,3.38702,-0.7260081,0.6580919,-2.767278,-16731116
50,-268435407,51,58,"null","null","null",8,12.6,3.5166693,-0.46288335,2.1815689,-2.1562462,-16731116
51,-268435406,52,55,"Erinaceus","null","null",4,7.8,2.9699788,-0.6376126,3.3814664,-1.0122141,-16731116
52,-268435405,53,54,"null","null","null",2,5.5,2.2791796,-0.6459123,3.7952087,-0.39551586,-16731116
55,-268435405,56,57,"null","null","null",2,5.5,3.126792,-0.97918236,0.34452838,-2.8544245,-16731116
58,-268435406,59,64,"Atelerix","null","null",4,12.4,2.4726443,-2.0102336,0.52348524,-3.4551742,-16731116
59,-268435398,60,63,"null","null","null",3,10.1,3.5548184,-0.97918236,0.6527473,-2.8343048,-16731116
60,-268435397,61,62,"null","null","null",2,5.5,3.8270519,-0.44105315,0.90937686,-2.1905634,-16731116
65,-268435407,66,75,"null","null","null",7,18.099998,0.88761234,-2.7414126,0.86650753,-3.4732869,-16731116
66,-268435391,67,72,"null","null","null",5,17.8,2.4726443,-2.1206918,0.5042357,-3.4551742,-16731116
67,-268435390,68,71,"Paraechinus","null","null",3,13.5,3.5548184,-0.97918236,0.6527473,-2.8343048,-16731116
68,-268435389,69,70,"null","null","null",2,8.1,3.8270519,-0.44105315,0.90937686,-2.1905634,-16731116
72,-268435390,73,74,"Hemiechinus","null","null",2,8.5,0.44286698,-3.7111826,1.8611758,-1.7914215,-16731116
75,-268435391,76,77,"Mesechinus","null","null",2,8.7,0.82108724,-3.5997496,2.3745227,-0.40725136,-16731116
78,-268435408,79,86,"","null","Gymnures",7,47.199997,0.4014834,-3.4101985,1.6207755,-2.8520627,-12486656
79,-268435378,80,83,"null","null","null",4,26.0,0.66423035,-2.7414126,0.4148242,-3.7314627,-12486656
80,-268435377,81,82,"null","null","null",2,13.6,1.4433315,-2.0102332,0.50423574,-3.7908025,-12486656
83,-268435377,84,85,"Hylomys","null","null",2,13.6,0.8210871,-3.59975,2.3745227,-0.40725142,-12486656
86,-268435378,87,90,"null","null","null",3,18.3,1.6001987,-2.9140003,3.120006,-0.3173847,-12486656
87,-268435370,88,89,"Podogymnura","null","null",2,12.9,0.41361004,-3.59975,2.3745227,-0.66423047,-12486656
91,-268435455,92,161,"Talpidae","null","Moles and Desmans",39,61.3,0.9035067,-2.7891626,0.8449218,-3.5000377,-16731116
92,-268435365,93,158,"null","null","null",35,41.2,2.42414,-2.018177,0.523595,-3.409237,-16731116
93,-268435364,94,139,"null","null","null",33,41.100002,3.38702,-0.61728567,0.6580919,-2.7564838,-16731116
94,-268435363,95,138,"null","null","null",23,40.9,3.5166693,-0.46288335,2.082429,-2.136561,-16731116
95,-268435362,96,135,"null","null","null",22,39.9,2.9699788,-0.6376126,3.2525847,-1.0122141,-16731116
96,-268435361,97,134,"null","null","null",20,34.0,2.2791796,-1.6694238,3.6276627,-0.39551586,-16731116
97,-268435360,98,131,"null","null","null",19,29.1,1.4209586,-3.0061445,3.2448435,-0.60428745,-16731116
98,-268435359,99,124,"null","null","null",17,29.1,0.323879,-3.6143293,2.551962,-1.2503523,-16731116
99,-268435358,100,123,"null","null","null",13,29.1,0.5592972,-3.4101985,1.7788439,-2.7222054,-16731116
100,-268435357,101,120,"null","null","null",12,29.1,0.7517865,-2.7414126,0.41482425,-3.562649,-16731116
101,-268435356,102,113,"null","null","null",10,25.7,2.2960706,-1.957719,0.50423574,-3.5713449,-16731116
102,-268435355,103,112,"Euroscaptor","null","null",6,19.0,3.3252718,-0.9791801,0.6527473,-2.9853263,-16731116
103,-268435354,104,109,"null","null","null",5,19.0,3.5286398,-0.44105357,2.0262752,-2.3868926,-16731116
104,-268435353,105,108,"null","null","null",3,19.0,3.0229478,-0.6278824,3.2790775,-1.3026856,-16731116
105,-268435352,106,107,"null","null","null",2,19.0,2.3134432,-0.6527475,3.7626076,-0.37198886,-16731116
109,-268435353,110,111,"null","null","null",2,19.0,1.2662282,-2.0763705,0.56240153,-3.8140674,-16731116
113,-268435355,114,119,"null","null","null",4,14.7,0.44286656,-3.3444955,1.8611743,-2.7339146,-16731116
114,-268435343,115,118,"null","null","null",3,14.7,0.6619247,-2.6608305,0.7547004,-3.6840544,-16731116
115,-268435342,116,117,"null","null","null",2,14.7,1.2662282,-2.0763705,0.48397225,-3.8140674,-16731116
120,-268435356,121,122,"null","null","null",2,29.1,0.8210871,-3.5997503,2.3745227,-0.4072514,-16731116
124,-268435358,125,130,"null","null","null",4,29.1,2.313444,-1.5287559,3.489027,-0.7370704,-16731116
125,-268435332,126,129,"null","null","null",3,29.1,1.6002,-2.913999,3.1200063,-0.5905161,-16731116
126,-268435331,127,128,"null","null","null",2,29.1,0.41361105,-3.5997496,2.3745227,-0.66423047,-16731116
131,-268435359,132,133,"null","null","null",2,29.1,3.2227097,-0.30319944,2.7384799,-1.3026892,-16731116
135,-268435361,136,137,"null","null","null",2,8.7,3.126792,-0.97918236,0.34452838,-2.8544245,-16731116
139,-268435363,140,157,"null","null","null",10,40.4,0.7517853,-2.496787,0.86650753,-3.4732869,-16731116
140,-268435317,141,152,"null","null","null",9,39.2,2.2960691,-1.9270749,0.5042357,-3.4551742,-16731116
141,-268435316,142,151,"null","null","null",6,30.1,3.325271,-0.97918236,0.6527473,-2.8343048,-16731116
142,-268435315,143,150,"null","null","null",5,29.8,3.52864,-0.44105315,2.0426788,-2.1905634,-16731116
143,-268435314,144,149,"null","null","null",4,24.6,3.0229492,-0.6278822,3.300405,-1.3026892,-16731116
144,-268435313,145,148,"Scapanus","null","null",3,14.7,2.3134441,-1.0472454,3.7903366,-0.3719881,-16731116
145,-268435312,146,147,"null","null","null",2,8.2,1.6002007,-2.288036,3.511709,-0.590516,-16731116
152,-268435316,153,156,"null","null","null",3,35.5,0.44286698,-3.2755444,1.8611758,-2.472525,-16731116
153,-268435304,154,155,"null","null","null",2,13.4,0.6619246,-2.5711942,0.75470304,-3.3442497,-16731116
158,-268435364,159,160,"null","null","null",2,9.4,0.4014834,-3.6551423,1.7788435,-1.9610333,-11184866
161,-268435365,162,165,"Uropsilus","null","null",4,19.8,0.795097,-3.8027482,2.6735525,-0.6648367,-16731116
162,-268435295,163,164,"null","null","null",2,19.8,0.55929744,-3.655142,1.7788432,-1.961034,-16731116
165,-268435295,166,167,"null","null","null",2,19.8,2.3134434,-0.43901774,3.762607,-0.73707,-16731116
168,-268435456,169,170,"Solenodontidae","null","null",2,40.5,0.3596006,-3.588562,1.691736,-2.1267917,-8572416
