index,parent,child1,child2,name1,name2,common,richness,lengthbr,hxmax,hxmin,hymax,hymin,color
0,-268371808,1,66,"null","null","null",35,41.2,2.42414,-2.018177,0.523595,-3.409237,-16731116
1,0,2,47,"null","null","null",33,41.100002,3.38702,-0.61728567,0.6580919,-2.7564838,-16731116
2,1,3,46,"null","null","null",23,40.9,3.5166693,-0.46288335,2.082429,-2.136561,-16731116
3,2,4,43,"null","null","null",22,39.9,2.9699788,-0.6376126,3.2525847,-1.0122141,-16731116
4,3,5,42,"null","null","null",20,34.0,2.2791796,-1.6694238,3.6276627,-0.39551586,-16731116
5,4,6,39,"null","null","null",19,29.1,1.4209586,-3.0061445,3.2448435,-0.60428745,-16731116
6,5,7,32,"null","null","null",17,29.1,0.323879,-3.6143293,2.551962,-1.2503523,-16731116
7,6,8,31,"null","null","null",13,29.1,0.5592972,-3.4101985,1.7788439,-2.7222054,-16731116
8,7,9,28,"null","null","null",12,29.1,0.7517865,-2.7414126,0.41482425,-3.562649,-16731116
9,8,10,21,"null","null","null",10,25.7,2.2960706,-1.957719,0.50423574,-3.5713449,-16731116
10,9,11,20,"Euroscaptor","null","null",6,19.0,3.3252718,-0.9791801,0.6527473,-2.9853263,-16731116
11,10,12,17,"null","null","null",5,19.0,3.5286398,-0.44105357,2.0262752,-2.3868926,-16731116
12,11,13,16,"null","null","null",3,19.0,3.0229478,-0.6278824,3.2790775,-1.3026856,-16731116
13,12,14,15,"null","null","null",2,19.0,2.3134432,-0.6527475,3.7626076,-0.37198886,-16731116
17,11,18,19,"null","null","null",2,19.0,1.2662282,-2.0763705,0.56240153,-3.8140674,-16731116
21,9,22,27,"null","null","null",4,14.7,0.44286656,-3.3444955,1.8611743,-2.7339146,-16731116
22,21,23,26,"null","null","null",3,14.7,0.6619247,-2.6608305,0.7547004,-3.6840544,-16731116
23,22,24,25,"null","null","null",2,14.7,1.2662282,-2.0763705,0.48397225,-3.8140674,-16731116
28,8,29,30,"null","null","null",2,29.1,0.8210871,-3.5997503,2.3745227,-0.4072514,-16731116
32,6,33,38,"null","null","null",4,29.1,2.313444,-1.5287559,3.489027,-0.7370704,-16731116
33,32,34,37,"null","null","null",3,29.1,1.6002,-2.913999,3.1200063,-0.5905161,-16731116
34,33,35,36,"null","null","null",2,29.1,0.41361105,-3.5997496,2.3745227,-0.66423047,-16731116
39,5,40,41,"null","null","null",2,29.1,3.2227097,-0.30319944,2.7384799,-1.3026892,-16731116
43,3,44,45,"null","null","null",2,8.7,3.126792,-0.97918236,0.34452838,-2.8544245,-16731116
47,1,48,65,"null","null","null",10,40.4,0.7517853,-2.496787,0.86650753,-3.4732869,-16731116
48,47,49,60,"null","null","null",9,39.2,2.2960691,-1.9270749,0.5042357,-3.4551742,-16731116
49,48,50,59,"null","null","null",6,30.1,3.325271,-0.97918236,0.6527473,-2.8343048,-16731116
50,49,51,58,"null","null","null",5,29.8,3.52864,-0.44105315,2.0426788,-2.1905634,-16731116
51,50,52,57,"null","null","null",4,24.6,3.0229492,-0.6278822,3.300405,-1.3026892,-16731116
52,51,53,56,"Scapanus","null","null",3,14.7,2.3134441,-1.0472454,3.7903366,-0.3719881,-16731116
53,52,54,55,"null","null","null",2,8.2,1.6002007,-2.288036,3.511709,-0.590516,-16731116
60,48,61,64,"null","null","null",3,35.5,0.44286698,-3.2755444,1.8611758,-2.472525,-16731116
61,60,62,63,"null","null","null",2,13.4,0.6619246,-2.5711942,0.75470304,-3.3442497,-16731116
66,0,67,68,"null","null","null",2,9.4,0.4014834,-3.6551423,1.7788435,-1.9610333,-11184866
