index,parent,child1,child2,name1,name2,common,richness,lengthbr,hxmax,hxmin,hymax,hymin,color
0,-268435449,1,66,"null","null","null",39,0.0,1.0878775,-2.6047664,0.82108617,-3.57267,-16731116
1,0,2,35,"null","null","null",33,0.0,2.589721,-1.8248634,0.5419737,-3.427445,-16731116
2,1,3,26,"null","null","null",17,0.0,3.4965982,-0.6447732,0.66192484,-2.7686644,-16731116
3,2,4,23,"null","null","null",12,0.0,3.570371,-0.4839731,2.1597333,-2.2165573,-16731116
4,3,5,22,"null","null","null",10,0.0,3.0087018,-0.64591235,3.2514265,-1.089205,-16731116
5,4,6,15,"null","null","null",9,0.0,2.370362,-1.7065799,3.5280137,-0.41856945,-16731116
6,5,7,14,"null","null","null",5,0.0,1.4052819,-2.9604182,3.065713,-0.61676013,-16731116
7,6,8,13,"null","null","null",4,0.0,0.34807986,-3.4508255,2.3408215,-1.3545737,-16731116
8,7,9,12,"null","null","null",3,0.0,0.57550097,-3.131315,1.6917293,-2.7746205,-16731116
9,8,10,11,"null","null","null",2,0.0,0.665,-2.38071,0.5272846,-3.5245008,-16731116
15,5,16,19,"null","null","null",4,0.0,3.622961,-0.6001822,1.7924187,-2.3054075,-16731116
16,15,17,18,"null","null","null",2,0.0,3.1081553,-0.6376133,2.8755634,-1.1971812,-16731116
19,15,20,21,"null","null","null",2,0.0,1.443346,-2.010228,0.5234822,-3.7907999,-16777216
23,3,24,25,"null","null","null",2,0.0,1.6186401,-1.9384017,0.48358512,-3.7564592,-16777216
26,2,27,32,"null","null","null",5,0.0,0.8165077,-2.7278001,0.84492064,-3.476214,-16777216
27,26,28,31,"null","null","null",3,0.0,2.3110373,-1.9384017,0.52359605,-3.3782613,-16777216
28,27,29,30,"null","null","null",2,0.0,3.23998,-0.8675231,0.6580922,-2.7162147,-16777216
32,26,33,34,"null","null","null",2,0.0,0.79509544,-3.664688,2.3612084,-0.4184208,-16777216
35,1,36,61,"null","null","null",16,0.0,0.3595989,-3.3983078,1.5297128,-2.8129413,-8572416
36,35,37,58,"null","null","null",13,0.0,0.9701214,-2.7278001,0.33848965,-3.5743203,-16777216
37,36,38,55,"null","null","null",11,0.0,2.510735,-2.0181699,0.52359605,-3.5057995,-16777216
38,37,39,52,"null","null","null",9,0.0,3.499587,-0.5831027,0.6580922,-2.8820143,-16777216
39,38,40,49,"null","null","null",7,0.0,3.663,-0.4628849,2.1643844,-2.3054075,-16777216
40,39,41,48,"null","null","null",5,0.0,3.1602058,-0.6376133,3.3591185,-1.1971812,-16777216
41,40,42,45,"null","null","null",4,0.0,2.5264778,-1.237134,3.7661476,-0.3955179,-16777216
42,41,43,44,"null","null","null",2,0.0,1.5045818,-2.444159,3.4248688,-0.6042887,-16777216
45,41,46,47,"null","null","null",2,0.0,3.8270519,-0.6366811,0.9093958,-2.1905582,-16777216
49,39,50,51,"null","null","null",2,0.0,1.443346,-2.010228,0.5234822,-3.7907999,-16777216
52,38,53,54,"null","null","null",2,0.0,0.38339514,-2.4198875,0.8665061,-3.439223,-16777216
55,37,56,57,"null","null","null",2,0.0,0.40148073,-3.6551375,1.7788374,-1.9610459,-16777216
58,36,59,60,"null","null","null",2,0.0,0.79509544,-3.664688,2.3612084,-0.4184208,-16777216
61,35,62,65,"null","null","null",3,0.0,1.5045854,-3.0448868,3.0981092,-0.27500045,-8572416
62,61,63,64,"null","null","null",2,0.0,0.32388067,-3.6646872,2.361209,-0.66192466,-8572416
66,0,67,76,"null","null","null",6,0.0,0.76705325,-3.4931805,2.3408217,-1.4981413,-16777216
67,66,68,73,"","null","Many Toothed Snakes",5,0.0,0.5755006,-3.186378,1.674941,-2.9612606,-16777216
68,67,69,72,"null","null","null",3,0.0,0.665,-2.4522915,0.5272858,-3.7671354,-16777216
69,68,70,71,"null","null","null",2,0.0,1.6186401,-1.9384017,0.52359605,-3.7564592,-16777216
73,67,74,75,"null","null","null",2,0.0,1.5045854,-2.4441533,3.4248726,-0.27500045,-16777216
