index,parent,child1,child2,name1,name2,common,richness,lengthbr,hxmax,hxmin,hymax,hymin,color
0,-1,1,175,"","null","Snakes",478,0.0,2.7557993,-1.6749446,0.275,-3.3445463,-16731116
1,0,2,134,"null","null","null",476,0.0,3.5000389,-0.46625376,0.9701152,-2.6579103,-16731116
2,1,3,129,"null","null","null",455,0.0,3.409237,-0.52359533,2.5107298,-1.7993919,-16731116
3,2,4,42,"null","null","null",452,0.0,2.7564836,-0.658092,3.499585,-0.7306043,-16731116
4,3,5,41,"","null","Vipers, Cobras, Sea Snakes, Whip Snakes and more",408,0.0,2.1365597,-2.082432,3.663002,-0.46288377,-16731116
5,4,6,36,"null","null","null",407,0.0,1.003269,-3.2525866,3.1602106,-0.6376127,-16731116
6,5,7,33,"null","null","null",404,0.0,0.39551646,-3.6276627,2.5264816,-1.6652153,-16731116
7,6,8,11,"null","null","null",402,0.0,0.60428786,-3.2448416,1.3321717,-3.0006704,-16731116
8,7,9,-268431360,"null","null","null",360,0.0,1.2211871,-2.5519605,0.32388,-3.6072087,-16731116
9,8,10,-268429312,"null","null","null",242,0.0,2.6842873,-1.6207722,0.55929786,-3.400939,-16731116
10,9,-268434432,-268428288,"null","null","null",164,0.0,3.513351,-0.51715195,0.80780804,-2.7293754,-16731116
11,7,-268432384,12,"","null","Vipers",42,0.0,1.1927593,-3.164864,3.0229466,-0.3032,-16731116
12,11,13,24,"null","null","null",11,0.0,3.078177,-0.33095533,3.2514238,-0.92879367,-16731116
13,12,14,21,"null","null","null",6,0.0,2.4606786,-1.9146957,3.5280132,-0.41856873,-16777216
14,13,15,20,"null","null","null",4,0.0,1.4052863,-3.2309725,3.0657144,-0.61675966,-16777216
15,14,16,19,"null","null","null",3,0.0,0.34807888,-3.8025503,2.3408222,-0.8562454,-16777216
16,15,17,18,"null","null","null",2,0.0,0.57550037,-3.5885596,1.691733,-2.1267972,-16777216
21,13,22,23,"null","null","null",2,0.0,3.8261673,-0.6001837,1.0880102,-2.136559,-16777216
24,12,25,30,"null","null","null",5,0.0,3.4687886,-0.9025991,0.3578281,-2.7521327,-16731116
25,24,26,29,"null","null","null",3,0.0,3.6229658,-0.462884,1.7924087,-2.136559,-16731116
26,25,27,28,"null","null","null",2,0.0,3.1081629,-0.6376128,2.8755553,-1.1971873,-16777216
30,24,31,32,"null","null","null",2,0.0,0.38339463,-2.4198956,0.86650693,-3.4392185,-16777216
33,6,34,35,"null","null","null",2,0.0,2.1905615,-0.9093827,3.827052,-0.6366832,-16777216
36,5,37,40,"null","null","null",3,0.0,2.8343027,-0.34452873,3.5548203,-0.97917956,-16777216
37,36,38,39,"null","null","null",2,0.0,2.190562,-0.9093821,3.827052,-0.44105375,-16777216
42,3,43,104,"","null","Boas, Pythons, Earth Snakes and more",44,0.0,3.473287,-0.8665072,0.7517879,-2.7517571,-12486656
43,42,44,101,"null","null","null",31,0.0,3.455173,-0.50423604,2.2960713,-2.1206903,-12486656
44,43,45,80,"null","null","null",29,0.0,2.834303,-0.65274733,3.3252718,-0.76731753,-12486656
45,44,46,79,"null","null","null",18,0.0,2.1905622,-1.864392,3.5286398,-0.44105357,-16777216
46,45,47,76,"null","null","null",17,0.0,1.1514573,-3.0686302,3.022948,-0.62788236,-16777216
47,46,48,75,"null","null","null",15,0.0,0.3719885,-3.4890275,2.3134432,-1.5047749,-16777216
48,47,49,74,"null","null","null",14,0.0,0.5905163,-3.120006,1.6001976,-2.882822,-16777216
49,48,50,73,"","null","Earth Snakes",13,0.0,1.0878733,-2.3745227,0.41360784,-3.559217,-16777216
50,49,51,72,"null","null","null",12,0.0,2.5897179,-1.8611735,0.54197323,-3.4099584,-16777216
51,50,52,69,"null","null","null",11,0.0,3.4965975,-0.49051315,0.6619247,-2.745932,-16777216
52,51,53,68,"null","null","null",9,0.0,3.5703726,-0.48397243,2.1597292,-2.0763698,-16777216
53,52,54,65,"null","null","null",8,0.0,3.0087051,-0.6459121,3.251424,-0.87069505,-16777216
54,53,55,60,"null","null","null",6,0.0,2.3703651,-1.8652847,3.5280135,-0.4185688,-16777216
55,54,56,59,"null","null","null",3,0.0,1.405285,-3.166737,3.065714,-0.6167598,-16777216
56,55,57,58,"null","null","null",2,0.0,0.34807912,-3.7190433,2.3408222,-0.658092,-16777216
60,54,61,64,"null","null","null",3,0.0,3.6229632,-0.60018325,1.7924132,-2.136558,-16777216
61,60,62,63,"null","null","null",2,0.0,3.108159,-0.637613,2.875559,-1.1971844,-16777216
65,53,66,67,"null","null","null",2,0.0,3.2399766,-0.902599,0.35782814,-2.716219,-16777216
69,51,70,71,"null","null","null",2,0.0,0.39556104,-2.38071,0.84492135,-3.5244975,-16777216
76,46,77,78,"null","null","null",2,0.0,2.9852421,-0.3309549,3.0051599,-1.0892122,-16777216
80,44,81,100,"null","null","null",11,0.0,3.4364238,-0.88575864,0.6764308,-2.6608315,-12486656
81,80,82,99,"null","null","null",10,0.0,3.4921482,-0.48397207,2.2620697,-2.0763712,-12486656
82,81,83,98,"null","null","null",9,0.0,2.907014,-0.6459119,3.3844695,-1.0892122,-12486656
83,82,84,97,"null","null","null",8,0.0,2.238165,-1.7065685,3.7009754,-0.41856802,-12486656
84,83,85,94,"null","null","null",7,0.0,1.2878847,-2.96041,3.2905664,-0.6167593,-12486656
85,84,86,91,"null","null","null",5,0.0,0.34807813,-3.4508224,2.6331294,-1.354562,-16777216
86,85,87,90,"null","null","null",3,0.0,0.5754999,-3.1313155,1.6917357,-2.7746112,-16777216
87,86,88,89,"null","null","null",2,0.0,0.665,-2.3807101,0.5272909,-3.524496,-16777216
91,85,92,93,"null","null","null",2,0.0,2.2791789,-0.55372137,3.7952094,-0.7052618,-16777216
94,84,95,96,"null","null","null",2,0.0,3.1081653,-0.3171605,2.8755522,-1.1971898,-12486656
101,43,102,103,"null","null","null",2,0.0,1.7914244,-1.8611743,0.44286627,-3.711182,-8572416
104,42,105,128,"null","null","null",13,0.0,1.0522668,-2.3745224,0.82108676,-3.6230268,-12486656
105,104,106,125,"null","null","null",12,0.0,2.5434296,-1.9094241,0.5419732,-3.4929113,-12486656
106,105,107,118,"null","null","null",10,0.0,3.4364238,-0.6447771,0.6619247,-2.8537712,-16731116
107,106,108,117,"null","null","null",6,0.0,3.4921482,-0.48397207,2.1597247,-2.0763712,-16777216
108,107,109,116,"null","null","null",5,0.0,2.907014,-0.6459119,3.251421,-1.0892122,-16777216
109,108,110,115,"null","null","null",4,0.0,2.238165,-1.8652778,3.5280128,-0.41856802,-16777216
110,109,111,114,"null","null","null",3,0.0,1.4052893,-3.1667323,3.0657153,-0.6167593,-16777216
111,110,112,113,"null","null","null",2,0.0,0.34807813,-3.7190413,2.340823,-0.65809214,-16777216
118,106,119,122,"null","null","null",4,0.0,0.3955608,-2.7278008,0.8449218,-3.7671342,-16731116
119,118,120,121,"null","null","null",2,0.0,1.6186283,-1.9384066,0.523595,-3.756462,-16731116
122,118,123,124,"null","null","null",2,0.0,0.795097,-3.6646843,2.3612094,-0.4184202,-11184866
125,105,126,127,"null","null","null",2,0.0,0.3596006,-3.588562,1.691736,-2.1267917,-11184866
129,2,130,133,"","null","Flase Coral Snake and Boas",3,0.0,2.62726,-1.778842,0.40148264,-3.162879,-16777216
130,129,131,132,"null","null","null",2,0.0,3.4392173,-0.64113855,0.66423047,-2.4198976,-16777216
134,1,135,154,"","null","Blind snakes, Thread Snakes and Worm Snakes",21,0.0,1.2503566,-2.6486716,0.7950965,-3.507432,-3014646
135,134,136,149,"null","null","null",10,0.0,2.7222085,-1.620774,0.5592977,-3.2712297,-16777216
136,135,137,148,"null","null","null",7,0.0,3.5626504,-0.64113855,0.82172906,-2.5607536,-16777216
137,136,138,147,"null","null","null",6,0.0,3.5713453,-0.50423604,2.3869948,-2.0102324,-16777216
138,137,139,146,"null","null","null",5,0.0,2.9853268,-0.65274733,3.4434724,-0.97918046,-16777216
139,138,140,143,"null","null","null",4,0.0,2.3868933,-1.6104324,3.6823006,-0.44105357,-16777216
140,139,141,142,"null","null","null",2,0.0,1.3026873,-2.7384827,3.2227068,-0.62788236,-16777216
143,139,144,145,"null","null","null",2,0.0,3.8140678,-0.56240183,1.2662247,-2.0763712,-16777216
149,135,150,153,"null","null","null",3,0.0,0.31738394,-3.120006,1.6001972,-2.9140027,-16777216
150,149,151,152,"null","null","null",2,0.0,0.66423047,-2.3745227,0.4136079,-3.5997512,-16777216
154,134,155,174,"null","null","null",11,0.0,0.7370695,-3.7066274,2.313443,-1.4749801,-3014646
155,154,156,173,"null","null","null",10,0.0,0.59051657,-3.4028847,1.600197,-2.8440878,-3014646
156,155,157,166,"null","null","null",9,0.0,1.079658,-2.7422652,0.3917387,-3.5088615,-16777216
157,156,158,165,"null","null","null",5,0.0,2.5790374,-1.8611736,0.5419733,-3.3444958,-16777216
158,157,159,164,"null","null","null",4,0.0,3.482713,-0.7547009,0.6619247,-2.660831,-16777216
159,158,160,163,"null","null","null",3,0.0,3.5523233,-0.48397225,1.9702942,-2.076371,-16777216
160,159,161,162,"null","null","null",2,0.0,2.9852412,-0.64591193,3.0051606,-1.0892115,-16777216
166,156,167,170,"null","null","null",4,0.0,0.76705396,-3.8025503,2.6331286,-0.85624146,-16777216
167,166,168,169,"null","null","null",2,0.0,0.5755001,-3.5885613,1.691735,-2.1267936,-16777216
170,166,171,172,"null","null","null",2,0.0,2.2791784,-0.55372405,3.7952094,-0.70526147,-16777216
175,0,176,177,"","null","Blind snakes",2,0.0,0.275,-3.4248753,1.504588,-2.4441488,-16777216
