index,parent,child1,child2,name1,name2,common,richness,lengthbr,hxmax,hxmin,hymax,hymin,color
0,-268435450,1,152,"null","null","null",78,0.0,0.31738317,-3.1200054,1.5501418,-2.8541675,-16731116
1,0,2,151,"null","null","null",76,0.0,1.0751538,-2.3745222,0.4136045,-3.5219626,-16731116
2,1,3,144,"null","null","null",75,0.0,2.5731802,-1.7061999,0.5419737,-3.3615255,-16731116
3,2,4,143,"null","null","null",71,0.0,3.4750953,-0.75469595,0.66192484,-2.682969,-16731116
4,3,5,102,"null","null","null",70,0.0,3.542417,-0.4839731,2.2184408,-2.105153,-16731116
5,4,6,95,"null","null","null",49,0.0,2.972362,-0.64591235,3.3277462,-0.88665277,-12486656
6,5,7,64,"null","null","null",45,0.0,2.3231204,-1.8495896,3.6272292,-0.41856945,-11184866
7,6,8,59,"null","null","null",29,0.0,1.2264603,-3.1463308,3.1946933,-0.61676013,-11184866
8,7,9,38,"null","null","null",26,0.0,0.34807986,-3.692512,2.508496,-1.3385763,-11184866
9,8,10,33,"null","null","null",15,0.0,0.57550097,-3.4455075,1.5297103,-2.753824,-16777216
10,9,11,28,"null","null","null",12,0.0,0.9035172,-2.7891603,0.33848894,-3.4974651,-16777216
11,10,12,23,"null","null","null",9,0.0,2.4241488,-1.7993846,0.5235962,-3.4058871,-16777216
12,11,13,22,"null","null","null",6,0.0,3.3870237,-0.86752254,0.65809226,-2.752128,-16777216
13,12,14,21,"null","null","null",5,0.0,3.516667,-0.46288514,2.1643856,-2.1365557,-16777216
14,13,15,20,"null","null","null",4,0.0,2.9699726,-0.6376134,3.3591192,-1.1971804,-16777216
15,14,16,19,"null","null","null",3,0.0,2.2791753,-1.237136,3.7661476,-0.39551812,-16777216
16,15,17,18,"null","null","null",2,0.0,1.504581,-2.4441607,3.424868,-0.6042888,-16777216
23,11,24,27,"null","null","null",3,0.0,0.40148032,-3.1628723,1.7788366,-2.6272693,-16777216
24,23,25,26,"null","null","null",2,0.0,0.6642305,-2.4198883,0.6411318,-3.4392228,-16777216
28,10,29,32,"null","null","null",3,0.0,0.7950952,-3.8027492,2.3612084,-0.6648505,-16777216
29,28,30,31,"null","null","null",2,0.0,0.55929863,-3.655138,1.7788366,-1.9610461,-16777216
33,9,34,37,"null","null","null",3,0.0,1.5045818,-3.0448914,3.0981085,-0.2750008,-16777216
34,33,35,36,"null","null","null",2,0.0,0.32388148,-3.6646893,2.3612084,-0.66192454,-16777216
38,8,39,58,"null","null","null",11,0.0,2.279176,-1.6694396,3.5147934,-0.70525956,-11184866
39,38,40,53,"null","null","null",10,0.0,1.3321655,-3.0061564,3.0981085,-0.6042887,-11184866
40,39,41,52,"null","null","null",7,0.0,0.32388148,-3.614334,2.3612084,-1.2045312,-11184866
41,40,42,51,"null","null","null",6,0.0,0.5592989,-3.4101977,1.7788353,-2.6626298,-11184866
42,41,43,48,"null","null","null",5,0.0,0.6642305,-2.7414117,0.41481674,-3.48519,-11184866
43,42,44,47,"null","null","null",3,0.0,2.143413,-2.010226,0.5042378,-3.4706397,-16777216
44,43,45,46,"null","null","null",2,0.0,3.1268065,-0.9791694,0.6527479,-2.8544078,-16777216
48,42,49,50,"null","null","null",2,0.0,0.8210846,-3.5997574,2.374522,-0.40725255,-11184866
53,39,54,57,"null","null","null",3,0.0,3.022944,-0.30320084,3.2790856,-1.3026779,-16777216
54,53,55,56,"null","null","null",2,0.0,2.3134408,-0.65274704,3.7626104,-0.37199068,-16777216
59,7,60,63,"null","null","null",3,0.0,2.9699736,-0.31716147,3.381475,-1.1971812,-16777216
60,59,61,62,"null","null","null",2,0.0,2.279176,-0.64591163,3.795211,-0.3955179,-16777216
64,6,65,94,"null","null","null",16,0.0,3.5166674,-0.6001822,2.0156538,-2.1365566,-8572416
65,64,66,83,"null","null","null",15,0.0,2.9699736,-0.6376133,3.1657689,-1.0032616,-8572416
66,65,67,82,"null","null","null",9,0.0,2.279176,-1.6061828,3.5147934,-0.3955179,-8572416
67,66,68,81,"null","null","null",8,0.0,1.5045818,-2.9239225,3.0981085,-0.6042887,-8572416
68,67,69,80,"null","null","null",7,0.0,0.32388148,-3.5074303,2.3612084,-1.1974893,-8572416
69,68,70,79,"null","null","null",6,0.0,0.5592989,-3.2712228,1.7788353,-2.6534753,-8572416
70,69,71,78,"null","null","null",5,0.0,0.88763,-2.5607443,0.6411284,-3.473289,-16777216
71,70,72,77,"null","null","null",4,0.0,2.4726603,-2.010226,0.5042378,-3.4551682,-16777216
72,71,73,76,"null","null","null",3,0.0,3.5548277,-0.9791694,0.6527479,-2.8342948,-16777216
73,72,74,75,"null","null","null",2,0.0,3.8270526,-0.4410558,0.9094003,-2.1905565,-16777216
83,65,84,93,"null","null","null",6,0.0,3.3252769,-0.9791716,0.4220488,-2.834297,-16777216
84,83,85,92,"null","null","null",5,0.0,3.528639,-0.44105524,2.0426912,-2.1905582,-16777216
85,84,86,91,"null","null","null",4,0.0,3.022944,-0.6278832,3.300411,-1.3026779,-16777216
86,85,87,90,"null","null","null",3,0.0,2.3134408,-1.0472691,3.7903333,-0.37199068,-16777216
87,86,88,89,"null","null","null",2,0.0,1.600189,-2.2880564,3.5116978,-0.5905177,-16777216
95,5,96,99,"null","null","null",4,0.0,3.6250997,-0.9025985,0.35782853,-2.752129,-16731116
96,95,97,98,"null","null","null",2,0.0,3.8261666,-0.4628849,1.0880196,-2.1365566,-16731116
99,95,100,101,"null","null","null",2,0.0,0.38339514,-2.4198875,0.8665061,-3.439223,-16731116
102,4,103,142,"null","null","null",21,0.0,2.488209,-1.9384017,0.48358512,-3.5057995,-16731116
103,102,104,141,"null","null","null",20,0.0,3.4703033,-0.8675231,0.6580922,-2.8820143,-16731116
104,103,105,138,"null","null","null",19,0.0,3.6249313,-0.4628849,2.0156538,-2.3054075,-16731116
105,104,106,133,"null","null","null",17,0.0,3.1107163,-0.6376133,3.1657689,-1.0032616,-16731116
106,105,107,128,"null","null","null",14,0.0,2.4621415,-1.6694396,3.5147934,-0.3955179,-16731116
107,106,108,123,"null","null","null",11,0.0,1.3321655,-3.0061564,3.0981085,-0.6042887,-16731116
108,107,109,122,"null","null","null",8,0.0,0.32388148,-3.614334,2.3612084,-1.2045312,-16731116
109,108,110,119,"null","null","null",7,0.0,0.5592989,-3.4101977,1.7948527,-2.6626298,-16731116
110,109,111,116,"null","null","null",5,0.0,0.6642305,-2.7414117,0.41481674,-3.48519,-16777216
111,110,112,115,"null","null","null",3,0.0,2.143413,-2.010226,0.5042378,-3.4706397,-16777216
112,111,113,114,"null","null","null",2,0.0,3.1268065,-0.9791694,0.6527479,-2.8544078,-16777216
116,110,117,118,"null","null","null",2,0.0,0.8210846,-3.5997574,2.374522,-0.40725255,-16777216
119,109,120,121,"null","null","null",2,0.0,1.600189,-2.2880564,3.5116978,-0.3173806,-16731116
123,107,124,127,"null","null","null",3,0.0,3.022944,-0.30320084,3.2790856,-1.3026779,-16777216
124,123,125,126,"null","null","null",2,0.0,2.3134408,-0.65274704,3.7626104,-0.37199068,-16777216
128,106,129,132,"null","null","null",3,0.0,3.6822953,-0.6366811,1.6104487,-2.1905582,-16731116
129,128,130,131,"null","null","null",2,0.0,3.222697,-0.6278832,2.7384958,-1.3026779,-16731116
133,105,134,137,"null","null","null",3,0.0,3.554825,-0.9791716,0.34452954,-2.834297,-16777216
134,133,135,136,"null","null","null",2,0.0,3.8270519,-0.44105524,0.9093958,-2.1905582,-16777216
138,104,139,140,"null","null","null",2,0.0,1.443346,-2.010228,0.5234822,-3.7907999,-11184866
144,2,145,148,"null","null","null",4,0.0,0.3595989,-3.1313152,1.674941,-2.774618,-16731116
145,144,146,147,"null","null","null",2,0.0,0.665,-2.38071,0.5272858,-3.5244997,-16731116
148,144,149,150,"null","null","null",2,0.0,1.5045854,-2.4441533,3.4248726,-0.27500045,-16731116
152,0,153,154,"null","null","null",2,0.0,1.4052846,-2.5944977,3.3284123,-0.2891281,-16777216
