index,parent,child1,child2,name1,name2,common,richness,lengthbr,hxmax,hxmin,hymax,hymin,color
0,-268435452,1,155,"","null","Cobras, Sea Snakes, Water Snakes and more",118,0.0,0.73706913,-3.4890285,2.4557261,-1.467468,-16731116
1,0,2,58,"null","null","null",109,0.0,0.5905168,-3.1200054,1.5289044,-2.8343205,-16731116
2,1,3,57,"null","null","null",60,0.0,1.0751538,-2.3745222,0.4136045,-3.496162,-16731116
3,2,4,56,"null","null","null",59,0.0,2.5731802,-1.861171,0.5419737,-3.3279848,-16731116
4,3,5,55,"","null","Sea Snakes, Coral Snakes, Cobras and more",58,0.0,3.4750953,-0.75469595,0.66192484,-2.6393661,-16731116
5,4,6,50,"null","null","null",57,0.0,3.542417,-0.4839731,2.1597333,-2.0484693,-16731116
6,5,7,37,"null","null","null",54,0.0,2.972362,-0.64591235,3.2514265,-0.9443795,-12486656
7,6,8,22,"null","null","null",47,0.0,2.3231204,-1.8495896,3.5280137,-0.41856945,-11184866
8,7,9,21,"null","null","null",39,0.0,1.4052819,-3.1463308,3.065713,-0.61676013,-11184866
9,8,10,20,"null","null","null",38,0.0,0.34807986,-3.692512,2.3408215,-1.3457294,-11184866
10,9,11,19,"null","null","null",37,0.0,0.57550097,-3.4455075,1.6917293,-2.763123,-11184866
11,10,-268430336,12,"null","null","null",36,0.0,0.9701229,-2.7891603,0.47730732,-3.509554,-11184866
12,11,13,16,"null","null","null",4,0.0,0.7950952,-3.8027492,2.6735497,-0.6648505,-16777216
13,12,14,15,"null","null","null",2,0.0,0.55929863,-3.655138,1.7788366,-1.9610461,-16777216
16,12,17,18,"null","null","null",2,0.0,2.3134413,-0.43901843,3.76261,-0.7370677,-16777216
22,7,23,36,"","null","Kraits",8,0.0,3.5166674,-0.6001822,2.0156538,-2.1365566,-16777216
23,22,24,33,"null","null","null",7,0.0,2.9699736,-0.6376133,3.1657689,-1.0122011,-16777216
24,23,25,32,"null","null","null",5,0.0,2.279176,-1.6992357,3.5147934,-0.3955179,-16777216
25,24,26,29,"null","null","null",4,0.0,1.4209446,-3.0448914,3.0981085,-0.6042887,-16777216
26,25,27,28,"null","null","null",2,0.0,0.32388148,-3.6646893,2.3612084,-0.66192454,-16777216
29,25,30,31,"null","null","null",2,0.0,3.222697,-0.30320084,2.7384958,-1.3026779,-16777216
33,23,34,35,"null","null","null",2,0.0,3.1268032,-0.9791716,0.34452954,-2.8544111,-16777216
37,6,38,49,"","null","Cobras and more",7,0.0,3.3870234,-0.9025985,0.55628717,-2.8820143,-16731116
38,37,39,46,"null","null","null",6,0.0,3.5166674,-0.4628849,2.1643844,-2.3054075,-16731116
39,38,40,45,"null","null","null",4,0.0,2.9699736,-0.6376133,3.3591185,-1.1971812,-16777216
40,39,41,44,"null","null","null",3,0.0,2.279176,-1.237134,3.7661476,-0.3955179,-16777216
41,40,42,43,"null","null","null",2,0.0,1.5045818,-2.444159,3.4248688,-0.6042887,-16777216
46,38,47,48,"null","null","null",2,0.0,1.443346,-2.010228,0.5234822,-3.7907999,-16731116
50,5,51,54,"","null","Coral Snakes",3,0.0,2.3110373,-1.9384017,0.48358512,-3.3782613,-16731116
51,50,52,53,"null","null","null",2,0.0,3.23998,-0.8675231,0.6580922,-2.7162147,-16731116
58,1,59,140,"null","null","null",49,0.0,1.3110116,-3.0865865,3.2806284,-0.2891281,-16731116
59,58,60,133,"null","null","null",41,0.0,0.34807923,-3.614847,2.6202111,-1.3577797,-16731116
60,59,61,120,"null","null","null",37,0.0,0.5755006,-3.3445444,1.6364963,-2.7787907,-16731116
61,60,62,101,"null","null","null",30,0.0,0.9701214,-2.657908,0.48278463,-3.5299244,-16731116
62,61,63,98,"null","null","null",20,0.0,2.510735,-2.0181699,0.52359605,-3.4480848,-16731116
63,62,64,95,"null","null","null",18,0.0,3.499587,-0.5831027,0.6580922,-2.8069854,-16731116
64,63,65,84,"null","null","null",16,0.0,3.663,-0.4628849,2.0156538,-2.20787,-16731116
65,64,66,81,"null","null","null",10,0.0,3.1602058,-0.6376133,3.1657689,-1.0122011,-16731116
66,65,67,78,"null","null","null",8,0.0,2.5264778,-1.7809272,3.5147934,-0.3955179,-16731116
67,66,68,73,"null","null","null",6,0.0,1.3321655,-3.1510901,3.0981085,-0.6042887,-16731116
68,67,69,72,"null","null","null",3,0.0,0.32388148,-3.8027482,2.3612084,-0.6648546,-16731116
69,68,70,71,"null","null","null",2,0.0,0.5592989,-3.6551359,1.7788353,-1.9610502,-12486656
73,67,74,77,"null","null","null",3,0.0,3.022944,-0.30320084,3.2790856,-1.3026779,-16731116
74,73,75,76,"null","null","null",2,0.0,2.3134408,-0.65274704,3.7626104,-0.37199068,-16731116
78,66,79,80,"null","null","null",2,0.0,3.8270519,-0.6366811,0.9093958,-2.1905582,-16777216
81,65,82,83,"null","null","null",2,0.0,3.1268032,-0.9791716,0.34452954,-2.8544111,-16777216
84,64,85,94,"null","null","null",6,0.0,2.3870018,-2.010228,0.5234822,-3.5713403,-16777216
85,84,86,93,"null","null","null",5,0.0,3.443474,-0.9791716,0.65274775,-2.9853187,-16777216
86,85,87,90,"null","null","null",4,0.0,3.6822953,-0.44105524,1.6104487,-2.3868866,-16777216
87,86,88,89,"null","null","null",2,0.0,3.222697,-0.6278832,2.7384958,-1.3026779,-16777216
90,86,91,92,"null","null","null",2,0.0,1.2662416,-2.0763655,0.5623986,-3.8140664,-16777216
95,63,96,97,"null","null","null",2,0.0,0.38339514,-2.4198875,0.8665061,-3.439223,-16777216
98,62,99,100,"null","null","null",2,0.0,0.40148073,-3.6551375,1.7788374,-1.9610459,-16777216
101,61,102,115,"null","null","null",10,0.0,0.79509544,-3.5074308,2.685872,-1.1974858,-16777216
102,101,103,114,"null","null","null",7,0.0,0.55929846,-3.271225,1.7788374,-2.6534727,-16777216
103,102,104,113,"null","null","null",6,0.0,0.8876256,-2.560747,0.64113134,-3.4732883,-16777216
104,103,105,112,"null","null","null",5,0.0,2.4726562,-2.010228,0.50423723,-3.4551697,-16777216
105,104,106,109,"null","null","null",4,0.0,3.554825,-0.72746617,0.65274775,-2.834297,-16777216
106,105,107,108,"null","null","null",2,0.0,3.8270519,-0.44105524,0.9093958,-2.1905582,-16777216
109,105,110,111,"null","null","null",2,0.0,0.3708011,-2.5711792,0.8857572,-3.3442597,-16777216
115,101,116,119,"null","null","null",3,0.0,2.3134415,-1.0472617,3.7903342,-0.73706806,-16777216
116,115,117,118,"null","null","null",2,0.0,1.600193,-2.28805,3.5117013,-0.59051716,-16777216
120,60,121,130,"null","null","null",7,0.0,1.4209496,-2.8598063,3.3383722,-0.27500045,-16777216
121,120,122,127,"null","null","null",5,0.0,0.32388067,-3.4240825,2.6735506,-1.177326,-16777216
122,121,123,126,"null","null","null",3,0.0,0.5592982,-3.1628733,1.7788389,-2.6272664,-16777216
123,122,124,125,"null","null","null",2,0.0,0.66423047,-2.4198897,0.6411331,-3.4392219,-16777216
127,121,128,129,"null","null","null",2,0.0,2.313442,-0.4390182,3.7626085,-0.73706853,-16777216
130,120,131,132,"null","null","null",2,0.0,3.222702,-0.3032004,2.7384896,-1.302682,-16777216
133,59,134,137,"null","null","null",4,0.0,2.52648,-1.237127,3.7661495,-0.7052604,-16777216
134,133,135,136,"null","null","null",2,0.0,1.504586,-2.4441528,3.4248729,-0.6042882,-16777216
137,133,138,139,"null","null","null",2,0.0,3.827052,-0.6366822,0.90938777,-2.1905603,-16777216
140,58,141,154,"null","null","null",8,0.0,3.160209,-0.3171611,3.1657658,-1.1971848,-16731116
141,140,142,151,"null","null","null",7,0.0,2.5264807,-1.556859,3.5147927,-0.3955171,-16731116
142,141,143,150,"null","null","null",5,0.0,1.5045867,-2.8598053,3.0981097,-0.60428816,-16777216
143,142,144,149,"null","null","null",4,0.0,0.3238803,-3.424083,2.361209,-1.1773235,-16777216
144,143,145,148,"null","null","null",3,0.0,0.5592979,-3.162875,1.7788401,-2.6272643,-16777216
145,144,146,147,"null","null","null",2,0.0,0.66423047,-2.419892,0.6411348,-3.4392204,-16777216
151,141,152,153,"null","null","null",2,0.0,3.8270526,-0.6366825,0.9093864,-2.1905606,-16731116
155,0,156,171,"null","null","null",9,0.0,2.2381635,-1.7316375,3.5280137,-0.6717546,-16731116
156,155,157,166,"null","null","null",8,0.0,1.226465,-2.992996,3.0657144,-0.6167597,-16731116
157,156,158,165,"null","null","null",5,0.0,0.34807888,-3.4931808,2.3408222,-1.4981389,-16731116
158,157,159,164,"null","null","null",4,0.0,0.57550037,-3.1863794,1.691733,-2.961259,-16731116
159,158,160,163,"null","null","null",3,0.0,0.665,-2.4522934,0.52728754,-3.767135,-16731116
160,159,161,162,"null","null","null",2,0.0,1.6186374,-1.9384029,0.52359575,-3.7564597,-16731116
166,156,167,170,"null","null","null",3,0.0,2.9699764,-0.3171609,3.38147,-1.1971865,-16731116
167,166,168,169,"null","null","null",2,0.0,2.2791781,-0.64591205,3.7952096,-0.39551675,-16777216
