index,parent,child1,child2,name1,name2,common,richness,lengthbr,hxmax,hxmin,hymax,hymin,color
0,-268434430,1,52,"null","null","null",28,0.0,1.2878745,-3.1463308,3.2578788,-0.61676013,-16731116
1,0,2,31,"null","null","null",26,0.0,0.34807986,-3.692512,2.590637,-1.3438773,-16731116
2,1,3,30,"null","null","null",15,0.0,0.57550097,-3.4455075,1.6917293,-2.7607152,-16731116
3,2,4,25,"null","null","null",14,0.0,0.9035172,-2.7891603,0.33848894,-3.506424,-16731116
4,3,5,24,"null","null","null",11,0.0,2.4241488,-1.938401,0.5235962,-3.4175334,-16777216
5,4,6,23,"null","null","null",10,0.0,3.3870237,-0.86752254,0.65809226,-2.7672682,-16777216
6,5,7,16,"null","null","null",9,0.0,3.516667,-0.46288514,2.1643856,-2.1562378,-16777216
7,6,8,13,"null","null","null",5,0.0,2.9699726,-0.6376134,3.3591192,-1.0122006,-16777216
8,7,9,12,"null","null","null",3,0.0,2.2791753,-1.237136,3.7661476,-0.39551812,-16777216
9,8,10,11,"null","null","null",2,0.0,1.504581,-2.4441607,3.424868,-0.6042888,-16777216
13,7,14,15,"null","null","null",2,0.0,3.126803,-0.9791728,0.3445297,-2.8544118,-16777216
16,6,17,22,"null","null","null",4,0.0,2.472656,-2.0102282,0.5234818,-3.4551697,-16777216
17,16,18,21,"null","null","null",3,0.0,3.5548253,-0.9791728,0.65274775,-2.8342974,-16777216
18,17,19,20,"null","null","null",2,0.0,3.8270524,-0.44105512,0.9093949,-2.1905584,-16777216
25,3,26,29,"null","null","null",3,0.0,0.7950952,-3.8027492,2.3612084,-0.6648505,-16731116
26,25,27,28,"null","null","null",2,0.0,0.55929863,-3.655138,1.7788366,-1.9610461,-16777216
31,1,32,51,"null","null","null",11,0.0,2.279176,-1.6694396,3.6996105,-0.70525956,-16777216
32,31,33,46,"null","null","null",10,0.0,1.3321655,-3.0061564,3.3383706,-0.6042887,-16777216
33,32,34,43,"null","null","null",7,0.0,0.32388148,-3.614334,2.6735492,-1.3502572,-16777216
34,33,35,42,"null","null","null",5,0.0,0.5592989,-3.4101977,1.7788353,-2.8520734,-16777216
35,34,36,39,"null","null","null",4,0.0,0.6642305,-2.7414117,0.41481674,-3.7314665,-16777216
36,35,37,38,"null","null","null",2,0.0,1.4433506,-2.010226,0.5042378,-3.7907991,-16777216
39,35,40,41,"null","null","null",2,0.0,0.8210846,-3.5997574,2.374522,-0.40725255,-16777216
43,33,44,45,"null","null","null",2,0.0,2.3134408,-0.4390186,3.7626104,-0.7370672,-16777216
46,32,47,50,"null","null","null",3,0.0,3.022944,-0.30320084,3.2790856,-1.3026779,-16777216
47,46,48,49,"null","null","null",2,0.0,2.3134408,-0.65274704,3.7626104,-0.37199068,-16777216
52,0,53,54,"null","null","null",2,0.0,3.1081553,-0.31716147,2.8755634,-1.1971812,-16777216
