index,parent,child1,child2,name1,name2,common,richness,lengthbr,hxmax,hxmin,hymax,hymin,color
0,-268435453,1,60,"null","null","null",31,0.0,0.37198922,-3.6141286,2.3134422,-1.5047798,-16731116
1,0,2,47,"null","null","null",30,0.0,0.5905168,-3.2826355,1.4333867,-2.8828259,-16731116
2,1,3,38,"null","null","null",23,0.0,1.0522721,-2.5859413,0.3917365,-3.559219,-16731116
3,2,4,37,"null","null","null",18,0.0,2.543434,-1.861171,0.5419737,-3.4099584,-16731116
4,3,5,34,"null","null","null",17,0.0,3.4364252,-0.49051088,0.66192484,-2.7459319,-16731116
5,4,6,29,"null","null","null",15,0.0,3.492146,-0.4839731,2.1597333,-2.0484693,-16731116
6,5,7,24,"null","null","null",12,0.0,2.9070096,-0.64591235,3.2514265,-0.88665277,-16731116
7,6,8,23,"null","null","null",9,0.0,2.238162,-1.7316422,3.5280137,-0.41856945,-12486656
8,7,9,20,"null","null","null",8,0.0,1.2878745,-2.992999,3.065713,-0.61676013,-11184866
9,8,10,19,"null","null","null",6,0.0,0.34807986,-3.493181,2.3408215,-1.3260014,-16777216
10,9,11,18,"null","null","null",5,0.0,0.57550097,-3.186377,1.6917293,-2.7374766,-16777216
11,10,12,17,"null","null","null",4,0.0,0.81650966,-2.4522903,0.5272846,-3.4762135,-16777216
12,11,13,16,"null","null","null",3,0.0,2.311039,-1.938401,0.5235962,-3.3782601,-16777216
13,12,14,15,"null","null","null",2,0.0,3.239981,-0.86752254,0.65809226,-2.7162132,-16777216
20,8,21,22,"null","null","null",2,0.0,3.1081553,-0.31716147,2.8755634,-1.1971812,-11184866
24,6,25,28,"null","null","null",3,0.0,3.6250997,-0.9025985,0.35782853,-2.752129,-16731116
25,24,26,27,"null","null","null",2,0.0,3.8261666,-0.4628849,1.0880196,-2.1365566,-16731116
29,5,30,33,"null","null","null",3,0.0,2.3110373,-1.9384017,0.48358512,-3.3782613,-16731116
30,29,31,32,"null","null","null",2,0.0,3.23998,-0.8675231,0.6580922,-2.7162147,-16731116
34,4,35,36,"null","null","null",2,0.0,0.3955614,-2.38071,0.84492064,-3.5244997,-16777216
38,2,39,44,"null","null","null",5,0.0,0.76705325,-3.4508245,2.6331272,-1.3545699,-16777216
39,38,40,43,"null","null","null",3,0.0,0.5755006,-3.1313152,1.6917318,-2.774618,-16777216
40,39,41,42,"null","null","null",2,0.0,0.665,-2.38071,0.5272858,-3.5244997,-16777216
44,38,45,46,"null","null","null",2,0.0,2.2791772,-0.5537294,3.7952104,-0.7052604,-16777216
47,1,48,55,"null","null","null",7,0.0,1.2264633,-2.9604154,3.0657134,-0.2891281,-16777216
48,47,49,54,"null","null","null",4,0.0,0.34807923,-3.4508245,2.3408217,-1.3545699,-16777216
49,48,50,53,"null","null","null",3,0.0,0.5755006,-3.1313152,1.6917318,-2.774618,-16777216
50,49,51,52,"null","null","null",2,0.0,0.665,-2.38071,0.5272858,-3.5244997,-16777216
55,47,56,59,"null","null","null",3,0.0,2.9699755,-0.3171611,3.3814714,-1.1971848,-16777216
56,55,57,58,"null","null","null",2,0.0,2.2791774,-0.64591193,3.7952101,-0.3955171,-16777216
