index,parent,child1,child2,name1,name2,common,richness,lengthbr,hxmax,hxmin,hymax,hymin,color
0,-268428277,1,150,"null","null","null",76,0.0,2.4882057,-1.938404,0.52359545,-3.4975019,-16731116
1,0,2,143,"null","null","null",75,0.0,3.470302,-0.7260048,0.6580921,-2.871228,-16731116
2,1,3,142,"null","null","null",71,0.0,3.6249325,-0.46288425,2.1293228,-2.136558,-16731116
3,2,4,101,"null","null","null",70,0.0,3.1107192,-0.637613,3.3135417,-1.003265,-16731116
4,3,5,94,"null","null","null",49,0.0,2.4621441,-1.6991837,3.706901,-0.39551717,-12486656
5,4,6,63,"null","null","null",45,0.0,1.3808122,-3.0448265,3.3478503,-0.6042883,-11184866
6,5,7,58,"null","null","null",29,0.0,0.32388073,-3.6646085,2.6858726,-1.2130253,-11184866
7,6,8,37,"null","null","null",26,0.0,0.5592984,-3.4755564,1.7464927,-2.6736746,-11184866
8,7,9,32,"null","null","null",15,0.0,0.75179744,-2.8263779,0.41481906,-3.4995515,-16777216
9,8,10,27,"null","null","null",12,0.0,2.29608,-1.9270647,0.5042372,-3.4893122,-16777216
10,9,11,22,"null","null","null",9,0.0,3.3252766,-0.76730907,0.65274775,-2.8786824,-16777216
11,10,12,21,"null","null","null",6,0.0,3.528639,-0.44105512,1.8644047,-2.1905584,-16777216
12,11,13,20,"null","null","null",5,0.0,3.0229437,-0.6278832,3.0686388,-1.3026786,-16777216
13,12,14,19,"null","null","null",4,0.0,2.3134403,-1.5287743,3.48903,-0.37199056,-16777216
14,13,15,18,"null","null","null",3,0.0,1.6001897,-2.9140136,3.1200042,-0.59051764,-16777216
15,14,16,17,"null","null","null",2,0.0,0.4135989,-3.5997567,2.3745215,-0.66423035,-16777216
22,10,23,26,"null","null","null",3,0.0,0.37080103,-2.660825,0.8857573,-3.6840577,-16777216
23,22,24,25,"null","null","null",2,0.0,1.2662381,-2.076367,0.48397338,-3.8140666,-16777216
27,9,28,31,"null","null","null",3,0.0,0.44286364,-3.2755356,1.8611686,-2.4725387,-16777216
28,27,29,30,"null","null","null",2,0.0,0.6619249,-2.571182,0.7546941,-3.3442578,-16777216
32,8,33,36,"null","null","null",3,0.0,0.82108533,-3.7909288,2.3745222,-0.47381365,-16777216
33,32,34,35,"null","null","null",2,0.0,0.5419743,-3.711179,1.8611686,-1.7914356,-16777216
37,7,38,57,"null","null","null",11,0.0,1.6001918,-2.8931763,3.402882,-0.3173819,-11184866
38,37,39,52,"null","null","null",10,0.0,0.29948944,-3.572671,2.7422624,-1.0522765,-11184866
39,38,40,51,"null","null","null",7,0.0,0.5419743,-3.427444,1.8611686,-2.5434372,-11184866
40,39,41,50,"null","null","null",6,0.0,0.7291248,-2.768663,0.7546941,-3.4364262,-11184866
41,40,42,47,"null","null","null",5,0.0,2.3305678,-2.216556,0.48397338,-3.4921455,-11184866
42,41,43,46,"null","null","null",3,0.0,3.4735096,-1.0892038,0.6459124,-2.9070082,-16777216
43,42,44,45,"null","null","null",2,0.0,3.8167202,-0.4185698,0.73106515,-2.238161,-16777216
47,41,48,49,"null","null","null",2,0.0,0.48358452,-3.7564592,1.9384005,-1.6186413,-11184866
52,38,53,56,"null","null","null",3,0.0,2.3408213,-0.8562542,3.8025498,-0.76705235,-16777216
53,52,54,55,"null","null","null",2,0.0,1.691729,-2.1268048,3.5885563,-0.5755011,-16777216
58,6,59,62,"null","null","null",3,0.0,2.3134418,-1.0472633,3.790334,-0.7370682,-16777216
59,58,60,61,"null","null","null",2,0.0,1.6001918,-2.2880516,3.5117006,-0.5905173,-16777216
63,5,64,93,"null","null","null",16,0.0,3.1323936,-0.30320042,3.0686367,-1.3026809,-8572416
64,63,65,82,"null","null","null",15,0.0,2.4557242,-1.4749868,3.4890296,-0.37198997,-8572416
65,64,66,81,"null","null","null",9,0.0,1.6001918,-2.8440921,3.1200051,-0.5905173,-8572416
66,65,67,80,"null","null","null",8,0.0,0.4136008,-3.5088615,2.3745222,-1.0522765,-8572416
67,66,68,79,"null","null","null",7,0.0,0.5419743,-3.3444917,1.8611686,-2.5434372,-8572416
68,67,69,78,"null","null","null",6,0.0,0.6896925,-2.660825,0.7546941,-3.4364262,-8572416
69,68,70,77,"null","null","null",5,0.0,2.279306,-2.076367,0.48397338,-3.4921455,-16777216
70,69,71,76,"null","null","null",4,0.0,3.4068692,-1.0892038,0.6459124,-2.9070082,-16777216
71,70,72,75,"null","null","null",3,0.0,3.7300878,-0.4185698,1.4251086,-2.238161,-16777216
72,71,73,74,"null","null","null",2,0.0,3.3284082,-0.6167603,2.5945039,-1.4052806,-16777216
82,64,83,92,"null","null","null",6,0.0,3.5280137,-0.67175364,1.7065808,-2.2381618,-16777216
83,82,84,91,"null","null","null",5,0.0,3.0657125,-0.6167602,2.9604187,-1.4052815,-16777216
84,83,85,90,"null","null","null",4,0.0,2.3408213,-1.354575,3.4508257,-0.34807998,-16777216
85,84,86,89,"null","null","null",3,0.0,1.691729,-2.774622,3.131315,-0.5755011,-16777216
86,85,87,88,"null","null","null",2,0.0,0.52728236,-3.524502,2.38071,-0.665,-16777216
94,4,95,98,"null","null","null",4,0.0,3.6822972,-0.63668215,1.610443,-2.3868887,-16731116
95,94,96,97,"null","null","null",2,0.0,3.2227004,-0.62788296,2.7384913,-1.3026809,-16731116
98,94,99,100,"null","null","null",2,0.0,1.2662363,-2.0763676,0.56239974,-3.8140664,-16731116
101,3,102,141,"null","null","null",21,0.0,3.4309158,-0.979175,0.38394403,-2.8342993,-16731116
102,101,103,140,"null","null","null",20,0.0,3.6659727,-0.44105458,1.9931568,-2.1905596,-16731116
103,102,104,137,"null","null","null",19,0.0,3.201479,-0.62788296,3.2360194,-1.1514481,-16731116
104,103,105,132,"null","null","null",17,0.0,2.545535,-1.512744,3.7066274,-0.37198997,-16731116
105,104,106,127,"null","null","null",14,0.0,1.4333838,-2.8931763,3.402882,-0.5905173,-16731116
106,105,107,122,"null","null","null",11,0.0,0.29948944,-3.572671,2.7422624,-1.0522765,-16731116
107,106,108,121,"null","null","null",8,0.0,0.5419743,-3.427444,1.8611686,-2.5434372,-16731116
108,107,109,118,"null","null","null",7,0.0,0.7291248,-2.768663,0.49050963,-3.4364262,-16731116
109,108,110,115,"null","null","null",5,0.0,2.3305678,-2.216556,0.48397338,-3.4921455,-16777216
110,109,111,114,"null","null","null",3,0.0,3.4735096,-1.0892038,0.6459124,-2.9070082,-16777216
111,110,112,113,"null","null","null",2,0.0,3.8167202,-0.4185698,0.73106515,-2.238161,-16777216
115,109,116,117,"null","null","null",2,0.0,0.48358452,-3.7564592,1.9384005,-1.6186413,-16777216
118,108,119,120,"null","null","null",2,0.0,0.8449204,-3.5245008,2.3807096,-0.39556158,-16731116
122,106,123,126,"null","null","null",3,0.0,2.3408213,-0.8562542,3.8025498,-0.76705235,-16777216
123,122,124,125,"null","null","null",2,0.0,1.691729,-2.1268048,3.5885563,-0.5755011,-16777216
127,105,128,131,"null","null","null",3,0.0,3.0657125,-0.28912854,3.1667411,-1.4052815,-16731116
128,127,129,130,"null","null","null",2,0.0,2.3408213,-0.6580918,3.719045,-0.34807998,-16731116
132,104,133,136,"null","null","null",3,0.0,3.7300882,-0.67175364,1.4251064,-2.2381618,-16777216
133,132,134,135,"null","null","null",2,0.0,3.3284092,-0.6167602,2.5945022,-1.4052815,-16777216
137,103,138,139,"null","null","null",2,0.0,3.005169,-1.0892045,0.33095574,-2.9852326,-11184866
143,1,144,147,"null","null","null",4,0.0,0.38339475,-2.7414122,0.8665067,-3.7314641,-16731116
144,143,145,146,"null","null","null",2,0.0,1.4433408,-2.01023,0.50423664,-3.7908006,-16731116
147,143,148,149,"null","null","null",2,0.0,0.82108605,-3.5997536,2.3745222,-0.4072519,-16731116
