index,parent,child1,child2,name1,name2,common,richness,lengthbr,hxmax,hxmin,hymax,hymin,color
0,-268409830,1,78,"null","null","null",45,33.600002,3.1129327,-0.6376126,3.2921617,-1.0032719,-16777216
1,0,2,47,"null","null","null",39,31.0,2.4650195,-1.6470263,3.6791127,-0.39551586,-16777216
2,1,3,44,"null","null","null",23,31.0,1.4209586,-2.9770277,3.3117285,-0.60428745,-16777216
3,2,4,27,"null","null","null",21,19.5,0.323879,-3.5764775,2.6389124,-1.1974748,-16777216
4,3,5,22,"null","null","null",12,19.5,0.5592972,-3.3609912,1.6207758,-2.6534648,-16777216
5,4,6,15,"null","null","null",9,17.6,0.8876138,-2.6774433,0.41482425,-3.4732862,-16777216
6,5,7,12,"","null","Bearded Dragons",5,8.8,2.472646,-2.1206903,0.50423574,-3.455173,-16777216
7,6,8,11,"null","null","null",3,7.8,3.5548198,-0.9791801,0.6527473,-2.834303,-16777216
8,7,9,10,"null","null","null",2,3.1,3.827052,-0.44105357,0.9093821,-2.190562,-16777216
12,6,13,14,"null","null","null",2,5.3,0.44286656,-3.7111814,1.8611743,-1.7914251,-16777216
15,5,16,21,"null","null","null",4,9.5,0.8210871,-3.455819,2.3745227,-0.9977267,-16777216
16,15,17,20,"null","null","null",3,8.7,0.541973,-3.2755415,1.8611743,-2.472528,-16777216
17,16,18,19,"null","null","null",2,8.7,0.6619247,-2.5711904,0.7547004,-3.3442519,-16777216
22,4,23,26,"null","null","null",3,19.3,1.6001993,-2.9139996,3.120006,-0.3173849,-16777216
23,22,24,25,"null","null","null",2,19.3,0.41361105,-3.5997496,2.3745227,-0.66423047,-16777216
27,3,28,39,"null","null","null",9,19.5,2.545542,-1.4435899,3.6846654,-0.7370704,-16777216
28,27,29,38,"null","null","null",6,19.5,1.6002,-2.8032832,3.3743362,-0.5905161,-16777216
29,28,30,35,"null","null","null",5,16.0,0.29948735,-3.4558191,2.7051516,-0.9977241,-16777216
30,29,31,34,"null","null","null",3,15.8,0.54197276,-3.2755432,1.8611755,-2.4725258,-16777216
31,30,32,33,"null","null","null",2,7.3,0.66192466,-2.5711925,0.75470227,-3.3442504,-16777216
35,29,36,37,"null","null","null",2,15.8,2.3408232,-0.42902276,3.7190404,-0.7670549,-16777216
39,27,40,43,"null","null","null",3,19.3,3.730093,-0.6717563,1.4250891,-2.2381654,-16777216
40,39,41,42,"null","null","null",2,19.3,3.3284197,-0.6167592,2.594488,-1.4052911,-16777216
44,2,45,46,"","null","Heath Dragons",2,29.1,3.2227097,-0.30319944,2.7384799,-1.3026892,-16777216
47,1,48,77,"","null","Comb-bearing Dragons",16,22.099998,3.6887577,-0.6366844,1.9801514,-2.1905634,-16777216
48,47,49,74,"null","null","null",15,17.199999,3.231102,-0.6278822,3.2191193,-1.1514597,-16777216
49,48,50,71,"null","null","null",13,16.8,2.5840425,-1.5127318,3.6846652,-0.3719881,-16777216
50,49,51,70,"null","null","null",11,16.199999,1.6002007,-2.8931684,3.3743362,-0.590516,-16777216
51,50,52,67,"null","null","null",10,15.999999,0.29948714,-3.5726707,2.7051516,-1.0522618,-16777216
52,51,53,66,"null","null","null",8,14.099999,0.5419725,-3.4274511,1.8611767,-2.543426,-16777216
53,52,54,65,"null","null","null",7,13.9,0.6896812,-2.768673,0.75470394,-3.4364223,-16777216
54,53,55,62,"null","null","null",6,12.5,2.2792964,-2.216564,0.4839716,-3.4921482,-16777216
55,54,56,61,"null","null","null",4,7.8,3.4068654,-1.0892128,0.6459118,-2.9070141,-16777216
56,55,57,60,"null","null","null",3,4.1,3.730091,-0.41856784,1.4250925,-2.238165,-16777216
57,56,58,59,"null","null","null",2,3.9,3.3284168,-0.6167593,2.5944912,-1.4052893,-16777216
62,54,63,64,"null","null","null",2,9.5,0.48358798,-3.756462,1.9384072,-1.6186279,-16777216
67,51,68,69,"null","null","null",2,12.2,2.3408237,-0.4290226,3.7190394,-0.76705533,-16777216
71,49,72,73,"null","null","null",2,10.6,3.8167186,-0.6717566,0.7310459,-2.2381659,-16777216
74,48,75,76,"null","null","null",2,15.1,3.0051577,-1.0892141,0.33095467,-2.9852443,-16777216
78,0,79,88,"null","null","null",6,33.600002,3.325271,-0.97918236,0.40941346,-2.8343048,-16777216
79,78,80,87,"null","null","null",5,33.4,3.52864,-0.44105315,2.0262702,-2.1905634,-16777216
80,79,81,84,"null","null","null",4,33.4,3.0229492,-0.6278822,3.2790737,-1.1514597,-16777216
81,80,82,83,"null","null","null",2,22.8,2.3134441,-0.6527477,3.7626061,-0.3719881,-16777216
84,80,85,86,"null","null","null",2,31.9,3.0051577,-1.0892141,0.33095467,-2.9852443,-16777216
