index,parent,child1,child2,name1,name2,common,richness,lengthbr,hxmax,hxmin,hymax,hymin,color
0,-1,1,165,"Squamates","null","Lizards and Snakes",1835,227.0,2.7656152,-1.6917346,0.275,-3.3729212,-16731116
1,0,2,80,"null","null","null",1834,199.5,3.5127997,-0.4619156,0.95083404,-2.6947975,-16731116
2,1,3,43,"null","null","null",1660,186.1,3.425826,-0.52359533,2.4856644,-1.9093115,-16731116
3,2,4,40,"null","null","null",1169,175.0,2.7780495,-0.658092,3.4669998,-0.70805323,-16731116
4,3,5,25,"null","null","null",694,170.7,2.17025,-2.116293,3.6206412,-0.46288377,-16731116
5,4,6,9,"null","null","null",487,146.0,1.0333622,-3.296606,3.1051414,-0.6376127,-16731116
6,5,7,-268419072,"","null","Skinks",445,100.700005,0.39551646,-3.684888,2.454892,-1.6631224,-16731116
7,6,8,-268412928,"null","null","null",421,99.9,0.60428786,-3.3192344,1.4246837,-2.9979496,-16731116
8,7,-268433408,-268404736,"null","null","null",352,80.0,1.2118235,-2.648671,0.32388,-3.6036716,-12486656
9,5,-268420096,10,"null","null","null",42,146.0,2.9020126,-0.37394202,3.3900354,-0.9169632,-16731116
10,9,11,18,"null","null","null",8,65.5,3.436424,-0.8857584,0.72911465,-2.724474,-16731116
11,10,12,17,"","null","Night Lizards",4,22.2,3.492148,-0.48397225,2.330558,-2.076371,-16731116
12,11,13,16,"null","null","null",3,22.0,2.9070134,-0.64591193,3.4735036,-1.0892115,-16731116
13,12,14,15,"null","null","null",2,7.0,2.2381644,-0.7310503,3.816719,-0.4185682,-16731116
18,10,19,24,"","null","Tropical Night Lizards",4,65.5,0.8164972,-2.4522977,0.8449216,-3.476216,-11184866
19,18,20,23,"null","null","null",3,24.6,2.311027,-1.938406,0.5235951,-3.3782682,-11184866
20,19,21,22,"null","null","null",2,17.8,3.2399726,-0.8675306,0.658092,-2.7162244,-11184866
25,4,26,-268406784,"","null","Wall Lizards, Whiptail Lizards and more",207,157.5,3.4866853,-0.5234846,2.345889,-1.979477,-16731116
26,25,-268414976,27,"null","null","null",105,80.8,2.875269,-0.65274733,3.390035,-0.8530685,-16731116
27,26,28,35,"null","null","null",7,52.300003,3.4364238,-0.88575864,0.7291132,-2.8537712,-12486656
28,27,29,34,"null","null","null",4,35.7,3.4921482,-0.48397207,2.3305569,-2.0763712,-12486656
29,28,30,33,"null","null","null",3,35.7,2.907014,-0.6459119,3.4735026,-1.0892122,-12486656
30,29,31,32,"null","null","null",2,31.3,2.238165,-0.7310497,3.8167186,-0.41856802,-16731116
35,27,36,39,"","null","Wall Lizards",3,18.1,0.3955608,-2.4522984,0.8449218,-3.7671342,-12486656
36,35,37,38,"null","null","null",2,18.1,1.6186283,-1.9384066,0.523595,-3.756462,-11184866
40,3,41,-268413952,"","null","Monitor Lizards, Chameleons, Iguanas and more",475,167.3,3.5076976,-0.8665072,0.7517879,-2.7010171,-16731116
41,40,42,-268409856,"null","null","null",397,155.7,3.4999065,-0.50423604,2.2960713,-1.9827056,-16731116
42,41,-268418048,-268401664,"null","null","null",237,121.2,2.892456,-0.65274733,3.3252718,-0.7998005,-16731116
43,2,44,55,"null","null","null",491,175.8,2.6799371,-1.620774,0.40148264,-3.4101982,-16731116
44,43,45,52,"","null","Snakes",478,0.0,3.5076976,-0.41482306,0.8142983,-2.7414124,-16731116
45,44,46,-268411904,"null","null","null",476,0.0,3.4999065,-0.50423604,2.3773348,-2.023681,-16731116
46,45,-268428288,47,"null","null","null",455,0.0,2.892456,-0.65274733,3.4309144,-0.76731753,-16731116
47,46,48,51,"","null","Flase Coral Snake and Boas",3,0.0,3.6840544,-0.88575864,0.37080014,-2.6608315,-16777216
48,47,49,50,"null","null","null",2,0.0,3.8140678,-0.48397207,1.2662247,-2.0763712,-16777216
52,44,53,54,"","null","Blind snakes",2,0.0,0.40725157,-2.3745224,0.82108676,-3.5997508,-16777216
55,43,56,79,"","null","Worm Lizards",13,168.1,0.31738394,-3.120006,1.6001972,-2.8931723,-16731116
56,55,57,78,"null","null","null",12,72.2,1.0522676,-2.3745227,0.4136079,-3.5726717,-16731116
57,56,58,77,"null","null","null",11,72.2,2.5434303,-1.8611736,0.54197323,-3.4274492,-16731116
58,57,59,76,"null","null","null",10,72.2,3.436424,-0.7547009,0.6619247,-2.76867,-16731116
59,58,60,73,"null","null","null",9,72.2,3.492148,-0.48397225,2.1597264,-2.216562,-16731116
60,59,61,72,"null","null","null",7,35.8,2.9070134,-0.64591193,3.2514222,-1.0892115,-16777216
61,60,62,71,"null","null","null",6,35.8,2.2381644,-1.9146922,3.5280132,-0.4185682,-16777216
62,61,63,68,"null","null","null",5,35.8,1.2878847,-3.2309701,3.0657153,-0.6167594,-16777216
63,62,64,67,"null","null","null",3,35.8,0.34807813,-3.8025503,2.340823,-0.85624,-16777216
64,63,65,66,"null","null","null",2,35.8,0.5754999,-3.5885615,1.6917357,-2.1267927,-16777216
68,62,69,70,"null","null","null",2,35.8,3.1081653,-0.3171605,2.8755522,-1.1971898,-16777216
73,59,74,75,"null","null","null",2,20.5,1.6186295,-1.938406,0.4835871,-3.7564616,-16731116
80,1,81,164,"","null","Geckos and Legless Lizards",174,134.19998,1.2118222,-2.6389108,0.7950965,-3.5904284,-16731116
81,80,82,145,"","null","Geckos",103,134.1,2.6721137,-1.6930543,0.5592977,-3.379125,-16731116
82,81,83,114,"null","null","null",93,117.6,3.4975274,-0.5171548,0.7901093,-2.7010171,-16731116
83,82,84,-268410880,"null","null","null",77,111.7,3.4866853,-0.50423604,2.345889,-1.979477,-16731116
84,83,-268429312,85,"null","null","null",53,111.7,2.875269,-0.65274733,3.390035,-0.7998005,-16731116
85,84,86,101,"null","null","null",15,111.7,3.4965987,-0.88575864,0.59770393,-2.7339182,-16731116
86,85,87,100,"null","null","null",8,111.7,3.5703757,-0.48397207,2.1597247,-2.0763712,-16777216
87,86,88,99,"null","null","null",7,111.7,3.0087097,-0.6459119,3.251421,-1.0892122,-16777216
88,87,89,94,"null","null","null",6,111.7,2.3703694,-1.8652778,3.5280128,-0.41856802,-16777216
89,88,90,93,"","null","Dwarf Geckos",3,29.3,1.4052893,-3.1667323,3.0657153,-0.6167593,-16777216
90,89,91,92,"null","null","null",2,29.3,0.34807813,-3.7190413,2.340823,-0.65809214,-16777216
94,88,95,98,"","null","Croaking Geckos",3,29.3,3.6229672,-0.6001848,1.792403,-2.136561,-16777216
95,94,96,97,"null","null","null",2,29.3,3.1081662,-0.6376126,2.875551,-1.1971906,-16777216
101,85,102,113,"null","null","null",7,111.7,0.9035067,-2.4522984,0.8449218,-3.4974647,-16731116
102,101,103,112,"null","null","null",6,111.7,2.42414,-1.9384066,0.523595,-3.405892,-16731116
103,102,104,111,"null","null","null",5,111.7,3.38702,-0.86753124,0.6580919,-2.7521353,-16731116
104,103,105,110,"null","null","null",4,111.7,3.5166693,-0.46288335,2.1815689,-2.136561,-16731116
105,104,106,109,"null","null","null",3,111.7,2.9699788,-0.6376126,3.3814664,-1.1971906,-16731116
106,105,107,108,"","null","Bent-toed Geckos",2,18.5,2.2791796,-0.6459123,3.7952087,-0.39551586,-16731116
114,82,115,132,"null","null","null",16,88.2,1.1121967,-2.6047688,0.82108676,-3.5088615,-16731116
115,114,116,129,"null","null","null",9,88.0,2.6213384,-1.9094241,0.5419732,-3.3444963,-16731116
116,115,117,128,"null","null","null",7,63.8,3.5377054,-0.7547017,0.6896832,-2.6608315,-16731116
117,116,118,127,"null","null","null",6,59.1,3.6238143,-0.48397207,2.2792978,-2.0763712,-16731116
118,117,119,126,"null","null","null",5,50.1,3.0781798,-0.6459119,3.406866,-1.0892122,-16731116
119,118,120,123,"null","null","null",4,43.899998,2.4606805,-1.4250925,3.730091,-0.41856802,-16731116
120,119,121,122,"null","null","null",2,27.3,1.4052893,-2.5944912,3.3284168,-0.6167593,-16731116
123,119,124,125,"null","null","null",2,43.3,3.826167,-0.6001848,1.0880048,-2.136561,-16777216
129,115,130,131,"","null","Scaly-eyed Geckos",2,22.7,0.3596006,-3.588562,1.691736,-2.1267917,-16777216
132,114,133,142,"","null","Dwarf Geckos",7,46.8,0.7670542,-3.4931822,2.633129,-1.4981351,-16777216
133,132,134,139,"null","null","null",5,46.8,0.57549995,-3.1863828,1.6749461,-2.961256,-16777216
134,133,135,138,"null","null","null",3,46.8,0.665,-2.4522977,0.5272917,-3.7671342,-16777216
135,134,136,137,"null","null","null",2,46.8,1.6186295,-1.938406,0.5235951,-3.7564616,-16777216
139,133,140,141,"null","null","null",2,46.8,1.5045892,-2.4441466,3.4248762,-0.2750006,-16777216
142,132,143,144,"null","null","null",2,46.8,2.2791786,-0.5537227,3.795209,-0.7052617,-16777216
145,81,146,163,"null","null","null",10,115.3,0.31738394,-3.2826366,1.6001972,-2.8440874,-16731116
146,145,147,156,"null","null","null",9,101.7,1.1987947,-2.5859423,0.29948807,-3.5088613,-16731116
147,146,148,153,"","null","Banded Geckos",5,57.4,2.7339158,-1.9094231,0.54197323,-3.3444958,-16731116
148,147,149,152,"null","null","null",3,43.8,3.684055,-0.7547009,0.6619247,-2.660831,-16731116
149,148,150,151,"null","null","null",2,28.5,3.814068,-0.48397225,1.266226,-2.076371,-16731116
153,147,154,155,"null","null","null",2,27.6,0.35960028,-3.5885615,1.6917354,-2.1267931,-16777216
156,146,157,162,"null","null","null",4,72.49999,0.76705414,-3.4508228,2.3408227,-1.3545635,-11184866
157,156,158,161,"null","null","null",3,64.399994,0.5755001,-3.1313152,1.691735,-2.7746122,-16777216
158,157,159,160,"null","null","null",2,35.6,0.665,-2.3807096,0.5272908,-3.5244963,-16777216
164,80,-268434432,-268405760,"null","null","null",71,100.59999,0.7370695,-3.684666,2.455727,-1.4827337,-12486656
