index,parent,child1,child2,name1,name2,common,richness,lengthbr,hxmax,hxmin,hymax,hymin,color
0,-268435449,1,86,"null","null","null",452,0.0,2.266161,-1.9639401,3.665975,-0.44105357,-16731116
1,0,2,85,"","null","Vipers, Cobras, Sea Snakes, Whip Snakes and more",408,0.0,1.3026873,-3.1980426,3.2014842,-0.62788236,-16731116
2,1,3,80,"null","null","null",407,0.0,0.3719885,-3.6572638,2.54554,-1.5115343,-16731116
3,2,4,77,"null","null","null",404,0.0,0.5905163,-3.338713,1.5501455,-2.8916094,-16731116
4,3,5,39,"null","null","null",402,0.0,1.1121973,-2.6588416,0.33634794,-3.5706406,-16731116
5,4,6,20,"null","null","null",360,0.0,2.621339,-1.8135827,0.54197323,-3.424809,-16731116
6,5,7,16,"null","null","null",242,0.0,3.537705,-0.64477557,0.6619247,-2.7652378,-16731116
7,6,8,-268423168,"null","null","null",164,0.0,3.6238122,-0.48397243,2.218437,-2.0758166,-16731116
8,7,9,13,"null","null","null",125,0.0,3.0781763,-0.6459121,3.3277442,-0.87069505,-16731116
9,8,-268427264,10,"null","null","null",123,0.0,2.4606776,-1.8202653,3.6272297,-0.4185688,-16731116
10,9,11,12,"null","null","null",2,0.0,3.8261666,-0.60018325,1.0880141,-2.136558,-16777216
13,8,14,15,"null","null","null",2,0.0,3.2399766,-0.902599,0.35782814,-2.716219,-16731116
16,6,-268424192,17,"null","null","null",78,0.0,0.9527895,-2.7278004,0.84492135,-3.5679355,-16731116
17,16,18,19,"null","null","null",2,0.0,0.7950963,-3.664686,2.361209,-0.41842043,-16777216
20,5,21,22,"","null","Cobras, Sea Snakes, Water Snakes and more",118,0.0,0.3596002,-3.3729208,1.6407125,-2.7538188,-16731116
21,20,-268425216,-268421120,"null","null","null",109,0.0,0.9343963,-2.694797,0.4232703,-3.4974642,-16731116
22,20,23,38,"null","null","null",9,0.0,1.5045881,-2.9239182,3.3478532,-0.275,-16731116
23,22,24,33,"null","null","null",8,0.0,0.32387993,-3.507431,2.6858752,-1.2045227,-16731116
24,23,25,32,"null","null","null",5,0.0,0.5592977,-3.2712283,1.7788414,-2.6626244,-16731116
25,24,26,31,"null","null","null",4,0.0,0.66423047,-2.5607514,0.6411365,-3.4851904,-16731116
26,25,27,30,"null","null","null",3,0.0,2.1434007,-2.010231,0.50423634,-3.4706461,-16731116
27,26,28,29,"null","null","null",2,0.0,3.126798,-0.9791769,0.6527475,-2.8544173,-16731116
33,23,34,37,"null","null","null",3,0.0,2.313443,-1.047253,3.7903354,-0.7370695,-16731116
34,33,35,36,"null","null","null",2,0.0,1.6001972,-2.2880425,3.5117052,-0.59051657,-16777216
39,4,40,56,"","null","Vipers",42,0.0,0.76705414,-3.6148462,2.5084987,-1.3840456,-16731116
40,39,41,55,"null","null","null",31,0.0,0.57550013,-3.3445456,1.6917346,-2.8129387,-16731116
41,40,-268422144,42,"null","null","null",30,0.0,0.9527895,-2.6579094,0.48278767,-3.57432,-16731116
42,41,43,50,"null","null","null",7,0.0,0.7950963,-3.507431,2.6858742,-1.3502487,-16777216
43,42,44,49,"null","null","null",4,0.0,0.5592979,-3.2712274,1.7788401,-2.852067,-16777216
44,43,45,48,"null","null","null",3,0.0,0.66423047,-2.56075,0.6411348,-3.7314641,-16777216
45,44,46,47,"null","null","null",2,0.0,1.4433408,-2.01023,0.50423664,-3.7908006,-16777216
50,42,51,54,"null","null","null",3,0.0,2.3134425,-1.047256,3.7903352,-0.737069,-16777216
51,50,52,53,"null","null","null",2,0.0,1.6001958,-2.2880452,3.511704,-0.59051675,-16777216
56,39,57,68,"null","null","null",11,0.0,2.3938541,-1.5568565,3.5147924,-0.70526135,-16731116
57,56,58,65,"null","null","null",6,0.0,1.4209546,-2.8598042,3.0981102,-0.60428786,-16777216
58,57,59,64,"null","null","null",4,0.0,0.32387975,-3.4240837,2.3612092,-1.1773208,-16777216
59,58,60,63,"null","null","null",3,0.0,0.5592977,-3.1628768,1.7788414,-2.6272619,-16777216
60,59,61,62,"null","null","null",2,0.0,0.66423047,-2.4198945,0.6411365,-3.4392192,-16777216
65,57,66,67,"null","null","null",2,0.0,3.2227063,-0.30319986,2.7384841,-1.3026861,-16777216
68,56,69,74,"null","null","null",5,0.0,3.52864,-0.63668334,2.026275,-2.3868923,-16731116
69,68,70,73,"null","null","null",3,0.0,3.0229478,-0.6278825,3.2790768,-1.3026861,-16731116
70,69,71,72,"null","null","null",2,0.0,2.3134432,-0.6527475,3.7626069,-0.3719888,-16777216
74,68,75,76,"null","null","null",2,0.0,1.266227,-2.0763707,0.56240135,-3.8140678,-16777216
77,3,78,79,"null","null","null",2,0.0,1.4052877,-2.5944932,3.3284154,-0.28912768,-16777216
80,2,81,84,"null","null","null",3,0.0,2.2381644,-1.4250932,3.7300913,-0.6717557,-16777216
81,80,82,83,"null","null","null",2,0.0,1.4052893,-2.5944912,3.3284168,-0.6167594,-16777216
86,0,87,148,"","null","Boas, Pythons, Earth Snakes and more",44,0.0,3.5424206,-0.56240183,2.2620697,-2.0677395,-12486656
87,86,88,145,"null","null","null",31,0.0,2.9723682,-0.6459119,3.3844695,-0.87070066,-12486656
88,87,89,124,"null","null","null",29,0.0,2.3231258,-1.731633,3.7009754,-0.41856802,-12486656
89,88,90,123,"null","null","null",18,0.0,1.4052893,-2.9929938,3.2905664,-0.6167593,-16777216
90,89,91,120,"null","null","null",17,0.0,0.34807813,-3.4931812,2.6331294,-1.3840435,-16777216
91,90,92,119,"null","null","null",15,0.0,0.5754999,-3.186382,1.6917357,-2.8129373,-16777216
92,91,93,118,"null","null","null",14,0.0,0.9701148,-2.4522967,0.5272909,-3.5743198,-16777216
93,92,94,117,"","null","Earth Snakes",13,0.0,2.5107298,-1.9384052,0.5235952,-3.5058026,-16777216
94,93,95,116,"null","null","null",12,0.0,3.499585,-0.8675283,0.658092,-2.8820195,-16777216
95,94,96,113,"null","null","null",11,0.0,3.6630013,-0.4628839,2.015647,-2.3054116,-16777216
96,95,97,112,"null","null","null",9,0.0,3.1602092,-0.6376129,3.1657646,-1.197186,-16777216
97,96,98,109,"null","null","null",8,0.0,2.5264807,-1.7809217,3.5147924,-0.3955168,-16777216
98,97,99,104,"null","null","null",6,0.0,1.3321702,-3.1510873,3.0981097,-0.6042881,-16777216
99,98,100,103,"null","null","null",3,0.0,0.32388037,-3.802749,2.361209,-0.6648447,-16777216
100,99,101,102,"null","null","null",2,0.0,0.55929816,-3.65514,1.7788392,-1.961041,-16777216
104,98,105,108,"null","null","null",3,0.0,3.0229464,-0.30320022,3.2790809,-1.3026825,-16777216
105,104,106,107,"null","null","null",2,0.0,2.3134422,-0.6527473,3.7626088,-0.3719896,-16777216
109,97,110,111,"null","null","null",2,0.0,3.827052,-0.6366827,0.9093875,-2.1905606,-16777216
113,95,114,115,"null","null","null",2,0.0,1.4433382,-2.010231,0.523484,-3.7908013,-16777216
120,90,121,122,"null","null","null",2,0.0,2.2791789,-0.55372137,3.7952094,-0.7052618,-16777216
124,88,125,144,"null","null","null",11,0.0,3.5166693,-0.6001848,2.1250017,-2.136561,-12486656
125,124,126,143,"null","null","null",10,0.0,2.9699788,-0.6376126,3.307929,-1.1971906,-12486656
126,125,127,142,"null","null","null",9,0.0,2.2791796,-1.6061704,3.6996102,-0.39551586,-12486656
127,126,128,141,"null","null","null",8,0.0,1.5045918,-2.9239151,3.338375,-0.60428745,-12486656
128,127,129,138,"null","null","null",7,0.0,0.323879,-3.507431,2.6735528,-1.350242,-12486656
129,128,130,135,"null","null","null",5,0.0,0.5592972,-3.271231,1.7948654,-2.852062,-16777216
130,129,131,134,"null","null","null",3,0.0,0.66423035,-2.5607548,0.64114,-3.7314625,-16777216
131,130,132,133,"null","null","null",2,0.0,1.4433327,-2.010233,0.50423574,-3.7908022,-16777216
135,129,136,137,"null","null","null",2,0.0,1.6001993,-2.2880385,3.5117075,-0.3173849,-16777216
138,128,139,140,"null","null","null",2,0.0,2.313444,-0.4390176,3.7626064,-0.7370704,-12486656
145,87,146,147,"null","null","null",2,0.0,3.2399716,-0.9025996,0.3578277,-2.7162256,-8572416
148,86,149,172,"null","null","null",13,0.0,2.42414,-1.9384066,0.48358738,-3.42161,-12486656
149,148,150,169,"null","null","null",12,0.0,3.38702,-0.58311385,0.6580919,-2.7725692,-12486656
150,149,151,162,"null","null","null",10,0.0,3.5166693,-0.46288335,2.0156415,-2.1631248,-16731116
151,150,152,161,"null","null","null",6,0.0,2.9699788,-0.6376126,3.165761,-1.1971906,-16777216
152,151,153,160,"null","null","null",5,0.0,2.2791796,-1.7809141,3.5147917,-0.39551586,-16777216
153,152,154,159,"null","null","null",4,0.0,1.5045918,-3.1510818,3.0981112,-0.60428745,-16777216
154,153,155,158,"null","null","null",3,0.0,0.323879,-3.8027477,2.3612099,-0.6648351,-16777216
155,154,156,157,"null","null","null",2,0.0,0.5592972,-3.6551423,1.7788439,-1.961033,-16777216
162,150,163,166,"null","null","null",4,0.0,2.143393,-2.1206918,0.52348524,-3.470651,-16731116
163,162,164,165,"null","null","null",2,0.0,3.126792,-0.97918236,0.6527473,-2.8544245,-16731116
166,162,167,168,"null","null","null",2,0.0,0.44286698,-3.7111826,1.8611758,-1.7914215,-11184866
169,149,170,171,"null","null","null",2,0.0,0.38339424,-2.4199004,0.86650753,-3.439216,-11184866
