index,parent,child1,child2,name1,name2,common,richness,lengthbr,hxmax,hxmin,hymax,hymin,color
0,-268435454,1,171,"null","null","null",199,76.0,2.6721146,-1.6207722,0.55929786,-3.3963404,-12486656
1,0,2,119,"null","null","null",194,76.0,3.4975266,-0.51715195,0.7901138,-2.723397,-12486656
2,1,3,118,"null","null","null",143,66.700005,3.4866824,-0.5042366,2.3458934,-2.0102303,-12486656
3,2,4,85,"null","null","null",142,66.700005,2.8752642,-0.6527476,3.390037,-0.7955988,-12486656
4,3,5,83,"null","null","null",125,63.4,2.2438135,-1.976033,3.6128306,-0.44105446,-16731116
5,4,6,62,"null","null","null",70,48.399998,1.1166828,-3.2137587,3.132394,-0.6278829,-16731116
6,5,7,31,"null","null","null",59,40.1,0.37198985,-3.677689,2.4557247,-1.5127425,-16731116
7,6,-268431360,8,"null","null","null",43,31.4,0.59051716,-3.3652625,1.5289013,-2.8931751,-16731116
8,7,9,24,"null","null","null",12,31.4,1.2264603,-2.992999,3.2806263,-0.28912845,-16731116
9,8,10,19,"null","null","null",8,31.4,0.34807986,-3.493181,2.620209,-1.4981446,-16731116
10,9,11,16,"null","null","null",5,31.4,0.57550097,-3.186377,1.6749371,-2.9612627,-16777216
11,10,12,15,"null","null","null",3,31.4,0.665,-2.4522903,0.5272846,-3.7671356,-16777216
12,11,13,14,"null","null","null",2,31.4,1.6186419,-1.938401,0.5235962,-3.7564588,-16777216
16,10,17,18,"null","null","null",2,31.4,1.5045818,-2.444159,3.4248688,-0.2750008,-16777216
19,9,20,23,"null","null","null",3,31.4,2.279176,-1.237134,3.7661476,-0.70525956,-16731116
20,19,21,22,"null","null","null",2,31.4,1.5045818,-2.444159,3.4248688,-0.6042887,-16777216
24,8,25,30,"null","null","null",4,31.4,2.9699736,-0.31716147,3.3591185,-1.1971812,-16777216
25,24,26,29,"null","null","null",3,31.4,2.279176,-1.237134,3.7661476,-0.3955179,-16777216
26,25,27,28,"null","null","null",2,31.4,1.5045818,-2.444159,3.4248688,-0.6042887,-16777216
31,6,32,57,"null","null","null",16,36.6,2.370362,-1.8495896,3.5280137,-0.67175376,-16777216
32,31,33,54,"null","null","null",13,36.6,1.2878745,-3.1463308,3.065713,-0.61676013,-16777216
33,32,34,53,"null","null","null",11,36.6,0.34807986,-3.692512,2.3408215,-1.3385763,-16777216
34,33,35,52,"null","null","null",10,14.3,0.57550097,-3.4455075,1.6917293,-2.753824,-16777216
35,34,36,47,"null","null","null",9,14.2,0.9518985,-2.7891603,0.33848894,-3.4974651,-16777216
36,35,37,44,"null","null","null",6,13.7,2.4870446,-2.0181692,0.5235962,-3.4058871,-16777216
37,36,38,43,"null","null","null",4,11.9,3.4687881,-0.86752254,0.65809226,-2.752128,-16777216
38,37,39,42,"null","null","null",3,2.0,3.6229606,-0.46288514,1.7924204,-2.1365557,-16777216
39,38,40,41,"null","null","null",2,1.8,3.1081543,-0.6376134,2.8755643,-1.1971804,-16777216
44,36,45,46,"null","null","null",2,11.0,0.40148032,-3.655138,1.7788366,-1.9610461,-16777216
47,35,48,51,"null","null","null",3,13.7,0.7950952,-3.8027492,2.3612084,-0.6648505,-16777216
48,47,49,50,"null","null","null",2,9.0,0.55929863,-3.655138,1.7788366,-1.9610461,-16777216
54,32,55,56,"null","null","null",2,1.6,3.1081553,-0.31716147,2.8755634,-1.1971812,-16777216
57,31,58,61,"null","null","null",3,36.6,3.622961,-0.6001822,1.7924187,-2.1365566,-16777216
58,57,59,60,"null","null","null",2,36.6,3.1081553,-0.6376133,2.8755634,-1.1971812,-16777216
62,5,63,78,"null","null","null",11,42.6,2.9070096,-0.33095568,3.2514265,-0.9287933,-16777216
63,62,64,77,"null","null","null",8,25.7,2.238162,-1.7316422,3.5280137,-0.41856945,-16777216
64,63,65,76,"null","null","null",7,25.7,1.4052819,-2.992999,3.065713,-0.61676013,-16777216
65,64,66,75,"null","null","null",6,25.7,0.34807986,-3.493181,2.3408215,-1.4981446,-16777216
66,65,67,72,"null","null","null",5,25.7,0.57550097,-3.186377,1.6749371,-2.9612627,-16777216
67,66,68,71,"null","null","null",3,25.7,0.665,-2.4522903,0.5272846,-3.7671356,-16777216
68,67,69,70,"null","null","null",2,25.7,1.6186419,-1.938401,0.5235962,-3.7564588,-16777216
72,66,73,74,"null","null","null",2,25.7,1.5045818,-2.444159,3.4248688,-0.2750008,-16777216
78,62,79,82,"null","null","null",3,31.5,3.6250997,-0.9025985,0.35782853,-2.752129,-16777216
79,78,80,81,"null","null","null",2,31.5,3.8261666,-0.4628849,1.0880196,-2.1365566,-16777216
83,4,-268430336,84,"null","null","null",55,57.7,3.492146,-0.5624,2.2620773,-2.0763679,-11184866
85,3,86,107,"null","null","null",17,56.199997,3.537706,-0.8857578,0.5977129,-2.7244716,-8572416
86,85,87,102,"null","null","null",11,33.899998,3.6238108,-0.4839731,2.1597333,-2.0484693,-8572416
87,86,88,101,"null","null","null",8,18.7,3.0781736,-0.64591235,3.2514265,-1.089205,-8572416
88,87,89,98,"","null","Blue-tongued Skinks",7,18.7,2.4606755,-1.7065799,3.5280137,-0.41856945,-8572416
89,88,90,97,"null","null","null",5,18.7,1.4052819,-2.9604182,3.065713,-0.61676013,-16777216
90,89,91,96,"null","null","null",4,18.7,0.34807986,-3.4508255,2.3408215,-1.3545737,-16777216
91,90,92,95,"null","null","null",3,13.700001,0.57550097,-3.131315,1.6917293,-2.7746205,-16777216
92,91,93,94,"null","null","null",2,10.3,0.665,-2.38071,0.5272846,-3.5245008,-16777216
98,88,99,100,"null","null","null",2,18.7,3.8261666,-0.6001822,1.0880196,-2.1365566,-8572416
102,86,103,106,"null","null","null",3,33.6,2.3110373,-1.9384017,0.48358512,-3.3782613,-16777216
103,102,104,105,"null","null","null",2,33.6,3.23998,-0.8675231,0.6580922,-2.7162147,-16777216
107,85,108,113,"null","null","null",6,15.0,0.8165077,-2.7891603,0.84492064,-3.476214,-16777216
108,107,109,112,"null","null","null",3,15.0,2.3110373,-1.9384017,0.52359605,-3.3782613,-16777216
109,108,110,111,"null","null","null",2,15.0,3.23998,-0.8675231,0.6580922,-2.7162147,-16777216
113,107,114,117,"null","null","null",3,15.0,0.79509544,-3.8027482,2.3612084,-0.66484976,-16777216
114,113,115,116,"null","null","null",2,15.0,0.55929846,-3.6551375,1.7788374,-1.9610459,-16777216
119,1,120,-268432384,"null","null","null",51,76.0,1.0522721,-2.6047664,0.82108617,-3.559219,-12486656
120,119,121,162,"null","null","null",26,60.7,2.543434,-1.7306724,0.5419737,-3.4099584,-16731116
121,120,122,159,"null","null","null",21,60.7,3.4364252,-0.49051088,0.66192484,-2.7459319,-16731116
122,121,123,144,"","null","Common Skinks",19,50.9,3.492146,-0.4839731,2.1597333,-2.0607476,-16731116
123,122,124,139,"null","null","null",11,50.9,2.9070096,-0.64591235,3.2514265,-0.88665277,-16731116
124,123,125,138,"null","null","null",8,50.9,2.238162,-1.7316422,3.5280137,-0.41856945,-16731116
125,124,126,135,"null","null","null",7,50.9,1.2878745,-2.992999,3.065713,-0.61676013,-16731116
126,125,127,134,"null","null","null",5,50.9,0.34807986,-3.493181,2.3408215,-1.4981446,-16731116
127,126,128,133,"null","null","null",4,50.9,0.57550097,-3.186377,1.6917293,-2.9612627,-12486656
128,127,129,132,"null","null","null",3,50.9,0.665,-2.4522903,0.5272846,-3.7671356,-12486656
129,128,130,131,"null","null","null",2,50.9,1.6186419,-1.938401,0.5235962,-3.7564588,-12486656
135,125,136,137,"null","null","null",2,50.9,3.1081553,-0.31716147,2.8755634,-1.1971812,-16777216
139,123,140,143,"null","null","null",3,50.9,3.6250997,-0.9025985,0.35782853,-2.752129,-16777216
140,139,141,142,"null","null","null",2,50.9,3.8261666,-0.4628849,1.0880196,-2.1365566,-16777216
144,122,145,156,"null","null","null",8,50.9,2.4241476,-2.0181699,0.48358512,-3.4058878,-16731116
145,144,146,155,"null","null","null",6,50.9,3.3870234,-0.8675231,0.6580922,-2.752129,-16731116
146,145,147,154,"null","null","null",5,50.9,3.5166674,-0.4628849,2.1643844,-2.1365566,-16731116
147,146,148,153,"null","null","null",4,50.9,2.9699736,-0.6376133,3.3591185,-1.1971812,-16731116
148,147,149,152,"null","null","null",3,50.9,2.279176,-1.237134,3.7661476,-0.3955179,-16777216
149,148,150,151,"null","null","null",2,50.9,1.5045818,-2.444159,3.4248688,-0.6042887,-16777216
156,144,157,158,"null","null","null",2,50.9,0.40148073,-3.6551375,1.7788374,-1.9610459,-16777216
159,121,160,161,"","null","Green-blooded Skink",2,11.1,0.3955614,-2.38071,0.84492064,-3.5244997,-16777216
162,120,163,168,"null","null","null",5,60.7,0.3595989,-3.186378,1.674941,-2.9612606,-16777216
163,162,164,167,"null","null","null",3,17.7,0.665,-2.4522915,0.5272858,-3.7671354,-16777216
164,163,165,166,"null","null","null",2,17.7,1.6186401,-1.9384017,0.52359605,-3.7564592,-16777216
168,162,169,170,"null","null","null",2,11.1,1.5045854,-2.4441533,3.4248726,-0.27500045,-16777216
171,0,172,177,"","null","Ground Skinks",5,69.7,0.31738317,-3.1200054,1.5501418,-3.0610633,-16731116
172,171,173,176,"null","null","null",3,69.7,0.66423047,-2.3745222,0.4136045,-3.7909274,-16777216
173,172,174,175,"null","null","null",2,69.7,1.7914319,-1.861171,0.5419737,-3.7111797,-16777216
177,171,178,179,"null","null","null",2,69.7,1.4052846,-2.5944977,3.3284123,-0.2891281,-16731116
