index,parent,child1,child2,name1,name2,common,richness,lengthbr,hxmax,hxmin,hymax,hymin,color
0,-268428278,1,118,"null","null","null",60,0.0,2.4642947,-1.938404,0.52359545,-3.405889,-16731116
1,0,2,117,"null","null","null",59,0.0,3.4392178,-0.8675265,0.6580921,-2.7521315,-16731116
2,1,3,116,"","null","Sea Snakes, Coral Snakes, Cobras and more",58,0.0,3.584523,-0.46288425,2.0156493,-2.136558,-16731116
3,2,4,111,"null","null","null",57,0.0,3.0581865,-0.637613,3.1657662,-1.003265,-16731116
4,3,5,98,"null","null","null",54,0.0,2.3938518,-1.5837808,3.514793,-0.39551717,-12486656
5,4,6,83,"null","null","null",47,0.0,1.4246802,-2.8948028,3.0981092,-0.6042883,-11184866
6,5,7,82,"null","null","null",39,0.0,0.32388073,-3.4695776,2.361209,-1.2130253,-11184866
7,6,8,81,"null","null","null",38,0.0,0.5592984,-3.2220163,1.7788378,-2.6736746,-11184866
8,7,9,80,"null","null","null",37,0.0,0.7901181,-2.4967756,0.6411318,-3.4995515,-11184866
9,8,10,73,"null","null","null",36,0.0,2.345897,-1.9270647,0.5042372,-3.4893122,-11184866
10,9,11,68,"null","null","null",32,0.0,3.3900387,-0.76730907,0.65274775,-2.8786824,-11184866
11,10,12,59,"null","null","null",29,0.0,3.61283,-0.44105512,1.9801664,-2.2438111,-11184866
12,11,13,52,"null","null","null",24,0.0,3.132392,-0.6278832,3.219129,-1.1166797,-11184866
13,12,14,39,"null","null","null",20,0.0,2.4557228,-1.4749897,3.684667,-0.37199056,-11184866
14,13,15,36,"","null","Sea Snakes",13,0.0,1.5501353,-2.8440938,3.3743324,-0.59051764,-16777216
15,14,16,33,"null","null","null",11,0.0,0.29949006,-3.508861,2.705148,-1.1122096,-16777216
16,15,17,32,"null","null","null",9,0.0,0.5419747,-3.344489,1.8611665,-2.6213481,-16777216
17,16,18,31,"null","null","null",8,0.0,0.66192496,-2.6608212,0.7546901,-3.5377078,-16777216
18,17,19,30,"null","null","null",7,0.0,2.1597412,-2.0763643,0.48397422,-3.6238084,-16777216
19,18,20,29,"null","null","null",6,0.0,3.2514307,-1.0891994,0.64591277,-3.0781689,-16777216
20,19,21,26,"null","null","null",5,0.0,3.5280137,-0.41857076,1.8652986,-2.4606717,-16777216
21,20,22,25,"null","null","null",3,0.0,3.0657103,-0.61676085,3.166747,-1.4052767,-16777216
22,21,23,24,"null","null","null",2,0.0,2.3408196,-0.65809155,3.7190475,-0.34808123,-16777216
26,20,27,28,"null","null","null",2,0.0,1.0880269,-2.1365538,0.60018003,-3.8261664,-16777216
33,15,34,35,"null","null","null",2,0.0,2.3408208,-0.4290239,3.7190452,-0.7670516,-16777216
36,14,37,38,"null","null","null",2,0.0,3.3284082,-0.2891289,2.5945039,-1.4052806,-16777216
39,13,40,51,"null","null","null",7,0.0,3.5280137,-0.67175275,1.7065823,-2.238161,-11184866
40,39,41,50,"null","null","null",6,0.0,3.065712,-0.6167603,2.9604197,-1.4052806,-11184866
41,40,42,49,"null","null","null",5,0.0,2.3408208,-1.3545772,3.4508257,-0.34808022,-11184866
42,41,43,46,"null","null","null",4,0.0,1.6749359,-2.7746239,3.1313145,-0.5755012,-11184866
43,42,44,45,"null","null","null",2,0.0,0.5272817,-3.5245032,2.3807092,-0.665,-11184866
46,42,47,48,"null","null","null",2,0.0,3.4248688,-0.27500102,2.444159,-1.5045819,-16777216
52,12,53,56,"null","null","null",4,0.0,3.4735096,-0.92879295,0.3309561,-2.9070082,-16777216
53,52,54,55,"null","null","null",2,0.0,3.8167202,-0.4185698,0.73106515,-2.238161,-16777216
56,52,57,58,"null","null","null",2,0.0,0.35782874,-2.7162147,0.90259826,-3.23998,-16777216
59,11,60,67,"null","null","null",5,0.0,2.279306,-2.076367,0.5623988,-3.4921455,-16777216
60,59,61,66,"null","null","null",4,0.0,3.4068692,-1.0892038,0.6459124,-2.9070082,-16777216
61,60,62,65,"null","null","null",3,0.0,3.7300878,-0.4185698,1.4251086,-2.238161,-16777216
62,61,63,64,"null","null","null",2,0.0,3.3284082,-0.6167603,2.5945039,-1.4052806,-16777216
68,10,69,72,"null","null","null",3,0.0,0.37080103,-2.660825,0.8857573,-3.6840577,-16777216
69,68,70,71,"null","null","null",2,0.0,1.2662381,-2.076367,0.48397338,-3.8140666,-16777216
73,9,74,77,"null","null","null",4,0.0,0.44286364,-3.2755356,1.9094158,-2.4725387,-16777216
74,73,75,76,"null","null","null",2,0.0,0.6619249,-2.571182,0.7546941,-3.3442578,-16777216
77,73,78,79,"null","null","null",2,0.0,1.691729,-2.1268048,3.5885563,-0.35959762,-16777216
83,5,84,97,"","null","Kraits",8,0.0,3.2310967,-0.30320042,3.2191267,-1.3026809,-16777216
84,83,85,94,"null","null","null",7,0.0,2.5840383,-1.6418905,3.6846669,-0.37198997,-16777216
85,84,86,93,"null","null","null",5,0.0,1.6001918,-3.0610669,3.3743334,-0.5905173,-16777216
86,85,87,90,"null","null","null",4,0.0,0.29948944,-3.7909288,2.7051492,-0.66423035,-16777216
87,86,88,89,"null","null","null",2,0.0,0.5419743,-3.711179,1.8611686,-1.7914356,-16777216
90,86,91,92,"null","null","null",2,0.0,2.3408213,-0.42902362,3.719045,-0.76705235,-16777216
94,84,95,96,"null","null","null",2,0.0,3.81672,-0.67175364,0.73106325,-2.2381618,-16777216
98,4,99,110,"","null","Cobras and more",7,0.0,3.5286393,-0.63668215,1.864401,-2.1905596,-16731116
99,98,100,107,"null","null","null",6,0.0,3.0229454,-0.62788296,3.0686367,-1.1514481,-16731116
100,99,101,106,"null","null","null",4,0.0,2.3134418,-1.52877,3.4890296,-0.37198997,-16777216
101,100,102,105,"null","null","null",3,0.0,1.6001918,-2.9140103,3.1200051,-0.5905173,-16777216
102,101,103,104,"null","null","null",2,0.0,0.4136008,-3.5997553,2.3745222,-0.66423035,-16777216
107,99,108,109,"null","null","null",2,0.0,3.005169,-1.0892045,0.33095574,-2.9852326,-16731116
111,3,112,115,"","null","Coral Snakes",3,0.0,3.5548232,-0.979175,0.34452912,-2.8342993,-16731116
112,111,113,114,"null","null","null",2,0.0,3.827052,-0.44105458,0.90939033,-2.1905596,-16731116
