index,parent,child1,child2,name1,name2,common,richness,lengthbr,hxmax,hxmin,hymax,hymin,color
0,-268435427,1,34,"PYGOPODIDAE","null","Legless Lizards",28,54.200005,2.3881617,-1.7316358,3.5280137,-0.6717553,-12486656
1,0,2,31,"null","null","null",17,54.2,1.2878824,-2.9929955,3.0657148,-0.61675954,-11184866
2,1,3,30,"null","null","null",15,54.2,0.34807855,-3.4931817,2.3408227,-1.3438702,-11184866
3,2,4,29,"null","null","null",14,37.3,0.5755001,-3.186382,1.691735,-2.760711,-11184866
4,3,5,28,"null","null","null",13,37.300003,0.9035089,-2.4522967,0.5272908,-3.5064247,-11184866
5,4,6,27,"null","null","null",12,37.300003,2.424142,-1.9384054,0.5235953,-3.4175386,-11184866
6,5,7,24,"null","null","null",11,34.9,3.3870208,-0.58311164,0.658092,-2.767276,-11184866
7,6,8,17,"null","null","null",9,24.8,3.516669,-0.4628837,2.164377,-2.1562448,-11184866
8,7,9,14,"null","null","null",5,24.8,2.9699779,-0.6376127,3.3591154,-1.0122119,-11184866
9,8,10,13,"null","null","null",3,14.299999,2.2791789,-1.237118,3.766151,-0.39551622,-16777216
10,9,11,12,"null","null","null",2,7.2,1.5045903,-2.4441457,3.4248772,-0.6042876,-16777216
14,8,15,16,"null","null","null",2,16.7,3.1267936,-0.9791807,0.3445286,-2.8544226,-11184866
17,7,18,23,"null","null","null",4,17.5,2.4726462,-2.0102327,0.52348465,-3.4551735,-16777216
18,17,19,22,"null","null","null",3,16.9,3.5548193,-0.9791807,0.65274733,-2.8343034,-16777216
19,18,20,21,"null","null","null",2,12.0,3.8270519,-0.4410535,0.90937954,-2.1905627,-16777216
24,6,25,26,"null","null","null",2,24.5,0.38339442,-2.419898,0.8665073,-3.439217,-11184866
31,1,32,33,"null","null","null",2,23.1,3.108163,-0.3171607,2.8755546,-1.1971878,-16777216
34,0,35,54,"null","null","null",11,44.100002,3.6630025,-0.60018396,2.0156455,-2.1365595,-12486656
35,34,36,53,"null","null","null",10,44.000004,3.1602106,-0.6376128,3.1657636,-1.1971877,-12486656
36,35,37,50,"null","null","null",9,43.800003,2.5264819,-1.5568571,3.5147922,-0.39551648,-12486656
37,36,38,45,"null","null","null",7,29.7,1.3321728,-2.859805,3.0981102,-0.6042878,-12486656
38,37,39,44,"null","null","null",4,29.7,0.32387978,-3.4240847,2.3612094,-1.1773195,-12486656
39,38,40,43,"null","null","null",3,22.0,0.5592977,-3.1628785,1.7788419,-2.6272604,-12486656
40,39,41,42,"null","null","null",2,21.5,0.66423047,-2.4198968,0.64113814,-3.439218,-12486656
45,37,46,49,"null","null","null",3,17.1,3.0229475,-0.3031999,3.279077,-1.3026859,-16777216
46,45,47,48,"null","null","null",2,6.8,2.313443,-0.6527475,3.762607,-0.3719889,-16777216
50,36,51,52,"","null","Scalyfoots",2,16.4,3.827052,-0.63668334,0.9093828,-2.1905618,-16777216
