index,parent,child1,child2,name1,name2,common,richness,lengthbr,hxmax,hxmin,hymax,hymin,color
0,-268428275,1,36,"null","null","null",23,0.0,2.4882057,-1.8475455,0.52359545,-3.5058017,-16731116
1,0,2,35,"null","null","null",18,0.0,3.470302,-0.8675265,0.6580921,-2.8820176,-16731116
2,1,3,32,"null","null","null",17,0.0,3.6249325,-0.46288425,2.1250088,-2.30541,-16731116
3,2,4,27,"null","null","null",15,0.0,3.1107192,-0.637613,3.3079333,-1.003265,-16731116
4,3,5,22,"null","null","null",12,0.0,2.4621441,-1.606179,3.6996102,-0.39551717,-16731116
5,4,6,21,"null","null","null",9,0.0,1.5045848,-2.9239204,3.3383718,-0.6042883,-12486656
6,5,7,18,"null","null","null",8,0.0,0.32388073,-3.5074306,2.6735504,-1.1974847,-11184866
7,6,8,17,"null","null","null",6,0.0,0.5592984,-3.2712252,1.7788378,-2.653472,-16777216
8,7,9,16,"null","null","null",5,0.0,0.8876251,-2.5607474,0.6411318,-3.473288,-16777216
9,8,10,15,"null","null","null",4,0.0,2.472656,-2.0102282,0.5042372,-3.4551697,-16777216
10,9,11,14,"null","null","null",3,0.0,3.5548253,-0.9791728,0.65274775,-2.8342974,-16777216
11,10,12,13,"null","null","null",2,0.0,3.8270524,-0.44105512,0.9093949,-2.1905584,-16777216
18,6,19,20,"null","null","null",2,0.0,2.3134418,-0.4390183,3.7626092,-0.7370682,-11184866
22,4,23,26,"null","null","null",3,0.0,3.6822972,-0.63668215,1.610443,-2.1905596,-16731116
23,22,24,25,"null","null","null",2,0.0,3.2227004,-0.62788296,2.7384913,-1.3026809,-16731116
27,3,28,31,"null","null","null",3,0.0,3.5548232,-0.979175,0.34452912,-2.8342993,-16731116
28,27,29,30,"null","null","null",2,0.0,3.827052,-0.44105458,0.90939033,-2.1905596,-16731116
32,2,33,34,"null","null","null",2,0.0,1.4433408,-2.01023,0.52348334,-3.7908006,-16777216
36,0,37,42,"null","null","null",5,0.0,0.401482,-3.2712274,1.79486,-2.852067,-16777216
37,36,38,41,"null","null","null",3,0.0,0.66423047,-2.56075,0.6411348,-3.7314641,-16777216
38,37,39,40,"null","null","null",2,0.0,1.4433408,-2.01023,0.50423664,-3.7908006,-16777216
42,36,43,44,"null","null","null",2,0.0,1.600195,-2.288046,3.511704,-0.31738296,-16777216
