index,parent,child1,child2,name1,name2,common,richness,lengthbr,hxmax,hxmin,hymax,hymin,color
0,-268435440,1,44,"null","null","null",24,98.6,2.3868923,-1.9931511,3.665975,-0.6366832,-12486656
1,0,2,43,"null","null","null",22,98.6,1.302686,-3.2360156,3.2014832,-0.62788254,-12486656
2,1,3,38,"null","null","null",21,98.6,0.37198886,-3.706627,2.5455391,-1.4749801,-12486656
3,2,4,37,"null","null","null",18,98.6,0.59051657,-3.4028842,1.6001961,-2.8440876,-11184866
4,3,5,32,"null","null","null",17,91.7,1.0522699,-2.7422647,0.29948834,-3.5088606,-11184866
5,4,6,19,"null","null","null",14,91.299995,2.5434322,-1.751652,0.5419735,-3.3444939,-11184866
6,5,7,18,"null","null","null",7,23.1,3.4364245,-0.7546976,0.6619248,-2.660828,-11184866
7,6,8,17,"","null","Lance Skinks",6,22.9,3.4921463,-0.48397276,2.1597314,-2.076369,-16777216
8,7,9,16,"null","null","null",5,22.9,2.9070103,-0.64591223,3.2514253,-1.0892067,-16777216
9,8,10,15,"null","null","null",4,20.9,2.2381625,-1.8652867,3.5280137,-0.41856912,-16777216
10,9,11,14,"null","null","null",3,7.2,1.4052837,-3.1667385,3.0657134,-0.61675996,-16777216
11,10,12,13,"null","null","null",2,7.0,0.3480795,-3.7190437,2.3408217,-0.6580919,-16777216
19,5,20,31,"","null","Worm-skinks",7,34.1,0.35959953,-3.2335796,1.691733,-2.75382,-11184866
20,19,21,30,"null","null","null",6,34.1,1.0443869,-2.5136538,0.52728754,-3.4974644,-16777216
21,20,22,27,"null","null","null",5,34.1,2.6072814,-2.0181713,0.52359575,-3.4058883,-16777216
22,21,23,26,"null","null","null",3,34.1,3.625099,-0.86752474,0.65809214,-2.7521303,-16777216
23,22,24,25,"null","null","null",2,18.6,3.8261669,-0.46288455,1.0880169,-2.1365573,-16777216
27,21,28,29,"null","null","null",2,34.1,0.4014814,-3.6551383,1.7788389,-1.9610431,-16777216
32,4,33,36,"null","null","null",3,13.4,0.7670537,-3.8025503,2.3408222,-0.8562454,-16777216
33,32,34,35,"null","null","null",2,13.4,0.57550037,-3.5885596,1.691733,-2.1267972,-16777216
38,2,39,42,"","null","Snake-eyed Skinks",3,27.0,2.238164,-1.4250957,3.730091,-0.6717552,-16731116
39,38,40,41,"null","null","null",2,27.0,1.4052877,-2.5944932,3.3284154,-0.61675954,-16731116
44,0,45,46,"null","null","null",2,17.1,3.8140678,-0.56240124,1.2662275,-2.0763705,-16777216
