index,parent,child1,child2,name1,name2,common,richness,lengthbr,hxmax,hxmin,hymax,hymin,color
0,-268435455,1,68,"","null","Geckos",43,91.19999,0.59051657,-3.374335,1.4333891,-2.8541675,-16777216
1,0,2,65,"null","null","null",34,80.29999,1.0522678,-2.7051506,0.29948816,-3.521965,-16777216
2,1,3,60,"null","null","null",32,80.29999,2.5434303,-1.7062025,0.5419733,-3.3615303,-16777216
3,2,4,59,"null","null","null",29,72.69999,3.436424,-0.7547009,0.67643225,-2.6829753,-16777216
4,3,5,46,"null","null","null",28,70.99999,3.492148,-0.48397225,2.262071,-2.1051588,-16777216
5,4,6,45,"null","null","null",21,66.2,2.9070134,-0.64591193,3.3844702,-1.0892115,-16777216
6,5,7,44,"null","null","null",20,62.1,2.2381644,-1.8280952,3.7009757,-0.4185682,-16777216
7,6,8,35,"null","null","null",19,47.199997,1.2264682,-3.118394,3.2905664,-0.6167594,-16777216
8,7,9,32,"null","null","null",14,45.6,0.34807813,-3.6562014,2.6331294,-1.3385665,-16777216
9,8,10,29,"null","null","null",12,45.6,0.5754999,-3.3983083,1.6749467,-2.7538173,-16777216
10,9,11,26,"null","null","null",10,45.6,0.9035089,-2.7278008,0.33849317,-3.497464,-16777216
11,10,12,25,"null","null","null",8,45.6,2.4241421,-1.9384052,0.5235952,-3.40589,-16777216
12,11,13,24,"null","null","null",7,33.3,3.3870208,-0.8675283,0.658092,-2.752133,-16777216
13,12,14,23,"null","null","null",6,33.1,3.516668,-0.4628839,2.015647,-2.136559,-16777216
14,13,15,22,"null","null","null",5,32.1,2.969976,-0.6376129,3.1657646,-1.197186,-16777216
15,14,16,21,"null","null","null",4,30.9,2.2791777,-1.6992283,3.5147924,-0.3955168,-16777216
16,15,17,20,"null","null","null",3,30.9,1.5045863,-3.0448856,3.0981097,-0.6042881,-16777216
17,16,18,19,"null","null","null",2,30.9,0.32388037,-3.664687,2.361209,-0.66192466,-16777216
26,10,27,28,"null","null","null",2,29.2,0.79509676,-3.6646852,2.3612092,-0.4184203,-16777216
29,9,30,31,"null","null","null",2,45.6,1.5045897,-2.4441464,3.4248772,-0.27500063,-16777216
32,8,33,34,"null","null","null",2,45.6,2.2791789,-0.55372137,3.7952094,-0.7052618,-16777216
35,7,36,43,"null","null","null",5,41.3,2.969978,-0.3171605,3.1657617,-1.1971898,-16777216
36,35,37,42,"","null","Spiny-tailed Geckos",4,41.1,2.279179,-1.6992202,3.5147917,-0.39551604,-16777216
37,36,38,41,"null","null","null",3,28.1,1.5045912,-3.044879,3.098111,-0.6042875,-16777216
38,37,39,40,"null","null","null",2,27.9,0.32387918,-3.6646833,2.3612099,-0.66192484,-16777216
46,4,47,58,"null","null","null",7,66.299995,2.4241405,-1.938406,0.4835871,-3.5058045,-16777216
47,46,48,57,"null","null","null",6,66.1,3.38702,-0.8675306,0.658092,-2.882022,-16777216
48,47,49,54,"","null","Velvet Geckos",5,48.4,3.516669,-0.46288353,2.1815703,-2.3054137,-16777216
49,48,50,53,"null","null","null",3,48.4,2.969978,-0.63761264,3.3814673,-1.1971898,-16777216
50,49,51,52,"null","null","null",2,48.4,2.279179,-0.6459123,3.795209,-0.39551604,-16777216
54,48,55,56,"null","null","null",2,48.4,1.4433315,-2.0102332,0.52348495,-3.7908025,-16777216
60,2,61,64,"null","null","null",3,80.3,0.35960028,-3.1313152,1.6917354,-2.7746117,-16777216
61,60,62,63,"","null","Leaf-tailed Geckos",2,16.6,0.665,-2.3807096,0.5272911,-3.524496,-16777216
65,1,66,67,"null","null","null",2,16.6,0.76705396,-3.7190418,2.3408227,-0.42902306,-16777216
68,0,69,84,"null","null","null",9,49.5,1.4052875,-3.1183958,3.0657148,-0.2891278,-16777216
69,68,70,83,"","null","Knob-tailed Geckos",8,31.300001,0.34807858,-3.6562018,2.3408227,-1.3385684,-16777216
70,69,71,82,"null","null","null",7,31.300001,0.5755001,-3.398308,1.691735,-2.7538188,-16777216
71,70,72,79,"null","null","null",6,31.300001,1.044382,-2.7278006,0.338493,-3.497465,-16777216
72,71,73,78,"null","null","null",4,31.1,2.6072767,-1.9384054,0.5235953,-3.405891,-16777216
73,72,74,77,"null","null","null",3,31.0,3.6250963,-0.86752975,0.658092,-2.7521338,-16777216
74,73,75,76,"null","null","null",2,24.7,3.826167,-0.4628837,1.0880075,-2.13656,-16777216
79,71,80,81,"null","null","null",2,13.9,0.79509664,-3.664685,2.3612094,-0.4184203,-16777216
