index,parent,child1,child2,name1,name2,common,richness,lengthbr,hxmax,hxmin,hymax,hymin,color
0,-268435450,1,54,"null","null","null",38,111.7,2.2438178,-1.864392,3.6128316,-0.44105357,-16731116
1,0,2,47,"null","null","null",27,102.9,1.1166892,-3.0686302,3.1323977,-0.62788236,-16777216
2,1,3,40,"null","null","null",23,102.9,0.3719885,-3.4890275,2.4557276,-1.4674648,-16777216
3,2,4,39,"null","null","null",19,96.6,0.5905163,-3.120006,1.6001976,-2.8343189,-16777216
4,3,5,38,"null","null","null",18,96.5,1.0522677,-2.3745227,0.41360784,-3.496163,-16777216
5,4,6,25,"null","null","null",17,96.4,2.5434306,-1.730676,0.54197323,-3.3279877,-16777216
6,5,7,24,"","null","Web-toed Geckos",10,84.4,3.436424,-0.7546993,0.6619247,-2.6393704,-16777216
7,6,8,19,"null","null","null",9,84.4,3.492147,-0.48397243,2.1597292,-2.048473,-16777216
8,7,9,16,"null","null","null",6,84.4,2.9070115,-0.6459121,3.251424,-0.87069505,-16777216
9,8,10,15,"null","null","null",4,84.4,2.2381635,-1.8652847,3.5280135,-0.4185688,-16777216
10,9,11,14,"null","null","null",3,84.4,1.405285,-3.166737,3.065714,-0.6167598,-16777216
11,10,12,13,"null","null","null",2,84.4,0.34807912,-3.7190433,2.3408222,-0.658092,-16777216
16,8,17,18,"null","null","null",2,84.4,3.2399766,-0.902599,0.35782814,-2.716219,-16777216
19,7,20,23,"null","null","null",3,48.0,2.3110323,-1.938404,0.48358634,-3.3782644,-16777216
20,19,21,22,"null","null","null",2,27.3,3.2399766,-0.8675265,0.6580921,-2.716219,-16777216
25,5,26,37,"null","null","null",7,96.4,0.3596002,-3.1863809,1.6917346,-2.7538188,-16777216
26,25,27,36,"null","null","null",6,87.4,0.95189315,-2.452295,0.5272892,-3.4974642,-16777216
27,26,28,35,"null","null","null",5,87.4,2.4870405,-1.938404,0.52359545,-3.405889,-16777216
28,27,29,34,"","null","Thick-toed Geckos",4,52.7,3.4687872,-0.8675265,0.6580921,-2.7521315,-16777216
29,28,30,33,"null","null","null",3,52.7,3.6229632,-0.46288425,1.7924132,-2.136558,-16777216
30,29,31,32,"null","null","null",2,52.7,3.108159,-0.637613,2.875559,-1.1971844,-16777216
40,2,41,46,"","null","Day Geckos",4,43.2,2.2381644,-1.8652785,3.5280132,-0.6717557,-16777216
41,40,42,45,"null","null","null",3,37.5,1.4052893,-3.1667323,3.0657153,-0.6167594,-16777216
42,41,43,44,"null","null","null",2,12.3,0.34807813,-3.7190413,2.340823,-0.65809214,-16777216
47,1,48,53,"null","null","null",4,39.0,2.907014,-0.3309549,3.406866,-1.0892122,-16777216
48,47,49,52,"null","null","null",3,31.2,2.238165,-1.4250925,3.730091,-0.41856802,-16777216
49,48,50,51,"null","null","null",2,31.2,1.4052893,-2.5944912,3.3284168,-0.6167593,-16777216
54,0,55,74,"null","null","null",11,111.7,3.4921482,-0.56240183,2.1597247,-2.0763712,-16731116
55,54,56,73,"null","null","null",10,111.7,2.907014,-0.6459119,3.251421,-1.0892122,-16731116
56,55,57,72,"null","null","null",9,111.7,2.238165,-1.731633,3.5280128,-0.41856802,-16731116
57,56,58,71,"null","null","null",8,111.7,1.4052893,-2.9929938,3.0657153,-0.6167593,-16731116
58,57,59,70,"","null","House Geckos",7,62.699997,0.34807813,-3.4931812,2.340823,-1.3259928,-16731116
59,58,60,67,"null","null","null",6,62.699997,0.5754999,-3.186382,1.6749467,-2.7374713,-16731116
60,59,61,66,"null","null","null",4,62.399998,0.8164995,-2.4522967,0.5272909,-3.4762142,-16777216
61,60,62,65,"null","null","null",3,55.899998,2.31103,-1.9384052,0.5235952,-3.3782654,-16777216
62,61,63,64,"null","null","null",2,55.6,3.239975,-0.8675283,0.658092,-2.716221,-16777216
67,59,68,69,"null","null","null",2,62.7,1.5045897,-2.4441464,3.4248772,-0.27500063,-16731116
