index,parent,child1,child2,name1,name2,common,richness,lengthbr,hxmax,hxmin,hymax,hymin,color
0,-268435431,1,140,"null","null","null",160,99.2,2.6213384,-1.845845,0.44286627,-3.4007168,-12486656
1,0,2,127,"","null","Dragon Lizards",135,88.7,3.5377054,-0.49051434,0.6619247,-2.7339182,-16731116
2,1,3,111,"null","null","null",128,67.9,3.6238143,-0.48397207,2.2359977,-2.0607538,-16731116
3,2,4,108,"null","null","null",75,67.9,3.0781798,-0.6459119,3.3505754,-0.87070066,-16731116
4,3,5,105,"null","null","null",73,61.100002,2.4606805,-1.7906542,3.6569133,-0.41856802,-16731116
5,4,6,89,"null","null","null",71,52.4,1.2890222,-3.0697215,3.2332857,-0.6167593,-16731116
6,5,7,60,"null","null","null",42,31.900002,0.34807813,-3.592927,2.5586643,-1.3419418,-16731116
7,6,8,35,"null","null","null",27,26.6,0.5754999,-3.3160512,1.640714,-2.7582052,-8572416
8,7,9,28,"null","null","null",14,21.0,0.9035089,-2.6208668,0.33849317,-3.5031683,-8572416
9,8,10,25,"null","null","null",10,20.2,2.4241421,-2.0181746,0.5235952,-3.4133058,-16777216
10,9,11,18,"null","null","null",8,18.599998,3.3870208,-0.64571226,0.658092,-2.7617736,-16777216
11,10,12,17,"null","null","null",4,9.0,3.516668,-0.4628839,2.1815746,-2.136559,-16777216
12,11,13,16,"null","null","null",3,9.0,2.969976,-0.6376129,3.3814704,-1.197186,-16777216
13,12,14,15,"null","null","null",2,9.0,2.2791777,-0.645912,3.79521,-0.3955168,-16777216
18,10,19,24,"null","null","null",4,11.9,0.6343497,-2.5607514,0.86650705,-3.4851904,-16777216
19,18,20,23,"null","null","null",3,11.9,2.1434007,-2.010231,0.50423634,-3.4706461,-16777216
20,19,21,22,"null","null","null",2,11.9,3.126798,-0.9791769,0.6527475,-2.8544173,-16777216
25,9,26,27,"null","null","null",2,6.0,0.40148264,-3.6551406,1.7788414,-1.9610381,-16777216
28,8,29,34,"null","null","null",4,15.799999,0.79509676,-3.4240837,2.3612092,-1.1773208,-8572416
29,28,30,33,"","null","Twirler Moth",3,10.9,0.5592977,-3.1628768,1.7788414,-2.6272619,-8572416
30,29,31,32,"null","null","null",2,4.7,0.66423047,-2.4198945,0.6411365,-3.4392192,-8572416
35,7,36,53,"null","null","null",13,26.6,1.3321738,-2.923917,3.347854,-0.27500063,-16777216
36,35,37,46,"null","null","null",9,26.6,0.32387957,-3.5074313,2.685876,-1.2045211,-16777216
37,36,38,45,"null","null","null",5,26.6,0.55929744,-3.2712297,1.7788426,-2.6626234,-16777216
38,37,39,44,"null","null","null",4,9.7,0.66423047,-2.5607533,0.6411383,-3.4851909,-16777216
39,38,40,43,"null","null","null",3,9.7,2.1433983,-2.010232,0.50423604,-3.4706478,-16777216
40,39,41,42,"null","null","null",2,9.7,3.1267962,-0.9791784,0.6527474,-2.8544197,-16777216
46,36,47,50,"null","null","null",4,9.5,2.5840416,-1.0472503,3.7903354,-0.73706996,-16777216
47,46,48,49,"null","null","null",2,9.5,1.6001987,-2.2880404,3.5117064,-0.5905163,-16777216
50,46,51,52,"null","null","null",2,9.5,3.816719,-0.6717558,0.73104995,-2.2381647,-16777216
53,35,54,59,"null","null","null",4,26.6,3.0229483,-0.30319974,3.300406,-1.3026869,-16777216
54,53,55,58,"","null","Mountain Horned Dragons",3,6.2,2.3134434,-1.0472503,3.7903354,-0.37198862,-16777216
55,54,56,57,"null","null","null",2,6.2,1.6001987,-2.2880404,3.5117064,-0.5905163,-16777216
60,6,61,88,"","null","Flying Dragons",15,15.0,2.2791789,-1.6061726,3.6276631,-0.7052618,-16731116
61,60,62,87,"null","null","null",14,15.0,1.5045903,-2.9239163,3.244843,-0.6042876,-16731116
62,61,63,78,"null","null","null",13,15.0,0.3238794,-3.5074313,2.5519614,-1.197477,-16731116
63,62,64,75,"null","null","null",8,10.9,0.55929744,-3.2712297,1.7948636,-2.6534662,-16777216
64,63,65,74,"null","null","null",6,9.0,0.88761616,-2.5607533,0.6411383,-3.4732866,-16777216
65,64,66,73,"null","null","null",5,8.7,2.4726481,-2.010232,0.50423604,-3.4551725,-16777216
66,65,67,70,"null","null","null",4,6.8,3.554821,-0.7274748,0.6527474,-2.834302,-16777216
67,66,68,69,"null","null","null",2,6.8,3.827052,-0.4410539,0.90938497,-2.1905615,-16777216
70,66,71,72,"null","null","null",2,5.7,0.37080032,-2.571188,0.8857583,-3.3442535,-16777216
75,63,76,77,"null","null","null",2,8.4,1.6001978,-2.2880409,3.5117064,-0.31738424,-16777216
78,62,79,86,"null","null","null",5,14.8,2.3134434,-1.6418805,3.4890275,-0.73706996,-16731116
79,78,80,85,"null","null","null",4,12.3,1.6001987,-3.0610595,3.120006,-0.5905163,-16731116
80,79,81,84,"null","null","null",3,9.6,0.4136094,-3.7909265,2.3745227,-0.66423047,-16731116
81,80,82,83,"null","null","null",2,9.6,0.541973,-3.7111814,1.8611743,-1.7914251,-16731116
89,5,-268407808,90,"null","null","null",29,27.900002,3.1107247,-0.3171605,3.1657617,-1.0703928,-16777216
90,89,91,102,"null","null","null",8,24.400002,3.3252714,-0.9169636,0.42203617,-2.9853282,-16777216
91,90,92,99,"null","null","null",6,19.8,3.52864,-0.44105333,2.0426793,-2.3868942,-16777216
92,91,93,98,"null","null","null",4,19.8,3.0229487,-0.62788224,3.300405,-1.3026884,-16777216
93,92,94,97,"null","null","null",3,19.8,2.313444,-1.0472472,3.790336,-0.37198827,-16777216
94,93,95,96,"null","null","null",2,16.6,1.6002,-2.2880378,3.5117078,-0.5905161,-16777216
99,91,100,101,"null","null","null",2,19.8,1.266223,-2.0763721,0.5624022,-3.814068,-16777216
102,90,103,104,"null","null","null",2,7.8,0.3708,-2.5711937,0.88575876,-3.34425,-16777216
105,4,106,107,"","null","Sailfin Lizards",2,11.4,3.826167,-0.6001848,1.0880048,-2.136561,-11184866
108,3,109,110,"null","null","null",2,12.9,3.2399716,-0.9025996,0.3578277,-2.7162256,-16777216
111,2,112,118,"null","null","null",53,67.899994,2.4892077,-1.8475497,0.48358738,-3.405892,-16777216
112,111,113,115,"null","null","null",48,33.8,3.4716082,-0.58311385,0.6580919,-2.7521353,-16777216
113,112,-268408832,114,"null","null","null",46,33.6,3.6266341,-0.46288335,2.1128728,-2.136561,-16777216
115,112,116,117,"","null","Water Dragons",2,32.4,0.38339424,-2.4199004,0.86650753,-3.439216,-16777216
118,111,119,126,"null","null","null",5,67.9,0.4014834,-3.271231,1.7788435,-2.6626234,-16777216
119,118,120,125,"null","null","null",4,14.5,0.66423035,-2.5607548,0.64114004,-3.4851918,-16777216
120,119,121,124,"null","null","null",3,14.5,2.1433942,-2.0102332,0.50423574,-3.4706504,-16777216
121,120,122,123,"null","null","null",2,10.5,3.126793,-0.9791815,0.6527473,-2.8544235,-16777216
127,1,128,139,"null","null","null",7,88.7,1.0443795,-2.3807096,0.8449218,-3.4974647,-16731116
128,127,129,134,"","null","Spiny-tailed Lizards",6,24.3,2.6072748,-1.799394,0.523595,-3.405892,-16731116
129,128,130,133,"null","null","null",3,24.3,3.6250954,-0.86753124,0.6580919,-2.7521353,-16731116
130,129,131,132,"null","null","null",2,12.8,3.826167,-0.46288335,1.0880048,-2.136561,-16731116
134,128,135,138,"null","null","null",3,24.3,0.4014834,-3.1628807,1.7788435,-2.6272578,-16777216
135,134,136,137,"null","null","null",2,18.9,0.66423035,-2.4198995,0.64114004,-3.4392164,-16777216
140,0,141,186,"","null","Chameleons",25,57.899998,0.3596006,-3.4455094,1.6749467,-2.7582052,-8572416
141,140,142,181,"null","null","null",23,54.8,0.90350735,-2.7891622,0.33849376,-3.5031686,-8572416
142,141,143,176,"null","null","null",20,49.0,2.4241405,-1.7993928,0.52359504,-3.4133067,-8572416
143,142,144,167,"null","null","null",17,41.4,3.38702,-0.72600746,0.658092,-2.7617748,-8572416
144,143,145,166,"null","null","null",12,40.699997,3.516669,-0.46288353,2.015643,-2.1365604,-16777216
145,144,146,157,"null","null","null",11,37.699997,2.969978,-0.63761264,3.1657617,-1.0032711,-16777216
146,145,147,156,"null","null","null",6,29.0,2.279179,-1.5568542,3.5147917,-0.39551604,-16777216
147,146,148,155,"null","null","null",5,27.400002,1.5045912,-2.8598032,3.098111,-0.6042875,-16777216
148,147,149,154,"null","null","null",4,19.7,0.32387918,-3.4240847,2.3612099,-1.1773154,-16777216
149,148,150,153,"null","null","null",3,10.5,0.5592972,-3.1628804,1.7788439,-2.6272573,-16777216
150,149,151,152,"null","null","null",2,9.7,0.66423035,-2.4198992,0.64114,-3.4392164,-16777216
157,145,158,163,"null","null","null",5,16.9,3.4434726,-0.9169636,0.3445285,-2.834304,-16777216
158,157,159,162,"null","null","null",3,14.0,3.6823015,-0.44105333,1.6104301,-2.190563,-16777216
159,158,160,161,"null","null","null",2,7.0,3.2227087,-0.62788224,2.7384808,-1.3026884,-16777216
163,157,164,165,"null","null","null",2,15.5,0.3708,-2.5711937,0.88575876,-3.34425,-16777216
167,143,168,173,"null","null","null",5,35.0,0.6343434,-2.7414124,0.8665074,-3.485192,-8572416
168,167,169,172,"null","null","null",3,19.7,2.1433942,-2.0102332,0.50423586,-3.4706504,-8572416
169,168,170,171,"null","null","null",2,12.6,3.126793,-0.9791815,0.6527473,-2.8544235,-8572416
173,167,174,175,"null","null","null",2,6.0,0.821087,-3.59975,2.3745227,-0.40725145,-16777216
176,142,177,180,"","null","South African Dwarf Chameleons",3,40.8,0.40148306,-3.1628795,1.7788428,-2.6272585,-16777216
177,176,178,179,"null","null","null",2,11.0,0.66423047,-2.4198983,0.6411392,-3.4392169,-16777216
181,141,182,185,"","null","Pygmy Chameleons",3,48.5,0.7950969,-3.802748,2.3612094,-0.66483814,-16777216
182,181,183,184,"null","null","null",2,33.4,0.5592975,-3.6551414,1.7788424,-1.9610354,-16777216
186,140,187,188,"","null","Leaf Chameleons",2,19.5,1.5045896,-2.4441464,3.4248767,-0.27500075,-16777216
