index,parent,child1,child2,name1,name2,common,richness,lengthbr,hxmax,hxmin,hymax,hymin,color
0,-268433404,1,38,"null","null","null",31,31.4,1.0522757,-2.693357,0.29948932,-3.57267,-16731116
1,0,2,27,"null","null","null",19,31.4,2.5434368,-1.7306699,0.5419742,-3.427443,-16731116
2,1,3,24,"null","null","null",13,31.400002,3.4364262,-0.49050897,0.6764426,-2.7686617,-16777216
3,2,4,21,"null","null","null",11,29.300001,3.4921448,-0.48397362,2.2620804,-2.216555,-16777216
4,3,5,20,"null","null","null",9,29.1,2.9070072,-0.6459125,3.3844752,-1.0892029,-16777216
5,4,6,19,"null","null","null",8,24.1,2.2381604,-1.7316449,3.7009747,-0.41857004,-16777216
6,5,7,18,"null","null","null",7,22.800001,1.4052796,-2.993,3.290561,-0.61676043,-16777216
7,6,8,15,"null","null","null",6,20.400002,0.34808046,-3.4931793,2.6331246,-1.4981487,-16777216
8,7,9,14,"null","null","null",4,13.900001,0.5755014,-3.1863732,1.6917273,-2.961266,-16777216
9,8,10,13,"null","null","null",3,12.1,0.665,-2.4522858,0.5272807,-3.767137,-16777216
10,9,11,12,"null","null","null",2,7.4,1.6186489,-1.9383976,0.523597,-3.7564573,-16777216
15,7,16,17,"null","null","null",2,9.8,2.2791753,-0.553738,3.7952113,-0.7052587,-16777216
21,3,22,23,"null","null","null",2,6.8,1.6186419,-1.938401,0.4835841,-3.7564588,-16777216
24,2,25,26,"null","null","null",2,31.4,0.3955617,-2.38071,0.84492016,-3.5245008,-16777216
27,1,28,33,"null","null","null",6,31.4,0.3595978,-3.186377,1.5297103,-2.9612627,-16731116
28,27,29,32,"null","null","null",3,31.4,0.665,-2.4522903,0.5272846,-3.7671356,-16731116
29,28,30,31,"null","null","null",2,31.4,1.6186419,-1.938401,0.5235962,-3.7564588,-16731116
33,27,34,37,"null","null","null",3,31.4,1.5045818,-3.0448914,3.0981085,-0.2750008,-16777216
34,33,35,36,"null","null","null",2,31.4,0.32388148,-3.6646893,2.3612084,-0.66192454,-16777216
38,0,39,60,"null","null","null",12,31.4,0.76705253,-3.692512,2.3408215,-1.3385763,-16777216
39,38,40,57,"null","null","null",11,31.4,0.57550097,-3.4455075,1.6749371,-2.753824,-16777216
40,39,41,52,"null","null","null",9,22.7,0.9518985,-2.7891603,0.33848894,-3.4974651,-16777216
41,40,42,51,"null","null","null",6,17.7,2.4870446,-1.938401,0.5235962,-3.4058871,-16777216
42,41,43,48,"null","null","null",5,15.0,3.4687881,-0.58310217,0.65809226,-2.752128,-16777216
43,42,44,47,"null","null","null",3,9.7,3.6229606,-0.46288514,1.7924204,-2.1365557,-16777216
44,43,45,46,"null","null","null",2,5.8,3.1081543,-0.6376134,2.8755643,-1.1971804,-16777216
48,42,49,50,"null","null","null",2,6.1,0.38339525,-2.4198883,0.866506,-3.4392228,-16777216
52,40,53,56,"null","null","null",3,10.8,0.7950952,-3.8027492,2.3612084,-0.6648505,-16777216
53,52,54,55,"null","null","null",2,6.5,0.55929863,-3.655138,1.7788366,-1.9610461,-16777216
57,39,58,59,"null","null","null",2,31.4,1.5045818,-2.444159,3.4248688,-0.2750008,-16777216
