index,parent,child1,child2,name1,name2,common,richness,lengthbr,hxmax,hxmin,hymax,hymin,color
0,-268433405,1,26,"null","null","null",25,49.0,0.76705325,-3.4931805,2.5084972,-1.3840494,-11184866
1,0,2,17,"null","null","null",13,49.0,0.5755006,-3.186378,1.5297128,-2.8129413,-11184866
2,1,3,16,"null","null","null",8,49.0,0.9518968,-2.4522915,0.5272858,-3.5743203,-11184866
3,2,4,15,"null","null","null",7,49.0,2.4870431,-1.9384017,0.52359605,-3.5057995,-11184866
4,3,5,12,"null","null","null",6,49.0,3.4687877,-0.5831027,0.6580922,-2.8820143,-11184866
5,4,6,9,"null","null","null",4,28.7,3.622961,-0.4628849,1.7924187,-2.3054075,-11184866
6,5,7,8,"null","null","null",2,16.5,3.1081553,-0.6376133,2.8755634,-1.1971812,-11184866
9,5,10,11,"null","null","null",2,24.4,1.443346,-2.010228,0.5234822,-3.7907999,-16777216
12,4,13,14,"null","null","null",2,49.0,0.38339514,-2.4198875,0.8665061,-3.439223,-11184866
17,1,18,23,"null","null","null",5,49.0,1.4209496,-3.1510873,3.0981092,-0.27500045,-16777216
18,17,19,22,"null","null","null",3,49.0,0.32388067,-3.8027477,2.361209,-0.6648466,-16777216
19,18,20,21,"null","null","null",2,49.0,0.5592982,-3.6551383,1.7788389,-1.9610431,-16777216
23,17,24,25,"null","null","null",2,49.0,3.222702,-0.3032004,2.7384896,-1.302682,-16777216
26,0,27,48,"null","null","null",12,49.0,2.2791772,-1.6061784,3.514793,-0.7052604,-16777216
27,26,28,45,"null","null","null",11,49.0,1.4209507,-2.92392,3.0981097,-0.6042882,-16777216
28,27,29,44,"null","null","null",9,49.0,0.3238805,-3.5074308,2.361209,-1.1974833,-16777216
29,28,30,39,"null","null","null",8,49.0,0.5592982,-3.2712262,1.6207705,-2.653471,-16777216
30,29,31,38,"null","null","null",5,49.0,0.88762355,-2.5607486,0.6411331,-3.4732878,-16777216
31,30,32,37,"null","null","null",4,49.0,2.4726546,-2.0102289,0.50423694,-3.4551704,-16777216
32,31,33,36,"null","null","null",3,49.0,3.5548244,-0.9791734,0.6527477,-2.8342981,-16777216
33,32,34,35,"null","null","null",2,49.0,3.827052,-0.4410549,0.90939295,-2.1905591,-16777216
39,29,40,43,"null","null","null",3,49.0,1.6001936,-2.9140077,3.1200051,-0.31738234,-16777216
40,39,41,42,"null","null","null",2,49.0,0.4136042,-3.5997536,2.3745222,-0.66423035,-16777216
45,27,46,47,"null","null","null",2,49.0,3.222703,-0.30320027,2.7384882,-1.3026829,-16777216
