index,parent,child1,child2,name1,name2,common,richness,lengthbr,hxmax,hxmin,hymax,hymin,color
0,-268435439,1,115,"null","null","null",153,114.2,2.266161,-1.9605291,3.5286398,-0.44105357,-12486656
1,0,2,106,"","null","Iguanas, Basilisks and more",80,111.299995,1.192763,-3.1936085,3.022948,-0.62788236,-12486656
2,1,3,105,"null","null","null",75,101.1,0.3719885,-3.6514993,2.3134432,-1.5127355,-12486656
3,2,4,64,"null","null","null",74,101.100006,0.5905163,-3.3312192,1.5289078,-2.8931708,-12486656
4,3,5,-268417024,"null","null","null",53,99.3,1.0522677,-2.6490998,0.33634794,-3.5726705,-12486656
5,4,6,45,"null","null","null",30,98.4,2.5434306,-1.8248659,0.54197323,-3.4274478,-16777216
6,5,7,28,"null","null","null",20,89.9,3.436424,-0.5496003,0.6619247,-2.7686682,-16777216
7,6,8,25,"null","null","null",11,58.9,3.492147,-0.48397243,2.1597292,-2.21656,-16777216
8,7,9,24,"null","null","null",9,58.9,2.9070115,-0.6459121,3.251424,-1.0892084,-16777216
9,8,10,23,"null","null","null",8,48.3,2.2381635,-1.7316387,3.5280135,-0.4185688,-16777216
10,9,11,20,"null","null","null",7,48.3,1.2878786,-2.9929974,3.065714,-0.6167598,-16777216
11,10,12,19,"null","null","null",5,48.3,0.34807912,-3.4931817,2.3408222,-1.4981403,-16777216
12,11,13,18,"null","null","null",4,48.3,0.5755005,-3.18638,1.6917319,-2.9612596,-16777216
13,12,14,17,"null","null","null",3,48.3,0.665,-2.452294,0.5272881,-3.7671347,-16777216
14,13,15,16,"null","null","null",2,29.3,1.6186366,-1.9384034,0.52359563,-3.75646,-16777216
20,10,21,22,"null","null","null",2,48.3,3.108159,-0.31716102,2.875559,-1.1971844,-16777216
25,7,26,27,"null","null","null",2,18.6,1.6186348,-1.938404,0.48358634,-3.7564602,-16777216
28,6,29,44,"","null","Whorltail Iguanas",9,40.5,0.9035112,-2.513656,0.84492135,-3.4974642,-16777216
29,28,30,41,"null","null","null",8,40.5,2.424144,-2.0181732,0.52359545,-3.405889,-16777216
30,29,31,40,"null","null","null",6,40.2,3.3870218,-0.8675265,0.6580921,-2.7521315,-16777216
31,30,32,39,"null","null","null",5,32.2,3.516668,-0.46288425,2.1643806,-2.136558,-16777216
32,31,33,38,"null","null","null",4,28.6,2.9699755,-0.637613,3.3591168,-1.1971844,-16777216
33,32,34,37,"null","null","null",3,18.7,2.2791774,-1.2371283,3.7661486,-0.39551717,-16777216
34,33,35,36,"null","null","null",2,15.0,1.5045848,-2.4441543,3.424872,-0.6042883,-16777216
41,29,42,43,"null","null","null",2,40.5,0.401482,-3.6551394,1.7788401,-1.9610406,-16777216
45,5,46,63,"","null","Curly-tailed Lizards",10,28.5,0.3596002,-3.398308,1.6917346,-2.7538188,-16777216
46,45,47,60,"null","null","null",9,26.2,0.9035112,-2.7278004,0.33849198,-3.4974642,-16777216
47,46,48,59,"null","null","null",7,26.0,2.424144,-1.938404,0.52359545,-3.405889,-16777216
48,47,49,58,"null","null","null",6,25.9,3.3870218,-0.8675265,0.6580921,-2.7521315,-16777216
49,48,50,57,"null","null","null",5,22.6,3.516668,-0.46288425,2.1815767,-2.136558,-16777216
50,49,51,54,"null","null","null",4,17.2,2.9699755,-0.637613,3.3814716,-1.0122055,-16777216
51,50,52,53,"null","null","null",2,8.7,2.2791774,-0.6459119,3.79521,-0.39551717,-16777216
54,50,55,56,"null","null","null",2,8.7,3.1267998,-0.979175,0.34452912,-2.8544154,-16777216
60,46,61,62,"null","null","null",2,12.4,0.7950963,-3.664686,2.361209,-0.41842043,-16777216
64,3,65,94,"null","null","null",21,101.1,1.2264667,-3.1183956,3.2806306,-0.28912768,-16777216
65,64,66,89,"null","null","null",15,32.699997,0.34807852,-3.6562018,2.620213,-1.3385687,-16777216
66,65,67,84,"null","null","null",12,32.699997,0.57550013,-3.398308,1.5297157,-2.7538188,-16777216
67,66,68,81,"null","null","null",9,32.7,0.9035112,-2.7278004,0.33849198,-3.4974642,-16777216
68,67,69,80,"null","null","null",7,32.7,2.424144,-1.938404,0.52359545,-3.405889,-16777216
69,68,70,79,"null","null","null",6,26.8,3.3870218,-0.8675265,0.6580921,-2.7521315,-16777216
70,69,71,78,"null","null","null",5,26.5,3.516668,-0.46288425,2.1643806,-2.136558,-16777216
71,70,72,77,"null","null","null",4,24.9,2.9699755,-0.637613,3.3591168,-1.1971844,-16777216
72,71,73,76,"null","null","null",3,22.5,2.2791774,-1.2371283,3.7661486,-0.39551717,-16777216
73,72,74,75,"null","null","null",2,11.0,1.5045848,-2.4441543,3.424872,-0.6042883,-16777216
81,67,82,83,"null","null","null",2,26.3,0.7950963,-3.664686,2.361209,-0.41842043,-16777216
84,66,85,88,"null","null","null",3,21.8,1.5045881,-3.044883,3.0981102,-0.275,-16777216
85,84,86,87,"null","null","null",2,13.7,0.32387993,-3.6646852,2.3612092,-0.6619247,-16777216
89,65,90,93,"null","null","null",3,32.7,2.2791781,-1.2371211,3.76615,-0.70526135,-11513776
90,89,91,92,"null","null","null",2,32.7,1.5045888,-2.444148,3.4248753,-0.60428786,-11513776
94,64,95,104,"","null","Lava Lizards",6,33.6,2.9699774,-0.3171607,3.165763,-1.1971881,-16777216
95,94,96,103,"null","null","null",5,33.6,2.2791786,-1.7809172,3.514792,-0.3955164,-16777216
96,95,97,102,"null","null","null",4,33.6,1.5045897,-3.1510837,3.0981104,-0.60428774,-16777216
97,96,98,101,"null","null","null",3,33.6,0.32387957,-3.8027477,2.3612094,-0.66483784,-16777216
98,97,99,100,"null","null","null",2,33.4,0.55929744,-3.6551414,1.7788426,-1.9610354,-16777216
106,1,107,114,"null","null","null",5,35.0,3.0781798,-0.3309549,3.406866,-1.0892122,-16777216
107,106,108,111,"","null","Malagasy Iguanian Lizards",4,31.1,2.4606805,-1.4250925,3.730091,-0.41856802,-16777216
108,107,109,110,"null","null","null",2,15.8,1.4052893,-2.5944912,3.3284168,-0.6167593,-16777216
111,107,112,113,"null","null","null",2,26.2,3.826167,-0.6001848,1.0880048,-2.136561,-16777216
115,0,116,174,"null","null","null",73,111.3,3.5424206,-0.56240183,2.218433,-2.0607538,-16731116
116,115,117,149,"","null","Anolis Lizards",68,76.100006,2.9723682,-0.6459119,3.3277416,-0.8909449,-16731116
117,116,118,140,"null","null","null",55,59.500004,2.3231258,-1.8280823,3.6272297,-0.41856802,-16731116
118,117,119,135,"null","null","null",50,59.300003,1.2264682,-3.1183782,3.1946974,-0.6167593,-16731116
119,118,-268416000,120,"null","null","null",47,49.800003,0.34807813,-3.6561809,2.5084994,-1.343868,-16731116
120,119,121,134,"null","null","null",8,41.4,2.2791789,-1.6061726,3.514792,-0.7052618,-16777216
121,120,122,133,"null","null","null",7,37.2,1.5045903,-2.9239163,3.0981107,-0.6042876,-16777216
122,121,123,132,"null","null","null",6,34.0,0.3238794,-3.5074313,2.3612094,-1.3502439,-16777216
123,122,124,129,"null","null","null",5,33.8,0.55929744,-3.2712297,1.7948636,-2.8520634,-16777216
124,123,125,128,"null","null","null",3,17.5,0.66423047,-2.5607533,0.6411383,-3.731463,-16777216
125,124,126,127,"null","null","null",2,9.9,1.4433353,-2.010232,0.50423604,-3.7908015,-16777216
129,123,130,131,"null","null","null",2,3.6,1.6001978,-2.2880409,3.5117064,-0.31738424,-16777216
135,118,136,139,"null","null","null",3,24.7,2.969978,-0.3171605,3.3814673,-1.1971898,-16777216
136,135,137,138,"null","null","null",2,11.4,2.279179,-0.6459123,3.795209,-0.39551604,-16777216
140,117,141,148,"null","null","null",5,59.300003,3.5166693,-0.6001848,2.1815689,-2.136561,-16777216
141,140,142,145,"null","null","null",4,41.7,2.9699788,-0.6376126,3.3814664,-1.0122141,-16777216
142,141,143,144,"null","null","null",2,8.8,2.2791796,-0.6459123,3.7952087,-0.39551586,-16777216
145,141,146,147,"null","null","null",2,39.4,3.126792,-0.97918236,0.34452838,-2.8544245,-16777216
149,116,150,165,"null","null","null",13,64.3,3.38702,-0.9025996,0.44186652,-2.761775,-16777216
150,149,151,164,"null","null","null",8,49.4,3.5166693,-0.46288335,2.0156415,-2.136561,-16777216
151,150,152,161,"null","null","null",7,49.2,2.9699788,-0.6376126,3.165761,-1.0122141,-16777216
152,151,153,160,"null","null","null",5,26.1,2.2791796,-1.7809141,3.5147917,-0.39551586,-16777216
153,152,154,159,"null","null","null",4,24.800001,1.5045918,-3.1510818,3.0981112,-0.60428745,-16777216
154,153,155,158,"null","null","null",3,23.1,0.323879,-3.8027477,2.3612099,-0.6648351,-16777216
155,154,156,157,"null","null","null",2,11.6,0.5592972,-3.6551423,1.7788439,-1.961033,-16777216
161,151,162,163,"null","null","null",2,35.2,3.126792,-0.97918236,0.34452838,-2.8544245,-16777216
165,149,166,171,"null","null","null",5,62.1,0.6343421,-2.7414126,0.86650753,-3.485192,-16777216
166,165,167,170,"null","null","null",3,51.2,2.143393,-2.0102336,0.5042357,-3.470651,-16777216
167,166,168,169,"null","null","null",2,51.0,3.126792,-0.97918236,0.6527473,-2.8544245,-16777216
171,165,172,173,"null","null","null",2,13.6,0.82108724,-3.5997496,2.3745227,-0.40725136,-16777216
174,115,175,180,"null","null","null",5,59.4,2.6072748,-2.018177,0.48358738,-3.405892,-16777216
175,174,176,179,"null","null","null",3,31.2,3.6250954,-0.86753124,0.6580919,-2.7521353,-16777216
176,175,177,178,"null","null","null",2,31.2,3.826167,-0.46288335,1.0880048,-2.136561,-16777216
180,174,181,182,"null","null","null",2,19.7,0.4014834,-3.6551423,1.7788435,-1.9610333,-16777216
