index,parent,child1,child2,name1,name2,common,richness,lengthbr,hxmax,hxmin,hymax,hymin,color
0,-268404705,1,36,"null","null","null",23,49.0,0.3595989,-3.316049,1.6364963,-2.8129413,-8572416
1,0,2,25,"null","null","null",18,39.300003,0.9035156,-2.620864,0.48278463,-3.5743203,-8572416
2,1,3,24,"null","null","null",12,35.5,2.4241476,-1.9384017,0.52359605,-3.5057995,-8572416
3,2,4,19,"","null","Water Skinks",11,31.0,3.3870234,-0.6457069,0.6580922,-2.8820143,-8572416
4,3,5,16,"null","null","null",8,31.0,3.5166674,-0.4628849,2.0156538,-2.3054075,-8572416
5,4,6,15,"null","null","null",6,31.0,2.9699736,-0.6376133,3.1657689,-1.1971812,-16777216
6,5,7,14,"null","null","null",5,22.5,2.279176,-1.7809272,3.5147934,-0.3955179,-16777216
7,6,8,13,"null","null","null",4,19.400002,1.5045818,-3.1510901,3.0981085,-0.6042887,-16777216
8,7,9,12,"null","null","null",3,17.2,0.32388148,-3.8027482,2.3612084,-0.6648546,-16777216
9,8,10,11,"null","null","null",2,14.0,0.5592989,-3.6551359,1.7788353,-1.9610502,-16777216
16,4,17,18,"null","null","null",2,31.0,1.443346,-2.010228,0.5234822,-3.7907999,-8572416
19,3,20,23,"null","null","null",3,31.0,0.38339514,-2.560747,0.8665061,-3.7314653,-8572416
20,19,21,22,"null","null","null",2,31.0,1.443346,-2.010228,0.50423723,-3.7907999,-8572416
25,1,26,31,"null","null","null",6,31.800001,0.79509544,-3.4240818,2.685872,-1.1773287,-16777216
26,25,27,30,"null","null","null",3,30.9,0.55929846,-3.1628714,1.7788374,-2.6272686,-16777216
27,26,28,29,"null","null","null",2,30.9,0.66423047,-2.4198875,0.64113134,-3.439223,-16777216
31,25,32,35,"null","null","null",3,31.6,2.3134415,-1.0472617,3.7903342,-0.73706806,-16777216
32,31,33,34,"null","null","null",2,13.9,1.600193,-2.28805,3.5117013,-0.59051716,-16777216
36,0,37,44,"null","null","null",5,15.3,1.5045854,-3.1510873,3.3383722,-0.27500045,-16777216
37,36,38,41,"null","null","null",4,15.3,0.32388067,-3.8027477,2.6735506,-0.6648466,-16777216
38,37,39,40,"null","null","null",2,15.3,0.5592982,-3.6551383,1.7788389,-1.9610431,-16777216
41,37,42,43,"null","null","null",2,15.3,2.313442,-0.4390182,3.7626085,-0.73706853,-16777216
