index,parent,child1,child2,name1,name2,common,richness,lengthbr,hxmax,hxmin,hymax,hymin,color
0,-268435436,1,170,"null","null","null",98,48.1,2.2438178,-1.980154,3.6128316,-0.44105357,-16731116
1,0,2,125,"null","null","null",85,48.0,1.1618874,-3.2191207,3.1323977,-0.62788236,-16731116
2,1,3,118,"null","null","null",62,48.0,0.3719885,-3.6846654,2.4557276,-1.5005683,-16731116
3,2,4,87,"null","null","null",58,48.0,0.5905163,-3.3743353,1.4333897,-2.8773534,-16731116
4,3,5,84,"null","null","null",42,47.800003,1.1121973,-2.7051506,0.29948795,-3.5521078,-12486656
5,4,6,79,"null","null","null",40,35.800003,2.621339,-1.7062024,0.54197323,-3.4007163,-12486656
6,5,7,70,"null","null","null",37,35.800003,3.537705,-0.5223288,0.6729559,-2.7339172,-12486656
7,6,8,45,"null","null","null",32,35.800003,3.6238122,-0.48397243,2.2575512,-2.0640469,-12486656
8,7,9,42,"","null","Fringe-toed Lizards",19,18.2,3.0781763,-0.6459121,3.3785927,-0.87069505,-12486656
9,8,10,39,"null","null","null",17,18.2,2.4606776,-1.7316387,3.6933324,-0.4185688,-12486656
10,9,11,24,"null","null","null",15,18.2,1.2264637,-2.9929974,3.2806287,-0.6167598,-12486656
11,10,12,19,"null","null","null",7,18.2,0.34807912,-3.4931817,2.6202111,-1.4981403,-12486656
12,11,13,18,"null","null","null",4,18.2,0.5755005,-3.18638,1.6917319,-2.9612596,-12486656
13,12,14,17,"null","null","null",3,6.8,0.665,-2.452294,0.5272881,-3.7671347,-16777216
14,13,15,16,"null","null","null",2,3.1,1.6186366,-1.9384034,0.52359563,-3.75646,-16777216
19,11,20,23,"null","null","null",3,16.0,2.2791774,-1.2371283,3.7661486,-0.7052605,-11184866
20,19,21,22,"null","null","null",2,7.6,1.5045848,-2.4441543,3.424872,-0.6042883,-11184866
24,10,25,36,"null","null","null",8,7.8999996,2.9699755,-0.31716102,3.3079333,-1.0122055,-16777216
25,24,26,35,"null","null","null",6,7.7,2.2791774,-1.7809231,3.6996102,-0.39551717,-16777216
26,25,27,34,"null","null","null",5,4.9,1.5045848,-3.1510878,3.3383718,-0.6042883,-16777216
27,26,28,31,"null","null","null",4,4.8,0.32388073,-3.8027482,2.6735504,-0.6648486,-16777216
28,27,29,30,"null","null","null",2,2.7,0.5592984,-3.655138,1.7788378,-1.9610449,-16777216
31,27,32,33,"null","null","null",2,2.2,2.3134418,-0.4390183,3.7626092,-0.7370682,-16777216
36,24,37,38,"null","null","null",2,4.8,3.1267998,-0.979175,0.34452912,-2.8544154,-16777216
39,9,40,41,"null","null","null",2,18.2,3.8261666,-0.60018325,1.0880141,-2.136558,-11184866
42,8,43,44,"null","null","null",2,18.2,3.2399766,-0.902599,0.35782814,-2.716219,-16731116
45,7,46,69,"null","null","null",13,35.8,2.424144,-1.938404,0.48358634,-3.4133058,-16777216
46,45,47,62,"null","null","null",12,35.8,3.3870218,-0.6457105,0.6580921,-2.761773,-16777216
47,46,48,61,"null","null","null",8,35.8,3.516668,-0.46288425,2.0156493,-2.136558,-16777216
48,47,49,60,"null","null","null",7,15.9,2.9699755,-0.637613,3.1657662,-1.1971844,-16777216
49,48,50,59,"null","null","null",6,14.499999,2.2791774,-1.7809231,3.514793,-0.39551717,-16777216
50,49,51,56,"null","null","null",5,14.299999,1.4209485,-3.1510878,3.0981092,-0.6042883,-16777216
51,50,52,55,"null","null","null",3,10.7,0.32388073,-3.8027482,2.361209,-0.6648486,-16777216
52,51,53,54,"null","null","null",2,8.6,0.5592984,-3.655138,1.7788378,-1.9610449,-16777216
56,50,57,58,"null","null","null",2,13.4,3.2227004,-0.30320042,2.7384913,-1.3026809,-16777216
62,46,63,68,"null","null","null",4,21.5,0.6343527,-2.56075,0.8665067,-3.4851904,-16777216
63,62,64,67,"null","null","null",3,21.5,2.1434035,-2.01023,0.50423664,-3.470645,-16777216
64,63,65,66,"null","null","null",2,21.5,3.1267998,-0.979175,0.6527476,-2.8544154,-16777216
70,6,71,78,"null","null","null",5,27.099998,1.0443842,-2.452295,0.84492135,-3.4974642,-16777216
71,70,72,77,"null","null","null",4,26.8,2.607279,-1.938404,0.52359545,-3.405889,-16777216
72,71,73,76,"null","null","null",3,17.0,3.6250975,-0.8675265,0.6580921,-2.7521315,-16777216
73,72,74,75,"null","null","null",2,11.3,3.8261666,-0.46288425,1.0880141,-2.136558,-16777216
79,5,80,83,"","null","Wall Lizards",3,12.4,0.3596002,-3.1313152,1.6917346,-2.7746136,-16777216
80,79,81,82,"null","null","null",2,12.4,0.665,-2.38071,0.5272892,-3.5244975,-16777216
84,4,85,86,"null","null","null",2,36.5,0.76705414,-3.7190418,2.3408225,-0.42902303,-12486656
87,3,88,117,"null","null","null",16,47.8,1.4052877,-3.0697227,3.0657148,-0.28912768,-16731116
88,87,89,116,"null","null","null",15,47.8,0.34807852,-3.592927,2.3408225,-1.3385687,-16731116
89,88,90,109,"null","null","null",14,44.9,0.57550013,-3.3160505,1.5297157,-2.7538188,-16731116
90,89,91,100,"null","null","null",10,44.9,0.95189315,-2.6208658,0.33849198,-3.4974642,-16731116
91,90,92,99,"null","null","null",5,44.9,2.4870405,-1.938404,0.52359545,-3.405889,-16731116
92,91,93,98,"null","null","null",4,44.9,3.4687872,-0.8675265,0.6580921,-2.7521315,-16731116
93,92,94,97,"null","null","null",3,44.9,3.6229632,-0.46288425,1.7924132,-2.136558,-16777216
94,93,95,96,"null","null","null",2,44.9,3.108159,-0.637613,2.875559,-1.1971844,-16777216
100,90,101,108,"null","null","null",5,44.9,0.7950963,-3.424083,2.361209,-1.1773235,-16731116
101,100,102,105,"null","null","null",4,44.9,0.5592979,-3.162875,1.79486,-2.6272643,-16731116
102,101,103,104,"null","null","null",2,44.9,0.66423047,-2.419892,0.6411348,-3.4392204,-16731116
105,101,106,107,"null","null","null",2,44.9,1.600195,-2.288046,3.511704,-0.31738296,-16777216
109,89,110,115,"null","null","null",4,44.9,1.5045881,-3.1510851,3.0981102,-0.275,-12486656
110,109,111,114,"null","null","null",3,44.9,0.32387993,-3.8027482,2.3612092,-0.66484094,-12486656
111,110,112,113,"null","null","null",2,44.9,0.5592977,-3.6551406,1.7788414,-1.9610381,-16777216
118,2,119,124,"","null","Wall Lizards",4,24.5,2.2381644,-1.8652785,3.5280132,-0.6717557,-16731116
119,118,120,123,"null","null","null",3,24.5,1.4052893,-3.1667323,3.0657153,-0.6167594,-16731116
120,119,121,122,"null","null","null",2,24.5,0.34807813,-3.7190413,2.340823,-0.65809214,-12486656
125,1,126,163,"null","null","null",23,48.0,3.0087097,-0.3309549,3.3844695,-0.9287939,-16731116
126,125,127,158,"null","null","null",19,47.8,2.3703694,-1.8280945,3.7009754,-0.41856802,-16731116
127,126,128,151,"null","null","null",16,47.800003,1.2264682,-3.118394,3.2905664,-0.6167593,-16731116
128,127,129,148,"null","null","null",12,47.800003,0.34807813,-3.6562014,2.6331294,-1.3385665,-16731116
129,128,130,145,"null","null","null",10,30.699999,0.5754999,-3.3983083,1.6749467,-2.7538173,-16731116
130,129,131,142,"","null","Grass Lizards",8,19.3,0.9035089,-2.7278008,0.33849317,-3.497464,-16777216
131,130,132,141,"null","null","null",6,19.3,2.4241421,-1.9384052,0.5235952,-3.40589,-16777216
132,131,133,140,"null","null","null",5,19.3,3.3870208,-0.8675283,0.658092,-2.752133,-16777216
133,132,134,139,"null","null","null",4,19.3,3.516668,-0.4628839,2.1815746,-2.136559,-16777216
134,133,135,138,"null","null","null",3,19.3,2.969976,-0.6376129,3.3814704,-1.197186,-16777216
135,134,136,137,"null","null","null",2,19.3,2.2791777,-0.645912,3.79521,-0.3955168,-16777216
142,130,143,144,"null","null","null",2,19.3,0.79509676,-3.6646852,2.3612092,-0.4184203,-16777216
145,129,146,147,"null","null","null",2,9.4,1.5045897,-2.4441464,3.4248772,-0.27500063,-16731116
148,128,149,150,"null","null","null",2,36.9,2.2791789,-0.55372137,3.7952094,-0.7052618,-16731116
151,127,152,157,"null","null","null",4,38.9,2.969978,-0.3171605,3.3591151,-1.1971898,-12486656
152,151,153,156,"null","null","null",3,33.4,2.279179,-1.2371163,3.7661512,-0.39551604,-12486656
153,152,154,155,"null","null","null",2,21.9,1.5045912,-2.444144,3.4248781,-0.6042875,-12486656
158,126,159,162,"null","null","null",3,47.8,3.6229672,-0.6001848,1.792403,-2.136561,-16731116
159,158,160,161,"null","null","null",2,10.2,3.1081662,-0.6376126,2.875551,-1.1971906,-16731116
163,125,164,169,"null","null","null",4,14.1,3.4687877,-0.9025996,0.3578277,-2.7521353,-16731116
164,163,165,168,"null","null","null",3,14.1,3.6229672,-0.46288335,1.792403,-2.136561,-16731116
165,164,166,167,"null","null","null",2,14.1,3.1081662,-0.6376126,2.875551,-1.1971906,-16777216
170,0,171,194,"","null","Wall Lizards and more",13,18.8,3.4921482,-0.56240183,2.2620697,-2.0763712,-16731116
171,170,172,191,"null","null","null",12,18.8,2.907014,-0.6459119,3.3844695,-0.87070066,-16731116
172,171,173,190,"null","null","null",10,18.8,2.238165,-1.7531171,3.7009754,-0.41856802,-16731116
173,172,174,189,"null","null","null",9,18.8,1.4052893,-3.0209234,3.2905664,-0.6167593,-16731116
174,173,175,186,"null","null","null",8,15.8,0.34807813,-3.5294895,2.6331294,-1.3259928,-16731116
175,174,176,185,"null","null","null",6,14.7,0.5754999,-3.233583,1.6917357,-2.7374713,-16731116
176,175,177,184,"null","null","null",5,13.4,0.8164995,-2.513658,0.5272909,-3.4762142,-16731116
177,176,178,181,"null","null","null",4,11.9,2.31103,-2.0181746,0.5235952,-3.3782654,-16731116
178,177,179,180,"null","null","null",2,11.0,3.239975,-0.8675283,0.658092,-2.716221,-16731116
181,177,182,183,"null","null","null",2,5.7,0.40148264,-3.6551406,1.7788414,-1.9610381,-16731116
186,174,187,188,"null","null","null",2,15.6,2.2791789,-0.55372137,3.7952094,-0.7052618,-16731116
191,171,192,193,"null","null","null",2,18.8,3.2399716,-0.9025996,0.3578277,-2.7162256,-16777216
