index,parent,child1,child2,name1,name2,common,richness,lengthbr,hxmax,hxmin,hymax,hymin,color
0,-268428276,1,66,"null","null","null",39,0.0,2.424144,-1.9093103,0.48358634,-3.4397874,-16731116
1,0,2,35,"null","null","null",33,0.0,3.3870218,-0.76376754,0.6580921,-2.7961993,-16731116
2,1,3,26,"null","null","null",17,0.0,3.516668,-0.46288425,2.0156493,-2.1562414,-16731116
3,2,4,23,"null","null","null",12,0.0,2.9699755,-0.637613,3.1657662,-1.0122055,-16731116
4,3,5,22,"null","null","null",10,0.0,2.2791774,-1.606179,3.514793,-0.39551717,-16731116
5,4,6,15,"null","null","null",9,0.0,1.3321686,-2.9239204,3.0981092,-0.6042883,-16731116
6,5,7,14,"null","null","null",5,0.0,0.32388073,-3.5074306,2.361209,-1.3502524,-16731116
7,6,8,13,"null","null","null",4,0.0,0.5592984,-3.2712252,1.7788378,-2.8520699,-16731116
8,7,9,12,"null","null","null",3,0.0,0.66423047,-2.5607474,0.6411318,-3.7314653,-16731116
9,8,10,11,"null","null","null",2,0.0,1.4433452,-2.0102282,0.5042372,-3.7908,-16731116
15,5,16,19,"null","null","null",4,0.0,3.0229454,-0.30320042,3.2790823,-1.1514481,-16731116
16,15,17,18,"null","null","null",2,0.0,2.3134418,-0.6527472,3.7626092,-0.37198997,-16731116
19,15,20,21,"null","null","null",2,0.0,3.005169,-1.0892045,0.33095574,-2.9852326,-16777216
23,3,24,25,"null","null","null",2,0.0,3.1267998,-0.979175,0.34452912,-2.8544154,-16777216
26,2,27,32,"null","null","null",5,0.0,2.4726522,-2.120686,0.52348334,-3.455171,-16777216
27,26,28,31,"null","null","null",3,0.0,3.5548232,-0.979175,0.6527476,-2.8342993,-16777216
28,27,29,30,"null","null","null",2,0.0,3.827052,-0.44105458,0.90939033,-2.1905596,-16777216
32,26,33,34,"null","null","null",2,0.0,0.44286472,-3.7111793,1.8611706,-1.7914329,-16777216
35,1,36,61,"null","null","null",16,0.0,0.7517934,-2.8263783,0.8665067,-3.5626497,-8572416
36,35,37,58,"null","null","null",13,0.0,2.2960765,-2.120686,0.50423664,-3.571342,-16777216
37,36,38,55,"null","null","null",11,0.0,3.325275,-0.7274705,0.6527476,-2.9853218,-16777216
38,37,39,52,"null","null","null",9,0.0,3.5286393,-0.44105458,1.864401,-2.3868887,-16777216
39,38,40,49,"null","null","null",7,0.0,3.0229454,-0.62788296,3.0686367,-1.1514481,-16777216
40,39,41,48,"null","null","null",5,0.0,2.3134418,-1.52877,3.4890296,-0.37198997,-16777216
41,40,42,45,"null","null","null",4,0.0,1.5501379,-2.9140103,3.1200051,-0.5905173,-16777216
42,41,43,44,"null","null","null",2,0.0,0.4136008,-3.5997553,2.3745222,-0.66423035,-16777216
45,41,46,47,"null","null","null",2,0.0,3.3284092,-0.28912854,2.5945022,-1.4052815,-16777216
49,39,50,51,"null","null","null",2,0.0,3.005169,-1.0892045,0.33095574,-2.9852326,-16777216
52,38,53,54,"null","null","null",2,0.0,1.2662363,-2.0763676,0.56239974,-3.8140664,-16777216
55,37,56,57,"null","null","null",2,0.0,0.37080073,-2.5711837,0.8857578,-3.3442564,-16777216
58,36,59,60,"null","null","null",2,0.0,0.44286472,-3.7111793,1.8611706,-1.7914329,-16777216
61,35,62,65,"null","null","null",3,0.0,0.82108605,-3.7909274,2.3745222,-0.47381002,-8572416
62,61,63,64,"null","null","null",2,0.0,0.5419738,-3.7111793,1.8611706,-1.7914329,-8572416
66,0,67,76,"null","null","null",6,0.0,0.401482,-3.4101982,1.7788401,-2.6626258,-16777216
67,66,68,73,"","null","Many Toothed Snakes",5,0.0,0.66423047,-2.7414122,0.41482085,-3.4851904,-16777216
68,67,69,72,"null","null","null",3,0.0,2.1434035,-2.01023,0.50423664,-3.470645,-16777216
69,68,70,71,"null","null","null",2,0.0,3.1267998,-0.979175,0.6527476,-2.8544154,-16777216
73,67,74,75,"null","null","null",2,0.0,0.82108605,-3.5997536,2.3745222,-0.4072519,-16777216
