index,parent,child1,child2,name1,name2,common,richness,lengthbr,hxmax,hxmin,hymax,hymin,color
0,-268428280,1,161,"null","null","null",121,0.0,1.2890165,-3.108212,3.194695,-0.6167598,-16731116
1,0,2,122,"null","null","null",108,0.0,0.34807912,-3.6429608,2.5084975,-1.3419478,-16731116
2,1,3,104,"null","null","null",88,0.0,0.5755005,-3.3810925,1.6364964,-2.7582095,-16731116
3,2,4,71,"null","null","null",51,0.0,0.9527908,-2.7054205,0.33849132,-3.5031695,-16731116
4,3,5,54,"null","null","null",34,0.0,2.4882069,-1.8256745,0.52359563,-3.4133055,-16731116
5,4,6,45,"null","null","null",25,0.0,3.4703026,-0.72600394,0.65809214,-2.7617726,-16731116
6,5,7,44,"null","null","null",20,0.0,3.624932,-0.4628845,2.0156505,-2.1365576,-16731116
7,6,8,27,"null","null","null",19,0.0,3.1107183,-0.6376131,3.1657667,-1.0032643,-16731116
8,7,9,20,"null","null","null",10,0.0,2.4621434,-1.7809247,3.5147927,-0.3955174,-16731116
9,8,10,15,"null","null","null",6,0.0,1.3321676,-3.1510887,3.0981088,-0.6042884,-16731116
10,9,11,14,"null","null","null",3,0.0,0.323881,-3.8027482,2.3612082,-0.66485065,-16731116
11,10,12,13,"null","null","null",2,0.0,0.5592986,-3.6551373,1.778837,-1.9610467,-16731116
15,9,16,19,"null","null","null",3,0.0,3.0229454,-0.30320057,3.2790818,-1.3026817,-16731116
16,15,17,18,"null","null","null",2,0.0,2.3134413,-0.6527472,3.762609,-0.37198985,-16731116
20,8,21,24,"null","null","null",4,0.0,3.6822972,-0.63668174,1.6104419,-2.3868895,-16777216
21,20,22,23,"null","null","null",2,0.0,3.2227008,-0.6278829,2.7384906,-1.3026817,-16777216
24,20,25,26,"null","null","null",2,0.0,1.2662327,-2.076369,0.5624,-3.8140671,-16777216
27,7,28,37,"null","null","null",9,0.0,3.3252745,-0.91696274,0.42204368,-2.8342996,-16731116
28,27,29,36,"null","null","null",5,0.0,3.5286393,-0.44105446,2.0426865,-2.1905599,-16731116
29,28,30,35,"null","null","null",4,0.0,3.0229454,-0.6278829,3.3004084,-1.3026817,-16731116
30,29,31,34,"null","null","null",3,0.0,2.3134413,-1.0472622,3.7903337,-0.37198985,-16731116
31,30,32,33,"null","null","null",2,0.0,1.6001925,-2.2880507,3.5117006,-0.59051716,-16731116
37,27,38,43,"null","null","null",4,0.0,0.45199513,-2.660828,0.8857578,-3.4827113,-16731116
38,37,39,42,"null","null","null",3,0.0,1.9703012,-2.076369,0.48397276,-3.5523193,-16731116
39,38,40,41,"null","null","null",2,0.0,3.005166,-1.0892072,0.64591223,-2.9852352,-16731116
45,5,46,51,"null","null","null",5,0.0,0.63435173,-2.7414122,0.8665066,-3.48519,-16777216
46,45,47,50,"null","null","null",3,0.0,2.1434026,-2.0102303,0.5042366,-3.470645,-16777216
47,46,48,49,"null","null","null",2,0.0,3.126799,-0.97917616,0.6527476,-2.854416,-16777216
51,45,52,53,"null","null","null",2,0.0,0.82108617,-3.5997534,2.3745224,-0.40725186,-16777216
54,4,55,70,"null","null","null",9,0.0,0.40148157,-3.2220194,1.7788392,-2.65347,-16731116
55,54,56,69,"null","null","null",8,0.0,0.82173276,-2.49678,0.64113533,-3.473287,-16731116
56,55,57,64,"","null","Whip Snakes and more",7,0.0,2.386998,-1.9270685,0.5042366,-3.455171,-16731116
57,56,58,63,"null","null","null",4,0.0,3.4434729,-0.97917616,0.6527476,-2.8342996,-16731116
58,57,59,62,"null","null","null",3,0.0,3.6822972,-0.44105446,1.6104419,-2.1905599,-16731116
59,58,60,61,"null","null","null",2,0.0,3.2227008,-0.6278829,2.7384906,-1.3026817,-16731116
64,56,65,68,"null","null","null",3,0.0,0.4428649,-3.275539,1.861171,-2.4725335,-16731116
65,64,66,67,"null","null","null",2,0.0,0.66192484,-2.5711865,0.7546976,-3.3442545,-16731116
71,3,72,103,"null","null","null",17,0.0,0.79509604,-3.6143322,2.361209,-1.1974823,-16731116
72,71,73,102,"null","null","null",16,0.0,0.55929816,-3.4101982,1.7788392,-2.65347,-16731116
73,72,74,99,"null","null","null",15,0.0,0.82467246,-2.7414122,0.41482127,-3.473287,-16731116
74,73,75,96,"null","null","null",13,0.0,2.3908195,-2.120687,0.5042366,-3.455171,-16731116
75,74,76,93,"null","null","null",11,0.0,3.448441,-0.72747207,0.6527476,-2.8342996,-16731116
76,75,77,92,"null","null","null",9,0.0,3.688756,-0.44105446,1.8643999,-2.1905599,-16731116
77,76,78,89,"null","null","null",8,0.0,3.231097,-0.6278829,3.068636,-1.1514497,-16731116
78,77,79,86,"null","null","null",6,0.0,2.5840385,-1.5287691,3.4890292,-0.37198985,-16731116
79,78,80,83,"null","null","null",4,0.0,1.5501393,-2.9140096,3.1200047,-0.59051716,-16731116
80,79,81,82,"null","null","null",2,0.0,0.4136023,-3.5997548,2.3745217,-0.66423035,-16731116
83,79,84,85,"null","null","null",2,0.0,3.3284116,-0.28912845,2.594499,-1.4052837,-16731116
86,78,87,88,"null","null","null",2,0.0,3.81672,-0.67175376,0.73105973,-2.2381623,-16731116
89,77,90,91,"null","null","null",2,0.0,3.005166,-1.0892072,0.33095568,-2.9852352,-16731116
93,75,94,95,"null","null","null",2,0.0,0.37080067,-2.5711865,0.8857578,-3.3442545,-16777216
96,74,97,98,"null","null","null",2,0.0,0.4428649,-3.7111807,1.861171,-1.7914307,-16731116
99,73,100,101,"null","null","null",2,0.0,0.82108617,-3.5997534,2.3745224,-0.40725186,-16777216
104,2,-268426240,105,"null","null","null",37,0.0,1.4246802,-2.8948028,3.3383718,-0.27500036,-16731116
105,104,106,119,"null","null","null",9,0.0,3.2310967,-0.30320042,3.0686367,-1.1514481,-16777216
106,105,107,116,"null","null","null",7,0.0,2.5840383,-1.6418905,3.4890296,-0.37198997,-16777216
107,106,108,113,"null","null","null",5,0.0,1.5501379,-3.0610669,3.1200051,-0.5905173,-16777216
108,107,109,112,"null","null","null",3,0.0,0.4136008,-3.7909288,2.3745222,-0.66423035,-16777216
109,108,110,111,"null","null","null",2,0.0,0.5419743,-3.711179,1.8611686,-1.7914356,-16777216
113,107,114,115,"null","null","null",2,0.0,3.3284092,-0.28912854,2.5945022,-1.4052815,-16777216
116,106,117,118,"null","null","null",2,0.0,3.81672,-0.67175364,0.73106325,-2.2381618,-16777216
119,105,120,121,"null","null","null",2,0.0,3.005169,-1.0892045,0.33095574,-2.9852326,-16777216
122,1,123,150,"null","null","null",20,0.0,2.3938518,-1.6359279,3.514793,-0.7052605,-12486656
123,122,124,137,"null","null","null",14,0.0,1.3321686,-2.962594,3.0981092,-0.6042883,-16731116
124,123,125,136,"null","null","null",7,0.0,0.32388073,-3.5577064,2.361209,-1.2045276,-16731116
125,124,126,135,"null","null","null",6,0.0,0.5592984,-3.3365836,1.7788378,-2.6626277,-16731116
126,125,127,134,"null","null","null",5,0.0,0.66423047,-2.6457133,0.6411318,-3.4851904,-16731116
127,126,128,131,"null","null","null",4,0.0,2.143408,-2.120684,0.5042372,-3.4706426,-16777216
128,127,129,130,"null","null","null",2,0.0,3.126803,-0.9791728,0.65274775,-2.8544118,-16777216
131,127,132,133,"null","null","null",2,0.0,0.44286364,-3.711179,1.8611686,-1.7914356,-16777216
137,123,138,149,"null","null","null",7,0.0,3.0229454,-0.30320042,3.0686367,-1.3026809,-16777216
138,137,139,148,"null","null","null",6,0.0,2.3134418,-1.6418905,3.4890296,-0.37198997,-16777216
139,138,140,145,"null","null","null",5,0.0,1.5501379,-3.0610669,3.1200051,-0.5905173,-16777216
140,139,141,144,"null","null","null",3,0.0,0.4136008,-3.7909288,2.3745222,-0.66423035,-16777216
141,140,142,143,"null","null","null",2,0.0,0.5419743,-3.711179,1.8611686,-1.7914356,-16777216
145,139,146,147,"null","null","null",2,0.0,3.3284092,-0.28912854,2.5945022,-1.4052815,-16777216
150,122,151,156,"null","null","null",6,0.0,3.5286393,-0.63668215,2.0262823,-2.270556,-11184866
151,150,152,155,"null","null","null",3,0.0,3.0229454,-0.62788296,3.2790823,-1.3026809,-11184866
152,151,153,154,"null","null","null",2,0.0,2.3134418,-0.6527472,3.7626092,-0.37198997,-11184866
156,150,157,160,"null","null","null",3,0.0,1.970305,-2.0763676,0.56239974,-3.5523176,-16777216
157,156,158,159,"null","null","null",2,0.0,3.005169,-1.0892045,0.64591235,-2.9852326,-16777216
161,0,162,181,"null","null","null",13,0.0,3.1107192,-0.31716102,3.1657662,-1.003265,-16777216
162,161,163,176,"null","null","null",10,0.0,2.4621441,-1.5568602,3.514793,-0.39551717,-16777216
163,162,164,171,"","null","Bronzebacks",7,0.0,1.3321686,-2.859806,3.0981092,-0.6042883,-16777216
164,163,165,170,"null","null","null",4,0.0,0.32388073,-3.424082,2.361209,-1.1773279,-16777216
165,164,166,169,"null","null","null",3,0.0,0.5592984,-3.162872,1.7788378,-2.6272678,-16777216
166,165,167,168,"null","null","null",2,0.0,0.66423047,-2.4198883,0.6411318,-3.4392228,-16777216
171,163,172,175,"null","null","null",3,0.0,3.0229454,-0.30320042,3.2790823,-1.3026809,-16777216
172,171,173,174,"null","null","null",2,0.0,2.3134418,-0.6527472,3.7626092,-0.37198997,-16777216
176,162,177,180,"","null","Flying Snakes",3,0.0,3.6822972,-0.63668215,1.610443,-2.1905596,-16777216
177,176,178,179,"null","null","null",2,0.0,3.2227004,-0.62788296,2.7384913,-1.3026809,-16777216
181,161,182,185,"","null","Whip Snakes",3,0.0,3.5548232,-0.979175,0.34452912,-2.8342993,-16777216
182,181,183,184,"null","null","null",2,0.0,3.827052,-0.44105458,0.90939033,-2.1905596,-16777216
