index,parent,child1,child2,name1,name2,common,richness,lengthbr,hxmax,hxmin,hymax,hymin,color
0,-268433403,1,98,"null","null","null",54,57.7,2.9070096,-0.64591235,3.3844736,-0.88665277,-11184866
1,0,2,97,"null","null","null",49,36.5,2.238162,-1.8495896,3.700975,-0.41856945,-11184866
2,1,3,94,"null","null","null",48,36.5,1.2878745,-3.1463308,3.2905626,-0.61676013,-11184866
3,2,4,91,"null","null","null",46,36.5,0.34807986,-3.692512,2.633126,-1.3840528,-11184866
4,3,5,52,"null","null","null",44,36.4,0.57550097,-3.4455075,1.6364934,-2.8129432,-11184866
5,4,6,47,"null","null","null",24,36.300003,0.9035172,-2.7891603,0.33848894,-3.5743203,-11184866
6,5,7,26,"null","null","null",21,36.100002,2.4241488,-1.9383552,0.5235962,-3.5057988,-11184866
7,6,8,17,"null","null","null",10,27.9,3.3870237,-0.64570624,0.65809226,-2.8820133,-11184866
8,7,9,14,"","null","Snow Skinks",5,19.2,3.516667,-0.46288514,2.181583,-2.3054068,-11184866
9,8,10,13,"null","null","null",3,14.9,2.9699726,-0.6376134,3.3814757,-1.1971804,-16777216
10,9,11,12,"null","null","null",2,14.7,2.2791753,-0.6459116,3.7952113,-0.39551812,-16777216
14,8,15,16,"null","null","null",2,8.1,1.4433452,-2.0102282,0.5234818,-3.7908,-11184866
17,7,18,25,"","null","Sunskinks",5,23.8,0.8876251,-2.5607474,0.866506,-3.473288,-16777216
18,17,19,24,"null","null","null",4,23.8,2.472656,-2.0102282,0.5042372,-3.4551697,-16777216
19,18,20,23,"null","null","null",3,23.8,3.5548253,-0.9791728,0.65274775,-2.8342974,-16777216
20,19,21,22,"null","null","null",2,23.8,3.8270524,-0.44105512,0.9093949,-2.1905584,-16777216
26,6,27,38,"null","null","null",11,31.7,0.40148032,-3.4755564,1.6207683,-2.6626291,-16777216
27,26,28,33,"null","null","null",6,31.5,0.6642305,-2.8263779,0.41481906,-3.4851904,-16777216
28,27,29,32,"","null","Firetail Skinks",3,15.6,2.143408,-2.0102282,0.5042372,-3.4706426,-16777216
29,28,30,31,"null","null","null",2,15.6,3.126803,-0.9791728,0.65274775,-2.8544118,-16777216
33,27,34,37,"null","null","null",3,15.6,0.82108533,-3.7909288,2.3745222,-0.47381365,-16777216
34,33,35,36,"null","null","null",2,15.6,0.5419743,-3.711179,1.8611686,-1.7914356,-16777216
38,26,39,46,"null","null","null",5,18.3,1.6001905,-2.8032897,3.1200047,-0.31738126,-16777216
39,38,40,45,"null","null","null",4,18.3,0.41359925,-3.4558167,2.374522,-0.9977424,-16777216
40,39,41,44,"null","null","null",3,18.3,0.54197454,-3.2755322,1.8611674,-2.4725418,-16777216
41,40,42,43,"null","null","null",2,18.3,0.66192496,-2.5711775,0.75469065,-3.3442605,-16777216
47,5,48,51,"","null","Shining Skinks",3,12.2,0.7950952,-3.8027492,2.3612084,-0.6648505,-16777216
48,47,49,50,"null","null","null",2,12.2,0.55929863,-3.655138,1.7788366,-1.9610461,-16777216
52,4,53,78,"null","null","null",20,21.8,1.3321655,-2.9239225,3.3383706,-0.2750008,-16777216
53,52,54,75,"null","null","null",13,21.8,0.32388148,-3.5074303,2.6735492,-1.1974893,-16777216
54,53,55,74,"null","null","null",11,21.8,0.5592989,-3.2712228,1.7788353,-2.6534753,-16777216
55,54,56,73,"null","null","null",10,21.8,0.8246813,-2.5607443,0.6411284,-3.473289,-16777216
56,55,57,72,"null","null","null",9,21.8,2.390827,-2.010226,0.5042378,-3.4551682,-16777216
57,56,58,71,"null","null","null",8,21.8,3.4484446,-0.9791694,0.6527479,-2.8342948,-16777216
58,57,59,70,"null","null","null",7,21.8,3.6887546,-0.4410558,1.8644092,-2.1905565,-16777216
59,58,60,69,"null","null","null",6,21.8,3.2310927,-0.6278835,3.0686421,-1.3026755,-16777216
60,59,61,66,"null","null","null",5,21.8,2.584035,-1.5287797,3.4890313,-0.37199128,-16777216
61,60,62,65,"null","null","null",3,21.8,1.6001867,-2.914018,3.1200037,-0.59051806,-16777216
62,61,63,64,"null","null","null",2,21.8,0.4135952,-3.599759,2.374521,-0.6642302,-16777216
66,60,67,68,"null","null","null",2,21.8,3.8167205,-0.67175174,0.73107064,-2.2381597,-16777216
75,53,76,77,"null","null","null",2,21.8,2.3134408,-0.4390186,3.7626104,-0.7370672,-16777216
78,52,79,88,"null","null","null",7,21.8,3.022944,-0.30320084,3.0686398,-1.151444,-16777216
79,78,80,87,"null","null","null",5,21.8,2.3134408,-1.5287752,3.4890308,-0.37199068,-16777216
80,79,81,84,"null","null","null",4,21.8,1.550134,-2.9140143,3.1200047,-0.5905177,-16777216
81,80,82,83,"null","null","null",2,21.8,0.4135974,-3.5997574,2.374522,-0.66423035,-16777216
84,80,85,86,"null","null","null",2,21.8,3.328406,-0.28912896,2.5945067,-1.4052784,-16777216
88,78,89,90,"null","null","null",2,21.8,3.0051725,-1.0892012,0.33095616,-2.9852285,-16777216
91,3,92,93,"","null","Short-legged Giant Skinks",2,19.6,2.279176,-0.55373603,3.795211,-0.70525956,-16777216
94,2,95,96,"null","null","null",2,1.9,3.1081553,-0.31716147,2.8755634,-1.1971812,-16777216
98,0,99,104,"","null","Writhing Skinks",5,34.6,3.4687877,-0.9025985,0.35782853,-2.752129,-16777216
99,98,100,103,"null","null","null",3,34.6,3.622961,-0.4628849,1.7924187,-2.1365566,-16777216
100,99,101,102,"null","null","null",2,34.6,3.1081553,-0.6376133,2.8755634,-1.1971812,-16777216
104,98,105,106,"null","null","null",2,34.6,0.38339514,-2.4198875,0.8665061,-3.439223,-16777216
