index,parent,child1,child2,name1,name2,common,richness,lengthbr,hxmax,hxmin,hymax,hymin,color
0,-268427255,1,52,"null","null","null",28,0.0,0.32388073,-3.4695776,2.6735504,-1.1974847,-16731116
1,0,2,31,"null","null","null",26,0.0,0.5592984,-3.2220163,1.7464927,-2.653472,-16731116
2,1,3,30,"null","null","null",15,0.0,0.8246769,-2.4967756,0.6411318,-3.473288,-16731116
3,2,4,25,"null","null","null",14,0.0,2.3908234,-1.9270647,0.5042372,-3.4551697,-16731116
4,3,5,24,"null","null","null",11,0.0,3.448443,-0.9791728,0.65274775,-2.8342974,-16777216
5,4,6,23,"null","null","null",10,0.0,3.6887553,-0.44105512,1.8644047,-2.1905584,-16777216
6,5,7,16,"null","null","null",9,0.0,3.2310948,-0.6278832,3.0686388,-1.1166797,-16777216
7,6,8,13,"null","null","null",5,0.0,2.5840368,-1.5287743,3.48903,-0.37199056,-16777216
8,7,9,12,"null","null","null",3,0.0,1.6001897,-2.9140136,3.1200042,-0.59051764,-16777216
9,8,10,11,"null","null","null",2,0.0,0.4135989,-3.5997567,2.3745215,-0.66423035,-16777216
13,7,14,15,"null","null","null",2,0.0,3.8167202,-0.67175275,0.73106515,-2.238161,-16777216
16,6,17,22,"null","null","null",4,0.0,3.4068692,-1.0892038,0.3309561,-2.9070082,-16777216
17,16,18,21,"null","null","null",3,0.0,3.7300878,-0.4185698,1.4251086,-2.238161,-16777216
18,17,19,20,"null","null","null",2,0.0,3.3284082,-0.6167603,2.5945039,-1.4052806,-16777216
25,3,26,29,"null","null","null",3,0.0,0.44286364,-3.2755356,1.8611686,-2.4725387,-16731116
26,25,27,28,"null","null","null",2,0.0,0.6619249,-2.571182,0.7546941,-3.3442578,-16777216
31,1,32,51,"null","null","null",11,0.0,1.6001918,-2.8931763,3.402882,-0.3173819,-16777216
32,31,33,46,"null","null","null",10,0.0,0.29948944,-3.572671,2.7422624,-1.0796645,-16777216
33,32,34,43,"null","null","null",7,0.0,0.5419743,-3.427444,1.9094158,-2.5790417,-16777216
34,33,35,42,"null","null","null",5,0.0,0.6619249,-2.768663,0.7546941,-3.482712,-16777216
35,34,36,39,"null","null","null",4,0.0,1.9703064,-2.216556,0.48397338,-3.5523171,-16777216
36,35,37,38,"null","null","null",2,0.0,3.0051699,-1.0892038,0.6459124,-2.9852314,-16777216
39,35,40,41,"null","null","null",2,0.0,0.48358452,-3.7564592,1.9384005,-1.6186413,-16777216
43,33,44,45,"null","null","null",2,0.0,1.691729,-2.1268048,3.5885563,-0.35959762,-16777216
46,32,47,50,"null","null","null",3,0.0,2.3408213,-0.8562542,3.8025498,-0.76705235,-16777216
47,46,48,49,"null","null","null",2,0.0,1.691729,-2.1268048,3.5885563,-0.5755011,-16777216
52,0,53,54,"null","null","null",2,0.0,2.3134418,-0.4390183,3.7626092,-0.7370682,-16777216
