index,parent,child1,child2,name1,name2,common,richness,lengthbr,hxmax,hxmin,hymax,hymin,color
0,-268435433,1,20,"","null","Blind snakes, Thread Snakes and Worm Snakes",21,0.0,2.5434296,-1.7062032,0.44286627,-3.4929113,-3014646
1,0,2,15,"null","null","null",10,0.0,3.4364238,-0.52233154,0.6619247,-2.8537712,-16777216
2,1,3,14,"null","null","null",7,0.0,3.4921482,-0.48397207,2.1597247,-2.0763712,-16777216
3,2,4,13,"null","null","null",6,0.0,2.907014,-0.6459119,3.251421,-1.0892122,-16777216
4,3,5,12,"null","null","null",5,0.0,2.238165,-1.8652778,3.5280128,-0.41856802,-16777216
5,4,6,9,"null","null","null",4,0.0,1.2878847,-3.1667323,3.0657153,-0.6167593,-16777216
6,5,7,8,"null","null","null",2,0.0,0.34807813,-3.7190413,2.340823,-0.65809214,-16777216
9,5,10,11,"null","null","null",2,0.0,3.1081653,-0.3171605,2.8755522,-1.1971898,-16777216
15,1,16,19,"null","null","null",3,0.0,0.3955608,-2.4522984,0.8449218,-3.7671342,-16777216
16,15,17,18,"null","null","null",2,0.0,1.6186283,-1.9384066,0.523595,-3.756462,-16777216
20,0,21,40,"null","null","null",11,0.0,0.3596006,-3.1313152,1.691736,-2.7538173,-3014646
21,20,22,39,"null","null","null",10,0.0,0.90350735,-2.3807096,0.52729195,-3.4974644,-3014646
22,21,23,32,"null","null","null",9,0.0,2.4241405,-1.7993928,0.52359504,-3.4058914,-16777216
23,22,24,31,"null","null","null",5,0.0,3.38702,-0.8675306,0.658092,-2.7521348,-16777216
24,23,25,30,"null","null","null",4,0.0,3.516669,-0.46288353,2.1815703,-2.1365604,-16777216
25,24,26,29,"null","null","null",3,0.0,2.969978,-0.63761264,3.3814673,-1.1971898,-16777216
26,25,27,28,"null","null","null",2,0.0,2.279179,-0.6459123,3.795209,-0.39551604,-16777216
32,22,33,36,"null","null","null",4,0.0,0.40148306,-3.1628795,1.7948637,-2.6272585,-16777216
33,32,34,35,"null","null","null",2,0.0,0.66423047,-2.4198983,0.6411392,-3.4392169,-16777216
36,32,37,38,"null","null","null",2,0.0,1.6001979,-2.2880409,3.511706,-0.31738436,-16777216
