index,parent,child1,child2,name1,name2,common,richness,lengthbr,hxmax,hxmin,hymax,hymin,color
0,-268428274,1,82,"null","null","null",49,0.0,0.7950963,-3.590428,2.55196,-1.2503585,-16731116
1,0,2,75,"null","null","null",41,0.0,0.5592979,-3.3791237,1.6207718,-2.7222097,-16731116
2,1,3,62,"null","null","null",37,0.0,0.82467306,-2.7010155,0.5617663,-3.5626497,-16731116
3,2,4,43,"null","null","null",30,0.0,2.39082,-1.9577141,0.50423664,-3.571342,-16731116
4,3,5,40,"null","null","null",20,0.0,3.4484415,-0.7274705,0.6527476,-2.9853218,-16731116
5,4,6,37,"null","null","null",18,0.0,3.688756,-0.44105458,1.9931568,-2.3868887,-16731116
6,5,7,26,"null","null","null",16,0.0,3.2310967,-0.62788296,3.2360194,-1.1166822,-16731116
7,6,8,23,"null","null","null",10,0.0,2.5840383,-1.4436002,3.7066274,-0.37198997,-16731116
8,7,9,20,"null","null","null",8,0.0,1.5501379,-2.8032897,3.402882,-0.5905173,-16731116
9,8,10,15,"null","null","null",6,0.0,0.29948944,-3.4558184,2.7422624,-0.9977391,-16731116
10,9,11,14,"null","null","null",3,0.0,0.5419743,-3.2755356,1.8611686,-2.4725387,-16731116
11,10,12,13,"null","null","null",2,0.0,0.6619249,-2.571182,0.7546941,-3.3442578,-12486656
15,9,16,19,"null","null","null",3,0.0,2.3408213,-0.8562542,3.8025498,-0.76705235,-16731116
16,15,17,18,"null","null","null",2,0.0,1.691729,-2.1268048,3.5885563,-0.5755011,-16731116
20,8,21,22,"null","null","null",2,0.0,3.3284092,-0.28912854,2.5945022,-1.4052815,-16777216
23,7,24,25,"null","null","null",2,0.0,3.81672,-0.67175364,0.73106325,-2.2381618,-16777216
26,6,27,36,"null","null","null",6,0.0,3.251427,-1.0892045,0.33095574,-2.9070091,-16777216
27,26,28,35,"null","null","null",5,0.0,3.5280137,-0.41856956,1.8652903,-2.2381618,-16777216
28,27,29,32,"null","null","null",4,0.0,3.0657125,-0.6167602,3.1667411,-1.2878737,-16777216
29,28,30,31,"null","null","null",2,0.0,2.3408213,-0.6580918,3.719045,-0.34807998,-16777216
32,28,33,34,"null","null","null",2,0.0,2.8755636,-1.1971806,0.31716153,-3.1081548,-16777216
37,5,38,39,"null","null","null",2,0.0,1.2662363,-2.0763676,0.56239974,-3.8140664,-16777216
40,4,41,42,"null","null","null",2,0.0,0.37080073,-2.5711837,0.8857578,-3.3442564,-16777216
43,3,44,57,"null","null","null",10,0.0,0.44286472,-3.3444924,1.7061995,-2.6213427,-16777216
44,43,45,56,"null","null","null",7,0.0,0.6896912,-2.6608262,0.7546954,-3.537706,-16777216
45,44,46,55,"null","null","null",6,0.0,2.279305,-2.0763676,0.48397315,-3.6238103,-16777216
46,45,47,54,"null","null","null",5,0.0,3.406869,-1.0892045,0.64591235,-3.0781732,-16777216
47,46,48,51,"null","null","null",4,0.0,3.7300882,-0.41856956,1.4251064,-2.4606752,-16777216
48,47,49,50,"null","null","null",2,0.0,3.3284092,-0.6167602,2.5945022,-1.4052815,-16777216
51,47,52,53,"null","null","null",2,0.0,1.0880204,-2.1365561,0.60018194,-3.8261666,-16777216
57,43,58,61,"null","null","null",3,0.0,1.691732,-2.774617,3.131315,-0.3595987,-16777216
58,57,59,60,"null","null","null",2,0.0,0.5272873,-3.524499,2.3807096,-0.665,-16777216
62,2,63,72,"null","null","null",7,0.0,0.82108605,-3.5088606,2.7051497,-1.1988003,-16777216
63,62,64,69,"null","null","null",5,0.0,0.5419738,-3.3444924,1.9094191,-2.7339203,-16777216
64,63,65,68,"null","null","null",3,0.0,0.66192484,-2.6608262,0.7546954,-3.6840568,-16777216
65,64,66,67,"null","null","null",2,0.0,1.2662363,-2.0763676,0.48397315,-3.8140664,-16777216
69,63,70,71,"null","null","null",2,0.0,1.691732,-2.1267989,3.5885592,-0.3595987,-16777216
72,62,73,74,"null","null","null",2,0.0,2.3408217,-0.42902336,3.7190433,-0.7670531,-16777216
75,1,76,79,"null","null","null",4,0.0,1.5501426,-2.9140053,3.1200054,-0.31738296,-16777216
76,75,77,78,"null","null","null",2,0.0,0.41360593,-3.5997522,2.3745222,-0.66423047,-16777216
79,75,80,81,"null","null","null",2,0.0,3.328414,-0.28912807,2.5944958,-1.4052857,-16777216
82,0,83,96,"null","null","null",8,0.0,2.3134425,-1.4749813,3.4890285,-0.737069,-16731116
83,82,84,93,"null","null","null",7,0.0,1.5501437,-2.844088,3.1200056,-0.59051675,-16731116
84,83,85,92,"null","null","null",5,0.0,0.41360593,-3.5088606,2.3745222,-1.1987982,-16777216
85,84,86,91,"null","null","null",4,0.0,0.5419736,-3.3444936,1.8611718,-2.7339187,-16777216
86,85,87,90,"null","null","null",3,0.0,0.6619248,-2.6608276,0.7546971,-3.6840563,-16777216
87,86,88,89,"null","null","null",2,0.0,1.2662337,-2.0763686,0.48397285,-3.8140674,-16777216
93,83,94,95,"null","null","null",2,0.0,3.328415,-0.28912795,2.5944946,-1.4052866,-16731116
