index,parent,child1,child2,name1,name2,common,richness,lengthbr,hxmax,hxmin,hymax,hymin,color
0,-268435441,1,40,"null","null","null",34,91.299995,2.278585,-1.980156,3.6128316,-0.44105375,-12486656
1,0,2,37,"null","null","null",20,49.699997,1.1514552,-3.2191226,3.132397,-0.6278824,-11184866
2,1,3,30,"null","null","null",18,49.499996,0.37198886,-3.6846662,2.455727,-1.5047774,-11184866
3,2,4,29,"","null","Girdle-tailed Lizards",14,49.399998,0.59051657,-3.374335,1.6001961,-2.882824,-11184866
4,3,5,26,"null","null","null",13,49.399998,1.0522699,-2.7051506,0.29948834,-3.559218,-11184866
5,4,6,25,"null","null","null",11,49.399998,2.5434322,-1.8611722,0.5419735,-3.4099584,-11184866
6,5,7,22,"null","null","null",10,43.6,3.4364245,-0.49051207,0.68968856,-2.745932,-11184866
7,6,8,15,"null","null","null",8,41.3,3.4921463,-0.48397276,2.2793026,-2.060749,-11184866
8,7,9,14,"null","null","null",4,35.2,2.9070103,-0.64591223,3.406868,-1.0892067,-11184866
9,8,10,13,"null","null","null",3,33.8,2.2381625,-1.4251026,3.7300892,-0.41856912,-11184866
10,9,11,12,"null","null","null",2,24.6,1.4052837,-2.594499,3.3284116,-0.61675996,-16777216
15,7,16,21,"null","null","null",4,37.5,2.6072814,-1.9384029,0.48358572,-3.4058883,-16777216
16,15,17,20,"null","null","null",3,33.6,3.625099,-0.86752474,0.65809214,-2.7521303,-16777216
17,16,18,19,"null","null","null",2,26.8,3.8261669,-0.46288455,1.0880169,-2.1365573,-16777216
22,6,23,24,"null","null","null",2,43.1,0.39556122,-2.3807101,0.8449211,-3.5244987,-11184866
26,4,27,28,"null","null","null",2,49.4,0.7670537,-3.7190428,2.3408222,-0.42902315,-16777216
30,2,31,36,"","null","Flat Lizards",4,38.8,2.238164,-1.865281,3.5280137,-0.6717552,-16777216
31,30,32,35,"null","null","null",3,38.8,1.4052877,-3.166734,3.0657148,-0.61675954,-16777216
32,31,33,34,"null","null","null",2,38.8,0.34807852,-3.7190418,2.3408225,-0.6580921,-16777216
37,1,38,39,"","null","Grass Lizards",2,14.4,2.9852402,-0.33095512,3.0051615,-1.0892107,-16777216
40,0,41,66,"null","null","null",14,62.7,3.5703754,-0.56240153,2.1597264,-2.076371,-16731116
41,40,42,57,"null","null","null",13,58.100002,3.008709,-0.64591193,3.2514222,-0.8866597,-16731116
42,41,43,52,"null","null","null",8,57.9,2.3703687,-1.7065692,3.5280132,-0.4185682,-16777216
43,42,44,51,"null","null","null",5,54.0,1.4052893,-2.96041,3.0657153,-0.6167594,-16777216
44,43,45,50,"null","null","null",4,54.0,0.34807813,-3.4508224,2.340823,-1.354562,-16777216
45,44,46,49,"null","null","null",3,50.2,0.5754999,-3.1313155,1.6917357,-2.7746112,-16777216
46,45,47,48,"null","null","null",2,5.2,0.665,-2.3807101,0.5272909,-3.524496,-16777216
52,42,53,56,"null","null","null",3,33.8,3.6229668,-0.60018456,1.7924047,-2.1365604,-16777216
53,52,54,55,"null","null","null",2,29.4,3.1081653,-0.63761264,2.8755522,-1.1971898,-16777216
57,41,58,63,"null","null","null",5,32.4,3.4687877,-0.90259945,0.3578278,-2.7521348,-16731116
58,57,59,62,"null","null","null",3,32.2,3.6229668,-0.46288353,1.7924047,-2.1365604,-16731116
59,58,60,61,"null","null","null",2,17.0,3.1081653,-0.63761264,2.8755522,-1.1971898,-16777216
63,57,64,65,"null","null","null",2,13.0,0.38339433,-2.4198992,0.8665074,-3.4392166,-16777216
