index,parent,child1,child2,name1,name2,common,richness,lengthbr,hxmax,hxmin,hymax,hymin,color
0,-268435428,1,118,"null","null","null",102,100.200005,2.6213384,-1.8172157,0.44286627,-3.3934524,-16777216
1,0,2,109,"null","null","null",59,100.100006,3.5377054,-0.6447771,0.6619247,-2.7244744,-16777216
2,1,3,100,"null","null","null",54,93.8,3.6238143,-0.48397207,2.1597247,-2.0607538,-16777216
3,2,4,95,"null","null","null",49,87.3,3.0781798,-0.6459119,3.251421,-0.8866605,-16777216
4,3,5,92,"null","null","null",46,87.3,2.4606805,-1.8280945,3.5280128,-0.41856802,-16777216
5,4,6,73,"null","null","null",44,72.8,1.2264682,-3.118394,3.0657153,-0.6167593,-16777216
6,5,7,72,"null","null","null",34,72.8,0.34807813,-3.6562014,2.340823,-1.3802652,-16777216
7,6,8,51,"null","null","null",33,68.399994,0.5754999,-3.3983083,1.640714,-2.8080254,-16777216
8,7,9,48,"null","null","null",22,59.0,0.9035089,-2.7278008,0.33849317,-3.5679345,-16777216
9,8,10,39,"null","null","null",20,43.9,2.4241421,-1.847547,0.5235952,-3.4975019,-16777216
10,9,11,32,"null","null","null",15,30.0,3.3870208,-0.7260059,0.658092,-2.8712282,-16777216
11,10,12,23,"null","null","null",11,29.8,3.516668,-0.4628839,2.015647,-2.1562426,-16777216
12,11,13,22,"null","null","null",6,23.0,2.969976,-0.6376129,3.1657646,-1.197186,-16777216
13,12,14,21,"null","null","null",5,23.0,2.2791777,-1.7809217,3.5147924,-0.3955168,-16777216
14,13,15,20,"null","null","null",4,23.0,1.5045863,-3.1510873,3.0981097,-0.6042881,-16777216
15,14,16,19,"null","null","null",3,23.0,0.32388037,-3.802749,2.361209,-0.6648447,-16777216
16,15,17,18,"null","null","null",2,23.0,0.55929816,-3.65514,1.7788392,-1.961041,-16777216
23,11,24,29,"null","null","null",5,20.7,2.47265,-2.1206875,0.523484,-3.4551716,-16777216
24,23,25,28,"null","null","null",3,20.7,3.554822,-0.9791769,0.6527475,-2.8343005,-16777216
25,24,26,27,"null","null","null",2,20.7,3.827052,-0.44105422,0.9093875,-2.1905606,-16777216
29,23,30,31,"null","null","null",2,20.7,0.4428653,-3.7111802,1.8611718,-1.7914302,-16777216
32,10,33,36,"null","null","null",4,30.0,0.38339457,-2.7414122,0.86650705,-3.7314637,-16777216
33,32,34,35,"null","null","null",2,20.0,1.4433382,-2.010231,0.50423634,-3.7908013,-16777216
36,32,37,38,"null","null","null",2,9.6,0.8210864,-3.5997522,2.3745222,-0.40725175,-16777216
39,9,40,45,"null","null","null",5,28.2,0.40148264,-3.2712283,1.7948618,-2.8520653,-16777216
40,39,41,44,"null","null","null",3,26.8,0.66423047,-2.5607514,0.6411365,-3.7314637,-16777216
41,40,42,43,"null","null","null",2,24.4,1.4433382,-2.010231,0.50423634,-3.7908013,-16777216
45,39,46,47,"null","null","null",2,11.6,1.6001966,-2.288043,3.511705,-0.31738362,-16777216
48,8,49,50,"","null","Spined Tegus",2,14.2,0.79509676,-3.6646852,2.3612092,-0.4184203,-16777216
51,7,52,69,"null","null","null",11,47.6,1.4209557,-2.923917,3.347854,-0.27500063,-16777216
52,51,53,64,"null","null","null",9,29.5,0.32387957,-3.5074313,2.685876,-1.3502439,-16777216
53,52,54,59,"null","null","null",6,27.2,0.55929744,-3.2712297,1.6207746,-2.8520634,-16777216
54,53,55,58,"null","null","null",3,27.0,0.66423047,-2.5607533,0.6411383,-3.731463,-16777216
55,54,56,57,"null","null","null",2,11.3,1.4433353,-2.010232,0.50423604,-3.7908015,-16777216
59,53,60,63,"null","null","null",3,18.8,1.6001978,-2.9140012,3.120006,-0.31738424,-16777216
60,59,61,62,"null","null","null",2,18.8,0.4136094,-3.5997503,2.3745227,-0.66423047,-16777216
64,52,65,68,"null","null","null",3,20.0,2.3134434,-1.0472503,3.7903354,-0.73706996,-16777216
65,64,66,67,"null","null","null",2,2.1,1.6001987,-2.2880404,3.5117064,-0.5905163,-16777216
69,51,70,71,"null","null","null",2,35.9,3.2227073,-0.30319974,2.7384832,-1.3026869,-16777216
73,5,74,91,"","null","Spectacled Lizards",10,32.1,2.969978,-0.3171605,3.1657617,-1.1971898,-16777216
74,73,75,90,"null","null","null",9,29.9,2.279179,-1.6061716,3.5147917,-0.39551604,-16777216
75,74,76,89,"null","null","null",8,23.5,1.5045912,-2.9239159,3.098111,-0.6042875,-16777216
76,75,77,88,"null","null","null",7,13.4,0.32387918,-3.507431,2.3612099,-1.1974748,-16777216
77,76,78,87,"null","null","null",6,11.9,0.5592972,-3.271231,1.7788439,-2.6534648,-16777216
78,77,79,86,"null","null","null",5,11.8,0.8876138,-2.5607548,0.64114,-3.4732862,-16777216
79,78,80,85,"null","null","null",4,11.7,2.472646,-2.010233,0.50423574,-3.455173,-16777216
80,79,81,84,"null","null","null",3,9.5,3.5548198,-0.9791801,0.6527473,-2.834303,-16777216
81,80,82,83,"null","null","null",2,5.5,3.827052,-0.44105357,0.9093821,-2.190562,-16777216
92,4,93,94,"","null","Spectacled Lizards",2,57.1,3.826167,-0.6001848,1.0880048,-2.136561,-16777216
95,3,96,99,"null","null","null",3,25.5,3.6250954,-0.9025996,0.3578277,-2.7521353,-16777216
96,95,97,98,"null","null","null",2,25.5,3.826167,-0.46288335,1.0880048,-2.136561,-16777216
100,2,101,106,"null","null","null",5,54.5,2.6072748,-2.018177,0.48358738,-3.405892,-16777216
101,100,102,105,"null","null","null",3,30.7,3.6250954,-0.86753124,0.6580919,-2.7521353,-16777216
102,101,103,104,"null","null","null",2,30.7,3.826167,-0.46288335,1.0880048,-2.136561,-16777216
106,100,107,108,"null","null","null",2,16.3,0.4014834,-3.6551423,1.7788435,-1.9610333,-16777216
109,1,110,115,"null","null","null",5,40.4,0.81649584,-2.7278008,0.8449218,-3.4762163,-16777216
110,109,111,114,"null","null","null",3,40.4,2.3110259,-1.9384066,0.523595,-3.378269,-16777216
111,110,112,113,"null","null","null",2,40.4,3.2399716,-0.86753124,0.6580919,-2.7162256,-16777216
115,109,116,117,"null","null","null",2,40.4,0.795097,-3.6646843,2.3612094,-0.4184202,-16777216
118,0,119,202,"","null","Whiptail Lizards",43,54.1,0.3596006,-3.381093,1.691736,-2.7538173,-16777216
119,118,120,191,"null","null","null",42,53.899998,0.93439317,-2.705421,0.33849376,-3.4974644,-16777216
120,119,121,160,"null","null","null",36,50.699997,2.464292,-1.8765975,0.52359504,-3.4058914,-16777216
121,120,122,157,"null","null","null",20,48.6,3.439217,-0.5831127,0.658092,-2.7521348,-16777216
122,121,123,156,"null","null","null",18,44.0,3.5845249,-0.46288353,2.129318,-2.1365604,-16777216
123,122,124,155,"null","null","null",17,44.0,3.0581908,-0.63761264,3.3135395,-1.1971898,-16777216
124,123,125,144,"null","null","null",16,25.7,2.3938556,-1.6061716,3.7069027,-0.39551604,-16777216
125,124,126,139,"null","null","null",10,25.7,1.3321753,-2.9239159,3.347855,-0.6042875,-16777216
126,125,127,134,"null","null","null",7,25.7,0.32387918,-3.507431,2.685877,-1.350242,-16777216
127,126,128,133,"null","null","null",4,25.5,0.5592972,-3.271231,1.7788439,-2.852062,-16777216
128,127,129,132,"null","null","null",3,22.0,0.66423035,-2.5607548,0.64114,-3.7314625,-16777216
129,128,130,131,"null","null","null",2,21.6,1.4433327,-2.010233,0.50423574,-3.7908022,-16777216
134,126,135,138,"null","null","null",3,25.7,2.313444,-1.0472472,3.790336,-0.7370704,-16777216
135,134,136,137,"null","null","null",2,25.7,1.6002,-2.2880378,3.5117078,-0.5905161,-16777216
139,125,140,143,"null","null","null",3,25.7,3.0229487,-0.30319953,3.2790747,-1.3026884,-16777216
140,139,141,142,"null","null","null",2,25.7,2.313444,-0.65274763,3.7626064,-0.37198827,-16777216
144,124,145,152,"null","null","null",6,25.7,3.52864,-0.6366841,2.0262713,-2.3868942,-16777216
145,144,146,149,"null","null","null",4,17.400002,3.0229487,-0.62788224,3.2790747,-1.1514587,-16777216
146,145,147,148,"null","null","null",2,9.7,2.313444,-0.65274763,3.7626064,-0.37198827,-16777216
149,145,150,151,"null","null","null",2,4.8,3.0051584,-1.0892134,0.33095476,-2.9852433,-16777216
152,144,153,154,"null","null","null",2,25.7,1.266223,-2.0763721,0.5624022,-3.814068,-16777216
157,121,158,159,"null","null","null",2,10.7,0.38339433,-2.4198992,0.8665074,-3.4392166,-16777216
160,120,161,186,"null","null","null",16,35.699997,0.40148306,-3.3365898,1.6207749,-2.6814768,-16777216
161,160,162,185,"null","null","null",13,35.699997,0.75178754,-2.6457214,0.6411392,-3.5097005,-16777216
162,161,163,182,"null","null","null",12,35.699997,2.2960713,-2.1206903,0.50423586,-3.502511,-16777216
163,162,164,181,"null","null","null",10,33.1,3.325272,-0.9791807,0.65274733,-2.895842,-16777216
164,163,165,174,"null","null","null",9,29.8,3.5286403,-0.4410535,1.8643913,-2.2705626,-16777216
165,164,166,173,"null","null","null",5,27.7,3.0229487,-0.62788236,3.0686295,-1.3026878,-16777216
166,165,167,172,"null","null","null",4,27.5,2.3134437,-1.5287567,3.489027,-0.37198845,-16777216
167,166,168,171,"null","null","null",3,10.400001,1.6001993,-2.9139996,3.120006,-0.5905162,-16777216
168,167,169,170,"null","null","null",2,8.6,0.41361105,-3.5997496,2.3745227,-0.66423047,-16777216
174,164,175,178,"null","null","null",4,29.099998,1.9702926,-2.216563,0.5624019,-3.5523238,-16777216
175,174,176,177,"null","null","null",2,16.8,3.0051594,-1.0892124,0.6459119,-2.9852424,-16777216
178,174,179,180,"null","null","null",2,19.3,0.48358747,-3.756462,1.9384067,-1.6186283,-16777216
182,162,183,184,"null","null","null",2,35.7,0.44286638,-3.711182,1.8611745,-1.7914242,-16777216
186,160,187,190,"null","null","null",3,20.2,1.6001979,-2.9140012,3.120006,-0.31738436,-16777216
187,186,188,189,"null","null","null",2,9.6,0.4136091,-3.5997503,2.3745227,-0.66423047,-16777216
191,119,192,201,"null","null","null",6,50.3,0.7950969,-3.6143303,2.3612094,-1.350245,-16777216
192,191,193,200,"null","null","null",5,21.2,0.5592975,-3.4101982,1.7788424,-2.8520641,-16777216
193,192,194,197,"null","null","null",4,21.2,0.66423047,-2.7414122,0.41482335,-3.7314634,-16777216
194,193,195,196,"null","null","null",2,21.2,1.4433327,-2.0102327,0.504236,-3.7908025,-16777216
197,193,198,199,"null","null","null",2,21.2,0.8210869,-3.5997505,2.3745227,-0.40725154,-16777216
