index,parent,child1,child2,name1,name2,common,richness,lengthbr,hxmax,hxmin,hymax,hymin,color
0,-268435435,1,88,"null","null","null",78,118.100006,1.0751492,-2.6772218,0.82108676,-3.5088615,-16731116
1,0,2,61,"null","null","null",44,118.100006,2.5731766,-1.7306776,0.5419732,-3.3444963,-12486656
2,1,3,60,"null","null","null",30,116.2,3.475095,-0.7547017,0.6619247,-2.6608315,-12486656
3,2,4,59,"null","null","null",29,68.3,3.5424206,-0.48397207,2.218433,-2.0763712,-11184866
4,3,5,54,"","null","Monitor Lizards",28,26.400002,2.9723682,-0.6459119,3.3277416,-0.8866605,-11184866
5,4,6,43,"null","null","null",25,20.1,2.3231258,-1.8280945,3.6272297,-0.41856802,-11184866
6,5,7,30,"null","null","null",19,16.6,1.3110167,-3.118394,3.1946974,-0.6167593,-11184866
7,6,8,21,"null","null","null",12,16.2,0.34807813,-3.6562014,2.5084994,-1.4981346,-16777216
8,7,9,16,"null","null","null",7,12.0,0.5754999,-3.3983083,1.529717,-2.9612556,-16777216
9,8,10,13,"null","null","null",4,11.799999,0.665,-2.7278008,0.33849317,-3.7671337,-16777216
10,9,11,12,"null","null","null",2,4.9,1.6186322,-1.9384052,0.5235952,-3.7564607,-16777216
13,9,14,15,"null","null","null",2,7.6,0.79509676,-3.6646852,2.3612092,-0.4184203,-16777216
16,8,17,20,"null","null","null",3,10.8,1.5045897,-3.044881,3.0981104,-0.27500063,-16777216
17,16,18,19,"null","null","null",2,5.8,0.32387957,-3.6646843,2.3612094,-0.6619248,-16777216
21,7,22,29,"null","null","null",5,10.6,2.2791789,-1.7809162,3.514792,-0.7052618,-16777216
22,21,23,28,"null","null","null",4,8.2,1.5045903,-3.151083,3.0981107,-0.6042876,-16777216
23,22,24,27,"null","null","null",3,5.2999997,0.3238794,-3.8027477,2.3612094,-0.66483784,-16777216
24,23,25,26,"null","null","null",2,5.1,0.55929744,-3.6551414,1.7788426,-1.9610354,-16777216
30,6,31,40,"null","null","null",7,15.2,3.160212,-0.3171605,3.1657617,-1.012213,-11184866
31,30,32,37,"null","null","null",5,14.2,2.5264833,-1.6992202,3.5147917,-0.39551604,-16777216
32,31,33,36,"null","null","null",3,10.9,1.5045912,-3.044879,3.098111,-0.6042875,-16777216
33,32,34,35,"null","null","null",2,6.7,0.32387918,-3.6646833,2.3612099,-0.66192484,-16777216
37,31,38,39,"null","null","null",2,11.6,3.827052,-0.6366841,0.9093783,-2.190563,-16777216
40,30,41,42,"null","null","null",2,9.1,3.126793,-0.9791815,0.3445285,-2.8544235,-11184866
43,5,44,51,"null","null","null",6,20.1,3.5166693,-0.6001848,2.1815689,-2.3054144,-16777216
44,43,45,48,"null","null","null",4,17.1,2.9699788,-0.6376126,3.3814664,-1.0122141,-16777216
45,44,46,47,"null","null","null",2,15.1,2.2791796,-0.6459123,3.7952087,-0.39551586,-16777216
48,44,49,50,"null","null","null",2,11.8,3.126792,-0.97918236,0.34452838,-2.8544245,-16777216
51,43,52,53,"null","null","null",2,14.6,1.44333,-2.0102336,0.52348524,-3.7908027,-16777216
54,4,55,58,"null","null","null",3,26.2,3.6250954,-0.9025996,0.3578277,-2.7521353,-16777216
55,54,56,57,"null","null","null",2,16.4,3.826167,-0.46288335,1.0880048,-2.136561,-16777216
61,1,62,81,"null","null","null",14,49.8,0.3596006,-3.1863828,1.5297172,-2.808025,-16731116
62,61,63,80,"null","null","null",10,39.8,0.90350735,-2.4522977,0.52729195,-3.567934,-12486656
63,62,64,79,"null","null","null",9,36.7,2.4241405,-1.938406,0.52359504,-3.4975019,-12486656
64,63,65,74,"null","null","null",8,28.1,3.38702,-0.64571524,0.658092,-2.8712285,-11184866
65,64,66,73,"null","null","null",5,18.7,3.516669,-0.46288353,2.1643763,-2.1365604,-8572416
66,65,67,72,"null","null","null",4,18.7,2.969978,-0.63761264,3.3591151,-1.1971898,-8572416
67,66,68,71,"null","null","null",3,18.7,2.279179,-1.2371163,3.7661512,-0.39551604,-8572416
68,67,69,70,"null","null","null",2,10.0,1.5045912,-2.444144,3.4248781,-0.6042875,-3014646
74,64,75,78,"null","null","null",3,18.4,0.38339433,-2.5607548,0.8665074,-3.731463,-16731116
75,74,76,77,"null","null","null",2,10.9,1.4433315,-2.0102332,0.50423586,-3.7908025,-16777216
81,61,82,87,"","null","Alligator Lizards and more",4,25.7,1.5045896,-3.1510837,3.0981104,-0.27500075,-16731116
82,81,83,86,"null","null","null",3,16.7,0.32387954,-3.8027477,2.3612094,-0.6648374,-16731116
83,82,84,85,"null","null","null",2,16.5,0.55929744,-3.6551414,1.7788428,-1.9610348,-16731116
88,0,89,154,"null","null","null",34,116.2,0.7670542,-3.6562014,2.340823,-1.3802652,-16731116
89,88,90,153,"null","null","null",33,103.899994,0.57549995,-3.398308,1.6917357,-2.8080251,-16731116
90,89,91,150,"null","null","null",32,76.6,0.9035075,-2.7278006,0.33849353,-3.5679343,-16731116
91,90,92,131,"null","null","null",30,76.4,2.4241405,-1.9093124,0.5235951,-3.4975019,-16731116
92,91,93,126,"null","null","null",20,69.5,3.38702,-0.64571524,0.658092,-2.8712285,-16731116
93,92,94,111,"null","null","null",17,69.5,3.516669,-0.46288353,2.015643,-2.2078776,-16731116
94,93,95,106,"null","null","null",9,69.5,2.969978,-0.63761264,3.1657617,-1.0032711,-16731116
95,94,96,105,"","null","Glass Lizards",6,31.7,2.279179,-1.7809153,3.5147917,-0.39551604,-16731116
96,95,97,102,"null","null","null",5,31.7,1.4209576,-3.1510825,3.098111,-0.6042875,-16731116
97,96,98,101,"null","null","null",3,31.7,0.32387918,-3.8027477,2.3612099,-0.6648351,-16731116
98,97,99,100,"null","null","null",2,31.5,0.5592972,-3.6551423,1.7788439,-1.961033,-16731116
102,96,103,104,"null","null","null",2,31.7,3.2227087,-0.30319953,2.7384808,-1.3026884,-16777216
106,94,107,110,"null","null","null",3,26.8,3.554819,-0.9791815,0.3445285,-2.834304,-16777216
107,106,108,109,"null","null","null",2,26.8,3.827052,-0.44105333,0.9093783,-2.190563,-16777216
111,93,112,123,"null","null","null",8,50.8,2.3869941,-2.120691,0.52348495,-3.5713463,-16777216
112,111,113,120,"null","null","null",6,50.8,3.4434726,-0.72747934,0.6527473,-2.9853282,-16777216
113,112,114,117,"null","null","null",4,50.8,3.6823015,-0.44105333,1.6104301,-2.3868942,-16777216
114,113,115,116,"null","null","null",2,50.8,3.2227087,-0.62788224,2.7384808,-1.3026884,-16777216
117,113,118,119,"null","null","null",2,50.8,1.266223,-2.0763721,0.5624022,-3.814068,-16777216
120,112,121,122,"null","null","null",2,50.8,0.3708,-2.5711937,0.88575876,-3.34425,-16777216
123,111,124,125,"null","null","null",2,50.8,0.44286668,-3.7111824,1.8611751,-1.7914228,-16777216
126,92,127,130,"null","null","null",3,69.5,0.38339433,-2.5607548,0.8665074,-3.731463,-16777216
127,126,128,129,"null","null","null",2,9.2,1.4433315,-2.0102332,0.50423586,-3.7908025,-16777216
131,91,132,147,"null","null","null",10,58.9,0.40148306,-3.4101982,1.7948637,-2.6534662,-12486656
132,131,133,144,"null","null","null",8,58.9,0.8217288,-2.7414124,0.4148237,-3.4732869,-12486656
133,132,134,143,"null","null","null",6,58.9,2.386995,-2.0102327,0.50423586,-3.4551735,-16777216
134,133,135,140,"null","null","null",5,58.9,3.4434729,-0.72747827,0.65274733,-2.8343034,-16777216
135,134,136,139,"null","null","null",3,58.9,3.6823013,-0.4410535,1.6104317,-2.1905627,-16777216
136,135,137,138,"null","null","null",2,58.9,3.2227082,-0.62788236,2.738482,-1.3026878,-16777216
140,134,141,142,"null","null","null",2,58.9,0.37080008,-2.5711927,0.88575864,-3.3442507,-16777216
144,132,145,146,"null","null","null",2,58.9,0.8210869,-3.5997505,2.3745227,-0.40725148,-12486656
147,131,148,149,"null","null","null",2,58.9,1.6001979,-2.2880409,3.511706,-0.31738436,-16777216
150,90,151,152,"","null","American Legless Lizards",2,30.4,0.7950969,-3.6646845,2.3612094,-0.41842026,-12486656
