index,parent,child1,child2,name1,name2,common,richness,lengthbr,hxmax,hxmin,hymax,hymin,color
0,-268101594,1,90,"null","null","null",47,36.109726,3.6128297,-0.4410549,1.950667,-2.3868876,-16731116
1,0,2,89,"null","null","null",45,35.70189,3.1323924,-0.6278831,3.1807811,-1.3026792,-16731116
2,1,3,78,"null","null","null",44,35.70189,2.4557233,-1.5005803,3.6348162,-0.37199032,-16731116
3,2,4,73,"null","null","null",38,34.116158,1.4333824,-2.8773625,3.3095264,-0.59051746,-16731116
4,3,5,42,"null","null","null",35,34.116158,0.38599122,-3.5521114,2.6209002,-1.052279,-16731116
5,4,6,35,"null","null","null",19,34.116158,0.54197454,-3.4007154,1.7306666,-2.5434394,-16731116
6,5,7,26,"null","null","null",15,34.116158,0.6764462,-2.7339156,0.5223193,-3.4364274,-16731116
7,6,8,25,"null","null","null",10,21.595463,2.2620838,-2.076365,0.483974,-3.4921446,-16731116
8,7,9,20,"null","null","null",9,21.595463,3.3844771,-0.8866478,0.64591265,-2.9070063,-16731116
9,8,10,19,"null","null","null",6,21.595463,3.700975,-0.41857052,1.9147071,-2.2381597,-16731116
10,9,11,18,"null","null","null",5,21.595463,3.2905602,-0.6167606,3.230979,-1.4052775,-16731116
11,10,12,15,"null","null","null",4,21.595463,2.6331239,-0.856262,3.8025498,-0.34808096,-16731116
12,11,13,14,"null","null","null",2,21.595463,1.6917254,-2.1268115,3.5885534,-0.5755017,-12486656
15,11,16,17,"null","null","null",2,21.595463,3.7952118,-0.705258,0.5537415,-2.2791743,-16731116
20,8,21,24,"null","null","null",3,21.595463,0.35782912,-2.7521262,0.9025978,-3.6251016,-16731116
21,20,22,23,"null","null","null",2,21.595463,1.0880251,-2.1365547,0.46288556,-3.8261662,-16731116
26,6,27,34,"null","null","null",5,15.094581,0.8449197,-3.4974663,2.4522865,-1.0443957,-16731116
27,26,28,33,"null","null","null",4,15.094581,0.5235969,-3.405886,1.9383984,-2.6072884,-16731116
28,27,29,32,"null","null","null",3,15.094581,0.65809244,-2.7521262,0.8675197,-3.6251016,-16731116
29,28,30,31,"null","null","null",2,15.094581,1.0880251,-2.1365547,0.46288556,-3.8261662,-16731116
35,5,36,41,"null","null","null",4,13.001764,1.6917278,-2.9612656,3.1863737,-0.35959697,-16731116
36,35,37,40,"null","null","null",3,13.001764,0.52728057,-3.767137,2.4522865,-0.665,-16731116
37,36,38,39,"null","null","null",2,13.001764,0.5235969,-3.756458,1.9383984,-1.6186465,-16731116
42,4,43,68,"null","null","null",16,34.116158,2.6202073,-1.3802803,3.5294862,-0.76705194,-16731116
43,42,44,61,"null","null","null",13,34.116158,1.5297084,-2.8080373,3.233573,-0.5755013,-16731116
44,43,45,60,"null","null","null",9,20.60731,0.52728057,-3.5679402,2.5136454,-0.9519027,-16731116
45,44,46,57,"null","null","null",8,20.60731,0.5235969,-3.497502,2.018165,-2.4870474,-16731116
46,45,47,52,"null","null","null",6,20.60731,0.65809244,-2.8712273,0.64570314,-3.4687884,-16731116
47,46,48,51,"null","null","null",3,20.60731,1.7924242,-2.1365547,0.46288556,-3.6229591,-16731116
48,47,49,50,"null","null","null",2,20.60731,2.8755672,-1.1971784,0.6376136,-3.108152,-16731116
52,46,53,56,"null","null","null",3,20.60731,0.8665055,-3.731467,2.5607438,-0.3833955,-16731116
53,52,54,55,"null","null","null",2,20.60731,0.5042379,-3.7907996,2.0102258,-1.4433501,-16731116
57,45,58,59,"null","null","null",2,20.60731,1.7788337,-1.9610533,3.6551347,-0.40147883,-16731116
61,43,62,67,"null","null","null",4,13.001764,3.0981078,-0.27500108,3.151092,-1.5045799,-12486656
62,61,63,66,"null","null","null",3,13.001764,2.361208,-0.66485816,3.8027484,-0.32388195,-12486656
63,62,64,65,"null","null","null",2,13.001764,1.7788337,-1.9610533,3.6551347,-0.55929923,-8572416
68,42,69,72,"null","null","null",3,10.303655,3.766147,-0.70525885,1.2371379,-2.2791753,-11513776
69,68,70,71,"null","null","null",2,10.303655,3.4248672,-0.60428894,2.4441621,-1.5045799,-11513776
73,3,74,77,"null","null","null",3,10.303655,3.0657122,-0.28912875,3.1667428,-1.40528,-16731116
74,73,75,76,"null","null","null",2,10.303655,2.340821,-0.6580918,3.7190456,-0.34808034,-16731116
78,2,79,84,"null","null","null",6,16.804537,3.5280137,-0.6717531,1.8652927,-2.3703601,-16731116
79,78,80,83,"null","null","null",3,16.804537,3.0657122,-0.6167604,3.1667428,-1.40528,-16731116
80,79,81,82,"null","null","null",2,16.804537,2.340821,-0.6580918,3.7190456,-0.34808034,-16731116
84,78,85,88,"null","null","null",3,16.804537,1.7924224,-2.1365554,0.6001814,-3.6229596,-16731116
85,84,86,87,"null","null","null",2,16.804537,2.875566,-1.1971791,0.6376135,-3.1081529,-16731116
90,0,91,92,"null","null","null",2,6.500882,1.2662389,-2.0763667,0.56239915,-3.8140662,-16731116
