index,parent,child1,child2,name1,name2,common,richness,lengthbr,hxmax,hxmin,hymax,hymin,color
0,-268043255,1,66,"null","null","null",62,29.384565,2.2184336,-2.0677385,0.4839719,-3.570892,-16731116
1,0,2,45,"null","null","null",33,29.384565,3.3277423,-0.8933888,0.6459119,-3.009381,-16731116
2,1,3,30,"null","null","null",22,29.384565,3.6272297,-0.4185682,1.7316349,-2.3712425,-16731116
3,2,4,25,"null","null","null",14,29.384565,3.1946962,-0.6167594,2.9929948,-1.2264664,-16731116
4,3,5,16,"null","null","null",11,29.384565,2.5084984,-1.325995,3.493181,-0.34807852,-16731116
5,4,6,13,"null","null","null",6,29.384565,1.6749442,-2.7374728,3.1863809,-0.57550013,-12486656
6,5,7,12,"null","null","null",4,29.384565,0.5272892,-3.4762144,2.452295,-0.8165024,-12486656
7,6,8,11,"null","null","null",3,29.384565,0.52359545,-3.3782644,1.938404,-2.3110325,-12486656
8,7,9,10,"null","null","null",2,29.384565,0.6580921,-2.716219,0.8675264,-3.239977,-11184866
13,5,14,15,"null","null","null",2,29.384565,3.4248743,-0.275,2.4441507,-1.5045873,-12486656
16,4,17,22,"null","null","null",5,29.384565,3.5147922,-0.70526135,1.6992264,-2.5264814,-16731116
17,16,18,21,"null","null","null",3,29.384565,3.09811,-0.6042879,3.0448842,-1.5045873,-16731116
18,17,19,20,"null","null","null",2,29.384565,2.3612092,-0.6619247,3.664686,-0.32388014,-16731116
22,16,23,24,"null","null","null",2,29.384565,0.9093858,-2.1905613,0.636683,-3.827052,-16731116
25,3,26,29,"null","null","null",3,29.384565,3.3814695,-1.1971871,0.3171607,-2.969977,-16731116
26,25,27,28,"null","null","null",2,29.384565,3.7952096,-0.39551657,0.64591205,-2.2791781,-16731116
30,2,31,44,"null","null","null",8,29.384565,2.0156457,-2.1365595,0.6001842,-3.6249337,-12486656
31,30,32,43,"null","null","null",7,29.384565,3.1657639,-1.1971871,0.63761276,-3.1107216,-12486656
32,31,33,38,"null","null","null",6,29.384565,3.5147922,-0.39551657,1.6992264,-2.4621463,-12486656
33,32,34,37,"null","null","null",3,29.384565,3.09811,-0.6042879,3.0448842,-1.5045873,-16731116
34,33,35,36,"null","null","null",2,29.384565,2.3612092,-0.6619247,3.664686,-0.32388014,-16731116
38,32,39,42,"null","null","null",3,29.384565,1.6104382,-2.1905613,0.636683,-3.6822984,-11184866
39,38,40,41,"null","null","null",2,29.384565,2.7384877,-1.3026835,0.62788266,-3.2227032,-8572416
45,1,46,63,"null","null","null",11,29.384565,0.55627966,-2.7672753,0.90259945,-3.3870203,-16731116
46,45,47,56,"null","null","null",9,29.384565,2.1643777,-2.1562438,0.4628837,-3.5166686,-16731116
47,46,48,53,"null","null","null",5,29.384565,3.3591156,-1.012209,0.63761276,-2.969977,-16731116
48,47,49,52,"null","null","null",3,29.384565,3.7661495,-0.39551657,1.2371237,-2.2791781,-16731116
49,48,50,51,"null","null","null",2,29.384565,3.4248743,-0.6042879,2.4441507,-1.5045873,-16731116
53,47,54,55,"null","null","null",2,29.384565,0.3445288,-2.8544188,0.97917783,-3.1267967,-16731116
56,46,57,62,"null","null","null",4,29.384565,0.52348435,-3.4551723,2.0102317,-2.4726489,-11184866
57,56,58,61,"null","null","null",3,29.384565,0.65274745,-2.8343015,0.97917783,-3.5548213,-11184866
58,57,59,60,"null","null","null",2,29.384565,0.9093858,-2.1905613,0.441054,-3.827052,-8572416
63,45,64,65,"null","null","null",2,29.384565,0.8665073,-3.439218,2.4198961,-0.38339445,-16731116
66,0,67,102,"null","null","null",29,29.384565,0.48358735,-3.4216075,1.9093124,-2.4241407,-16731116
67,66,68,91,"null","null","null",18,29.384565,0.658092,-2.7725658,0.7637699,-3.3870203,-16731116
68,67,69,84,"null","null","null",12,29.384565,2.1250052,-2.1631215,0.4628837,-3.5166686,-12486656
69,68,70,81,"null","null","null",8,29.384565,3.3079312,-1.012209,0.63761276,-2.969977,-16731116
70,69,71,80,"null","null","null",6,29.384565,3.6996098,-0.39551657,1.7809198,-2.2791781,-16731116
71,70,72,79,"null","null","null",5,29.384565,3.3383727,-0.6042879,3.1510856,-1.5045873,-16731116
72,71,73,76,"null","null","null",4,29.384565,2.673551,-0.6648439,3.802748,-0.32388014,-16731116
73,72,74,75,"null","null","null",2,29.384565,1.7788401,-1.9610407,3.6551394,-0.5592979,-16731116
76,72,77,78,"null","null","null",2,29.384565,3.7626083,-0.737069,0.43901807,-2.3134422,-11513776
81,69,82,83,"null","null","null",2,29.384565,0.3445288,-2.8544188,0.97917783,-3.1267967,-16731116
84,68,85,88,"null","null","null",4,29.384565,0.52348435,-3.470647,2.1206887,-2.1433992,-11184866
85,84,86,87,"null","null","null",2,29.384565,0.65274745,-2.8544188,0.97917783,-3.1267967,-12486656
88,84,89,90,"null","null","null",2,29.384565,1.8611733,-1.7914264,3.7111812,-0.44286573,-8572416
91,67,92,97,"null","null","null",6,29.384565,0.8665073,-3.4851904,2.8263793,-0.63434815,-16731116
92,91,93,96,"null","null","null",3,29.384565,0.5042361,-3.470647,2.0102317,-2.1433992,-16731116
93,92,94,95,"null","null","null",2,29.384565,0.65274745,-2.8544188,0.97917783,-3.1267967,-16731116
97,91,98,101,"null","null","null",3,29.384565,2.3745227,-0.4738027,3.790927,-0.82108665,-16731116
98,97,99,100,"null","null","null",2,29.384565,1.8611739,-1.7914258,3.7111812,-0.54197323,-16731116
102,66,103,118,"null","null","null",11,29.384565,1.6207749,-2.653466,3.4101982,-0.40148306,-12486656
103,102,104,115,"null","null","null",8,29.384565,0.41482395,-3.4732864,2.7414124,-0.8217281,-12486656
104,103,105,114,"null","null","null",6,29.384565,0.50423586,-3.455173,2.0102327,-2.3869944,-12486656
105,104,106,111,"null","null","null",5,29.384565,0.65274733,-2.8343027,0.72747636,-3.443472,-12486656
106,105,107,110,"null","null","null",3,29.384565,1.6104356,-2.190562,0.4410537,-3.6822996,-12486656
107,106,108,109,"null","null","null",2,29.384565,2.7384858,-1.302685,0.6278825,-3.222705,-12486656
111,105,112,113,"null","null","null",2,29.384565,0.8857585,-3.3442523,2.5711896,-0.3708002,-11184866
115,103,116,117,"null","null","null",2,29.384565,2.3745227,-0.40725145,3.59975,-0.821087,-11184866
118,102,119,122,"null","null","null",3,29.384565,3.120006,-0.31738436,2.9140007,-1.6001983,-16731116
119,118,120,121,"null","null","null",2,29.384565,2.3745227,-0.66423047,3.59975,-0.41360956,-16731116
