index,parent,child1,child2,name1,name2,common,richness,lengthbr,hxmax,hxmin,hymax,hymin,color
0,-268062715,1,162,"DICROGLOSSIDAE","null","null",153,58.300003,0.7950963,-3.590428,2.6075602,-1.211824,-16731116
1,0,2,116,"null","null","null",131,53.4,0.5592979,-3.3791237,1.7338068,-2.672115,-16731116
2,1,3,99,"null","null","null",82,48.325962,0.8143029,-2.7010155,0.57826155,-3.4975266,-12486656
3,2,4,46,"null","null","null",73,47.070736,2.377339,-1.9536061,0.50423664,-3.486682,-16731116
4,3,-268051456,5,"null","null","null",46,41.871338,3.4309158,-0.7997961,0.6527476,-2.8752637,-16731116
5,4,6,37,"null","null","null",21,33.295944,0.6729609,-2.7339163,0.8857578,-3.4965982,-12486656
6,5,7,36,"null","null","null",16,30.321983,2.2575555,-2.0763676,0.48397315,-3.5703707,-12486656
7,6,8,33,"null","null","null",15,30.321983,3.3785946,-0.87069,0.64591235,-3.0087013,-12486656
8,7,9,28,"null","null","null",13,30.321983,3.6933317,-0.41856956,1.7065808,-2.3703616,-12486656
9,8,10,21,"null","null","null",10,30.321983,3.2806258,-0.6167602,2.9604187,-1.2264597,-12486656
10,9,11,16,"null","null","null",6,30.321983,2.6202087,-1.354575,3.4508257,-0.34807998,-11184866
11,10,12,15,"null","null","null",3,30.321983,1.691729,-2.774622,3.131315,-0.5755011,-11513776
12,11,13,14,"null","null","null",2,30.321983,0.52728236,-3.524502,2.38071,-0.665,-11513776
16,10,17,20,"null","null","null",3,30.321983,3.7661476,-0.7052593,1.2371349,-2.2791758,-11184866
17,16,18,19,"null","null","null",2,30.321983,3.4248686,-0.6042887,2.4441597,-1.5045813,-3014646
21,9,22,25,"null","null","null",4,30.321983,3.3814754,-1.0122005,0.31716153,-2.969973,-12486656
22,21,23,24,"null","null","null",2,30.321983,3.7952113,-0.395518,0.64591163,-2.2791758,-12486656
25,21,26,27,"null","null","null",2,30.321983,0.34452963,-2.8544106,0.97917116,-3.1268039,-12486656
28,8,29,32,"null","null","null",3,30.321983,1.7924193,-2.1365561,0.60018194,-3.6229608,-12486656
29,28,30,31,"null","null","null",2,30.321983,2.8755636,-1.1971806,0.63761336,-3.1081548,-12486656
33,7,34,35,"null","null","null",2,30.321983,0.3578286,-2.7162137,0.9025985,-3.2399807,-16731116
37,5,38,45,"null","null","null",5,30.321983,0.84492064,-3.497465,2.452291,-1.04439,-16731116
38,37,39,44,"null","null","null",4,30.321983,0.52359617,-3.4058871,1.9384013,-2.607284,-16731116
39,38,40,43,"null","null","null",3,30.321983,0.65809226,-2.7521284,0.86752254,-3.6251001,-16731116
40,39,41,42,"null","null","null",2,30.321983,1.0880204,-2.1365561,0.46288502,-3.8261666,-11513776
46,3,47,98,"null","null","null",27,36.442135,0.44286472,-3.3352494,1.8611706,-2.573181,-12486656
47,46,48,97,"null","null","null",26,36.442135,0.6764399,-2.6488104,0.7546954,-3.4750957,-12486656
48,47,49,80,"null","null","null",25,35.631664,2.2620783,-2.0607471,0.48397315,-3.542417,-12486656
49,48,50,69,"null","null","null",16,35.631664,3.384474,-0.94437885,0.64591235,-2.9723616,-12486656
50,49,51,60,"null","null","null",10,35.631664,3.700975,-0.41856956,1.9147013,-2.32312,-12486656
51,50,52,59,"null","null","null",5,35.631664,3.2905622,-0.6167602,3.2309756,-1.4052815,-11184866
52,51,53,56,"null","null","null",4,35.631664,2.6331258,-0.8562542,3.8025498,-0.34807998,-11184866
53,52,54,55,"null","null","null",2,35.631664,1.691729,-2.1268048,3.5885563,-0.5755011,-11184866
56,52,57,58,"null","null","null",2,35.631664,3.7952113,-0.7052593,0.55373704,-2.2791758,-11184866
60,50,61,66,"null","null","null",5,35.631664,2.1815825,-2.305407,0.60018194,-3.5166674,-12486656
61,60,62,65,"null","null","null",3,35.631664,3.3814754,-1.1971806,0.63761336,-2.969973,-12486656
62,61,63,64,"null","null","null",2,35.631664,3.7952113,-0.395518,0.64591163,-2.2791758,-16731116
66,60,67,68,"null","null","null",2,35.631664,0.52348197,-3.7907996,2.0102274,-1.443347,-12486656
69,49,70,79,"null","null","null",6,35.631664,0.5695168,-2.8820138,0.9025985,-3.387024,-12486656
70,69,71,76,"null","null","null",5,35.631664,2.1815825,-2.305407,0.46288502,-3.5166674,-11184866
71,70,72,75,"null","null","null",3,35.631664,3.3814754,-1.1971806,0.63761336,-2.969973,-11184866
72,71,73,74,"null","null","null",2,35.631664,3.7952113,-0.395518,0.64591163,-2.2791758,-12486656
76,70,77,78,"null","null","null",2,35.631664,0.52348197,-3.7907996,2.0102274,-1.443347,-11513776
80,48,81,90,"null","null","null",9,35.631664,0.48358494,-3.4058871,1.8475419,-2.4870439,-16731116
81,80,82,87,"null","null","null",5,35.631664,0.65809226,-2.7521284,0.5831018,-3.468788,-16731116
82,81,83,86,"null","null","null",3,35.631664,1.7924193,-2.1365561,0.46288502,-3.6229608,-16731116
83,82,84,85,"null","null","null",2,35.631664,2.8755636,-1.1971806,0.63761336,-3.1081548,-12486656
87,81,88,89,"null","null","null",2,35.631664,0.866506,-3.4392238,2.4198866,-0.3833952,-16731116
90,80,91,96,"null","null","null",4,35.631664,1.7788377,-2.85207,3.2712255,-0.40148056,-12486656
91,90,92,95,"null","null","null",3,35.631664,0.6411329,-3.7314653,2.5607479,-0.66423047,-12486656
92,91,93,94,"null","null","null",2,35.631664,0.50423706,-3.7908006,2.0102284,-1.4433441,-12486656
99,2,100,111,"null","null","null",9,24.029604,0.82108605,-3.5088606,2.7422638,-1.0796609,-11184866
100,99,101,108,"null","null","null",6,24.029604,0.5419738,-3.3444924,1.9094191,-2.579039,-11184866
101,100,102,107,"null","null","null",4,24.029604,0.66192484,-2.6608262,0.7546954,-3.4827113,-11184866
102,101,103,106,"null","null","null",3,24.029604,1.970305,-2.0763676,0.48397315,-3.5523176,-11184866
103,102,104,105,"null","null","null",2,24.029604,3.005169,-1.0892045,0.64591235,-2.9852326,-11184866
108,100,109,110,"null","null","null",2,24.029604,1.691732,-2.1267989,3.5885592,-0.3595987,-8572416
111,99,112,115,"null","null","null",3,24.029604,2.3408217,-0.85624695,3.8025503,-0.7670531,-11184866
112,111,113,114,"null","null","null",2,24.029604,1.6917326,-2.1267982,3.5885592,-0.57550055,-11184866
116,1,117,159,"null","null","null",49,42.56229,1.5501426,-2.8828256,3.3743343,-0.31738296,-16731116
117,116,118,156,"null","null","null",47,42.106544,0.29948863,-3.5592184,2.7051501,-1.1121998,-16731116
118,117,119,149,"null","null","null",45,41.630978,0.5419736,-3.4099586,1.7062007,-2.621341,-12486656
119,118,120,146,"null","null","null",41,40.612907,0.6619248,-2.745932,0.49051154,-3.5377054,-12486656
120,119,121,139,"null","null","null",39,40.065975,2.2184396,-2.0607486,0.48397285,-3.6238112,-12486656
121,120,122,126,"null","null","null",35,38.882515,3.3277454,-0.9395863,0.64591223,-3.0781746,-16731116
122,121,-268052480,123,"null","null","null",28,36.44214,3.6272292,-0.41856924,1.8495879,-2.4606762,-16731116
123,122,124,125,"null","null","null",2,7.580496,1.0880178,-2.136557,0.60018253,-3.8261664,-16731116
126,121,127,134,"null","null","null",7,21.281141,0.5695143,-2.8712277,0.90259874,-3.387023,-12486656
127,126,128,133,"null","null","null",4,21.281141,2.18158,-2.136557,0.46288466,-3.5166676,-12486656
128,127,129,132,"null","null","null",3,21.281141,3.381474,-1.1971824,0.6376132,-2.969974,-12486656
129,128,130,131,"null","null","null",2,21.281141,3.7952108,-0.39551765,0.64591175,-2.2791765,-12486656
134,126,135,138,"null","null","null",3,21.281141,0.86650634,-3.7314653,2.5607479,-0.38339502,-12486656
135,134,136,137,"null","null","null",2,21.281141,0.50423706,-3.7908006,2.0102284,-1.4433441,-11184866
139,120,140,145,"null","null","null",4,15.160992,0.48358554,-3.405888,1.9384025,-2.6072817,-12486656
140,139,141,144,"null","null","null",3,15.160992,0.65809214,-2.7521296,0.86752415,-3.6250987,-12486656
141,140,142,143,"null","null","null",2,15.160992,1.0880178,-2.136557,0.46288466,-3.8261664,-11184866
146,119,147,148,"null","null","null",2,7.580496,0.844921,-3.524499,2.3807096,-0.39556128,-12486656
149,118,150,153,"null","null","null",4,15.160992,1.6749431,-2.7746146,3.1313152,-0.35959932,-12486656
150,149,151,152,"null","null","null",2,15.160992,0.52728903,-3.5244977,2.3807096,-0.665,-12486656
153,149,154,155,"null","null","null",2,15.160992,3.4248743,-0.27500018,2.4441504,-1.5045869,-16731116
156,117,157,158,"null","null","null",2,7.580496,2.3408222,-0.4290232,3.7190425,-0.7670536,-16731116
159,116,160,161,"null","null","null",2,7.580496,3.328414,-0.28912807,2.5944958,-1.4052857,-16731116
162,0,163,186,"null","null","null",22,35.777145,2.4557261,-1.4749813,3.6141286,-0.737069,-16731116
163,162,164,181,"null","null","null",12,28.76145,1.433388,-2.844088,3.282636,-0.59051675,-16731116
164,163,165,174,"null","null","null",9,28.76145,0.29948846,-3.5088606,2.5859418,-1.1987982,-16731116
165,164,166,171,"null","null","null",5,28.76145,0.5419736,-3.3444936,1.9094207,-2.7339187,-16731116
166,165,167,170,"null","null","null",3,28.76145,0.6619248,-2.6608276,0.7546971,-3.6840563,-16731116
167,166,168,169,"null","null","null",2,28.76145,1.2662337,-2.0763686,0.48397285,-3.8140674,-16731116
171,165,172,173,"null","null","null",2,28.76145,1.6917332,-2.1267962,3.58856,-0.35959932,-16731116
174,164,175,180,"null","null","null",4,28.76145,2.3408222,-1.354566,3.4508235,-0.7670536,-16731116
175,174,176,179,"null","null","null",3,28.76145,1.6917341,-2.774614,3.1313152,-0.5755003,-16731116
176,175,177,178,"null","null","null",2,28.76145,0.52728903,-3.5244977,2.3807096,-0.665,-16731116
181,163,182,185,"null","null","null",3,28.76145,3.0657144,-0.28912795,3.1667354,-1.4052866,-12486656
182,181,183,184,"null","null","null",2,28.76145,2.3408222,-0.658092,3.7190423,-0.34807882,-12486656
186,162,187,200,"null","null","null",10,26.651176,3.5280135,-0.6717548,1.7316377,-2.3703663,-12486656
187,186,188,197,"null","null","null",7,26.651176,3.0657144,-0.61675966,2.9929967,-1.2878811,-11184866
188,187,189,196,"null","null","null",5,26.651176,2.3408222,-1.4981369,3.4931822,-0.34807882,-11184866
189,188,190,195,"null","null","null",4,26.651176,1.6917348,-2.961257,3.1863818,-0.5755002,-11184866
190,189,191,194,"null","null","null",3,26.651176,0.52729076,-3.7671342,2.4522963,-0.665,-11184866
191,190,192,193,"null","null","null",2,26.651176,0.5235953,-3.756461,1.9384048,-1.6186329,-11184866
197,187,198,199,"null","null","null",2,26.651176,2.8755558,-1.197187,0.31716084,-3.1081624,-11184866
200,186,201,204,"null","null","null",3,26.651176,1.7924097,-2.136559,0.6001835,-3.6229653,-16731116
201,200,202,203,"null","null","null",2,26.651176,2.8755558,-1.197187,0.6376129,-3.1081624,-16731116
