index,parent,child1,child2,name1,name2,common,richness,lengthbr,hxmax,hxmin,hymax,hymin,color
0,-268423163,1,52,"null","null","null",40,22.31266,2.5084958,-1.3385772,3.6148474,-0.76705235,-16731116
1,0,2,43,"null","null","null",26,22.31266,1.5297099,-2.7538245,3.3445432,-0.5755011,-16731116
2,1,3,26,"null","null","null",21,22.31266,0.48278177,-3.4974651,2.6579065,-0.90352,-16731116
3,2,4,19,"null","null","null",12,15.030277,0.5235966,-3.4058857,1.8475386,-2.4241512,-16731116
4,3,5,18,"null","null","null",8,15.030277,0.6580924,-2.7521262,0.8675197,-3.3870246,-16731116
5,4,6,17,"null","null","null",7,15.030277,2.0156581,-2.1365547,0.46288556,-3.5166664,-16731116
6,5,7,14,"null","null","null",6,15.030277,3.1657712,-1.0121977,0.6376136,-2.9699712,-16731116
7,6,8,13,"null","null","null",4,15.030277,3.5147934,-0.3955186,1.6992409,-2.2791743,-16731116
8,7,9,12,"null","null","null",3,15.030277,3.0981069,-0.60428905,3.0448952,-1.5045791,-16731116
9,8,10,11,"null","null","null",2,15.030277,2.361207,-0.6619245,3.6646912,-0.32388222,-16731116
14,6,15,16,"null","null","null",2,15.030277,0.34452996,-2.8544092,0.97917,-3.1268048,-16731116
19,3,20,25,"null","null","null",4,15.030277,1.7788349,-2.8520741,3.2712226,-0.40147948,-16731116
20,19,21,24,"null","null","null",3,15.030277,0.6411278,-3.731467,2.5607438,-0.6642305,-16731116
21,20,22,23,"null","null","null",2,15.030277,0.5042379,-3.7907996,2.0102258,-1.4433501,-12486656
26,2,27,38,"null","null","null",9,22.31266,2.6858702,-1.3502579,3.5074303,-0.7950947,-16731116
27,26,28,33,"null","null","null",6,10.8376875,1.6207665,-2.8520741,3.2712226,-0.559299,-16731116
28,27,29,32,"null","null","null",3,10.8376875,0.6411278,-3.731467,2.5607438,-0.6642305,-16731116
29,28,30,31,"null","null","null",2,10.8376875,0.5042379,-3.7907996,2.0102258,-1.4433501,-16731116
33,27,34,37,"null","null","null",3,10.8376875,3.1200044,-0.3173804,2.914015,-1.6001886,-16731116
34,33,35,36,"null","null","null",2,10.8376875,2.3745217,-0.66423035,3.5997577,-0.41359687,-16731116
38,26,39,42,"null","null","null",3,22.31266,3.7903333,-0.7370671,1.04727,-2.3134406,-16731116
39,38,40,41,"null","null","null",2,4.1925898,3.5116975,-0.59051776,2.2880573,-1.6001886,-16731116
43,1,44,51,"null","null","null",5,9.734892,3.0981085,-0.27500087,2.859808,-1.5045813,-12486656
44,43,45,50,"null","null","null",4,9.734892,2.3612084,-1.1773341,3.4240806,-0.3238816,-16731116
45,44,46,49,"null","null","null",3,9.734892,1.7788349,-2.6272733,3.1628678,-0.559299,-16731116
46,45,47,48,"null","null","null",2,9.734892,0.6411278,-3.4392257,2.4198828,-0.6642305,-16731116
52,0,53,68,"null","null","null",14,22.31266,3.5147934,-0.7052593,1.6061835,-2.3938494,-16731116
53,52,54,67,"null","null","null",8,12.577769,3.0981085,-0.6042887,2.923923,-1.5045813,-16731116
54,53,55,66,"null","null","null",7,12.577769,2.3612084,-1.2045329,3.5074303,-0.3238816,-16731116
55,54,56,63,"null","null","null",6,12.577769,1.7948523,-2.6626315,3.2712226,-0.559299,-12486656
56,55,57,62,"null","null","null",4,12.577769,0.6411278,-3.4851913,2.5607438,-0.6642305,-16731116
57,56,58,61,"null","null","null",3,12.577769,0.5042379,-3.4706411,2.0102258,-2.1434124,-16731116
58,57,59,60,"null","null","null",2,12.577769,0.652748,-2.8544092,0.97917,-3.1268048,-12486656
63,55,64,65,"null","null","null",2,12.577769,3.5116975,-0.3173804,2.2880573,-1.6001886,-11184866
68,52,69,76,"null","null","null",6,10.8376875,2.0262883,-2.3868861,0.63668084,-3.5286393,-12486656
69,68,70,73,"null","null","null",4,10.8376875,3.2790866,-1.1514432,0.6278833,-3.022944,-12486656
70,69,71,72,"null","null","null",2,10.8376875,3.762611,-0.3719908,0.65274704,-2.3134406,-11184866
73,69,74,75,"null","null","null",2,10.8376875,0.33095622,-2.985228,1.0892007,-3.0051732,-16731116
76,68,77,78,"null","null","null",2,10.8376875,0.56239843,-3.814066,2.0763652,-1.2662426,-16731116
