index,parent,child1,child2,name1,name2,common,richness,lengthbr,hxmax,hxmin,hymax,hymin,color
0,-268061529,1,125,"null","null","null",112,42.000004,2.3728023,-1.9794786,0.52348524,-3.5025122,-16731116
1,0,2,66,"null","null","null",83,34.100002,3.425024,-0.79560494,0.6527473,-2.895844,-16731116
2,1,3,61,"null","null","null",53,33.9,3.658319,-0.44105315,1.9450054,-2.2705646,-16731116
3,2,4,56,"Sorex","null","null",50,28.7,3.1915317,-0.6278822,3.1734295,-1.1166914,-16731116
4,3,5,-268027904,"null","null","null",47,24.0,2.5326014,-1.5005634,3.6252685,-0.3719881,-16731116
5,4,6,55,"null","null","null",26,23.8,1.6002007,-2.8773494,3.2971203,-0.590516,-16731116
6,5,7,44,"null","null","null",25,20.1,0.29948714,-3.552106,2.604771,-1.1121914,-16731116
7,6,8,43,"null","null","null",19,18.7,0.5419725,-3.4007168,1.8611767,-2.6213346,-16731116
8,7,9,32,"null","null","null",18,18.7,0.6764288,-2.7339182,0.5496058,-3.5377035,-16731116
9,8,10,31,"null","null","null",12,18.7,2.2620683,-2.0763726,0.4839716,-3.623814,-16731116
10,9,11,30,"null","null","null",11,11.3,3.3844688,-1.0892128,0.6459118,-3.0781798,-16731116
11,10,12,27,"null","null","null",10,8.7,3.7009754,-0.41856784,1.731633,-2.4606805,-16731116
12,11,13,24,"null","null","null",8,7.5,3.2905664,-0.6167593,2.9929938,-1.2878841,-16731116
13,12,14,21,"null","null","null",6,6.0,2.6331291,-1.4981349,3.4931812,-0.34807816,-16731116
14,13,15,20,"null","null","null",4,4.7,1.6917357,-2.961256,3.186382,-0.5754999,-16731116
15,14,16,19,"null","null","null",3,2.6,0.5272909,-3.7671344,2.4522967,-0.665,-16731116
16,15,17,18,"null","null","null",2,2.1,0.5235952,-3.7564616,1.9384052,-1.6186306,-16731116
21,13,22,23,"null","null","null",2,2.7,3.795209,-0.7052618,0.55372345,-2.2791789,-16731116
24,12,25,26,"null","null","null",2,3.1,2.8755536,-1.1971887,0.3171605,-3.1081638,-16731116
27,11,28,29,"null","null","null",2,3.5,1.088007,-2.1365604,0.6001848,-3.8261669,-16731116
32,8,33,42,"null","null","null",6,18.7,0.8449223,-3.4974635,2.5136616,-1.0443783,-16731116
33,32,34,39,"null","null","null",5,17.0,0.52359474,-3.4058914,2.0181777,-2.607274,-16731116
34,33,35,38,"null","null","null",3,11.5,0.6580919,-2.752135,0.86753106,-3.6250951,-16731116
35,34,36,37,"null","null","null",2,11.3,1.088007,-2.1365604,0.46288338,-3.8261669,-16731116
39,33,40,41,"null","null","null",2,8.9,1.7788441,-1.9610317,3.655143,-0.4014837,-16731116
44,6,45,54,"null","null","null",6,12.0,2.3408237,-1.3259888,3.4931827,-0.76705533,-16731116
45,44,46,53,"null","null","null",5,12.0,1.6917396,-2.737469,3.1863859,-0.57549936,-16731116
46,45,47,52,"null","null","null",4,11.0,0.52729595,-3.4762154,2.4523013,-0.8164922,-16731116
47,46,48,51,"null","null","null",3,10.8,0.5235944,-3.37827,1.9384081,-2.3110232,-16731116
48,47,49,50,"null","null","null",2,10.8,0.6580918,-2.716227,0.86753273,-3.2399707,-16731116
56,3,57,60,"null","null","null",3,8.5,3.4735012,-1.0892141,0.33095467,-2.9070153,-16731116
57,56,58,59,"null","null","null",2,8.5,3.8167186,-0.4185676,0.7310459,-2.2381659,-16731116
61,2,62,65,"Blarinella","null","null",3,9.5,1.9702901,-2.0763724,0.5624025,-3.5523252,-16731116
62,61,63,64,"null","null","null",2,5.6,3.0051577,-1.0892141,0.64591175,-2.9852443,-16731116
66,1,67,118,"null","null","null",30,25.6,0.67295015,-2.724475,0.8857589,-3.4965987,-16731116
67,66,68,99,"Cryptotis","null","Small-eared shrews and more",26,25.4,2.257546,-2.1014707,0.4839717,-3.570377,-16731116
68,67,69,96,"null","null","null",16,25.4,3.3785903,-0.87070316,0.64591175,-3.0087118,-16731116
69,68,70,91,"null","null","null",14,25.4,3.6933346,-0.4185676,1.8280911,-2.3703713,-16731116
70,69,71,86,"null","null","null",11,25.4,3.280634,-0.61675906,3.118391,-1.226471,-16731116
71,70,72,81,"null","null","null",8,25.4,2.6202166,-1.4981294,3.6562004,-0.34807754,-16731116
72,71,73,80,"null","null","null",5,25.4,1.6917396,-2.9612515,3.398309,-0.57549936,-12486656
73,72,74,77,"null","null","null",4,10.7,0.33849633,-3.7671328,2.7278013,-0.665,-16731116
74,73,75,76,"null","null","null",2,10.7,0.5235944,-3.7564626,1.9384081,-1.6186249,-16731116
77,73,78,79,"null","null","null",2,10.7,2.36121,-0.41841984,3.6646824,-0.7950978,-12486656
81,71,82,85,"null","null","null",3,8.5,3.766152,-0.7052629,1.2371116,-2.27918,-16731116
82,81,83,84,"null","null","null",2,8.5,3.4248805,-0.60428715,2.4441402,-1.5045936,-11513776
86,70,87,90,"null","null","null",3,25.4,3.3814647,-1.1971924,0.31716013,-2.9699798,-16731116
87,86,88,89,"null","null","null",2,25.4,3.795208,-0.39551544,0.6459124,-2.27918,-16731116
91,69,92,95,"null","null","null",3,8.5,1.7924002,-2.1365619,0.60018545,-3.6229687,-16731116
92,91,93,94,"null","null","null",2,8.5,2.8755488,-1.1971924,0.63761246,-3.1081684,-16731116
96,68,97,98,"null","null","null",2,5.4,0.35782748,-2.716228,0.9025998,-3.23997,-16731116
99,67,100,115,"null","null","null",10,25.400002,0.4835881,-3.4975019,2.0181787,-2.4241378,-12486656
100,99,101,110,"null","null","null",8,16.1,0.6580919,-2.8712287,0.64571744,-3.3870192,-12486656
101,100,102,109,"null","null","null",5,12.3,2.1815674,-2.1365614,0.46288306,-3.5166698,-11184866
102,101,103,106,"null","null","null",4,12.3,3.3814654,-1.0122155,0.63761246,-2.9699793,-11184866
103,102,104,105,"null","null","null",2,12.3,3.7952085,-0.39551562,0.6459124,-2.2791798,-11184866
106,102,107,108,"null","null","null",2,12.3,0.34452826,-2.854426,0.9791835,-3.126791,-8572416
110,100,111,114,"null","null","null",3,8.4,0.8665079,-3.7314618,2.5607562,-0.38339406,-12486656
111,110,112,113,"null","null","null",2,8.4,0.5042355,-3.7908025,2.010234,-1.4433293,-12486656
115,99,116,117,"null","null","null",2,5.4,1.7788448,-1.9610307,3.6551433,-0.40148413,-11184866
118,66,119,124,"Blarina","null","null",4,12.0,0.8449222,-3.476216,2.4523,-0.8164934,-16731116
119,118,120,123,"null","null","null",3,10.200001,0.5235946,-3.37827,1.9384077,-2.311024,-16731116
120,119,121,122,"null","null","null",2,5.9,0.6580919,-2.716227,0.8675325,-3.2399707,-16731116
125,0,126,177,"null","null","null",29,34.8,0.44286698,-3.3934526,1.7062047,-2.573175,-16731116
126,125,127,170,"null","null","null",26,34.8,0.6764293,-2.7244747,0.522333,-3.4750948,-16731116
127,126,128,163,"null","null","null",22,31.0,2.2620685,-2.0607545,0.48397177,-3.5424216,-16731116
128,127,129,152,"null","null","null",18,31.0,3.3844688,-0.8866618,0.6459118,-2.9723697,-16731116
129,128,130,143,"null","null","null",12,23.9,3.700976,-0.41856778,1.7065656,-2.3231268,-16731116
130,129,131,140,"null","null","null",7,23.9,3.2905674,-0.6167592,2.9604075,-1.2878872,-16731116
131,130,132,137,"null","null","null",5,15.2,2.6331303,-1.3545566,3.450821,-0.3480777,-16731116
132,131,133,136,"null","null","null",3,15.2,1.6917387,-2.7746062,3.1313152,-0.5754995,-16731116
133,132,134,135,"null","null","null",2,6.8,0.52729595,-3.524493,2.3807096,-0.665,-16731116
137,131,138,139,"null","null","null",2,15.2,3.7952085,-0.70526266,0.5537169,-2.2791798,-16731116
140,130,141,142,"null","null","null",2,6.5,2.8755498,-1.1971917,0.31716022,-3.1081676,-16731116
143,129,144,149,"null","null","null",5,15.2,2.1815674,-2.3054154,0.60018516,-3.5166698,-16731116
144,143,145,148,"null","null","null",3,15.2,3.3814654,-1.1971917,0.63761246,-2.9699793,-16731116
145,144,146,147,"null","null","null",2,6.8,3.7952085,-0.39551562,0.6459124,-2.2791798,-16731116
149,143,150,151,"null","null","null",2,15.2,0.52348566,-3.790803,2.0102344,-1.4433286,-16731116
152,128,153,162,"Chimarrogale","some","Water shrews",6,17.2,0.5562757,-2.7521362,0.9025997,-3.3870196,-16731116
153,152,154,161,"null","null","null",5,17.2,2.164374,-2.1365614,0.46288314,-3.5166698,-16731116
154,153,155,160,"null","null","null",4,17.2,3.3591142,-1.1971917,0.63761246,-2.9699793,-16731116
155,154,156,159,"null","null","null",3,17.2,3.766152,-0.39551562,1.2371131,-2.2791798,-16731116
156,155,157,158,"null","null","null",2,17.2,3.42488,-0.60428727,2.4441414,-1.5045929,-16731116
163,127,164,169,"","some","Water shrews",4,31.0,0.48358777,-3.405892,1.9384074,-2.6072736,-16731116
164,163,165,168,"Neomys","null","null",3,10.6,0.6580919,-2.7521358,0.867532,-3.625095,-16731116
165,164,166,167,"null","null","null",2,10.6,1.0880044,-2.136561,0.46288323,-3.826167,-16731116
170,126,171,176,"Anourosorex","most","Mole shrews",4,13.7,0.8449222,-3.4762156,2.4522994,-0.8164949,-16731116
171,170,172,175,"null","null","null",3,13.7,0.5235948,-3.3782687,1.9384071,-2.3110254,-16731116
172,171,173,174,"null","null","null",2,13.7,0.6580919,-2.7162256,0.86753166,-3.2399716,-16731116
177,125,178,181,"null","null","null",3,10.9,1.6917375,-2.7746086,3.1313152,-0.35960135,-16731116
178,177,179,180,"Notiosorex","null","null",2,6.4,0.5272941,-3.5244944,2.3807096,-0.665,-16731116
