index,parent,child1,child2,name1,name2,common,richness,lengthbr,hxmax,hxmin,hymax,hymin,color
0,-268252156,1,169,"null","null","null",397,155.7,3.5602663,-0.48397207,2.1597247,-2.0659308,-16731116
1,0,-268275712,2,"null","null","null",237,121.2,2.9955673,-0.6459119,3.251421,-0.91104263,-16731116
2,1,3,144,"null","null","null",84,112.799995,3.439217,-0.9025996,0.5259898,-2.806995,-16731116
3,2,4,99,"null","null","null",71,85.8,3.5845256,-0.46288335,2.1250017,-2.2078784,-16731116
4,3,5,98,"null","null","null",48,75.6,3.0581915,-0.6376126,3.307929,-1.1971906,-16731116
5,4,6,87,"null","null","null",47,66.5,2.393856,-1.6359198,3.6996102,-0.39551586,-16731116
6,5,7,86,"","null","Spiny Lizards",41,43.3,1.5045918,-2.9625895,3.338375,-0.60428745,-16731116
7,6,8,83,"null","null","null",40,43.1,0.323879,-3.5577078,2.6735528,-1.2275785,-16731116
8,7,9,70,"null","null","null",38,35.6,0.5592972,-3.3365903,1.6207758,-2.6925995,-16731116
9,8,10,69,"null","null","null",31,35.1,0.7517865,-2.645722,0.64114,-3.5241613,-16731116
10,9,11,66,"null","null","null",30,34.0,2.2960706,-2.1206903,0.50423574,-3.5213108,-16731116
11,10,12,65,"null","null","null",28,33.5,3.3252718,-0.9791801,0.6527473,-2.920282,-16731116
12,11,13,44,"null","null","null",27,30.6,3.5286398,-0.44105357,1.864394,-2.3023348,-16731116
13,12,14,29,"null","null","null",16,30.4,3.0229478,-0.6278824,3.0686321,-1.1927606,-16731116
14,13,15,28,"null","null","null",8,28.500002,2.3134432,-1.4435942,3.4890285,-0.37198886,-16731116
15,14,16,23,"null","null","null",7,24.900002,1.4333884,-2.8032858,3.1200058,-0.59051657,-16731116
16,15,17,22,"null","null","null",4,15.8,0.41360605,-3.4558184,2.3745227,-0.99773157,-16731116
17,16,18,21,"null","null","null",3,10.6,0.5419735,-3.275539,1.8611722,-2.4725323,-16731116
18,17,19,20,"null","null","null",2,10.4,0.6619248,-2.5711865,0.7546976,-3.3442545,-16731116
23,15,24,27,"null","null","null",3,12.8,3.0657144,-0.2891279,3.166736,-1.4052861,-16731116
24,23,25,26,"null","null","null",2,7.9,2.3408225,-0.658092,3.7190428,-0.34807888,-16731116
29,13,30,43,"null","null","null",8,28.5,3.2514234,-1.0892096,0.33095512,-3.0781772,-16731116
30,29,31,40,"null","null","null",7,19.5,3.5280132,-0.41856855,1.9146957,-2.4606783,-16731116
31,30,32,37,"null","null","null",5,19.0,3.0657144,-0.61675966,3.2309725,-1.28788,-16731116
32,31,33,36,"null","null","null",3,12.6,2.3408225,-0.8562454,3.8025503,-0.34807888,-16731116
33,32,34,35,"null","null","null",2,8.0,1.691733,-2.1267972,3.5885596,-0.57550037,-16731116
37,31,38,39,"null","null","null",2,16.2,2.875558,-1.1971854,0.3171609,-3.10816,-16731116
40,30,41,42,"null","null","null",2,7.5,1.0880123,-2.1365585,0.6001837,-3.8261666,-16731116
44,12,45,64,"null","null","null",11,29.2,2.1597278,-2.0763705,0.56240153,-3.6238127,-16731116
45,44,46,59,"null","null","null",10,29.0,3.2514234,-0.8866574,0.645912,-3.0781772,-16731116
46,45,47,56,"null","null","null",7,28.900002,3.5280132,-0.41856855,1.9146957,-2.4606783,-16731116
47,46,48,53,"null","null","null",5,24.2,3.0657144,-0.61675966,3.2309725,-1.28788,-16731116
48,47,49,52,"null","null","null",3,8.3,2.3408225,-0.8562454,3.8025503,-0.34807888,-16731116
49,48,50,51,"null","null","null",2,7.4,1.691733,-2.1267972,3.5885596,-0.57550037,-16731116
53,47,54,55,"null","null","null",2,20.0,2.875558,-1.1971854,0.3171609,-3.10816,-16731116
56,46,57,58,"null","null","null",2,22.7,1.0880123,-2.1365585,0.6001837,-3.8261666,-16731116
59,45,60,63,"null","null","null",3,16.9,0.35782802,-2.7521324,0.9025992,-3.6250968,-16731116
60,59,61,62,"null","null","null",2,14.2,1.0880123,-2.1365585,0.462884,-3.8261666,-16731116
66,10,67,68,"null","null","null",2,28.9,0.44286656,-3.7111814,1.8611743,-1.7914251,-16731116
70,8,71,78,"null","null","null",7,35.1,1.4333917,-2.803284,3.120006,-0.3173849,-16731116
71,70,72,77,"null","null","null",4,34.3,0.41361105,-3.4558191,2.3745227,-0.9977241,-16731116
72,71,73,76,"null","null","null",3,8.7,0.54197276,-3.2755432,1.8611755,-2.4725258,-16731116
73,72,74,75,"null","null","null",2,8.5,0.66192466,-2.5711925,0.75470227,-3.3442504,-16731116
78,70,79,82,"null","null","null",3,20.5,3.0657158,-0.2891274,3.1667309,-1.4052902,-16731116
79,78,80,81,"null","null","null",2,12.6,2.3408232,-0.6580922,3.7190404,-0.3480779,-16731116
83,7,84,85,"null","null","null",2,26.1,2.313444,-0.4390176,3.7626064,-0.7370704,-16731116
87,5,88,93,"","null","Tree and Brush Lizards",6,38.3,3.52864,-0.6366844,2.0262702,-2.2705646,-16731116
88,87,89,92,"null","null","null",3,33.4,3.0229492,-0.6278822,3.2790737,-1.3026892,-16731116
89,88,90,91,"null","null","null",2,16.1,2.3134441,-0.6527477,3.7626061,-0.3719881,-16731116
93,87,94,97,"null","null","null",3,22.0,1.9702901,-2.0763724,0.5624025,-3.5523252,-12486656
94,93,95,96,"null","null","null",2,13.6,3.0051577,-1.0892141,0.64591175,-2.9852443,-11184866
99,3,100,141,"null","null","null",23,80.5,2.3908134,-2.1206918,0.52348524,-3.5713465,-16731116
100,99,101,124,"null","null","null",21,61.0,3.4484384,-0.79560494,0.6527473,-2.9853287,-16731116
101,100,102,121,"","null","Horned Lizards",12,39.6,3.6887577,-0.44105315,1.8643892,-2.3868947,-16731116
102,101,103,120,"null","null","null",10,39.6,3.231102,-0.6278822,3.0686283,-1.3026892,-16731116
103,102,104,117,"null","null","null",9,39.399998,2.5840425,-1.4749742,3.489027,-0.3719881,-16731116
104,103,105,114,"null","null","null",7,39.3,1.5501502,-2.8440835,3.1200066,-0.590516,-16731116
105,104,106,113,"null","null","null",5,39.2,0.41361272,-3.5088603,2.374523,-1.1987886,-16731116
106,105,107,112,"null","null","null",4,39.0,0.5419725,-3.3444977,1.8611767,-2.733911,-16731116
107,106,108,111,"null","null","null",3,37.0,0.6619246,-2.6608334,0.75470394,-3.684053,-16731116
108,107,109,110,"null","null","null",2,19.7,1.2662228,-2.0763726,0.4839716,-3.814068,-16731116
114,104,115,116,"null","null","null",2,13.5,3.3284197,-0.2891272,2.5944867,-1.4052919,-16731116
117,103,118,119,"null","null","null",2,28.9,3.8167186,-0.6717566,0.7310459,-2.2381659,-16731116
121,101,122,123,"null","null","null",2,39.6,1.2662215,-2.0763724,0.5624025,-3.8140683,-16731116
124,100,125,134,"null","null","null",9,38.8,0.6896813,-2.724475,0.8857589,-3.4364233,-16731116
125,124,126,133,"null","null","null",5,37.5,2.2792964,-2.0763724,0.4839717,-3.492149,-16731116
126,125,127,132,"null","null","null",4,33.9,3.4068658,-1.0892141,0.64591175,-2.9070153,-16731116
127,126,128,131,"","null","Lesser Earless Lizards",3,23.1,3.7300925,-0.4185676,1.4250877,-2.2381659,-16731116
128,127,129,130,"null","null","null",2,13.5,3.3284197,-0.61675906,2.5944867,-1.4052919,-16731116
134,124,135,140,"null","null","null",4,26.0,0.8449222,-3.476216,2.4523,-0.8164934,-12486656
135,134,136,139,"null","null","null",3,26.0,0.5235946,-3.37827,1.9384077,-2.311024,-12486656
136,135,137,138,"null","null","null",2,2.7,0.6580919,-2.716227,0.8675325,-3.2399707,-11184866
141,99,142,143,"","null","California Rock Lizard",2,41.3,0.44286698,-3.7111826,1.8611758,-1.7914215,-16731116
144,2,145,156,"null","null","null",13,104.2,0.82172704,-2.7010176,0.86650753,-3.4732869,-16731116
145,144,146,153,"null","null","null",6,44.0,2.3869934,-2.1206918,0.5042357,-3.4551742,-16731116
146,145,147,152,"null","null","null",4,28.0,3.4434724,-0.97918236,0.6527473,-2.8343048,-16731116
147,146,148,151,"null","null","null",3,28.0,3.682302,-0.44105315,1.6104288,-2.1905634,-16731116
148,147,149,150,"null","null","null",2,27.8,3.2227097,-0.6278822,2.7384799,-1.3026892,-16731116
153,145,154,155,"","null","Leopard Lizards",2,8.1,0.44286698,-3.7111826,1.8611758,-1.7914215,-12486656
156,144,157,164,"null","null","null",7,66.0,0.82108724,-3.508861,2.7422667,-1.1987916,-16777216
157,156,158,163,"null","null","null",4,44.3,0.5419729,-3.344497,1.8611754,-2.7339132,-16777216
158,157,159,162,"null","null","null",3,44.3,0.66192466,-2.6608324,0.7547028,-3.684054,-16777216
159,158,160,161,"null","null","null",2,44.3,1.266223,-2.0763721,0.48397186,-3.814068,-16777216
164,156,165,168,"null","null","null",3,49.7,2.3408232,-0.8562368,3.8025508,-0.76705474,-16777216
165,164,166,167,"null","null","null",2,49.7,1.6917374,-2.1267896,3.588563,-0.5754997,-16777216
169,0,170,184,"null","null","null",160,99.2,2.510728,-1.9383618,0.48358738,-3.41754,-12486656
170,169,-268278784,171,"","null","Dragon Lizards",135,88.7,3.4995842,-0.61728567,0.6580919,-2.767278,-16731116
171,170,172,183,"null","null","null",7,88.7,0.88761234,-2.496787,0.86650753,-3.4732869,-16731116
172,171,173,178,"","null","Spiny-tailed Lizards",6,24.3,2.4726443,-1.9270749,0.5042357,-3.4551742,-16731116
173,172,174,177,"null","null","null",3,24.3,3.5548184,-0.97918236,0.6527473,-2.8343048,-16731116
174,173,175,176,"null","null","null",2,12.8,3.8270519,-0.44105315,0.90937686,-2.1905634,-16731116
178,172,179,182,"null","null","null",3,24.3,0.44286698,-3.2755444,1.8611758,-2.472525,-16777216
179,178,180,181,"null","null","null",2,18.9,0.6619246,-2.5711942,0.75470304,-3.3442497,-16777216
184,169,185,230,"","null","Chameleons",25,57.899998,0.4014834,-3.475558,1.7948647,-2.6534657,-8572416
185,184,186,225,"null","null","null",23,54.8,0.75178623,-2.82638,0.4148242,-3.4732869,-8572416
186,185,187,220,"null","null","null",20,49.0,2.29607,-1.927074,0.50423574,-3.455174,-8572416
187,186,188,211,"null","null","null",17,41.4,3.3252714,-0.80514073,0.6527473,-2.834304,-8572416
188,187,189,210,"null","null","null",12,40.699997,3.52864,-0.44105333,1.8643903,-2.190563,-16777216
189,188,190,201,"null","null","null",11,37.699997,3.0229487,-0.62788224,3.068629,-1.1166904,-16777216
190,189,191,200,"null","null","null",6,29.0,2.313444,-1.4435899,3.489027,-0.37198827,-16777216
191,190,192,199,"null","null","null",5,27.400002,1.6002,-2.8032832,3.1200063,-0.5905161,-16777216
192,191,193,198,"null","null","null",4,19.7,0.41361105,-3.4558191,2.3745227,-0.9977241,-16777216
193,192,194,197,"null","null","null",3,10.5,0.54197276,-3.2755432,1.8611755,-2.4725258,-16777216
194,193,195,196,"null","null","null",2,9.7,0.66192466,-2.5711925,0.75470227,-3.3442504,-16777216
201,189,202,207,"null","null","null",5,16.9,3.4068666,-0.928794,0.33095476,-2.9070146,-16777216
202,201,203,206,"null","null","null",3,14.0,3.730093,-0.41856778,1.4250891,-2.2381654,-16777216
203,202,204,205,"null","null","null",2,7.0,3.3284197,-0.6167592,2.594488,-1.4052911,-16777216
207,201,208,209,"null","null","null",2,15.5,0.35782757,-2.716227,0.9025997,-3.2399707,-16777216
211,187,212,217,"null","null","null",5,35.0,0.45198536,-2.7459319,0.88575876,-3.4827125,-8572416
212,211,213,216,"null","null","null",3,19.7,1.9702911,-2.0763721,0.48397186,-3.5523243,-8572416
213,212,214,215,"null","null","null",2,12.6,3.0051584,-1.0892134,0.6459118,-2.9852433,-8572416
217,211,218,219,"null","null","null",2,6.0,0.84492207,-3.5244946,2.3807096,-0.39556068,-16777216
220,186,221,224,"","null","South African Dwarf Chameleons",3,40.8,0.44286668,-3.2755437,1.8611751,-2.4725263,-16777216
221,220,222,223,"null","null","null",2,11.0,0.66192466,-2.571193,0.7547023,-3.3442504,-16777216
225,185,226,229,"","null","Pygmy Chameleons",3,48.5,0.8210871,-3.790927,2.3745227,-0.47379988,-16777216
226,225,227,228,"null","null","null",2,33.4,0.541973,-3.711182,1.8611748,-1.7914234,-16777216
230,184,231,232,"","null","Leaf Chameleons",2,19.5,1.6001987,-2.2880397,3.5117068,-0.3173847,-16777216
