index,parent,child1,child2,name1,name2,common,richness,lengthbr,hxmax,hxmin,hymax,hymin,color
0,-268206062,1,108,"null","null","null",58,29.4,0.79509604,-3.6036725,2.55196,-1.2118254,-16731116
1,0,2,95,"null","null","null",54,29.4,0.55929816,-3.3963406,1.6207708,-2.6721158,-16731116
2,1,3,60,"null","null","null",47,29.400002,0.82467246,-2.7233973,0.561767,-3.4975266,-16731116
3,2,4,45,"null","null","null",29,29.400002,2.3908195,-2.0236783,0.5042366,-3.4866824,-12486656
4,3,5,32,"null","null","null",21,29.400002,3.448441,-0.8051368,0.6527476,-2.8752642,-16731116
5,4,6,21,"null","null","null",14,19.099998,3.688756,-0.44105446,1.8643999,-2.2438135,-12486656
6,5,7,18,"null","null","null",8,13.9,3.231097,-0.6278829,3.068636,-1.1514497,-12486656
7,6,8,15,"Hybomys","null","null",6,10.7,2.5840385,-1.6418892,3.4890292,-0.37198985,-12486656
8,7,9,14,"null","null","null",4,10.7,1.6001925,-3.0610657,3.1200047,-0.59051716,-11184866
9,8,10,13,"null","null","null",3,10.7,0.4136023,-3.790928,2.3745217,-0.66423035,-12486656
10,9,11,12,"null","null","null",2,10.7,0.5419742,-3.7111783,1.861169,-1.7914364,-11184866
15,7,16,17,"null","null","null",2,10.7,3.81672,-0.67175376,0.73105973,-2.2381623,-16731116
18,6,19,20,"Dephomys","null","null",2,4.1,3.005166,-1.0892072,0.33095568,-2.9852352,-16731116
21,5,22,31,"null","null","null",6,12.0,2.2793026,-2.076369,0.5624,-3.4921463,-12486656
22,21,23,28,"Hydromys","some","Water Rats",5,9.6,3.406868,-0.87069386,0.64591223,-2.90701,-16731116
23,22,24,27,"null","null","null",3,9.6,3.7300892,-0.41856912,1.4251027,-2.2381623,-16731116
24,23,25,26,"null","null","null",2,9.6,3.3284116,-0.61675996,2.594499,-1.4052837,-16777216
28,22,29,30,"null","null","null",2,9.6,0.35782835,-2.716219,0.90259886,-3.239977,-16777216
32,4,33,42,"null","null","null",7,14.1,0.72912025,-2.745932,0.8857578,-3.4364245,-16731116
33,32,34,41,"null","null","null",5,14.1,2.3305638,-2.076369,0.48397276,-3.4921463,-16731116
34,33,35,38,"null","null","null",4,14.1,3.4735074,-0.87069386,0.64591223,-2.90701,-16731116
35,34,36,37,"Bullimus","null","null",2,4.6,3.81672,-0.41856912,0.73105973,-2.2381623,-16731116
38,34,39,40,"Tarsomys","null","null",2,4.6,0.35782835,-2.716219,0.90259886,-3.239977,-12486656
42,32,43,44,"null","null","null",2,14.1,0.8449211,-3.5244987,2.3807101,-0.39556122,-16731116
45,3,46,57,"null","null","null",8,15.1,0.4428649,-3.4929113,1.9094193,-2.5790386,-11184866
46,45,47,52,"null","null","null",6,15.1,0.66192484,-2.8537707,0.5223269,-3.4827113,-12486656
47,46,48,51,"null","null","null",3,7.4,1.9703012,-2.076369,0.48397276,-3.5523193,-11513776
48,47,49,50,"Tateomys","null","null",2,4.1,3.005166,-1.0892072,0.64591223,-2.9852352,-11513776
52,46,53,56,"Margaretamys","null","null",3,7.4,0.8449211,-3.7671354,2.4522934,-0.39556122,-12486656
53,52,54,55,"null","null","null",2,7.4,0.52359575,-3.7564604,1.9384029,-1.6186361,-12486656
57,45,58,59,"Echiothrix","null","null",2,4.6,1.6917316,-2.1268003,3.5885587,-0.35959888,-11184866
60,2,61,92,"null","null","null",18,29.400002,0.82108617,-3.5592191,2.7051501,-1.0522718,-16731116
61,60,62,85,"null","null","null",16,20.1,0.54197377,-3.4099588,1.7306722,-2.5434334,-16731116
62,61,63,82,"Grammomys","some","Thicket Rats",12,16.6,0.68968856,-2.745932,0.49051207,-3.4364245,-16731116
63,62,64,73,"null","null","null",10,16.6,2.2793026,-2.0607495,0.48397276,-3.4921463,-16731116
64,63,65,70,"null","null","null",5,16.6,3.406868,-0.87069386,0.64591223,-2.90701,-12486656
65,64,66,69,"null","null","null",3,16.6,3.7300892,-0.41856912,1.4251027,-2.2381623,-12486656
66,65,67,68,"null","null","null",2,16.6,3.3284116,-0.61675996,2.594499,-1.4052837,-16731116
70,64,71,72,"null","null","null",2,16.6,0.35782835,-2.716219,0.90259886,-3.239977,-11184866
73,63,74,79,"null","null","null",5,16.6,0.48358572,-3.4058893,2.0181713,-2.6072805,-16731116
74,73,75,78,"null","null","null",3,16.6,0.65809214,-2.7521315,0.8675264,-3.6250978,-12486656
75,74,76,77,"null","null","null",2,16.6,1.0880142,-2.136558,0.46288425,-3.8261666,-12486656
79,73,80,81,"null","null","null",2,16.6,1.7788389,-1.9610431,3.6551383,-0.4014814,-16731116
82,62,83,84,"null","null","null",2,4.1,0.8449211,-3.5244987,2.3807101,-0.39556122,-16731116
85,61,86,91,"Thallomys","null","null",4,9.3,1.6917316,-2.9612606,3.186378,-0.35959888,-16731116
86,85,87,90,"null","null","null",3,9.3,0.5272858,-3.7671354,2.4522915,-0.665,-16731116
87,86,88,89,"null","null","null",2,9.3,0.52359605,-3.7564592,1.9384017,-1.6186401,-16731116
92,60,93,94,"Zelotomys","null","Broad-headed Mice",2,5.0,2.340822,-0.42902333,3.7190435,-0.76705325,-16731116
95,1,96,107,"null","null","null",7,29.4,1.6001931,-2.84409,3.1200051,-0.3173825,-12486656
96,95,97,106,"null","null","null",6,13.0,0.4136026,-3.5088603,2.3745222,-1.1988022,-12486656
97,96,98,103,"null","null","null",5,13.0,0.541974,-3.3444915,1.9094174,-2.733922,-12486656
98,97,99,102,"Thamnomys","some","Thicket Rats",3,7.3999996,0.66192484,-2.660825,0.7546941,-3.6840577,-11184866
99,98,100,101,"null","null","null",2,4.1,1.2662381,-2.076367,0.48397338,-3.8140666,-11184866
103,97,104,105,"Oenomys","null","Rufous-nosed Rats",2,4.6,1.6917303,-2.1268024,3.5885572,-0.35959825,-16731116
108,0,109,114,"null","null","null",4,29.4,2.3134422,-1.5287675,3.489029,-0.73706865,-16731116
109,108,110,113,"Sundamys","null","null",3,8.0,1.6001931,-2.9140084,3.1200051,-0.59051704,-12486656
110,109,111,112,"null","null","null",2,8.0,0.4136026,-3.599754,2.3745222,-0.66423035,-12486656
