index,parent,child1,child2,name1,name2,common,richness,lengthbr,hxmax,hxmin,hymax,hymin,color
0,-268296101,1,50,"null","null","null",27,30.059174,0.40148073,-3.2401495,1.7948564,-2.7222128,-16731116
1,0,2,49,"","null","Sandpipers, Knots and more",25,21.490149,0.8143072,-2.520349,0.64113134,-3.5626504,-16731116
2,1,3,38,"null","null","null",24,20.137794,2.3773425,-1.9577107,0.50423723,-3.5713403,-16731116
3,2,4,37,"null","null","null",18,18.152977,3.4309173,-0.9791716,0.65274775,-2.9853187,-16731116
4,3,5,34,"null","null","null",17,17.22126,3.6659718,-0.44105524,1.8644058,-2.3868866,-16731116
5,4,6,27,"null","null","null",15,16.1402,3.2014763,-0.6278832,3.0686398,-1.116679,-16731116
6,5,7,22,"null","null","null",11,14.502306,2.5455327,-1.4436038,3.4890308,-0.37199068,-16731116
7,6,8,15,"null","null","null",8,13.262652,1.4333808,-2.8032913,3.1200047,-0.5905177,-16731116
8,7,9,14,"null","null","null",4,8.16212,0.4135974,-3.4558175,2.374522,-0.99774426,-16731116
9,8,10,13,"null","null","null",3,6.944129,0.54197484,-3.2755322,1.8611662,-2.472543,-16731116
10,9,11,12,"null","null","null",2,5.5173545,0.661925,-2.5711775,0.75469065,-3.3442605,-16731116
15,7,16,21,"null","null","null",4,11.050831,3.0657115,-0.28912896,3.230978,-1.4052784,-16731116
16,15,17,20,"null","null","null",3,10.237541,2.3408206,-0.85626006,3.8025498,-0.34808072,-16731116
17,16,18,19,"null","null","null",2,7.7448964,1.6917262,-2.1268098,3.5885544,-0.57550156,-16731116
22,6,23,26,"null","null","null",3,10.129752,3.7300868,-0.6717526,1.4251122,-2.2381606,-16731116
23,22,24,25,"null","null","null",2,2.678795,3.328406,-0.61676055,2.5945067,-1.4052784,-16731116
27,5,28,33,"null","null","null",4,14.373107,3.40687,-1.0892012,0.33095616,-2.9070072,-16731116
28,27,29,32,"null","null","null",3,13.782373,3.7300868,-0.41857028,1.4251122,-2.2381606,-16731116
29,28,30,31,"null","null","null",2,8.258823,3.328406,-0.61676055,2.5945067,-1.4052784,-16731116
34,4,35,36,"null","null","null",2,14.653661,1.2662416,-2.0763655,0.5623986,-3.8140664,-16731116
38,2,39,46,"null","null","null",6,19.161156,0.44286343,-3.34449,1.9094157,-2.579042,-16731116
39,38,40,45,"null","null","null",4,12.803436,0.66192496,-2.6608229,0.7546917,-3.4827118,-12486656
40,39,41,44,"null","null","null",3,12.099955,1.9703102,-2.0763655,0.4839738,-3.5523152,-16731116
41,40,42,43,"null","null","null",2,10.03958,3.0051725,-1.0892012,0.6459125,-2.9852285,-12486656
46,38,47,48,"null","null","null",2,16.943165,1.6917292,-2.1268039,3.588557,-0.3595974,-16731116
50,0,51,52,"","null","Turnstones",2,9.102136,1.6001921,-2.2880507,3.511701,-0.31738168,-16731116
