index,parent,child1,child2,name1,name2,common,richness,lengthbr,hxmax,hxmin,hymax,hymin,color
0,-268318709,1,90,"null","null","null",56,33.002895,2.972362,-0.64591235,3.3277462,-0.9443795,-16731116
1,0,2,77,"null","null","null",45,25.193968,2.3231204,-1.7906642,3.6272292,-0.41856945,-16731116
2,1,3,76,"null","null","null",38,13.453071,1.4052819,-3.069728,3.1946933,-0.61676013,-16731116
3,2,4,57,"null","null","null",37,12.395604,0.34807986,-3.5929284,2.508496,-1.3840528,-16731116
4,3,5,54,"null","null","null",27,11.166197,0.57550097,-3.3160489,1.6749371,-2.8129432,-16731116
5,4,6,45,"null","null","null",25,10.37261,0.9701229,-2.620864,0.47730732,-3.5743203,-16731116
6,5,7,30,"null","null","null",20,9.871279,2.5107362,-1.8475416,0.5235962,-3.5057988,-16731116
7,6,8,27,"null","null","null",12,9.253296,3.4995873,-0.58310217,0.65809226,-2.8820133,-16731116
8,7,9,24,"null","null","null",10,8.487675,3.6629996,-0.46288514,2.015655,-2.3054068,-16731116
9,8,10,23,"null","null","null",8,6.0459776,3.160205,-0.6376134,3.1657696,-1.1971804,-16731116
10,9,11,20,"null","null","null",7,3.8470516,2.526477,-1.5568649,3.5147934,-0.39551812,-16731116
11,10,12,19,"null","null","null",5,1.8400245,1.504581,-2.8598082,3.0981078,-0.6042888,-16731116
12,11,13,18,"null","null","null",4,1.5423112,0.32388172,-3.4240804,2.3612075,-1.1773354,-16731116
13,12,14,17,"null","null","null",3,1.2637709,0.5592991,-3.162867,1.7788345,-2.6272743,-12486656
14,13,15,16,"null","null","null",2,0.8763929,0.6642305,-2.4198818,0.6411279,-3.4392266,-12486656
20,10,21,22,"null","null","null",2,0.49414703,3.8270524,-0.63668066,0.9093949,-2.1905584,-16731116
24,8,25,26,"null","null","null",2,6.8964877,1.4433452,-2.0102282,0.5234818,-3.7908,-16731116
27,7,28,29,"null","null","null",2,7.7372556,0.38339525,-2.4198883,0.866506,-3.4392228,-16731116
30,6,31,44,"null","null","null",8,7.7980595,0.40148032,-3.2712255,1.7788366,-2.6534734,-16731116
31,30,32,43,"null","null","null",7,5.148201,0.75179744,-2.5607474,0.6411318,-3.473288,-16731116
32,31,33,42,"null","null","null",6,4.5191803,2.29608,-2.0102282,0.5042372,-3.4551697,-16731116
33,32,34,41,"null","null","null",5,4.4966354,3.3252766,-0.9791728,0.65274775,-2.8342974,-16731116
34,33,35,40,"null","null","null",4,2.851194,3.528639,-0.44105512,2.0262864,-2.1905584,-16731116
35,34,36,39,"null","null","null",3,2.2472785,3.0229437,-0.6278832,3.2790852,-1.3026786,-16731116
36,35,37,38,"null","null","null",2,1.0216823,2.3134403,-0.65274704,3.7626104,-0.37199056,-16731116
45,5,46,51,"null","null","null",5,8.566965,0.7950952,-3.424083,2.6735497,-1.1773298,-16731116
46,45,47,50,"null","null","null",3,4.082355,0.55929863,-3.1628723,1.7788366,-2.6272693,-16731116
47,46,48,49,"null","null","null",2,2.735372,0.6642305,-2.4198883,0.6411318,-3.4392228,-16731116
51,45,52,53,"null","null","null",2,3.873494,2.3134413,-0.43901843,3.76261,-0.7370677,-16731116
54,4,55,56,"null","null","null",2,4.607284,1.5045818,-2.444159,3.4248688,-0.2750008,-16731116
57,3,58,73,"","null","Kestrels and other falcons",10,10.346082,2.5264778,-1.6694396,3.5147934,-0.70525956,-16731116
58,57,59,72,"null","null","null",8,10.083639,1.5045818,-3.0061564,3.0981085,-0.6042887,-16731116
59,58,60,71,"null","null","null",7,7.443164,0.32388148,-3.614334,2.3612084,-1.2045312,-16731116
60,59,61,70,"null","null","null",6,4.519537,0.5592989,-3.4101977,1.7788353,-2.6626298,-16731116
61,60,62,67,"null","null","null",5,3.355493,0.6642305,-2.7414117,0.41481674,-3.48519,-16731116
62,61,63,66,"null","null","null",3,2.9448097,2.143413,-2.010226,0.5042378,-3.4706397,-16731116
63,62,64,65,"null","null","null",2,1.208557,3.1268065,-0.9791694,0.6527479,-2.8544078,-16731116
67,61,68,69,"null","null","null",2,1.2790843,0.8210846,-3.5997574,2.374522,-0.40725255,-12486656
73,57,74,75,"null","null","null",2,2.5096586,3.8270519,-0.6366811,0.9093958,-2.1905582,-16731116
77,1,78,87,"null","null","null",7,20.08689,3.5166674,-0.6001822,2.1643844,-2.3054075,-16731116
78,77,79,84,"","null","Falconets",5,11.9649105,2.9699736,-0.6376133,3.3591185,-1.0122011,-16731116
79,78,80,83,"null","null","null",3,3.8249032,2.279176,-1.237134,3.7661476,-0.3955179,-16731116
80,79,81,82,"null","null","null",2,0.15453297,1.5045818,-2.444159,3.4248688,-0.6042887,-16731116
84,78,85,86,"null","null","null",2,3.832278,3.1268032,-0.9791716,0.34452954,-2.8544111,-16731116
87,77,88,89,"null","null","null",2,7.2024875,1.443346,-2.010228,0.5234822,-3.7907999,-16731116
90,0,91,110,"null","null","null",11,25.102207,3.4703033,-0.9025985,0.44187915,-2.8820143,-16731116
91,90,92,107,"","null","Caracaras",10,11.013208,3.6249313,-0.4628849,2.0156538,-2.3054075,-16731116
92,91,93,106,"null","null","null",8,9.364971,3.1107163,-0.6376133,3.1657689,-1.1971812,-16731116
93,92,94,101,"null","null","null",7,4.5089464,2.4621415,-1.6992357,3.5147934,-0.3955179,-16731116
94,93,95,98,"null","null","null",4,2.6809416,1.4209446,-3.0448914,3.0981085,-0.6042887,-16731116
95,94,96,97,"null","null","null",2,1.1889086,0.32388148,-3.6646893,2.3612084,-0.66192454,-16731116
98,94,99,100,"null","null","null",2,1.3658671,3.222697,-0.30320084,2.7384958,-1.3026779,-16731116
101,93,102,105,"null","null","null",3,2.830837,3.6822953,-0.6366811,1.6104487,-2.1905582,-16731116
102,101,103,104,"null","null","null",2,0.15039542,3.222697,-0.6278832,2.7384958,-1.3026779,-16731116
107,91,108,109,"null","null","null",2,4.7210283,1.443346,-2.010228,0.5234822,-3.7907999,-16731116
