index,parent,child1,child2,name1,name2,common,richness,lengthbr,hxmax,hxmin,hymax,hymin,color
0,-268080122,1,30,"","null","Green pigeons",23,18.97461,3.022944,-0.30320084,3.0686398,-1.116679,-16731116
1,0,2,29,"null","null","null",15,18.974611,2.3134408,-1.5047903,3.4890308,-0.37199068,-16731116
2,1,3,24,"null","null","null",14,14.046513,1.4333808,-2.882834,3.1200047,-0.5905177,-16731116
3,2,4,23,"null","null","null",11,13.3136425,0.4135974,-3.5592227,2.374522,-1.1122098,-16731116
4,3,5,20,"null","null","null",10,11.036022,0.54197484,-3.409959,1.9094126,-2.6213484,-16731116
5,4,6,17,"null","null","null",8,6.4875374,0.68969655,-2.745932,0.49050736,-3.5377076,-16731116
6,5,7,16,"null","null","null",6,5.1882076,2.2793093,-2.076365,0.483974,-3.6238089,-16731116
7,6,8,15,"null","null","null",5,4.8704157,3.4068704,-1.0892006,0.64591265,-3.0781698,-16731116
8,7,9,12,"null","null","null",4,4.794402,3.7300863,-0.41857052,1.4251142,-2.4606724,-16731116
9,8,10,11,"null","null","null",2,2.031453,3.328405,-0.6167606,2.5945082,-1.4052775,-16731116
12,8,13,14,"null","null","null",2,1.4836227,1.0880251,-2.1365547,0.6001805,-3.8261662,-12486656
17,5,18,19,"null","null","null",2,3.190241,0.8449197,-3.5245035,2.3807096,-0.39556193,-16731116
20,4,21,22,"null","null","null",2,2.7128084,1.6917262,-2.1268098,3.5885544,-0.35959634,-16731116
24,2,25,28,"null","null","null",3,7.85827,3.0657115,-0.28912896,3.1667447,-1.4052784,-12486656
25,24,26,27,"null","null","null",2,3.6073794,2.3408206,-0.65809166,3.7190466,-0.34808072,-11184866
30,0,31,42,"null","null","null",8,15.96916,3.2514293,-0.92879295,0.33095616,-2.9070072,-16731116
31,30,32,41,"null","null","null",6,10.166971,3.528014,-0.41857028,1.7065854,-2.2381606,-16731116
32,31,33,40,"null","null","null",5,7.8699102,3.0657115,-0.61676055,2.960422,-1.4052784,-16731116
33,32,34,39,"null","null","null",4,4.705883,2.3408206,-1.3545806,3.4508271,-0.34808072,-12486656
34,33,35,38,"null","null","null",3,3.8782847,1.6917262,-2.7746265,3.1313148,-0.57550156,-12486656
35,34,36,37,"null","null","null",2,2.7830102,0.5272789,-3.524505,2.3807096,-0.665,-11184866
42,30,43,44,"null","null","null",2,2.5844045,0.357829,-2.7162097,0.902598,-3.239984,-16731116
