index,parent,child1,child2,name1,name2,common,richness,lengthbr,hxmax,hxmin,hymax,hymin,color
0,-268317600,1,74,"null","null","null",51,17.943972,0.32388148,-3.620455,2.6075578,-1.2118316,-16731116
1,0,2,71,"null","null","null",37,16.123972,0.5592989,-3.4181547,1.7948527,-2.6721203,-16731116
2,1,3,56,"null","null","null",35,13.248682,0.75180197,-2.7517557,0.41481674,-3.4975276,-16731116
3,2,4,35,"null","null","null",27,11.529462,2.296084,-1.9945761,0.5042378,-3.4866786,-16731116
4,3,5,24,"","null","Toucanets",16,9.643913,3.3252785,-0.8051321,0.6527479,-2.875258,-16731116
5,4,6,17,"null","null","null",10,6.861352,3.5286388,-0.4410558,1.8644092,-2.2438087,-16731116
6,5,7,16,"null","null","null",6,6.2929597,3.0229423,-0.6278835,3.0686421,-1.3026755,-16731116
7,6,8,15,"null","null","null",5,4.921272,2.3134394,-1.6418982,3.4890313,-0.37199128,-16731116
8,7,9,14,"null","null","null",4,2.9775012,1.6001867,-3.0610719,3.1200037,-0.59051806,-16731116
9,8,10,13,"null","null","null",3,1.5504742,0.4135952,-3.7909293,2.374521,-0.6642302,-16731116
10,9,11,12,"null","null","null",2,0.6243808,0.54197526,-3.7111754,1.8611641,-1.7914469,-16731116
17,5,18,23,"","null","Mountain-toucans",4,3.2894018,2.3305721,-2.076365,0.5623976,-3.4921446,-16731116
18,17,19,22,"null","null","null",3,2.0503016,3.4735122,-1.0892006,0.64591265,-2.9070063,-16731116
19,18,20,21,"null","null","null",2,1.142477,3.8167205,-0.41857052,0.73107064,-2.2381597,-16731116
24,4,25,32,"null","null","null",6,6.2387385,0.72912955,-2.745932,0.88575673,-3.4364274,-16731116
25,24,26,31,"null","null","null",4,5.407458,2.3305721,-2.076365,0.483974,-3.4921446,-16731116
26,25,27,30,"null","null","null",3,3.7542157,3.4735122,-1.0892006,0.64591265,-2.9070063,-16731116
27,26,28,29,"null","null","null",2,2.8088737,3.8167205,-0.41857052,0.73107064,-2.2381597,-16731116
32,24,33,34,"null","null","null",2,2.2552767,0.8449197,-3.5245035,2.3807096,-0.39556193,-12486656
35,3,36,47,"","null","Aracaris",11,4.5221825,0.4428624,-3.4274416,1.730665,-2.5434406,-16731116
36,35,37,46,"null","null","null",6,3.5450852,0.72912955,-2.7686596,0.75469065,-3.4364274,-16731116
37,36,38,43,"null","null","null",5,2.7949936,2.3305721,-2.2165534,0.483974,-3.4921446,-16731116
38,37,39,42,"null","null","null",3,2.02674,3.4735122,-1.0892006,0.64591265,-2.9070063,-16731116
39,38,40,41,"null","null","null",2,0.86927724,3.8167205,-0.41857052,0.73107064,-2.2381597,-16731116
43,37,44,45,"null","null","null",2,1.2745594,0.48358327,-3.756458,1.9383984,-1.6186465,-16731116
47,35,48,53,"null","null","null",5,3.529176,1.674933,-2.9612668,3.1863725,-0.35959634,-16731116
48,47,49,52,"null","null","null",3,2.529229,0.5272789,-3.767137,2.4522848,-0.665,-16731116
49,48,50,51,"null","null","null",2,1.2590834,0.5235972,-3.7564566,1.9383972,-1.6186507,-16731116
53,47,54,55,"null","null","null",2,1.7778498,3.424866,-0.2750013,2.4441643,-1.5045784,-16731116
56,2,57,70,"null","null","null",8,5.495979,0.8210846,-3.6230316,2.374522,-1.0796683,-16731116
57,56,58,69,"null","null","null",7,4.199923,0.54197484,-3.4929106,1.8611662,-2.579044,-16731116
58,57,59,64,"null","null","null",6,3.7053218,0.661925,-2.8537693,0.5223193,-3.482712,-16731116
59,58,60,63,"null","null","null",3,2.2611837,1.9703119,-2.076365,0.483974,-3.5523148,-16731116
60,59,61,62,"null","null","null",2,0.83041996,3.0051737,-1.0892006,0.64591265,-2.9852276,-16731116
64,58,65,68,"null","null","null",3,2.8166935,0.8449197,-3.767137,2.4522865,-0.39556193,-16731116
65,64,66,67,"null","null","null",2,1.3623536,0.5235969,-3.756458,1.9383984,-1.6186465,-16731116
71,1,72,73,"null","null","null",2,5.468896,1.600189,-2.2880564,3.5116978,-0.3173806,-16731116
74,0,75,94,"null","null","null",14,14.017223,2.5455327,-1.5047903,3.61413,-0.7370672,-16731116
75,74,76,93,"null","null","null",10,9.855949,1.600189,-2.882834,3.2826338,-0.5905177,-16731116
76,75,77,86,"null","null","null",9,6.91385,0.29949018,-3.5592227,2.58594,-1.1988084,-16731116
77,76,78,85,"null","null","null",5,4.362984,0.54197484,-3.409959,1.8611662,-2.7339265,-16731116
78,77,79,82,"null","null","null",4,2.9700584,0.661925,-2.745932,0.49050736,-3.6840591,-16731116
79,78,80,81,"null","null","null",2,1.0355248,1.2662436,-2.076365,0.483974,-3.814066,-16731116
82,78,83,84,"null","null","null",2,2.0759766,0.8449197,-3.5245035,2.3807096,-0.39556193,-16731116
86,76,87,92,"null","null","null",4,5.5583305,2.3408206,-1.3545806,3.4508271,-0.76705146,-16731116
87,86,88,91,"null","null","null",3,5.329263,1.6917262,-2.7746265,3.1313148,-0.57550156,-12486656
88,87,89,90,"null","null","null",2,2.2088783,0.5272789,-3.524505,2.3807096,-0.665,-12486656
94,74,95,98,"null","null","null",4,6.976135,3.7300868,-0.6717526,1.4251122,-2.4606729,-16731116
95,94,96,97,"null","null","null",2,2.1920404,3.328406,-0.61676055,2.5945067,-1.4052784,-16731116
98,94,99,100,"null","null","null",2,2.0572453,1.0880258,-2.1365545,0.60018086,-3.8261662,-16731116
