index,parent,child1,child2,name1,name2,common,richness,lengthbr,hxmax,hxmin,hymax,hymin,color
0,-268312557,1,145,"null","null","null",245,40.628654,2.345897,-1.9868083,0.5234818,-3.5025048,-16731116
1,0,2,102,"null","null","null",227,35.604713,3.3900387,-0.8021821,0.65274775,-2.8958325,-16731116
2,1,3,97,"null","null","null",147,32.976284,3.61283,-0.44105512,1.9760373,-2.270554,-16731116
3,2,4,83,"","null","Shrike-Flycatchers, Butcherbirds, Woodswallows and more",144,32.60033,3.132392,-0.6278832,3.2137613,-1.1927527,-16731116
4,3,5,81,"null","null","null",114,30.800001,2.4557228,-1.4972746,3.677689,-0.37199056,-16731116
5,4,6,-268234752,"null","null","null",67,29.6673,1.5187885,-2.873064,3.365261,-0.59051764,-16731116
6,5,7,54,"null","null","null",38,27.095175,0.39173198,-3.5465224,2.6933553,-1.0522804,-16731116
7,6,8,51,"null","null","null",24,25.654112,0.5419747,-3.3934488,1.9094133,-2.5434403,-16731116
8,7,9,40,"Vangidae","null","Vangas and Newtonias",22,23.019936,0.66192496,-2.7244692,0.67203933,-3.4364276,-16731116
9,8,10,31,"null","null","null",16,21.160517,2.1597412,-2.0607424,0.48397422,-3.492144,-16731116
10,9,11,26,"null","null","null",11,19.704073,3.2514307,-0.8866466,0.64591277,-2.9070053,-16731116
11,10,12,25,"null","null","null",8,13.763081,3.5280137,-0.41857076,1.7065886,-2.2381592,-16731116
12,11,13,20,"null","null","null",7,11.020685,3.0657103,-0.61676085,2.9604242,-1.2264546,-16731116
13,12,14,19,"null","null","null",4,8.371425,2.3408196,-1.3545845,3.4508276,-0.34808123,-16731116
14,13,15,18,"null","null","null",3,4.9712315,1.6917245,-2.7746296,3.1313143,-0.5755019,-16731116
15,14,16,17,"null","null","null",2,2.8378372,0.52727723,-3.5245066,2.3807092,-0.665,-12486656
20,12,21,24,"null","null","null",3,6.8010798,3.3814788,-1.1971772,0.31716225,-2.9699712,-12486656
21,20,22,23,"null","null","null",2,3.0913665,3.7952123,-0.39551884,0.64591134,-2.2791743,-11184866
26,10,27,30,"null","null","null",3,9.095137,0.35782927,-2.7521253,0.90259767,-3.6251023,-16731116
27,26,28,29,"null","null","null",2,4.1214094,1.0880269,-2.1365538,0.46288577,-3.8261664,-12486656
31,9,32,39,"null","null","null",5,19.132391,0.48358285,-3.4058852,1.9383985,-2.6072886,-16731116
32,31,33,36,"null","null","null",4,11.117767,0.6580924,-2.7521253,0.5830978,-3.6251023,-16731116
33,32,34,35,"null","null","null",2,5.2605214,1.0880269,-2.1365538,0.46288577,-3.8261664,-16731116
36,32,37,38,"null","null","null",2,3.995169,0.86650527,-3.4392254,2.4198835,-0.38339564,-12486656
40,8,41,46,"null","null","null",6,14.331621,0.84491944,-3.4762132,2.7891583,-0.8165151,-16731116
41,40,42,45,"null","null","null",3,7.4569817,0.5235968,-3.3782573,1.9383985,-2.311044,-16731116
42,41,43,44,"null","null","null",2,6.4900503,0.6580924,-2.716209,0.867519,-3.2399843,-16731116
46,40,47,50,"null","null","null",3,5.6852374,2.3612075,-0.6648546,3.8027482,-0.7950944,-16731116
47,46,48,49,"null","null","null",2,4.1507015,1.7788353,-1.9610502,3.6551359,-0.5592989,-16731116
51,7,52,53,"Muscicapidae","null","Chats and Old World flycatchers",2,9.950503,1.6917281,-2.1268067,3.5885556,-0.35959655,-16731116
54,6,55,78,"null","null","null",14,25.769142,2.6331253,-1.3385786,3.6925116,-0.7670516,-16731116
55,54,56,71,"null","null","null",12,23.748615,1.5297087,-2.7538254,3.445506,-0.5755012,-16731116
56,55,57,66,"Malaconotidae","null","Helmetshrikes, bushshrikes and puffbacks",8,16.895346,0.3384865,-3.4974654,2.7891583,-0.95190215,-16731116
57,56,58,65,"null","null","null",5,10.094786,0.5235968,-3.4058852,1.9383985,-2.4870472,-16731116
58,57,59,64,"null","null","null",4,10.094786,0.6580924,-2.7521253,0.867519,-3.4687886,-16731116
59,58,60,63,"null","null","null",3,4.909864,1.7924259,-2.1365538,0.46288577,-3.6229587,-16731116
60,59,61,62,"null","null","null",2,4.874511,2.8755686,-1.1971772,0.63761365,-3.1081505,-16731116
66,56,67,70,"null","null","null",3,7.445195,2.3612075,-0.6648546,3.8027482,-0.7950944,-12486656
67,66,68,69,"null","null","null",2,4.0299907,1.7788353,-1.9610502,3.6551359,-0.5592989,-11184866
71,55,72,77,"Campephagidae","null","Cuckoo-shrikes",4,12.398431,3.0981078,-0.27500102,3.1510901,-1.5045819,-16731116
72,71,73,76,"null","null","null",3,9.064189,2.3612075,-0.6648546,3.8027482,-0.32388148,-16731116
73,72,74,75,"null","null","null",2,7.814,1.7788353,-1.9610502,3.6551359,-0.5592989,-16731116
78,54,79,80,"Platysteiridae","null","Shrike-flycatchers, wattle-eyes and batises",2,22.59901,3.795211,-0.705259,0.5537361,-2.2791758,-16731116
81,4,-268232704,82,"null","null","null",47,29.378965,3.5280137,-0.67175275,1.8281081,-2.238161,-16731116
83,3,84,88,"null","null","null",30,31.071709,3.3844748,-0.92879295,0.3309561,-3.0781724,-16731116
84,83,-268231680,85,"null","null","null",25,29.046207,3.700975,-0.4185698,1.8281081,-2.4606745,-16731116
85,84,86,87,"Machaerirhynchidae","null","Boatbills",2,9.231189,1.0880196,-2.1365566,0.6001816,-3.8261666,-16731116
88,83,89,96,"null","null","null",5,26.651686,0.5695158,-2.752129,0.90259826,-3.3870234,-16731116
89,88,90,95,"Aegithinidae","null","Ioras",4,15.406606,2.1815815,-2.1365566,0.4628849,-3.5166674,-16731116
90,89,91,94,"null","null","null",3,7.88349,3.381475,-1.1971815,0.6376133,-2.9699733,-16731116
91,90,92,93,"null","null","null",2,4.534063,3.795211,-0.3955179,0.64591163,-2.2791758,-16731116
97,2,98,101,"","null","Pitohui and more",3,25.013237,1.9703064,-2.076367,0.5623988,-3.5523171,-16731116
98,97,99,100,"null","null","null",2,16.584343,3.0051699,-1.0892038,0.6459124,-2.9852314,-16731116
102,1,103,120,"Campephagidae","null","Cuckoo-shrikes and Minivets",80,29.992966,0.67644143,-2.7392893,0.8857573,-3.5377066,-16731116
103,102,104,-268230656,"null","null","null",67,22.64985,2.2620795,-2.105152,0.48397338,-3.6238103,-16731116
104,103,105,109,"null","null","null",46,19.062342,3.3844748,-0.9443785,0.6459124,-3.0781724,-16731116
105,104,-268233728,106,"null","null","null",40,18.013681,3.700975,-0.4185698,1.8495915,-2.4606745,-16731116
106,105,107,108,"null","null","null",2,5.638346,1.0880196,-2.1365566,0.6001816,-3.8261666,-16731116
109,104,110,117,"null","null","null",6,12.108351,0.35782874,-2.8820148,0.90259826,-3.4687877,-16731116
110,109,111,114,"null","null","null",4,6.8663225,1.7924187,-2.305408,0.4628849,-3.622961,-16731116
111,110,112,113,"null","null","null",2,2.762211,2.8755634,-1.1971815,0.6376133,-3.1081553,-12486656
114,110,115,116,"null","null","null",2,2.747953,0.5234822,-3.7908006,2.010228,-1.4433446,-16731116
117,109,118,119,"null","null","null",2,4.4018064,0.8665061,-3.439223,2.4198875,-0.38339514,-16731116
120,102,121,144,"","null","Minivets",13,18.60375,0.8449204,-3.5095549,2.5136495,-0.97012335,-16731116
121,120,122,141,"null","null","null",12,13.556381,0.52359635,-3.4216032,2.0181682,-2.5107365,-16731116
122,121,123,140,"null","null","null",10,10.275776,0.65809226,-2.7725592,0.8675231,-3.499587,-16731116
123,122,124,133,"null","null","null",9,9.287636,2.1643844,-2.163116,0.4628849,-3.663,-16731116
124,123,125,132,"null","null","null",5,6.303901,3.3591185,-1.1971815,0.6376133,-3.1602058,-16731116
125,124,126,129,"null","null","null",4,2.4795656,3.7661476,-0.3955179,1.2371341,-2.5264778,-16731116
126,125,127,128,"null","null","null",2,1.4045157,3.4248688,-0.6042887,2.444159,-1.5045819,-16731116
129,125,130,131,"null","null","null",2,1.7222596,0.9093931,-2.1905591,0.63668096,-3.827052,-16731116
133,123,134,137,"null","null","null",4,6.9112606,0.5234822,-3.4706435,2.120683,-2.1434073,-16731116
134,133,135,136,"null","null","null",2,5.8926644,0.65274775,-2.854413,0.9791734,-3.1268015,-16731116
137,133,138,139,"null","null","null",2,4.923365,1.8611681,-1.791438,3.7111778,-0.44286343,-16731116
141,121,142,143,"null","null","null",2,4.585865,1.7788361,-1.9610482,3.6551366,-0.40148008,-16731116
145,0,146,171,"","null","Whipbirds, Quail-Thrushes and more",18,37.688835,0.44286364,-3.4099588,1.8248606,-2.5434372,-16731116
146,145,147,168,"null","null","null",13,34.920017,0.6619249,-2.745932,0.49050963,-3.4364262,-16731116
147,146,148,163,"null","null","null",11,31.00127,2.1597354,-2.0484684,0.48397338,-3.4921455,-16731116
148,147,149,158,"null","null","null",8,21.84975,3.2514277,-0.8866515,0.6459124,-2.9070082,-16731116
149,148,150,157,"Cinclosomatidae","null","Quail-thrushes",5,15.895515,3.5280137,-0.4185698,1.8652921,-2.238161,-16731116
150,149,151,154,"null","null","null",4,11.0859375,3.065712,-0.6167603,3.1667423,-1.2878731,-16731116
151,150,152,153,"null","null","null",2,5.052285,2.3408208,-0.6580918,3.7190452,-0.34808022,-16731116
154,150,155,156,"null","null","null",2,5.127644,2.8755634,-1.1971815,0.31716168,-3.1081553,-16731116
158,148,159,162,"Eupetidae","null","Whipbirds, wedgebills and jewel-babblers",3,14.144353,0.35782874,-2.752129,0.90259826,-3.6250997,-16731116
159,158,160,161,"null","null","null",2,6.2815027,1.0880196,-2.1365566,0.4628849,-3.8261666,-16731116
163,147,164,167,"Acanthizidae","null","",3,9.655634,0.48358452,-3.3782616,1.9384005,-2.3110387,-12486656
164,163,165,166,"null","null","null",2,4.915604,0.65809226,-2.7162147,0.8675231,-3.23998,-12486656
168,146,169,170,"null","null","null",2,13.329789,0.8449204,-3.5245008,2.3807096,-0.39556158,-16731116
171,145,172,179,"null","null","null",5,32.61892,1.691729,-2.9612634,3.398307,-0.35959762,-16731116
172,171,173,176,"Eupetidae","null","Whipbirds, wedgebills and jewel-babblers",4,21.299908,0.33848763,-3.7671359,2.7277994,-0.665,-16731116
173,172,174,175,"null","null","null",2,7.3931937,0.5235966,-3.7564578,1.9383993,-1.6186452,-16731116
176,172,177,178,"null","null","null",2,6.9869337,2.3612084,-0.41842112,3.6646895,-0.7950947,-16731116
