index,parent,child1,child2,name1,name2,common,richness,lengthbr,hxmax,hxmin,hymax,hymin,color
0,-268178409,1,30,"null","null","null",28,26.199999,2.3773372,-1.9945835,0.50423634,-3.4551716,-16731116
1,0,2,29,"Sundasciurus","null","null",15,17.8,3.430915,-0.9791769,0.6527475,-2.8343005,-16731116
2,1,3,28,"null","null","null",14,17.8,3.6659732,-0.44105422,1.8643985,-2.1905606,-16731116
3,2,4,17,"null","null","null",13,17.8,3.2014802,-0.6278828,3.0686347,-1.192757,-16731116
4,3,5,12,"null","null","null",7,17.8,2.5455363,-1.6418878,3.489029,-0.3719896,-16731116
5,4,6,11,"null","null","null",4,17.8,1.6001931,-3.061065,3.1200051,-0.59051704,-16731116
6,5,7,10,"null","null","null",3,17.8,0.4136026,-3.7909276,2.3745222,-0.66423035,-16731116
7,6,8,9,"null","null","null",2,17.8,0.541974,-3.7111788,1.8611698,-1.7914344,-12486656
12,4,13,16,"null","null","null",3,17.8,3.7300887,-0.6717541,1.4251035,-2.2381625,-12486656
13,12,14,15,"null","null","null",2,17.8,3.3284109,-0.61676,2.5944998,-1.405283,-16731116
17,3,18,27,"null","null","null",6,17.8,3.2514257,-1.0892061,0.33095554,-3.0781746,-16731116
18,17,19,24,"null","null","null",5,17.8,3.5280137,-0.41856924,1.8652878,-2.4606762,-16731116
19,18,20,23,"null","null","null",3,17.8,3.0657134,-0.61676,3.1667395,-1.405283,-16731116
20,19,21,22,"null","null","null",2,17.8,2.3408217,-0.6580919,3.7190442,-0.34807962,-16731116
24,18,25,26,"null","null","null",2,17.8,1.0880178,-2.136557,0.60018253,-3.8261664,-16731116
30,0,31,50,"null","null","null",13,26.199999,0.4428653,-3.427446,1.7062007,-2.5434332,-16731116
31,30,32,43,"null","null","null",10,18.099998,0.7291206,-2.7686656,0.52232623,-3.4364252,-16731116
32,31,33,40,"Dremomys","null","Red-cheeked Squirrel",6,12.2,2.330564,-2.216558,0.48397285,-3.4921465,-16731116
33,32,34,37,"null","null","null",4,12.2,3.4735072,-0.87069225,0.64591223,-2.90701,-16731116
34,33,35,36,"null","null","null",2,12.2,3.8167195,-0.41856924,0.7310606,-2.2381625,-16731116
37,33,38,39,"null","null","null",2,12.2,0.3578284,-2.716216,0.90259874,-3.2399788,-16731116
40,32,41,42,"null","null","null",2,4.7,0.48358554,-3.7564592,1.9384025,-1.6186383,-16731116
43,31,44,49,"Tamiops","null","Asiatic Striped Squirrels",4,9.4,0.844921,-3.4762137,2.4522927,-0.8165059,-16731116
44,43,45,48,"null","null","null",3,7.4,0.5235958,-3.378262,1.9384025,-2.3110356,-16731116
45,44,46,47,"null","null","null",2,7.4,0.65809214,-2.716216,0.86752415,-3.2399788,-16731116
50,30,51,54,"Exilisciurus","null","Pygmy Squirrels",3,13.2,1.6917332,-2.7746146,3.1313152,-0.35959932,-16731116
51,50,52,53,"null","null","null",2,5.7,0.52728903,-3.5244977,2.3807096,-0.665,-16731116
