index,parent,child1,child2,name1,name2,common,richness,lengthbr,hxmax,hxmin,hymax,hymin,color
0,-268308474,1,54,"null","null","null",30,10.588517,3.7009745,-0.67174995,1.7906775,-2.3703532,-16731116
1,0,2,29,"null","null","null",27,9.7259035,3.2905574,-0.61676127,3.0697358,-1.2264501,-16731116
2,1,3,26,"null","null","null",14,8.948126,2.6331215,-1.3385899,3.5929284,-0.34808218,-16731116
3,2,4,25,"null","null","null",12,8.854795,1.691721,-2.7538333,3.316043,-0.5755025,-16731116
4,3,5,16,"null","null","null",11,8.752902,0.4772979,-3.497467,2.6208568,-0.9519128,-16731116
5,4,6,13,"null","null","null",6,8.045484,0.5235983,-3.4058807,2.0181575,-2.487055,-16731116
6,5,7,12,"Thraupidae","null","Tanagers",4,4.05309,0.6580928,-2.752118,0.8675098,-3.46879,-16731116
7,6,8,11,"null","null","null",3,3.5133634,1.7924408,-2.1365492,0.46288753,-3.622953,-16731116
8,7,9,10,"null","null","null",2,0.41978905,2.8755796,-1.1971684,0.63761437,-3.1081407,-16731116
13,5,14,15,"Emberizidae","null","null",2,3.3644655,1.7788285,-1.9610639,3.655131,-0.40147567,-16731116
16,4,17,22,"null","null","null",5,8.046029,2.673546,-1.1773479,3.424078,-0.7950922,-16731116
17,16,18,21,"Thraupidae","null","Tanagers",3,4.486879,1.7788285,-2.627285,3.162859,-0.5593003,-16731116
18,17,19,20,"null","null","null",2,4.108497,0.64111984,-3.4392328,2.4198709,-0.66423064,-16731116
22,16,23,24,"null","null","null",2,7.012683,3.762613,-0.7370647,0.43901938,-2.3134382,-16731116
26,2,27,28,"Thraupidae","null","Tanagers",2,4.650453,3.7952137,-0.70525634,0.5537506,-2.2791727,-16731116
29,1,30,49,"Thraupidae","null","Tanagers",13,5.896708,3.3079424,-1.0032526,0.3171628,-2.9699686,-16731116
30,29,31,48,"null","null","null",10,4.94817,3.699611,-0.39551976,1.5568728,-2.2791727,-16731116
31,30,32,41,"null","null","null",9,2.9718823,3.338367,-0.60428977,2.859812,-1.3321574,-16731116
32,31,33,38,"null","null","null",5,1.5095041,2.673546,-1.1773479,3.424078,-0.32388347,-16731116
33,32,34,37,"null","null","null",3,1.1895213,1.7788285,-2.627285,3.162859,-0.5593003,-16731116
34,33,35,36,"null","null","null",2,0.35298347,0.64111984,-3.4392328,2.4198709,-0.66423064,-16731116
38,32,39,40,"null","null","null",2,0.74614817,3.762613,-0.7370647,0.43901938,-2.3134382,-16731116
41,31,42,45,"null","null","null",4,1.9779172,3.279093,-1.1514357,0.303202,-3.0229406,-16731116
42,41,43,44,"null","null","null",2,0.42479306,3.762613,-0.37199226,0.6527467,-2.3134382,-16731116
45,41,46,47,"null","null","null",2,0.8475698,0.33095706,-2.9852223,1.0891962,-3.005179,-16731116
49,29,50,53,"null","null","null",3,4.821658,0.34453064,-2.834292,0.97916484,-3.5548306,-16731116
50,49,51,52,"null","null","null",2,2.8689852,0.9094076,-2.1905546,0.44105673,-3.8270526,-16731116
54,0,55,58,"null","null","null",3,8.455797,1.792433,-2.1365514,0.60017854,-3.6229558,-12486656
55,54,56,57,"Thraupidae","null","Tanagers",2,2.625977,2.8755739,-1.1971728,0.637614,-3.1081457,-11184866
