index,parent,child1,child2,name1,name2,common,richness,lengthbr,hxmax,hxmin,hymax,hymin,color
0,-268312507,1,121,"null","null","null",178,31.528437,3.0869665,-0.6376134,3.252592,-1.0291054,-16731116
1,0,2,113,"Meliphagidae","null","Honeyeaters",91,30.66237,2.4312673,-1.6991903,3.6276627,-0.39551812,-16731116
2,1,3,66,"null","null","null",56,29.208466,1.4246762,-3.044831,3.2448382,-0.6042888,-16731116
3,2,4,35,"null","null","null",32,26.520876,0.32388172,-3.66461,2.5519571,-1.2503675,-16731116
4,3,5,24,"null","null","null",16,23.489594,0.5592991,-3.4755552,1.6207659,-2.7222161,-16731116
5,4,6,19,"null","null","null",10,19.700562,0.7518035,-2.8263764,0.41481584,-3.5626512,-16731116
6,5,7,18,"null","null","null",7,15.734097,2.2960854,-2.010225,0.50423795,-3.5713387,-16731116
7,6,8,17,"null","null","null",6,10.9372225,3.3252792,-0.9791683,0.652748,-2.9853158,-16731116
8,7,9,14,"null","null","null",5,9.886145,3.5286388,-0.441056,2.026293,-2.3868842,-16731116
9,8,10,13,"null","null","null",3,7.2495804,3.022942,-0.62788355,3.2790897,-1.3026744,-16731116
10,9,11,12,"null","null","null",2,3.266893,2.3134391,-0.6527468,3.7626119,-0.37199152,-16731116
14,8,15,16,"null","null","null",2,2.5683668,1.2662454,-2.0763643,0.56239724,-3.814066,-16731116
19,5,20,23,"null","null","null",3,4.8588066,0.8210844,-3.7909286,2.3745215,-0.4738196,-16731116
20,19,21,22,"null","null","null",2,4.8588066,0.5419747,-3.7111769,1.8611665,-1.7914414,-16731116
24,4,25,32,"null","null","null",6,16.19405,1.5501353,-2.8032904,3.1200042,-0.31738016,-12486656
25,24,26,31,"null","null","null",4,11.985873,0.4135989,-3.4558165,2.3745215,-0.9977443,-12486656
26,25,27,30,"null","null","null",3,6.6642704,0.5419747,-3.2755313,1.8611665,-2.4725435,-11184866
27,26,28,29,"null","null","null",2,2.865439,0.66192496,-2.571176,0.7546901,-3.3442616,-8572416
32,24,33,34,"null","null","null",2,5.109445,3.3284082,-0.2891289,2.5945039,-1.4052806,-16731116
35,3,36,65,"null","null","null",16,15.486012,2.3134403,-1.4749897,3.48903,-0.737067,-16731116
36,35,37,58,"null","null","null",15,14.007604,1.4333814,-2.8440938,3.1200042,-0.59051764,-16731116
37,36,38,57,"null","null","null",11,11.182275,0.4135989,-3.508861,2.3745215,-1.0522804,-16731116
38,37,39,50,"null","null","null",10,8.802572,0.5419747,-3.344489,1.7306662,-2.5434403,-16731116
39,38,40,49,"null","null","null",6,7.988693,0.72913146,-2.6608212,0.7546901,-3.4364276,-16731116
40,39,41,48,"null","null","null",5,5.545408,2.330574,-2.0763643,0.48397422,-3.492144,-16731116
41,40,42,45,"null","null","null",4,5.545408,3.4735134,-0.8706838,0.64591277,-2.9070053,-16731116
42,41,43,44,"null","null","null",2,2.1193652,3.816721,-0.41857076,0.7310724,-2.2381592,-16731116
45,41,46,47,"null","null","null",2,1.51569,0.35782927,-2.716209,0.90259767,-3.2399843,-16731116
50,38,51,56,"null","null","null",4,5.835766,1.6917281,-2.9612648,3.1863742,-0.35959655,-16731116
51,50,52,55,"null","null","null",3,4.12029,0.5272817,-3.7671363,2.4522867,-0.665,-16731116
52,51,53,54,"null","null","null",2,2.6716917,0.5235968,-3.7564573,1.9383985,-1.6186471,-16731116
58,36,59,64,"null","null","null",4,11.382948,3.065712,-0.2891289,3.2309766,-1.4052806,-16731116
59,58,60,63,"null","null","null",3,8.933031,2.3408208,-0.85625637,3.8025498,-0.34808022,-16731116
60,59,61,62,"null","null","null",2,3.2676432,1.6917281,-2.1268067,3.5885556,-0.5755012,-16731116
66,2,67,98,"null","null","null",24,25.200626,3.2310948,-0.303201,3.236022,-1.1166797,-16731116
67,66,68,95,"","null","Friarbirds",16,16.763988,2.5840368,-1.4749897,3.7066278,-0.37199056,-16731116
68,67,69,86,"null","null","null",14,15.287435,1.4333814,-2.8440938,3.4028811,-0.59051764,-16731116
69,68,70,81,"null","null","null",9,12.709061,0.29949006,-3.508861,2.7422612,-1.0796676,-16731116
70,69,71,78,"null","null","null",6,8.157519,0.5419747,-3.344489,1.9094133,-2.5790436,-16731116
71,70,72,77,"null","null","null",4,5.675086,0.66192496,-2.6608212,0.7546901,-3.482712,-16731116
72,71,73,76,"null","null","null",3,5.033395,1.9703138,-2.0763643,0.48397422,-3.5523138,-16731116
73,72,74,75,"null","null","null",2,3.2994134,3.005175,-1.0891994,0.64591277,-2.9852262,-16731116
78,70,79,80,"null","null","null",2,2.8660042,1.6917281,-2.1268067,3.5885556,-0.35959655,-16731116
81,69,82,85,"null","null","null",3,4.9391003,2.3408208,-0.85625637,3.8025498,-0.7670516,-16731116
82,81,83,84,"null","null","null",2,3.1827297,1.6917281,-2.1268067,3.5885556,-0.5755012,-12486656
86,68,87,92,"null","null","null",5,8.129723,3.065712,-0.2891289,3.2309766,-1.2878731,-16731116
87,86,88,91,"null","null","null",3,4.612008,2.3408208,-0.85625637,3.8025498,-0.34808022,-16731116
88,87,89,90,"null","null","null",2,4.110016,1.6917281,-2.1268067,3.5885556,-0.5755012,-16731116
92,86,93,94,"null","null","null",2,3.2547705,2.8755634,-1.1971815,0.31716168,-3.1081553,-16731116
95,67,96,97,"null","null","null",2,3.030827,3.8167202,-0.67175275,0.73106515,-2.238161,-16731116
98,66,99,106,"null","null","null",8,23.607084,3.2514277,-0.92879295,0.3309561,-2.9070082,-16731116
99,98,100,105,"null","null","null",4,12.771065,3.5280137,-0.4185698,1.8652921,-2.238161,-16731116
100,99,101,104,"null","null","null",3,7.038201,3.065712,-0.6167603,3.1667423,-1.4052806,-16731116
101,100,102,103,"null","null","null",2,3.9483716,2.3408208,-0.6580918,3.7190452,-0.34808022,-16731116
106,98,107,112,"null","null","null",4,19.190895,0.35782874,-2.752129,0.90259826,-3.4687877,-16731116
107,106,108,111,"null","null","null",3,10.142848,1.7924187,-2.1365566,0.4628849,-3.622961,-16731116
108,107,109,110,"","null","Myzas",2,4.1252494,2.8755634,-1.1971815,0.6376133,-3.1081553,-16731116
113,1,114,120,"null","null","null",35,27.116615,3.61283,-0.63668066,1.9450188,-2.1905584,-16731116
114,113,-268282880,115,"null","null","null",34,24.94168,3.132392,-0.6278832,3.173437,-1.1166797,-16731116
115,114,116,119,"null","null","null",3,10.799352,3.4735096,-1.0892038,0.3309561,-2.9070082,-16731116
116,115,117,118,"null","null","null",2,6.495876,3.8167202,-0.4185698,0.73106515,-2.238161,-16731116
121,0,122,190,"null","null","null",87,28.98957,3.4250278,-0.91696227,0.36643028,-2.8924477,-16731116
122,121,123,157,"null","null","null",79,28.290604,3.6583157,-0.44105512,1.9703875,-2.2661538,-16731116
123,122,124,150,"null","null","null",62,28.055494,3.1915236,-0.6278832,3.2064166,-1.1166797,-16731116
124,123,-268281856,125,"null","null","null",58,26.720058,2.5325942,-1.4674752,3.668141,-0.37199056,-16731116
125,124,126,141,"null","null","null",13,25.460945,3.700975,-0.67175275,1.7316434,-2.3231192,-16731116
126,125,127,138,"Meliphagidae","null","Honeyeaters",8,23.084774,3.2905617,-0.6167603,2.9929993,-1.2878731,-16731116
127,126,128,135,"null","null","null",6,22.682232,2.6331253,-1.4981474,3.4931793,-0.34808022,-16731116
128,127,129,134,"null","null","null",4,19.689844,1.6917281,-2.9612648,3.1863742,-0.5755012,-16731116
129,128,130,133,"null","null","null",3,6.8597655,0.5272817,-3.7671363,2.4522867,-0.665,-16731116
130,129,131,132,"null","null","null",2,0.35292953,0.5235968,-3.7564573,1.9383985,-1.6186471,-16731116
135,127,136,137,"null","null","null",2,7.6176515,3.795211,-0.705259,0.5537361,-2.2791758,-16731116
138,126,139,140,"null","null","null",2,3.921933,2.8755634,-1.1971815,0.31716168,-3.1081553,-16731116
141,125,142,147,"null","null","null",5,21.394638,2.1815815,-2.305408,0.6001816,-3.5166674,-16731116
142,141,143,146,"null","null","null",3,11.213258,3.381475,-1.1971815,0.6376133,-2.9699733,-16731116
143,142,144,145,"null","null","null",2,5.259665,3.795211,-0.3955179,0.64591163,-2.2791758,-12486656
147,141,148,149,"Meliphagidae","null","Honeyeaters",2,3.8403583,0.5234822,-3.7908006,2.010228,-1.4433446,-16731116
150,123,151,154,"Meliphagidae","null","Honeyeaters",4,18.762226,3.4735096,-0.92879295,0.3309561,-2.9070082,-16731116
151,150,152,153,"null","null","null",2,11.954422,3.8167202,-0.4185698,0.73106515,-2.238161,-16731116
154,150,155,156,"null","null","null",2,3.2431056,0.35782874,-2.7162147,0.90259826,-3.23998,-16731116
157,122,158,181,"Meliphagidae","null","Honeyeaters",17,24.670776,2.2620795,-2.0607467,0.5623988,-3.5424166,-16731116
158,157,159,176,"null","null","null",12,24.013578,3.3844748,-0.8866515,0.6459124,-2.9723606,-16731116
159,158,160,169,"null","null","null",9,22.601048,3.700975,-0.4185698,1.9147029,-2.3231192,-16731116
160,159,161,168,"null","null","null",5,11.396259,3.2905617,-0.6167603,3.2309766,-1.4052806,-16731116
161,160,162,165,"null","null","null",4,7.0461216,2.6331253,-0.85625637,3.8025498,-0.34808022,-16731116
162,161,163,164,"null","null","null",2,5.302174,1.6917281,-2.1268067,3.5885556,-0.5755012,-16731116
165,161,166,167,"null","null","null",2,5.8939676,3.795211,-0.705259,0.5537361,-2.2791758,-16731116
169,159,170,175,"null","null","null",4,14.45194,2.1815815,-2.1365566,0.6001816,-3.5166674,-16731116
170,169,171,174,"null","null","null",3,7.8284035,3.381475,-1.1971815,0.6376133,-2.9699733,-16731116
171,170,172,173,"null","null","null",2,3.3323348,3.795211,-0.3955179,0.64591163,-2.2791758,-16731116
176,158,177,180,"null","null","null",3,21.449724,0.35782874,-2.752129,0.90259826,-3.6250997,-16731116
177,176,178,179,"null","null","null",2,13.001346,1.0880196,-2.1365566,0.4628849,-3.8261666,-16731116
181,157,182,187,"null","null","null",5,17.2346,0.48358452,-3.405888,2.0181682,-2.6072845,-16731116
182,181,183,186,"null","null","null",3,8.03744,0.65809226,-2.752129,0.8675231,-3.6250997,-16731116
183,182,184,185,"null","null","null",2,3.2005167,1.0880196,-2.1365566,0.4628849,-3.8261666,-16731116
187,181,188,189,"null","null","null",2,8.817604,1.7788361,-1.9610482,3.6551366,-0.40148008,-16731116
190,121,191,204,"Meliphagidae","null","Honeyeaters",8,23.831844,0.59771526,-2.660825,0.8857573,-3.4364262,-16731116
191,190,192,203,"null","null","null",7,20.223272,2.1597354,-2.076367,0.48397338,-3.4921455,-16731116
192,191,193,200,"null","null","null",6,15.196471,3.2514277,-0.8706895,0.6459124,-2.9070082,-16731116
193,192,194,199,"null","null","null",4,14.141487,3.5280137,-0.4185698,1.8652921,-2.238161,-16731116
194,193,195,198,"null","null","null",3,7.350711,3.065712,-0.6167603,3.1667423,-1.4052806,-16731116
195,194,196,197,"null","null","null",2,4.284852,2.3408208,-0.6580918,3.7190452,-0.34808022,-16731116
200,192,201,202,"null","null","null",2,3.3926694,0.35782874,-2.7162147,0.90259826,-3.23998,-16731116
