index,parent,child1,child2,name1,name2,common,richness,lengthbr,hxmax,hxmin,hymax,hymin,color
0,-268334942,1,112,"","null","Gerbils, Jirds and Sand Rats",101,23.7,1.3808122,-3.0061529,3.2448406,-0.6042883,-16731116
1,0,2,103,"","some","Gerbils",56,23.7,0.32388073,-3.614333,2.5519595,-1.2118273,-16731116
2,1,3,102,"null","null","null",51,23.6,0.5592984,-3.4101982,1.7788378,-2.6721172,-16731116
3,2,4,99,"null","null","null",50,23.4,0.8143066,-2.7414122,0.41481906,-3.497527,-16731116
4,3,5,76,"null","null","null",48,23.4,2.377342,-2.023676,0.5042372,-3.48668,-16731116
5,4,6,67,"null","null","null",36,23.4,3.4309173,-0.76730907,0.65274775,-2.8752608,-16731116
6,5,7,54,"null","null","null",31,23.4,3.665972,-0.44105512,1.9384282,-2.2438111,-16731116
7,6,8,47,"null","null","null",24,23.4,3.2014766,-0.6278832,3.1648693,-1.1166797,-16731116
8,7,9,40,"null","null","null",20,23.4,2.5455332,-1.542546,3.6141295,-0.37199056,-16731116
9,8,10,35,"null","null","null",16,23.4,1.4333814,-2.931917,3.2826333,-0.59051764,-16731116
10,9,11,28,"null","null","null",13,23.4,0.29949006,-3.623031,2.5859394,-1.0796676,-16731116
11,10,12,23,"null","null","null",9,23.4,0.5419747,-3.49291,1.7061951,-2.5790436,-16731116
12,11,13,18,"null","null","null",6,23.4,0.66192496,-2.8537683,0.52231866,-3.482712,-16731116
13,12,14,17,"null","null","null",3,23.4,1.9703138,-2.0763643,0.48397422,-3.5523138,-16731116
14,13,15,16,"null","null","null",2,23.4,3.005175,-1.0891994,0.64591277,-2.9852262,-16731116
18,12,19,22,"null","null","null",3,23.4,0.84491944,-3.7671363,2.4522867,-0.39556205,-16731116
19,18,20,21,"null","null","null",2,23.4,0.5235968,-3.7564573,1.9383985,-1.6186471,-16731116
23,11,24,27,"null","null","null",3,23.4,1.6917281,-2.7746239,3.1313145,-0.35959655,-16777216
24,23,25,26,"null","null","null",2,23.4,0.5272817,-3.5245032,2.3807092,-0.665,-16777216
28,10,29,34,"null","null","null",4,23.4,2.3408208,-1.3545772,3.4508257,-0.7670516,-16731116
29,28,30,33,"null","null","null",3,23.4,1.6917281,-2.7746239,3.1313145,-0.5755012,-12486656
30,29,31,32,"null","null","null",2,23.4,0.5272817,-3.5245032,2.3807092,-0.665,-12486656
35,9,36,39,"null","null","null",3,23.4,3.065712,-0.2891289,3.1667423,-1.4052806,-16731116
36,35,37,38,"null","null","null",2,23.4,2.3408208,-0.6580918,3.7190452,-0.34808022,-16731116
40,8,41,44,"null","null","null",4,23.4,3.7300878,-0.67175275,1.4251086,-2.4606745,-12486656
41,40,42,43,"null","null","null",2,23.4,3.3284082,-0.6167603,2.5945039,-1.4052806,-11184866
44,40,45,46,"null","null","null",2,23.4,1.0880196,-2.1365566,0.6001816,-3.8261666,-16731116
47,7,48,53,"null","null","null",4,23.4,3.4068692,-1.0892038,0.3309561,-2.9070082,-16731116
48,47,49,52,"null","null","null",3,23.4,3.7300878,-0.4185698,1.4251086,-2.238161,-11513776
49,48,50,51,"null","null","null",2,23.4,3.3284082,-0.6167603,2.5945039,-1.4052806,-16777216
54,6,55,64,"null","null","null",7,23.4,2.1597354,-2.216556,0.5623988,-3.4921455,-16731116
55,54,56,63,"null","null","null",5,23.4,3.2514277,-1.0892038,0.6459124,-2.9070082,-16731116
56,55,57,62,"null","null","null",4,23.4,3.5280137,-0.4185698,1.8652921,-2.238161,-16777216
57,56,58,61,"null","null","null",3,23.4,3.065712,-0.6167603,3.1667423,-1.4052806,-16777216
58,57,59,60,"null","null","null",2,23.4,2.3408208,-0.6580918,3.7190452,-0.34808022,-16777216
64,54,65,66,"null","null","null",2,23.4,0.48358452,-3.7564592,1.9384005,-1.6186413,-11513776
67,5,68,75,"null","null","null",5,23.4,0.7291248,-2.660825,0.8857573,-3.4364262,-16731116
68,67,69,74,"null","null","null",4,23.4,2.3305678,-2.076367,0.48397338,-3.4921455,-16731116
69,68,70,73,"null","null","null",3,23.4,3.4735096,-1.0892038,0.6459124,-2.9070082,-16731116
70,69,71,72,"null","null","null",2,23.4,3.8167202,-0.4185698,0.73106515,-2.238161,-16731116
76,4,77,92,"null","null","null",12,23.4,0.44286364,-3.4929109,1.7306687,-2.5434372,-16731116
77,76,78,87,"null","null","null",8,23.4,0.7291248,-2.8537698,0.522323,-3.4364262,-16731116
78,77,79,84,"null","null","null",5,23.4,2.3305678,-2.216556,0.48397338,-3.4921455,-16731116
79,78,80,83,"null","null","null",3,23.4,3.4735096,-1.0892038,0.6459124,-2.9070082,-16731116
80,79,81,82,"null","null","null",2,23.4,3.8167202,-0.4185698,0.73106515,-2.238161,-16731116
84,78,85,86,"null","null","null",2,4.0,0.48358452,-3.7564592,1.9384005,-1.6186413,-16777216
87,77,88,91,"null","null","null",3,23.4,0.8449204,-3.767136,2.4522898,-0.39556158,-16731116
88,87,89,90,"null","null","null",2,23.4,0.52359635,-3.7564592,1.9384005,-1.6186413,-16777216
92,76,93,98,"null","null","null",4,23.4,1.691729,-2.9612634,3.1863751,-0.35959762,-16731116
93,92,94,97,"null","null","null",3,23.4,0.52728236,-3.7671359,2.4522882,-0.665,-16731116
94,93,95,96,"null","null","null",2,23.4,0.5235966,-3.7564578,1.9383993,-1.6186452,-16731116
99,3,100,101,"null","null","null",2,23.4,0.82108533,-3.5997553,2.3745222,-0.4072522,-16731116
103,1,104,111,"null","null","null",5,11.4,2.3134418,-1.6418905,3.4890296,-0.7370682,-16731116
104,103,105,110,"Gerbillurus","null","null",4,9.0,1.6001918,-3.0610669,3.1200051,-0.5905173,-16731116
105,104,106,109,"null","null","null",3,9.0,0.4136008,-3.7909288,2.3745222,-0.66423035,-16731116
106,105,107,108,"null","null","null",2,9.0,0.5419743,-3.711179,1.8611686,-1.7914356,-16731116
112,0,113,200,"","some","Gerbils, Jirds and Sand Rats",45,23.7,3.1323936,-0.30320042,3.0686367,-1.3026809,-16731116
113,112,114,161,"null","null","null",44,23.7,2.4557242,-1.512744,3.4890296,-0.37198997,-16731116
114,113,115,160,"null","null","null",24,23.7,1.6001918,-2.8931763,3.1200051,-0.5905173,-16731116
115,114,116,159,"null","null","null",23,23.7,0.4136008,-3.572671,2.3745222,-1.1122056,-16731116
116,115,117,158,"null","null","null",22,22.5,0.5419743,-3.427444,1.8611686,-2.6213453,-16731116
117,116,118,155,"","some","Gerbils, Jirds and Sand Rats",21,22.5,0.67644143,-2.768663,0.49050963,-3.5377066,-16731116
118,117,119,152,"null","null","null",19,19.2,2.2620795,-2.216556,0.48397338,-3.6238103,-16731116
119,118,120,151,"Meriones","null","null",17,14.6,3.3844748,-1.0892038,0.6459124,-3.0781724,-16731116
120,119,121,148,"null","null","null",16,14.6,3.700975,-0.4185698,1.7906663,-2.4606745,-16731116
121,120,122,147,"null","null","null",14,14.6,3.2905617,-0.6167603,3.069729,-1.4052806,-16731116
122,121,123,144,"null","null","null",13,11.4,2.6331253,-1.3260034,3.592928,-0.34808022,-16731116
123,122,124,139,"null","null","null",11,11.4,1.5297087,-2.7374778,3.3160472,-0.5755012,-16731116
124,123,125,132,"null","null","null",8,11.4,0.3384865,-3.4762132,2.6208618,-0.8165151,-16731116
125,124,126,129,"null","null","null",4,11.4,0.5235968,-3.3782573,2.0181658,-2.311044,-16731116
126,125,127,128,"null","null","null",2,11.4,0.6580924,-2.716209,0.867519,-3.2399843,-16731116
129,125,130,131,"null","null","null",2,11.4,1.7788353,-1.9610502,3.6551359,-0.40147904,-12486656
132,124,133,138,"null","null","null",4,11.4,2.3612075,-1.1773334,3.4240808,-0.7950944,-16731116
133,132,134,137,"null","null","null",3,11.4,1.7788353,-2.6272726,3.1628685,-0.5592989,-16731116
134,133,135,136,"null","null","null",2,11.4,0.641129,-3.4392254,2.4198835,-0.6642305,-16731116
139,123,140,143,"null","null","null",3,11.4,3.0981078,-0.27500102,3.0448914,-1.5045819,-16731116
140,139,141,142,"null","null","null",2,11.4,2.3612075,-0.66192454,3.6646893,-0.32388148,-16731116
144,122,145,146,"null","null","null",2,3.0,3.795211,-0.705259,0.5537361,-2.2791758,-16731116
148,120,149,150,"null","null","null",2,3.3,1.0880196,-2.1365566,0.6001816,-3.8261666,-16731116
152,118,153,154,"null","null","null",2,19.2,0.48358452,-3.7564592,1.9384005,-1.6186413,-16731116
155,117,156,157,"Psammomys","null","null",2,4.5,0.8449204,-3.5245008,2.3807096,-0.39556158,-16731116
161,113,162,185,"null","null","null",20,23.7,3.5280137,-0.67175364,1.7531258,-2.3881567,-16731116
162,161,163,184,"null","null","null",12,17.7,3.0657125,-0.6167602,3.0209274,-1.4052815,-16731116
163,162,164,183,"null","null","null",11,17.7,2.3408213,-1.3385772,3.5294871,-0.34807998,-16731116
164,163,165,178,"null","null","null",10,15.0,1.5297099,-2.7538245,3.2335749,-0.5755011,-16731116
165,164,166,177,"null","null","null",7,15.0,0.52728236,-3.4974651,2.5136476,-0.95190084,-16731116
166,165,167,174,"null","null","null",6,15.0,0.5235966,-3.4058857,2.0181665,-2.4870462,-16731116
167,166,168,173,"null","null","null",4,15.0,0.6580924,-2.7521262,0.8675197,-3.4687884,-16731116
168,167,169,172,"null","null","null",3,15.0,1.7924242,-2.1365547,0.46288556,-3.6229591,-16731116
169,168,170,171,"null","null","null",2,15.0,2.8755672,-1.1971784,0.6376136,-3.108152,-16731116
174,166,175,176,"null","null","null",2,15.0,1.7788349,-1.9610509,3.6551359,-0.40147948,-16731116
178,164,179,182,"null","null","null",3,15.0,3.0981085,-0.27500087,3.0448916,-1.5045813,-16731116
179,178,180,181,"null","null","null",2,15.0,2.3612084,-0.66192454,3.6646895,-0.3238816,-16731116
185,161,186,197,"Taterillus","null","null",8,14.8,2.1643848,-2.305407,0.60018194,-3.6629999,-16731116
186,185,187,194,"null","null","null",6,14.8,3.359119,-1.0122005,0.63761336,-3.1602054,-16731116
187,186,188,191,"null","null","null",4,14.8,3.7661476,-0.395518,1.2371349,-2.5264773,-16731116
188,187,189,190,"null","null","null",2,14.8,3.4248686,-0.6042887,2.4441597,-1.5045813,-16731116
191,187,192,193,"null","null","null",2,14.8,0.90939677,-2.190558,0.63668084,-3.827052,-16731116
194,186,195,196,"null","null","null",2,14.8,0.34452963,-2.8544106,0.97917116,-3.1268039,-16731116
197,185,198,199,"null","null","null",2,14.8,0.52348197,-3.7907996,2.0102274,-1.443347,-16731116
