index,parent,child1,child2,name1,name2,common,richness,lengthbr,hxmax,hxmin,hymax,hymin,color
0,-268020730,1,30,"null","null","null",21,101.1,1.3321738,-3.006147,3.347854,-0.27500063,-16777216
1,0,2,25,"null","null","null",15,32.699997,0.32387957,-3.61433,2.685876,-1.197477,-16777216
2,1,3,20,"null","null","null",12,32.699997,0.55929744,-3.4101982,1.6207746,-2.6534662,-16777216
3,2,4,17,"null","null","null",9,32.7,0.751789,-2.7414126,0.41482306,-3.4732866,-16777216
4,3,5,16,"null","null","null",7,32.7,2.2960727,-2.010232,0.50423604,-3.4551725,-16777216
5,4,6,15,"null","null","null",6,26.8,3.325273,-0.9791784,0.6527474,-2.834302,-16777216
6,5,7,14,"null","null","null",5,26.5,3.5286398,-0.4410539,2.0426836,-2.1905615,-16777216
7,6,8,13,"null","null","null",4,24.9,3.0229468,-0.6278826,3.3004072,-1.302684,-16777216
8,7,9,12,"null","null","null",3,22.5,2.3134425,-1.0472577,3.7903345,-0.37198922,-16777216
9,8,10,11,"null","null","null",2,11.0,1.6001946,-2.288047,3.511703,-0.5905168,-16777216
17,3,18,19,"null","null","null",2,26.3,0.82108676,-3.5997515,2.3745224,-0.40725157,-16777216
20,2,21,24,"null","null","null",3,21.8,1.6001978,-2.9140012,3.120006,-0.31738424,-16777216
21,20,22,23,"null","null","null",2,13.7,0.4136094,-3.5997503,2.3745227,-0.66423047,-16777216
25,1,26,29,"null","null","null",3,32.7,2.3134434,-1.0472503,3.7903354,-0.73706996,-11513776
26,25,27,28,"null","null","null",2,32.7,1.6001987,-2.2880404,3.5117064,-0.5905163,-11513776
30,0,31,40,"","null","Lava Lizards",6,33.6,3.0229483,-0.30319974,3.0686307,-1.3026869,-16777216
31,30,32,39,"null","null","null",5,33.6,2.3134434,-1.6418805,3.4890275,-0.37198862,-16777216
32,31,33,38,"null","null","null",4,33.6,1.6001987,-3.0610595,3.120006,-0.5905163,-16777216
33,32,34,37,"null","null","null",3,33.6,0.4136094,-3.7909265,2.3745227,-0.66423047,-16777216
34,33,35,36,"null","null","null",2,33.4,0.541973,-3.7111814,1.8611743,-1.7914251,-16777216
