index,parent,child1,child2,name1,name2,common,richness,lengthbr,hxmax,hxmin,hymax,hymin,color
0,-268334989,1,40,"null","null","null",36,39.02143,3.626633,-0.46288383,2.015645,-2.1772828,-12486656
1,0,2,31,"null","null","null",20,32.62094,3.1129305,-0.63761276,3.165763,-1.0032692,-16731116
2,1,3,18,"null","null","null",15,19.5,2.4650178,-1.6694274,3.514792,-0.3955164,-16731116
3,2,4,15,"null","null","null",8,14.973545,1.4209557,-3.006147,3.0981104,-0.60428774,-16731116
4,3,5,14,"null","null","null",6,12.902018,0.32387957,-3.61433,2.3612094,-1.3502439,-16731116
5,4,6,13,"null","null","null",5,11.589165,0.55929744,-3.4101982,1.7788426,-2.8520634,-16731116
6,5,7,10,"null","null","null",4,11.589165,0.66423047,-2.7414126,0.41482306,-3.731463,-16731116
7,6,8,9,"null","null","null",2,11.589165,1.4433353,-2.010232,0.50423604,-3.7908015,-16731116
10,6,11,12,"null","null","null",2,11.589165,0.82108676,-3.5997515,2.3745224,-0.40725157,-16731116
15,3,16,17,"null","null","null",2,4.9911814,3.2227073,-0.30319974,2.7384832,-1.3026869,-12486656
18,2,19,30,"null","null","null",7,19.5,3.6887572,-0.6366836,1.8643925,-2.190562,-16731116
19,18,20,29,"null","null","null",6,12.902017,3.2311006,-0.6278824,3.0686307,-1.3026869,-16731116
20,19,21,26,"null","null","null",5,12.902017,2.5840416,-1.5287583,3.4890275,-0.37198862,-16731116
21,20,22,25,"null","null","null",3,12.902017,1.6001987,-2.9140007,3.120006,-0.5905163,-16731116
22,21,23,24,"null","null","null",2,12.902017,0.4136094,-3.5997503,2.3745227,-0.66423047,-16731116
26,20,27,28,"null","null","null",2,12.902017,3.816719,-0.6717558,0.73104995,-2.2381647,-16731116
31,1,32,39,"null","null","null",5,17.52539,3.3252726,-0.97918,0.4094174,-2.8343027,-11184866
32,31,33,38,"null","null","null",4,15.095551,3.52864,-0.4410537,2.026274,-2.190562,-8572416
33,32,34,37,"null","null","null",3,15.095551,3.0229483,-0.6278824,3.2790763,-1.3026869,-11184866
34,33,35,36,"null","null","null",2,15.095551,2.3134434,-0.6527476,3.762607,-0.37198862,-11184866
40,0,41,58,"null","null","null",16,30.191101,2.2960722,-1.957718,0.52348435,-3.50251,-12486656
41,40,42,55,"null","null","null",9,30.191101,3.3252726,-0.7274773,0.6527474,-2.8958411,-12486656
42,41,43,50,"null","null","null",7,21.189283,3.52864,-0.4410537,2.0426812,-2.270562,-12486656
43,42,44,49,"null","null","null",4,21.189283,3.0229483,-0.6278824,3.300406,-1.3026869,-12486656
44,43,45,48,"null","null","null",3,21.189283,2.3134434,-1.0472503,3.7903354,-0.37198862,-12486656
45,44,46,47,"null","null","null",2,21.189283,1.6001987,-2.2880404,3.5117064,-0.5905163,-12486656
50,42,51,54,"null","null","null",3,21.189283,1.9702938,-2.0763712,0.56240165,-3.5523233,-12486656
51,50,52,53,"null","null","null",2,21.189283,3.0051603,-1.0892116,0.64591193,-2.9852414,-11184866
55,41,56,57,"null","null","null",2,7.5477753,0.3708002,-2.5711918,0.8857585,-3.3442512,-16731116
58,40,59,68,"null","null","null",7,21.189283,0.44286606,-3.3444955,1.9094235,-2.54343,-12486656
59,58,60,67,"null","null","null",5,21.189283,0.72911525,-2.6608305,0.75470054,-3.436424,-12486656
60,59,61,66,"null","null","null",4,21.189283,2.3305588,-2.0763707,0.48397225,-3.492148,-11184866
61,60,62,65,"null","null","null",3,21.189283,3.4735038,-1.0892109,0.645912,-2.9070132,-12486656
62,61,63,64,"null","null","null",2,21.189283,3.816719,-0.4185683,0.7310512,-2.2381644,-16731116
68,58,69,70,"null","null","null",2,21.189283,1.6917354,-2.1267927,3.5885618,-0.3596004,-16731116
