index,parent,child1,child2,name1,name2,common,richness,lengthbr,hxmax,hxmin,hymax,hymin,color
0,-268178425,1,160,"null","null","null",84,20.900002,3.058188,-0.6376129,3.3079321,-1.0032667,-16731116
1,0,2,89,"null","null","null",80,18.2,2.393853,-1.663125,3.6996102,-0.3955168,-16731116
2,1,3,54,"","null","Flying Squirrels",44,13.799999,1.380814,-2.9979515,3.3383727,-0.6042881,-16731116
3,2,4,51,"null","null","null",26,10.400001,0.32388037,-3.6036725,2.6735508,-1.1974823,-12486656
4,3,5,38,"null","null","null",24,10.3,0.55929816,-3.3963406,1.6207708,-2.65347,-16731116
5,4,6,23,"null","null","null",17,8.2,0.7517928,-2.7233973,0.5782621,-3.473287,-12486656
6,5,7,16,"Petinomys","null","null",9,7.1,2.296076,-1.957715,0.5042366,-3.455171,-12486656
7,6,8,15,"null","null","null",5,7.1,3.3252745,-0.97917616,0.6527476,-2.8342996,-11184866
8,7,9,14,"null","null","null",4,7.1,3.5286393,-0.44105446,2.0262814,-2.1905599,-11184866
9,8,10,13,"null","null","null",3,7.1000004,3.0229454,-0.6278829,3.2790818,-1.3026817,-11184866
10,9,11,12,"null","null","null",2,2.2,2.3134413,-0.6527472,3.762609,-0.37198985,-12486656
16,6,17,22,"null","null","null",4,7.1,0.4428649,-3.3444939,1.861171,-2.7339191,-16731116
17,16,18,21,"null","null","null",3,7.1,0.66192484,-2.660828,0.7546976,-3.6840558,-16731116
18,17,19,20,"null","null","null",2,2.2,1.2662327,-2.076369,0.48397276,-3.8140671,-16731116
23,5,24,33,"null","null","null",8,8.2,0.82108617,-3.5592191,2.7422643,-1.1987991,-16731116
24,23,25,32,"null","null","null",5,5.2,0.54197377,-3.4099588,1.861171,-2.7339191,-16731116
25,24,26,29,"null","null","null",4,5.2,0.66192484,-2.745932,0.49051207,-3.6840558,-16731116
26,25,27,28,"null","null","null",2,5.2,1.2662327,-2.076369,0.48397276,-3.8140671,-12486656
29,25,30,31,"null","null","null",2,2.2,0.8449211,-3.5244987,2.3807101,-0.39556122,-16731116
33,23,34,37,"Petaurillus","null","Pygmy Flying Squirrels",3,3.6,2.340822,-0.85624886,3.8025503,-0.76705325,-11513776
34,33,35,36,"null","null","null",2,3.6,1.6917316,-2.1268003,3.5885587,-0.5755006,-11513776
38,4,39,48,"null","null","null",7,9.8,1.5501398,-2.84409,3.1200051,-0.3173825,-16731116
39,38,40,47,"null","null","null",5,6.4,0.4136026,-3.5088603,2.3745222,-1.1988022,-12486656
40,39,41,46,"null","null","null",4,5.5,0.541974,-3.3444915,1.8611698,-2.733922,-16731116
41,40,42,45,"null","null","null",3,4.5,0.66192484,-2.660825,0.7546941,-3.6840577,-16731116
42,41,43,44,"null","null","null",2,3.1,1.2662381,-2.076367,0.48397338,-3.8140666,-11513776
48,38,49,50,"Glaucomys","null","null",2,3.4,3.3284109,-0.2891283,2.5944998,-1.405283,-16731116
51,3,52,53,"Iomys","null","null",2,2.7,2.3134422,-0.43901813,3.7626088,-0.73706865,-12486656
54,2,55,86,"null","null","null",18,11.599999,3.1323948,-0.30320022,3.0686347,-1.1514504,-16731116
55,54,56,71,"null","null","null",16,11.599999,2.4557252,-1.474984,3.489029,-0.3719896,-12486656
56,55,57,70,"Petaurista","null","Giant Flying Squirrels",8,7.4999995,1.6001931,-2.84409,3.1200051,-0.59051704,-16731116
57,56,58,69,"null","null","null",7,7.3999996,0.4136026,-3.5088603,2.3745222,-1.0796628,-16731116
58,57,59,66,"null","null","null",6,7.2,0.541974,-3.3444915,1.9094174,-2.5790405,-16731116
59,58,60,65,"null","null","null",4,6.3,0.66192484,-2.660825,0.7546941,-3.482712,-16731116
60,59,61,64,"null","null","null",3,4.6,1.9703064,-2.076367,0.48397338,-3.5523171,-12486656
61,60,62,63,"null","null","null",2,3.0,3.0051699,-1.0892038,0.6459124,-2.9852314,-12486656
66,58,67,68,"null","null","null",2,2.6,1.6917303,-2.1268024,3.5885572,-0.35959825,-16731116
71,55,72,83,"null","null","null",8,8.3,3.5280137,-0.6717541,1.706578,-2.4606762,-11184866
72,71,73,80,"null","null","null",6,8.1,3.0657134,-0.61676,2.9604168,-1.2878759,-11184866
73,72,74,79,"null","null","null",4,6.1,2.3408217,-1.3545724,3.4508247,-0.34807962,-11184866
74,73,75,78,"null","null","null",3,4.6,1.6917303,-2.7746198,3.1313148,-0.57550085,-11184866
75,74,76,77,"null","null","null",2,3.0,0.5272839,-3.5245008,2.3807096,-0.665,-3014646
80,72,81,82,"Aeromys","null","null",2,2.9,2.8755617,-1.1971824,0.31716132,-3.1081567,-11513776
83,71,84,85,"null","null","null",2,8.3,1.0880178,-2.136557,0.60018253,-3.8261664,-12486656
86,54,87,88,"Pteromys","null","null",2,6.0,3.005167,-1.0892061,0.33095554,-2.9852347,-16731116
89,1,90,155,"null","null","null",36,11.2,3.5286398,-0.6366827,1.8643985,-2.2705576,-16731116
90,89,91,146,"null","null","null",33,4.799999,3.0229464,-0.6278828,3.0686347,-1.1166838,-16731116
91,90,92,145,"null","null","null",28,4.6999993,2.3134422,-1.474984,3.489029,-0.3719896,-16731116
92,91,93,144,"Sciurus","null","null",27,4.5999994,1.6001931,-2.84409,3.1200051,-0.59051704,-16731116
93,92,94,143,"null","null","null",26,4.3999996,0.4136026,-3.5088603,2.3745222,-1.0751562,-16731116
94,93,95,142,"null","null","null",25,3.8999996,0.541974,-3.3444915,1.8611698,-2.573182,-16731116
95,94,96,141,"null","null","null",24,3.7999997,0.66192484,-2.660825,0.7546941,-3.475096,-16731116
96,95,97,140,"null","null","null",23,3.6999998,2.1597354,-2.076367,0.48397338,-3.5424166,-16731116
97,96,98,139,"null","null","null",22,3.4999998,3.2514277,-1.0892038,0.6459124,-2.9723606,-16731116
98,97,99,126,"null","null","null",21,3.3999999,3.5280137,-0.4185698,1.7316434,-2.3231192,-16731116
99,98,100,125,"null","null","null",14,3.2999997,3.065712,-0.6167603,2.9929993,-1.4052806,-16731116
100,99,101,124,"null","null","null",13,3.1999998,2.3408208,-1.3385786,3.4931793,-0.34808022,-16731116
101,100,102,123,"null","null","null",12,3.1,1.6917281,-2.7538254,3.1863742,-0.5755012,-16731116
102,101,103,122,"null","null","null",11,3.0,0.5272817,-3.4974654,2.4522867,-0.9035219,-16731116
103,102,104,121,"null","null","null",10,2.9,0.5235968,-3.4058852,1.9383985,-2.4241529,-16731116
104,103,105,120,"null","null","null",9,2.7999997,0.6580924,-2.7521253,0.867519,-3.3870258,-16731116
105,104,106,119,"null","null","null",8,2.6999998,2.0156596,-2.1365538,0.46288577,-3.516667,-16731116
106,105,107,118,"null","null","null",7,2.6,3.1657724,-1.1971772,0.63761365,-2.9699712,-16731116
107,106,108,117,"null","null","null",6,2.5,3.5147939,-0.39551884,1.5568684,-2.2791743,-16731116
108,107,109,116,"null","null","null",5,2.3,3.0981069,-0.6042892,2.8598099,-1.5045781,-16731116
109,108,110,115,"null","null","null",4,1.9,2.361207,-1.1773405,3.4240794,-0.32388246,-16731116
110,109,111,114,"null","null","null",3,1.5,1.7788317,-2.6272786,3.1628635,-0.5592996,-16731116
111,110,112,113,"null","null","null",2,1.0,0.6411245,-3.439229,2.419877,-0.6642306,-16731116
126,98,127,138,"null","null","null",7,3.1999998,2.0156536,-2.1365566,0.6001816,-3.5166674,-16731116
127,126,128,137,"null","null","null",6,3.1,3.1657686,-1.1971815,0.6376133,-2.9699733,-16731116
128,127,129,136,"null","null","null",5,3.0,3.514793,-0.3955179,1.7809273,-2.2791758,-16731116
129,128,130,135,"null","null","null",4,2.7,3.0981078,-0.6042887,3.1510901,-1.5045819,-16731116
130,129,131,134,"null","null","null",3,2.3,2.3612075,-0.6648546,3.8027482,-0.32388148,-16731116
131,130,132,133,"null","null","null",2,1.6,1.7788353,-1.9610502,3.6551359,-0.5592989,-16731116
146,90,147,154,"null","null","null",5,3.7000003,3.2514257,-1.0892061,0.33095554,-2.90701,-16731116
147,146,148,153,"Microsciurus","some","Dwarf Squirrels",4,3.5000002,3.5280137,-0.41856924,1.8652878,-2.2381625,-16731116
148,147,149,152,"null","null","null",3,2.3000002,3.0657134,-0.61676,3.1667395,-1.405283,-16731116
149,148,150,151,"null","null","null",2,1.1,2.3408217,-0.6580919,3.7190442,-0.34807962,-16731116
155,89,156,159,"Tamiasciurus","null","null",3,4.6,1.9703023,-2.0763686,0.56240034,-3.552319,-12486656
156,155,157,158,"null","null","null",2,2.7,3.005167,-1.0892061,0.64591223,-2.9852347,-16731116
160,0,161,166,"Ratufa","some","Giant Squirrels",4,8.0,3.4434724,-0.9791769,0.3445289,-2.8343005,-12486656
161,160,162,165,"null","null","null",3,6.2,3.6822977,-0.44105422,1.6104403,-2.1905606,-12486656
162,161,163,164,"null","null","null",2,4.2,3.222702,-0.6278828,2.7384892,-1.3026825,-12486656
