index,parent,child1,child2,name1,name2,common,richness,lengthbr,hxmax,hxmin,hymax,hymin,color
0,-268096440,1,98,"null","null","null",50,30.525995,3.1915243,-0.6278831,3.1734364,-1.3026792,-16731116
1,0,2,67,"null","null","null",49,30.368351,2.5325947,-1.5425444,3.625268,-0.37199032,-16731116
2,1,3,52,"null","null","null",33,27.283678,1.5288991,-2.9319158,3.297114,-0.59051746,-16731116
3,2,4,37,"null","null","null",25,25.117283,0.39173245,-3.6230307,2.6047637,-1.052279,-16731116
4,3,5,30,"","null","Slender-legged Treefrogs",17,22.107912,0.54197454,-3.4929104,1.7306666,-2.5434394,-16731116
5,4,6,23,"null","null","null",13,22.107912,0.6764462,-2.8537693,0.64476943,-3.4364274,-16731116
6,5,7,22,"null","null","null",9,22.107912,2.2620838,-2.076365,0.483974,-3.4921446,-16731116
7,6,8,21,"null","null","null",8,22.107912,3.3844771,-1.0892006,0.64591265,-2.9070063,-16731116
8,7,9,20,"null","null","null",7,22.107912,3.700975,-0.41857052,1.9147071,-2.2381597,-16731116
9,8,10,17,"null","null","null",6,22.107912,3.2905602,-0.6167606,3.230979,-1.2878692,-16731116
10,9,11,14,"null","null","null",4,22.107912,2.6331239,-0.856262,3.8025498,-0.34808096,-16731116
11,10,12,13,"null","null","null",2,22.107912,1.6917254,-2.1268115,3.5885534,-0.5755017,-16731116
14,10,15,16,"null","null","null",2,22.107912,3.7952118,-0.705258,0.5537415,-2.2791743,-16731116
17,9,18,19,"null","null","null",2,22.107912,2.8755672,-1.1971784,0.3171621,-3.108152,-16731116
23,5,24,27,"null","null","null",4,22.107912,0.8449197,-3.767137,2.7277992,-0.39556193,-16731116
24,23,25,26,"null","null","null",2,22.107912,0.5235969,-3.756458,1.9383984,-1.6186465,-16731116
27,23,28,29,"null","null","null",2,22.107912,2.361208,-0.4184213,3.6646907,-0.79509425,-16731116
30,4,31,36,"null","null","null",4,22.107912,1.6917278,-2.9612656,3.1863737,-0.35959697,-16731116
31,30,32,35,"null","null","null",3,22.107912,0.52728057,-3.767137,2.4522865,-0.665,-16731116
32,31,33,34,"null","null","null",2,22.107912,0.5235969,-3.756458,1.9383984,-1.6186465,-16731116
37,3,38,49,"","null","Amazon Treefrogs",8,16.226137,2.633125,-1.3385797,3.4931793,-0.76705194,-12486656
38,37,39,48,"null","null","null",6,16.226137,1.6917278,-2.7538266,3.1863737,-0.5755013,-16731116
39,38,40,47,"null","null","null",5,16.226137,0.52728057,-3.4974663,2.4522865,-1.0443957,-16731116
40,39,41,46,"null","null","null",4,16.226137,0.5235969,-3.405886,1.9383984,-2.6072884,-11513776
41,40,42,45,"null","null","null",3,16.226137,0.65809244,-2.7521262,0.8675197,-3.6251016,-11513776
42,41,43,44,"null","null","null",2,16.226137,1.0880251,-2.1365547,0.46288556,-3.8261662,-11513776
49,37,50,51,"null","null","null",2,16.226137,3.7952118,-0.70525885,0.55373955,-2.2791753,-11184866
52,2,53,64,"null","null","null",8,16.226137,3.2806249,-0.28912875,2.9604201,-1.2878717,-12486656
53,52,54,59,"null","null","null",6,16.226137,2.6202073,-1.354578,3.4508262,-0.34808034,-12486656
54,53,55,58,"null","null","null",3,16.226137,1.6917278,-2.7746243,3.1313148,-0.5755013,-12486656
55,54,56,57,"null","null","null",2,16.226137,0.52728057,-3.5245035,2.3807096,-0.665,-16731116
59,53,60,63,"null","null","null",3,16.226137,3.766147,-0.70525885,1.2371379,-2.2791753,-11184866
60,59,61,62,"null","null","null",2,16.226137,3.4248672,-0.60428894,2.4441621,-1.5045799,-12486656
64,52,65,66,"null","null","null",2,16.226137,2.875566,-1.1971791,0.31716174,-3.1081529,-8572416
67,1,68,87,"null","null","null",16,21.63485,3.7009745,-0.6717531,1.731644,-2.323119,-16731116
68,67,69,84,"null","null","null",10,17.967354,3.2905612,-0.6167604,2.9929996,-1.2878717,-16731116
69,68,70,81,"null","null","null",8,17.967354,2.633125,-1.3260047,3.4931793,-0.34808034,-16731116
70,69,71,78,"null","null","null",6,17.967354,1.6749347,-2.737479,3.1863737,-0.5755013,-16731116
71,70,72,77,"null","null","null",4,17.967354,0.52728057,-3.4762144,2.4522865,-0.816515,-16731116
72,71,73,76,"null","null","null",3,17.967354,0.5235969,-3.3782585,1.9383984,-2.3110435,-16731116
73,72,74,75,"null","null","null",2,17.967354,0.65809244,-2.7162104,0.8675197,-3.239983,-16731116
78,70,79,80,"null","null","null",2,17.967354,3.4248672,-0.27500108,2.4441621,-1.5045799,-16731116
81,69,82,83,"null","null","null",2,17.967354,3.7952118,-0.70525885,0.55373955,-2.2791753,-16731116
84,68,85,86,"null","null","null",2,17.967354,2.875566,-1.1971791,0.31716174,-3.1081529,-16731116
87,67,88,97,"null","null","null",6,13.981319,2.0156565,-2.1365554,0.6001814,-3.516667,-16731116
88,87,89,96,"null","null","null",5,12.558642,3.1657705,-1.1971791,0.6376135,-2.9699724,-16731116
89,88,90,95,"null","null","null",4,10.817426,3.5147936,-0.39551836,1.6992391,-2.2791753,-16731116
90,89,91,94,"null","null","null",3,8.572607,3.0981078,-0.60428894,3.0448937,-1.5045799,-16731116
91,90,92,93,"null","null","null",2,8.572607,2.361208,-0.6619245,3.6646907,-0.32388195,-16731116
