index,parent,child1,child2,name1,name2,common,richness,lengthbr,hxmax,hxmin,hymax,hymin,color
0,-268096388,1,128,"null","null","null",72,36.036987,1.5288991,-2.8773625,3.297114,-0.59051746,-16731116
1,0,2,113,"null","null","null",64,35.0445,0.39173245,-3.5521114,2.6047637,-1.0881197,-16731116
2,1,3,104,"null","null","null",56,33.919308,0.54197454,-3.4007154,1.7306666,-2.5900323,-16731116
3,2,4,81,"null","null","null",51,33.131218,0.6729665,-2.7339156,0.6720401,-3.496998,-16731116
4,3,5,66,"null","null","null",39,30.870712,2.2575603,-2.0607436,0.483974,-3.5708866,-16731116
5,4,6,59,"null","null","null",31,28.936222,3.3785968,-0.8866478,0.64591265,-3.0093708,-16731116
6,5,7,36,"null","null","null",27,28.936222,3.6933308,-0.41857052,1.8495961,-2.371234,-16731116
7,6,8,33,"null","null","null",15,28.936222,3.280623,-0.6167606,3.146335,-1.2878692,-16731116
8,7,9,28,"null","null","null",13,28.936222,2.6202059,-1.3385825,3.6925125,-0.34808096,-16731116
9,8,10,27,"null","null","null",10,28.936222,1.6917254,-2.753828,3.4455051,-0.5755017,-16731116
10,9,11,20,"null","null","null",9,28.936222,0.47730237,-3.4974656,2.7891572,-1.0444003,-16731116
11,10,12,19,"null","null","null",5,28.936222,0.52359736,-3.4058833,1.9383965,-2.6072927,-16731116
12,11,13,16,"null","null","null",4,28.936222,0.65809256,-2.7521224,0.58309335,-3.6251042,-16731116
13,12,14,15,"null","null","null",2,28.936222,1.0880324,-2.136552,0.46288642,-3.826166,-16731116
16,12,17,18,"null","null","null",2,28.936222,0.86650467,-3.439228,2.4198787,-0.383396,-16731116
20,10,21,24,"null","null","null",4,28.936222,2.6735477,-0.66486037,3.8027484,-0.79509366,-11184866
21,20,22,23,"null","null","null",2,28.936222,1.7788329,-1.9610553,3.6551342,-0.55929935,-11513776
24,20,25,26,"null","null","null",2,28.936222,3.7626112,-0.7370663,0.43901888,-2.3134398,-11184866
28,8,29,32,"null","null","null",3,28.936222,3.7661467,-0.705258,1.2371399,-2.2791743,-16731116
29,28,30,31,"null","null","null",2,28.936222,3.4248662,-0.60428905,2.4441638,-1.5045791,-16731116
33,7,34,35,"null","null","null",2,28.936222,2.8755672,-1.1971784,0.3171621,-3.108152,-16731116
36,6,37,56,"null","null","null",12,28.936222,2.0156581,-2.3054051,0.6001805,-3.62493,-16731116
37,36,38,53,"null","null","null",10,28.936222,3.1657712,-1.0121977,0.6376136,-3.1107135,-16731116
38,37,39,46,"null","null","null",8,28.936222,3.5147934,-0.3955186,1.7809317,-2.4621391,-16731116
39,38,40,45,"null","null","null",4,28.936222,3.0981069,-0.60428905,3.151093,-1.5045791,-16731116
40,39,41,44,"null","null","null",3,28.936222,2.361207,-0.66486037,3.8027484,-0.32388222,-16731116
41,40,42,43,"null","null","null",2,28.936222,1.7788329,-1.9610553,3.6551342,-0.55929935,-16731116
46,38,47,50,"null","null","null",4,28.936222,1.6104515,-2.3868856,0.6366799,-3.6822944,-12486656
47,46,48,49,"null","null","null",2,28.936222,2.7384977,-1.3026766,0.6278834,-3.222695,-11513776
50,46,51,52,"null","null","null",2,28.936222,0.562398,-3.8140666,2.0763648,-1.2662427,-12486656
53,37,54,55,"null","null","null",2,28.936222,0.34452996,-2.8544092,0.97917,-3.1268048,-16731116
56,36,57,58,"null","null","null",2,28.936222,0.52348095,-3.7907996,2.0102258,-1.4433501,-16731116
59,5,60,65,"null","null","null",4,28.936222,0.35782912,-2.7521262,0.9025978,-3.4687884,-16731116
60,59,61,64,"null","null","null",3,28.936222,1.7924242,-2.1365547,0.46288556,-3.6229591,-16731116
61,60,62,63,"null","null","null",2,28.936222,2.8755672,-1.1971784,0.6376136,-3.108152,-11513776
66,4,67,80,"null","null","null",8,17.522251,0.48358327,-3.405886,1.9383984,-2.4241524,-16731116
67,66,68,79,"null","null","null",7,17.522251,0.65809244,-2.7521262,0.8675197,-3.3870246,-16731116
68,67,69,78,"null","null","null",6,17.522251,2.1643877,-2.1365547,0.46288556,-3.5166664,-16731116
69,68,70,75,"null","null","null",5,17.522251,3.35912,-1.0121977,0.6376136,-2.9699712,-16731116
70,69,71,74,"null","null","null",3,17.522251,3.7661467,-0.3955186,1.2371399,-2.2791743,-16731116
71,70,72,73,"null","null","null",2,17.522251,3.4248662,-0.60428905,2.4441638,-1.5045791,-16731116
75,69,76,77,"null","null","null",2,17.522251,0.34452996,-2.8544092,0.97917,-3.1268048,-16731116
81,3,82,99,"null","null","null",12,20.93887,0.8449197,-3.4974663,2.7891583,-0.90352184,-16731116
82,81,83,92,"null","null","null",9,18.51474,0.5235969,-3.405886,1.8475369,-2.4241524,-16731116
83,82,84,91,"null","null","null",5,18.51474,0.65809244,-2.7521262,0.8675197,-3.3870246,-16731116
84,83,85,90,"null","null","null",4,18.51474,2.1815863,-2.1365547,0.46288556,-3.5166664,-16731116
85,84,86,89,"null","null","null",3,18.51474,3.3814778,-1.1971784,0.6376136,-2.9699712,-16731116
86,85,87,88,"null","null","null",2,18.51474,3.7952118,-0.3955186,0.6459114,-2.2791743,-12486656
92,82,93,98,"null","null","null",4,18.51474,1.7788337,-2.8520756,3.2712216,-0.40147883,-16731116
93,92,94,97,"null","null","null",3,18.51474,0.64112616,-3.7314672,2.5607424,-0.6642306,-16731116
94,93,95,96,"null","null","null",2,18.51474,0.5042381,-3.7907987,2.0102248,-1.4433541,-16731116
99,81,100,103,"null","null","null",3,9.25737,2.361208,-0.66485816,3.8027484,-0.79509425,-16731116
100,99,101,102,"null","null","null",2,9.25737,1.7788337,-1.9610533,3.6551347,-0.55929923,-16731116
104,2,105,110,"null","null","null",5,13.561802,1.6749347,-2.9612656,3.1863737,-0.35959697,-16731116
105,104,106,109,"null","null","null",3,13.561802,0.52728057,-3.767137,2.4522865,-0.665,-16731116
106,105,107,108,"null","null","null",2,13.561802,0.5235969,-3.756458,1.9383984,-1.6186465,-16731116
110,104,111,112,"null","null","null",2,13.561802,3.4248672,-0.27500108,2.4441621,-1.5045799,-16731116
113,1,114,125,"null","null","null",8,17.522251,2.633125,-1.3385797,3.4931793,-0.76705194,-16731116
114,113,115,124,"null","null","null",6,17.522251,1.6917278,-2.7538266,3.1863737,-0.5755013,-16731116
115,114,116,123,"null","null","null",5,17.522251,0.52728057,-3.4974663,2.4522865,-1.0443957,-16731116
116,115,117,122,"null","null","null",4,17.522251,0.5235969,-3.405886,1.9383984,-2.6072884,-16731116
117,116,118,121,"null","null","null",3,17.522251,0.65809244,-2.7521262,0.8675197,-3.6251016,-16731116
118,117,119,120,"null","null","null",2,17.522251,1.0880251,-2.1365547,0.46288556,-3.8261662,-16731116
125,113,126,127,"null","null","null",2,17.522251,3.7952118,-0.70525885,0.55373955,-2.2791753,-16731116
128,0,129,142,"null","null","null",8,17.522251,3.2806249,-0.28912875,2.9929996,-1.40528,-16731116
129,128,130,137,"null","null","null",7,17.522251,2.6202073,-1.4981482,3.4931793,-0.34808034,-16731116
130,129,131,136,"null","null","null",4,17.522251,1.6917278,-2.9612656,3.1863737,-0.5755013,-16731116
131,130,132,135,"null","null","null",3,17.522251,0.52728057,-3.767137,2.4522865,-0.665,-16731116
132,131,133,134,"null","null","null",2,17.522251,0.5235969,-3.756458,1.9383984,-1.6186465,-16731116
137,129,138,141,"null","null","null",3,17.522251,3.766147,-0.70525885,1.2371379,-2.2791753,-16731116
138,137,139,140,"null","null","null",2,17.522251,3.4248672,-0.60428894,2.4441621,-1.5045799,-16731116
