index,parent,child1,child2,name1,name2,common,richness,lengthbr,hxmax,hxmin,hymax,hymin,color
0,-268194776,1,52,"null","null","null",28,13.394266,2.1293314,-2.3054051,0.6001805,-3.6629992,-16731116
1,0,2,37,"","null","Elaenias",26,13.394266,3.3135464,-1.0703793,0.6376136,-3.1602035,-16731116
2,1,3,34,"null","null","null",18,11.722465,3.706901,-0.3955186,1.699193,-2.526476,-16731116
3,2,4,33,"null","null","null",16,10.304825,3.3478467,-0.60428905,3.0448327,-1.5045791,-16731116
4,3,5,28,"null","null","null",15,8.830011,2.6858687,-1.1974933,3.6646101,-0.32388222,-16731116
5,4,6,27,"null","null","null",12,7.8860283,1.7788329,-2.6534781,3.4755545,-0.55929935,-16731116
6,5,7,20,"null","null","null",11,7.037405,0.5617593,-3.4732897,2.8263755,-0.751807,-16731116
7,6,8,17,"null","null","null",7,4.0363407,0.50423837,-3.4551668,2.1206777,-2.2960882,-16731116
8,7,9,16,"null","null","null",5,2.9852052,0.6527481,-2.8342924,0.979166,-3.3252807,-16731116
9,8,10,15,"null","null","null",4,2.4609923,2.0262957,-2.190555,0.4410565,-3.5286388,-16731116
10,9,11,14,"null","null","null",3,2.0447903,3.2790914,-1.3026721,0.6278838,-3.022941,-16731116
11,10,12,13,"null","null","null",2,1.5811142,3.7626123,-0.371992,0.6527467,-2.3134387,-16731116
17,7,18,19,"null","null","null",2,3.3496492,1.8611649,-1.7914449,3.7111757,-0.44286114,-16731116
20,6,21,24,"null","null","null",4,5.002781,2.7051477,-0.47382355,3.7909288,-0.8210838,-16731116
21,20,22,23,"null","null","null",2,4.1471443,1.8611649,-1.7914449,3.7111757,-0.54197514,-16731116
24,20,25,26,"null","null","null",2,1.3661512,3.7190466,-0.767051,0.4290241,-2.34082,-16731116
28,4,29,32,"null","null","null",3,2.6815279,3.790333,-0.7370663,1.0472718,-2.3134398,-16731116
29,28,30,31,"null","null","null",2,0.8975062,3.5116968,-0.5905179,2.2880588,-1.6001878,-12486656
34,2,35,36,"null","null","null",2,9.082382,0.9093985,-2.1905575,0.6366799,-3.827052,-16731116
37,1,38,51,"null","null","null",8,11.346306,0.4220507,-2.9853177,0.97917,-3.3252778,-16731116
38,37,39,48,"null","null","null",7,10.38736,2.0426931,-2.3868856,0.4410556,-3.5286388,-16731116
39,38,40,45,"null","null","null",5,6.5135155,3.300412,-1.1514426,0.6278834,-3.022943,-16731116
40,39,41,44,"null","null","null",3,5.5199966,3.790333,-0.37199104,1.0472718,-2.3134398,-16731116
41,40,42,43,"null","null","null",2,2.4668758,3.5116968,-0.5905179,2.2880588,-1.6001878,-16731116
45,39,46,47,"null","null","null",2,3.0117435,0.33095637,-2.9852285,1.0892012,-3.0051725,-16731116
48,38,49,50,"null","null","null",2,1.8722086,0.562398,-3.8140666,2.0763648,-1.2662427,-16731116
52,0,53,54,"null","null","null",2,3.3808832,0.52348095,-3.7907996,2.0102258,-1.4433501,-16731116
