index,parent,child1,child2,name1,name2,common,richness,lengthbr,hxmax,hxmin,hymax,hymin,color
0,-268317680,1,126,"null","null","null",78,10.813646,3.1663113,-0.6278832,3.1648693,-1.1166797,-16731116
1,0,2,101,"null","null","null",63,10.639745,2.4998183,-1.5127466,3.6141295,-0.37199056,-16731116
2,1,3,80,"null","null","null",50,10.567537,1.5333146,-2.8931777,3.2826333,-0.59051764,-16731116
3,2,4,43,"null","null","null",39,9.090929,0.3728478,-3.57267,2.5859394,-1.087885,-16731116
4,3,5,24,"null","null","null",20,8.611263,0.5419747,-3.4274406,1.8248582,-2.5897264,-16731116
5,4,6,23,"null","null","null",10,5.794524,0.66192496,-2.7686582,0.7546901,-3.4965997,-16731116
6,5,7,20,"null","null","null",9,5.4326606,2.1597412,-2.2165523,0.48397422,-3.5703678,-16731116
7,6,8,19,"null","null","null",7,4.353306,3.2514307,-1.0891994,0.64591277,-3.008696,-16731116
8,7,9,14,"null","null","null",6,3.8440516,3.5280137,-0.41857076,1.8652986,-2.3703573,-16731116
9,8,10,13,"null","null","null",3,0.82765096,3.0657103,-0.61676085,3.166747,-1.4052767,-16731116
10,9,11,12,"null","null","null",2,0.23574317,2.3408196,-0.65809155,3.7190475,-0.34808123,-16731116
14,8,15,18,"null","null","null",3,3.2353327,1.7924259,-2.1365538,0.60018003,-3.6229587,-16731116
15,14,16,17,"null","null","null",2,3.1670573,2.8755686,-1.1971772,0.63761365,-3.1081505,-16731116
20,6,21,22,"null","null","null",2,1.8314927,0.48358285,-3.7564573,1.9383985,-1.6186471,-11184866
24,4,25,38,"null","null","null",10,7.273401,1.5297087,-2.7538254,3.3983066,-0.35959655,-16731116
25,24,26,35,"null","null","null",7,6.551113,0.3384865,-3.4974654,2.727799,-1.0443956,-16731116
26,25,27,32,"null","null","null",5,3.8889356,0.5235968,-3.4058852,2.0181658,-2.6072886,-16731116
27,26,28,31,"null","null","null",3,1.8289186,0.6580924,-2.7521253,0.867519,-3.6251023,-16731116
28,27,29,30,"null","null","null",2,1.3355013,1.0880269,-2.1365538,0.46288577,-3.8261664,-12486656
32,26,33,34,"null","null","null",2,1.2935561,1.7788353,-1.9610502,3.6551359,-0.40147904,-16731116
35,25,36,37,"null","null","null",2,2.2168245,2.3612075,-0.41842124,3.6646893,-0.7950944,-16731116
38,24,39,42,"null","null","null",3,3.9353874,3.0981078,-0.27500102,3.0448914,-1.5045819,-16731116
39,38,40,41,"null","null","null",2,1.6841776,2.3612075,-0.66192454,3.6646893,-0.32388148,-12486656
43,3,44,67,"null","null","null",19,8.256772,2.590636,-1.3802794,3.4508257,-0.7670516,-16731116
44,43,45,66,"","null","Flickers and other woodpeckers",12,5.5748506,1.6917281,-2.8080366,3.1313145,-0.5755012,-16731116
45,44,46,65,"null","null","null",11,4.901333,0.5272817,-3.5679398,2.3807092,-0.95190215,-16731116
46,45,47,58,"null","null","null",10,4.130925,0.5235968,-3.4975019,1.7993804,-2.4870472,-16731116
47,46,48,53,"null","null","null",6,3.933978,0.6580924,-2.8712268,0.6457026,-3.4687886,-16731116
48,47,49,52,"null","null","null",3,2.4749348,1.7924259,-2.1365538,0.46288577,-3.6229587,-16731116
49,48,50,51,"null","null","null",2,1.5808994,2.8755686,-1.1971772,0.63761365,-3.1081505,-16731116
53,47,54,57,"null","null","null",3,2.6846647,0.86650527,-3.7314665,2.5607443,-0.38339564,-16731116
54,53,55,56,"null","null","null",2,1.3406347,0.5042378,-3.7907991,2.010226,-1.4433506,-16731116
58,46,59,62,"null","null","null",4,3.5289102,1.7948534,-2.6272726,3.1628685,-0.40147904,-16731116
59,58,60,61,"null","null","null",2,2.9341877,0.641129,-3.4392254,2.4198835,-0.6642305,-16731116
62,58,63,64,"null","null","null",2,2.0057194,3.5116992,-0.3173806,2.288054,-1.6001905,-16731116
67,43,68,79,"null","null","null",7,5.7818317,3.6996105,-0.705259,1.7809273,-2.2791758,-16731116
68,67,69,76,"null","null","null",6,4.69696,3.3383706,-0.6042887,3.1510901,-1.4209453,-16731116
69,68,70,73,"null","null","null",4,4.46504,2.673549,-0.6648546,3.8027482,-0.32388148,-16731116
70,69,71,72,"null","null","null",2,1.5704998,1.7788353,-1.9610502,3.6551359,-0.5592989,-16731116
73,69,74,75,"null","null","null",2,1.6870456,3.76261,-0.7370672,0.4390186,-2.3134408,-16731116
76,68,77,78,"null","null","null",2,1.541959,2.7384934,-1.3026797,0.30320084,-3.2226985,-16731116
80,2,81,92,"null","null","null",11,8.898924,3.2905617,-0.2891289,2.9929993,-1.2264589,-16731116
81,80,82,89,"null","null","null",6,7.8823633,2.6331253,-1.4981474,3.4931793,-0.34808022,-16731116
82,81,83,88,"null","null","null",4,5.0870414,1.6917281,-2.9612648,3.1863742,-0.5755012,-16731116
83,82,84,87,"","null","Flamebacks",3,4.5040956,0.5272817,-3.7671363,2.4522867,-0.665,-16731116
84,83,85,86,"null","null","null",2,1.7519068,0.5235968,-3.7564573,1.9383985,-1.6186471,-16731116
89,81,90,91,"null","null","null",2,2.6560183,3.795211,-0.705259,0.5537361,-2.2791758,-16731116
92,80,93,100,"null","null","null",5,7.04319,3.1657686,-1.1971815,0.31716168,-2.9699733,-16731116
93,92,94,99,"null","null","null",4,5.2033005,3.514793,-0.3955179,1.6992358,-2.2791758,-16731116
94,93,95,98,"null","null","null",3,3.7546885,3.0981078,-0.6042887,3.0448914,-1.5045819,-16731116
95,94,96,97,"null","null","null",2,1.5050244,2.3612075,-0.66192454,3.6646893,-0.32388148,-16731116
101,1,102,125,"null","null","null",13,7.168402,3.6272292,-0.67175275,1.7316434,-2.238161,-16731116
102,101,103,122,"null","null","null",12,6.470836,3.1946921,-0.6167603,2.9929993,-1.2878731,-16731116
103,102,104,115,"null","null","null",10,5.07384,2.5084949,-1.3260034,3.4931793,-0.34808022,-16731116
104,103,105,112,"null","null","null",6,4.113807,1.6749359,-2.7374778,3.1863742,-0.5755012,-16731116
105,104,106,111,"null","null","null",4,2.7750487,0.5272817,-3.4762132,2.4522867,-0.8165151,-16731116
106,105,107,110,"null","null","null",3,1.0786779,0.5235968,-3.3782573,1.9383985,-2.311044,-16731116
107,106,108,109,"null","null","null",2,1.0786779,0.6580924,-2.716209,0.867519,-3.2399843,-16731116
112,104,113,114,"null","null","null",2,1.5873164,3.4248688,-0.27500102,2.444159,-1.5045819,-16731116
115,103,116,121,"null","null","null",4,2.810235,3.514793,-0.705259,1.6992358,-2.2791758,-16731116
116,115,117,120,"null","null","null",3,2.1445036,3.0981078,-0.6042887,3.0448914,-1.5045819,-16731116
117,116,118,119,"null","null","null",2,1.1022159,2.3612075,-0.66192454,3.6646893,-0.32388148,-16731116
122,102,123,124,"null","null","null",2,1.2372531,2.8755634,-1.1971815,0.31716168,-3.1081553,-16731116
126,0,127,148,"null","null","null",15,9.428582,3.378595,-0.92879295,0.3309561,-2.9070082,-16731116
127,126,128,147,"null","null","null",11,7.4109864,3.6933315,-0.4185698,1.7065823,-2.238161,-16731116
128,127,129,144,"null","null","null",10,5.5101504,3.2806253,-0.6167603,2.9604197,-1.2878731,-16731116
129,128,130,137,"null","null","null",8,4.210614,2.620208,-1.3545772,3.4508257,-0.34808022,-16731116
130,129,131,134,"null","null","null",4,2.9704924,1.6749359,-2.7746239,3.1313145,-0.5755012,-16731116
131,130,132,133,"null","null","null",2,2.4622383,0.5272817,-3.5245032,2.3807092,-0.665,-16731116
134,130,135,136,"null","null","null",2,1.4106097,3.4248688,-0.27500102,2.444159,-1.5045819,-16731116
137,129,138,141,"null","null","null",4,3.33997,3.7661476,-0.705259,1.2371341,-2.5264778,-16731116
138,137,139,140,"null","null","null",2,2.363942,3.4248688,-0.6042887,2.444159,-1.5045819,-16731116
141,137,142,143,"null","null","null",2,2.4902792,0.9093931,-2.1905591,0.63668096,-3.827052,-16731116
144,128,145,146,"null","null","null",2,1.8009741,2.8755634,-1.1971815,0.31716168,-3.1081553,-16731116
148,126,149,152,"null","null","null",4,6.077651,0.35782874,-2.752129,0.90259826,-3.6250997,-16731116
149,148,150,151,"null","null","null",2,3.9633336,1.0880196,-2.1365566,0.4628849,-3.8261666,-16731116
152,148,153,154,"null","null","null",2,2.3005702,0.8665061,-3.439223,2.4198875,-0.38339514,-16731116
