index,parent,child1,child2,name1,name2,common,richness,lengthbr,hxmax,hxmin,hymax,hymin,color
0,-268115899,1,76,"null","null","null",56,14.536652,0.5419747,-3.3934488,1.7067711,-2.5897264,-16731116
1,0,2,67,"null","null","null",38,13.136324,0.6764475,-2.7244692,0.64476854,-3.4965997,-16731116
2,1,3,54,"null","null","null",33,13.136324,2.262085,-2.0607424,0.48397422,-3.5703678,-16731116
3,2,4,29,"null","null","null",26,13.136324,3.3844776,-0.93958056,0.64591277,-3.008696,-16731116
4,3,5,24,"null","null","null",13,13.136324,3.7009745,-0.41857076,1.7316486,-2.3703573,-16731116
5,4,6,19,"null","null","null",10,13.136324,3.2905593,-0.61676085,2.993002,-1.2264546,-16731116
6,5,7,16,"null","null","null",7,13.136324,2.6331234,-1.4981532,3.4931788,-0.34808123,-16731116
7,6,8,13,"null","null","null",5,13.136324,1.6749309,-2.961269,3.1863706,-0.5755019,-16731116
8,7,9,12,"null","null","null",3,13.136324,0.52727723,-3.7671375,2.4522824,-0.665,-12486656
9,8,10,11,"null","null","null",2,13.136324,0.5235976,-3.756456,1.9383955,-1.6186541,-12486656
13,7,14,15,"null","null","null",2,13.136324,3.4248652,-0.2750016,2.4441652,-1.5045781,-16731116
16,6,17,18,"null","null","null",2,13.136324,3.7952123,-0.70525765,0.55374324,-2.2791743,-16731116
19,5,20,23,"null","null","null",3,13.136324,3.3814788,-1.1971772,0.31716225,-2.9699712,-12486656
20,19,21,22,"null","null","null",2,13.136324,3.7952123,-0.39551884,0.64591134,-2.2791743,-12486656
24,4,25,28,"null","null","null",3,13.136324,1.7924259,-2.1365538,0.60018003,-3.6229587,-16731116
25,24,26,27,"null","null","null",2,13.136324,2.8755686,-1.1971772,0.63761365,-3.1081505,-16731116
29,3,30,49,"null","null","null",13,13.136324,0.44188523,-2.8712268,0.90259767,-3.4703047,-12486656
30,29,31,48,"null","null","null",10,13.136324,2.0156596,-2.1365538,0.46288577,-3.6249294,-12486656
31,30,32,47,"null","null","null",9,13.136324,3.1657724,-1.1971772,0.63761365,-3.1107125,-12486656
32,31,33,42,"null","null","null",8,13.136324,3.5147939,-0.39551884,1.780933,-2.4621382,-12486656
33,32,34,39,"null","null","null",5,13.136324,3.0981069,-0.6042892,3.151094,-1.4209399,-11184866
34,33,35,38,"null","null","null",3,13.136324,2.361207,-0.6648622,3.8027487,-0.32388246,-11184866
35,34,36,37,"null","null","null",2,13.136324,1.7788317,-1.9610568,3.6551337,-0.5592996,-3014646
39,33,40,41,"null","null","null",2,13.136324,2.7384992,-1.3026755,0.30320144,-3.2226942,-11513776
42,32,43,46,"null","null","null",3,13.136324,1.6104532,-2.1905565,0.63667953,-3.6822941,-12486656
43,42,44,45,"null","null","null",2,13.136324,2.7384992,-1.3026755,0.6278835,-3.2226942,-12486656
49,29,50,53,"null","null","null",3,13.136324,0.86650527,-3.7314665,2.5607443,-0.38339564,-16731116
50,49,51,52,"null","null","null",2,13.136324,0.5042378,-3.7907991,2.010226,-1.4433506,-16731116
54,2,55,62,"null","null","null",7,13.136324,0.48358285,-3.4058852,1.7993804,-2.4870472,-16731116
55,54,56,61,"null","null","null",4,13.136324,0.6580924,-2.7521253,0.867519,-3.4687886,-16731116
56,55,57,60,"null","null","null",3,13.136324,1.7924259,-2.1365538,0.46288577,-3.6229587,-16731116
57,56,58,59,"null","null","null",2,13.136324,2.8755686,-1.1971772,0.63761365,-3.1081505,-12486656
62,54,63,66,"null","null","null",3,13.136324,1.7788353,-2.6272726,3.1628685,-0.40147904,-16731116
63,62,64,65,"null","null","null",2,13.136324,0.641129,-3.4392254,2.4198835,-0.6642305,-16731116
67,1,68,73,"null","null","null",5,13.136324,0.84491944,-3.4762132,2.727799,-0.8165151,-16731116
68,67,69,72,"null","null","null",3,13.136324,0.5235968,-3.3782573,1.9383985,-2.311044,-16731116
69,68,70,71,"null","null","null",2,13.136324,0.6580924,-2.716209,0.867519,-3.2399843,-16731116
73,67,74,75,"null","null","null",2,13.136324,2.3612075,-0.41842124,3.6646893,-0.7950944,-12486656
76,0,77,102,"null","null","null",18,10.437927,1.5297087,-2.8129447,3.1326106,-0.35959655,-12486656
77,76,78,101,"","null","Snouted Frogs",13,9.262737,0.5272817,-3.5743203,2.382394,-0.9035219,-12486656
78,77,79,90,"null","null","null",12,9.262737,0.5235968,-3.5057967,1.8475379,-2.4241529,-12486656
79,78,80,89,"null","null","null",6,9.262737,0.6580924,-2.88201,0.867519,-3.3870258,-12486656
80,79,81,86,"null","null","null",5,9.262737,2.1815877,-2.3054042,0.46288577,-3.516667,-12486656
81,80,82,85,"null","null","null",3,9.262737,3.3814788,-1.1971772,0.63761365,-2.9699712,-12486656
82,81,83,84,"null","null","null",2,9.262737,3.7952123,-0.39551884,0.64591134,-2.2791743,-12486656
86,80,87,88,"null","null","null",2,9.262737,0.52348053,-3.7907991,2.010226,-1.4433506,-12486656
90,78,91,96,"null","null","null",6,9.262737,1.6207669,-2.8520734,3.2712228,-0.40147904,-12486656
91,90,92,95,"null","null","null",3,9.262737,0.641129,-3.7314665,2.5607443,-0.6642305,-11184866
92,91,93,94,"null","null","null",2,9.262737,0.5042378,-3.7907991,2.010226,-1.4433506,-8572416
96,90,97,100,"null","null","null",3,9.262737,3.1200044,-0.3173806,2.9140122,-1.6001905,-12486656
97,96,98,99,"null","null","null",2,9.262737,2.3745215,-0.66423035,3.5997562,-0.41359985,-12486656
102,76,103,108,"null","null","null",5,5.812123,3.0981078,-0.27500102,3.1510901,-1.4209453,-12486656
103,102,104,107,"null","null","null",3,5.812123,2.3612075,-0.6648546,3.8027482,-0.32388148,-16731116
104,103,105,106,"null","null","null",2,5.812123,1.7788353,-1.9610502,3.6551359,-0.5592989,-16731116
108,102,109,110,"null","null","null",2,5.812123,2.7384934,-1.3026797,0.30320084,-3.2226985,-8572416
