index,parent,child1,child2,name1,name2,common,richness,lengthbr,hxmax,hxmin,hymax,hymin,color
0,-268142582,1,48,"null","null","null",27,11.9,0.44286656,-3.492911,1.7062032,-2.5731764,-16731116
1,0,2,43,"null","null","null",24,11.9,0.6619247,-2.8537707,0.52233005,-3.4750946,-16731116
2,1,3,30,"null","null","null",21,11.9,2.1597278,-2.0607517,0.48397225,-3.5424194,-16731116
3,2,4,21,"null","null","null",14,11.9,3.2514234,-0.8866574,0.645912,-2.9723659,-12486656
4,3,5,14,"null","null","null",9,11.9,3.5280132,-0.41856855,1.9146957,-2.3231235,-12486656
5,4,6,11,"null","null","null",5,11.9,3.0657144,-0.61675966,3.2309725,-1.28788,-12486656
6,5,7,10,"null","null","null",3,11.9,2.3408225,-0.8562454,3.8025503,-0.34807888,-16731116
7,6,8,9,"null","null","null",2,11.9,1.691733,-2.1267972,3.5885596,-0.57550037,-16731116
11,5,12,13,"null","null","null",2,11.9,2.875558,-1.1971854,0.3171609,-3.10816,-11184866
14,4,15,20,"null","null","null",4,11.9,2.1815753,-2.1365585,0.6001837,-3.5166683,-12486656
15,14,16,19,"null","null","null",3,11.9,3.381471,-1.1971854,0.63761294,-2.969976,-12486656
16,15,17,18,"null","null","null",2,11.9,3.7952101,-0.39551693,0.64591193,-2.2791777,-12486656
21,3,22,27,"null","null","null",5,11.9,0.35782802,-2.7521324,0.9025992,-3.4687867,-16731116
22,21,23,26,"null","null","null",3,11.9,1.7924114,-2.1365585,0.462884,-3.6229634,-16731116
23,22,24,25,"null","null","null",2,11.9,2.875558,-1.1971854,0.63761294,-3.10816,-12486656
27,21,28,29,"null","null","null",2,11.9,0.86650693,-3.4392195,2.4198937,-0.38339463,-16731116
30,2,31,38,"null","null","null",7,11.9,0.48358673,-3.4058897,1.799391,-2.487039,-16731116
31,30,32,37,"null","null","null",4,11.9,0.658092,-2.7521324,0.8675277,-3.4687867,-16731116
32,31,33,36,"null","null","null",3,11.9,1.7924114,-2.1365585,0.462884,-3.6229634,-16731116
33,32,34,35,"null","null","null",2,11.9,2.875558,-1.1971854,0.63761294,-3.10816,-16731116
38,30,39,42,"null","null","null",3,11.9,1.7788415,-2.627261,3.162878,-0.40148243,-16731116
39,38,40,41,"null","null","null",2,11.9,0.6411381,-3.439218,2.4198961,-0.66423047,-16731116
43,1,44,47,"null","null","null",3,11.9,0.8449216,-3.7671342,2.4522963,-0.3955609,-16731116
44,43,45,46,"null","null","null",2,11.9,0.5235953,-3.756461,1.9384048,-1.6186329,-16731116
48,0,49,52,"null","null","null",3,11.9,1.691736,-2.7746105,3.1313152,-0.3596006,-16731116
49,48,50,51,"null","null","null",2,11.9,0.5272925,-3.5244956,2.3807096,-0.665,-16731116
