index,parent,child1,child2,name1,name2,common,richness,lengthbr,hxmax,hxmin,hymax,hymin,color
0,-268435320,1,51,"null","null","null",4975,215.70001,2.875268,-0.6527474,3.3900354,-0.79979974,-12486656
1,0,2,40,"Neobatrachia","null","Neobatrachia 'New Frogs'",4834,160.90001,2.243817,-1.9450088,3.6128316,-0.44105375,-12486656
2,1,3,37,"null","null","null",4828,155.3,1.1615324,-3.1734314,3.132397,-0.6278824,-12486656
3,2,4,28,"null","null","null",2915,152.5,0.37198886,-3.6252675,2.455727,-1.5125303,-12486656
4,3,5,20,"null","null","null",2910,141.9,0.59051657,-3.297117,1.5165588,-2.8929026,-12486656
5,4,6,9,"null","null","null",2783,63.2,1.0875975,-2.6047673,0.3917377,-3.5723202,-12486656
6,5,7,-268361728,"null","null","null",2777,63.182823,2.589358,-1.8086092,0.5419735,-3.4269915,-12486656
7,6,8,-268342272,"null","null","null",1998,60.56312,3.496128,-0.67204565,0.6619248,-2.768075,-12486656
8,7,-268396544,-268340224,"null","null","null",1977,60.479065,3.569761,-0.48397276,2.2360032,-2.0714579,-12486656
9,5,10,17,"null","null","null",6,14.275596,0.7670537,-3.4931808,2.6331277,-1.4981389,-16731116
10,9,11,16,"null","null","null",4,14.275596,0.57550037,-3.1863794,1.691733,-2.961259,-12486656
11,10,12,15,"null","null","null",3,14.275596,0.665,-2.4522934,0.52728754,-3.767135,-12486656
12,11,13,14,"null","null","null",2,14.275596,1.6186374,-1.9384029,0.52359575,-3.7564597,-12486656
17,9,18,19,"null","null","null",2,14.275596,2.2791777,-0.5537266,3.79521,-0.7052609,-16731116
20,4,-268411904,21,"","null","Gastric-brooding Frogs, Toadlets and more",127,124.4,1.226465,-3.086585,3.252848,-0.2891279,-16731116
21,20,22,27,"CALYPTOCEPHALELLIDAE","null","null",4,35.600403,2.9699764,-0.3171609,3.3591166,-1.1971865,-8572416
22,21,23,26,"null","null","null",3,28.212652,2.2791781,-1.237122,3.7661502,-0.39551675,-8572416
23,22,24,25,"null","null","null",2,17.800201,1.5045881,-2.4441488,3.4248753,-0.6042879,-8572416
28,3,29,36,"SOOGLOSSIDAE","null","Purple Frog, Seychelles Palm Frog and more",5,96.2,2.238164,-1.865281,3.5280137,-0.6717552,-11184866
29,28,30,33,"null","null","null",4,82.86217,1.2878828,-3.166734,3.0657148,-0.61675954,-11184866
30,29,31,32,"null","null","null",2,41.431084,0.34807852,-3.7190418,2.3408225,-0.6580921,-11184866
33,29,34,35,"null","null","null",2,41.431084,3.1081638,-0.3171607,2.875554,-1.1971881,-11184866
37,2,38,-268409856,"null","null","null",1913,138.39574,3.0079136,-0.33095512,3.365131,-0.9287938,-16731116
38,37,39,-268343296,"","null","True Frogs, Shrub Frogs and more",1167,81.7,2.3693352,-1.8165414,3.6758342,-0.41856837,-12486656
39,38,-268433408,-268341248,"null","null","null",1116,78.1,1.2264667,-3.1033735,3.2578819,-0.6167594,-12486656
40,1,41,48,"","null","Ghost Frogs",6,33.973274,3.492148,-0.56240153,2.279299,-2.216562,-12486656
41,40,42,47,"null","null","null",4,33.973274,2.9070134,-0.64591193,3.4068668,-1.0892115,-12486656
42,41,43,46,"null","null","null",3,33.973274,2.2381644,-1.4250932,3.7300913,-0.4185682,-12486656
43,42,44,45,"null","null","null",2,33.973274,1.4052893,-2.5944912,3.3284168,-0.6167594,-11184866
48,40,49,50,"null","null","null",2,33.973274,1.6186295,-1.938406,0.4835871,-3.7564616,-11184866
51,0,52,165,"","null","Spadefoot Toads, Asian Horned Frogs and more",141,159.7,3.5046983,-0.8857584,0.66498864,-2.7339177,-12486656
52,51,53,158,"null","null","null",131,119.399994,3.5809042,-0.48397225,2.2471943,-2.060753,-12486656
53,52,54,-268397568,"MEGOPHRYIDAE","null","Karin Hills Frogs, Asian Horned Frogs and more",127,65.1,3.0223966,-0.64591193,3.3651307,-0.89338964,-12486656
54,53,55,125,"null","null","null",83,59.448547,2.3881626,-1.7906549,3.6758344,-0.4185682,-12486656
55,54,56,92,"null","null","null",66,56.414627,1.2656739,-3.0697215,3.2578828,-0.6167594,-12486656
56,55,-268362752,57,"null","null","null",49,56.414627,0.34807813,-3.592927,2.5906405,-1.343868,-12486656
57,56,58,77,"null","null","null",18,39.505726,2.4650185,-1.6061726,3.6996098,-0.7052618,-12486656
58,57,59,72,"null","null","null",10,39.505726,1.3321747,-2.9239163,3.3383741,-0.6042876,-12486656
59,58,60,69,"null","null","null",7,39.505726,0.3238794,-3.5074313,2.6735523,-1.3502439,-11184866
60,59,61,66,"null","null","null",5,39.505726,0.55929744,-3.2712297,1.7948636,-2.8520634,-11184866
61,60,62,65,"null","null","null",3,39.505726,0.66423047,-2.5607533,0.6411383,-3.731463,-8572416
62,61,63,64,"null","null","null",2,39.505726,1.4433353,-2.010232,0.50423604,-3.7908015,-11513776
66,60,67,68,"null","null","null",2,39.505726,1.6001978,-2.2880409,3.5117064,-0.31738424,-11184866
69,59,70,71,"null","null","null",2,39.505726,2.3134434,-0.43901777,3.762607,-0.73706996,-11184866
72,58,73,76,"null","null","null",3,39.505726,3.0229487,-0.30319965,3.2790754,-1.3026878,-12486656
73,72,74,75,"null","null","null",2,39.505726,2.3134437,-0.65274763,3.7626066,-0.37198845,-11184866
77,57,78,91,"null","null","null",8,39.505726,3.6887572,-0.6366839,2.0426807,-2.1905627,-12486656
78,77,79,86,"null","null","null",7,39.505726,3.2311008,-0.62788236,3.3004057,-1.1166894,-12486656
79,78,80,83,"null","null","null",4,39.505726,2.5840416,-1.0472484,3.7903361,-0.37198845,-12486656
80,79,81,82,"null","null","null",2,39.505726,1.6001993,-2.2880385,3.5117075,-0.5905162,-8572416
83,79,84,85,"null","null","null",2,39.505726,3.8167186,-0.671756,0.7310486,-2.2381651,-12486656
86,78,87,90,"null","null","null",3,39.505726,3.4735022,-1.0892124,0.33095488,-2.907014,-12486656
87,86,88,89,"null","null","null",2,39.505726,3.8167186,-0.41856796,0.7310486,-2.2381651,-12486656
92,55,93,124,"null","null","null",17,38.013405,3.0581908,-0.3171605,3.1657617,-1.1971898,-12486656
93,92,94,115,"null","null","null",16,38.013405,2.3938556,-1.6061716,3.5147917,-0.39551604,-12486656
94,93,95,106,"null","null","null",11,38.013405,1.3321753,-2.9239159,3.098111,-0.6042875,-12486656
95,94,96,105,"null","null","null",6,38.013405,0.32387918,-3.507431,2.3612099,-1.350242,-12486656
96,95,97,102,"null","null","null",5,38.013405,0.5592972,-3.271231,1.7948654,-2.852062,-12486656
97,96,98,101,"null","null","null",3,38.013405,0.66423035,-2.5607548,0.64114,-3.7314625,-12486656
98,97,99,100,"null","null","null",2,38.013405,1.4433327,-2.010233,0.50423574,-3.7908022,-11184866
102,96,103,104,"null","null","null",2,38.013405,1.6001993,-2.2880385,3.5117075,-0.3173849,-12486656
106,94,107,112,"null","null","null",5,38.013405,3.0229487,-0.30319953,3.300405,-1.1514587,-11184866
107,106,108,111,"null","null","null",3,38.013405,2.313444,-1.0472472,3.790336,-0.37198827,-11184866
108,107,109,110,"null","null","null",2,38.013405,1.6002,-2.2880378,3.5117078,-0.5905161,-11184866
112,106,113,114,"null","null","null",2,38.013405,3.0051584,-1.0892134,0.33095476,-2.9852433,-8572416
115,93,116,123,"null","null","null",5,38.013405,3.52864,-0.6366841,2.0426793,-2.190563,-11184866
116,115,117,122,"null","null","null",4,38.013405,3.0229487,-0.62788224,3.300405,-1.3026884,-11184866
117,116,118,121,"null","null","null",3,38.013405,2.313444,-1.0472472,3.790336,-0.37198827,-11184866
118,117,119,120,"null","null","null",2,38.013405,1.6002,-2.2880378,3.5117078,-0.5905161,-11184866
125,54,126,149,"null","null","null",17,59.448547,3.6630027,-0.60018456,2.015643,-2.1562457,-16731116
126,125,127,142,"null","null","null",12,33.34015,3.160212,-0.63761264,3.1657617,-1.0032711,-16731116
127,126,128,139,"null","null","null",8,27.9,2.5264833,-1.5568542,3.5147917,-0.39551604,-12486656
128,127,129,138,"","null","Asian Horned Frogs",6,24.040152,1.5045912,-2.8598032,3.098111,-0.6042875,-12486656
129,128,130,137,"null","null","null",5,24.040152,0.32387918,-3.4240847,2.3612099,-1.1773154,-16731116
130,129,131,134,"null","null","null",4,24.040152,0.5592972,-3.1628804,1.7948654,-2.6272573,-16731116
131,130,132,133,"null","null","null",2,24.040152,0.66423035,-2.4198992,0.64114,-3.4392164,-16731116
134,130,135,136,"null","null","null",2,24.040152,1.6001993,-2.2880385,3.5117075,-0.3173849,-16731116
139,127,140,141,"null","null","null",2,9.3,3.827052,-0.6366841,0.9093783,-2.190563,-16777216
142,126,143,146,"null","null","null",4,18.6,3.554819,-0.9169636,0.3445285,-2.834304,-16731116
143,142,144,145,"null","null","null",2,9.3,3.827052,-0.44105333,0.9093783,-2.190563,-16731116
146,142,147,148,"null","null","null",2,9.3,0.3708,-2.5711937,0.88575876,-3.34425,-11513776
149,125,150,157,"","null","Karin Hills Frogs",5,21.593931,2.3869941,-2.0102332,0.52348495,-3.455174,-16731116
150,149,151,156,"null","null","null",4,21.593931,3.4434726,-0.9791815,0.6527473,-2.834304,-12486656
151,150,152,155,"null","null","null",3,21.593931,3.6823015,-0.44105333,1.6104301,-2.190563,-16731116
152,151,153,154,"null","null","null",2,21.593931,3.2227087,-0.62788224,2.7384808,-1.3026884,-16731116
158,52,159,164,"","null","European Spadefoot Toads",4,33.899296,2.6072752,-1.938406,0.4835871,-3.4058914,-12486656
159,158,160,163,"null","null","null",3,33.899296,3.6250954,-0.8675306,0.658092,-2.7521348,-12486656
160,159,161,162,"null","null","null",2,33.899296,3.8261669,-0.46288353,1.088006,-2.1365604,-11184866
165,51,166,179,"null","null","null",10,154.20001,0.9518907,-2.7891622,0.8449216,-3.4974647,-16731116
166,165,167,174,"SCAPHIOPODIDAE","null","American Spadefoot Toads",7,58.4,2.4870386,-1.7993928,0.5235951,-3.4058914,-16731116
167,166,168,173,"","null","Western Spadefoot Toads",4,41.605,3.4687877,-0.8675306,0.658092,-2.7521348,-16731116
168,167,169,172,"null","null","null",3,41.605,3.6229668,-0.46288353,1.7924047,-2.1365604,-16731116
169,168,170,171,"null","null","null",2,41.605,3.1081653,-0.63761264,2.8755522,-1.1971898,-16731116
174,166,175,178,"","null","Southern Spadefoot Toads",3,32.971184,0.40148306,-3.1628795,1.7788428,-2.6272585,-16731116
175,174,176,177,"null","null","null",2,32.971184,0.66423047,-2.4198983,0.6411392,-3.4392169,-16731116
179,165,180,183,"null","null","null",3,73.5721,0.7950969,-3.802748,2.3612094,-0.66483814,-16731116
180,179,181,182,"null","null","null",2,73.5721,0.5592975,-3.6551414,1.7788424,-1.9610354,-16731116
