index,parent,child1,child2,name1,name2,common,richness,lengthbr,hxmax,hxmin,hymax,hymin,color
0,-268224378,1,42,"null","null","null",23,12.398685,2.5840368,-1.4749897,3.6141295,-0.37199056,-16731116
1,0,2,23,"null","null","null",21,10.439332,1.5333146,-2.8440938,3.2826333,-0.59051764,-16731116
2,1,3,14,"null","null","null",11,9.241975,0.39173198,-3.508861,2.5859394,-1.0796676,-16731116
3,2,4,11,"null","null","null",6,7.6090546,0.5419747,-3.344489,1.9094133,-2.5790436,-16731116
4,3,5,10,"null","null","null",4,5.393725,0.66192496,-2.6608212,0.7546901,-3.482712,-16731116
5,4,6,9,"null","null","null",3,2.089079,1.9703138,-2.0763643,0.48397422,-3.5523138,-16731116
6,5,7,8,"null","null","null",2,1.8616217,3.005175,-1.0891994,0.64591277,-2.9852262,-16731116
11,3,12,13,"null","null","null",2,2.1891742,1.6917281,-2.1268067,3.5885556,-0.35959655,-16731116
14,2,15,20,"null","null","null",5,8.374017,2.6331253,-1.3545772,3.4508257,-0.7670516,-16731116
15,14,16,19,"null","null","null",3,4.5042906,1.6917281,-2.7746239,3.1313145,-0.5755012,-16731116
16,15,17,18,"null","null","null",2,2.3138556,0.5272817,-3.5245032,2.3807092,-0.665,-16731116
20,14,21,22,"null","null","null",2,2.1611161,3.795211,-0.705259,0.5537361,-2.2791758,-16731116
23,1,24,41,"null","null","null",10,6.562044,3.2905617,-0.2891289,3.0209281,-1.4052806,-16731116
24,23,25,38,"null","null","null",9,6.120123,2.6331253,-1.3385786,3.5294867,-0.34808022,-16731116
25,24,26,37,"null","null","null",7,5.662373,1.6917281,-2.7538254,3.233574,-0.5755012,-16731116
26,25,27,36,"null","null","null",6,4.7985554,0.5272817,-3.4974654,2.5136464,-1.0443956,-16731116
27,26,28,33,"null","null","null",5,3.9411538,0.5235968,-3.4058852,2.0181658,-2.6072886,-16731116
28,27,29,32,"null","null","null",3,2.6609159,0.6580924,-2.7521253,0.867519,-3.6251023,-16731116
29,28,30,31,"null","null","null",2,0.85750806,1.0880269,-2.1365538,0.46288577,-3.8261664,-16731116
33,27,34,35,"null","null","null",2,1.4710344,1.7788353,-1.9610502,3.6551359,-0.40147904,-16731116
38,24,39,40,"null","null","null",2,1.9767089,3.795211,-0.705259,0.5537361,-2.2791758,-16731116
42,0,43,44,"null","null","null",2,3.311548,3.8167202,-0.67175275,0.73106515,-2.238161,-16731116
