index,parent,child1,child2,name1,name2,common,richness,lengthbr,hxmax,hxmin,hymax,hymin,color
0,-268409727,1,56,"null","null","null",40,22.41311,3.327742,-0.94438857,0.33095488,-2.9723687,-16731116
1,0,2,47,"","null","Banana Frogs",28,20.246004,3.6272302,-0.41856796,1.8280936,-2.323126,-16731116
2,1,3,32,"null","null","null",23,20.246004,3.1946979,-0.6167593,3.118393,-1.2264694,-16731116
3,2,4,19,"null","null","null",15,20.246004,2.5085,-1.3385634,3.656201,-0.3480779,-12486656
4,3,5,18,"null","null","null",8,20.246004,1.6917381,-2.7538147,3.3983088,-0.5754996,-16731116
5,4,6,15,"null","null","null",7,20.246004,0.33849525,-3.4974635,2.727801,-1.0443783,-16731116
6,5,7,14,"null","null","null",5,20.246004,0.52359474,-3.4058914,1.9384072,-2.607274,-12486656
7,6,8,11,"null","null","null",4,20.246004,0.6580919,-2.752135,0.58311296,-3.6250951,-16731116
8,7,9,10,"null","null","null",2,20.246004,1.088007,-2.1365604,0.46288338,-3.8261669,-16731116
11,7,12,13,"null","null","null",2,20.246004,0.86650753,-3.4392166,2.4198985,-0.38339424,-12486656
15,5,16,17,"null","null","null",2,20.246004,2.3612099,-0.41842002,3.664683,-0.7950975,-16731116
19,3,20,31,"null","null","null",7,20.246004,3.5147915,-0.7052624,1.6061709,-2.2791796,-12486656
20,19,21,30,"null","null","null",6,20.246004,3.0981112,-0.6042874,2.9239159,-1.504592,-12486656
21,20,22,29,"null","null","null",5,20.246004,2.3612099,-1.3502395,3.5074325,-0.32387894,-12486656
22,21,23,28,"null","null","null",4,20.246004,1.7788453,-2.8520596,3.271233,-0.559297,-12486656
23,22,24,27,"null","null","null",3,20.246004,0.6411433,-3.7314613,2.5607576,-0.66423035,-12486656
24,23,25,26,"null","null","null",2,20.246004,0.50423527,-3.790803,2.0102348,-1.4433283,-8572416
32,2,33,44,"null","null","null",8,20.246004,3.1657605,-1.0122144,0.31716034,-2.9699788,-16731116
33,32,34,43,"null","null","null",6,20.246004,3.5147915,-0.3955158,1.7809141,-2.2791796,-16731116
34,33,35,40,"null","null","null",5,20.246004,3.0981112,-0.6042874,3.1510818,-1.420959,-16731116
35,34,36,39,"null","null","null",3,20.246004,2.3612099,-0.66483176,3.8027482,-0.32387894,-12486656
36,35,37,38,"null","null","null",2,20.246004,1.7788453,-1.9610294,3.6551437,-0.559297,-11184866
40,34,41,42,"null","null","null",2,20.246004,2.7384791,-1.3026897,0.30319938,-3.2227101,-16731116
44,32,45,46,"null","null","null",2,20.246004,0.34452835,-2.854425,0.9791828,-3.1267917,-16731116
47,1,48,53,"null","null","null",5,20.246004,2.1815681,-2.3054147,0.6001849,-3.5166693,-16731116
48,47,49,52,"null","null","null",3,20.246004,3.381466,-1.1971908,0.6376125,-2.9699788,-12486656
49,48,50,51,"null","null","null",2,20.246004,3.7952085,-0.3955158,0.64591235,-2.2791796,-12486656
53,47,54,55,"null","null","null",2,20.246004,0.52348536,-3.7908027,2.0102339,-1.44333,-16731116
56,0,57,78,"null","null","null",12,15.097941,0.44186616,-2.8820229,0.9025996,-3.3870199,-16731116
57,56,58,75,"","null","Madagascan Reed Frogs",11,14.569273,2.015641,-2.3054147,0.4628833,-3.5166693,-16731116
58,57,59,68,"null","null","null",9,14.569273,3.1657605,-1.003272,0.6376125,-2.9699788,-16731116
59,58,60,67,"null","null","null",5,14.569273,3.5147915,-0.3955158,1.6992185,-2.2791796,-16731116
60,59,61,64,"null","null","null",4,14.569273,3.0981112,-0.6042874,3.0448778,-1.420959,-16731116
61,60,62,63,"null","null","null",2,14.569273,2.3612099,-0.66192484,3.6646829,-0.32387894,-16731116
64,60,65,66,"null","null","null",2,14.569273,2.7384791,-1.3026897,0.30319938,-3.2227101,-12486656
68,58,69,74,"null","null","null",4,14.569273,0.34452835,-2.8343048,0.9791828,-3.4434724,-16731116
69,68,70,73,"null","null","null",3,14.569273,1.6104281,-2.1905634,0.4410531,-3.6823022,-16731116
70,69,71,72,"null","null","null",2,14.569273,2.7384791,-1.3026897,0.6278821,-3.2227101,-16731116
75,57,76,77,"null","null","null",2,14.569273,0.52348536,-3.7908027,2.0102339,-1.44333,-16731116
