index,parent,child1,child2,name1,name2,common,richness,lengthbr,hxmax,hxmin,hymax,hymin,color
0,-268323834,1,60,"PHALANGERIFORMES","null","Possums, Cuscuses, Trioks and Gliders",57,44.9,3.5845249,-0.60018456,2.1250026,-2.2078776,-16731116
1,0,2,33,"Petauroidea","null","null",30,32.5,3.0581908,-0.63761264,3.3079295,-1.022995,-16731116
2,1,3,18,"Pseudocheiridae","null","null",16,27.400002,2.3938556,-1.6061716,3.69961,-0.39551604,-16731116
3,2,4,17,"null","null","null",8,21.0,1.5045912,-2.9239159,3.3383746,-0.6042875,-16731116
4,3,5,14,"Pseudochirulus","null","null",7,19.5,0.32387918,-3.507431,2.6735528,-1.350242,-16731116
5,4,6,11,"null","null","null",5,16.1,0.5592972,-3.271231,1.7948654,-2.852062,-16731116
6,5,7,10,"null","null","null",3,10.8,0.66423035,-2.5607548,0.64114,-3.7314625,-16731116
7,6,8,9,"null","null","null",2,6.9,1.4433327,-2.010233,0.50423574,-3.7908022,-16731116
11,5,12,13,"null","null","null",2,6.8,1.6001993,-2.2880385,3.5117075,-0.3173849,-16731116
14,4,15,16,"null","null","null",2,19.5,2.313444,-0.4390176,3.7626064,-0.7370704,-16731116
18,2,19,30,"null","null","null",8,22.7,3.52864,-0.6366841,1.8643903,-2.3868942,-16731116
19,18,20,29,"null","null","null",6,22.5,3.0229487,-0.62788224,3.068629,-1.3026884,-16731116
20,19,21,28,"Pseudochirops","null","null",5,22.4,2.313444,-1.5287559,3.489027,-0.37198827,-16731116
21,20,22,25,"null","null","null",4,22.3,1.5501496,-2.913999,3.1200063,-0.5905161,-16731116
22,21,23,24,"null","null","null",2,6.9,0.41361105,-3.5997496,2.3745227,-0.66423047,-12486656
25,21,26,27,"null","null","null",2,22.1,3.3284197,-0.28912732,2.594488,-1.4052911,-16731116
30,18,31,32,"null","null","null",2,6.9,1.266223,-2.0763721,0.5624022,-3.814068,-16731116
33,1,34,55,"null","null","null",14,32.4,3.3252714,-0.9169636,0.3445285,-2.8786829,-12486656
34,33,35,46,"Petauridae","null","null",11,28.6,3.52864,-0.44105333,1.8643903,-2.2438188,-12486656
35,34,36,43,"Petaurus","null","Gliders",6,5.6,3.0229487,-0.62788224,3.068629,-1.1514587,-12486656
36,35,37,42,"null","null","null",4,5.6,2.313444,-1.5287559,3.489027,-0.37198827,-12486656
37,36,38,41,"null","null","null",3,5.6,1.6002,-2.913999,3.1200063,-0.5905161,-12486656
38,37,39,40,"null","null","null",2,5.4,0.41361105,-3.5997496,2.3745227,-0.66423047,-16731116
43,35,44,45,"null","null","null",2,5.6,3.0051584,-1.0892134,0.33095476,-2.9852433,-16731116
46,34,47,54,"null","null","null",5,25.9,2.3305557,-2.0763721,0.5624022,-3.4921484,-12486656
47,46,48,51,"Dactylopsila","null","null",4,16.4,3.4735022,-0.8707022,0.6459118,-2.9070146,-12486656
48,47,49,50,"null","null","null",2,16.4,3.816719,-0.41856778,0.73104715,-2.2381654,-16731116
51,47,52,53,"null","null","null",2,16.4,0.35782757,-2.716227,0.9025997,-3.2399707,-8572416
55,33,56,59,"null","null","null",3,28.9,0.3708,-2.6608324,0.88575876,-3.684054,-16731116
56,55,57,58,"Acrobatidae","null","null",2,11.1,1.266223,-2.0763721,0.48397186,-3.814068,-16731116
60,0,61,104,"Phalangeroidea","null","null",27,39.4,2.390814,-1.9577198,0.52348495,-3.5713463,-12486656
61,60,62,91,"Phalangeridae","null","null",22,25.7,3.4484386,-0.80514073,0.6527473,-2.9853282,-12486656
62,61,63,88,"null","null","null",15,25.6,3.6887574,-0.44105333,1.8643903,-2.3868942,-12486656
63,62,64,83,"null","null","null",13,18.4,3.2311015,-0.62788224,3.068629,-1.1166904,-16731116
64,63,65,80,"null","null","null",10,13.9,2.5840425,-1.504771,3.489027,-0.37198827,-16731116
65,64,66,79,"null","null","null",8,13.7,1.6002,-2.8828187,3.1200063,-0.5905161,-16731116
66,65,67,78,"null","null","null",7,10.7,0.41361105,-3.5592155,2.3745227,-1.0796533,-16731116
67,66,68,77,"null","null","null",6,8.7,0.54197276,-3.4099584,1.8611755,-2.5790339,-16731116
68,67,69,74,"null","null","null",5,8.5,0.66192466,-2.745932,0.49051493,-3.482711,-16731116
69,68,70,73,"null","null","null",3,5.5,1.9702942,-2.0763717,0.4839719,-3.5523224,-16731116
70,69,71,72,"null","null","null",2,5.5,3.005161,-1.0892112,0.6459119,-2.9852405,-16731116
74,68,75,76,"null","null","null",2,5.0,0.84492207,-3.5244956,2.3807096,-0.3955607,-16731116
80,64,81,82,"null","null","null",2,5.0,3.816719,-0.6717563,0.73104715,-2.2381654,-12486656
83,63,84,87,"Spilocuscus","null","null",3,7.5,3.4735022,-1.0892134,0.33095476,-2.9070146,-12486656
84,83,85,86,"null","null","null",2,5.3,3.816719,-0.41856778,0.73104715,-2.2381654,-16731116
88,62,89,90,"Ailurops","null","null",2,7.0,1.266223,-2.0763721,0.5624022,-3.814068,-8572416
91,61,92,101,"null","null","null",7,18.9,0.6896827,-2.7459319,0.88575876,-3.4364233,-12486656
92,91,93,100,"null","null","null",5,13.200001,2.2792976,-2.0763721,0.48397186,-3.4921484,-16731116
93,92,94,99,"Trichosurus","null","null",4,7.4,3.4068666,-1.0892134,0.6459118,-2.9070146,-16731116
94,93,95,98,"null","null","null",3,4.3,3.730093,-0.41856778,1.4250891,-2.2381654,-16731116
95,94,96,97,"null","null","null",2,3.9,3.3284197,-0.6167592,2.594488,-1.4052911,-16731116
101,91,102,103,"null","null","null",2,7.0,0.84492207,-3.5244946,2.3807096,-0.39556068,-11184866
104,60,105,112,"Burramyidae","null","null",5,32.6,0.44286668,-3.3444967,1.8611751,-2.5790353,-16731116
105,104,106,111,"Cercartetus","null","null",4,20.1,0.66192466,-2.660832,0.7547023,-3.4827123,-16731116
106,105,107,110,"null","null","null",3,14.3,1.9702926,-2.0763717,0.48397192,-3.5523238,-16731116
107,106,108,109,"null","null","null",2,14.3,3.0051594,-1.0892124,0.6459119,-2.9852424,-16731116
