index,parent,child1,child2,name1,name2,common,richness,lengthbr,hxmax,hxmin,hymax,hymin,color
0,-268147676,1,72,"null","null","null",37,19.300001,3.2310967,-0.62788296,3.173435,-1.3026809,-16731116
1,0,2,69,"null","null","null",36,17.7,2.5840383,-1.5425422,3.6252675,-0.37198997,-16731116
2,1,3,46,"null","null","null",34,9.0,1.4333838,-2.931914,3.2971144,-0.5905173,-16731116
3,2,4,33,"null","null","null",22,9.0,0.39173377,-3.6230302,2.6047645,-1.0522765,-16731116
4,3,5,28,"null","null","null",15,9.0,0.5419743,-3.4929109,1.7061975,-2.5434372,-16731116
5,4,6,23,"null","null","null",12,4.6,0.6619249,-2.8537698,0.522323,-3.4364262,-16731116
6,5,7,22,"null","null","null",9,4.6,2.1597354,-2.076367,0.48397338,-3.4921455,-16731116
7,6,8,19,"null","null","null",8,4.6,3.2514277,-0.8706895,0.6459124,-2.9070082,-16731116
8,7,9,18,"null","null","null",6,4.6,3.5280137,-0.4185698,1.9147029,-2.238161,-16731116
9,8,10,15,"null","null","null",5,4.6,3.065712,-0.6167603,3.2309766,-1.2878731,-16731116
10,9,11,14,"null","null","null",3,2.5,2.3408208,-0.85625637,3.8025498,-0.34808022,-16731116
11,10,12,13,"null","null","null",2,2.5,1.6917281,-2.1268067,3.5885556,-0.5755012,-16731116
15,9,16,17,"null","null","null",2,1.5,2.8755634,-1.1971815,0.31716168,-3.1081553,-16731116
19,7,20,21,"null","null","null",2,4.6,0.35782874,-2.7162147,0.90259826,-3.23998,-16731116
23,5,24,27,"null","null","null",3,4.6,0.8449204,-3.767136,2.4522898,-0.39556158,-16731116
24,23,25,26,"null","null","null",2,4.6,0.52359635,-3.7564592,1.9384005,-1.6186413,-16731116
28,4,29,32,"null","null","null",3,5.3999996,1.691729,-2.774622,3.131315,-0.35959762,-16731116
29,28,30,31,"null","null","null",2,2.6,0.52728236,-3.524502,2.38071,-0.665,-16731116
33,3,34,43,"null","null","null",7,4.7,2.6331258,-1.4981455,3.4931798,-0.76705235,-16731116
34,33,35,40,"null","null","null",5,4.7,1.6749367,-2.9612634,3.1863751,-0.5755011,-16731116
35,34,36,39,"null","null","null",3,4.7,0.52728236,-3.7671359,2.4522882,-0.665,-16731116
36,35,37,38,"null","null","null",2,1.7,0.5235966,-3.7564578,1.9383993,-1.6186452,-16731116
40,34,41,42,"null","null","null",2,4.7,3.4248686,-0.27500087,2.4441597,-1.5045813,-16731116
43,33,44,45,"null","null","null",2,4.7,3.7952113,-0.7052593,0.55373704,-2.2791758,-16731116
46,2,47,68,"Alticola","null","null",12,7.8,3.0657125,-0.28912854,2.9929988,-1.4052815,-16731116
47,46,48,67,"null","null","null",11,7.8,2.3408213,-1.3840533,3.4931798,-0.34807998,-16731116
48,47,49,64,"null","null","null",10,6.0,1.6749367,-2.8129437,3.1863751,-0.5755011,-16731116
49,48,50,63,"null","null","null",8,6.0,0.52728236,-3.5743203,2.4522882,-0.95190084,-16731116
50,49,51,62,"null","null","null",7,6.0,0.5235966,-3.5057974,1.9383993,-2.4870462,-16731116
51,50,52,59,"null","null","null",6,6.0,0.6580924,-2.8820112,0.58309823,-3.4687884,-16731116
52,51,53,56,"null","null","null",4,6.0,1.7924242,-2.3054051,0.46288556,-3.6229591,-16731116
53,52,54,55,"null","null","null",2,6.0,2.8755672,-1.1971784,0.6376136,-3.108152,-16731116
56,52,57,58,"null","null","null",2,1.8,0.52348095,-3.7907996,2.0102258,-1.4433501,-16731116
59,51,60,61,"null","null","null",2,6.0,0.8665055,-3.4392257,2.4198828,-0.3833955,-12486656
64,48,65,66,"null","null","null",2,6.0,3.4248686,-0.27500087,2.4441597,-1.5045813,-16731116
69,1,70,71,"Hyperacrius","null","null",2,3.6,3.81672,-0.67175364,0.73106325,-2.2381618,-12486656
