index,parent,child1,child2,name1,name2,common,richness,lengthbr,hxmax,hxmin,hymax,hymin,color
0,-268409849,1,34,"null","null","null",21,8.72899,3.2806225,-0.61676085,3.146336,-1.2264546,-16731116
1,0,2,29,"null","null","null",17,8.008977,2.6202052,-1.3385844,3.692513,-0.34808123,-16731116
2,1,3,20,"null","null","null",14,7.6252174,1.529705,-2.7538295,3.445505,-0.5755019,-16731116
3,2,4,15,"null","null","null",9,6.7985754,0.33848345,-3.497466,2.789157,-1.044402,-16731116
4,3,5,10,"null","null","null",6,6.449225,0.5235976,-3.4058828,1.799375,-2.607294,-16731116
5,4,6,9,"null","null","null",3,2.4105537,0.6580926,-2.7521214,0.86751455,-3.6251051,-16731116
6,5,7,8,"null","null","null",2,2.4105537,1.0880342,-2.1365514,0.46288663,-3.8261662,-16731116
10,4,11,14,"null","null","null",3,4.1322255,1.7788317,-2.6272786,3.1628635,-0.40147734,-16731116
11,10,12,13,"null","null","null",2,2.136344,0.6411245,-3.439229,2.419877,-0.6642306,-16731116
15,3,16,19,"null","null","null",3,3.5153918,2.361207,-0.6648622,3.8027487,-0.7950933,-16731116
16,15,17,18,"null","null","null",2,2.9973214,1.7788317,-1.9610568,3.6551337,-0.5592996,-16731116
20,2,21,26,"null","null","null",5,3.7220554,3.0981069,-0.2750016,3.151094,-1.4209399,-16731116
21,20,22,25,"null","null","null",3,1.7274458,2.361207,-0.6648622,3.8027487,-0.32388246,-16731116
22,21,23,24,"null","null","null",2,1.7274458,1.7788317,-1.9610568,3.6551337,-0.5592996,-16731116
26,20,27,28,"null","null","null",2,1.6350845,2.7384992,-1.3026755,0.30320144,-3.2226942,-16731116
29,1,30,33,"null","null","null",3,4.6714106,3.7661464,-0.70525765,1.2371417,-2.2791743,-16731116
30,29,31,32,"null","null","null",2,2.712366,3.4248652,-0.6042892,2.4441652,-1.5045781,-16731116
34,0,35,40,"null","null","null",4,5.3436255,3.3591206,-1.1971772,0.31716225,-2.9699712,-12486656
35,34,36,39,"null","null","null",3,3.5325754,3.7661464,-0.39551884,1.2371417,-2.2791743,-12486656
36,35,37,38,"null","null","null",2,2.9714816,3.4248652,-0.6042892,2.4441652,-1.5045781,-11184866
