index,parent,child1,child2,name1,name2,common,richness,lengthbr,hxmax,hxmin,hymax,hymin,color
0,-268317689,1,124,"","null","Sparrowhawks and more",67,22.90838,3.6128294,-0.6366811,1.8644058,-2.2438107,-16731116
1,0,2,103,"null","null","null",62,22.320486,3.1323915,-0.6278832,3.0686398,-1.1618745,-16731116
2,1,3,86,"null","null","null",51,22.034208,2.4557223,-1.4707837,3.4890308,-0.37199068,-16731116
3,2,4,61,"null","null","null",42,20.13179,1.5333138,-2.8386252,3.1200047,-0.5905177,-16731116
4,3,5,60,"null","null","null",29,18.729969,0.4135974,-3.5017514,2.374522,-1.1122098,-16731116
5,4,6,35,"null","null","null",28,17.943241,0.54197484,-3.3352463,1.824858,-2.6213484,-16731116
6,5,7,34,"null","null","null",15,12.005622,0.68969655,-2.6488056,0.75469065,-3.5377076,-16731116
7,6,8,23,"null","null","null",14,11.811549,2.2793093,-2.0607436,0.483974,-3.6238089,-16731116
8,7,9,16,"null","null","null",8,9.313799,3.4068704,-0.8866478,0.64591265,-3.0781698,-16731116
9,8,10,13,"null","null","null",4,6.51974,3.7300863,-0.41857052,1.4251142,-2.4606724,-16731116
10,9,11,12,"null","null","null",2,0.7746569,3.328405,-0.6167606,2.5945082,-1.4052775,-16731116
13,9,14,15,"null","null","null",2,2.237149,1.0880251,-2.1365547,0.6001805,-3.8261662,-16731116
16,8,17,22,"null","null","null",4,4.3459415,0.35782912,-2.7521262,0.9025978,-3.4687884,-12486656
17,16,18,21,"null","null","null",3,2.4870372,1.7924242,-2.1365547,0.46288556,-3.6229591,-16731116
18,17,19,20,"null","null","null",2,1.2162149,2.8755672,-1.1971784,0.6376136,-3.108152,-16731116
23,7,24,33,"null","null","null",6,5.9099336,0.48358327,-3.405886,1.9383984,-2.4241524,-16731116
24,23,25,32,"null","null","null",5,5.9099336,0.65809244,-2.7521262,0.8675197,-3.3870246,-16731116
25,24,26,31,"null","null","null",4,5.2575707,2.1815863,-2.1365547,0.46288556,-3.5166664,-16731116
26,25,27,30,"null","null","null",3,3.4760306,3.3814778,-1.1971784,0.6376136,-2.9699712,-16731116
27,26,28,29,"null","null","null",2,2.5486305,3.7952118,-0.3955186,0.6459114,-2.2791743,-16731116
35,5,36,55,"null","null","null",13,12.318212,1.5297068,-2.8080394,3.3983064,-0.35959634,-16731116
36,35,37,52,"null","null","null",10,8.5132885,0.33848524,-3.5679414,2.727799,-0.95190483,-16731116
37,36,38,49,"null","null","null",8,4.8138804,0.5235972,-3.4975023,2.0181632,-2.4870493,-16731116
38,37,39,44,"null","null","null",6,3.0753248,0.6580925,-2.8712273,0.6456994,-3.468789,-16731116
39,38,40,43,"null","null","null",3,1.8981203,1.7924293,-2.136553,0.46288618,-3.6229572,-16731116
40,39,41,42,"null","null","null",2,1.4866866,2.875571,-1.1971751,0.6376138,-3.108148,-16731116
44,38,45,48,"null","null","null",3,3.0753248,0.8665049,-3.7314687,2.5607405,-0.38339588,-16731116
45,44,46,47,"null","null","null",2,3.0753248,0.5042385,-3.790799,2.0102236,-1.4433553,-12486656
49,37,50,51,"null","null","null",2,3.409966,1.7788322,-1.961056,3.6551337,-0.4014782,-16731116
52,36,53,54,"null","null","null",2,2.9471297,2.3612077,-0.41842145,3.6646914,-0.7950939,-12486656
55,35,56,59,"null","null","null",3,4.455061,3.0981073,-0.2750013,3.0448956,-1.5045784,-16731116
56,55,57,58,"null","null","null",2,1.5319263,2.3612077,-0.6619245,3.6646914,-0.32388234,-16731116
61,3,62,77,"null","null","null",13,16.808903,3.2905605,-0.28912896,2.9930007,-1.2264566,-16731116
62,61,63,74,"null","null","null",8,12.510654,2.6331244,-1.4981501,3.4931793,-0.34808072,-16731116
63,62,64,69,"null","null","null",6,11.134526,1.5297068,-2.9612668,3.1863725,-0.57550156,-16731116
64,63,65,68,"null","null","null",3,4.2964706,0.5272789,-3.767137,2.4522848,-0.665,-16731116
65,64,66,67,"null","null","null",2,2.0384288,0.5235972,-3.7564566,1.9383972,-1.6186507,-12486656
69,63,70,73,"null","null","null",3,6.0853543,3.0981073,-0.2750013,3.0448956,-1.5045784,-16731116
70,69,71,72,"null","null","null",2,2.848292,2.3612077,-0.6619245,3.6646914,-0.32388234,-16731116
74,62,75,76,"null","null","null",2,5.130414,3.7952118,-0.70525837,0.5537423,-2.2791748,-16731116
77,61,78,85,"null","null","null",5,5.9548106,3.165772,-1.1971774,0.31716195,-2.9699717,-16731116
78,77,79,84,"null","null","null",4,5.3048587,3.5147939,-0.3955187,1.6992416,-2.2791748,-16731116
79,78,80,83,"null","null","null",3,3.5050893,3.0981073,-0.6042891,3.0448956,-1.5045784,-16731116
80,79,81,82,"null","null","null",2,1.4400597,2.3612077,-0.6619245,3.6646914,-0.32388234,-16731116
86,2,87,100,"null","null","null",9,12.616595,3.528014,-0.6717526,1.8281112,-2.4606729,-16731116
87,86,88,99,"null","null","null",7,12.616595,3.0657115,-0.61676055,3.1184053,-1.4052784,-16731116
88,87,89,98,"null","null","null",6,6.4890075,2.3408206,-1.4981501,3.6562052,-0.34808072,-16731116
89,88,90,97,"null","null","null",5,3.6849616,1.6917262,-2.9612668,3.3983064,-0.57550156,-16731116
90,89,91,94,"null","null","null",4,1.4844272,0.33848524,-3.767137,2.727799,-0.665,-16731116
91,90,92,93,"null","null","null",2,1.4844272,0.5235972,-3.7564566,1.9383972,-1.6186507,-16731116
94,90,95,96,"null","null","null",2,1.4844272,2.3612077,-0.41842145,3.6646914,-0.7950939,-16731116
100,86,101,102,"null","null","null",2,3.3105323,1.0880258,-2.1365545,0.60018086,-3.8261662,-12486656
103,1,104,123,"null","null","null",11,16.108454,3.2514293,-1.0892012,0.33095616,-3.0086977,-16731116
104,103,105,116,"null","null","null",10,13.716048,3.528014,-0.41857028,1.7065854,-2.3703585,-16731116
105,104,106,115,"null","null","null",6,7.724389,3.0657115,-0.61676055,2.960422,-1.4052784,-16731116
106,105,107,114,"null","null","null",5,5.097196,2.3408206,-1.3545806,3.4508271,-0.34808072,-16731116
107,106,108,111,"null","null","null",4,4.511845,1.674933,-2.7746265,3.1313148,-0.57550156,-16731116
108,107,109,110,"null","null","null",2,1.6174082,0.5272789,-3.524505,2.3807096,-0.665,-16731116
111,107,112,113,"null","null","null",2,0.13642943,3.424866,-0.2750013,2.4441643,-1.5045784,-16731116
116,104,117,120,"null","null","null",4,10.494535,1.7924247,-2.3054044,0.60018086,-3.6229587,-12486656
117,116,118,119,"null","null","null",2,3.2731974,2.8755677,-1.1971774,0.63761365,-3.108151,-11184866
120,116,121,122,"null","null","null",2,2.6092575,0.5234808,-3.7907987,2.0102253,-1.4433522,-16731116
124,0,125,130,"null","null","null",5,13.976333,2.3305707,-2.2165542,0.5623986,-3.492145,-12486656
125,124,126,129,"null","null","null",3,8.737057,3.4735112,-1.0892012,0.6459125,-2.9070072,-16731116
126,125,127,128,"null","null","null",2,2.6306543,3.8167205,-0.41857028,0.73106873,-2.2381606,-16731116
130,124,131,132,"null","null","null",2,2.8943446,0.4835837,-3.7564578,1.938399,-1.6186463,-12486656
