index,parent,child1,child2,name1,name2,common,richness,lengthbr,hxmax,hxmin,hymax,hymin,color
0,-268081052,1,46,"OTIDIFORMES","null","Bustards",25,35.640713,1.4209496,-3.0061524,3.3383722,-0.27500045,-16731116
1,0,2,43,"null","null","null",23,31.678066,0.32388067,-3.6143324,2.6735506,-1.2190285,-16731116
2,1,3,28,"null","null","null",21,30.445734,0.5592982,-3.4101982,1.6207705,-2.6814797,-16731116
3,2,4,25,"null","null","null",13,29.835318,0.8246757,-2.7414122,0.41481966,-3.509699,-16731116
4,3,5,24,"null","null","null",11,27.339987,2.3908224,-2.0102289,0.50423694,-3.502505,-16731116
5,4,6,21,"null","null","null",10,25.330505,3.4484425,-0.72746825,0.6527477,-2.8958333,-16731116
6,5,7,16,"null","null","null",8,22.800951,3.6887555,-0.4410549,2.0426893,-2.2705545,-16731116
7,6,8,15,"null","null","null",5,15.781257,3.2310956,-0.6278831,3.3004098,-1.3026792,-16731116
8,7,9,12,"null","null","null",4,15.233892,2.5840373,-1.0472662,3.7903333,-0.37199032,-16731116
9,8,10,11,"null","null","null",2,9.52327,1.6001905,-2.288054,3.5116992,-0.59051746,-16731116
12,8,13,14,"null","null","null",2,0.44286993,3.8167205,-0.6717531,0.731066,-2.238161,-16731116
16,6,17,20,"null","null","null",3,12.907776,1.9703076,-2.0763667,0.56239915,-3.5523167,-16731116
17,16,18,19,"null","null","null",2,1.3972272,3.0051708,-1.0892029,0.6459124,-2.9852307,-16731116
21,5,22,23,"null","null","null",2,4.773814,0.3708009,-2.5711813,0.88575745,-3.344258,-16731116
25,3,26,27,"null","null","null",2,0.9570057,0.8210856,-3.5997543,2.374522,-0.40725207,-12486656
28,2,29,42,"null","null","null",8,18.798445,1.6001936,-2.84409,3.1200051,-0.31738234,-12486656
29,28,30,41,"null","null","null",7,12.261614,0.4136042,-3.5088606,2.3745222,-1.052273,-12486656
30,29,31,40,"null","null","null",6,10.27204,0.5419738,-3.3444924,1.8611706,-2.5434349,-12486656
31,30,32,39,"null","null","null",5,8.714459,0.7291231,-2.6608262,0.7546954,-3.4364257,-16731116
32,31,33,38,"null","null","null",4,7.7389207,2.3305664,-2.0763676,0.48397315,-3.492146,-12486656
33,32,34,37,"null","null","null",3,6.20293,3.4735088,-1.0892045,0.64591235,-2.9070091,-12486656
34,33,35,36,"null","null","null",2,2.3624034,3.81672,-0.41856956,0.73106325,-2.2381618,-11184866
43,1,44,45,"null","null","null",2,15.08892,2.313442,-0.4390182,3.7626085,-0.73706853,-11184866
46,0,47,48,"","null","Floricans",2,15.628604,3.222702,-0.3032004,2.7384896,-1.302682,-8572416
