index,parent,child1,child2,name1,name2,common,richness,lengthbr,hxmax,hxmin,hymax,hymin,color
0,-268122994,1,96,"null","null","null",49,36.5,2.2791774,-1.6991837,3.6996102,-0.39551717,-11184866
1,0,2,93,"null","null","null",48,36.5,1.4209485,-3.0448265,3.3383718,-0.6042883,-11184866
2,1,3,90,"null","null","null",46,36.5,0.32388073,-3.6646085,2.6735504,-1.2503619,-11184866
3,2,4,51,"null","null","null",44,36.4,0.5592984,-3.4755564,1.7338045,-2.722212,-11184866
4,3,5,46,"null","null","null",24,36.300003,0.75179744,-2.8263779,0.41481906,-3.5626502,-11184866
5,4,6,25,"null","null","null",21,36.100002,2.29608,-2.023676,0.5042372,-3.5713406,-11184866
6,5,7,16,"null","null","null",10,27.9,3.3252766,-0.76730907,0.65274775,-2.9853194,-11184866
7,6,8,13,"","null","Snow Skinks",5,19.2,3.528639,-0.44105512,2.0262864,-2.386887,-11184866
8,7,9,12,"null","null","null",3,14.9,3.0229437,-0.6278832,3.2790852,-1.3026786,-16777216
9,8,10,11,"null","null","null",2,14.7,2.3134403,-0.65274704,3.7626104,-0.37199056,-16777216
13,7,14,15,"null","null","null",2,8.1,1.2662381,-2.076367,0.5623988,-3.8140666,-11184866
16,6,17,24,"","null","Sunskinks",5,23.8,0.7291248,-2.660825,0.8857573,-3.4364262,-16777216
17,16,18,23,"null","null","null",4,23.8,2.3305678,-2.076367,0.48397338,-3.4921455,-16777216
18,17,19,22,"null","null","null",3,23.8,3.4735096,-1.0892038,0.6459124,-2.9070082,-16777216
19,18,20,21,"null","null","null",2,23.8,3.8167202,-0.4185698,0.73106515,-2.238161,-16777216
25,5,26,37,"null","null","null",11,31.7,0.44286364,-3.4929109,1.7306687,-2.5790417,-16777216
26,25,27,32,"null","null","null",6,31.5,0.6619249,-2.8537698,0.522323,-3.482712,-16777216
27,26,28,31,"","null","Firetail Skinks",3,15.6,1.9703064,-2.076367,0.48397338,-3.5523171,-16777216
28,27,29,30,"null","null","null",2,15.6,3.0051699,-1.0892038,0.6459124,-2.9852314,-16777216
32,26,33,36,"null","null","null",3,15.6,0.8449204,-3.767136,2.4522898,-0.39556158,-16777216
33,32,34,35,"null","null","null",2,15.6,0.52359635,-3.7564592,1.9384005,-1.6186413,-16777216
37,25,38,45,"null","null","null",5,18.3,1.691729,-2.7374768,3.1863751,-0.35959762,-16777216
38,37,39,44,"null","null","null",4,18.3,0.52728236,-3.4762132,2.4522882,-0.8165132,-16777216
39,38,40,43,"null","null","null",3,18.3,0.5235966,-3.3782582,1.9383993,-2.3110423,-16777216
40,39,41,42,"null","null","null",2,18.3,0.6580924,-2.7162104,0.8675197,-3.239983,-16777216
46,4,47,50,"","null","Shining Skinks",3,12.2,0.82108533,-3.7909288,2.3745222,-0.47381365,-16777216
47,46,48,49,"null","null","null",2,12.2,0.5419743,-3.711179,1.8611686,-1.7914356,-16777216
51,3,52,77,"null","null","null",20,21.8,1.4333838,-2.8440921,3.3743334,-0.3173819,-16777216
52,51,53,74,"null","null","null",13,21.8,0.29948944,-3.5088615,2.7051492,-1.0522765,-16777216
53,52,54,73,"null","null","null",11,21.8,0.5419743,-3.3444917,1.8611686,-2.5434372,-16777216
54,53,55,72,"null","null","null",10,21.8,0.67644143,-2.660825,0.7546941,-3.4364262,-16777216
55,54,56,71,"null","null","null",9,21.8,2.2620795,-2.076367,0.48397338,-3.4921455,-16777216
56,55,57,70,"null","null","null",8,21.8,3.3844748,-1.0892038,0.6459124,-2.9070082,-16777216
57,56,58,69,"null","null","null",7,21.8,3.700975,-0.4185698,1.7065823,-2.238161,-16777216
58,57,59,68,"null","null","null",6,21.8,3.2905617,-0.6167603,2.9604197,-1.4052806,-16777216
59,58,60,65,"null","null","null",5,21.8,2.6331253,-1.3545772,3.4508257,-0.34808022,-16777216
60,59,61,64,"null","null","null",3,21.8,1.6917281,-2.7746239,3.1313145,-0.5755012,-16777216
61,60,62,63,"null","null","null",2,21.8,0.5272817,-3.5245032,2.3807092,-0.665,-16777216
65,59,66,67,"null","null","null",2,21.8,3.795211,-0.705259,0.5537361,-2.2791758,-16777216
74,52,75,76,"null","null","null",2,21.8,2.3408213,-0.42902362,3.719045,-0.76705235,-16777216
77,51,78,87,"null","null","null",7,21.8,3.0657125,-0.28912854,2.9604187,-1.2878737,-16777216
78,77,79,86,"null","null","null",5,21.8,2.3408213,-1.354575,3.4508257,-0.34807998,-16777216
79,78,80,83,"null","null","null",4,21.8,1.6749367,-2.774622,3.131315,-0.5755011,-16777216
80,79,81,82,"null","null","null",2,21.8,0.52728236,-3.524502,2.38071,-0.665,-16777216
83,79,84,85,"null","null","null",2,21.8,3.4248686,-0.27500087,2.4441597,-1.5045813,-16777216
87,77,88,89,"null","null","null",2,21.8,2.8755636,-1.1971806,0.31716153,-3.1081548,-16777216
90,2,91,92,"","null","Short-legged Giant Skinks",2,19.6,2.3134418,-0.4390183,3.7626092,-0.7370682,-16777216
93,1,94,95,"null","null","null",2,1.9,3.2227004,-0.30320042,2.7384913,-1.3026809,-16777216
