index,parent,child1,child2,name1,name2,common,richness,lengthbr,hxmax,hxmin,hymax,hymin,color
0,-268250063,1,196,"null","null","null",390,81.0,2.42414,-1.909313,0.523595,-3.4397883,-16731116
1,0,2,153,"null","null","null",351,75.399994,3.38702,-0.69757766,0.6580919,-2.7962008,-16731116
2,1,3,-268289024,"Soricidae","null","Shrews",329,46.6,3.5166693,-0.46288335,2.0156415,-2.1772854,-16731116
3,2,4,60,"null","null","null",217,17.599998,2.9699788,-0.6376126,3.165761,-1.0032719,-16731116
4,3,5,59,"null","null","null",170,17.6,2.2791796,-1.66201,3.5147917,-0.39551586,-16731116
5,4,6,54,"null","null","null",169,17.599998,1.3321762,-2.9965065,3.0981112,-0.60428745,-16731116
6,5,7,53,"Crocidura","null","null",166,11.9,0.323879,-3.6018,2.3612099,-1.2118179,-16731116
7,6,-268339200,8,"null","null","null",165,11.9,0.5592972,-3.3939104,1.6994928,-2.6721106,-16731116
8,7,9,46,"null","null","null",23,11.9,1.4333917,-2.834318,3.2971194,-0.3173849,-16731116
9,8,10,37,"null","null","null",19,11.9,0.29948753,-3.4961634,2.60477,-1.0878701,-16731116
10,9,11,36,"null","null","null",14,11.9,0.54197276,-3.3279903,1.8611755,-2.5897157,-16731116
11,10,12,35,"null","null","null",13,11.9,0.6764312,-2.6393738,0.75470227,-3.4965975,-16731116
12,11,13,30,"null","null","null",12,11.9,2.2620704,-2.0484757,0.4839719,-3.5703745,-16731116
13,12,14,29,"null","null","null",9,11.9,3.38447,-1.0892112,0.6459119,-3.008708,-16731116
14,13,15,24,"null","null","null",8,11.9,3.7009754,-0.4185682,1.9146936,-2.3703675,-16731116
15,14,16,23,"null","null","null",5,11.9,3.2905655,-0.6167594,3.230971,-1.4052875,-16731116
16,15,17,20,"null","null","null",4,11.9,2.6331284,-0.8562428,3.80255,-0.34807852,-16731116
17,16,18,19,"null","null","null",2,11.9,1.6917346,-2.126795,3.5885606,-0.57550013,-16731116
20,16,21,22,"null","null","null",2,3.9,3.7952096,-0.70526135,0.55372626,-2.2791781,-16731116
24,14,25,28,"null","null","null",3,11.9,1.7924087,-2.1365595,0.6001842,-3.6229649,-12486656
25,24,26,27,"null","null","null",2,11.9,2.8755558,-1.1971871,0.63761276,-3.108162,-12486656
30,12,31,34,"null","null","null",3,11.9,0.48358735,-3.3782663,1.938406,-2.311028,-16731116
31,30,32,33,"null","null","null",2,3.9,0.658092,-2.7162223,0.8675292,-3.239974,-16731116
37,9,38,45,"null","null","null",5,11.9,2.3408232,-1.4981315,3.4931822,-0.7670549,-12486656
38,37,39,44,"null","null","null",4,11.9,1.6917381,-2.9612532,3.1863844,-0.5754996,-12486656
39,38,40,43,"null","null","null",3,11.9,0.52729416,-3.7671332,2.4522996,-0.665,-12486656
40,39,41,42,"null","null","null",2,11.9,0.52359474,-3.756462,1.9384072,-1.6186279,-11184866
46,8,47,52,"null","null","null",4,11.9,3.0657158,-0.2891274,3.2309694,-1.4052902,-12486656
47,46,48,51,"null","null","null",3,11.9,2.3408232,-0.8562355,3.8025508,-0.3480779,-16731116
48,47,49,50,"null","null","null",2,11.9,1.6917381,-2.1267884,3.5885634,-0.5754996,-16731116
54,5,55,58,"Paracrocidura","null","null",3,3.8,3.0229492,-0.30319944,3.2790737,-1.3026892,-16731116
55,54,56,57,"null","null","null",2,3.8,2.3134441,-0.6527477,3.7626061,-0.3719881,-16731116
60,3,61,124,"null","null","null",47,17.599998,3.325271,-0.9169636,0.34690213,-2.8343048,-12486656
61,60,62,123,"null","null","null",32,17.6,3.52864,-0.44105315,1.9450054,-2.1905634,-12486656
62,61,63,100,"null","null","null",31,17.6,3.0229492,-0.6278822,3.1734295,-1.1618898,-12486656
63,62,64,99,"null","null","null",19,17.6,2.3134441,-1.5047698,3.6252685,-0.3719881,-12486656
64,63,65,98,"null","null","null",18,17.6,1.6002007,-2.8828177,3.2971203,-0.590516,-12486656
65,64,66,85,"null","null","null",17,10.0,0.29948714,-3.5592148,2.604771,-1.0522618,-12486656
66,65,67,80,"null","null","null",10,10.0,0.5419725,-3.4099584,1.7062056,-2.543426,-12486656
67,66,68,77,"null","null","null",7,10.0,0.6896812,-2.745932,0.490516,-3.4364223,-12486656
68,67,69,76,"null","null","null",5,10.0,2.2792964,-2.0763726,0.4839716,-3.4921482,-11184866
69,68,70,75,"null","null","null",4,10.0,3.4068654,-1.0892128,0.6459118,-2.9070141,-11184866
70,69,71,74,"null","null","null",3,10.0,3.730091,-0.41856784,1.4250925,-2.238165,-11184866
71,70,72,73,"null","null","null",2,4.2,3.3284168,-0.6167593,2.5944912,-1.4052893,-11184866
77,67,78,79,"null","null","null",2,10.0,0.8449223,-3.5244944,2.3807096,-0.39556053,-16731116
80,66,81,84,"null","null","null",3,10.0,1.6917387,-2.7746062,3.1313152,-0.35960186,-8572416
81,80,82,83,"null","null","null",2,10.0,0.52729595,-3.524493,2.3807096,-0.665,-11513776
85,65,86,97,"null","null","null",7,10.0,2.3408237,-1.3259888,3.4931827,-0.76705533,-16731116
86,85,87,94,"null","null","null",6,10.0,1.6749514,-2.737469,3.1863859,-0.57549936,-16731116
87,86,88,93,"null","null","null",4,10.0,0.52729595,-3.4762154,2.4523013,-0.8164922,-16731116
88,87,89,92,"null","null","null",3,10.0,0.5235944,-3.37827,1.9384081,-2.3110232,-16731116
89,88,90,91,"null","null","null",2,10.0,0.6580918,-2.716227,0.86753273,-3.2399707,-12486656
94,86,95,96,"null","null","null",2,10.0,3.4248805,-0.27500236,2.4441402,-1.5045936,-16731116
100,62,101,122,"null","null","null",12,17.6,3.3844683,-1.0892141,0.33095467,-3.0087118,-12486656
101,100,102,115,"null","null","null",11,17.4,3.700976,-0.4185676,1.9146893,-2.3703713,-12486656
102,101,103,110,"null","null","null",7,17.4,3.2905679,-0.61675906,3.2309687,-1.226471,-12486656
103,102,104,107,"null","null","null",4,17.4,2.6331306,-0.8562327,3.8025513,-0.34807754,-12486656
104,103,105,106,"null","null","null",2,17.4,1.6917396,-2.126786,3.5885649,-0.57549936,-12486656
107,103,108,109,"null","null","null",2,17.4,3.795208,-0.7052629,0.55371547,-2.27918,-16731116
110,102,111,114,"null","null","null",3,17.4,3.3814647,-1.1971924,0.31716013,-2.9699798,-11184866
111,110,112,113,"null","null","null",2,17.4,3.795208,-0.39551544,0.6459124,-2.27918,-8572416
115,101,116,119,"null","null","null",4,17.4,1.7924002,-2.305416,0.60018545,-3.6229687,-16731116
116,115,117,118,"null","null","null",2,17.4,2.8755488,-1.1971924,0.63761246,-3.1081684,-16731116
119,115,120,121,"null","null","null",2,5.0,0.52348596,-3.7908032,2.0102348,-1.4433274,-12486656
124,60,125,148,"null","null","null",15,17.599998,0.59770155,-2.8537714,0.8857589,-3.4965987,-11184866
125,124,126,147,"Myosorex","null","null",12,17.4,2.1597228,-2.0763724,0.4839717,-3.570377,-11184866
126,125,127,138,"null","null","null",11,17.4,3.2514203,-0.88666254,0.64591175,-3.0087118,-11184866
127,126,128,133,"null","null","null",6,17.4,3.5280132,-0.4185676,1.865274,-2.3703713,-8572416
128,127,129,132,"null","null","null",3,17.4,3.0657163,-0.61675906,3.1667287,-1.4052919,-8572416
129,128,130,131,"null","null","null",2,17.4,2.3408237,-0.65809226,3.7190394,-0.34807754,-11184866
133,127,134,137,"null","null","null",3,17.4,1.7924002,-2.1365619,0.60018545,-3.6229687,-8572416
134,133,135,136,"null","null","null",2,17.4,2.8755488,-1.1971924,0.63761246,-3.1081684,-8572416
138,126,139,144,"null","null","null",5,17.4,0.35782748,-2.7521367,0.9025998,-3.4687874,-12486656
139,138,140,143,"null","null","null",3,17.4,1.7924002,-2.1365619,0.462883,-3.6229687,-16731116
140,139,141,142,"null","null","null",2,17.4,2.8755488,-1.1971924,0.63761246,-3.1081684,-16731116
144,138,145,146,"null","null","null",2,17.4,0.866508,-3.4392142,2.4199028,-0.38339403,-8572416
148,124,149,152,"null","null","null",3,17.599998,0.8449222,-3.7671332,2.4523,-0.3955606,-11184866
149,148,150,151,"Surdisorex","null","null",2,5.7,0.5235946,-3.7564623,1.9384077,-1.6186262,-11184866
153,1,154,183,"ERINACEOMORPHA","null","Hedgehogs and Gymnuras",22,61.899998,0.82172704,-2.677444,0.86650753,-3.5626502,-16731116
154,153,155,170,"","null","Hedgehogs",15,18.099998,2.3869934,-1.9868143,0.5042357,-3.5713465,-16731116
155,154,156,163,"null","null","null",8,12.6,3.4434724,-0.7673198,0.6527473,-2.9853287,-16731116
156,155,157,160,"Erinaceus","null","null",4,7.8,3.682302,-0.44105315,1.6104288,-2.3868947,-16731116
157,156,158,159,"null","null","null",2,5.5,3.2227097,-0.6278822,2.7384799,-1.3026892,-16731116
160,156,161,162,"null","null","null",2,5.5,1.2662215,-2.0763724,0.5624025,-3.8140683,-16731116
163,155,164,169,"Atelerix","null","null",4,12.4,0.45198405,-2.6608334,0.8857589,-3.4827127,-16731116
164,163,165,168,"null","null","null",3,10.1,1.9702901,-2.0763724,0.4839717,-3.5523252,-16731116
165,164,166,167,"null","null","null",2,5.5,3.0051577,-1.0892141,0.64591175,-2.9852443,-16731116
170,154,171,180,"null","null","null",7,18.099998,0.44286698,-3.4099584,1.909426,-2.5790346,-16731116
171,170,172,177,"null","null","null",5,17.8,0.6619246,-2.745932,0.49051535,-3.4827123,-16731116
172,171,173,176,"Paraechinus","null","null",3,13.5,1.9702911,-2.0763721,0.48397177,-3.5523243,-16731116
173,172,174,175,"null","null","null",2,8.1,3.0051584,-1.0892134,0.6459118,-2.9852433,-16731116
177,171,178,179,"Hemiechinus","null","null",2,8.5,0.8449222,-3.5244946,2.3807096,-0.39556065,-16731116
180,170,181,182,"Mesechinus","null","null",2,8.7,1.6917375,-2.126789,3.5885634,-0.35960135,-16731116
183,153,184,191,"","null","Gymnures",7,47.199997,0.82108724,-3.4558206,2.7422667,-0.9977243,-12486656
184,183,185,188,"null","null","null",4,26.0,0.5419729,-3.2755442,1.9094256,-2.4725256,-12486656
185,184,186,187,"null","null","null",2,13.6,0.66192466,-2.5711937,0.7547028,-3.34425,-12486656
188,184,189,190,"Hylomys","null","null",2,13.6,1.6917372,-2.1267898,3.588563,-0.3596012,-12486656
191,183,192,195,"null","null","null",3,18.3,2.3408232,-0.8562368,3.8025508,-0.76705474,-12486656
192,191,193,194,"Podogymnura","null","null",2,12.9,1.6917374,-2.1267896,3.588563,-0.5754997,-12486656
196,0,197,266,"Talpidae","null","Moles and Desmans",39,61.3,0.4014834,-3.4101985,1.6207755,-2.7222068,-16731116
197,196,198,263,"null","null","null",35,41.2,0.82466614,-2.7414126,0.4148242,-3.5626502,-16731116
198,197,199,244,"null","null","null",33,41.100002,2.390814,-2.0236816,0.50423574,-3.5713463,-16731116
199,198,200,243,"null","null","null",23,40.9,3.4484386,-0.9791815,0.6527473,-2.9853282,-16731116
200,199,201,240,"null","null","null",22,39.9,3.6887574,-0.44105333,1.8643903,-2.3868942,-16731116
201,200,202,239,"null","null","null",20,34.0,3.2311015,-0.62788224,3.068629,-1.3026884,-16731116
202,201,203,236,"null","null","null",19,29.1,2.5840425,-1.497258,3.489027,-0.37198827,-16731116
203,202,204,229,"null","null","null",17,29.1,1.4333925,-2.8730516,3.1200063,-0.5905161,-16731116
204,203,205,228,"null","null","null",13,29.1,0.41361105,-3.5465183,2.3745227,-1.052264,-16731116
205,204,206,225,"null","null","null",12,29.1,0.54197276,-3.393452,1.9094259,-2.5434277,-16731116
206,205,207,218,"null","null","null",10,25.7,0.6896833,-2.724474,0.5223319,-3.436423,-16731116
207,206,208,217,"Euroscaptor","null","null",6,19.0,2.2792983,-2.0763717,0.4839719,-3.4921477,-16731116
208,207,209,214,"null","null","null",5,19.0,3.4068663,-0.87069863,0.6459119,-2.9070134,-16731116
209,208,210,213,"null","null","null",3,19.0,3.7300906,-0.4185682,1.4250951,-2.2381644,-16731116
210,209,211,212,"null","null","null",2,19.0,3.3284154,-0.6167594,2.5944932,-1.4052875,-16731116
214,208,215,216,"null","null","null",2,19.0,0.3578278,-2.7162223,0.90259945,-3.239974,-16731116
218,206,219,224,"null","null","null",4,14.7,0.84492207,-3.4762144,2.452298,-0.8164975,-16731116
219,218,220,223,"null","null","null",3,14.7,0.523595,-3.3782663,1.938406,-2.311028,-16731116
220,219,221,222,"null","null","null",2,14.7,0.658092,-2.7162223,0.8675292,-3.239974,-16731116
225,205,226,227,"null","null","null",2,29.1,1.6917374,-2.126789,3.5885634,-0.35960123,-16731116
229,203,230,235,"null","null","null",4,29.1,3.0657163,-0.28912732,3.2309697,-1.4052911,-16731116
230,229,231,234,"null","null","null",3,29.1,2.3408237,-0.8562337,3.8025515,-0.3480777,-16731116
231,230,232,233,"null","null","null",2,29.1,1.6917387,-2.1267867,3.5885649,-0.5754995,-16731116
236,202,237,238,"null","null","null",2,29.1,3.816719,-0.6717563,0.73104715,-2.2381654,-16731116
240,200,241,242,"null","null","null",2,8.7,1.266223,-2.0763721,0.5624022,-3.814068,-16731116
244,198,245,262,"null","null","null",10,40.4,0.44286668,-3.4929113,1.8611751,-2.5434284,-16731116
245,244,246,257,"null","null","null",9,39.2,0.66192466,-2.8537712,0.5223322,-3.4364233,-16731116
246,245,247,256,"null","null","null",6,30.1,2.159725,-2.0763717,0.48397192,-3.4921482,-16731116
247,246,248,255,"null","null","null",5,29.8,3.2514215,-1.0892124,0.6459119,-2.907014,-16731116
248,247,249,254,"null","null","null",4,24.6,3.5280132,-0.41856796,1.8652767,-2.2381651,-16731116
249,248,250,253,"Scapanus","null","null",3,14.7,3.0657158,-0.6167593,3.1667309,-1.4052902,-16731116
250,249,251,252,"null","null","null",2,8.2,2.3408232,-0.6580922,3.7190404,-0.3480779,-16731116
257,245,258,261,"null","null","null",3,35.5,0.84492195,-3.7671337,2.4522986,-0.39556074,-16731116
258,257,259,260,"null","null","null",2,13.4,0.5235949,-3.7564616,1.9384065,-1.6186289,-16731116
263,197,264,265,"null","null","null",2,9.4,0.8210871,-3.59975,2.3745227,-0.40725142,-11184866
266,196,267,270,"Uropsilus","null","null",4,19.8,1.5501475,-2.9140003,3.120006,-0.3173847,-16731116
267,266,268,269,"null","null","null",2,19.8,0.41361004,-3.59975,2.3745227,-0.66423047,-16731116
270,266,271,272,"null","null","null",2,19.8,3.3284178,-0.28912753,2.5944905,-1.4052894,-16731116
