index,parent,child1,child2,name1,name2,common,richness,lengthbr,hxmax,hxmin,hymax,hymin,color
0,-268435306,1,78,"ICHTHYOPHIIDAE","null","Asiatic Tailed Caecilians",44,73.6,2.3231242,-1.8202622,3.6758344,-0.67175514,-16731116
1,0,2,69,"null","null","null",39,36.1,1.2264661,-3.1082096,3.2578819,-0.61675954,-16731116
2,1,3,50,"null","null","null",34,34.748047,0.34807864,-3.6429596,2.5906398,-1.3385688,-16731116
3,2,4,39,"null","null","null",24,34.748047,0.57550013,-3.381093,1.5297159,-2.7538188,-16731116
4,3,5,24,"null","null","null",18,34.748047,0.90351,-2.705421,0.33849257,-3.4974647,-16731116
5,4,6,17,"null","null","null",10,34.748047,2.4241428,-1.847547,0.52359533,-3.4058905,-16731116
6,5,7,14,"null","null","null",6,34.748047,3.3870213,-0.58311045,0.658092,-2.7521334,-16731116
7,6,8,13,"null","null","null",4,34.748047,3.516669,-0.46288383,2.1815722,-2.1365595,-16731116
8,7,9,12,"null","null","null",3,34.748047,2.9699774,-0.63761276,3.3814683,-1.1971881,-16731116
9,8,10,11,"null","null","null",2,34.748047,2.2791786,-0.6459122,3.795209,-0.3955164,-16731116
14,6,15,16,"null","null","null",2,34.748047,0.38339454,-2.4198968,0.8665072,-3.439218,-16777216
17,5,18,23,"null","null","null",4,34.748047,0.40148243,-3.271229,1.7788416,-2.852065,-16731116
18,17,19,22,"null","null","null",3,34.748047,0.66423047,-2.5607524,0.64113736,-3.7314634,-16731116
19,18,20,21,"null","null","null",2,34.748047,1.4433353,-2.0102317,0.5042362,-3.7908018,-16731116
24,4,25,38,"null","null","null",8,34.748047,0.7950965,-3.6143312,2.3612092,-1.3502469,-12486656
25,24,26,33,"null","null","null",7,34.748047,0.5592978,-3.4101982,1.6207731,-2.8520656,-12486656
26,25,27,30,"null","null","null",4,34.748047,0.66423047,-2.7414122,0.41482216,-3.7314637,-11184866
27,26,28,29,"null","null","null",2,34.748047,1.4433353,-2.0102317,0.50423634,-3.7908018,-11184866
30,26,31,32,"null","null","null",2,34.748047,0.8210864,-3.5997517,2.3745222,-0.40725172,-11513776
33,25,34,37,"null","null","null",3,34.748047,1.6001961,-2.9140038,3.1200056,-0.31738356,-16731116
34,33,35,36,"null","null","null",2,34.748047,0.41360694,-3.5997517,2.3745222,-0.66423047,-16731116
39,3,40,47,"null","null","null",6,34.748047,1.4209534,-2.8598056,3.0981102,-0.2750001,-16731116
40,39,41,46,"null","null","null",4,34.748047,0.3238799,-3.4240847,2.3612094,-1.1773202,-16731116
41,40,42,45,"null","null","null",3,34.748047,0.55929774,-3.162878,1.7788416,-2.6272612,-16731116
42,41,43,44,"null","null","null",2,34.748047,0.66423047,-2.419896,0.64113736,-3.4392183,-11513776
47,39,48,49,"null","null","null",2,34.748047,3.222705,-0.30319995,2.7384856,-1.3026851,-11513776
50,2,51,64,"null","null","null",10,34.748047,2.4621472,-1.5568576,3.6996102,-0.7052613,-12486656
51,50,52,61,"null","null","null",7,34.748047,1.4209538,-2.8598053,3.3383734,-0.60428786,-12486656
52,51,53,58,"null","null","null",5,34.748047,0.32387987,-3.4240847,2.6735516,-1.1773202,-16731116
53,52,54,57,"null","null","null",3,34.748047,0.55929774,-3.162878,1.7788416,-2.6272612,-11513776
54,53,55,56,"null","null","null",2,34.748047,0.66423047,-2.419896,0.64113736,-3.4392183,-11513776
58,52,59,60,"null","null","null",2,34.748047,2.313443,-0.43901792,3.7626076,-0.7370694,-16731116
61,51,62,63,"null","null","null",2,34.748047,3.2227054,-0.30319992,2.7384853,-1.3026854,-11184866
64,50,65,68,"null","null","null",3,34.748047,3.6822996,-0.6366832,1.6104357,-2.1905618,-11513776
65,64,66,67,"null","null","null",2,34.748047,3.2227054,-0.62788254,2.7384856,-1.3026853,-11513776
69,1,70,75,"null","null","null",5,15.859077,2.969977,-0.31716076,3.3591158,-1.0122098,-11513776
70,69,71,74,"null","null","null",3,15.859077,2.2791781,-1.2371216,3.76615,-0.39551654,-11513776
71,70,72,73,"null","null","null",2,15.859077,1.5045884,-2.4441485,3.4248753,-0.60428786,-11513776
75,69,76,77,"null","null","null",2,15.859077,3.1267955,-0.9791788,0.3445288,-2.8544202,-11513776
78,0,79,86,"","null","Indian Caecilians",5,39.6,3.5166688,-0.60018384,2.1643782,-2.1365592,-11513776
79,78,80,85,"null","null","null",4,39.6,2.969977,-0.6376128,3.3591158,-1.1971873,-11513776
80,79,81,84,"null","null","null",3,39.6,2.2791781,-1.2371216,3.76615,-0.39551657,-11513776
81,80,82,83,"null","null","null",2,39.6,1.5045884,-2.4441485,3.4248753,-0.60428786,-11513776
