index,parent,child1,child2,name1,name2,common,richness,lengthbr,hxmax,hxmin,hymax,hymin,color
0,-268236796,1,148,"null","null","null",75,101.1,0.34807813,-3.6330047,2.340823,-1.3840435,-12486656
1,0,2,107,"null","null","null",74,101.100006,0.5754999,-3.3681521,1.640714,-2.8129373,-12486656
2,1,3,62,"null","null","null",53,99.3,0.9035089,-2.688598,0.42327172,-3.5743198,-12486656
3,2,4,43,"null","null","null",30,98.4,2.4241421,-1.9093115,0.5235952,-3.5058026,-16777216
4,3,5,26,"null","null","null",20,89.9,3.3870208,-0.68347526,0.658092,-2.8820195,-16777216
5,4,6,23,"null","null","null",11,58.9,3.516668,-0.4628839,2.015647,-2.3054116,-16777216
6,5,7,22,"null","null","null",9,58.9,2.969976,-0.6376129,3.1657646,-1.197186,-16777216
7,6,8,21,"null","null","null",8,48.3,2.2791777,-1.6061778,3.5147924,-0.3955168,-16777216
8,7,9,18,"null","null","null",7,48.3,1.4209505,-2.9239202,3.0981097,-0.6042881,-16777216
9,8,10,17,"null","null","null",5,48.3,0.32388037,-3.5074317,2.361209,-1.3502498,-16777216
10,9,11,16,"null","null","null",4,48.3,0.55929816,-3.2712276,1.7788392,-2.8520675,-16777216
11,10,12,15,"null","null","null",3,48.3,0.66423047,-2.5607505,0.64113533,-3.731464,-16777216
12,11,13,14,"null","null","null",2,29.3,1.4433398,-2.0102303,0.5042366,-3.7908006,-16777216
18,8,19,20,"null","null","null",2,48.3,3.222702,-0.30320022,2.7384892,-1.3026825,-16777216
23,5,24,25,"null","null","null",2,18.6,1.4433382,-2.010231,0.523484,-3.7908013,-16777216
26,4,27,42,"","null","Whorltail Iguanas",9,40.5,0.75179124,-2.645718,0.86650705,-3.4732869,-16777216
27,26,28,39,"null","null","null",8,40.5,2.2960746,-2.1206875,0.50423634,-3.4551716,-16777216
28,27,29,38,"null","null","null",6,40.2,3.325274,-0.9791769,0.6527475,-2.8343005,-16777216
29,28,30,37,"null","null","null",5,32.2,3.5286398,-0.44105422,2.0426855,-2.1905606,-16777216
30,29,31,36,"null","null","null",4,28.6,3.0229464,-0.6278828,3.300408,-1.3026825,-16777216
31,30,32,35,"null","null","null",3,18.7,2.3134422,-1.0472604,3.790334,-0.3719896,-16777216
32,31,33,34,"null","null","null",2,15.0,1.6001931,-2.2880492,3.5117016,-0.59051704,-16777216
39,27,40,41,"null","null","null",2,40.5,0.4428653,-3.7111802,1.8611718,-1.7914302,-16777216
43,3,44,61,"","null","Curly-tailed Lizards",10,28.5,0.40148264,-3.4101982,1.7788414,-2.6534677,-16777216
44,43,45,58,"null","null","null",9,26.2,0.75179124,-2.7414122,0.41482198,-3.4732869,-16777216
45,44,46,57,"null","null","null",7,26.0,2.2960746,-2.010231,0.50423634,-3.4551716,-16777216
46,45,47,56,"null","null","null",6,25.9,3.325274,-0.9791769,0.6527475,-2.8343005,-16777216
47,46,48,55,"null","null","null",5,22.6,3.5286398,-0.44105422,2.02628,-2.1905606,-16777216
48,47,49,52,"null","null","null",4,17.2,3.0229464,-0.6278828,3.2790809,-1.1514504,-16777216
49,48,50,51,"null","null","null",2,8.7,2.3134422,-0.6527473,3.7626088,-0.3719896,-16777216
52,48,53,54,"null","null","null",2,8.7,3.005167,-1.0892061,0.33095554,-2.9852347,-16777216
58,44,59,60,"null","null","null",2,12.4,0.8210864,-3.5997522,2.3745222,-0.40725175,-16777216
62,2,63,88,"null","null","null",23,98.4,0.79509676,-3.5764785,2.551961,-1.1974791,-12486656
63,62,64,81,"null","null","null",13,91.899994,0.5592977,-3.36099,1.6207732,-2.6534677,-16731116
64,63,65,74,"null","null","null",9,42.8,0.88761854,-2.6774416,0.41482198,-3.4732869,-16731116
65,64,66,71,"null","null","null",5,42.6,2.47265,-2.1206875,0.50423634,-3.4551716,-16731116
66,65,67,70,"","null","Helmeted Iguanas",3,27.8,3.554822,-0.9791769,0.6527475,-2.8343005,-16777216
67,66,68,69,"null","null","null",2,13.8,3.827052,-0.44105422,0.9093875,-2.1905606,-16777216
71,65,72,73,"","null","Casquehead Iguanas",2,18.7,0.4428653,-3.7111802,1.8611718,-1.7914302,-16731116
74,64,75,80,"","null","Basilisks",4,42.6,0.8210864,-3.4558182,2.3745222,-0.9977322,-16777216
75,74,76,79,"null","null","null",3,24.9,0.5419736,-3.2755384,1.8611718,-2.472533,-16777216
76,75,77,78,"null","null","null",2,18.4,0.6619248,-2.5711858,0.7546971,-3.344255,-16777216
81,63,82,87,"","null","Bush Anoles",4,43.0,1.6001966,-3.0610616,3.1200056,-0.31738362,-16777216
82,81,83,86,"null","null","null",3,37.1,0.41360754,-3.7909272,2.3745224,-0.66423047,-16777216
83,82,84,85,"null","null","null",2,22.9,0.5419733,-3.711181,1.861173,-1.7914275,-16777216
88,62,89,106,"null","null","null",10,73.5,2.313443,-1.4749794,3.4890282,-0.7370695,-11184866
89,88,90,105,"null","null","null",9,62.9,1.6001972,-2.844087,3.1200058,-0.59051657,-11184866
90,89,91,104,"null","null","null",8,34.8,0.41360754,-3.5088606,2.3745224,-1.0522685,-11184866
91,90,92,101,"null","null","null",7,32.8,0.5419733,-3.3444946,1.9094224,-2.543431,-11184866
92,91,93,100,"null","null","null",5,20.4,0.72911835,-2.660829,0.7546987,-3.436424,-11184866
93,92,94,99,"","null","Spinytail Iguanas",4,16.0,2.3305619,-2.0763695,0.48397252,-3.4921467,-16777216
94,93,95,98,"null","null","null",3,15.799999,3.473506,-1.089208,0.6459121,-2.907011,-16777216
95,94,96,97,"null","null","null",2,9.2,3.8167195,-0.41856888,0.7310578,-2.238163,-16777216
101,91,102,103,"null","null","null",2,32.6,1.6917348,-2.126794,3.5885613,-0.35959995,-11184866
107,1,108,137,"null","null","null",21,101.1,1.3321738,-3.006147,3.347854,-0.27500063,-16777216
108,107,109,132,"null","null","null",15,32.699997,0.32387957,-3.61433,2.685876,-1.197477,-16777216
109,108,110,127,"null","null","null",12,32.699997,0.55929744,-3.4101982,1.6207746,-2.6534662,-16777216
110,109,111,124,"null","null","null",9,32.7,0.751789,-2.7414126,0.41482306,-3.4732866,-16777216
111,110,112,123,"null","null","null",7,32.7,2.2960727,-2.010232,0.50423604,-3.4551725,-16777216
112,111,113,122,"null","null","null",6,26.8,3.325273,-0.9791784,0.6527474,-2.834302,-16777216
113,112,114,121,"null","null","null",5,26.5,3.5286398,-0.4410539,2.0426836,-2.1905615,-16777216
114,113,115,120,"null","null","null",4,24.9,3.0229468,-0.6278826,3.3004072,-1.302684,-16777216
115,114,116,119,"null","null","null",3,22.5,2.3134425,-1.0472577,3.7903345,-0.37198922,-16777216
116,115,117,118,"null","null","null",2,11.0,1.6001946,-2.288047,3.511703,-0.5905168,-16777216
124,110,125,126,"null","null","null",2,26.3,0.82108676,-3.5997515,2.3745224,-0.40725157,-16777216
127,109,128,131,"null","null","null",3,21.8,1.6001978,-2.9140012,3.120006,-0.31738424,-16777216
128,127,129,130,"null","null","null",2,13.7,0.4136094,-3.5997503,2.3745227,-0.66423047,-16777216
132,108,133,136,"null","null","null",3,32.7,2.3134434,-1.0472503,3.7903354,-0.73706996,-11513776
133,132,134,135,"null","null","null",2,32.7,1.6001987,-2.2880404,3.5117064,-0.5905163,-11513776
137,107,138,147,"","null","Lava Lizards",6,33.6,3.0229483,-0.30319974,3.0686307,-1.3026869,-16777216
138,137,139,146,"null","null","null",5,33.6,2.3134434,-1.6418805,3.4890275,-0.37198862,-16777216
139,138,140,145,"null","null","null",4,33.6,1.6001987,-3.0610595,3.120006,-0.5905163,-16777216
140,139,141,144,"null","null","null",3,33.6,0.4136094,-3.7909265,2.3745227,-0.66423047,-16777216
141,140,142,143,"null","null","null",2,33.4,0.541973,-3.7111814,1.8611743,-1.7914251,-16777216
