index,parent,child1,child2,name1,name2,common,richness,lengthbr,hxmax,hxmin,hymax,hymin,color
0,-268435333,1,40,"Xenarthra","null","Armadillos, Anteaters and Sloths",29,71.3,2.5434296,-1.8248668,0.44286627,-3.409958,-16731116
1,0,2,37,"","null","Armadillos",20,71.3,3.4364238,-0.49051434,0.6764308,-2.7459316,-16731116
2,1,3,26,"null","null","null",18,40.2,3.4921482,-0.48397207,2.2620697,-2.0607538,-16731116
3,2,4,17,"null","null","null",12,32.5,2.907014,-0.6459119,3.3844695,-0.8866605,-16731116
4,3,5,16,"null","null","null",7,22.2,2.238165,-1.9146914,3.7009754,-0.41856802,-12486656
5,4,6,13,"null","null","null",6,20.9,1.2878847,-3.2309701,3.2905664,-0.6167593,-16731116
6,5,7,10,"Cabassous","null","Naked-tailed Armadillos",4,17.8,0.34807813,-3.8025503,2.6331294,-0.85624,-16731116
7,6,8,9,"null","null","null",2,17.8,0.5754999,-3.5885615,1.6917357,-2.1267927,-16731116
10,6,11,12,"null","null","null",2,17.8,2.2791789,-0.55372137,3.7952094,-0.7052618,-16731116
13,5,14,15,"Tolypeutes","null","Three-banded Armadillos",2,8.9,3.1081653,-0.3171605,2.8755522,-1.1971898,-12486656
17,3,18,23,"null","null","null",5,8.0,3.4687877,-0.9025996,0.3578277,-2.7521353,-16731116
18,17,19,22,"Chaetophractus","null","Hairy Armadillos",3,7.8,3.6229672,-0.46288335,1.792403,-2.136561,-16731116
19,18,20,21,"null","null","null",2,7.8,3.1081662,-0.6376126,2.875551,-1.1971906,-12486656
23,17,24,25,"null","null","null",2,7.8,0.38339424,-2.4199004,0.86650753,-3.439216,-16731116
26,2,27,36,"Dasypus","null","Long-nosed Armadillos",6,10.8,2.4870381,-1.9384066,0.48358738,-3.405892,-16731116
27,26,28,33,"null","null","null",5,10.8,3.4687877,-0.58311385,0.6580919,-2.7521353,-16731116
28,27,29,32,"null","null","null",3,10.8,3.6229672,-0.46288335,1.792403,-2.136561,-16731116
29,28,30,31,"null","null","null",2,10.8,3.1081662,-0.6376126,2.875551,-1.1971906,-12486656
33,27,34,35,"null","null","null",2,10.8,0.38339424,-2.4199004,0.86650753,-3.439216,-16731116
37,1,38,39,"","null","Fairy Armadillos",2,11.2,0.3955608,-2.3807096,0.8449218,-3.5244951,-16777216
40,0,41,50,"null","null","null",9,71.3,0.3596006,-3.3983083,1.5297172,-2.7374723,-16731116
41,40,42,47,"FOLIVORA","null","Sloths",5,31.0,0.8164971,-2.7278008,0.33849376,-3.4762158,-16731116
42,41,43,46,"Bradypodidae","null","null",3,14.5,2.311027,-1.938406,0.52359504,-3.3782682,-12486656
43,42,44,45,"null","null","null",2,1.1,3.2399726,-0.8675306,0.658092,-2.7162244,-16731116
47,41,48,49,"Megalonychidae","null","null",2,4.7,0.7950969,-3.6646845,2.3612094,-0.41842023,-16731116
50,40,51,56,"VERMILINGUA","null","Anteaters",4,50.0,1.5045896,-3.1510837,3.0981104,-0.27500075,-16731116
51,50,52,55,"Myrmecophagidae","null","null",3,16.7,0.32387954,-3.8027477,2.3612094,-0.6648374,-16731116
52,51,53,54,"Tamandua","null","null",2,14.7,0.55929744,-3.6551414,1.7788428,-1.9610348,-16731116
