index,parent,child1,child2,name1,name2,common,richness,lengthbr,hxmax,hxmin,hymax,hymin,color
0,-268130102,1,108,"null","null","null",59,100.100006,3.4995842,-0.7260081,0.6580919,-2.767278,-16777216
1,0,2,99,"null","null","null",54,93.8,3.663003,-0.46288335,2.0156415,-2.1562462,-16777216
2,1,3,94,"null","null","null",49,87.3,3.1602125,-0.6376126,3.165761,-1.0032719,-16777216
3,2,4,91,"null","null","null",46,87.3,2.5264835,-1.6694238,3.5147917,-0.39551586,-16777216
4,3,5,72,"null","null","null",44,72.8,1.3321762,-3.0061445,3.0981112,-0.60428745,-16777216
5,4,6,71,"null","null","null",34,72.8,0.323879,-3.6143293,2.3612099,-1.2130133,-16777216
6,5,7,50,"null","null","null",33,68.399994,0.5592972,-3.4101985,1.7465004,-2.6736648,-16777216
7,6,8,47,"null","null","null",22,59.0,0.7517865,-2.7414126,0.41482425,-3.4995463,-16777216
8,7,9,38,"null","null","null",20,43.9,2.2960706,-1.957719,0.50423574,-3.4893112,-16777216
9,8,10,31,"null","null","null",15,30.0,3.3252718,-0.80514,0.6527473,-2.8786826,-16777216
10,9,11,22,"null","null","null",11,29.8,3.5286398,-0.44105357,1.864394,-2.2438169,-16777216
11,10,12,21,"null","null","null",6,23.0,3.0229478,-0.6278824,3.0686321,-1.3026856,-16777216
12,11,13,20,"null","null","null",5,23.0,2.3134432,-1.6418834,3.4890285,-0.37198886,-16777216
13,12,14,19,"null","null","null",4,23.0,1.6001961,-3.0610616,3.1200058,-0.59051657,-16777216
14,13,15,18,"null","null","null",3,23.0,0.41360605,-3.790927,2.3745227,-0.66423047,-16777216
15,14,16,17,"null","null","null",2,23.0,0.5419735,-3.7111802,1.8611722,-1.7914294,-16777216
22,10,23,28,"null","null","null",5,20.7,2.3305597,-2.216561,0.56240153,-3.4921474,-16777216
23,22,24,27,"null","null","null",3,20.7,3.4735045,-1.0892096,0.645912,-2.9070122,-16777216
24,23,25,26,"null","null","null",2,20.7,3.816719,-0.41856855,0.7310552,-2.238164,-16777216
28,22,29,30,"null","null","null",2,20.7,0.48358673,-3.756461,1.9384048,-1.6186329,-16777216
31,9,32,35,"null","null","null",4,30.0,0.37080014,-2.745932,0.88575864,-3.6840544,-16777216
32,31,33,34,"null","null","null",2,20.0,1.2662282,-2.0763705,0.48397225,-3.8140674,-16777216
35,31,36,37,"null","null","null",2,9.6,0.8449216,-3.5244966,2.3807096,-0.3955609,-16777216
38,8,39,44,"null","null","null",5,28.2,0.44286656,-3.3444955,1.9094243,-2.7339146,-16777216
39,38,40,43,"null","null","null",3,26.8,0.6619247,-2.6608305,0.7547004,-3.6840544,-16777216
40,39,41,42,"null","null","null",2,24.4,1.2662282,-2.0763705,0.48397225,-3.8140674,-16777216
44,38,45,46,"null","null","null",2,11.6,1.691736,-2.1267915,3.5885625,-0.3596006,-16777216
47,7,48,49,"","null","Spined Tegus",2,14.2,0.8210871,-3.5997503,2.3745227,-0.4072514,-16777216
50,6,51,68,"null","null","null",11,47.6,1.5501486,-2.844085,3.4028864,-0.3173849,-16777216
51,50,52,63,"null","null","null",9,29.5,0.29948753,-3.5088606,2.7422671,-1.198791,-16777216
52,51,53,58,"null","null","null",6,27.2,0.54197276,-3.3444967,1.7062044,-2.733913,-16777216
53,52,54,57,"null","null","null",3,27.0,0.66192466,-2.660832,0.75470227,-3.684054,-16777216
54,53,55,56,"null","null","null",2,11.3,1.2662256,-2.0763717,0.4839719,-3.8140678,-16777216
58,52,59,62,"null","null","null",3,18.8,1.6917374,-2.7746086,3.1313152,-0.35960123,-16777216
59,58,60,61,"null","null","null",2,18.8,0.52729416,-3.5244944,2.3807096,-0.665,-16777216
63,51,64,67,"null","null","null",3,20.0,2.3408232,-0.8562355,3.8025508,-0.7670549,-16777216
64,63,65,66,"null","null","null",2,2.1,1.6917381,-2.1267884,3.5885634,-0.5754996,-16777216
68,50,69,70,"null","null","null",2,35.9,3.3284187,-0.2891274,2.5944886,-1.4052902,-16777216
72,4,73,90,"","null","Spectacled Lizards",10,32.1,3.0229492,-0.30319944,3.0686283,-1.3026892,-16777216
73,72,74,89,"null","null","null",9,29.9,2.3134441,-1.4749742,3.489027,-0.3719881,-16777216
74,73,75,88,"null","null","null",8,23.5,1.6002007,-2.8440835,3.1200066,-0.590516,-16777216
75,74,76,87,"null","null","null",7,13.4,0.41361272,-3.5088603,2.374523,-1.0522618,-16777216
76,75,77,86,"null","null","null",6,11.9,0.5419725,-3.3444977,1.8611767,-2.543426,-16777216
77,76,78,85,"null","null","null",5,11.8,0.72911084,-2.6608334,0.75470394,-3.4364223,-16777216
78,77,79,84,"null","null","null",4,11.7,2.330555,-2.0763726,0.4839716,-3.4921482,-16777216
79,78,80,83,"null","null","null",3,9.5,3.473502,-1.0892128,0.6459118,-2.9070141,-16777216
80,79,81,82,"null","null","null",2,5.5,3.8167186,-0.41856784,0.73104984,-2.238165,-16777216
91,3,92,93,"","null","Spectacled Lizards",2,57.1,3.8270519,-0.6366844,0.90937686,-2.1905634,-16777216
94,2,95,98,"null","null","null",3,25.5,3.5548184,-0.97918236,0.34452838,-2.8343048,-16777216
95,94,96,97,"null","null","null",2,25.5,3.8270519,-0.44105315,0.90937686,-2.1905634,-16777216
99,1,100,105,"null","null","null",5,54.5,2.4726443,-2.1206918,0.52348524,-3.4551742,-16777216
100,99,101,104,"null","null","null",3,30.7,3.5548184,-0.97918236,0.6527473,-2.8343048,-16777216
101,100,102,103,"null","null","null",2,30.7,3.8270519,-0.44105315,0.90937686,-2.1905634,-16777216
105,99,106,107,"null","null","null",2,16.3,0.44286698,-3.7111826,1.8611758,-1.7914215,-16777216
108,0,109,114,"null","null","null",5,40.4,0.6343421,-2.7414126,0.86650753,-3.485192,-16777216
109,108,110,113,"null","null","null",3,40.4,2.143393,-2.0102336,0.5042357,-3.470651,-16777216
110,109,111,112,"null","null","null",2,40.4,3.126792,-0.97918236,0.6527473,-2.8544245,-16777216
114,108,115,116,"null","null","null",2,40.4,0.82108724,-3.5997496,2.3745227,-0.40725136,-16777216
