index,parent,child1,child2,name1,name2,common,richness,lengthbr,hxmax,hxmin,hymax,hymin,color
0,-268200850,1,89,"null","null","null",117,23.514893,3.6583157,-0.6366811,1.980167,-2.2832565,-16731116
1,0,2,66,"Cotingidae","null","Fruiteaters, Berryeaters and more",66,19.312016,3.1915236,-0.6278832,3.2191296,-1.116679,-16731116
2,1,3,51,"null","null","null",54,17.839855,2.532594,-1.5005829,3.6846676,-0.37199068,-16731116
3,2,4,40,"null","null","null",46,16.964037,1.5333138,-2.8773644,3.374333,-0.5905177,-16731116
4,3,5,37,"null","null","null",40,15.913226,0.29949018,-3.5521123,2.7051485,-1.0751622,-16731116
5,4,6,36,"null","null","null",38,13.226153,0.54197484,-3.4007156,1.8611662,-2.5731864,-16731116
6,5,7,21,"null","null","null",37,13.226154,0.6764462,-2.7339156,0.5223193,-3.475097,-16731116
7,6,-268179456,8,"null","null","null",29,12.524733,2.2620838,-2.0607436,0.483974,-3.5424151,-16731116
8,7,9,20,"null","null","null",7,8.773118,0.48358327,-3.405886,1.9383984,-2.4241524,-16731116
9,8,10,19,"null","null","null",6,6.0622225,0.65809244,-2.7521262,0.8675197,-3.3870246,-16731116
10,9,11,18,"null","null","null",5,4.9407134,2.1643877,-2.1365547,0.46288556,-3.5166664,-16731116
11,10,12,17,"null","null","null",4,3.7551074,3.35912,-1.1971784,0.6376136,-2.9699712,-16731116
12,11,13,16,"null","null","null",3,2.3278408,3.7661467,-0.3955186,1.2371399,-2.2791743,-16731116
13,12,14,15,"null","null","null",2,0.17738335,3.4248662,-0.60428905,2.4441638,-1.5045791,-16731116
21,6,22,35,"","null","Fruitcrows, Umbrellabirds and more",8,11.736401,0.8449197,-3.4974663,2.4522865,-0.90352184,-16731116
22,21,23,34,"null","null","null",7,8.906983,0.5235969,-3.405886,1.9383984,-2.4241524,-16731116
23,22,24,33,"null","null","null",6,8.785376,0.65809244,-2.7521262,0.8675197,-3.3870246,-16731116
24,23,25,32,"null","null","null",5,3.0361154,2.1643877,-2.1365547,0.46288556,-3.5166664,-16731116
25,24,26,31,"null","null","null",4,2.2850926,3.35912,-1.1971784,0.6376136,-2.9699712,-12486656
26,25,27,30,"","null","Umbrellabirds",3,1.5060713,3.7661467,-0.3955186,1.2371399,-2.2791743,-12486656
27,26,28,29,"null","null","null",2,0.7219297,3.4248662,-0.60428905,2.4441638,-1.5045791,-12486656
37,4,38,39,"null","null","null",2,6.4070034,2.3408206,-0.42902395,3.7190466,-0.76705146,-16731116
40,3,41,48,"null","null","null",6,14.667359,3.2905605,-0.28912896,3.230978,-1.2878697,-16731116
41,40,42,45,"null","null","null",4,6.1526937,2.6331244,-0.85626006,3.8025498,-0.34808072,-16731116
42,41,43,44,"null","null","null",2,2.5811715,1.6917262,-2.1268098,3.5885544,-0.57550156,-16731116
45,41,46,47,"null","null","null",2,4.385023,3.7952118,-0.70525837,0.5537423,-2.2791748,-16731116
48,40,49,50,"","null","Berryeaters",2,4.8535056,2.8755677,-1.1971774,0.31716195,-3.108151,-12486656
51,2,52,65,"null","null","null",8,14.45663,3.7009747,-0.6717526,1.9147055,-2.2381606,-12486656
52,51,53,60,"null","null","null",7,13.172694,3.2905605,-0.61676055,3.230978,-1.2264566,-12486656
53,52,54,57,"null","null","null",4,9.862272,2.6331244,-0.85626006,3.8025498,-0.34808072,-12486656
54,53,55,56,"null","null","null",2,3.7042065,1.6917262,-2.1268098,3.5885544,-0.57550156,-16731116
57,53,58,59,"null","null","null",2,3.9294374,3.7952118,-0.70525837,0.5537423,-2.2791748,-11184866
60,52,61,64,"null","null","null",3,6.3837385,3.381478,-1.1971774,0.31716195,-2.9699717,-12486656
61,60,62,63,"null","null","null",2,2.4667854,3.7952118,-0.3955187,0.6459114,-2.2791748,-12486656
66,1,67,88,"null","null","null",12,13.435562,3.384476,-1.0892012,0.33095616,-2.9070072,-16731116
67,66,68,87,"null","null","null",11,11.063189,3.7009747,-0.41857028,1.7316461,-2.2381606,-16731116
68,67,69,82,"","null","Fruiteaters",10,9.90494,3.2905605,-0.61676055,2.9930007,-1.2264566,-16731116
69,68,70,79,"null","null","null",7,8.616284,2.6331244,-1.4981501,3.4931793,-0.34808072,-16731116
70,69,71,76,"null","null","null",5,6.209527,1.674933,-2.9612668,3.1863725,-0.57550156,-16731116
71,70,72,75,"null","null","null",3,4.5693345,0.5272789,-3.767137,2.4522848,-0.665,-16731116
72,71,73,74,"null","null","null",2,2.4463375,0.5235972,-3.7564566,1.9383972,-1.6186507,-16731116
76,70,77,78,"null","null","null",2,2.2898748,3.424866,-0.2750013,2.4441643,-1.5045784,-16731116
79,69,80,81,"null","null","null",2,2.433109,3.7952118,-0.70525837,0.5537423,-2.2791748,-16731116
82,68,83,86,"null","null","null",3,4.3016872,3.381478,-1.1971774,0.31716195,-2.9699717,-16731116
83,82,84,85,"null","null","null",2,2.5200665,3.7952118,-0.3955187,0.6459114,-2.2791748,-16731116
89,0,90,177,"Pipridae","null","Manakins",51,13.131666,2.2575593,-2.0607443,0.5623986,-3.5808983,-16731116
90,89,91,144,"null","null","null",44,10.086878,3.3785963,-0.8933769,0.6459125,-3.0223866,-16731116
91,90,92,129,"null","null","null",27,7.481305,3.693331,-0.41857028,1.8281112,-2.388154,-16731116
92,91,93,116,"null","null","null",19,6.8102975,3.2806237,-0.61676055,3.1184053,-1.3110039,-16731116
93,92,94,111,"null","null","null",12,6.23985,2.6202066,-1.3385813,3.6562052,-0.34808072,-16731116
94,93,95,108,"null","null","null",9,5.424727,1.674933,-2.7538273,3.3983064,-0.57550156,-16731116
95,94,96,105,"null","null","null",7,4.427754,0.33848524,-3.4974658,2.727799,-1.0443985,-16731116
96,95,97,102,"null","null","null",5,4.309251,0.5235972,-3.4058843,2.0181632,-2.6072912,-16731116
97,96,98,101,"null","null","null",3,1.6982752,0.6580925,-2.7521236,0.86751616,-3.6251037,-16731116
98,97,99,100,"null","null","null",2,1.0882804,1.0880305,-2.136553,0.46288618,-3.8261662,-16731116
102,96,103,104,"null","null","null",2,3.7412076,1.7788322,-1.961056,3.6551337,-0.4014782,-16731116
105,95,106,107,"null","null","null",2,1.4190867,2.3612077,-0.41842145,3.6646914,-0.7950939,-16731116
108,94,109,110,"null","null","null",2,1.0902632,3.424866,-0.2750013,2.4441643,-1.5045784,-16731116
111,93,112,115,"null","null","null",3,1.2841631,3.7661467,-0.70525837,1.2371405,-2.2791748,-16731116
112,111,113,114,"null","null","null",2,0.58163553,3.424866,-0.6042891,2.4441643,-1.5045784,-16731116
116,92,117,124,"null","null","null",7,6.1805496,3.3591201,-1.0032575,0.31716195,-3.160203,-16731116
117,116,118,121,"null","null","null",4,0.7193527,3.7661467,-0.3955187,1.2371405,-2.5264754,-16731116
118,117,119,120,"null","null","null",2,0.32434255,3.424866,-0.6042891,2.4441643,-1.5045784,-16731116
121,117,122,123,"null","null","null",2,0.2244739,0.90940213,-2.1905565,0.63667977,-3.8270524,-16731116
124,116,125,128,"null","null","null",3,3.7751026,0.34453002,-2.8342943,0.9791679,-3.5548282,-16731116
125,124,126,127,"null","null","null",2,1.6735916,0.90940213,-2.1905565,0.441056,-3.8270524,-16731116
129,91,130,143,"null","null","null",8,4.0065894,2.1643882,-2.1365545,0.60018086,-3.6629987,-16731116
130,129,131,138,"null","null","null",7,3.6208053,3.3591201,-1.0032575,0.63761365,-3.160203,-16731116
131,130,132,135,"null","null","null",4,2.7665548,3.7661467,-0.3955187,1.2371405,-2.5264754,-16731116
132,131,133,134,"null","null","null",2,2.3470454,3.424866,-0.6042891,2.4441643,-1.5045784,-16731116
135,131,136,137,"null","null","null",2,1.8020338,0.90940213,-2.1905565,0.63667977,-3.8270524,-16731116
138,130,139,142,"null","null","null",3,2.1969254,0.34453002,-2.8342943,0.9791679,-3.5548282,-16731116
139,138,140,141,"null","null","null",2,1.3246955,0.90940213,-2.1905565,0.441056,-3.8270524,-16731116
144,90,145,168,"null","null","null",17,9.306476,0.4418844,-2.7672648,0.902598,-3.3870254,-16731116
145,144,146,159,"null","null","null",12,7.190993,2.0156589,-2.1562352,0.46288565,-3.516667,-16731116
146,145,147,156,"null","null","null",7,3.3501124,3.165772,-1.0121963,0.63761365,-2.9699717,-16731116
147,146,148,155,"null","null","null",5,2.9359245,3.5147939,-0.3955187,1.6992416,-2.2791748,-16731116
148,147,149,152,"null","null","null",4,2.1214437,3.0981073,-0.6042891,3.0448956,-1.4209398,-16731116
149,148,150,151,"null","null","null",2,0.85519093,2.3612077,-0.6619245,3.6646914,-0.32388234,-16731116
152,148,153,154,"null","null","null",2,1.0547069,2.7385008,-1.3026739,0.30320135,-3.222693,-16731116
156,146,157,158,"null","null","null",2,1.4724804,0.34453002,-2.8544066,0.9791679,-3.1268075,-11184866
159,145,160,167,"null","null","null",5,6.15306,0.5234808,-3.455168,2.0102253,-2.3870053,-16731116
160,159,161,166,"null","null","null",4,2.9589896,0.652748,-2.8342943,0.9791679,-3.443475,-16731116
161,160,162,165,"null","null","null",3,1.8124741,1.6104554,-2.1905565,0.441056,-3.6822934,-16731116
162,161,163,164,"null","null","null",2,0.86169577,2.7385008,-1.3026739,0.62788355,-3.222693,-16731116
168,144,169,174,"null","null","null",5,8.795417,0.8665054,-3.48519,2.7414112,-0.6343645,-16731116
169,168,170,173,"null","null","null",3,4.633312,0.50423795,-3.470639,2.0102253,-2.1434145,-16731116
170,169,171,172,"null","null","null",2,2.9970062,0.652748,-2.8544066,0.9791679,-3.1268075,-16731116
174,168,175,176,"null","null","null",2,3.8613493,2.3745215,-0.40725267,3.5997572,-0.8210844,-16731116
177,89,178,187,"null","null","null",7,7.5138607,0.4835837,-3.4058857,2.0181665,-2.424152,-16731116
178,177,179,186,"null","null","null",5,4.3998346,0.6580924,-2.7521257,0.8675192,-3.3870254,-16731116
179,178,180,185,"null","null","null",4,3.2995305,2.1815865,-2.1365545,0.46288565,-3.516667,-16731116
180,179,181,184,"null","null","null",3,1.7367506,3.381478,-1.1971774,0.63761365,-2.9699717,-16731116
181,180,182,183,"null","null","null",2,1.1202115,3.7952118,-0.3955187,0.6459114,-2.2791748,-16731116
187,177,188,189,"null","null","null",2,2.5534236,1.7788352,-1.9610496,3.655136,-0.40147927,-16731116
