index,parent,child1,child2,name1,name2,common,richness,lengthbr,hxmax,hxmin,hymax,hymin
0,-268246014,1,47,"null","null","null",10249,244.2,2.806993,-0.658092,3.4642153,-0.71799994
1,0,-268253184,2,"null","null","null",10016,240.4,2.2078767,-2.1091526,3.6170216,-0.46288377
2,1,3,32,"","null","Crocodilians",23,87.14136,3.5713453,-0.5234846,2.3773348,-1.9868128
3,2,4,29,"","null","Crocodiles",15,54.534466,2.9853268,-0.65274733,3.4309144,-0.7274779
4,3,5,26,"null","null","null",13,22.104153,2.3868933,-1.980154,3.665975,-0.44105357
5,4,6,21,"null","null","null",11,11.299251,1.1166892,-3.2191207,3.2014842,-0.62788236
6,5,7,16,"null","null","null",8,10.212351,0.3719885,-3.6846654,2.54554,-1.6418813
7,6,8,15,"null","null","null",5,6.819305,0.5905163,-3.3743353,1.6001976,-3.0610604
8,7,9,12,"null","null","null",4,4.0756254,0.66423047,-2.7051506,0.29948795,-3.790927
9,8,10,11,"null","null","null",2,1.7888678,1.7914267,-1.8611735,0.54197323,-3.7111812
12,8,13,14,"null","null","null",2,3.4169617,0.76705414,-3.7190418,2.3408225,-0.42902303
16,6,17,20,"null","null","null",3,8.824527,2.2381644,-1.4250932,3.7300913,-0.6717557
17,16,18,19,"null","null","null",2,5.947967,1.4052893,-2.5944912,3.3284168,-0.6167594
21,5,22,25,"null","null","null",3,10.059086,2.907014,-0.3309549,3.4735026,-1.0892122
22,21,23,24,"null","null","null",2,4.52793,2.238165,-0.7310497,3.8167186,-0.41856802
26,4,27,28,"null","null","null",2,17.705679,3.8140678,-0.56240183,1.2662247,-2.0763712
29,3,30,31,"null","null","null",2,23.231077,3.344251,-0.88575864,0.37080014,-2.5711923
32,2,33,44,"null","null","null",8,65.48392,2.5434296,-1.9094241,0.44286627,-3.409958
33,32,34,41,"","null","Caimans",6,25.371872,3.4364238,-0.49051434,0.7291132,-2.7459316
34,33,35,40,"null","null","null",4,12.428252,3.4921482,-0.48397207,2.3305569,-2.0763712
35,34,36,39,"null","null","null",3,8.335331,2.907014,-0.6459119,3.4735026,-1.0892122
36,35,37,38,"null","null","null",2,3.2833571,2.238165,-0.7310497,3.8167186,-0.41856802
41,33,42,43,"null","null","null",2,9.527395,0.3955608,-2.3807096,0.8449218,-3.5244951
44,32,45,46,"","null","Alligators",2,47.254513,0.3596006,-3.588562,1.691736,-2.1267917
47,0,48,206,"Testudines","null","Turtles, Tortoises and Terrapins",233,209.2285,3.4995472,-0.8665072,0.805539,-2.7233973
48,47,49,153,"null","null","null",214,162.2443,3.4893112,-0.50423604,2.3659477,-1.9827056
49,48,50,148,"null","null","null",187,112.1235,2.8786826,-0.65274733,3.4161112,-0.76731753
50,49,51,135,"null","null","null",184,90.98303,2.2438178,-1.9506574,3.646731,-0.44105357
51,50,52,130,"null","null","null",177,82.422516,1.1166892,-3.1807752,3.1764662,-0.62788236
52,51,-268273664,53,"null","null","null",174,77.2683,0.3719885,-3.634816,2.5130167,-1.4721657
53,52,54,129,"null","null","null",39,38.791927,2.2381644,-1.8495796,3.6569135,-0.6717557
54,53,55,108,"null","null","null",38,33.99327,1.3110167,-3.1463237,3.2332857,-0.6167594
55,54,56,89,"null","null","null",27,17.764652,0.34807813,-3.6925101,2.5586643,-1.343868
56,55,57,88,"null","null","null",17,8.893874,0.5754999,-3.4455094,1.6917357,-2.760709
57,56,58,83,"null","null","null",16,7.6950607,0.9701148,-2.7891622,0.33849317,-3.5064232
58,57,59,82,"null","null","null",13,4.408071,2.5107298,-1.9384052,0.5235952,-3.4175372
59,58,60,81,"null","null","null",12,2.154237,3.499585,-0.8675283,0.658092,-2.767274
60,59,61,72,"","null","Map Turtles",11,1.2113147,3.6630013,-0.4628839,2.015647,-2.1562426
61,60,62,71,"null","null","null",6,0.85237885,3.1602092,-0.6376129,3.1657646,-1.197186
62,61,63,68,"null","null","null",5,0.7386313,2.5264807,-1.6992283,3.5147924,-0.3955168
63,62,64,67,"null","null","null",3,0.68344235,1.5045863,-3.0448856,3.0981097,-0.6042881
64,63,65,66,"null","null","null",2,0.5687201,0.32388037,-3.664687,2.361209,-0.66192466
68,62,69,70,"null","null","null",2,0.23850387,3.827052,-0.6366827,0.9093875,-2.1905606
72,60,73,80,"null","null","null",5,0.71779364,2.47265,-2.010231,0.523484,-3.4551716
73,72,74,77,"null","null","null",4,0.4597754,3.554822,-0.72747266,0.6527475,-2.8343005
74,73,75,76,"null","null","null",2,0.18202658,3.827052,-0.44105422,0.9093875,-2.1905606
77,73,78,79,"null","null","null",2,0.17742424,0.37080052,-2.5711858,0.88575804,-3.344255
83,57,84,87,"null","null","null",3,5.9843507,0.79509676,-3.8027482,2.3612092,-0.66484094
84,83,85,86,"null","null","null",2,5.1069984,0.5592977,-3.6551406,1.7788414,-1.9610381
89,55,90,107,"null","null","null",10,11.467323,2.2791789,-1.5568547,3.6276631,-0.7052618
90,89,91,106,"","null","Cooters",9,1.1914824,1.5045903,-2.8598032,3.244843,-0.6042876
91,90,92,99,"null","null","null",8,0.8387264,0.3238794,-3.424084,2.5519614,-1.177318
92,91,93,96,"null","null","null",4,0.36714706,0.55929744,-3.1628785,1.7948636,-2.6272595
93,92,94,95,"null","null","null",2,0.17014812,0.66423047,-2.4198966,0.6411383,-3.4392178
96,92,97,98,"null","null","null",2,0.16683559,1.6001978,-2.2880409,3.5117064,-0.31738424
99,91,100,105,"null","null","null",4,0.5044882,2.3134434,-1.5287583,3.4890275,-0.73706996
100,99,101,104,"null","null","null",3,0.294973,1.6001987,-2.9140007,3.120006,-0.5905163
101,100,102,103,"null","null","null",2,0.15162265,0.4136094,-3.5997503,2.3745227,-0.66423047
108,54,109,120,"null","null","null",11,25.097378,3.160212,-0.3171605,3.1657617,-1.0703928
109,108,110,117,"null","null","null",6,18.650455,2.5264833,-1.6992202,3.5147917,-0.39551604
110,109,111,114,"null","null","null",4,13.211315,1.4209576,-3.044879,3.098111,-0.6042875
111,110,112,113,"null","null","null",2,9.780431,0.32387918,-3.6646833,2.3612099,-0.66192484
114,110,115,116,"null","null","null",2,2.4075751,3.2227087,-0.30319953,2.7384808,-1.3026884
117,109,118,119,"null","null","null",2,9.92743,3.827052,-0.6366841,0.9093783,-2.190563
120,108,121,128,"null","null","null",5,20.540035,3.4434726,-0.9791815,0.3445285,-2.9853282
121,120,122,125,"","null","Box Turtle",4,13.079395,3.6823015,-0.44105333,1.6104301,-2.3868942
122,121,123,124,"null","null","null",2,10.153628,3.2227087,-0.62788224,2.7384808,-1.3026884
125,121,126,127,"null","null","null",2,9.92546,1.266223,-2.0763721,0.5624022,-3.814068
130,51,131,134,"null","null","null",3,72.800674,2.907014,-0.3309549,3.4735026,-1.0892122
131,130,132,133,"","null","Snapping Turtles",2,33.469906,2.238165,-0.7310497,3.8167186,-0.41856802
135,50,136,147,"null","null","null",7,68.47615,3.4921482,-0.56240183,2.1597247,-2.0763712
136,135,137,144,"null","null","null",6,34.354664,2.907014,-0.6459119,3.251421,-0.87070066
137,136,138,143,"null","null","null",4,20.05028,2.238165,-1.8652778,3.5280128,-0.41856802
138,137,139,142,"null","null","null",3,16.759008,1.4052893,-3.1667323,3.0657153,-0.6167593
139,138,140,141,"","null","Ridley Sea Turtles",2,5.29322,0.34807813,-3.7190413,2.340823,-0.65809214
144,136,145,146,"null","null","null",2,21.434278,3.2399716,-0.9025996,0.3578277,-2.7162256
148,49,149,152,"null","null","null",3,96.7509,3.6840544,-0.88575864,0.37080014,-2.6608315
149,148,150,151,"null","null","null",2,53.853596,3.8140678,-0.48397207,1.2662247,-2.0763712
153,48,154,205,"null","null","null",27,150.501,2.6213384,-1.8611743,0.44286627,-3.4007168
154,153,155,194,"null","null","null",26,123.28929,3.5377054,-0.6447771,0.6764308,-2.7339182
155,154,156,183,"","null","Softshell Turtles",20,76.62409,3.6238143,-0.48397207,2.2620697,-2.0607538
156,155,157,176,"null","null","null",14,59.547173,3.0781798,-0.6459119,3.3844695,-0.8866605
157,156,158,173,"null","null","null",10,49.96239,2.4606805,-1.8280945,3.7009754,-0.41856802
158,157,159,172,"null","null","null",8,39.02822,1.4052893,-3.118394,3.2905664,-0.6167593
159,158,160,169,"null","null","null",7,28.767876,0.34807813,-3.6562014,2.6331294,-1.4981346
160,159,161,168,"null","null","null",5,20.039267,0.5754999,-3.3983083,1.6917357,-2.9612556
161,160,162,165,"null","null","null",4,17.547613,0.665,-2.7278008,0.33849317,-3.7671337
162,161,163,164,"null","null","null",2,9.445655,1.6186322,-1.9384052,0.5235952,-3.7564607
165,161,166,167,"null","null","null",2,12.841175,0.79509676,-3.6646852,2.3612092,-0.4184203
169,159,170,171,"null","null","null",2,5.086345,2.2791789,-0.55372137,3.7952094,-0.7052618
173,157,174,175,"null","null","null",2,15.134276,3.826167,-0.6001848,1.0880048,-2.136561
176,156,177,182,"null","null","null",4,50.307205,3.4687877,-0.9025996,0.3578277,-2.7521353
177,176,178,181,"null","null","null",3,18.397572,3.6229672,-0.46288335,1.792403,-2.136561
178,177,179,180,"null","null","null",2,11.7359295,3.1081662,-0.6376126,2.875551,-1.1971906
183,155,184,193,"null","null","null",6,55.232124,2.4870381,-1.9384066,0.48358738,-3.405892
184,183,185,190,"null","null","null",5,34.293427,3.4687877,-0.58311385,0.6580919,-2.7521353
185,184,186,189,"null","null","null",3,10.841583,3.6229672,-0.46288335,1.792403,-2.136561
186,185,187,188,"null","null","null",2,7.4629498,3.1081662,-0.6376126,2.875551,-1.1971906
190,184,191,192,"null","null","null",2,11.501862,0.38339424,-2.4199004,0.86650753,-3.439216
194,154,195,202,"","null","Flap-shell Turtles",6,55.526672,1.0443795,-2.7278008,0.8449218,-3.4974647
195,194,196,201,"null","null","null",4,40.477158,2.6072748,-1.9384066,0.523595,-3.405892
196,195,197,200,"null","null","null",3,34.689556,3.6250954,-0.86753124,0.6580919,-2.7521353
197,196,198,199,"null","null","null",2,25.070833,3.826167,-0.46288335,1.0880048,-2.136561
202,194,203,204,"null","null","null",2,26.246212,0.795097,-3.6646843,2.3612094,-0.4184202
206,47,207,226,"null","null","null",19,193.93506,1.0522668,-2.6047688,0.82108676,-3.5592165
207,206,208,223,"null","null","null",10,141.43204,2.5434296,-1.9094241,0.5419732,-3.409958
208,207,209,220,"null","null","null",8,103.70784,3.4364238,-0.49051434,0.6896832,-2.7459316
209,208,210,219,"","null","South American River Turtles",6,47.66696,3.4921482,-0.48397207,2.2792978,-2.0763712
210,209,211,216,"null","null","null",5,38.977703,2.907014,-0.6459119,3.406866,-0.87070066
211,210,212,215,"null","null","null",3,30.271177,2.238165,-1.4250925,3.730091,-0.41856802
212,211,213,214,"null","null","null",2,23.908045,1.4052893,-2.5944912,3.3284168,-0.6167593
216,210,217,218,"null","null","null",2,27.961458,3.2399716,-0.9025996,0.3578277,-2.7162256
220,208,221,222,"null","null","null",2,84.989456,0.3955608,-2.3807096,0.8449218,-3.5244951
223,207,224,225,"null","null","null",2,45.44848,0.3596006,-3.588562,1.691736,-2.1267917
226,206,227,240,"null","null","null",9,85.041336,0.7670542,-3.4931822,2.633129,-1.3385673
227,226,228,239,"null","null","null",7,59.741734,0.57549995,-3.1863828,1.6917357,-2.7538178
228,227,229,238,"null","null","null",6,50.206043,0.9518907,-2.4522977,0.5272917,-3.4974647
229,228,230,237,"null","null","null",5,45.821636,2.4870386,-1.938406,0.5235951,-3.4058914
230,229,231,236,"null","null","null",4,22.089872,3.4687877,-0.8675306,0.658092,-2.7521348
231,230,232,235,"null","null","null",3,4.233636,3.6229668,-0.46288353,1.7924047,-2.1365604
232,231,233,234,"null","null","null",2,2.1636434,3.1081653,-0.63761264,2.8755522,-1.1971898
240,226,241,242,"null","null","null",2,57.103703,2.2791786,-0.5537227,3.795209,-0.7052617
