index,parent,child1,child2,name1,name2,common,richness,lengthbr,hxmax,hxmin,hymax,hymin,color
0,-268141510,1,32,"null","null","null",28,16.3,3.384474,-0.94437885,0.33095574,-2.9723616,-16731116
1,0,2,21,"Rhipidomys","some","Climbing Mice",16,8.1,3.700975,-0.41856956,1.7316424,-2.32312,-16731116
2,1,3,20,"null","null","null",10,8.1,3.2905622,-0.6167602,2.9929988,-1.4052815,-16731116
3,2,4,17,"null","null","null",9,8.1,2.6331258,-1.326002,3.4931798,-0.34807998,-16731116
4,3,5,12,"null","null","null",7,8.1,1.5297099,-2.7374768,3.1863751,-0.5755011,-16731116
5,4,6,11,"null","null","null",4,8.1,0.52728236,-3.4762132,2.4522882,-0.8165132,-16731116
6,5,7,10,"null","null","null",3,4.1,0.5235966,-3.3782582,1.9383993,-2.3110423,-16731116
7,6,8,9,"null","null","null",2,4.1,0.6580924,-2.7162104,0.8675197,-3.239983,-16731116
12,4,13,16,"null","null","null",3,8.1,3.0981085,-0.27500087,3.0448916,-1.5045813,-16731116
13,12,14,15,"null","null","null",2,8.1,2.3612084,-0.66192454,3.6646895,-0.3238816,-16731116
17,3,18,19,"null","null","null",2,8.1,3.7952113,-0.7052593,0.55373704,-2.2791758,-16731116
21,1,22,29,"null","null","null",6,8.1,2.1643848,-2.305407,0.60018194,-3.5166674,-16731116
22,21,23,28,"null","null","null",4,8.1,3.359119,-1.1971806,0.63761336,-2.969973,-16731116
23,22,24,27,"null","null","null",3,8.1,3.7661476,-0.395518,1.2371349,-2.2791758,-16731116
24,23,25,26,"null","null","null",2,2.6,3.4248686,-0.6042887,2.4441597,-1.5045813,-16731116
29,21,30,31,"null","null","null",2,8.1,0.52348197,-3.7907996,2.0102274,-1.443347,-16731116
32,0,33,52,"null","null","null",12,16.3,0.44187987,-2.8820138,0.9025985,-3.387024,-16731116
33,32,34,49,"null","null","null",10,16.3,2.0156546,-2.305407,0.46288502,-3.5166674,-16731116
34,33,35,44,"null","null","null",8,16.3,3.165769,-1.003261,0.63761336,-2.969973,-16731116
35,34,36,43,"Nectomys","null","null",5,7.2,3.5147934,-0.395518,1.7809281,-2.2791758,-16731116
36,35,37,42,"null","null","null",4,7.2,3.0981085,-0.6042887,3.1510909,-1.5045813,-16731116
37,36,38,41,"null","null","null",3,4.6,2.3612084,-0.6648554,3.8027484,-0.3238816,-16731116
38,37,39,40,"null","null","null",2,4.6,1.7788349,-1.9610509,3.6551359,-0.559299,-16731116
44,34,45,48,"Delomys","null","null",3,5.7,0.34452963,-2.8342967,0.97917116,-3.5548258,-16731116
45,44,46,47,"null","null","null",2,3.1,0.90939677,-2.190558,0.44105536,-3.827052,-16731116
49,33,50,51,"null","null","null",2,16.3,0.52348197,-3.7907996,2.0102274,-1.443347,-11184866
52,32,53,54,"Thalpomys","null","null",2,3.1,0.866506,-3.4392238,2.4198866,-0.3833952,-16731116
