index,parent,child1,child2,name1,name2,common,richness,lengthbr,hxmax,hxmin,hymax,hymin,color
0,-268289015,1,118,"Ardeidae","null","Herons and egrets",62,51.646915,0.57550097,-3.4455075,1.5297103,-2.761119,-16731116
1,0,2,113,"null","null","null",59,44.515602,0.9344023,-2.7891603,0.33848894,-3.5069485,-16731116
2,1,3,88,"null","null","null",56,36.94726,2.4642994,-1.9383552,0.5235962,-3.4182153,-16731116
3,2,4,65,"null","null","null",43,30.859573,3.4392195,-0.61727434,0.65809226,-2.7681546,-16731116
4,3,5,58,"null","null","null",31,29.183521,3.5845213,-0.46288514,2.1293283,-2.1562378,-16731116
5,4,6,31,"null","null","null",27,28.055101,3.0581832,-0.6376134,3.3135448,-1.0703816,-16731116
6,5,7,22,"","null","Pond-herons, Night-herons and more",13,25.783258,2.393849,-1.5568649,3.706901,-0.39551812,-16731116
7,6,8,19,"null","null","null",8,22.953293,1.4209437,-2.8598082,3.347848,-0.6042888,-16731116
8,7,9,14,"null","null","null",6,15.147317,0.32388172,-3.4240804,2.68587,-1.1773354,-16731116
9,8,10,13,"null","null","null",3,8.328409,0.5592991,-3.162867,1.7788345,-2.6272743,-12486656
10,9,11,12,"null","null","null",2,4.7540107,0.6642305,-2.4198818,0.6411279,-3.4392266,-16731116
14,8,15,18,"null","null","null",3,8.70133,2.3134403,-1.0472679,3.7903333,-0.737067,-16731116
15,14,16,17,"null","null","null",2,3.2950726,1.6001897,-2.2880554,3.5116982,-0.59051764,-16731116
19,7,20,21,"null","null","null",2,12.213768,3.2226973,-0.303201,2.7384949,-1.3026786,-16731116
22,6,23,30,"null","null","null",5,17.671432,3.528639,-0.63668066,2.0426908,-2.1905584,-12486656
23,22,24,29,"null","null","null",4,12.579769,3.0229437,-0.6278832,3.3004107,-1.3026786,-12486656
24,23,25,28,"null","null","null",3,7.5084896,2.3134403,-1.0472679,3.7903333,-0.37199056,-11184866
25,24,26,27,"null","null","null",2,4.4087844,1.6001897,-2.2880554,3.5116982,-0.59051764,-12486656
31,5,32,57,"null","null","null",14,17.055744,3.448443,-0.9791728,0.3445297,-2.9853194,-16731116
32,31,33,54,"null","null","null",13,15.502079,3.6887553,-0.44105512,1.8644047,-2.386887,-16731116
33,32,34,47,"null","null","null",11,13.617267,3.2310948,-0.6278832,3.0686388,-1.1166797,-16731116
34,33,35,44,"null","null","null",7,7.7127657,2.5840368,-1.6418939,3.48903,-0.37199056,-16731116
35,34,36,41,"null","null","null",5,5.3088503,1.5501353,-3.061069,3.1200042,-0.59051764,-16731116
36,35,37,40,"null","null","null",3,2.4400349,0.4135989,-3.7909286,2.3745215,-0.66423035,-16731116
37,36,38,39,"null","null","null",2,1.7900124,0.5419747,-3.7111769,1.8611665,-1.7914414,-16731116
41,35,42,43,"null","null","null",2,3.3739238,3.3284082,-0.2891289,2.5945039,-1.4052806,-16731116
44,34,45,46,"null","null","null",2,3.1540363,3.8167202,-0.67175275,0.73106515,-2.238161,-11184866
47,33,48,51,"null","null","null",4,8.029877,3.4735096,-0.92879295,0.3309561,-2.9070082,-16731116
48,47,49,50,"null","null","null",2,3.8782325,3.8167202,-0.4185698,0.73106515,-2.238161,-16731116
51,47,52,53,"null","null","null",2,3.46207,0.35782874,-2.7162147,0.90259826,-3.23998,-12486656
54,32,55,56,"null","null","null",2,11.021979,1.2662381,-2.076367,0.5623988,-3.8140666,-16731116
58,4,59,64,"null","null","null",4,15.819252,2.472656,-2.0102282,0.5234818,-3.4551697,-16731116
59,58,60,63,"null","null","null",3,11.298312,3.5548253,-0.9791728,0.65274775,-2.8342974,-16731116
60,59,61,62,"null","null","null",2,2.4852257,3.8270524,-0.44105512,0.9093949,-2.1905584,-16731116
65,3,66,87,"null","null","null",12,22.48867,0.75179744,-2.4967756,0.866506,-3.4995515,-16731116
66,65,67,80,"null","null","null",11,12.845251,2.29608,-1.9270647,0.5042372,-3.4893122,-16731116
67,66,68,75,"null","null","null",7,8.744305,3.3252766,-0.76730907,0.65274775,-2.8786824,-16731116
68,67,69,74,"null","null","null",4,6.2149982,3.528639,-0.44105512,2.0262864,-2.1905584,-16731116
69,68,70,73,"null","null","null",3,4.9948373,3.0229437,-0.6278832,3.2790852,-1.3026786,-16731116
70,69,71,72,"null","null","null",2,3.7264855,2.3134403,-0.65274704,3.7626104,-0.37199056,-16731116
75,67,76,79,"null","null","null",3,4.490195,0.37080103,-2.660825,0.8857573,-3.6840577,-16731116
76,75,77,78,"null","null","null",2,3.2813618,1.2662381,-2.076367,0.48397338,-3.8140666,-16731116
80,66,81,84,"null","null","null",4,8.604406,0.44286364,-3.2755356,1.9094158,-2.4725387,-16731116
81,80,82,83,"null","null","null",2,3.7783427,0.6619249,-2.571182,0.7546941,-3.3442578,-16731116
84,80,85,86,"null","null","null",2,6.5944114,1.691729,-2.1268048,3.5885563,-0.35959762,-16731116
88,2,89,112,"null","null","null",13,31.936808,0.40148032,-3.4755564,1.7788366,-2.6534734,-16731116
89,88,90,105,"","null","Bitterns",12,26.442331,0.8246769,-2.8263779,0.5617643,-3.473288,-16731116
90,89,91,104,"null","null","null",8,23.774885,2.3908234,-2.0102282,0.5042372,-3.4551697,-16731116
91,90,92,103,"null","null","null",7,22.000359,3.448443,-0.9791728,0.65274775,-2.8342974,-16731116
92,91,93,102,"null","null","null",6,21.809538,3.6887553,-0.44105512,2.0426908,-2.1905584,-16731116
93,92,94,101,"null","null","null",5,17.682117,3.2310948,-0.6278832,3.3004107,-1.3026786,-16731116
94,93,95,98,"null","null","null",4,12.674669,2.5840368,-1.0472679,3.7903333,-0.37199056,-16731116
95,94,96,97,"null","null","null",2,5.673758,1.6001897,-2.2880554,3.5116982,-0.59051764,-12486656
98,94,99,100,"null","null","null",2,6.201603,3.8167202,-0.67175275,0.73106515,-2.238161,-16731116
105,89,106,109,"null","null","null",4,22.224792,0.82108533,-3.7909288,2.7051492,-0.47381365,-16731116
106,105,107,108,"null","null","null",2,17.846025,0.5419743,-3.711179,1.8611686,-1.7914356,-16731116
109,105,110,111,"null","null","null",2,8.17328,2.3408213,-0.42902362,3.719045,-0.76705235,-16731116
113,1,114,117,"null","null","null",3,19.066563,0.7950952,-3.8027492,2.3612084,-0.6648505,-16731116
114,113,115,116,"null","null","null",2,10.736631,0.55929863,-3.655138,1.7788366,-1.9610461,-16731116
118,0,119,122,"null","null","null",3,16.948635,1.5045818,-3.0448914,3.0981085,-0.2750008,-16731116
119,118,120,121,"null","null","null",2,6.2550955,0.32388148,-3.6646893,2.3612084,-0.66192454,-16731116
