index,parent,child1,child2,name1,name2,common,richness,lengthbr,hxmax,hxmin,hymax,hymin,color
0,-268392441,1,118,"","null","Babblers, Old World Warblers and more",73,24.561682,2.257562,-2.1051474,0.56239724,-3.5424147,-16731116
1,0,2,65,"null","null","null",59,20.821102,3.3785977,-0.89337504,0.64591277,-2.972357,-16731116
2,1,3,42,"null","null","null",32,15.79426,3.6933308,-0.41857076,1.7316486,-2.3231165,-16731116
3,2,4,25,"Timaliidae","null","Babblers and parrotbills",20,12.703631,3.2806225,-0.61676085,2.993002,-1.2264546,-16731116
4,3,5,18,"null","null","null",11,11.47388,2.6202052,-1.3385844,3.4931788,-0.34808123,-16731116
5,4,6,15,"null","null","null",7,8.717016,1.6749309,-2.7538295,3.1863706,-0.5755019,-12486656
6,5,7,14,"null","null","null",5,6.853442,0.52727723,-3.497466,2.4522824,-1.044402,-12486656
7,6,8,13,"null","null","null",4,5.1092753,0.5235976,-3.4058828,1.9383955,-2.607294,-12486656
8,7,9,12,"null","null","null",3,4.5370865,0.6580926,-2.7521214,0.86751455,-3.6251051,-12486656
9,8,10,11,"null","null","null",2,2.9439116,1.0880342,-2.1365514,0.46288663,-3.8261662,-12486656
15,5,16,17,"null","null","null",2,2.772603,3.4248652,-0.2750016,2.4441652,-1.5045781,-12486656
18,4,19,22,"null","null","null",4,8.290903,3.7661464,-0.70525765,1.2371417,-2.5264754,-16731116
19,18,20,21,"null","null","null",2,2.7324834,3.4248652,-0.6042892,2.4441652,-1.5045781,-16731116
22,18,23,24,"null","null","null",2,2.6112146,0.90940034,-2.1905565,0.63667953,-3.8270526,-16731116
25,3,26,35,"null","null","null",9,11.658469,3.1657724,-1.0032573,0.31716225,-2.9699712,-16731116
26,25,27,34,"null","null","null",5,5.4165287,3.5147939,-0.39551884,1.780933,-2.2791743,-16731116
27,26,28,33,"null","null","null",4,3.9514234,3.0981069,-0.6042892,3.151094,-1.5045781,-16731116
28,27,29,32,"null","null","null",3,2.9670954,2.361207,-0.6648622,3.8027487,-0.32388246,-16731116
29,28,30,31,"null","null","null",2,0.62292993,1.7788317,-1.9610568,3.6551337,-0.5592996,-16731116
35,25,36,39,"null","null","null",4,5.270596,0.3445301,-2.8342948,0.9169619,-3.5548277,-16731116
36,35,37,38,"null","null","null",2,2.4112148,0.90940034,-2.1905565,0.44105583,-3.8270526,-16731116
39,35,40,41,"null","null","null",2,2.9351768,0.88575673,-3.3442605,2.5711775,-0.37080142,-16731116
42,2,43,64,"null","null","null",12,14.156711,2.1250188,-2.1365538,0.60018003,-3.516667,-16731116
43,42,44,59,"null","null","null",11,11.953653,3.3079393,-1.0032573,0.63761365,-2.9699712,-16731116
44,43,45,58,"null","null","null",8,11.317237,3.699611,-0.39551884,1.6061882,-2.2791743,-16731116
45,44,46,57,"Timaliidae","null","Fulvettas",7,8.283871,3.338369,-0.6042892,2.9239256,-1.5045781,-16731116
46,45,47,54,"null","null","null",6,5.543057,2.6735475,-1.3502631,3.50743,-0.32388246,-16731116
47,46,48,53,"null","null","null",4,4.2419996,1.7788317,-2.8520777,3.2712197,-0.5592996,-16731116
48,47,49,52,"null","null","null",3,2.8172255,0.6411245,-3.7314677,2.56074,-0.6642306,-16731116
49,48,50,51,"null","null","null",2,0.5960236,0.50423855,-3.7907977,2.0102232,-1.4433578,-16731116
54,46,55,56,"null","null","null",2,2.5753071,3.7626114,-0.73706603,0.439019,-2.3134394,-16731116
59,43,60,63,"Timaliidae","null","Babblers and parrotbills",3,6.169193,0.3445301,-2.8342948,0.9791694,-3.5548277,-16731116
60,59,61,62,"null","null","null",2,2.6863344,0.90940034,-2.1905565,0.44105583,-3.8270526,-12486656
65,1,66,117,"null","null","null",27,17.516928,0.5293257,-2.7672644,0.90259767,-3.439221,-16731116
66,65,67,110,"null","null","null",26,17.516928,2.1293323,-2.156235,0.46288577,-3.5845203,-16731116
67,66,68,109,"Sylviidae","null","Old World warblers",22,13.727809,3.313547,-1.1971772,0.63761365,-3.0581808,-16731116
68,67,69,90,"null","null","null",21,12.72549,3.7069008,-0.39551884,1.6694461,-2.393847,-16731116
69,68,70,87,"null","null","null",11,12.113864,3.347846,-0.6042892,3.006161,-1.4209399,-16731116
70,69,71,80,"null","null","null",9,10.43231,2.6858683,-1.3502631,3.614336,-0.32388246,-16731116
71,70,72,79,"null","null","null",5,7.3224716,1.7788317,-2.8520777,3.4101973,-0.5592996,-16731116
72,71,73,76,"null","null","null",4,5.930007,0.4148134,-3.7314677,2.7414107,-0.6642306,-16731116
73,72,74,75,"null","null","null",2,4.4677653,0.50423855,-3.7907977,2.0102232,-1.4433578,-16731116
76,72,77,78,"null","null","null",2,2.8500001,2.374521,-0.40725303,3.599759,-0.82108366,-12486656
80,70,81,84,"null","null","null",4,9.134222,3.7903328,-0.73706603,1.0472739,-2.584035,-16731116
81,80,82,83,"null","null","null",2,7.428817,3.5116959,-0.59051806,2.2880604,-1.6001867,-16731116
84,80,85,86,"null","null","null",2,4.0933757,0.73107064,-2.2381597,0.6717517,-3.8167205,-16731116
87,69,88,89,"null","null","null",2,4.6397824,2.7384992,-1.3026755,0.30320144,-3.2226942,-16731116
90,68,91,100,"null","null","null",10,8.718932,2.042694,-2.2438085,0.63667953,-3.5286388,-16731116
91,90,92,97,"null","null","null",5,7.4792557,3.3004124,-1.1514413,0.6278835,-3.0229423,-16731116
92,91,93,96,"null","null","null",3,4.9962616,3.7903328,-0.37199128,1.0472739,-2.3134394,-16731116
93,92,94,95,"null","null","null",2,3.4414968,3.5116959,-0.59051806,2.2880604,-1.6001867,-16731116
97,91,98,99,"null","null","null",2,5.5426536,0.33095652,-2.9852276,1.0892005,-3.0051742,-16731116
100,90,101,106,"null","null","null",5,7.0694594,0.5623976,-3.4921446,2.2165532,-2.3305721,-16731116
101,100,102,105,"null","null","null",3,4.1679473,0.64591265,-2.9070063,1.0892005,-3.4735122,-16731116
102,101,103,104,"null","null","null",2,2.1968117,0.73107064,-2.2381597,0.41857052,-3.8167205,-16731116
106,100,107,108,"null","null","null",2,6.20566,1.9383993,-1.6186453,3.7564578,-0.48358327,-16731116
110,66,111,116,"null","null","null",4,13.212322,0.52348053,-3.4551682,2.010226,-2.4726603,-16731116
111,110,112,115,"null","null","null",3,11.601823,0.6527479,-2.8342948,0.9791694,-3.5548277,-16731116
112,111,113,114,"Timaliidae","null","Babblers and parrotbills",2,8.142636,0.90940034,-2.1905565,0.44105583,-3.8270526,-16731116
118,0,119,136,"Timaliidae","null","Babblers and parrotbills",14,21.439674,0.48358285,-3.5057967,1.8475379,-2.4241529,-16731116
119,118,120,131,"null","null","null",9,17.155525,0.6580924,-2.88201,0.6457026,-3.3870258,-16731116
120,119,121,128,"null","null","null",6,14.621333,2.1815877,-2.3054042,0.46288577,-3.516667,-16731116
121,120,122,125,"null","null","null",4,12.876076,3.3814788,-1.0121964,0.63761365,-2.9699712,-16731116
122,121,123,124,"null","null","null",2,4.703791,3.7952123,-0.39551884,0.64591134,-2.2791743,-12486656
125,121,126,127,"null","null","null",2,4.6769075,0.3445301,-2.8544078,0.9791694,-3.1268065,-16731116
128,120,129,130,"null","null","null",2,9.659176,0.52348053,-3.7907991,2.010226,-1.4433506,-16731116
131,119,132,135,"null","null","null",3,7.2583833,0.86650527,-3.7314665,2.5607443,-0.38339564,-16731116
132,131,133,134,"null","null","null",2,2.9871626,0.5042378,-3.7907991,2.010226,-1.4433506,-16731116
136,118,137,142,"null","null","null",5,10.013798,1.7948534,-2.8520734,3.2712228,-0.40147904,-16731116
137,136,138,141,"null","null","null",3,6.8714604,0.641129,-3.7314665,2.5607443,-0.6642305,-16731116
138,137,139,140,"null","null","null",2,6.609805,0.5042378,-3.7907991,2.010226,-1.4433506,-16731116
142,136,143,144,"null","null","null",2,4.900222,3.5116992,-0.3173806,2.288054,-1.6001905,-16731116
