index,parent,child1,child2,name1,name2,common,richness,lengthbr,hxmax,hxmin,hymax,hymin,color
0,-268103670,1,180,"null","null","null",157,17.15646,0.57550097,-3.3786569,1.6917293,-2.7787926,-16731116
1,0,2,126,"null","null","null",156,16.375711,0.9344023,-2.7022543,0.42326677,-3.5299244,-16731116
2,1,3,79,"null","null","null",108,14.890099,2.4642994,-1.8475416,0.5235962,-3.4480844,-16731116
3,2,4,50,"null","null","null",84,14.195767,3.4392195,-0.6975698,0.65809226,-2.8069844,-16731116
4,3,5,19,"null","null","null",69,13.211344,3.5845213,-0.46288514,2.015655,-2.2078693,-16731116
5,4,6,16,"null","null","null",53,11.978487,3.0581832,-0.6376134,3.1657696,-1.0122006,-16731116
6,5,-268100608,7,"null","null","null",51,10.970975,2.393849,-1.6694413,3.5147934,-0.39551812,-16731116
7,6,8,15,"null","null","null",5,8.428095,3.528639,-0.63668066,2.0262864,-2.1905584,-16731116
8,7,9,12,"null","null","null",4,7.527552,3.0229437,-0.6278832,3.2790852,-1.1514455,-16731116
9,8,10,11,"null","null","null",2,2.257038,2.3134403,-0.65274704,3.7626104,-0.37199056,-16731116
12,8,13,14,"null","null","null",2,5.0877614,3.0051699,-1.0892038,0.3309561,-2.9852314,-16731116
16,5,17,18,"null","null","null",2,4.4258533,3.126803,-0.9791728,0.3445297,-2.8544118,-16731116
19,4,20,35,"null","null","null",16,7.8924475,2.29608,-1.9577118,0.5234818,-3.5713406,-16731116
20,19,21,32,"null","null","null",8,5.8391523,3.3252766,-0.72746766,0.65274775,-2.9853194,-16731116
21,20,22,29,"","null","Woodnymphs",6,3.424379,3.528639,-0.44105512,2.0426908,-2.386887,-16731116
22,21,23,28,"null","null","null",4,2.1758533,3.0229437,-0.6278832,3.3004107,-1.3026786,-16731116
23,22,24,27,"null","null","null",3,1.1885706,2.3134403,-1.0472679,3.7903333,-0.37199056,-16731116
24,23,25,26,"null","null","null",2,1.0200865,1.6001897,-2.2880554,3.5116982,-0.59051764,-16731116
29,21,30,31,"null","null","null",2,1.1298981,1.2662381,-2.076367,0.5623988,-3.8140666,-16731116
32,20,33,34,"","null","Plumeleteers",2,4.3828063,0.37080103,-2.571182,0.8857573,-3.3442578,-16731116
35,19,36,43,"null","null","null",8,5.0400257,0.44286364,-3.3444917,1.7306687,-2.5790417,-12486656
36,35,37,42,"null","null","null",4,2.7812645,0.6619249,-2.660825,0.7546941,-3.482712,-12486656
37,36,38,41,"null","null","null",3,1.2986877,1.9703064,-2.076367,0.48397338,-3.5523171,-12486656
38,37,39,40,"null","null","null",2,0.872967,3.0051699,-1.0892038,0.6459124,-2.9852314,-12486656
43,35,44,49,"null","null","null",4,2.3711557,1.691729,-2.9612634,3.1863751,-0.35959762,-16731116
44,43,45,48,"null","null","null",3,0.9547316,0.52728236,-3.7671359,2.4522882,-0.665,-16731116
45,44,46,47,"null","null","null",2,0.58797985,0.5235966,-3.7564578,1.9383993,-1.6186452,-16731116
50,3,51,72,"null","null","null",15,10.45097,0.75179744,-2.6774402,0.866506,-3.5626502,-16731116
51,50,52,71,"","null","Sabrewings",11,7.7427506,2.29608,-2.0102282,0.5042372,-3.5713406,-16731116
52,51,53,62,"null","null","null",10,7.1881795,3.3252766,-0.8051344,0.65274775,-2.9853194,-16731116
53,52,54,59,"null","null","null",5,5.222247,3.528639,-0.44105512,2.0262864,-2.386887,-16731116
54,53,55,58,"null","null","null",3,2.357172,3.0229437,-0.6278832,3.2790852,-1.3026786,-12486656
55,54,56,57,"null","null","null",2,1.7368242,2.3134403,-0.65274704,3.7626104,-0.37199056,-11184866
59,53,60,61,"null","null","null",2,2.5019095,1.2662381,-2.076367,0.5623988,-3.8140666,-16731116
62,52,63,68,"null","null","null",5,6.786894,0.45200062,-2.745932,0.8857573,-3.482712,-16731116
63,62,64,67,"null","null","null",3,3.0644841,1.9703064,-2.076367,0.48397338,-3.5523171,-16731116
64,63,65,66,"null","null","null",2,2.0718946,3.0051699,-1.0892038,0.6459124,-2.9852314,-16731116
68,62,69,70,"null","null","null",2,5.526876,0.8449204,-3.5245008,2.3807096,-0.39556158,-16731116
72,50,73,78,"null","null","null",4,7.2513933,0.82108533,-3.4558184,2.3745222,-0.9977391,-16731116
73,72,74,77,"null","null","null",3,5.902968,0.5419743,-3.2755356,1.8611686,-2.4725387,-16731116
74,73,75,76,"null","null","null",2,4.8223276,0.6619249,-2.571182,0.7546941,-3.3442578,-12486656
79,2,80,121,"null","null","null",24,12.224439,0.40148032,-3.2712255,1.6207683,-2.673676,-16731116
80,79,81,120,"null","null","null",21,7.406021,0.8143066,-2.5607474,0.6411318,-3.4995515,-16731116
81,80,82,119,"null","null","null",20,5.850221,2.377342,-2.0102282,0.5042372,-3.4893122,-16731116
82,81,83,112,"null","null","null",19,5.208008,3.4309173,-0.8051344,0.65274775,-2.8786824,-16731116
83,82,84,103,"null","null","null",15,4.2681313,3.665972,-0.44105512,1.8644047,-2.2438111,-16731116
84,83,85,96,"null","null","null",10,3.7581046,3.2014766,-0.6278832,3.0686388,-1.1166797,-16731116
85,84,86,91,"null","null","null",6,2.4426107,2.5455332,-1.5287743,3.48903,-0.37199056,-16731116
86,85,87,90,"null","null","null",3,1.2756596,1.6001897,-2.9140136,3.1200042,-0.59051764,-16731116
87,86,88,89,"null","null","null",2,0.5657143,0.4135989,-3.5997567,2.3745215,-0.66423035,-16731116
91,85,92,95,"null","null","null",3,1.3196012,3.7300878,-0.67175275,1.4251086,-2.238161,-16731116
92,91,93,94,"null","null","null",2,1.0566056,3.3284082,-0.6167603,2.5945039,-1.4052806,-16731116
96,84,97,102,"null","null","null",4,2.167477,3.4068692,-1.0892038,0.3309561,-2.9070082,-16731116
97,96,98,101,"null","null","null",3,2.167477,3.7300878,-0.4185698,1.4251086,-2.238161,-16731116
98,97,99,100,"null","null","null",2,1.2496346,3.3284082,-0.6167603,2.5945039,-1.4052806,-16731116
103,83,104,111,"null","null","null",5,3.6370246,2.3305678,-2.076367,0.5623988,-3.4921455,-16731116
104,103,105,108,"null","null","null",4,2.5715482,3.4735096,-0.8706895,0.6459124,-2.9070082,-16731116
105,104,106,107,"null","null","null",2,1.394669,3.8167202,-0.4185698,0.73106515,-2.238161,-16731116
108,104,109,110,"null","null","null",2,1.0822288,0.35782874,-2.7162147,0.90259826,-3.23998,-16731116
112,82,113,116,"null","null","null",4,3.2205427,0.37080103,-2.745932,0.8857573,-3.6840577,-16731116
113,112,114,115,"null","null","null",2,1.6466993,1.2662381,-2.076367,0.48397338,-3.8140666,-16731116
116,112,117,118,"null","null","null",2,1.0504179,0.8449204,-3.5245008,2.3807096,-0.39556158,-16731116
121,79,122,125,"null","null","null",3,5.2554855,1.6001905,-2.9140122,3.1200047,-0.31738126,-16731116
122,121,123,124,"null","null","null",2,1.9839787,0.41359925,-3.5997562,2.374522,-0.66423035,-16731116
126,1,127,153,"null","null","null",48,14.294635,0.7950952,-3.6072109,2.5519586,-1.2503638,-16731116
127,126,128,150,"null","null","null",34,7.739138,0.55929863,-3.4009385,1.7948548,-2.7222135,-16731116
128,127,-268099584,129,"null","null","null",32,6.3377066,0.8143066,-2.7293744,0.5617643,-3.5626502,-16731116
129,128,130,147,"null","null","null",11,2.9519897,0.82108533,-3.572671,2.7051492,-1.0522765,-16731116
130,129,131,142,"null","null","null",9,1.9672009,0.5419743,-3.427444,1.7061975,-2.5434372,-16731116
131,130,132,141,"null","null","null",6,1.5402337,0.7291248,-2.768663,0.7546941,-3.4364262,-16731116
132,131,133,138,"null","null","null",5,1.4863257,2.3305678,-2.216556,0.48397338,-3.4921455,-16731116
133,132,134,137,"null","null","null",3,1.064369,3.4735096,-1.0892038,0.6459124,-2.9070082,-16731116
134,133,135,136,"null","null","null",2,0.5351982,3.8167202,-0.4185698,0.73106515,-2.238161,-16731116
138,132,139,140,"null","null","null",2,0.7014391,0.48358452,-3.7564592,1.9384005,-1.6186413,-16731116
142,130,143,146,"null","null","null",3,1.2638916,1.691729,-2.774622,3.131315,-0.35959762,-16731116
143,142,144,145,"null","null","null",2,0.6265461,0.52728236,-3.524502,2.38071,-0.665,-16731116
147,129,148,149,"null","null","null",2,2.2403023,2.3408213,-0.42902362,3.719045,-0.76705235,-16731116
150,127,151,152,"","null","Sheartails",2,1.548656,1.6001905,-2.288054,3.5116992,-0.31738126,-16731116
153,126,154,169,"null","null","null",14,13.265863,2.5325947,-1.5047874,3.48903,-0.7370677,-16731116
154,153,155,166,"","null","Mountain-gems",8,11.28039,1.550136,-2.8828318,3.1200047,-0.59051746,-16731116
155,154,156,165,"null","null","null",6,6.372772,0.41359925,-3.5592217,2.374522,-1.1988066,-16731116
156,155,157,164,"null","null","null",5,5.4365454,0.54197454,-3.4099588,1.8611674,-2.7339253,-16731116
157,156,158,161,"null","null","null",4,3.963673,0.66192496,-2.745932,0.49050736,-3.6840591,-16731116
158,157,159,160,"null","null","null",2,0.15041652,1.2662436,-2.076365,0.483974,-3.814066,-16731116
161,157,162,163,"null","null","null",2,3.419325,0.8449197,-3.5245035,2.3807096,-0.39556193,-16731116
166,154,167,168,"null","null","null",2,10.097872,3.3284078,-0.28912875,2.5945044,-1.40528,-16731116
169,153,170,179,"null","null","null",6,11.695583,3.7009745,-0.6717531,1.9147032,-2.238161,-16731116
170,169,171,178,"null","null","null",5,10.660313,3.2905612,-0.6167604,3.2309766,-1.40528,-16731116
171,170,172,175,"","null","Starthroats",4,7.088899,2.633125,-0.8562573,3.8025494,-0.34808034,-16731116
172,171,173,174,"null","null","null",2,2.5113015,1.6917278,-2.1268075,3.5885549,-0.5755013,-16731116
175,171,176,177,"null","null","null",2,2.6337752,3.7952118,-0.70525885,0.55373955,-2.2791753,-16731116
