index,parent,child1,child2,name1,name2,common,richness,lengthbr,hxmax,hxmin,hymax,hymin,color
0,-268241767,1,40,"null","null","null",34,91.299995,2.3712444,-1.8280945,3.6272297,-0.41856802,-12486656
1,0,2,37,"null","null","null",20,49.699997,1.2878847,-3.118394,3.1946974,-0.6167593,-11184866
2,1,3,30,"null","null","null",18,49.499996,0.34807813,-3.6562014,2.5084994,-1.343868,-11184866
3,2,4,29,"","null","Girdle-tailed Lizards",14,49.399998,0.5754999,-3.3983083,1.6917357,-2.760709,-11184866
4,3,5,26,"null","null","null",13,49.399998,0.9035089,-2.7278008,0.33849317,-3.5064232,-11184866
5,4,6,25,"null","null","null",11,49.399998,2.4241421,-1.9384052,0.5235952,-3.4175372,-11184866
6,5,7,22,"null","null","null",10,43.6,3.3870208,-0.58310926,0.658092,-2.767274,-11184866
7,6,8,15,"null","null","null",8,41.3,3.516668,-0.4628839,2.1643786,-2.1562426,-11184866
8,7,9,14,"null","null","null",4,35.2,2.969976,-0.6376129,3.3591158,-1.197186,-11184866
9,8,10,13,"null","null","null",3,33.8,2.2791777,-1.2371252,3.766149,-0.3955168,-11184866
10,9,11,12,"null","null","null",2,24.6,1.5045863,-2.4441519,3.4248734,-0.6042881,-16777216
15,7,16,21,"null","null","null",4,37.5,2.47265,-2.010231,0.523484,-3.4551716,-16777216
16,15,17,20,"null","null","null",3,33.6,3.554822,-0.9791769,0.6527475,-2.8343005,-16777216
17,16,18,19,"null","null","null",2,26.8,3.827052,-0.44105422,0.9093875,-2.1905606,-16777216
22,6,23,24,"null","null","null",2,43.1,0.38339457,-2.4198945,0.86650705,-3.4392192,-11184866
26,4,27,28,"null","null","null",2,49.4,0.79509676,-3.6646852,2.3612092,-0.4184203,-16777216
30,2,31,36,"","null","Flat Lizards",4,38.8,2.2791789,-1.6992218,3.514792,-0.7052618,-16777216
31,30,32,35,"null","null","null",3,38.8,1.5045903,-3.0448804,3.0981107,-0.6042876,-16777216
32,31,33,34,"null","null","null",2,38.8,0.3238794,-3.6646843,2.3612094,-0.66192484,-16777216
37,1,38,39,"","null","Grass Lizards",2,14.4,3.1081653,-0.3171605,2.8755522,-1.1971898,-16777216
40,0,41,66,"null","null","null",14,62.7,3.624936,-0.6001848,2.0156415,-2.136561,-16731116
41,40,42,57,"null","null","null",13,58.100002,3.1107254,-0.6376126,3.165761,-1.0032719,-16731116
42,41,43,52,"null","null","null",8,57.9,2.4621503,-1.556853,3.5147917,-0.39551586,-16777216
43,42,44,51,"null","null","null",5,54.0,1.5045918,-2.8598025,3.0981112,-0.60428745,-16777216
44,43,45,50,"null","null","null",4,54.0,0.323879,-3.4240847,2.3612099,-1.1773154,-16777216
45,44,46,49,"null","null","null",3,50.2,0.5592972,-3.1628804,1.7788439,-2.6272573,-16777216
46,45,47,48,"null","null","null",2,5.2,0.66423035,-2.4198992,0.64114,-3.4392164,-16777216
52,42,53,56,"null","null","null",3,33.8,3.682302,-0.6366844,1.6104288,-2.1905634,-16777216
53,52,54,55,"null","null","null",2,29.4,3.2227097,-0.6278822,2.7384799,-1.3026892,-16777216
57,41,58,63,"null","null","null",5,32.4,3.4434724,-0.9169636,0.34452838,-2.8343048,-16731116
58,57,59,62,"null","null","null",3,32.2,3.682302,-0.44105315,1.6104288,-2.1905634,-16731116
59,58,60,61,"null","null","null",2,17.0,3.2227097,-0.6278822,2.7384799,-1.3026892,-16777216
63,57,64,65,"null","null","null",2,13.0,0.3707999,-2.5711951,0.8857589,-3.3442495,-16777216
