index,parent,child1,child2,name1,name2,common,richness,lengthbr,hxmax,hxmin,hymax,hymin,color
0,-268206067,1,-268194816,"null","null","null",453,38.2,3.4716086,-0.902599,0.44187438,-2.806989,-16731116
1,0,2,179,"null","null","null",331,34.9,3.626631,-0.46288425,2.0156493,-2.2078729,-16731116
2,1,3,122,"null","null","null",321,22.8,3.1129272,-0.637613,3.1657662,-1.0214714,-16731116
3,2,4,106,"null","null","null",292,16.3,2.4650147,-1.6649046,3.514793,-0.39551717,-16731116
4,3,5,59,"null","null","null",214,16.3,1.3321686,-3.0002637,3.0981092,-0.6042883,-16731116
5,4,6,58,"null","null","null",190,16.3,0.32388073,-3.6066768,2.361209,-1.2275882,-16731116
6,5,7,57,"null","null","null",189,16.3,0.5592984,-3.4002454,1.7788378,-2.6926062,-16731116
7,6,8,47,"null","null","null",188,16.3,0.8246769,-2.7284737,0.5171489,-3.5241625,-16731116
8,7,9,33,"null","null","null",125,16.3,2.3908234,-2.023676,0.5042372,-3.5213065,-16731116
9,8,-268190720,10,"null","null","null",96,16.3,3.448443,-0.75777113,0.65274775,-2.9202747,-16731116
10,9,11,32,"null","null","null",12,16.3,0.59771526,-2.6393647,0.8857573,-3.496599,-16731116
11,10,12,27,"Calomys","null","Vesper Mice",11,8.5,2.1597354,-2.0484684,0.48397338,-3.5703702,-16731116
12,11,13,24,"null","null","null",8,8.5,3.2514277,-0.8706895,0.6459124,-3.0087004,-16731116
13,12,14,19,"null","null","null",6,8.5,3.5280137,-0.4185698,1.8652921,-2.3703609,-16731116
14,13,15,18,"null","null","null",3,8.5,3.065712,-0.6167603,3.1667423,-1.4052806,-16731116
15,14,16,17,"null","null","null",2,8.5,2.3408208,-0.6580918,3.7190452,-0.34808022,-16731116
19,13,20,23,"null","null","null",3,8.5,1.7924187,-2.1365566,0.6001816,-3.622961,-16731116
20,19,21,22,"null","null","null",2,8.5,2.8755634,-1.1971815,0.6376133,-3.1081553,-16731116
24,12,25,26,"null","null","null",2,8.5,0.35782874,-2.7162147,0.90259826,-3.23998,-12486656
27,11,28,31,"null","null","null",3,4.3,0.48358452,-3.3782616,1.9384005,-2.3110387,-16731116
28,27,29,30,"null","null","null",2,4.3,0.65809226,-2.7162147,0.8675231,-3.23998,-16731116
33,8,-268192768,34,"null","null","null",29,16.3,0.44286364,-3.4929109,1.7306687,-2.5434372,-16731116
34,33,35,42,"null","null","null",7,16.3,1.5297099,-2.7374768,3.1863751,-0.35959762,-16731116
35,34,36,41,"Eligmodontia","null","Gerbil Mice",4,4.5,0.52728236,-3.4762132,2.4522882,-0.8165132,-16731116
36,35,37,40,"null","null","null",3,4.5,0.5235966,-3.3782582,1.9383993,-2.3110423,-16731116
37,36,38,39,"null","null","null",2,4.5,0.6580924,-2.7162104,0.8675197,-3.239983,-16731116
42,34,43,46,"null","null","null",3,16.3,3.0981085,-0.27500087,3.0448916,-1.5045813,-16731116
43,42,44,45,"Microryzomys","null","null",2,3.1,2.3612084,-0.66192454,3.6646895,-0.3238816,-16731116
47,7,-268191744,48,"null","null","null",63,16.3,0.82108533,-3.5706444,2.6047645,-1.075158,-16731116
48,47,49,56,"null","null","null",5,3.6000001,2.3408213,-1.4981455,3.4931798,-0.76705235,-16731116
49,48,50,55,"","some","Marsh Rats",4,0.2,1.691729,-2.9612634,3.1863751,-0.5755011,-16731116
50,49,51,54,"null","null","null",3,0.2,0.52728236,-3.7671359,2.4522882,-0.665,-16731116
51,50,52,53,"null","null","null",2,0.2,0.5235966,-3.7564578,1.9383993,-1.6186452,-16731116
59,4,60,93,"null","null","null",24,16.3,3.0229454,-0.30320042,3.2191267,-1.1618787,-16731116
60,59,61,92,"null","null","null",17,16.3,2.3134418,-1.5047851,3.6846669,-0.37198997,-16731116
61,60,62,85,"Oligoryzomys","null","Pygmy Rice Rats and more",16,5.0,1.4333838,-2.88283,3.3743334,-0.5905173,-16731116
62,61,63,82,"null","null","null",12,5.0,0.29948944,-3.5592208,2.7051492,-1.0522765,-16731116
63,62,64,75,"null","null","null",10,5.0,0.5419743,-3.4099588,1.7061975,-2.5434372,-16731116
64,63,65,72,"null","null","null",6,5.0,0.7291248,-2.745932,0.49050963,-3.4364262,-16731116
65,64,66,71,"null","null","null",4,5.0,2.3305678,-2.076367,0.48397338,-3.4921455,-16731116
66,65,67,70,"null","null","null",3,5.0,3.4735096,-1.0892038,0.6459124,-2.9070082,-16731116
67,66,68,69,"null","null","null",2,5.0,3.8167202,-0.4185698,0.73106515,-2.238161,-16731116
72,64,73,74,"null","null","null",2,5.0,0.8449204,-3.5245008,2.3807096,-0.39556158,-16731116
75,63,76,79,"null","null","null",4,5.0,1.6749367,-2.774622,3.131315,-0.35959762,-16731116
76,75,77,78,"null","null","null",2,5.0,0.52728236,-3.524502,2.38071,-0.665,-16731116
79,75,80,81,"null","null","null",2,5.0,3.4248686,-0.27500087,2.4441597,-1.5045813,-16731116
82,62,83,84,"null","null","null",2,5.0,2.3408213,-0.42902362,3.719045,-0.76705235,-16731116
85,61,86,91,"null","null","null",4,5.0,3.0657125,-0.28912854,3.2309756,-1.4052815,-16731116
86,85,87,90,"null","null","null",3,5.0,2.3408213,-0.8562542,3.8025498,-0.34807998,-16731116
87,86,88,89,"null","null","null",2,2.3,1.691729,-2.1268048,3.5885563,-0.5755011,-16731116
93,59,94,105,"null","null","null",7,16.3,3.251427,-1.0892045,0.33095574,-3.0087013,-16731116
94,93,95,100,"null","null","null",6,16.3,3.5280137,-0.41856956,1.8652903,-2.3703616,-16731116
95,94,96,99,"null","null","null",3,16.3,3.0657125,-0.6167602,3.1667411,-1.4052815,-12486656
96,95,97,98,"null","null","null",2,3.1,2.3408213,-0.6580918,3.719045,-0.34807998,-12486656
100,94,101,104,"null","null","null",3,16.3,1.7924193,-2.1365561,0.60018194,-3.6229608,-16731116
101,100,102,103,"Reithrodon","null","null",2,3.1,2.8755636,-1.1971806,0.63761336,-3.1081548,-16731116
106,3,-268189696,107,"null","null","null",78,16.3,3.688756,-0.63668215,1.864401,-2.243813,-16731116
107,106,108,117,"","null","Bolo Mice",8,3.8,2.279305,-2.0484686,0.56239974,-3.492146,-16731116
108,107,109,114,"null","null","null",5,3.8,3.406869,-0.87069,0.64591235,-2.9070091,-16731116
109,108,110,113,"null","null","null",3,3.8,3.7300882,-0.41856956,1.4251064,-2.2381618,-16731116
110,109,111,112,"null","null","null",2,2.3,3.3284092,-0.6167602,2.5945022,-1.4052815,-16731116
114,108,115,116,"null","null","null",2,2.3,0.3578286,-2.7162137,0.9025985,-3.2399807,-16731116
117,107,118,121,"null","null","null",3,3.8,0.48358494,-3.3782606,1.9384013,-2.3110383,-16731116
118,117,119,120,"null","null","null",2,3.8,0.65809226,-2.7162137,0.86752254,-3.2399807,-16731116
122,2,123,152,"null","null","null",29,18.7,3.4484415,-0.91696286,0.34452912,-2.8752637,-16731116
123,122,124,141,"null","null","null",15,14.6,3.688756,-0.44105458,1.864401,-2.243813,-12486656
124,123,125,134,"null","null","null",9,14.6,3.2310967,-0.62788296,3.0686367,-1.1166822,-12486656
125,124,126,131,"Neusticomys","null","Fish-eating Rats",5,8.4,2.5840383,-1.52877,3.4890296,-0.37198997,-12486656
126,125,127,130,"null","null","null",3,8.4,1.6001918,-2.9140103,3.1200051,-0.5905173,-12486656
127,126,128,129,"null","null","null",2,8.4,0.4136008,-3.5997553,2.3745222,-0.66423035,-16731116
131,125,132,133,"null","null","null",2,8.4,3.81672,-0.67175364,0.73106325,-2.2381618,-12486656
134,124,135,140,"Rheomys","most","Water Mice",4,7.3,3.406869,-1.0892045,0.33095574,-2.9070091,-12486656
135,134,136,139,"null","null","null",3,7.3,3.7300882,-0.41856956,1.4251064,-2.2381618,-12486656
136,135,137,138,"null","null","null",2,7.3,3.3284092,-0.6167602,2.5945022,-1.4052815,-16731116
141,123,142,151,"null","null","null",6,14.6,2.1597342,-2.0763676,0.56239974,-3.492146,-12486656
142,141,143,150,"null","null","null",5,14.6,3.251427,-1.0892045,0.64591235,-2.9070091,-12486656
143,142,144,149,"Ichthyomys","null","Crab-eating Rats",4,7.3,3.5280137,-0.41856956,1.8652903,-2.2381618,-12486656
144,143,145,148,"null","null","null",3,7.3,3.0657125,-0.6167602,3.1667411,-1.4052815,-12486656
145,144,146,147,"null","null","null",2,7.3,2.3408213,-0.6580918,3.719045,-0.34807998,-12486656
152,122,153,178,"Sigmodon","null","Cotton Rats",14,5.8,0.6764399,-2.6393654,0.8857578,-3.4364257,-16731116
153,152,154,171,"null","null","null",13,5.8,2.2620783,-2.0484686,0.48397315,-3.492146,-16731116
154,153,155,166,"null","null","null",9,5.8,3.384474,-0.886652,0.64591235,-2.9070091,-16731116
155,154,156,165,"null","null","null",6,5.8,3.700975,-0.41856956,1.9147013,-2.2381618,-16731116
156,155,157,164,"null","null","null",5,5.7999997,3.2905622,-0.6167602,3.2309756,-1.4052815,-16731116
157,156,158,161,"null","null","null",4,5.7,2.6331258,-0.8562542,3.8025498,-0.34807998,-16731116
158,157,159,160,"null","null","null",2,5.7,1.691729,-2.1268048,3.5885563,-0.5755011,-16731116
161,157,162,163,"null","null","null",2,5.7,3.7952113,-0.7052593,0.55373704,-2.2791758,-16731116
166,154,167,170,"null","null","null",3,5.8,0.3578286,-2.7521284,0.9025985,-3.6251001,-16731116
167,166,168,169,"null","null","null",2,5.8,1.0880204,-2.1365561,0.46288502,-3.8261666,-16731116
171,153,172,175,"null","null","null",4,5.8,0.48358494,-3.3782606,2.0181699,-2.3110383,-12486656
172,171,173,174,"null","null","null",2,5.8,0.65809226,-2.7162137,0.86752254,-3.2399807,-16731116
175,171,176,177,"null","null","null",2,2.9,1.7788377,-1.9610444,3.6551383,-0.40148056,-11184866
179,1,180,195,"null","null","null",10,26.900002,2.2960765,-2.120686,0.52348334,-3.571342,-12486656
180,179,181,194,"","null","Climbing Rats",8,13.5,3.325275,-0.979175,0.6527476,-2.9853218,-12486656
181,180,182,191,"Tylomys","null","null",7,13.3,3.5286393,-0.44105458,2.0426874,-2.3868887,-12486656
182,181,183,188,"null","null","null",5,13.3,3.0229454,-0.62788296,3.300409,-1.1514481,-11184866
183,182,184,187,"null","null","null",3,13.3,2.3134418,-1.0472633,3.790334,-0.37198997,-11184866
184,183,185,186,"null","null","null",2,13.3,1.6001918,-2.2880516,3.5117006,-0.5905173,-3014646
188,182,189,190,"null","null","null",2,13.3,3.005169,-1.0892045,0.33095574,-2.9852326,-11184866
191,181,192,193,"null","null","null",2,13.3,1.2662363,-2.0763676,0.56239974,-3.8140664,-16731116
195,179,196,197,"null","null","null",2,5.7,0.44286472,-3.7111793,1.8611706,-1.7914329,-16731116
