index,parent,child1,child2,name1,name2,common,richness,lengthbr,hxmax,hxmin,hymax,hymin,color
0,-268356529,1,48,"null","null","null",25,20.114492,3.61283,-0.44105512,1.9384282,-2.1905584,-16731116
1,0,2,35,"null","null","null",24,19.052166,3.132392,-0.6278832,3.1648693,-1.1927527,-16731116
2,1,3,28,"null","null","null",17,15.349251,2.4557228,-1.5047891,3.6141295,-0.37199056,-16731116
3,2,4,25,"","null","Scrubwrens",13,14.675968,1.5501353,-2.882833,3.2826333,-0.59051764,-16731116
4,3,5,16,"null","null","null",11,12.16531,0.29949006,-3.559222,2.5859394,-1.0796676,-16731116
5,4,6,15,"null","null","null",6,10.42127,0.5419747,-3.4099584,1.8611665,-2.5790436,-16731116
6,5,7,12,"null","null","null",5,10.277594,0.66192496,-2.7459316,0.49050635,-3.482712,-16731116
7,6,8,11,"null","null","null",3,3.947445,1.9703138,-2.0763643,0.48397422,-3.5523138,-16731116
8,7,9,10,"null","null","null",2,2.3294752,3.005175,-1.0891994,0.64591277,-2.9852262,-16731116
12,6,13,14,"null","null","null",2,3.188494,0.84491944,-3.5245032,2.3807092,-0.39556205,-16731116
16,4,17,24,"null","null","null",5,7.6856456,2.3408208,-1.3545772,3.4508257,-0.7670516,-16731116
17,16,18,21,"null","null","null",4,7.0415406,1.6749359,-2.7746239,3.1313145,-0.5755012,-16731116
18,17,19,20,"null","null","null",2,6.048971,0.5272817,-3.5245032,2.3807092,-0.665,-16731116
21,17,22,23,"null","null","null",2,2.7809348,3.4248688,-0.27500102,2.444159,-1.5045819,-16731116
25,3,26,27,"null","null","null",2,4.479927,3.3284082,-0.2891289,2.5945039,-1.4052806,-16731116
28,2,29,34,"null","null","null",4,10.228502,3.5280137,-0.67175275,1.8652921,-2.238161,-16731116
29,28,30,33,"","null","Mouse-warblers",3,6.03137,3.065712,-0.6167603,3.1667423,-1.4052806,-16731116
30,29,31,32,"null","null","null",2,2.711909,2.3408208,-0.6580918,3.7190452,-0.34808022,-16731116
35,1,36,43,"null","null","null",7,17.464878,3.4068692,-0.92879295,0.3309561,-3.0781724,-16731116
36,35,37,40,"null","null","null",4,13.895601,3.7300878,-0.4185698,1.4251086,-2.4606745,-16731116
37,36,38,39,"null","null","null",2,3.8021898,3.3284082,-0.6167603,2.5945039,-1.4052806,-16731116
40,36,41,42,"null","null","null",2,6.7299657,1.0880196,-2.1365566,0.6001816,-3.8261666,-16731116
43,35,44,47,"null","null","null",3,15.485979,0.35782874,-2.752129,0.90259826,-3.6250997,-16731116
44,43,45,46,"null","null","null",2,11.9079,1.0880196,-2.1365566,0.4628849,-3.8261666,-16731116
