index,parent,child1,child2,name1,name2,common,richness,lengthbr,hxmax,hxmin,hymax,hymin,color
0,-268258249,1,52,"null","null","null",27,11.199259,1.4052877,-2.9929948,3.260375,-0.61675954,-16731116
1,0,2,29,"null","null","null",26,10.455503,0.34807852,-3.493181,2.593881,-1.3385687,-16731116
2,1,3,16,"","null","Currasows",14,4.3332214,0.57550013,-3.1863809,1.5297157,-2.7538188,-12486656
3,2,4,15,"null","null","null",7,3.1528974,0.9035112,-2.452295,0.5272892,-3.4974642,-12486656
4,3,5,14,"null","null","null",6,2.9614973,2.424144,-1.938404,0.52359545,-3.405889,-12486656
5,4,6,13,"null","null","null",5,2.8649893,3.3870218,-0.8675265,0.6580921,-2.7521315,-12486656
6,5,7,12,"null","null","null",4,2.4364462,3.516668,-0.46288425,2.1815767,-2.136558,-12486656
7,6,8,11,"null","null","null",3,2.2222085,2.9699755,-0.637613,3.3814716,-1.1971844,-12486656
8,7,9,10,"null","null","null",2,1.1871111,2.2791774,-0.6459119,3.79521,-0.39551717,-16731116
16,2,17,28,"null","null","null",7,3.7086267,1.5045881,-2.9239182,3.0981102,-0.275,-12486656
17,16,18,27,"null","null","null",6,3.4691029,0.32387993,-3.507431,2.3612092,-1.2045227,-12486656
18,17,19,26,"null","null","null",5,2.4644518,0.5592977,-3.2712283,1.7788414,-2.6626244,-16731116
19,18,20,25,"null","null","null",4,2.1113617,0.66423047,-2.5607514,0.6411365,-3.4851904,-16731116
20,19,21,24,"null","null","null",3,1.4544959,2.1434007,-2.010231,0.50423634,-3.4706461,-12486656
21,20,22,23,"null","null","null",2,1.0384488,3.126798,-0.9791769,0.6527475,-2.8544173,-12486656
29,1,30,51,"ORTALIS","null","Chachalacas",12,5.1777496,2.2791781,-1.6991779,3.7069025,-0.70526135,-16731116
30,29,31,50,"null","null","null",11,4.393212,1.5045888,-3.044822,3.3478532,-0.60428786,-16731116
31,30,32,45,"null","null","null",10,3.7756884,0.32387975,-3.664607,2.6858752,-1.2045227,-16731116
32,31,33,44,"null","null","null",7,3.3318164,0.5592977,-3.475557,1.7788414,-2.6626244,-16731116
33,32,34,39,"null","null","null",6,3.0712714,0.66423047,-2.8263788,0.41482198,-3.4851904,-16731116
34,33,35,38,"null","null","null",3,1.2485298,2.1434007,-2.010231,0.50423634,-3.4706461,-16731116
35,34,36,37,"null","null","null",2,0.66896063,3.126798,-0.9791769,0.6527475,-2.8544173,-16731116
39,33,40,43,"null","null","null",3,2.835541,0.8210864,-3.7909272,2.3745222,-0.47380704,-16731116
40,39,41,42,"null","null","null",2,1.2594756,0.5419736,-3.7111802,1.8611718,-1.7914302,-16731116
45,31,46,49,"null","null","null",3,1.5278164,2.313443,-1.047253,3.7903354,-0.7370695,-16731116
46,45,47,48,"null","null","null",2,0.84276944,1.6001972,-2.2880425,3.5117052,-0.59051657,-16731116
