index,parent,child1,child2,name1,name2,common,richness,lengthbr,hxmax,hxmin,hymax,hymin,color
0,-268045123,1,60,"null","null","null",31,25.9,3.2514215,-1.0892124,0.6459119,-3.0223975,-16731116
1,0,2,33,"null","null","null",30,19.7,3.5280132,-0.41856796,1.7316328,-2.3881636,-16731116
2,1,3,30,"null","null","null",16,19.4,3.0657158,-0.6167593,2.9929938,-1.2878861,-16731116
3,2,4,29,"null","null","null",14,16.4,2.3408232,-1.3802617,3.4931822,-0.3480779,-16731116
4,3,5,24,"null","null","null",13,16.4,1.5297194,-2.8080223,3.1863844,-0.5754996,-16731116
5,4,6,23,"null","null","null",10,13.000001,0.52729416,-3.567933,2.4522996,-0.90350515,-16731116
6,5,7,22,"null","null","null",9,12.300001,0.52359474,-3.4975019,1.9384072,-2.424139,-16731116
7,6,8,15,"null","null","null",8,10.500001,0.6580919,-2.8712287,0.72600794,-3.3870196,-16731116
8,7,9,14,"Crossarchus","null","null",4,5.2,2.1815705,-2.1365604,0.46288338,-3.5166688,-16731116
9,8,10,13,"null","null","null",3,5.2,3.3814678,-1.1971887,0.63761264,-2.9699779,-16731116
10,9,11,12,"null","null","null",2,3.4,3.795209,-0.39551622,0.6459122,-2.2791789,-16731116
15,7,16,19,"null","null","null",4,10.200001,0.86650753,-3.7314625,2.7414124,-0.38339424,-16731116
16,15,17,18,"Helogale","null","null",2,6.8,0.50423586,-3.790802,2.0102327,-1.4433334,-16731116
19,15,20,21,"Mungos","null","null",2,4.2,2.3745227,-0.40725145,3.59975,-0.821087,-16731116
24,4,25,28,"Bdeogale","null","null",3,7.5,3.0981112,-0.2750017,3.0448778,-1.504592,-16731116
25,24,26,27,"null","null","null",2,7.5,2.3612099,-0.66192484,3.6646829,-0.32387894,-16731116
30,2,31,32,"null","null","null",2,5.1,2.8755507,-1.1971908,0.31716034,-3.1081667,-16731116
33,1,34,53,"null","null","null",14,19.7,2.1250012,-2.163125,0.6001849,-3.6630034,-16731116
34,33,35,50,"Herpestes","null","null",10,18.3,3.3079288,-1.0122144,0.6376125,-3.160213,-16731116
35,34,36,47,"null","null","null",8,18.3,3.6996102,-0.3955158,1.556854,-2.5264838,-16731116
36,35,37,46,"null","null","null",6,18.3,3.338375,-0.6042874,2.8598037,-1.504592,-16731116
37,36,38,43,"null","null","null",5,13.0,2.673553,-1.1773121,3.4240866,-0.32387894,-16731116
38,37,39,42,"null","null","null",3,13.0,1.7788453,-2.627254,3.1628835,-0.559297,-16731116
39,38,40,41,"null","null","null",2,6.3,0.6411433,-3.439214,2.4199033,-0.66423035,-16731116
43,37,44,45,"null","null","null",2,5.2,3.762606,-0.7370707,0.43901753,-2.3134444,-12486656
47,35,48,49,"null","null","null",2,18.3,0.90937626,-2.1905634,0.6366845,-3.8270519,-16731116
50,34,51,52,"null","null","null",2,18.3,0.34452835,-2.854425,0.9791828,-3.1267917,-16731116
53,33,54,57,"Galerella","null","null",4,14.8,0.52348536,-3.4706507,2.120692,-2.143393,-16777216
54,53,55,56,"null","null","null",2,14.8,0.6527472,-2.854424,0.9791821,-3.1267922,-16777216
57,53,58,59,"null","null","null",2,6.0,1.8611758,-1.7914212,3.7111826,-0.4428671,-16777216
