index,parent,child1,child2,name1,name2,common,richness,lengthbr,hxmax,hxmin,hymax,hymin
0,-268253034,1,199,"ACCIPITRIFORMES","null","null",251,77.29331,0.76705325,-3.479938,2.5084972,-268253034.347646
1,0,2,198,"Accipitridae","null","Osprey, kites, hawks and eagles",244,49.6127,0.5755006,-3.1691628,1.6917318,-2.7656167
2,1,3,197,"null","null","null",243,49.612206,0.9444785,-2.4299116,0.5272858,-3.512798
3,2,4,186,"","null","Kites, Eagles and more",242,45.599556,2.4773993,-1.9093078,0.52359605,-3.4258206
4,3,5,141,"null","null","null",236,34.416065,3.4562507,-0.6975702,0.6580922,-2.7780418
5,4,6,86,"null","null","null",213,28.288479,3.6066628,-0.4628849,2.125013,-2.1702433
6,5,-268356608,7,"null","null","null",185,26.862263,3.0869672,-0.6376133,3.307936,-1.0214674
7,6,8,79,"null","null","null",40,25.635212,3.3252769,-0.9169625,0.34691656,-2.8752604
8,7,9,62,"","null","Hawk-eagles and other eagles",36,16.369278,3.528639,-0.44105524,1.9450194,-2.2438107
9,8,10,55,"null","null","null",27,14.507161,3.022944,-0.6278832,3.1734376,-1.116679
10,9,11,54,"null","null","null",23,12.277841,2.3134408,-1.4972758,3.625268,-0.37199068
11,10,12,53,"null","null","null",22,10.07863,1.600189,-2.873065,3.2971134,-0.5905177
12,11,13,44,"null","null","null",21,8.995797,0.29949018,-3.5465233,2.604763,-1.1122098
13,12,14,35,"null","null","null",16,7.9706135,0.54197484,-3.3934498,1.730665,-2.6213484
14,13,15,28,"null","null","null",11,7.331653,0.661925,-2.7244701,0.5223193,-3.5377076
15,14,16,27,"null","null","null",7,6.451357,2.1597397,-2.076365,0.483974,-3.6238089
16,15,17,26,"null","null","null",6,5.8991623,3.25143,-1.0892006,0.64591265,-3.0781698
17,16,18,23,"null","null","null",5,4.3882904,3.5280137,-0.41857052,1.8652972,-2.4606724
18,17,19,22,"null","null","null",3,3.8677278,3.0657108,-0.6167606,3.1667461,-1.4052775
19,18,20,21,"null","null","null",2,1.6712054,2.3408198,-0.65809166,3.719047,-0.34808096
23,17,24,25,"null","null","null",2,2.636628,1.0880251,-2.1365547,0.6001805,-3.8261662
28,14,29,34,"null","null","null",4,3.277893,0.8449197,-3.4762144,2.4522865,-0.816515
29,28,30,33,"null","null","null",3,1.9828552,0.5235969,-3.3782585,1.9383984,-2.3110435
30,29,31,32,"null","null","null",2,1.3861644,0.65809244,-2.7162104,0.8675197,-3.239983
35,13,36,43,"null","null","null",5,6.8083897,1.6917262,-2.7374787,3.1863725,-0.35959634
36,35,37,42,"null","null","null",4,4.9459724,0.5272789,-3.4762127,2.4522848,-0.8165185
37,36,38,41,"null","null","null",3,1.8197557,0.5235972,-3.3782551,1.9383972,-2.311047
38,37,39,40,"null","null","null",2,1.37621,0.6580925,-2.7162058,0.86751616,-3.2399864
44,12,45,52,"null","null","null",5,5.773851,2.3408206,-1.4981501,3.4931793,-0.76705146
45,44,46,51,"null","null","null",4,4.4161944,1.6917262,-2.9612668,3.1863725,-0.57550156
46,45,47,50,"null","null","null",3,3.0436635,0.5272789,-3.767137,2.4522848,-0.665
47,46,48,49,"null","null","null",2,1.6994119,0.5235972,-3.7564566,1.9383972,-1.6186507
55,9,56,61,"null","null","null",4,10.776466,3.40687,-1.0892012,0.33095616,-2.9070072
56,55,57,60,"null","null","null",3,7.261836,3.7300868,-0.41857028,1.4251122,-2.2381606
57,56,58,59,"null","null","null",2,4.993187,3.328406,-0.61676055,2.5945067,-1.4052784
62,8,63,78,"null","null","null",9,15.176193,2.1597385,-2.0763655,0.5623986,-3.492145
63,62,64,73,"null","null","null",8,11.157303,3.2514293,-0.8866485,0.6459125,-2.9070072
64,63,65,72,"null","null","null",5,7.468878,3.528014,-0.41857028,1.9147055,-2.2381606
65,64,66,71,"null","null","null",4,4.100645,3.0657115,-0.61676055,3.230978,-1.4052784
66,65,67,70,"null","null","null",3,3.5061522,2.3408206,-0.85626006,3.8025498,-0.34808072
67,66,68,69,"null","null","null",2,1.5204464,1.6917262,-2.1268098,3.5885544,-0.57550156
73,63,74,77,"null","null","null",3,6.8375645,0.357829,-2.7521257,0.902598,-3.625102
74,73,75,76,"null","null","null",2,3.7420673,1.0880258,-2.1365545,0.46288565,-3.8261662
79,7,80,85,"null","null","null",4,22.570118,0.45200443,-2.6608229,0.8857572,-3.4827118
80,79,81,84,"null","null","null",3,21.27646,1.9703102,-2.0763655,0.4839738,-3.5523152
81,80,82,83,"null","null","null",2,16.000147,3.0051725,-1.0892012,0.6459125,-2.9852285
86,5,87,116,"null","null","null",28,25.023018,2.3908236,-1.9577107,0.5234822,-3.48668
87,86,88,115,"null","null","null",15,21.033611,3.4484427,-0.9791716,0.65274775,-2.8752604
88,87,89,104,"null","null","null",14,19.999914,3.6887548,-0.44105524,1.8644058,-2.2438107
89,88,90,103,"null","null","null",8,17.608042,3.2310944,-0.6278832,3.0686398,-1.3026779
90,89,91,100,"","null","Snake-eagles",7,14.385198,2.5840364,-1.6418946,3.4890308,-0.37199068
91,90,92,97,"null","null","null",5,12.95401,1.550134,-3.0610695,3.1200047,-0.5905177
92,91,93,96,"null","null","null",3,8.185234,0.4135974,-3.790929,2.374522,-0.66423035
93,92,94,95,"null","null","null",2,5.314442,0.54197484,-3.7111773,1.8611662,-1.7914411
97,91,98,99,"null","null","null",2,4.3506184,3.328406,-0.28912896,2.5945067,-1.4052784
100,90,101,102,"null","null","null",2,3.1774154,3.8167205,-0.6717526,0.73106873,-2.2381606
104,88,105,114,"","null","Serpent-eagles",6,11.6322365,2.1597385,-2.0763655,0.5623986,-3.492145
105,104,106,113,"null","null","null",5,5.5167427,3.2514293,-1.0892012,0.6459125,-2.9070072
106,105,107,112,"null","null","null",4,4.740658,3.528014,-0.41857028,1.8652952,-2.2381606
107,106,108,111,"null","null","null",3,4.154294,3.0657115,-0.61676055,3.1667447,-1.4052784
108,107,109,110,"null","null","null",2,3.1875808,2.3408206,-0.65809166,3.7190466,-0.34808072
116,86,117,134,"","null","Vultures",13,12.679741,0.44286343,-3.34449,1.7306685,-2.5434382
117,116,118,133,"null","null","null",9,10.631727,0.66192496,-2.6608229,0.7546917,-3.436427
118,117,119,132,"null","null","null",8,3.0693574,2.1597385,-2.0763655,0.4839738,-3.492145
119,118,120,131,"null","null","null",7,2.3136501,3.2514293,-1.0892012,0.6459125,-2.9070072
120,119,121,130,"null","null","null",6,1.7769283,3.528014,-0.41857028,1.9147055,-2.2381606
121,120,122,127,"null","null","null",5,1.0908315,3.0657115,-0.61676055,3.230978,-1.2878697
122,121,123,126,"null","null","null",3,0.77797365,2.3408206,-0.85626006,3.8025498,-0.34808072
123,122,124,125,"null","null","null",2,0.67203796,1.6917262,-2.1268098,3.5885544,-0.57550156
127,121,128,129,"null","null","null",2,0.8209309,2.8755677,-1.1971774,0.31716195,-3.108151
134,116,135,140,"null","null","null",4,10.860743,1.6917292,-2.9612632,3.186376,-0.3595974
135,134,136,139,"null","null","null",3,6.4520073,0.52728385,-3.7671359,2.4522893,-0.665
136,135,137,138,"null","null","null",2,3.5788622,0.5235964,-3.7564583,1.9384001,-1.6186436
141,4,142,177,"null","null","null",23,29.74263,0.82467735,-2.6774395,0.8665061,-3.4975271
142,141,143,170,"null","null","null",18,28.388634,2.3908236,-1.9270635,0.50423723,-3.48668
143,142,144,169,"null","null","null",14,27.242924,3.4484427,-0.9791716,0.65274775,-2.8752604
144,143,145,162,"null","null","null",13,24.822441,3.6887548,-0.44105524,1.8644058,-2.2438107
145,144,146,155,"null","null","null",9,22.23795,3.2310944,-0.6278832,3.0686398,-1.116679
146,145,147,152,"null","null","null",5,13.089359,2.5840364,-1.5287752,3.4890308,-0.37199068
147,146,148,151,"null","null","null",3,5.832525,1.600189,-2.9140143,3.1200047,-0.5905177
148,147,149,150,"null","null","null",2,3.6756425,0.4135974,-3.5997574,2.374522,-0.66423035
152,146,153,154,"null","null","null",2,3.4378686,3.8167205,-0.6717526,0.73106873,-2.2381606
155,145,156,161,"null","null","null",4,10.652454,3.40687,-1.0892012,0.33095616,-2.9070072
156,155,157,160,"null","null","null",3,7.7142725,3.7300868,-0.41857028,1.4251122,-2.2381606
157,156,158,159,"null","null","null",2,3.4819427,3.328406,-0.61676055,2.5945067,-1.4052784
162,144,163,168,"null","null","null",4,23.316368,2.3305707,-2.0763655,0.5623986,-3.492145
163,162,164,167,"null","null","null",3,5.733357,3.4735112,-1.0892012,0.6459125,-2.9070072
164,163,165,166,"null","null","null",2,3.6805027,3.8167205,-0.41857028,0.73106873,-2.2381606
170,142,171,174,"null","null","null",4,13.105653,0.44286343,-3.2755337,1.9094157,-2.4725404
171,170,172,173,"null","null","null",2,1.251217,0.66192496,-2.5711792,0.7546917,-3.3442597
174,170,175,176,"null","null","null",2,5.1673036,1.6917292,-2.1268039,3.588557,-0.3595974
177,141,178,183,"null","null","null",5,27.0297,0.8210852,-3.4558172,2.705149,-0.9977406
178,177,179,182,"null","null","null",3,25.384241,0.5419744,-3.2755337,1.8611681,-2.4725404
179,178,180,181,"","null","Harrier-hawks",2,7.8598523,0.66192496,-2.5711792,0.7546917,-3.3442597
183,177,184,185,"null","null","null",2,20.731936,2.3408213,-0.42902368,3.7190447,-0.76705223
186,3,187,194,"null","null","null",6,27.314783,0.40148073,-3.410198,1.7948564,-2.8520703
187,186,188,191,"null","null","null",4,12.524519,0.66423047,-2.741412,0.41481847,-3.7314653
188,187,189,190,"null","null","null",2,3.9090853,1.443346,-2.010228,0.50423723,-3.7907999
191,187,192,193,"null","null","null",2,3.9666352,0.8210852,-3.5997555,2.3745217,-0.40725225
194,186,195,196,"null","null","null",2,7.8788533,1.6001921,-2.2880507,3.511701,-0.31738168
199,0,200,209,"Cathartidae","null","New World vultures",7,54.894356,2.52648,-1.7809223,3.514793,-0.7052604
200,199,201,206,"null","null","null",5,40.89196,1.4209507,-3.1510868,3.0981097,-0.6042882
201,200,202,205,"null","null","null",3,22.270847,0.3238805,-3.8027477,2.361209,-0.6648466
202,201,203,204,"null","null","null",2,13.36479,0.5592982,-3.6551383,1.7788389,-1.9610431
206,200,207,208,"null","null","null",2,25.499199,3.222703,-0.30320027,2.7384882,-1.3026829
209,199,210,211,"null","null","null",2,38.840874,3.827052,-0.6366822,0.90938777,-2.1905603
