index,parent,child1,child2,name1,name2,common,richness,lengthbr,hxmax,hxmin,hymax,hymin,color
0,-268092409,1,50,"null","null","null",34,0.0,2.3773386,-1.9503787,0.5042366,-3.455171,-16731116
1,0,2,41,"null","null","null",25,0.0,3.4309158,-0.8051368,0.6527476,-2.8342996,-16731116
2,1,3,40,"null","null","null",20,0.0,3.6659732,-0.44105446,1.8643999,-2.1905599,-16731116
3,2,4,23,"null","null","null",19,0.0,3.2014794,-0.6278829,3.068636,-1.116683,-16731116
4,3,5,16,"null","null","null",10,0.0,2.5455358,-1.6418892,3.4890292,-0.37198985,-16731116
5,4,6,11,"null","null","null",6,0.0,1.4333843,-3.0610657,3.1200047,-0.59051716,-16731116
6,5,7,10,"null","null","null",3,0.0,0.4136023,-3.790928,2.3745217,-0.66423035,-16731116
7,6,8,9,"null","null","null",2,0.0,0.5419742,-3.7111783,1.861169,-1.7914364,-16731116
11,5,12,15,"null","null","null",3,0.0,3.065713,-0.28912845,3.1667385,-1.4052837,-16731116
12,11,13,14,"null","null","null",2,0.0,2.3408213,-0.6580919,3.7190437,-0.3480795,-16731116
16,4,17,20,"null","null","null",4,0.0,3.7300892,-0.67175376,1.4251027,-2.4606767,-16777216
17,16,18,19,"null","null","null",2,0.0,3.3284116,-0.61675996,2.594499,-1.4052837,-16777216
20,16,21,22,"null","null","null",2,0.0,1.0880142,-2.136558,0.6001827,-3.8261666,-16777216
23,3,24,33,"null","null","null",9,0.0,3.2514253,-0.9287933,0.33095568,-2.90701,-16731116
24,23,25,32,"null","null","null",5,0.0,3.5280132,-0.41856912,1.9146991,-2.2381623,-16731116
25,24,26,31,"null","null","null",4,0.0,3.065713,-0.61675996,3.2309742,-1.4052837,-16731116
26,25,27,30,"null","null","null",3,0.0,2.3408213,-0.8562506,3.8025498,-0.3480795,-16731116
27,26,28,29,"null","null","null",2,0.0,1.6917307,-2.1268017,3.5885577,-0.5755007,-16731116
33,23,34,39,"null","null","null",4,0.0,0.35782835,-2.7521315,0.90259886,-3.4687872,-16731116
34,33,35,38,"null","null","null",3,0.0,1.7924132,-2.136558,0.46288425,-3.6229632,-16731116
35,34,36,37,"null","null","null",2,0.0,2.875559,-1.1971848,0.637613,-3.1081588,-16731116
41,1,42,47,"null","null","null",5,0.0,0.45199513,-2.745932,0.8857578,-3.4827113,-16777216
42,41,43,46,"null","null","null",3,0.0,1.9703012,-2.076369,0.48397276,-3.5523193,-16777216
43,42,44,45,"null","null","null",2,0.0,3.005166,-1.0892072,0.64591223,-2.9852352,-16777216
47,41,48,49,"null","null","null",2,0.0,0.8449211,-3.5244987,2.3807101,-0.39556122,-16777216
50,0,51,66,"null","null","null",9,0.0,0.4428649,-3.3279867,1.861171,-2.5434334,-16731116
51,50,52,65,"null","null","null",8,0.0,0.68968856,-2.6393688,0.7546976,-3.4364245,-16731116
52,51,53,60,"","null","Whip Snakes and more",7,0.0,2.2793026,-2.048472,0.48397276,-3.4921463,-16731116
53,52,54,59,"null","null","null",4,0.0,3.406868,-1.0892072,0.64591223,-2.90701,-16731116
54,53,55,58,"null","null","null",3,0.0,3.7300892,-0.41856912,1.4251027,-2.2381623,-16731116
55,54,56,57,"null","null","null",2,0.0,3.3284116,-0.61675996,2.594499,-1.4052837,-16731116
60,52,61,64,"null","null","null",3,0.0,0.48358572,-3.3782644,1.9384029,-2.3110337,-16731116
61,60,62,63,"null","null","null",2,0.0,0.65809214,-2.716219,0.8675264,-3.239977,-16731116
