index,parent,child1,child2,name1,name2,common,richness,lengthbr,hxmax,hxmin,hymax,hymin,color
0,-268396467,1,24,"null","null","null",27,46.1,3.3900375,-0.9169626,0.34452933,-2.8958333,-12486656
1,0,2,19,"null","null","null",12,15.199999,3.6128297,-0.4410549,1.8644031,-2.2705545,-16731116
2,1,3,18,"null","null","null",9,13.440268,3.1323924,-0.6278831,3.0686378,-1.3026792,-16731116
3,2,4,11,"","null","South American Horned Frogs",8,12.719797,2.4557233,-1.641892,3.48903,-0.37199032,-16731116
4,3,5,10,"null","null","null",4,8.479865,1.6001905,-3.0610676,3.1200047,-0.59051746,-16731116
5,4,6,9,"null","null","null",3,8.479865,0.41359925,-3.7909281,2.374522,-0.66423035,-12486656
6,5,7,8,"null","null","null",2,8.479865,0.54197454,-3.711177,1.8611674,-1.7914399,-11184866
11,3,12,17,"null","null","null",4,8.479865,3.5280137,-0.6717531,1.8652927,-2.238161,-16731116
12,11,13,16,"null","null","null",3,8.479865,3.0657122,-0.6167604,3.1667428,-1.40528,-16731116
13,12,14,15,"null","null","null",2,8.479865,2.340821,-0.6580918,3.7190456,-0.34808034,-16731116
19,1,20,23,"","null","Budgett's frogs",3,6.7201343,1.9703076,-2.0763667,0.56239915,-3.5523167,-16731116
20,19,21,22,"null","null","null",2,6.7201343,3.0051708,-1.0892029,0.6459124,-2.9852307,-16731116
24,0,25,44,"null","null","null",15,37.878426,0.5977162,-2.7244706,0.88575745,-3.4364264,-12486656
25,24,26,43,"null","null","null",10,32.207047,2.1597364,-2.0763667,0.4839735,-3.4921455,-11184866
26,25,27,36,"null","null","null",9,30.733334,3.2514281,-0.88665044,0.6459124,-2.9070082,-11184866
27,26,28,35,"null","null","null",5,30.733334,3.5280137,-0.41856992,1.8652927,-2.238161,-11184866
28,27,29,32,"null","null","null",4,30.733334,3.0657122,-0.6167604,3.1667428,-1.2878717,-11184866
29,28,30,31,"null","null","null",2,30.733334,2.340821,-0.6580918,3.7190456,-0.34808034,-8572416
32,28,33,34,"null","null","null",2,30.733334,2.875566,-1.1971791,0.31716174,-3.1081529,-11184866
36,26,37,42,"null","null","null",4,30.733334,0.3578288,-2.7521274,0.90259826,-3.4687881,-11184866
37,36,38,41,"null","null","null",3,30.733334,1.7924224,-2.1365554,0.46288532,-3.6229596,-11184866
38,37,39,40,"null","null","null",2,30.733334,2.875566,-1.1971791,0.6376135,-3.1081529,-11184866
44,24,45,50,"null","null","null",5,22.51176,0.8449203,-3.4762135,2.7277994,-0.81651133,-16731116
45,44,46,49,"null","null","null",3,22.51176,0.5235964,-3.3782592,1.9384001,-2.3110406,-16731116
46,45,47,48,"null","null","null",2,22.51176,0.6580923,-2.7162118,0.8675207,-3.2399821,-12486656
50,44,51,52,"null","null","null",2,22.51176,2.3612082,-0.418421,3.6646886,-0.79509497,-16731116
