index,parent,child1,child2,name1,name2,common,richness,lengthbr,hxmax,hxmin,hymax,hymin
0,-268306430,1,200,"null","null","null",574,53.544598,3.6186254,-0.46288455,2.0824385,-2.1856341
1,0,2,-268347392,"null","null","null",331,48.91651,3.1025193,-0.6376132,3.2525904,-1.070384
2,1,3,79,"null","null","null",229,42.399998,2.451485,-1.6730592,3.627663,-0.39551753
3,2,4,14,"null","null","null",168,39.982918,1.3808104,-3.010863,3.2448397,-0.60428846
4,3,-268381184,5,"null","null","null",135,38.27646,0.32388112,-3.6204545,2.5519586,-1.2190323
5,4,6,11,"null","null","null",5,12.558641,2.5840373,-1.5287724,3.48903,-0.7370677
6,5,7,10,"null","null","null",3,12.558641,1.6001905,-2.9140122,3.1200047,-0.59051746
7,6,8,9,"null","null","null",2,12.558641,0.41359925,-3.5997562,2.374522,-0.66423035
11,5,12,13,"null","null","null",2,12.558641,3.8167205,-0.6717531,0.731066,-2.238161
14,3,15,60,"null","null","null",33,27.283678,3.1323924,-0.30320063,3.1648684,-1.1618767
15,14,16,41,"null","null","null",23,24.466646,2.4557233,-1.5425444,3.6141295,-0.37199032
16,15,17,38,"","null","Stream Frogs",13,20.014614,1.550136,-2.9319158,3.2826343,-0.59051746
17,16,18,31,"null","null","null",11,20.014614,0.29948983,-3.6230307,2.5859401,-1.0796664
18,17,19,30,"null","null","null",7,20.014614,0.54197454,-3.4929104,1.8611674,-2.579043
19,18,20,25,"null","null","null",6,20.014614,0.66192496,-2.8537693,0.5223193,-3.482712
20,19,21,24,"null","null","null",3,20.014614,1.9703119,-2.076365,0.483974,-3.5523148
21,20,22,23,"null","null","null",2,20.014614,3.0051737,-1.0892006,0.64591265,-2.9852276
25,19,26,29,"null","null","null",3,20.014614,0.8449197,-3.767137,2.4522865,-0.39556193
26,25,27,28,"null","null","null",2,20.014614,0.5235969,-3.756458,1.9383984,-1.6186465
31,17,32,37,"null","null","null",4,20.014614,2.340821,-1.354578,3.4508262,-0.76705194
32,31,33,36,"null","null","null",3,20.014614,1.6917278,-2.7746243,3.1313148,-0.5755013
33,32,34,35,"null","null","null",2,20.014614,0.52728057,-3.5245035,2.3807096,-0.665
38,16,39,40,"null","null","null",2,20.014614,3.3284078,-0.28912875,2.5945044,-1.40528
41,15,42,57,"null","null","null",10,17.967354,3.5280137,-0.6717531,1.731644,-2.4606743
42,41,43,54,"","null","Mountain Brook Frogs",8,16.226137,3.0657122,-0.6167604,2.9929996,-1.2878717
43,42,44,53,"null","null","null",6,16.226137,2.340821,-1.4981482,3.4931793,-0.34808034
44,43,45,50,"null","null","null",5,16.226137,1.6749347,-2.9612656,3.1863737,-0.5755013
45,44,46,49,"null","null","null",3,16.226137,0.52728057,-3.767137,2.4522865,-0.665
46,45,47,48,"null","null","null",2,16.226137,0.5235969,-3.756458,1.9383984,-1.6186465
50,44,51,52,"null","null","null",2,16.226137,3.4248672,-0.27500108,2.4441621,-1.5045799
54,42,55,56,"null","null","null",2,16.226137,2.875566,-1.1971791,0.31716174,-3.1081529
57,41,58,59,"","null","Bromeliad Treefrogs",2,5.4087124,1.0880233,-2.1365554,0.6001814,-3.8261666
60,14,61,74,"","null","Fringe-limbed Treefrogs",10,17.967354,3.2514281,-0.9287931,0.33095595,-3.0086997
61,60,62,69,"null","null","null",7,17.967354,3.5280137,-0.41856992,1.9147032,-2.3703601
62,61,63,68,"null","null","null",4,17.967354,3.0657122,-0.6167604,3.2309766,-1.40528
63,62,64,67,"null","null","null",3,17.967354,2.340821,-0.8562573,3.8025494,-0.34808034
64,63,65,66,"null","null","null",2,17.967354,1.6917278,-2.1268075,3.5885549,-0.5755013
69,61,70,73,"null","null","null",3,17.967354,1.7924224,-2.1365554,0.6001814,-3.6229596
70,69,71,72,"null","null","null",2,17.967354,2.875566,-1.1971791,0.6376135,-3.1081529
74,60,75,78,"null","null","null",3,17.967354,0.3578288,-2.7521274,0.90259826,-3.625101
75,74,76,77,"null","null","null",2,17.967354,1.0880233,-2.1365554,0.46288532,-3.8261666
79,2,80,179,"null","null","null",61,32.077652,3.6583161,-0.63668156,1.9450172,-2.3023295
80,79,81,178,"null","null","null",50,30.525995,3.1915243,-0.6278831,3.1734364,-1.3026792
81,80,82,147,"null","null","null",49,30.368351,2.5325947,-1.5425444,3.625268,-0.37199032
82,81,83,132,"null","null","null",33,27.283678,1.5288991,-2.9319158,3.297114,-0.59051746
83,82,84,117,"null","null","null",25,25.117283,0.39173245,-3.6230307,2.6047637,-1.052279
84,83,85,110,"","null","Slender-legged Treefrogs",17,22.107912,0.54197454,-3.4929104,1.7306666,-2.5434394
85,84,86,103,"null","null","null",13,22.107912,0.6764462,-2.8537693,0.64476943,-3.4364274
86,85,87,102,"null","null","null",9,22.107912,2.2620838,-2.076365,0.483974,-3.4921446
87,86,88,101,"null","null","null",8,22.107912,3.3844771,-1.0892006,0.64591265,-2.9070063
88,87,89,100,"null","null","null",7,22.107912,3.700975,-0.41857052,1.9147071,-2.2381597
89,88,90,97,"null","null","null",6,22.107912,3.2905602,-0.6167606,3.230979,-1.2878692
90,89,91,94,"null","null","null",4,22.107912,2.6331239,-0.856262,3.8025498,-0.34808096
91,90,92,93,"null","null","null",2,22.107912,1.6917254,-2.1268115,3.5885534,-0.5755017
94,90,95,96,"null","null","null",2,22.107912,3.7952118,-0.705258,0.5537415,-2.2791743
97,89,98,99,"null","null","null",2,22.107912,2.8755672,-1.1971784,0.3171621,-3.108152
103,85,104,107,"null","null","null",4,22.107912,0.8449197,-3.767137,2.7277992,-0.39556193
104,103,105,106,"null","null","null",2,22.107912,0.5235969,-3.756458,1.9383984,-1.6186465
107,103,108,109,"null","null","null",2,22.107912,2.361208,-0.4184213,3.6646907,-0.79509425
110,84,111,116,"null","null","null",4,22.107912,1.6917278,-2.9612656,3.1863737,-0.35959697
111,110,112,115,"null","null","null",3,22.107912,0.52728057,-3.767137,2.4522865,-0.665
112,111,113,114,"null","null","null",2,22.107912,0.5235969,-3.756458,1.9383984,-1.6186465
117,83,118,129,"","null","Amazon Treefrogs",8,16.226137,2.633125,-1.3385797,3.4931793,-0.76705194
118,117,119,128,"null","null","null",6,16.226137,1.6917278,-2.7538266,3.1863737,-0.5755013
119,118,120,127,"null","null","null",5,16.226137,0.52728057,-3.4974663,2.4522865,-1.0443957
120,119,121,126,"null","null","null",4,16.226137,0.5235969,-3.405886,1.9383984,-2.6072884
121,120,122,125,"null","null","null",3,16.226137,0.65809244,-2.7521262,0.8675197,-3.6251016
122,121,123,124,"null","null","null",2,16.226137,1.0880251,-2.1365547,0.46288556,-3.8261662
129,117,130,131,"null","null","null",2,16.226137,3.7952118,-0.70525885,0.55373955,-2.2791753
132,82,133,144,"null","null","null",8,16.226137,3.2806249,-0.28912875,2.9604201,-1.2878717
133,132,134,139,"null","null","null",6,16.226137,2.6202073,-1.354578,3.4508262,-0.34808034
134,133,135,138,"null","null","null",3,16.226137,1.6917278,-2.7746243,3.1313148,-0.5755013
135,134,136,137,"null","null","null",2,16.226137,0.52728057,-3.5245035,2.3807096,-0.665
139,133,140,143,"null","null","null",3,16.226137,3.766147,-0.70525885,1.2371379,-2.2791753
140,139,141,142,"null","null","null",2,16.226137,3.4248672,-0.60428894,2.4441621,-1.5045799
144,132,145,146,"null","null","null",2,16.226137,2.875566,-1.1971791,0.31716174,-3.1081529
147,81,148,167,"null","null","null",16,21.63485,3.7009745,-0.6717531,1.731644,-2.323119
148,147,149,164,"null","null","null",10,17.967354,3.2905612,-0.6167604,2.9929996,-1.2878717
149,148,150,161,"null","null","null",8,17.967354,2.633125,-1.3260047,3.4931793,-0.34808034
150,149,151,158,"null","null","null",6,17.967354,1.6749347,-2.737479,3.1863737,-0.5755013
151,150,152,157,"null","null","null",4,17.967354,0.52728057,-3.4762144,2.4522865,-0.816515
152,151,153,156,"null","null","null",3,17.967354,0.5235969,-3.3782585,1.9383984,-2.3110435
153,152,154,155,"null","null","null",2,17.967354,0.65809244,-2.7162104,0.8675197,-3.239983
158,150,159,160,"null","null","null",2,17.967354,3.4248672,-0.27500108,2.4441621,-1.5045799
161,149,162,163,"null","null","null",2,17.967354,3.7952118,-0.70525885,0.55373955,-2.2791753
164,148,165,166,"null","null","null",2,17.967354,2.875566,-1.1971791,0.31716174,-3.1081529
167,147,168,177,"null","null","null",6,13.981319,2.0156565,-2.1365554,0.6001814,-3.516667
168,167,169,176,"null","null","null",5,12.558642,3.1657705,-1.1971791,0.6376135,-2.9699724
169,168,170,175,"null","null","null",4,10.817426,3.5147936,-0.39551836,1.6992391,-2.2791753
170,169,171,174,"null","null","null",3,8.572607,3.0981078,-0.60428894,3.0448937,-1.5045799
171,170,172,173,"null","null","null",2,8.572607,2.361208,-0.6619245,3.6646907,-0.32388195
179,79,180,197,"","null","Heart-tongued Frogs",11,18.711071,2.26208,-2.2165554,0.56239915,-3.62381
180,179,181,196,"null","null","null",9,18.711071,3.3844748,-1.0892029,0.6459124,-3.0781722
181,180,182,193,"null","null","null",8,18.711071,3.7009745,-0.41856992,1.9147032,-2.4606743
182,181,183,190,"null","null","null",6,13.981319,3.2905612,-0.6167604,3.2309766,-1.2878717
183,182,184,187,"null","null","null",4,13.981319,2.633125,-0.8562573,3.8025494,-0.34808034
184,183,185,186,"null","null","null",2,13.981319,1.6917278,-2.1268075,3.5885549,-0.5755013
187,183,188,189,"null","null","null",2,13.981319,3.7952118,-0.70525885,0.55373955,-2.2791753
190,182,191,192,"null","null","null",2,13.981319,2.875566,-1.1971791,0.31716174,-3.1081529
193,181,194,195,"null","null","null",2,5.4087124,1.0880233,-2.1365554,0.6001814,-3.8261666
197,179,198,199,"null","null","null",2,5.4087124,0.48358428,-3.7564583,1.9384001,-1.6186436
200,0,201,-268345344,"null","null","null",243,46.286846,2.3458955,-1.9934092,0.5234828,-3.521307
201,200,202,260,"null","null","null",143,41.819016,3.3900375,-0.7673098,0.6527477,-2.9202757
202,201,-268376064,203,"null","null","null",139,41.579952,3.6128297,-0.4410549,1.9450172,-2.3023295
203,202,204,241,"null","null","null",29,28.374252,2.2575574,-2.105151,0.56239915,-3.62381
204,203,205,240,"null","null","null",19,28.374252,3.3785954,-1.0892029,0.6459124,-3.0781722
205,204,206,237,"null","null","null",18,28.374252,3.6933312,-0.41856992,1.731644,-2.4606743
206,205,207,224,"null","null","null",16,23.363,3.2806249,-0.6167604,2.9929996,-1.3110055
207,206,208,217,"null","null","null",9,23.363,2.6202073,-1.3260047,3.4931793,-0.34808034
208,207,209,216,"null","null","null",5,23.363,1.6917278,-2.737479,3.1863737,-0.5755013
209,208,210,215,"null","null","null",4,23.363,0.52728057,-3.4762144,2.4522865,-0.816515
210,209,211,214,"null","null","null",3,23.363,0.5235969,-3.3782585,1.9383984,-2.3110435
211,210,212,213,"null","null","null",2,23.363,0.65809244,-2.7162104,0.8675197,-3.239983
217,207,218,221,"null","null","null",4,23.363,3.766147,-0.70525885,1.2371379,-2.5264764
218,217,219,220,"null","null","null",2,23.363,3.4248672,-0.60428894,2.4441621,-1.5045799
221,217,222,223,"null","null","null",2,23.363,0.9093993,-2.1905572,0.63668036,-3.8270524
224,206,225,234,"null","null","null",7,23.363,3.1657705,-1.0121982,0.31716174,-3.160204
225,224,226,231,"null","null","null",5,23.363,3.5147936,-0.39551836,1.6992391,-2.5264764
226,225,227,230,"null","null","null",3,23.363,3.0981078,-0.60428894,3.0448937,-1.5045799
227,226,228,229,"null","null","null",2,23.363,2.361208,-0.6619245,3.6646907,-0.32388195
231,225,232,233,"null","null","null",2,23.363,0.9093993,-2.1905572,0.63668036,-3.8270524
234,224,235,236,"null","null","null",2,23.363,0.3445298,-2.8544085,0.9791695,-3.1268055
237,205,238,239,"null","null","null",2,5.84075,1.0880233,-2.1365554,0.6001814,-3.8261666
241,203,242,253,"null","null","null",10,19.402552,0.48358428,-3.505798,1.799383,-2.4870453
242,241,243,250,"null","null","null",6,19.402552,0.6580923,-2.8820124,0.5830996,-3.4687881
243,242,244,247,"null","null","null",4,19.402552,1.7924224,-2.3054059,0.46288532,-3.6229596
244,243,245,246,"null","null","null",2,19.402552,2.875566,-1.1971791,0.6376135,-3.1081529
247,243,248,249,"null","null","null",2,19.402552,0.52348137,-3.7907991,2.0102262,-1.4433496
250,242,251,252,"null","null","null",2,19.402552,0.86650574,-3.4392252,2.4198842,-0.38339537
253,241,254,257,"null","null","null",4,19.402552,1.794855,-2.62727,3.162871,-0.4014799
254,253,255,256,"null","null","null",2,19.402552,0.6411311,-3.4392238,2.4198866,-0.6642305
257,253,258,259,"null","null","null",2,19.402552,3.5117004,-0.31738114,2.2880526,-1.600191
260,201,261,266,"null","null","null",4,11.6815,0.4520018,-2.6608248,0.88575745,-3.4827118
261,260,262,265,"null","null","null",3,11.6815,1.9703076,-2.0763667,0.4839735,-3.5523167
262,261,263,264,"null","null","null",2,11.6815,3.0051708,-1.0892029,0.6459124,-2.9852307
