index,parent,child1,child2,name1,name2,common,richness,lengthbr,hxmax,hxmin,hymax,hymin,color
0,-268055545,1,150,"null","null","null",99,21.8,3.0229478,-0.6278824,3.2191226,-1.1457332,-12486656
1,0,2,149,"null","null","null",75,21.8,2.3134432,-1.482733,3.6846662,-0.37198886,-12486656
2,1,3,108,"null","null","null",74,21.8,1.533322,-2.8541663,3.374335,-0.59051657,-12486656
3,2,4,105,"null","null","null",53,21.8,0.29948834,-3.521963,2.7051506,-1.0751519,-12486656
4,3,5,74,"null","null","null",51,20.199999,0.5419735,-3.361527,1.8458424,-2.5731788,-12486656
5,4,6,73,"null","null","null",35,15.599999,0.6619248,-2.6829715,0.7546976,-3.475095,-12486656
6,5,7,50,"null","null","null",34,15.2,2.1597314,-2.1051552,0.48397276,-3.542418,-12486656
7,6,8,45,"null","null","null",22,15.0,3.2514253,-0.88665503,0.64591223,-2.9723635,-12486656
8,7,9,34,"null","null","null",19,13.7,3.5280132,-0.41856912,1.8495872,-2.3231215,-12486656
9,8,10,31,"null","null","null",13,12.7,3.065713,-0.61675996,3.146329,-1.2878772,-12486656
10,9,11,30,"null","null","null",11,7.1,2.3408213,-1.3259995,3.692511,-0.3480795,-12486656
11,10,12,25,"null","null","null",10,7.1,1.5297117,-2.7374754,3.4455075,-0.5755007,-12486656
12,11,13,20,"null","null","null",7,7.1,0.33848894,-3.4762135,2.7891598,-0.81650966,-12486656
13,12,14,17,"null","null","null",4,7.1,0.5235962,-3.3782601,2.0181692,-2.311039,-12486656
14,13,15,16,"null","null","null",2,7.1,0.65809226,-2.7162132,0.86752254,-3.239981,-16731116
17,13,18,19,"null","null","null",2,7.1,1.778838,-1.9610449,3.655138,-0.40148032,-11184866
20,12,21,24,"Hemitragus","null","null",3,4.6,2.3612084,-0.6648486,3.8027482,-0.7950952,-12486656
21,20,22,23,"null","null","null",2,4.6,1.778838,-1.9610449,3.655138,-0.5592984,-12486656
25,11,26,29,"null","null","null",3,7.1,3.0981088,-0.2750006,3.0448873,-1.504585,-12486656
26,25,27,28,"null","null","null",2,7.1,2.3612084,-0.6619246,3.6646876,-0.32388073,-12486656
31,9,32,33,"Pseudois","null","null",2,1.6,2.875559,-1.1971848,0.31716126,-3.1081588,-12486656
34,8,35,44,"null","null","null",6,10.9,2.1643806,-2.136558,0.6001827,-3.5166678,-16731116
35,34,36,41,"Ovis","null","null",5,5.3999996,3.3591168,-1.0122063,0.637613,-2.969975,-16731116
36,35,37,40,"null","null","null",3,3.4,3.7661486,-0.39551717,1.2371283,-2.2791767,-16731116
37,36,38,39,"null","null","null",2,2.8,3.424872,-0.6042883,2.4441543,-1.504585,-16731116
41,35,42,43,"null","null","null",2,1.2,0.34452915,-2.8544173,0.9791769,-3.126798,-12486656
45,7,46,49,"null","null","null",3,15.0,0.35782835,-2.7521315,0.90259886,-3.6250978,-16731116
46,45,47,48,"Rupicapra","null","null",2,4.7,1.0880142,-2.136558,0.46288425,-3.8261666,-16731116
50,6,51,72,"null","null","null",12,10.200001,0.48358572,-3.505802,1.9384029,-2.424145,-12486656
51,50,52,65,"null","null","null",11,3.9,0.65809214,-2.8820179,0.64571047,-3.3870215,-12486656
52,51,53,62,"null","null","null",7,3.9,2.015649,-2.3054104,0.46288425,-3.5166678,-12486656
53,52,54,61,"null","null","null",5,3.9,3.1657658,-1.1971848,0.637613,-2.969975,-12486656
54,53,55,60,"null","null","null",4,3.7,3.5147924,-0.39551717,1.6992306,-2.2791767,-12486656
55,54,56,59,"null","null","null",3,3.7,3.0981088,-0.6042883,3.0448873,-1.504585,-12486656
56,55,57,58,"null","null","null",2,3.7,2.3612084,-0.6619246,3.6646876,-0.32388073,-12486656
62,52,63,64,"null","null","null",2,3.9,0.52348334,-3.7908015,2.01023,-1.4433393,-12486656
65,51,66,71,"null","null","null",4,3.9,0.8665067,-3.4851916,2.56075,-0.6343514,-12486656
66,65,67,70,"null","null","null",3,3.9,0.50423664,-3.4706464,2.01023,-2.1434019,-12486656
67,66,68,69,"null","null","null",2,2.3,0.6527476,-2.8544173,0.9791769,-3.126798,-11184866
74,4,75,92,"null","null","null",16,18.099998,1.5297141,-2.7538207,3.445508,-0.35959953,-12486656
75,74,76,87,"null","null","null",9,14.7,0.33849102,-3.4974651,2.7891607,-0.9518948,-16731116
76,75,77,84,"null","null","null",6,14.7,0.52359575,-3.4058893,2.0181713,-2.4870417,-16731116
77,76,78,83,"null","null","null",4,12.9,0.65809214,-2.7521315,0.8675264,-3.4687872,-12486656
78,77,79,82,"Damaliscus","null","null",3,11.0,1.7924132,-2.136558,0.46288425,-3.6229632,-16731116
79,78,80,81,"null","null","null",2,5.8,2.875559,-1.1971848,0.637613,-3.1081588,-16731116
84,76,85,86,"Connochaetes","null","null",2,4.8,1.7788389,-1.9610431,3.6551383,-0.4014814,-16731116
87,75,88,91,"Alcelaphus","null","null",3,3.5,2.361209,-0.6648466,3.8027477,-0.7950959,-16731116
88,87,89,90,"null","null","null",2,3.3,1.7788389,-1.9610431,3.6551383,-0.5592982,-16731116
92,74,93,102,"null","null","null",7,8.2,3.0981097,-0.2750002,2.92392,-1.4209498,-12486656
93,92,94,101,"null","null","null",5,6.6,2.361209,-1.350251,3.5074308,-0.3238805,-11184866
94,93,95,100,"Oryx","null","null",4,3.8,1.7788389,-2.852069,3.2712262,-0.5592982,-12486656
95,94,96,99,"null","null","null",3,3.8,0.6411331,-3.7314649,2.5607486,-0.66423047,-12486656
96,95,97,98,"null","null","null",2,2.8,0.50423694,-3.7908003,2.0102289,-1.4433434,-16731116
102,92,103,104,"Hippotragus","null","null",2,5.3,2.73849,-1.3026819,0.30320027,-3.2227013,-16731116
105,3,106,107,"null","null","null",2,21.8,2.3408225,-0.42902315,3.7190428,-0.7670537,-16731116
108,2,109,148,"null","null","null",21,21.8,3.290565,-0.2891279,2.992996,-1.4052861,-12486656
109,108,110,145,"null","null","null",20,10.1,2.633128,-1.3438725,3.4931808,-0.34807888,-12486656
110,109,111,142,"null","null","null",18,10.0,1.6749423,-2.7607124,3.1863794,-0.57550037,-12486656
111,110,112,141,"null","null","null",16,10.0,0.52728754,-3.5064244,2.4522934,-0.90351266,-12486656
112,111,113,140,"null","null","null",15,7.2,0.52359575,-3.4175363,1.9384029,-2.424145,-12486656
113,112,114,131,"","null","Gazelles",14,6.1000004,0.65809214,-2.7672725,0.7260047,-3.3870215,-11184866
114,113,115,124,"Gazella","null","null",9,2.4,2.1643806,-2.1562414,0.46288425,-3.5166678,-11184866
115,114,116,121,"null","null","null",5,1.8,3.3591168,-1.0122063,0.637613,-2.969975,-11184866
116,115,117,120,"null","null","null",3,0.6,3.7661486,-0.39551717,1.2371283,-2.2791767,-11184866
117,116,118,119,"null","null","null",2,0.3,3.424872,-0.6042883,2.4441543,-1.504585,-8572416
121,115,122,123,"null","null","null",2,1.4,0.34452915,-2.8544173,0.9791769,-3.126798,-16731116
124,114,125,130,"null","null","null",4,2.2,0.52348334,-3.4551716,2.01023,-2.4726512,-11184866
125,124,126,129,"null","null","null",3,2.0,0.6527476,-2.8343005,0.9791769,-3.554822,-11184866
126,125,127,128,"null","null","null",2,1.2,0.90938765,-2.1905606,0.44105422,-3.827052,-11184866
131,113,132,137,"null","null","null",5,6.1000004,0.8665067,-3.4851916,2.7414122,-0.6343514,-12486656
132,131,133,136,"Nanger","null","null",3,1.5,0.50423664,-3.4706464,2.01023,-2.1434019,-11184866
133,132,134,135,"null","null","null",2,1.1,0.6527476,-2.8544173,0.9791769,-3.126798,-8572416
137,131,138,139,"Eudorcas","null","null",2,0.3,2.3745224,-0.4072519,3.5997536,-0.82108605,-12486656
142,110,143,144,"null","null","null",2,10.0,3.4248729,-0.2750002,2.4441528,-1.504586,-12486656
145,109,146,147,"Saiga","null","null",2,3.1,3.7952101,-0.7052609,0.5537288,-2.2791777,-3014646
150,0,151,196,"null","null","null",24,21.8,3.384471,-1.0892096,0.33095512,-2.9723659,-16731116
151,150,152,189,"null","null","null",23,21.8,3.7009754,-0.41856855,1.731637,-2.3231235,-16731116
152,151,153,188,"null","null","null",19,21.8,3.290565,-0.61675966,2.992996,-1.4052861,-16731116
153,152,154,185,"","null","Duikers",18,12.0,2.633128,-1.3457248,3.4931808,-0.34807888,-16731116
154,153,155,184,"null","null","null",16,7.7,1.691733,-2.7631204,3.1863794,-0.57550037,-16731116
155,154,156,183,"Cephalophus","null","null",15,7.7,0.52728754,-3.5095549,2.4522934,-0.90351266,-16731116
156,155,157,182,"null","null","null",14,6.6,0.52359575,-3.4216058,1.9384029,-2.424145,-16731116
157,156,158,171,"null","null","null",13,6.6,0.65809214,-2.772563,0.7260047,-3.3870215,-16731116
158,157,159,166,"null","null","null",7,6.6,2.1643806,-2.1631193,0.46288425,-3.5166678,-16731116
159,158,160,165,"null","null","null",4,5.3999996,3.3591168,-1.1971848,0.637613,-2.969975,-12486656
160,159,161,164,"null","null","null",3,4.2,3.7661486,-0.39551717,1.2371283,-2.2791767,-12486656
161,160,162,163,"null","null","null",2,2.5,3.424872,-0.6042883,2.4441543,-1.504585,-12486656
166,158,167,170,"null","null","null",3,2.5,0.52348334,-3.4706464,2.01023,-2.1434019,-16731116
167,166,168,169,"null","null","null",2,1.0,0.6527476,-2.8544173,0.9791769,-3.126798,-16731116
171,157,172,179,"null","null","null",6,6.6,0.8665067,-3.4732878,2.7414122,-0.8876201,-16731116
172,171,173,178,"null","null","null",4,2.6,0.50423664,-3.4551716,2.01023,-2.4726512,-16731116
173,172,174,177,"null","null","null",3,2.6,0.6527476,-2.8343005,0.9791769,-3.554822,-16731116
174,173,175,176,"null","null","null",2,1.9,0.90938765,-2.1905606,0.44105422,-3.827052,-16731116
179,171,180,181,"null","null","null",2,6.6,2.3745224,-0.4072519,3.5997536,-0.82108605,-12486656
185,153,186,187,"Philantomba","null","null",2,7.9,3.7952101,-0.7052609,0.5537288,-2.2791777,-16731116
189,151,190,195,"null","null","null",4,6.9,2.1815753,-2.1365585,0.6001837,-3.5166683,-16731116
190,189,191,194,"Raphicerus","null","null",3,4.6,3.381471,-1.1971854,0.63761294,-2.969976,-16731116
191,190,192,193,"null","null","null",2,2.7,3.7952101,-0.39551693,0.64591193,-2.2791777,-16731116
