index,parent,child1,child2,name1,name2,common,richness,lengthbr,hxmax,hxmin,hymax,hymin,color
0,-268200867,1,192,"null","null","null",212,13.251241,0.5592989,-3.3963397,1.6930466,-2.6842928,-16731116
1,0,2,127,"null","null","null",194,12.806622,0.7901225,-2.7233963,0.5493487,-3.5133517,-16731116
2,1,3,93,"null","null","null",161,12.367503,2.3459005,-1.993406,0.5042378,-3.5072498,-16731116
3,2,4,-268182528,"null","null","null",87,11.974929,3.3900402,-0.8149727,0.6527479,-2.902001,-16731116
4,3,5,62,"","null","Bare-eyes, Antbirds",45,11.126678,3.612829,-0.4410558,1.9384322,-2.2785747,-16731116
5,4,6,59,"Thamnophilidae","null","Antbirds",29,9.617169,3.1323895,-0.6278835,3.164872,-1.1514413,-16731116
6,5,7,36,"null","null","null",27,9.4087,2.455721,-1.4436061,3.61413,-0.37199128,-16731116
7,6,8,23,"null","null","null",15,8.062901,1.4333783,-2.8032923,3.2826324,-0.59051806,-16731116
8,7,9,16,"null","null","null",8,7.654691,0.2994908,-3.4558158,2.5859385,-0.99774987,-16731116
9,8,10,13,"null","null","null",4,4.2860823,0.54197526,-3.275528,1.90941,-2.4725485,-16731116
10,9,11,12,"null","null","null",2,1.6300718,0.6619251,-2.5711715,0.75468683,-3.3442647,-16731116
13,9,14,15,"null","null","null",2,1.5033473,1.6917254,-2.1268115,3.5885534,-0.35959524,-16731116
16,8,17,22,"null","null","null",4,6.535742,2.3408198,-1.3545825,3.4508271,-0.76705074,-16731116
17,16,18,21,"null","null","null",3,3.6415582,1.6917254,-2.7746282,3.1313143,-0.5755017,-16731116
18,17,19,20,"null","null","null",2,2.0057204,0.5272785,-3.5245056,2.3807092,-0.665,-16731116
23,7,24,35,"null","null","null",7,6.9286795,3.0657108,-0.28912932,2.9930017,-1.4052775,-16731116
24,23,25,34,"","null","Warbling-antbirds",6,5.1310587,2.3408198,-1.3260071,3.4931793,-0.34808096,-16731116
25,24,26,33,"null","null","null",5,4.561768,1.6917254,-2.73748,3.1863718,-0.5755017,-16731116
26,25,27,32,"null","null","null",4,3.7246485,0.5272785,-3.476213,2.4522836,-0.8165206,-16731116
27,26,28,31,"null","null","null",3,3.3914256,0.52359736,-3.3782544,1.9383965,-2.311049,-16731116
28,27,29,30,"null","null","null",2,1.8299248,0.65809256,-2.7162046,0.8675156,-3.2399876,-16731116
36,6,37,50,"null","null","null",12,9.156452,3.5280137,-0.67175174,1.7316476,-2.3231168,-16731116
37,36,38,49,"null","null","null",7,5.855468,3.0657108,-0.6167606,2.9930017,-1.4052775,-16731116
38,37,39,48,"null","null","null",6,4.7079215,2.3408198,-1.4981518,3.4931793,-0.34808096,-16731116
39,38,40,45,"null","null","null",5,3.4567428,1.6749322,-2.961268,3.1863718,-0.5755017,-16731116
40,39,41,44,"null","null","null",3,0.45072466,0.5272785,-3.7671375,2.4522836,-0.665,-16731116
41,40,42,43,"null","null","null",2,0.08056707,0.52359736,-3.7564564,1.9383965,-1.6186526,-16731116
45,39,46,47,"null","null","null",2,1.7702522,3.4248662,-0.27500144,2.4441638,-1.5045791,-12486656
50,36,51,58,"null","null","null",5,4.763265,2.1643877,-2.1365547,0.6001805,-3.5166664,-16731116
51,50,52,57,"null","null","null",4,4.30835,3.35912,-1.1971784,0.6376136,-2.9699712,-16731116
52,51,53,56,"null","null","null",3,3.8550634,3.7661467,-0.3955186,1.2371399,-2.2791743,-16731116
53,52,54,55,"null","null","null",2,3.3985114,3.4248662,-0.60428905,2.4441638,-1.5045791,-16731116
59,5,60,61,"null","null","null",2,1.7765311,3.0051737,-1.0892006,0.33095652,-2.9852276,-16731116
62,4,63,88,"null","null","null",16,8.852583,2.2620838,-2.0484648,0.5623976,-3.5703683,-16731116
63,62,64,87,"null","null","null",13,8.407312,3.3844771,-1.0892006,0.64591265,-3.008697,-16731116
64,63,65,82,"null","null","null",12,7.8264265,3.700975,-0.41857052,1.706587,-2.370358,-16731116
65,64,66,75,"Thamnophilidae","null","Antbirds",9,3.5196366,3.2905602,-0.6167606,2.960423,-1.2264555,-16731116
66,65,67,72,"null","null","null",5,2.1358862,2.6331239,-1.3545825,3.4508271,-0.34808096,-16731116
67,66,68,71,"null","null","null",3,1.1032261,1.6917254,-2.7746282,3.1313143,-0.5755017,-16731116
68,67,69,70,"null","null","null",2,0.815064,0.5272785,-3.5245056,2.3807092,-0.665,-16731116
72,66,73,74,"null","null","null",2,0.6933389,3.7952118,-0.705258,0.5537415,-2.2791743,-16731116
75,65,76,79,"null","null","null",4,3.277822,3.3814778,-1.0121977,0.3171621,-2.9699712,-16731116
76,75,77,78,"null","null","null",2,0.21127284,3.7952118,-0.3955186,0.6459114,-2.2791743,-16731116
79,75,80,81,"null","null","null",2,2.005088,0.34452996,-2.8544092,0.97917,-3.1268048,-16731116
82,64,83,86,"null","null","null",3,4.9238114,1.7924242,-2.1365547,0.6001805,-3.6229591,-16731116
83,82,84,85,"null","null","null",2,2.618794,2.8755672,-1.1971784,0.6376136,-3.108152,-16731116
88,62,89,92,"Thamnophilidae","null","Antbirds",3,7.8763123,0.48358327,-3.3782585,1.9383984,-2.3110435,-16731116
89,88,90,91,"null","null","null",2,2.8057988,0.65809244,-2.7162104,0.8675197,-3.239983,-16731116
93,2,-268183552,94,"Thamnophilidae","null","Antbirds",74,11.574383,0.4428624,-3.4248092,1.824858,-2.589727,-16731116
94,93,95,116,"","null","Antshrikes, Antwrens and more",17,11.254709,1.5297068,-2.8129466,3.3983064,-0.35959634,-16731116
95,94,96,113,"null","null","null",11,10.772902,0.33848524,-3.5743208,2.727799,-0.95190483,-16731116
96,95,97,108,"null","null","null",9,8.667799,0.5235972,-3.5057955,1.799377,-2.4870493,-16731116
97,96,98,105,"null","null","null",6,8.127739,0.6580925,-2.882008,0.58309376,-3.468789,-16731116
98,97,99,102,"null","null","null",4,6.8882084,1.7924293,-2.3054028,0.46288618,-3.6229572,-16731116
99,98,100,101,"null","null","null",2,5.152021,2.875571,-1.1971751,0.6376138,-3.108148,-16731116
102,98,103,104,"null","null","null",2,4.546428,0.52347976,-3.790799,2.0102236,-1.4433553,-16731116
105,97,106,107,"null","null","null",2,6.873406,0.8665049,-3.439229,2.419878,-0.38339588,-16731116
108,96,109,112,"null","null","null",3,6.6527114,1.7788322,-2.627278,3.1628642,-0.4014782,-16731116
109,108,110,111,"null","null","null",2,6.2630777,0.64112437,-3.439229,2.419878,-0.6642306,-16731116
113,95,114,115,"null","null","null",2,3.3544085,2.3612077,-0.41842145,3.6646914,-0.7950939,-11184866
116,94,117,126,"null","null","null",6,10.925373,3.0981073,-0.2750013,2.8598094,-1.5045784,-16731116
117,116,118,125,"null","null","null",5,9.733124,2.3612077,-1.1773398,3.4240794,-0.32388234,-16731116
118,117,119,122,"null","null","null",4,7.3542223,1.7948488,-2.627278,3.1628642,-0.55929947,-16731116
119,118,120,121,"null","null","null",2,3.3326826,0.64112437,-3.439229,2.419878,-0.6642306,-16731116
122,118,123,124,"null","null","null",2,2.243153,3.5116951,-0.31737912,2.2880619,-1.6001856,-16731116
127,1,128,169,"Thamnophilidae","null","Antwrens",33,11.122219,0.8210846,-3.5592227,2.677219,-1.0522809,-16731116
128,127,129,166,"null","null","null",21,9.538368,0.54197484,-3.409959,1.9094126,-2.5434406,-16731116
129,128,130,163,"null","null","null",19,9.002,0.661925,-2.745932,0.49050736,-3.4364274,-16731116
130,129,131,152,"null","null","null",17,9.002,2.1597397,-2.0607436,0.483974,-3.4921446,-16731116
131,130,132,149,"null","null","null",11,8.6029005,3.25143,-0.8706852,0.64591265,-2.9070063,-16731116
132,131,133,148,"null","null","null",9,7.467078,3.5280137,-0.41857052,1.706587,-2.2381597,-12486656
133,132,134,143,"null","null","null",8,4.876079,3.0657108,-0.6167606,2.960423,-1.2264555,-12486656
134,133,135,142,"null","null","null",5,4.123394,2.3408198,-1.3545825,3.4508271,-0.34808096,-16731116
135,134,136,139,"null","null","null",4,3.7934475,1.6749322,-2.7746282,3.1313143,-0.5755017,-16731116
136,135,137,138,"null","null","null",2,1.3276886,0.5272785,-3.5245056,2.3807092,-0.665,-12486656
139,135,140,141,"null","null","null",2,3.0917447,3.4248662,-0.27500144,2.4441638,-1.5045791,-16731116
143,133,144,147,"null","null","null",3,2.38932,3.3814778,-1.1971784,0.3171621,-2.9699712,-12486656
144,143,145,146,"null","null","null",2,1.075239,3.7952118,-0.3955186,0.6459114,-2.2791743,-16731116
149,131,150,151,"null","null","null",2,6.571329,0.35782912,-2.7162104,0.9025978,-3.239983,-16731116
152,130,153,158,"null","null","null",6,5.107629,0.48358327,-3.405886,1.799379,-2.6072884,-16731116
153,152,154,157,"null","null","null",3,4.401287,0.65809244,-2.7521262,0.8675197,-3.6251016,-12486656
154,153,155,156,"null","null","null",2,1.9027171,1.0880251,-2.1365547,0.46288556,-3.8261662,-12486656
158,152,159,162,"null","null","null",3,3.9856205,1.7788337,-2.6272755,3.162866,-0.40147883,-16731116
159,158,160,161,"null","null","null",2,1.1463358,0.64112616,-3.439227,2.4198804,-0.6642306,-16731116
163,129,164,165,"null","null","null",2,2.3498251,0.8449197,-3.5245035,2.3807096,-0.39556193,-16731116
166,128,167,168,"null","null","null",2,8.14742,1.6917262,-2.1268098,3.5885544,-0.35959634,-16731116
169,127,170,183,"null","null","null",12,7.721356,2.5084941,-1.4981501,3.6562052,-0.76705146,-16731116
170,169,171,178,"null","null","null",7,6.5278683,1.5297068,-2.9612668,3.3983064,-0.57550156,-16731116
171,170,172,175,"null","null","null",4,4.245128,0.33848524,-3.767137,2.727799,-0.665,-16731116
172,171,173,174,"null","null","null",2,3.2593346,0.5235972,-3.7564566,1.9383972,-1.6186507,-16731116
175,171,176,177,"null","null","null",2,2.002222,2.3612077,-0.41842145,3.6646914,-0.7950939,-16731116
178,170,179,182,"null","null","null",3,3.0907845,3.0981073,-0.2750013,3.0448956,-1.5045784,-16731116
179,178,180,181,"null","null","null",2,1.8920896,2.3612077,-0.6619245,3.6646914,-0.32388234,-16731116
183,169,184,189,"null","null","null",5,6.710935,3.5147939,-0.70525837,1.6992416,-2.5264754,-16731116
184,183,185,188,"null","null","null",3,3.5429575,3.0981073,-0.6042891,3.0448956,-1.5045784,-16731116
185,184,186,187,"null","null","null",2,0.6011744,2.3612077,-0.6619245,3.6646914,-0.32388234,-16731116
189,183,190,191,"null","null","null",2,5.168937,0.90940213,-2.1905565,0.63667977,-3.8270524,-16731116
192,0,193,226,"Thamnophilidae","null","Antwrens",18,12.378378,1.600189,-2.8440948,3.2826338,-0.3173806,-16731116
193,192,194,219,"null","null","null",17,12.155385,0.29949018,-3.5088618,2.58594,-1.1122098,-16731116
194,193,195,214,"null","null","null",13,12.002773,0.54197484,-3.3444898,1.7061949,-2.6213484,-16731116
195,194,196,213,"null","null","null",10,9.658458,0.661925,-2.6608222,0.75469065,-3.5377076,-16731116
196,195,197,212,"null","null","null",9,7.253427,2.1597397,-2.076365,0.483974,-3.6238089,-16731116
197,196,198,207,"null","null","null",8,6.5640483,3.25143,-0.8866478,0.64591265,-3.0781698,-16731116
198,197,199,204,"null","null","null",5,6.0478067,3.5280137,-0.41857052,1.8652972,-2.4606724,-16731116
199,198,200,203,"null","null","null",3,3.54572,3.0657108,-0.6167606,3.1667461,-1.4052775,-16731116
200,199,201,202,"null","null","null",2,2.0906987,2.3408198,-0.65809166,3.719047,-0.34808096,-16731116
204,198,205,206,"null","null","null",2,2.1639326,1.0880251,-2.1365547,0.6001805,-3.8261662,-16731116
207,197,208,211,"null","null","null",3,3.828408,0.35782912,-2.7521262,0.9025978,-3.6251016,-12486656
208,207,209,210,"null","null","null",2,1.5568645,1.0880251,-2.1365547,0.46288556,-3.8261662,-12486656
214,194,215,218,"null","null","null",3,8.245268,1.6917262,-2.7746265,3.1313148,-0.35959634,-12486656
215,214,216,217,"null","null","null",2,2.9269047,0.5272789,-3.524505,2.3807096,-0.665,-11184866
219,193,220,225,"null","null","null",4,8.423221,2.3408206,-1.3545806,3.4508271,-0.76705146,-12486656
220,219,221,224,"null","null","null",3,4.4717627,1.6917262,-2.7746265,3.1313148,-0.57550156,-12486656
221,220,222,223,"null","null","null",2,2.1265678,0.5272789,-3.524505,2.3807096,-0.665,-11184866
