index,parent,child1,child2,name1,name2,common,richness,lengthbr,hxmax,hxmin,hymax,hymin,color
0,-268115964,1,28,"null","null","null",22,11.162604,0.44286197,-3.3934488,1.8248582,-2.5434403,-16731116
1,0,2,19,"null","null","null",14,11.162604,0.6764475,-2.7244692,0.64476854,-3.4364276,-16731116
2,1,3,18,"null","null","null",9,11.162604,2.262085,-2.0763643,0.48397422,-3.492144,-16731116
3,2,4,17,"null","null","null",8,11.162604,3.3844776,-1.0891994,0.64591277,-2.9070053,-16731116
4,3,5,16,"null","null","null",7,11.162604,3.7009745,-0.41857076,1.7065886,-2.2381592,-16731116
5,4,6,15,"null","null","null",6,11.162604,3.2905593,-0.61676085,2.9604242,-1.4052767,-16731116
6,5,7,12,"null","null","null",5,11.162604,2.6331234,-1.3545845,3.4508276,-0.34808123,-16731116
7,6,8,11,"null","null","null",3,11.162604,1.6917245,-2.7746296,3.1313143,-0.5755019,-12486656
8,7,9,10,"null","null","null",2,11.162604,0.52727723,-3.5245066,2.3807092,-0.665,-12486656
12,6,13,14,"null","null","null",2,11.162604,3.7952123,-0.70525765,0.55374324,-2.2791743,-16731116
19,1,20,25,"null","null","null",5,11.162604,0.84491944,-3.4762132,2.727799,-0.8165151,-16731116
20,19,21,24,"null","null","null",3,11.162604,0.5235968,-3.3782573,1.9383985,-2.311044,-12486656
21,20,22,23,"null","null","null",2,11.162604,0.6580924,-2.716209,0.867519,-3.2399843,-12486656
25,19,26,27,"null","null","null",2,11.162604,2.3612075,-0.41842124,3.6646893,-0.7950944,-16731116
28,0,29,38,"null","null","null",8,11.162604,1.5297087,-2.7374778,3.3983066,-0.35959655,-12486656
29,28,30,35,"null","null","null",5,11.162604,0.3384865,-3.4762132,2.727799,-0.8165151,-12486656
30,29,31,34,"null","null","null",3,11.162604,0.5235968,-3.3782573,1.9383985,-2.311044,-12486656
31,30,32,33,"null","null","null",2,11.162604,0.6580924,-2.716209,0.867519,-3.2399843,-12486656
35,29,36,37,"null","null","null",2,11.162604,2.3612075,-0.41842124,3.6646893,-0.7950944,-12486656
38,28,39,42,"null","null","null",3,11.162604,3.0981078,-0.27500102,3.0448914,-1.5045819,-12486656
39,38,40,41,"null","null","null",2,11.162604,2.3612075,-0.66192454,3.6646893,-0.32388148,-16731116
