index,parent,child1,child2,name1,name2,common,richness,lengthbr,hxmax,hxmin,hymax,hymin,color
0,-268435448,1,172,"","null","Flamingos, Petrels and more",1028,74.7999,0.73706913,-3.660741,2.5455377,-1.5005729,-16731116
1,0,2,131,"null","null","null",1025,74.490074,0.5905168,-3.3432317,1.5187943,-2.877357,-16731116
2,1,3,99,"null","null","null",674,71.450775,1.0832765,-2.6647167,0.36994445,-3.5521092,-16731116
3,2,4,54,"null","null","null",351,66.54263,2.5837395,-1.8248634,0.5419737,-3.4007158,-16731116
4,3,5,45,"null","null","null",328,65.786224,3.4888225,-0.52232486,0.66586816,-2.7339165,-16731116
5,4,6,-268069888,"null","null","null",323,63.83472,3.560262,-0.4839731,2.2483351,-2.0677686,-12486656
6,5,7,8,"null","null","null",177,62.693157,2.9955602,-0.64591235,3.3666086,-0.8957326,-16731116
7,6,-268072960,-268062720,"null","null","null",158,59.78437,2.353278,-1.8495896,3.6777506,-0.41856945,-16731116
8,6,9,28,"CICONIIFORMES","null","Storks",19,29.43468,3.3870234,-0.9025985,0.44187915,-2.7725587,-16731116
9,8,10,23,"null","null","null",10,23.476477,3.5166674,-0.4628849,2.0156538,-2.1631153,-12486656
10,9,11,18,"null","null","null",7,21.833416,2.9699736,-0.6376133,3.1657689,-1.0032616,-16731116
11,10,12,17,"null","null","null",4,20.05217,2.279176,-1.6992357,3.5147934,-0.3955179,-16731116
12,11,13,16,"null","null","null",3,13.048439,1.5045818,-3.0448914,3.0981085,-0.6042887,-12486656
13,12,14,15,"null","null","null",2,3.312882,0.32388148,-3.6646893,2.3612084,-0.66192454,-12486656
18,10,19,22,"null","null","null",3,9.790797,3.554825,-0.9791716,0.34452954,-2.834297,-12486656
19,18,20,21,"null","null","null",2,4.1506367,3.8270519,-0.44105524,0.9093958,-2.1905582,-12486656
23,9,24,27,"null","null","null",3,19.719477,2.1434085,-2.010228,0.5234822,-3.470642,-12486656
24,23,25,26,"null","null","null",2,8.625997,3.1268032,-0.9791716,0.65274775,-2.8544111,-12486656
28,8,29,42,"null","null","null",9,22.44744,0.8217374,-2.741412,0.8665061,-3.4732883,-16731116
29,28,30,37,"null","null","null",7,22.136475,2.3870018,-1.9270635,0.50423723,-3.4551697,-16731116
30,29,31,36,"null","null","null",4,11.132975,3.443474,-0.9791716,0.65274775,-2.834297,-16731116
31,30,32,35,"null","null","null",3,6.837877,3.6822953,-0.44105524,1.6104487,-2.1905582,-12486656
32,31,33,34,"null","null","null",2,1.4520166,3.222697,-0.6278832,2.7384958,-1.3026779,-12486656
37,29,38,41,"null","null","null",3,19.963554,0.44286343,-3.2755337,1.8611681,-2.4725404,-16731116
38,37,39,40,"null","null","null",2,15.453856,0.66192496,-2.5711792,0.7546917,-3.3442597,-16731116
42,28,43,44,"","null","Openbills",2,9.950308,0.8210852,-3.5997555,2.3745217,-0.40725225,-16731116
45,4,46,53,"GAVIIFORMES","null","Loons or divers",5,45.33664,1.044389,-2.4522915,0.84492064,-3.4974651,-16731116
46,45,47,52,"null","null","null",4,20.239452,2.607283,-1.9384017,0.52359605,-3.4058878,-16731116
47,46,48,51,"null","null","null",3,12.363854,3.6250997,-0.8675231,0.6580922,-2.752129,-16731116
48,47,49,50,"null","null","null",2,4.709838,3.8261666,-0.4628849,1.0880196,-2.1365566,-16731116
54,3,55,88,"MUSOPHAGIFORMES","null","Turacos",23,63.757442,0.3595989,-3.3983078,1.6364963,-2.7631207,-16731116
55,54,56,85,"null","null","null",17,49.93618,0.9035156,-2.7278001,0.33848965,-3.5095534,-16731116
56,55,57,76,"null","null","null",15,40.866634,2.4241476,-1.847542,0.52359605,-3.4216027,-16731116
57,56,58,69,"null","null","null",10,34.34696,3.3870234,-0.6457069,0.6580922,-2.7725587,-16731116
58,57,59,64,"null","null","null",6,20.828697,3.5166674,-0.4628849,2.1815815,-2.1631153,-16731116
59,58,60,63,"null","null","null",3,13.235843,2.9699736,-0.6376133,3.381475,-1.1971812,-16731116
60,59,61,62,"null","null","null",2,7.4063926,2.279176,-0.64591163,3.795211,-0.3955179,-16731116
64,58,65,68,"null","null","null",3,15.925526,2.1434085,-2.010228,0.5234822,-3.470642,-16731116
65,64,66,67,"null","null","null",2,8.758926,3.1268032,-0.9791716,0.65274775,-2.8544111,-16731116
69,57,70,75,"null","null","null",4,29.184032,0.63435805,-2.560747,0.8665061,-3.4851902,-16731116
70,69,71,74,"null","null","null",3,15.68341,2.1434085,-2.010228,0.50423723,-3.470642,-12486656
71,70,72,73,"null","null","null",2,10.237216,3.1268032,-0.9791716,0.65274775,-2.8544111,-16731116
76,56,77,84,"null","null","null",5,29.776876,0.40148073,-3.271225,1.7788374,-2.662628,-16731116
77,76,78,83,"null","null","null",4,28.836372,0.66423047,-2.560747,0.64113134,-3.4851902,-16731116
78,77,79,82,"null","null","null",3,24.194416,2.1434085,-2.010228,0.50423723,-3.470642,-16731116
79,78,80,81,"null","null","null",2,15.037486,3.1268032,-0.9791716,0.65274775,-2.8544111,-16731116
85,55,86,87,"null","null","null",2,21.849745,0.79509544,-3.664688,2.3612084,-0.4184208,-16731116
88,54,89,98,"null","null","null",6,43.3084,1.5045854,-2.8598063,3.3383722,-0.27500045,-16731116
89,88,90,95,"null","null","null",5,28.31271,0.32388067,-3.4240825,2.6735506,-1.177326,-16731116
90,89,91,94,"","null","Go-away-birds",3,23.825186,0.5592982,-3.1628733,1.7788389,-2.6272664,-16731116
91,90,92,93,"null","null","null",2,13.268213,0.66423047,-2.4198897,0.6411331,-3.4392219,-16731116
95,89,96,97,"","null","Plantain-eaters",2,14.085237,2.313442,-0.4390182,3.7626085,-0.73706853,-16731116
99,2,100,-268066816,"null","null","null",323,69.9464,0.76705325,-3.6280687,2.5840952,-1.3517907,-16731116
100,99,101,-268063744,"null","null","null",167,67.562546,0.5755006,-3.3617325,1.6364963,-2.771005,-16731116
101,100,-268071936,102,"CUCULIFORMES","null","Cuckoos",142,67.561874,0.9035156,-2.6802526,0.42326772,-3.5198028,-16731116
102,101,103,124,"null","null","null",15,57.498573,0.79509544,-3.557706,2.551959,-1.1974858,-16731116
103,102,104,119,"null","null","null",11,50.10913,0.55929846,-3.336583,1.6207691,-2.6534727,-16731116
104,103,105,118,"","null","Ground-Cuckoos and Roadrunners",8,35.81192,0.8217374,-2.6457124,0.64113134,-3.4732883,-16731116
105,104,106,115,"null","null","null",7,27.071522,2.3870018,-2.120683,0.50423723,-3.4551697,-16731116
106,105,107,112,"null","null","null",5,13.775419,3.443474,-0.72746617,0.65274775,-2.834297,-16731116
107,106,108,111,"null","null","null",3,9.086523,3.6822953,-0.44105524,1.6104487,-2.1905582,-16731116
108,107,109,110,"null","null","null",2,4.5340023,3.222697,-0.6278832,2.7384958,-1.3026779,-16731116
112,106,113,114,"null","null","null",2,7.9433694,0.3708011,-2.5711792,0.8857572,-3.3442597,-12486656
115,105,116,117,"","null","Roadrunners",2,13.326048,0.44286343,-3.7111778,1.8611681,-1.791438,-16731116
119,103,120,123,"null","null","null",3,38.46317,1.6001921,-2.9140093,3.120005,-0.31738168,-16731116
120,119,121,122,"null","null","null",2,14.547418,0.4136024,-3.5997543,2.374522,-0.66423035,-16731116
124,102,125,130,"null","null","null",4,33.249157,2.3134415,-1.5287685,3.4890294,-0.73706806,-16731116
125,124,126,129,"","null","Anis",3,21.271976,1.600193,-2.9140086,3.1200051,-0.59051716,-16731116
126,125,127,128,"null","null","null",2,12.667153,0.4136024,-3.5997543,2.374522,-0.66423035,-16731116
131,1,132,-268073984,"null","null","null",351,73.78248,1.2264633,-3.1005547,3.2578804,-0.2891281,-16731116
132,131,133,139,"null","null","null",326,68.338646,0.34807923,-3.6330056,2.5906386,-1.3577797,-16731116
133,132,-268080128,134,"null","null","null",309,64.77382,0.5755006,-3.3681507,1.5297128,-2.7787907,-16731116
134,133,135,138,"MESITORNITHIFORMES","null","Mesites",3,16.034046,1.5045854,-3.0448868,3.0981092,-0.27500045,-11184866
135,134,136,137,"null","null","null",2,4.886514,0.32388067,-3.6646872,2.361209,-0.66192466,-11184866
139,132,140,171,"null","null","null",17,64.327385,2.2791772,-1.6991826,3.6996107,-0.7052604,-16731116
140,139,141,168,"PTEROCLIDIFORMES","null","Sandgrouse",16,39.56694,1.4209507,-3.0448253,3.3383725,-0.6042882,-16731116
141,140,142,165,"null","null","null",14,34.47431,0.3238805,-3.664608,2.6735506,-1.2045262,-16731116
142,141,143,156,"null","null","null",12,28.294117,0.5592982,-3.4755564,1.6207705,-2.6626267,-16731116
143,142,144,151,"null","null","null",7,25.478905,0.66423047,-2.8263779,0.41481966,-3.4851902,-16731116
144,143,145,148,"null","null","null",4,18.254692,2.1434062,-2.1206844,0.50423694,-3.4706433,-16731116
145,144,146,147,"null","null","null",2,7.6101775,3.1268015,-0.9791734,0.6527477,-2.854413,-16731116
148,144,149,150,"null","null","null",2,8.639786,0.44286406,-3.7111783,1.8611695,-1.7914354,-16731116
151,143,152,155,"null","null","null",3,12.123333,0.8210856,-3.7909274,2.374522,-0.47381282,-16731116
152,151,153,154,"null","null","null",2,8.627186,0.5419741,-3.7111783,1.8611695,-1.7914354,-16731116
156,142,157,162,"null","null","null",5,22.095037,1.5501409,-3.0610645,3.1200051,-0.31738234,-16731116
157,156,158,161,"null","null","null",3,12.048737,0.4136042,-3.7909274,2.3745222,-0.66423035,-16731116
158,157,159,160,"null","null","null",2,7.618653,0.5419738,-3.7111793,1.8611706,-1.7914329,-16731116
162,156,163,164,"null","null","null",2,7.836698,3.3284128,-0.28912827,2.5944982,-1.4052842,-16731116
165,141,166,167,"null","null","null",2,7.6860995,2.313442,-0.4390182,3.7626085,-0.73706853,-16731116
168,140,169,170,"null","null","null",2,16.108912,3.222703,-0.30320027,2.7384882,-1.3026829,-16731116
172,0,173,176,"PHAETHONTIFORMES","null","Tropicbirds",3,25.522482,2.2381635,-1.4250985,3.7300901,-0.6717546,-16731116
173,172,174,175,"null","null","null",2,11.380577,1.4052863,-2.5944955,3.328414,-0.6167597,-16731116
