index,parent,child1,child2,name1,name2,common,richness,lengthbr,hxmax,hxmin,hymax,hymin,color
0,-268218364,1,54,"null","null","null",38,111.7,2.3231258,-1.7071621,3.6272297,-0.41856802,-16731116
1,0,2,47,"null","null","null",27,102.9,1.2264682,-2.9611819,3.1946974,-0.6167593,-16777216
2,1,3,40,"null","null","null",23,102.9,0.34807813,-3.4518256,2.5084994,-1.34572,-16777216
3,2,4,39,"null","null","null",19,96.6,0.5754999,-3.1326199,1.6917357,-2.7631168,-16777216
4,3,5,38,"null","null","null",18,96.5,0.9035089,-2.3824058,0.5272909,-3.5095534,-16777216
5,4,6,25,"null","null","null",17,96.4,2.4241421,-1.847547,0.5235952,-3.4216065,-16777216
6,5,7,24,"","null","Web-toed Geckos",10,84.4,3.3870208,-0.8675283,0.658092,-2.7725644,-16777216
7,6,8,19,"null","null","null",9,84.4,3.516668,-0.4628839,2.015647,-2.1631203,-16777216
8,7,9,16,"null","null","null",6,84.4,2.969976,-0.6376129,3.1657646,-1.0122075,-16777216
9,8,10,15,"null","null","null",4,84.4,2.2791777,-1.6992283,3.5147924,-0.3955168,-16777216
10,9,11,14,"null","null","null",3,84.4,1.5045863,-3.0448856,3.0981097,-0.6042881,-16777216
11,10,12,13,"null","null","null",2,84.4,0.32388037,-3.664687,2.361209,-0.66192466,-16777216
16,8,17,18,"null","null","null",2,84.4,3.126798,-0.9791769,0.3445289,-2.8544173,-16777216
19,7,20,23,"null","null","null",3,48.0,2.1434007,-2.010231,0.523484,-3.4706461,-16777216
20,19,21,22,"null","null","null",2,27.3,3.126798,-0.9791769,0.6527475,-2.8544173,-16777216
25,5,26,37,"null","null","null",7,96.4,0.40148264,-3.2712283,1.7788414,-2.6534677,-16777216
26,25,27,36,"null","null","null",6,87.4,0.8217312,-2.5607514,0.6411365,-3.4732869,-16777216
27,26,28,35,"null","null","null",5,87.4,2.3869965,-2.010231,0.50423634,-3.4551716,-16777216
28,27,29,34,"","null","Thick-toed Geckos",4,52.7,3.4434724,-0.9791769,0.6527475,-2.8343005,-16777216
29,28,30,33,"null","null","null",3,52.7,3.6822977,-0.44105422,1.6104403,-2.1905606,-16777216
30,29,31,32,"null","null","null",2,52.7,3.222702,-0.6278828,2.7384892,-1.3026825,-16777216
40,2,41,46,"","null","Day Geckos",4,43.2,2.2791789,-1.6992218,3.514792,-0.7052618,-16777216
41,40,42,45,"null","null","null",3,37.5,1.5045903,-3.0448804,3.0981107,-0.6042876,-16777216
42,41,43,44,"null","null","null",2,12.3,0.3238794,-3.6646843,2.3612094,-0.66192484,-16777216
47,1,48,53,"null","null","null",4,39.0,2.969978,-0.3171605,3.3591151,-1.1971898,-16777216
48,47,49,52,"null","null","null",3,31.2,2.279179,-1.2371163,3.7661512,-0.39551604,-16777216
49,48,50,51,"null","null","null",2,31.2,1.5045912,-2.444144,3.4248781,-0.6042875,-16777216
54,0,55,74,"null","null","null",11,111.7,3.5166693,-0.6001848,2.0156415,-2.136561,-16731116
55,54,56,73,"null","null","null",10,111.7,2.9699788,-0.6376126,3.165761,-1.1971906,-16731116
56,55,57,72,"null","null","null",9,111.7,2.2791796,-1.6061704,3.5147917,-0.39551586,-16731116
57,56,58,71,"null","null","null",8,111.7,1.5045918,-2.9239151,3.0981112,-0.60428745,-16731116
58,57,59,70,"","null","House Geckos",7,62.699997,0.323879,-3.507431,2.3612099,-1.2045189,-16731116
59,58,60,67,"null","null","null",6,62.699997,0.5592972,-3.271231,1.7948654,-2.662622,-16731116
60,59,61,66,"null","null","null",4,62.399998,0.66423035,-2.5607548,0.64114,-3.4851906,-16777216
61,60,62,65,"null","null","null",3,55.899998,2.1433957,-2.010233,0.50423574,-3.4706488,-16777216
62,61,63,64,"null","null","null",2,55.6,3.1267943,-0.9791801,0.6527473,-2.8544214,-16777216
67,59,68,69,"null","null","null",2,62.7,1.6001993,-2.2880385,3.5117075,-0.3173849,-16731116
