index,parent,child1,child2,name1,name2,common,richness,lengthbr,hxmax,hxmin,hymax,hymin,color
0,-268096477,1,64,"null","null","null",60,18.212912,0.37428832,-3.5465224,2.6772194,-1.112208,-16731116
1,0,2,43,"null","null","null",32,15.416666,0.54197454,-3.3934495,1.8248591,-2.6213472,-16731116
2,1,3,36,"null","null","null",21,13.542978,0.66192496,-2.7244701,0.5223193,-3.5377076,-16731116
3,2,4,31,"null","null","null",17,12.60301,2.1597397,-2.0484648,0.483974,-3.6238089,-16731116
4,3,5,26,"null","null","null",14,11.739345,3.25143,-0.8866478,0.64591265,-3.0781698,-16731116
5,4,6,23,"null","null","null",11,10.666581,3.5280137,-0.41857052,1.828113,-2.4606724,-16731116
6,5,7,20,"null","null","null",9,10.666581,3.0657108,-0.6167606,3.1184065,-1.2878692,-16731116
7,6,8,19,"null","null","null",7,10.666581,2.3408198,-1.3260071,3.6562057,-0.34808096,-12486656
8,7,9,18,"null","null","null",6,10.666581,1.6917254,-2.73748,3.3983064,-0.5755017,-12486656
9,8,10,15,"null","null","null",5,10.666581,0.33848423,-3.476213,2.7277985,-0.8165206,-12486656
10,9,11,14,"null","null","null",3,10.666581,0.52359736,-3.3782544,1.9383965,-2.311049,-12486656
11,10,12,13,"null","null","null",2,10.666581,0.65809256,-2.7162046,0.8675156,-3.2399876,-11184866
15,9,16,17,"null","null","null",2,10.666581,2.361207,-0.41842157,3.6646912,-0.79509366,-11184866
20,6,21,22,"null","null","null",2,10.666581,2.8755672,-1.1971784,0.3171621,-3.108152,-16731116
23,5,24,25,"null","null","null",2,10.666581,1.0880251,-2.1365547,0.6001805,-3.8261662,-12486656
26,4,27,30,"null","null","null",3,4.8869677,0.35782912,-2.7521262,0.9025978,-3.6251016,-16731116
27,26,28,29,"null","null","null",2,4.8869677,1.0880251,-2.1365547,0.46288556,-3.8261662,-16731116
31,3,32,35,"null","null","null",3,4.8869677,0.48358327,-3.3782585,1.9383984,-2.3110435,-16731116
32,31,33,34,"null","null","null",2,4.8869677,0.65809244,-2.7162104,0.8675197,-3.239983,-16731116
36,2,37,42,"null","null","null",4,6.1666665,0.8449197,-3.4762144,2.4522865,-0.816515,-16731116
37,36,38,41,"null","null","null",3,6.1666665,0.5235969,-3.3782585,1.9383984,-2.3110435,-16731116
38,37,39,40,"null","null","null",2,6.1666665,0.65809244,-2.7162104,0.8675197,-3.239983,-16731116
43,1,44,59,"null","null","null",11,10.666581,1.5297084,-2.7538266,3.3983068,-0.35959697,-16731116
44,43,45,56,"","null","Mexican Treefrogs",8,9.25,0.3384863,-3.4974663,2.7277992,-0.9519027,-16731116
45,44,46,53,"null","null","null",6,9.25,0.5235969,-3.405886,2.018165,-2.4870474,-16731116
46,45,47,52,"null","null","null",4,9.25,0.65809244,-2.7521262,0.8675197,-3.4687884,-16731116
47,46,48,51,"null","null","null",3,9.25,1.7924242,-2.1365547,0.46288556,-3.6229591,-16731116
48,47,49,50,"null","null","null",2,9.25,2.8755672,-1.1971784,0.6376136,-3.108152,-16731116
53,45,54,55,"null","null","null",2,9.25,1.7788337,-1.9610533,3.6551347,-0.40147883,-12486656
56,44,57,58,"null","null","null",2,9.25,2.361208,-0.4184213,3.6646907,-0.79509425,-16731116
59,43,60,63,"null","null","null",3,4.8869677,3.0981078,-0.27500108,3.0448937,-1.5045799,-16731116
60,59,61,62,"","null","Shovel-headed Treefrogs",2,3.0833333,2.361208,-0.6619245,3.6646907,-0.32388195,-16731116
64,0,65,92,"null","null","null",28,14.822678,2.593876,-1.3385797,3.6562047,-0.76705194,-12486656
65,64,66,87,"null","null","null",14,11.739345,1.5297084,-2.7538266,3.3983068,-0.5755013,-16731116
66,65,67,84,"null","null","null",11,11.739345,0.3384863,-3.4974663,2.7277992,-0.9519027,-16731116
67,66,68,77,"null","null","null",9,11.739345,0.5235969,-3.405886,1.8475369,-2.4870474,-16731116
68,67,69,74,"null","null","null",5,11.739345,0.65809244,-2.7521262,0.58309823,-3.4687884,-16731116
69,68,70,73,"null","null","null",3,11.739345,1.7924242,-2.1365547,0.46288556,-3.6229591,-16731116
70,69,71,72,"null","null","null",2,11.739345,2.8755672,-1.1971784,0.6376136,-3.108152,-16731116
74,68,75,76,"null","null","null",2,11.739345,0.8665055,-3.4392257,2.4198828,-0.3833955,-16731116
77,67,78,83,"null","null","null",4,11.739345,1.7788337,-2.8520756,3.2712216,-0.40147883,-16731116
78,77,79,82,"null","null","null",3,11.739345,0.64112616,-3.7314672,2.5607424,-0.6642306,-16731116
79,78,80,81,"null","null","null",2,11.739345,0.5042381,-3.7907987,2.0102248,-1.4433541,-16731116
84,66,85,86,"null","null","null",2,11.739345,2.361208,-0.4184213,3.6646907,-0.79509425,-16731116
87,65,88,91,"null","null","null",3,11.739345,3.0981078,-0.27500108,3.0448937,-1.5045799,-16731116
88,87,89,90,"null","null","null",2,11.739345,2.361208,-0.6619245,3.6646907,-0.32388195,-16731116
92,64,93,112,"null","null","null",14,11.739345,3.706901,-0.70525885,1.556866,-2.3938484,-11184866
93,92,94,107,"null","null","null",10,10.242612,3.3478475,-0.60428894,2.8598087,-1.3321635,-11184866
94,93,95,102,"null","null","null",7,10.242612,2.6858692,-1.1773367,3.4240801,-0.32388195,-11184866
95,94,96,99,"null","null","null",4,10.242612,1.7948506,-2.6272755,3.162866,-0.55929923,-8572416
96,95,97,98,"null","null","null",2,10.242612,0.64112616,-3.439227,2.4198804,-0.6642306,-3014646
99,95,100,101,"null","null","null",2,10.242612,3.5116963,-0.31737974,2.2880597,-1.6001872,-11184866
102,94,103,106,"null","null","null",3,10.242612,3.7903328,-0.7370666,1.047273,-2.31344,-12486656
103,102,104,105,"null","null","null",2,10.242612,3.5116963,-0.590518,2.2880597,-1.6001872,-11184866
107,93,108,111,"null","null","null",3,10.242612,3.279088,-1.3026757,0.30320114,-3.022943,-8572416
108,107,109,110,"null","null","null",2,10.242612,3.7626114,-0.37199116,0.6527469,-2.31344,-8572416
112,92,113,118,"null","null","null",4,6.1666665,2.0262904,-2.1905572,0.63668036,-3.528639,-11184866
113,112,114,117,"null","null","null",3,6.1666665,3.279088,-1.3026757,0.62788343,-3.022943,-11184866
114,113,115,116,"null","null","null",2,6.1666665,3.7626114,-0.37199116,0.6527469,-2.31344,-11184866
