index,parent,child1,child2,name1,name2,common,richness,lengthbr,hxmax,hxmin,hymax,hymin,color
0,-268175297,1,171,"","null","Ground Squirrels and more",128,36.4,1.3321738,-3.0006688,3.3383741,-0.27500063,-16731116
1,0,2,168,"null","null","null",122,30.6,0.32387957,-3.6072083,2.6735523,-1.2503544,-16731116
2,1,3,109,"null","null","null",120,30.1,0.55929744,-3.40094,1.6994914,-2.7222068,-16731116
3,2,4,60,"null","null","null",90,25.2,0.751789,-2.7293768,0.41482306,-3.5626493,-16731116
4,3,5,51,"null","null","null",65,11.4,2.2960727,-1.9868125,0.50423604,-3.571344,-16731116
5,4,6,14,"null","null","null",60,7.7,3.325273,-0.79560125,0.6527474,-2.9853249,-16731116
6,5,7,11,"Spermophilus","some","Ground Squirrles",41,7.1,3.5286398,-0.4410539,1.8643961,-2.3868914,-16731116
7,6,8,10,"null","null","null",39,6.7999997,3.0229468,-0.6278826,3.0686333,-1.302684,-16731116
8,7,-268131328,9,"null","null","null",38,6.7,2.3134425,-1.4749827,3.4890287,-0.37198922,-16731116
11,6,12,13,"null","null","null",2,5.0,1.2662308,-2.0763695,0.56240094,-3.8140671,-16731116
14,5,15,42,"null","null","null",19,7.7,0.67643535,-2.7244725,0.8857583,-3.5377052,-16731116
15,14,16,35,"Marmota","null","Marmots",14,3.5,2.262074,-2.0607502,0.48397252,-3.623812,-16731116
16,15,17,34,"null","null","null",10,3.1,3.3844717,-1.089208,0.6459121,-3.0781758,-16731116
17,16,18,31,"null","null","null",9,2.8,3.700975,-0.41856888,1.7065759,-2.4606771,-16731116
18,17,19,28,"null","null","null",7,2.6,3.2905638,-0.6167598,2.9604154,-1.2878778,-16731116
19,18,20,25,"null","null","null",5,2.3,2.6331272,-1.35457,3.4508245,-0.34807926,-16731116
20,19,21,24,"null","null","null",3,1.7,1.6917316,-2.774618,3.1313152,-0.5755006,-12486656
21,20,22,23,"null","null","null",2,1.6,0.5272858,-3.5244997,2.38071,-0.665,-16731116
25,19,26,27,"null","null","null",2,2.0,3.7952104,-0.70526034,0.55373156,-2.279177,-16731116
28,18,29,30,"null","null","null",2,1.7,2.8755598,-1.197184,0.3171611,-3.108158,-12486656
31,17,32,33,"null","null","null",2,2.1,1.0880151,-2.136558,0.6001831,-3.8261666,-16731116
35,15,36,41,"null","null","null",4,1.8,0.48358613,-3.405889,1.9384036,-2.60728,-12486656
36,35,37,40,"null","null","null",3,0.7,0.6580921,-2.7521312,0.8675258,-3.625098,-12486656
37,36,38,39,"null","null","null",2,0.7,1.0880151,-2.136558,0.46288437,-3.8261666,-11184866
42,14,43,48,"Cynomys","null","Prairie Dogs",5,3.7,0.84492123,-3.4762142,2.7278004,-0.816503,-12486656
43,42,44,47,"null","null","null",3,3.0,0.5235956,-3.3782637,1.9384036,-2.311033,-12486656
44,43,45,46,"null","null","null",2,1.5,0.6580921,-2.7162182,0.8675258,-3.2399771,-12486656
48,42,49,50,"null","null","null",2,0.7,2.361209,-0.41842052,3.6646857,-0.79509616,-12486656
51,4,52,59,"Ammospermophilus","null","Antelope Squirrels",5,2.2,0.44286594,-3.4099586,1.861173,-2.7339165,-16731116
52,51,53,56,"null","null","null",4,1.4,0.6619247,-2.745932,0.49051267,-3.684055,-16731116
53,52,54,55,"null","null","null",2,1.4,1.2662308,-2.0763695,0.48397252,-3.8140671,-16731116
56,52,57,58,"null","null","null",2,1.4,0.84492123,-3.5244977,2.3807096,-0.39556107,-12486656
60,3,61,108,"Tamias","null","Chipmunks",25,16.8,0.82108676,-3.5726707,2.3745224,-1.0751505,-16731116
61,60,62,107,"null","null","null",24,15.4,0.5419733,-3.4274476,1.861173,-2.5731778,-16731116
62,61,63,96,"null","null","null",23,9.499999,0.6619247,-2.7686677,0.5495997,-3.4750948,-16731116
63,62,64,93,"null","null","null",17,9.299999,2.15973,-2.21656,0.48397252,-3.5424185,-16731116
64,63,65,86,"null","null","null",15,9.099999,3.2514246,-0.8866557,0.6459121,-2.9723644,-16731116
65,64,66,79,"null","null","null",11,8.599999,3.5280137,-0.41856888,1.7316387,-2.3231223,-16731116
66,65,67,78,"null","null","null",7,5.4,3.065714,-0.6167598,2.992997,-1.4052846,-16731116
67,66,68,77,"null","null","null",6,4.3,2.340822,-1.4981414,3.4931805,-0.34807926,-16731116
68,67,69,74,"null","null","null",5,2.3999999,1.6749403,-2.9612606,3.186378,-0.5755006,-16731116
69,68,70,73,"null","null","null",3,2.1999998,0.5272858,-3.7671354,2.4522915,-0.665,-16731116
70,69,71,72,"null","null","null",2,2.1,0.52359605,-3.7564592,1.9384017,-1.6186401,-16731116
74,68,75,76,"null","null","null",2,1.9,3.4248714,-0.27500045,2.4441552,-1.5045842,-12486656
79,65,80,85,"null","null","null",4,8.4,2.1815777,-2.136558,0.6001831,-3.5166678,-16731116
80,79,81,84,"null","null","null",3,8.3,3.3814723,-1.197184,0.63761306,-2.969975,-16731116
81,80,82,83,"null","null","null",2,5.8,3.7952104,-0.3955173,0.6459119,-2.279177,-16731116
86,64,87,92,"null","null","null",4,6.0,0.3578282,-2.7521312,0.902599,-3.4687872,-16731116
87,86,88,91,"null","null","null",3,3.1,1.7924141,-2.136558,0.46288437,-3.6229625,-16731116
88,87,89,90,"null","null","null",2,2.5,2.8755598,-1.197184,0.63761306,-3.108158,-16731116
93,63,94,95,"null","null","null",2,3.4,0.48358613,-3.7564604,1.9384036,-1.6186355,-16731116
96,62,97,106,"null","null","null",6,9.299999,0.84492123,-3.4974644,2.5136554,-1.0443852,-16731116
97,96,98,103,"null","null","null",5,8.599999,0.5235956,-3.405889,2.018173,-2.60728,-16731116
98,97,99,102,"null","null","null",3,8.4,0.6580921,-2.7521312,0.8675258,-3.625098,-16731116
99,98,100,101,"null","null","null",2,6.2,1.0880151,-2.136558,0.46288437,-3.8261666,-16731116
103,97,104,105,"null","null","null",2,3.3,1.7788403,-1.9610395,3.6551402,-0.4014818,-16731116
109,2,110,167,"null","null","null",30,21.1,1.6001978,-2.877353,3.297119,-0.31738424,-16731116
110,109,111,156,"null","null","null",29,20.2,0.39174008,-3.5521073,2.6047692,-1.1121957,-16731116
111,110,112,151,"null","null","null",23,18.6,0.541973,-3.4007165,1.7062032,-2.621338,-16731116
112,111,113,134,"null","null","null",20,14.2,0.6619247,-2.7339177,0.6720482,-3.5377047,-16731116
113,112,114,129,"Paraxerus","null","African Bush Squirrels",11,10.7,2.1597278,-2.048474,0.48397225,-3.6238127,-16731116
114,113,115,124,"null","null","null",8,10.7,3.2514234,-0.8866574,0.645912,-3.0781772,-16731116
115,114,116,121,"null","null","null",5,10.7,3.5280132,-0.41856855,1.865283,-2.4606783,-16731116
116,115,117,120,"null","null","null",3,10.7,3.0657144,-0.61675966,3.166736,-1.4052861,-12486656
117,116,118,119,"null","null","null",2,10.7,2.3408225,-0.658092,3.7190428,-0.34807888,-12486656
121,115,122,123,"null","null","null",2,10.7,1.0880123,-2.1365585,0.6001837,-3.8261666,-16731116
124,114,125,128,"null","null","null",3,10.7,0.35782802,-2.7521324,0.9025992,-3.6250968,-16731116
125,124,126,127,"null","null","null",2,10.7,1.0880123,-2.1365585,0.462884,-3.8261666,-16731116
129,113,130,133,"null","null","null",3,10.7,0.48358673,-3.3782651,1.9384048,-2.3110309,-16731116
130,129,131,132,"null","null","null",2,10.7,0.658092,-2.7162204,0.8675277,-3.239976,-16731116
134,112,135,146,"Funisciurus","null","African Striped Squirrels",9,12.3,0.8449216,-3.4974642,2.7891622,-1.0443827,-16731116
135,134,136,141,"null","null","null",6,12.3,0.5235953,-3.4058897,1.799391,-2.6072779,-16731116
136,135,137,140,"null","null","null",3,12.3,0.658092,-2.7521324,0.8675277,-3.6250968,-16731116
137,136,138,139,"null","null","null",2,12.3,1.0880123,-2.1365585,0.462884,-3.8261666,-16731116
141,135,142,145,"null","null","null",3,12.3,1.7788415,-2.627261,3.162878,-0.40148243,-16731116
142,141,143,144,"null","null","null",2,12.3,0.6411381,-3.439218,2.4198961,-0.66423047,-16731116
146,134,147,150,"null","null","null",3,12.3,2.3612094,-0.6648392,3.8027482,-0.79509664,-16731116
147,146,148,149,"null","null","null",2,12.3,1.7788422,-1.9610362,3.6551409,-0.5592977,-16731116
151,111,152,155,"null","null","null",3,12.8,1.691736,-2.7746105,3.1313152,-0.3596006,-16731116
152,151,153,154,"Protoxerus","null","null",2,5.5,0.5272925,-3.5244956,2.3807096,-0.665,-16731116
156,110,157,164,"Heliosciurus","null","Sun Squirrels",6,8.7,2.6331294,-1.4981337,3.4931822,-0.76705444,-16731116
157,156,158,163,"null","null","null",4,8.7,1.6917368,-2.9612546,3.1863832,-0.57549983,-16731116
158,157,159,162,"null","null","null",3,8.7,0.5272925,-3.7671337,2.452298,-0.665,-16731116
159,158,160,161,"null","null","null",2,8.7,0.523595,-3.7564616,1.938406,-1.6186303,-16731116
164,156,165,166,"null","null","null",2,8.7,3.7952092,-0.70526195,0.5537209,-2.2791789,-16731116
168,1,169,170,"Sciurotamias","some","Rock Squirrels",2,5.0,2.3134434,-0.43901777,3.762607,-0.73706996,-16731116
171,0,172,181,"","some","Ground Squirrels",6,28.3,3.0229483,-0.30319974,3.0686307,-1.3026869,-16731116
172,171,173,180,"null","null","null",5,15.0,2.3134434,-1.6418805,3.4890275,-0.37198862,-16731116
173,172,174,179,"Xerus","null","null",4,12.1,1.6001987,-3.0610595,3.120006,-0.5905163,-16731116
174,173,175,178,"null","null","null",3,12.1,0.4136094,-3.7909265,2.3745227,-0.66423047,-16731116
175,174,176,177,"null","null","null",2,12.1,0.541973,-3.7111814,1.8611743,-1.7914251,-16731116
