index,parent,child1,child2,name1,name2,common,richness,lengthbr,hxmax,hxmin,hymax,hymin
0,-268397566,1,190,"null","null","null",153,18.166294,0.79012406,-2.7177515,0.56176096,-3.5241628
1,0,2,147,"null","null","null",95,16.445301,2.345902,-1.9794674,0.50423795,-3.5213037
2,1,3,84,"null","null","null",73,15.494029,3.3900409,-0.81371117,0.652748,-2.9202704
3,2,4,59,"","null","Beaked Toads",41,13.41073,3.612829,-0.441056,1.9801723,-2.3023252
4,3,5,52,"null","null","null",28,13.41073,3.132389,-0.62788355,3.219133,-1.116675
5,4,6,43,"null","null","null",24,13.41073,2.4557202,-1.5127516,3.684668,-0.37199152
6,5,7,32,"null","null","null",19,13.41073,1.4333774,-2.8931804,3.3743312,-0.59051824
7,6,8,29,"null","null","null",13,13.41073,0.29949108,-3.5726695,2.705147,-1.0522863
8,7,9,28,"null","null","null",11,13.41073,0.5419755,-3.427437,1.8611634,-2.5434449
9,8,10,21,"null","null","null",10,13.41073,0.7291379,-2.7686534,0.5223138,-3.436429
10,9,11,18,"null","null","null",6,13.41073,2.33058,-2.2165487,0.48397505,-3.4921427
11,10,12,15,"null","null","null",4,13.41073,3.473517,-0.87067807,0.645913,-2.9070024
12,11,13,14,"null","null","null",2,13.41073,3.8167217,-0.41857165,0.7310797,-2.2381573
15,11,16,17,"null","null","null",2,13.41073,0.3578298,-2.7162032,0.90259707,-3.2399886
18,10,19,20,"null","null","null",2,13.41073,0.48358122,-3.756456,1.9383955,-1.6186541
21,9,22,27,"null","null","null",4,13.41073,0.8449185,-3.476213,2.4522824,-0.8165221
22,21,23,26,"null","null","null",3,13.41073,0.5235976,-3.3782535,1.9383955,-2.3110504
23,22,24,25,"null","null","null",2,13.41073,0.6580926,-2.7162032,0.86751455,-3.2399886
29,7,30,31,"null","null","null",2,13.41073,2.3408196,-0.4290243,3.7190475,-0.7670504
32,6,33,40,"null","null","null",6,13.41073,3.0657103,-0.28912947,2.9604242,-1.2878677
33,32,34,39,"null","null","null",4,13.41073,2.3408196,-1.3545845,3.4508276,-0.34808123
34,33,35,38,"null","null","null",3,13.41073,1.6917245,-2.7746296,3.1313143,-0.5755019
35,34,36,37,"null","null","null",2,13.41073,0.52727723,-3.5245066,2.3807092,-0.665
40,32,41,42,"null","null","null",2,13.41073,2.8755686,-1.1971772,0.31716225,-3.1081505
43,5,44,51,"null","null","null",5,13.41073,3.5280137,-0.6717514,1.9147083,-2.2381592
44,43,45,50,"null","null","null",4,13.41073,3.0657103,-0.61676085,3.2309797,-1.4052767
45,44,46,49,"null","null","null",3,13.41073,2.3408196,-0.8562642,3.8025498,-0.34808123
46,45,47,48,"null","null","null",2,13.41073,1.6917245,-2.1268134,3.5885527,-0.5755019
52,4,53,58,"null","null","null",4,13.41073,3.4068708,-1.0891994,0.33095664,-2.9070053
53,52,54,57,"null","null","null",3,13.41073,3.7300858,-0.41857076,1.425116,-2.2381592
54,53,55,56,"null","null","null",2,13.41073,3.328404,-0.61676085,2.5945096,-1.4052767
59,3,60,81,"null","null","null",13,13.41073,2.1597412,-2.2165523,0.56239724,-3.6238084
60,59,61,72,"null","null","null",11,13.41073,3.2514307,-0.94437313,0.64591277,-3.0781689
61,60,62,69,"null","null","null",6,13.41073,3.5280137,-0.41857076,1.9147083,-2.4606717
62,61,63,68,"null","null","null",4,13.41073,3.0657103,-0.61676085,3.2309797,-1.4052767
63,62,64,67,"null","null","null",3,13.41073,2.3408196,-0.8562642,3.8025498,-0.34808123
64,63,65,66,"null","null","null",2,13.41073,1.6917245,-2.1268134,3.5885527,-0.5755019
69,61,70,71,"null","null","null",2,13.41073,1.0880269,-2.1365538,0.60018003,-3.8261664
72,60,73,80,"null","null","null",5,13.41073,0.35782927,-2.88201,0.90259767,-3.4687886
73,72,74,77,"null","null","null",4,13.41073,1.7924259,-2.3054042,0.46288577,-3.6229587
74,73,75,76,"null","null","null",2,13.41073,2.8755686,-1.1971772,0.63761365,-3.1081505
77,73,78,79,"null","null","null",2,13.41073,0.52348053,-3.7907991,2.010226,-1.4433506
81,59,82,83,"null","null","null",2,13.41073,0.48358285,-3.7564573,1.9383985,-1.6186471
84,2,85,118,"null","null","null",32,12.515726,0.5977216,-2.7652369,0.8857566,-3.5377078
85,84,86,117,"null","null","null",17,12.515726,2.1597412,-2.0763643,0.48397422,-3.6238084
86,85,87,106,"null","null","null",16,12.515726,3.2514307,-0.93958056,0.64591277,-3.0781689
87,86,88,103,"null","null","null",10,12.515726,3.5280137,-0.41857076,1.7065886,-2.4606717
88,87,89,98,"null","null","null",8,12.515726,3.0657103,-0.61676085,2.9604242,-1.2264546
89,88,90,97,"null","null","null",5,12.515726,2.3408196,-1.3545845,3.4508276,-0.34808123
90,89,91,94,"null","null","null",4,12.515726,1.6749309,-2.7746296,3.1313143,-0.5755019
91,90,92,93,"null","null","null",2,12.515726,0.52727723,-3.5245066,2.3807092,-0.665
94,90,95,96,"null","null","null",2,12.515726,3.4248652,-0.2750016,2.4441652,-1.5045781
98,88,99,102,"null","null","null",3,12.515726,3.3814788,-1.1971772,0.31716225,-2.9699712
99,98,100,101,"null","null","null",2,12.515726,3.7952123,-0.39551884,0.64591134,-2.2791743
103,87,104,105,"null","null","null",2,12.515726,1.0880269,-2.1365538,0.60018003,-3.8261664
106,86,107,112,"null","null","null",6,12.515726,0.35782927,-2.8712268,0.90259767,-3.4687886
107,106,108,111,"null","null","null",3,12.515726,1.7924259,-2.1365538,0.46288577,-3.6229587
108,107,109,110,"null","null","null",2,12.515726,2.8755686,-1.1971772,0.63761365,-3.1081505
112,106,113,116,"null","null","null",3,12.515726,0.86650527,-3.7314665,2.5607443,-0.38339564
113,112,114,115,"null","null","null",2,12.515726,0.5042378,-3.7907991,2.010226,-1.4433506
118,84,119,146,"null","null","null",15,12.515726,0.84491944,-3.5679398,2.382394,-0.9035219
119,118,120,137,"null","null","null",14,12.515726,0.5235968,-3.4975019,1.8475379,-2.4241529
120,119,121,132,"null","null","null",9,12.515726,0.6580924,-2.8712268,0.6457026,-3.3870258
121,120,122,127,"null","null","null",6,12.515726,2.1815877,-2.1631112,0.46288577,-3.516667
122,121,123,126,"null","null","null",3,12.515726,3.3814788,-1.1971772,0.63761365,-2.9699712
123,122,124,125,"null","null","null",2,12.515726,3.7952123,-0.39551884,0.64591134,-2.2791743
127,121,128,131,"null","null","null",3,12.515726,0.52348053,-3.4706397,2.010226,-2.143413
128,127,129,130,"null","null","null",2,12.515726,0.6527479,-2.8544078,0.9791694,-3.1268065
132,120,133,136,"null","null","null",3,12.515726,0.86650527,-3.7314665,2.5607443,-0.38339564
133,132,134,135,"null","null","null",2,12.515726,0.5042378,-3.7907991,2.010226,-1.4433506
137,119,138,143,"null","null","null",5,12.515726,1.7948534,-2.8520734,3.2712228,-0.40147904
138,137,139,142,"null","null","null",3,12.515726,0.641129,-3.7314665,2.5607443,-0.6642305
139,138,140,141,"null","null","null",2,12.515726,0.5042378,-3.7907991,2.010226,-1.4433506
143,137,144,145,"null","null","null",2,12.515726,3.5116992,-0.3173806,2.288054,-1.6001905
147,1,148,175,"null","null","null",22,11.162604,0.44286197,-3.3934488,1.8248582,-2.5434403
148,147,149,166,"null","null","null",14,11.162604,0.6764475,-2.7244692,0.64476854,-3.4364276
149,148,150,165,"null","null","null",9,11.162604,2.262085,-2.0763643,0.48397422,-3.492144
150,149,151,164,"null","null","null",8,11.162604,3.3844776,-1.0891994,0.64591277,-2.9070053
151,150,152,163,"null","null","null",7,11.162604,3.7009745,-0.41857076,1.7065886,-2.2381592
152,151,153,162,"null","null","null",6,11.162604,3.2905593,-0.61676085,2.9604242,-1.4052767
153,152,154,159,"null","null","null",5,11.162604,2.6331234,-1.3545845,3.4508276,-0.34808123
154,153,155,158,"null","null","null",3,11.162604,1.6917245,-2.7746296,3.1313143,-0.5755019
155,154,156,157,"null","null","null",2,11.162604,0.52727723,-3.5245066,2.3807092,-0.665
159,153,160,161,"null","null","null",2,11.162604,3.7952123,-0.70525765,0.55374324,-2.2791743
166,148,167,172,"null","null","null",5,11.162604,0.84491944,-3.4762132,2.727799,-0.8165151
167,166,168,171,"null","null","null",3,11.162604,0.5235968,-3.3782573,1.9383985,-2.311044
168,167,169,170,"null","null","null",2,11.162604,0.6580924,-2.716209,0.867519,-3.2399843
172,166,173,174,"null","null","null",2,11.162604,2.3612075,-0.41842124,3.6646893,-0.7950944
175,147,176,185,"null","null","null",8,11.162604,1.5297087,-2.7374778,3.3983066,-0.35959655
176,175,177,182,"null","null","null",5,11.162604,0.3384865,-3.4762132,2.727799,-0.8165151
177,176,178,181,"null","null","null",3,11.162604,0.5235968,-3.3782573,1.9383985,-2.311044
178,177,179,180,"null","null","null",2,11.162604,0.6580924,-2.716209,0.867519,-3.2399843
182,176,183,184,"null","null","null",2,11.162604,2.3612075,-0.41842124,3.6646893,-0.7950944
185,175,186,189,"null","null","null",3,11.162604,3.0981078,-0.27500102,3.0448914,-1.5045819
186,185,187,188,"null","null","null",2,11.162604,2.3612075,-0.66192454,3.6646893,-0.32388148
190,0,191,302,"null","null","null",58,14.663376,0.8210844,-3.5465224,2.705148,-1.087885
191,190,192,267,"null","null","null",56,14.536652,0.5419747,-3.3934488,1.7067711,-2.5897264
192,191,193,258,"null","null","null",38,13.136324,0.6764475,-2.7244692,0.64476854,-3.4965997
193,192,194,245,"null","null","null",33,13.136324,2.262085,-2.0607424,0.48397422,-3.5703678
194,193,195,220,"null","null","null",26,13.136324,3.3844776,-0.93958056,0.64591277,-3.008696
195,194,196,215,"null","null","null",13,13.136324,3.7009745,-0.41857076,1.7316486,-2.3703573
196,195,197,210,"null","null","null",10,13.136324,3.2905593,-0.61676085,2.993002,-1.2264546
197,196,198,207,"null","null","null",7,13.136324,2.6331234,-1.4981532,3.4931788,-0.34808123
198,197,199,204,"null","null","null",5,13.136324,1.6749309,-2.961269,3.1863706,-0.5755019
199,198,200,203,"null","null","null",3,13.136324,0.52727723,-3.7671375,2.4522824,-0.665
200,199,201,202,"null","null","null",2,13.136324,0.5235976,-3.756456,1.9383955,-1.6186541
204,198,205,206,"null","null","null",2,13.136324,3.4248652,-0.2750016,2.4441652,-1.5045781
207,197,208,209,"null","null","null",2,13.136324,3.7952123,-0.70525765,0.55374324,-2.2791743
210,196,211,214,"null","null","null",3,13.136324,3.3814788,-1.1971772,0.31716225,-2.9699712
211,210,212,213,"null","null","null",2,13.136324,3.7952123,-0.39551884,0.64591134,-2.2791743
215,195,216,219,"null","null","null",3,13.136324,1.7924259,-2.1365538,0.60018003,-3.6229587
216,215,217,218,"null","null","null",2,13.136324,2.8755686,-1.1971772,0.63761365,-3.1081505
220,194,221,240,"null","null","null",13,13.136324,0.44188523,-2.8712268,0.90259767,-3.4703047
221,220,222,239,"null","null","null",10,13.136324,2.0156596,-2.1365538,0.46288577,-3.6249294
222,221,223,238,"null","null","null",9,13.136324,3.1657724,-1.1971772,0.63761365,-3.1107125
223,222,224,233,"null","null","null",8,13.136324,3.5147939,-0.39551884,1.780933,-2.4621382
224,223,225,230,"null","null","null",5,13.136324,3.0981069,-0.6042892,3.151094,-1.4209399
225,224,226,229,"null","null","null",3,13.136324,2.361207,-0.6648622,3.8027487,-0.32388246
226,225,227,228,"null","null","null",2,13.136324,1.7788317,-1.9610568,3.6551337,-0.5592996
230,224,231,232,"null","null","null",2,13.136324,2.7384992,-1.3026755,0.30320144,-3.2226942
233,223,234,237,"null","null","null",3,13.136324,1.6104532,-2.1905565,0.63667953,-3.6822941
234,233,235,236,"null","null","null",2,13.136324,2.7384992,-1.3026755,0.6278835,-3.2226942
240,220,241,244,"null","null","null",3,13.136324,0.86650527,-3.7314665,2.5607443,-0.38339564
241,240,242,243,"null","null","null",2,13.136324,0.5042378,-3.7907991,2.010226,-1.4433506
245,193,246,253,"null","null","null",7,13.136324,0.48358285,-3.4058852,1.7993804,-2.4870472
246,245,247,252,"null","null","null",4,13.136324,0.6580924,-2.7521253,0.867519,-3.4687886
247,246,248,251,"null","null","null",3,13.136324,1.7924259,-2.1365538,0.46288577,-3.6229587
248,247,249,250,"null","null","null",2,13.136324,2.8755686,-1.1971772,0.63761365,-3.1081505
253,245,254,257,"null","null","null",3,13.136324,1.7788353,-2.6272726,3.1628685,-0.40147904
254,253,255,256,"null","null","null",2,13.136324,0.641129,-3.4392254,2.4198835,-0.6642305
258,192,259,264,"null","null","null",5,13.136324,0.84491944,-3.4762132,2.727799,-0.8165151
259,258,260,263,"null","null","null",3,13.136324,0.5235968,-3.3782573,1.9383985,-2.311044
260,259,261,262,"null","null","null",2,13.136324,0.6580924,-2.716209,0.867519,-3.2399843
264,258,265,266,"null","null","null",2,13.136324,2.3612075,-0.41842124,3.6646893,-0.7950944
267,191,268,293,"null","null","null",18,10.437927,1.5297087,-2.8129447,3.1326106,-0.35959655
268,267,269,292,"","null","Snouted Frogs",13,9.262737,0.5272817,-3.5743203,2.382394,-0.9035219
269,268,270,281,"null","null","null",12,9.262737,0.5235968,-3.5057967,1.8475379,-2.4241529
270,269,271,280,"null","null","null",6,9.262737,0.6580924,-2.88201,0.867519,-3.3870258
271,270,272,277,"null","null","null",5,9.262737,2.1815877,-2.3054042,0.46288577,-3.516667
272,271,273,276,"null","null","null",3,9.262737,3.3814788,-1.1971772,0.63761365,-2.9699712
273,272,274,275,"null","null","null",2,9.262737,3.7952123,-0.39551884,0.64591134,-2.2791743
277,271,278,279,"null","null","null",2,9.262737,0.52348053,-3.7907991,2.010226,-1.4433506
281,269,282,287,"null","null","null",6,9.262737,1.6207669,-2.8520734,3.2712228,-0.40147904
282,281,283,286,"null","null","null",3,9.262737,0.641129,-3.7314665,2.5607443,-0.6642305
283,282,284,285,"null","null","null",2,9.262737,0.5042378,-3.7907991,2.010226,-1.4433506
287,281,288,291,"null","null","null",3,9.262737,3.1200044,-0.3173806,2.9140122,-1.6001905
288,287,289,290,"null","null","null",2,9.262737,2.3745215,-0.66423035,3.5997562,-0.41359985
293,267,294,299,"null","null","null",5,5.812123,3.0981078,-0.27500102,3.1510901,-1.4209453
294,293,295,298,"null","null","null",3,5.812123,2.3612075,-0.6648546,3.8027482,-0.32388148
295,294,296,297,"null","null","null",2,5.812123,1.7788353,-1.9610502,3.6551359,-0.5592989
299,293,300,301,"null","null","null",2,5.812123,2.7384934,-1.3026797,0.30320084,-3.2226985
302,190,303,304,"","null","Cape Toads",2,2.5031452,2.3408208,-0.4290239,3.7190452,-0.7670516
