index,parent,child1,child2,name1,name2,common,richness,lengthbr,hxmax,hxmin,hymax,hymin,color
0,-268115963,1,56,"","null","Beaked Toads",41,13.41073,3.612829,-0.441056,1.9801723,-2.3023252,-16777216
1,0,2,49,"null","null","null",28,13.41073,3.132389,-0.62788355,3.219133,-1.116675,-16777216
2,1,3,40,"null","null","null",24,13.41073,2.4557202,-1.5127516,3.684668,-0.37199152,-16777216
3,2,4,29,"null","null","null",19,13.41073,1.4333774,-2.8931804,3.3743312,-0.59051824,-16777216
4,3,5,26,"null","null","null",13,13.41073,0.29949108,-3.5726695,2.705147,-1.0522863,-16777216
5,4,6,25,"null","null","null",11,13.41073,0.5419755,-3.427437,1.8611634,-2.5434449,-16777216
6,5,7,18,"null","null","null",10,13.41073,0.7291379,-2.7686534,0.5223138,-3.436429,-16777216
7,6,8,15,"null","null","null",6,13.41073,2.33058,-2.2165487,0.48397505,-3.4921427,-16777216
8,7,9,12,"null","null","null",4,13.41073,3.473517,-0.87067807,0.645913,-2.9070024,-16777216
9,8,10,11,"null","null","null",2,13.41073,3.8167217,-0.41857165,0.7310797,-2.2381573,-16777216
12,8,13,14,"null","null","null",2,13.41073,0.3578298,-2.7162032,0.90259707,-3.2399886,-16777216
15,7,16,17,"null","null","null",2,13.41073,0.48358122,-3.756456,1.9383955,-1.6186541,-16777216
18,6,19,24,"null","null","null",4,13.41073,0.8449185,-3.476213,2.4522824,-0.8165221,-16777216
19,18,20,23,"null","null","null",3,13.41073,0.5235976,-3.3782535,1.9383955,-2.3110504,-16777216
20,19,21,22,"null","null","null",2,13.41073,0.6580926,-2.7162032,0.86751455,-3.2399886,-16777216
26,4,27,28,"null","null","null",2,13.41073,2.3408196,-0.4290243,3.7190475,-0.7670504,-16777216
29,3,30,37,"null","null","null",6,13.41073,3.0657103,-0.28912947,2.9604242,-1.2878677,-16777216
30,29,31,36,"null","null","null",4,13.41073,2.3408196,-1.3545845,3.4508276,-0.34808123,-16777216
31,30,32,35,"null","null","null",3,13.41073,1.6917245,-2.7746296,3.1313143,-0.5755019,-16777216
32,31,33,34,"null","null","null",2,13.41073,0.52727723,-3.5245066,2.3807092,-0.665,-16777216
37,29,38,39,"null","null","null",2,13.41073,2.8755686,-1.1971772,0.31716225,-3.1081505,-16777216
40,2,41,48,"null","null","null",5,13.41073,3.5280137,-0.6717514,1.9147083,-2.2381592,-16777216
41,40,42,47,"null","null","null",4,13.41073,3.0657103,-0.61676085,3.2309797,-1.4052767,-16777216
42,41,43,46,"null","null","null",3,13.41073,2.3408196,-0.8562642,3.8025498,-0.34808123,-16777216
43,42,44,45,"null","null","null",2,13.41073,1.6917245,-2.1268134,3.5885527,-0.5755019,-16777216
49,1,50,55,"null","null","null",4,13.41073,3.4068708,-1.0891994,0.33095664,-2.9070053,-16777216
50,49,51,54,"null","null","null",3,13.41073,3.7300858,-0.41857076,1.425116,-2.2381592,-16777216
51,50,52,53,"null","null","null",2,13.41073,3.328404,-0.61676085,2.5945096,-1.4052767,-16777216
56,0,57,78,"null","null","null",13,13.41073,2.1597412,-2.2165523,0.56239724,-3.6238084,-16777216
57,56,58,69,"null","null","null",11,13.41073,3.2514307,-0.94437313,0.64591277,-3.0781689,-16777216
58,57,59,66,"null","null","null",6,13.41073,3.5280137,-0.41857076,1.9147083,-2.4606717,-16777216
59,58,60,65,"null","null","null",4,13.41073,3.0657103,-0.61676085,3.2309797,-1.4052767,-16777216
60,59,61,64,"null","null","null",3,13.41073,2.3408196,-0.8562642,3.8025498,-0.34808123,-16777216
61,60,62,63,"null","null","null",2,13.41073,1.6917245,-2.1268134,3.5885527,-0.5755019,-16777216
66,58,67,68,"null","null","null",2,13.41073,1.0880269,-2.1365538,0.60018003,-3.8261664,-16777216
69,57,70,77,"null","null","null",5,13.41073,0.35782927,-2.88201,0.90259767,-3.4687886,-16777216
70,69,71,74,"null","null","null",4,13.41073,1.7924259,-2.3054042,0.46288577,-3.6229587,-16777216
71,70,72,73,"null","null","null",2,13.41073,2.8755686,-1.1971772,0.63761365,-3.1081505,-16777216
74,70,75,76,"null","null","null",2,13.41073,0.52348053,-3.7907991,2.010226,-1.4433506,-16777216
78,56,79,80,"null","null","null",2,13.41073,0.48358285,-3.7564573,1.9383985,-1.6186471,-16777216
