index,parent,child1,child2,name1,name2,common,richness,lengthbr,hxmax,hxmin,hymax,hymin,color
0,-268175353,1,63,"null","null","null",231,48.0,2.4892108,-1.905195,0.48358634,-3.4175363,-16731116
1,0,2,62,"null","null","null",155,48.0,3.4716086,-0.8675265,0.6580921,-2.7672725,-16731116
2,1,3,51,"null","null","null",154,48.0,3.626631,-0.46288425,2.0824366,-2.1562414,-16731116
3,2,4,38,"","null","Voles, Lemmings and Muskrats",148,19.6,3.1129272,-0.637613,3.2525895,-1.0306141,-16731116
4,3,5,36,"null","null","null",141,19.6,2.4650147,-1.6098008,3.6276631,-0.39551717,-16731116
5,4,6,-268145664,"null","null","null",103,19.6,1.4115169,-2.9286287,3.2448406,-0.6042883,-16731116
6,5,7,29,"null","null","null",78,19.6,0.32388073,-3.5135515,2.5519595,-1.2118273,-16731116
7,6,-268146688,8,"null","null","null",74,19.6,0.5592984,-3.2791824,1.7464927,-2.6721172,-16731116
8,7,9,24,"null","null","null",11,19.6,1.4333838,-2.8440921,3.402882,-0.3173819,-16731116
9,8,10,19,"Dicrostonyx","null","Collared Lemmings",8,4.4,0.29948944,-3.5088615,2.7422624,-1.0796645,-16731116
10,9,11,18,"null","null","null",5,4.4,0.5419743,-3.3444917,1.8611686,-2.5790417,-16731116
11,10,12,17,"null","null","null",4,4.4,0.6619249,-2.660825,0.7546941,-3.482712,-16731116
12,11,13,16,"null","null","null",3,4.4,1.9703064,-2.076367,0.48397338,-3.5523171,-16731116
13,12,14,15,"null","null","null",2,4.4,3.0051699,-1.0892038,0.6459124,-2.9852314,-16731116
19,9,20,23,"null","null","null",3,4.4,2.3408213,-0.8562542,3.8025498,-0.76705235,-16731116
20,19,21,22,"null","null","null",2,4.4,1.691729,-2.1268048,3.5885563,-0.5755011,-16731116
24,8,25,28,"Chionomys","some","Snow Voles",3,8.8,3.0657125,-0.28912854,3.1667411,-1.4052815,-16731116
25,24,26,27,"null","null","null",2,8.8,2.3408213,-0.6580918,3.719045,-0.34807998,-16731116
29,6,30,35,"null","null","null",4,9.4,2.3134418,-1.52877,3.4890296,-0.7370682,-16731116
30,29,31,34,"null","null","null",3,9.4,1.6001918,-2.9140103,3.1200051,-0.5905173,-16731116
31,30,32,33,"null","null","null",2,9.4,0.4136008,-3.5997553,2.3745222,-0.66423035,-16731116
36,4,-268144640,37,"","some","Voles",38,19.6,3.688756,-0.63668215,1.9450151,-2.1905596,-16731116
38,3,39,50,"null","null","null",7,19.6,3.325275,-0.979175,0.40942526,-2.895835,-16731116
39,38,40,45,"null","null","null",6,19.6,3.5286393,-0.44105458,2.0262823,-2.270556,-16731116
40,39,41,44,"null","null","null",3,7.5,3.0229454,-0.62788296,3.2790823,-1.3026809,-16731116
41,40,42,43,"Eolagurus","null","null",2,4.3,2.3134418,-0.6527472,3.7626092,-0.37198997,-16731116
45,39,46,49,"Arvicola","some","Water Voles",3,7.5,1.970305,-2.0763676,0.56239974,-3.5523176,-16731116
46,45,47,48,"null","null","null",2,4.3,3.005169,-1.0892045,0.64591235,-2.9852326,-16731116
51,2,52,57,"","null","Zokors",6,11.3,2.4726522,-1.927067,0.52348334,-3.455171,-16731116
52,51,53,56,"Eospalax","null","null",3,11.3,3.5548232,-0.979175,0.6527476,-2.8342993,-16731116
53,52,54,55,"null","null","null",2,11.3,3.827052,-0.44105458,0.90939033,-2.1905596,-16731116
57,51,58,61,"Myospalax","null","null",3,11.3,0.44286472,-3.2755368,1.8611706,-2.4725354,-16731116
58,57,59,60,"null","null","null",2,11.3,0.66192484,-2.5711837,0.7546954,-3.3442564,-16731116
63,0,64,137,"null","null","null",76,48.0,0.401482,-3.4009387,1.6994879,-2.7222097,-16731116
64,63,65,102,"null","null","null",37,48.0,0.7517934,-2.7293751,0.5565254,-3.5626497,-16731116
65,64,66,99,"null","null","null",19,48.0,2.2960765,-2.120686,0.50423664,-3.571342,-16731116
66,65,67,88,"null","null","null",17,28.8,3.325275,-0.8152394,0.6527476,-2.9853218,-16731116
67,66,68,85,"null","null","null",11,28.8,3.5286393,-0.44105458,1.9801625,-2.3868887,-16731116
68,67,69,82,"null","null","null",9,19.8,3.0229454,-0.62788296,3.2191267,-1.1514481,-16731116
69,68,70,81,"null","null","null",7,16.2,2.3134418,-1.6418905,3.6846669,-0.37198997,-16731116
70,69,71,78,"Eliurus","null","Tuft-tailed Rats",6,6.8,1.5501379,-3.0610669,3.3743334,-0.5905173,-16731116
71,70,72,75,"null","null","null",4,6.8,0.29948944,-3.7909288,2.7051492,-0.66423035,-16731116
72,71,73,74,"null","null","null",2,6.8,0.5419743,-3.711179,1.8611686,-1.7914356,-12486656
75,71,76,77,"null","null","null",2,6.8,2.3408213,-0.42902362,3.719045,-0.76705235,-16731116
78,70,79,80,"null","null","null",2,6.8,3.3284092,-0.28912854,2.5945022,-1.4052815,-16731116
82,68,83,84,"Brachytarsomys","some","Tree Rats",2,6.3,3.005169,-1.0892045,0.33095574,-2.9852326,-12486656
85,67,86,87,"Macrotarsomys","null","Big-footed Mice",2,6.4,1.2662363,-2.0763676,0.56239974,-3.8140664,-12486656
88,66,89,98,"null","null","null",6,19.8,0.7291231,-2.768664,0.8857578,-3.4364257,-12486656
89,88,90,95,"null","null","null",5,16.099998,2.3305664,-2.2165565,0.48397315,-3.492146,-16731116
90,89,91,94,"Nesomys","null","Red Forest Rats",3,10.8,3.4735088,-1.0892045,0.64591235,-2.9070091,-12486656
91,90,92,93,"null","null","null",2,10.8,3.81672,-0.41856956,0.73106325,-2.2381618,-12486656
95,89,96,97,"Brachyuromys","null","null",2,7.7,0.48358494,-3.7564588,1.9384013,-1.618641,-16731116
99,65,100,101,"Platacanthomyidae","null","null",2,6.3,0.44286472,-3.7111793,1.8611706,-1.7914329,-12486656
102,64,103,120,"","most","Hamsters",18,29.6,0.82108605,-3.57267,2.6933575,-1.0796609,-16731116
103,102,104,115,"null","null","null",9,29.6,0.5419738,-3.4274445,1.7061995,-2.579039,-16731116
104,103,105,112,"Cricetulus","null","Dwarf Hamsters",6,16.6,0.66192484,-2.768664,0.49051046,-3.4827113,-16731116
105,104,106,109,"null","null","null",4,16.6,1.970305,-2.2165565,0.48397315,-3.5523176,-16731116
106,105,107,108,"null","null","null",2,16.6,3.005169,-1.0892045,0.64591235,-2.9852326,-16731116
109,105,110,111,"null","null","null",2,16.6,0.48358494,-3.7564588,1.9384013,-1.618641,-16731116
112,104,113,114,"null","null","null",2,16.6,0.84492064,-3.5245004,2.3807096,-0.39556143,-16731116
115,103,116,119,"null","null","null",3,10.200001,1.691732,-2.774617,3.131315,-0.3595987,-16731116
116,115,117,118,"Allocricetulus","null","null",2,6.3,0.5272873,-3.524499,2.3807096,-0.665,-16731116
120,102,121,136,"null","null","null",9,29.6,2.3408217,-1.3259975,3.692511,-0.7670531,-16731116
121,120,122,135,"null","null","null",8,29.6,1.6917326,-2.7374737,3.445508,-0.57550055,-16731116
122,121,123,130,"null","null","null",7,29.6,0.33849066,-3.4762137,2.7891607,-0.8165059,-16731116
123,122,124,127,"Mesocricetus","null","null",4,12.8,0.5235958,-3.378262,2.0181713,-2.3110356,-12486656
124,123,125,126,"null","null","null",2,12.8,0.65809214,-2.716216,0.86752415,-3.2399788,-12486656
127,123,128,129,"null","null","null",2,12.8,1.7788391,-1.9610422,3.6551392,-0.40148115,-12486656
130,122,131,134,"Phodopus","null","null",3,0.1,2.361209,-0.6648452,3.8027484,-0.7950958,-16731116
131,130,132,133,"null","null","null",2,0.1,1.7788397,-1.9610416,3.6551392,-0.55929816,-16731116
137,63,138,193,"null","null","null",39,48.0,1.4333872,-2.893173,3.2971168,-0.31738296,-16731116
138,137,139,170,"null","null","null",28,48.0,0.33634627,-3.57267,2.6047673,-1.0522709,-16731116
139,138,140,163,"null","null","null",16,14.3,0.5419736,-3.427446,1.7306741,-2.5434332,-16731116
140,139,141,154,"Tachyoryctes","some","Mole Rats",12,14.2,0.6896894,-2.7686656,0.64477384,-3.4364252,-12486656
141,140,142,151,"null","null","null",7,14.2,2.2793033,-2.216558,0.48397285,-3.4921465,-12486656
142,141,143,148,"null","null","null",5,14.2,3.4068682,-0.87069225,0.64591223,-2.90701,-12486656
143,142,144,147,"null","null","null",3,14.2,3.7300887,-0.41856924,1.4251035,-2.2381625,-12486656
144,143,145,146,"null","null","null",2,4.5,3.3284109,-0.61676,2.5944998,-1.405283,-16731116
148,142,149,150,"null","null","null",2,14.2,0.3578284,-2.716216,0.90259874,-3.2399788,-16777216
151,141,152,153,"null","null","null",2,14.2,0.48358554,-3.7564592,1.9384025,-1.6186383,-16777216
154,140,155,160,"null","null","null",5,14.2,0.844921,-3.4762137,2.7278,-0.8165059,-16777216
155,154,156,159,"null","null","null",3,14.2,0.5235958,-3.378262,1.9384025,-2.3110356,-16777216
156,155,157,158,"null","null","null",2,14.2,0.65809214,-2.716216,0.86752415,-3.2399788,-16777216
160,154,161,162,"null","null","null",2,14.2,2.361209,-0.41842067,3.6646867,-0.7950958,-16777216
163,139,164,169,"","some","Bamboo Rats",4,9.3,1.6917332,-2.9612584,3.1863804,-0.35959932,-16731116
164,163,165,168,"Rhizomys","null","null",3,6.0,0.52728903,-3.7671347,2.4522943,-0.665,-16731116
165,164,166,167,"null","null","null",2,6.0,0.5235956,-3.7564604,1.9384036,-1.6186355,-16731116
170,138,171,182,"Dendromus","some","Climbing Mice",12,22.5,2.508498,-1.4981381,3.4931815,-0.7670536,-16731116
171,170,172,177,"null","null","null",6,22.5,1.5297151,-2.961258,3.1863804,-0.5755003,-12486656
172,171,173,176,"null","null","null",3,22.5,0.52728903,-3.7671347,2.4522943,-0.665,-16731116
173,172,174,175,"null","null","null",2,22.5,0.5235956,-3.7564604,1.9384036,-1.6186355,-12486656
177,171,178,181,"null","null","null",3,22.5,3.09811,-0.2750001,3.0448835,-1.5045875,-3014646
178,177,179,180,"null","null","null",2,22.5,2.3612092,-0.6619247,3.6646852,-0.32388005,-16777216
182,170,183,190,"null","null","null",6,22.5,3.5147924,-0.70526093,1.6992261,-2.5264812,-16731116
183,182,184,187,"null","null","null",4,22.5,3.09811,-0.604288,3.0448835,-1.4209529,-16731116
184,183,185,186,"null","null","null",2,22.5,2.3612092,-0.6619247,3.6646852,-0.32388005,-16731116
187,183,188,189,"null","null","null",2,6.1,2.7384858,-1.3026849,0.30320004,-3.222705,-16731116
190,182,191,192,"null","null","null",2,22.5,0.90938455,-2.1905613,0.63668287,-3.827052,-16731116
193,137,194,213,"null","null","null",11,48.0,3.0657141,-0.28912807,3.1183977,-1.4052857,-16731116
194,193,195,212,"null","null","null",10,48.0,2.3408222,-1.33857,3.6562026,-0.348079,-16731116
195,194,196,211,"null","null","null",9,19.9,1.6917341,-2.7538192,3.398308,-0.5755003,-16731116
196,195,197,208,"Steatomys","null","Fat Mice",8,18.2,0.33849168,-3.4974644,2.7278004,-0.95189375,-16731116
197,196,198,207,"null","null","null",6,18.2,0.5235956,-3.405889,1.9384036,-2.487041,-16731116
198,197,199,204,"null","null","null",5,18.2,0.6580921,-2.7521312,0.5831063,-3.4687872,-16731116
199,198,200,203,"null","null","null",3,9.1,1.7924141,-2.136558,0.46288437,-3.6229625,-16731116
200,199,201,202,"null","null","null",2,9.1,2.8755598,-1.197184,0.63761306,-3.108158,-16731116
204,198,205,206,"null","null","null",2,18.2,0.8665067,-3.4392211,2.4198914,-0.38339484,-16731116
208,196,209,210,"null","null","null",2,18.2,2.361209,-0.41842052,3.6646857,-0.79509616,-16731116
