index,parent,child1,child2,name1,name2,common,richness,lengthbr,hxmax,hxmin,hymax,hymin,color
0,-268126157,1,42,"null","null","null",22,15.100001,2.29607,-2.0102332,0.50423586,-3.4893115,-16731116
1,0,2,37,"null","null","null",21,14.300001,3.3252714,-0.7673187,0.6527473,-2.8786829,-16731116
2,1,3,28,"Sminthopsis","null","Dunnart",18,14.2,3.52864,-0.44105333,1.9384145,-2.2438188,-16731116
3,2,4,25,"null","null","null",13,14.0,3.0229487,-0.62788224,3.1648605,-1.1514587,-16731116
4,3,5,24,"null","null","null",11,13.3,2.313444,-1.4749753,3.6141279,-0.37198827,-16731116
5,4,6,23,"null","null","null",10,13.1,1.6002,-2.8440843,3.2826374,-0.5905161,-16731116
6,5,7,16,"null","null","null",9,12.700001,0.29948735,-3.5088606,2.585943,-1.0796533,-16731116
7,6,8,15,"null","null","null",5,10.1,0.54197276,-3.3444967,1.8611755,-2.5790339,-16731116
8,7,9,14,"null","null","null",4,8.0,0.66192466,-2.660832,0.75470227,-3.482711,-16731116
9,8,10,13,"null","null","null",3,8.0,1.9702942,-2.0763717,0.4839719,-3.5523224,-16731116
10,9,11,12,"null","null","null",2,8.0,3.005161,-1.0892112,0.6459119,-2.9852405,-16731116
16,6,17,22,"null","null","null",4,10.7,2.3408232,-1.3545582,3.4508214,-0.7670549,-16731116
17,16,18,21,"null","null","null",3,10.2,1.6917381,-2.774608,3.1313152,-0.5754996,-12486656
18,17,19,20,"null","null","null",2,9.7,0.52729416,-3.5244944,2.3807096,-0.665,-16731116
25,3,26,27,"null","null","null",2,10.7,3.0051584,-1.0892134,0.33095476,-2.9852433,-11184866
28,2,29,36,"null","null","null",5,12.7,2.2792976,-2.0763721,0.5624022,-3.4921484,-16731116
29,28,30,35,"null","null","null",4,6.7,3.4068666,-1.0892134,0.6459118,-2.9070146,-16731116
30,29,31,34,"null","null","null",3,4.6,3.730093,-0.41856778,1.4250891,-2.2381654,-12486656
31,30,32,33,"null","null","null",2,3.6,3.3284197,-0.6167592,2.594488,-1.4052911,-12486656
37,1,38,41,"Ningaui","null","null",3,12.700001,0.3708,-2.6608324,0.88575876,-3.684054,-16731116
38,37,39,40,"null","null","null",2,9.1,1.266223,-2.0763721,0.48397186,-3.814068,-16731116
