index,parent,child1,child2,name1,name2,common,richness,lengthbr,hxmax,hxmin,hymax,hymin,color
0,-268182382,1,74,"null","null","null",50,9.6,0.32387993,-3.6143308,2.638911,-1.2118219,-12486656
1,0,2,51,"null","null","null",37,9.6,0.5592977,-3.4101982,1.7338085,-2.6721134,-12486656
2,1,3,48,"null","null","null",25,9.6,0.8246709,-2.7414122,0.41482198,-3.4975264,-16731116
3,2,4,43,"null","null","null",23,9.6,2.390818,-1.9270691,0.50423634,-3.486683,-12486656
4,3,5,42,"null","null","null",20,9.6,3.4484403,-0.9791769,0.6527475,-2.8752651,-12486656
5,4,6,31,"null","null","null",19,9.6,3.688756,-0.44105422,1.8643985,-2.2438145,-12486656
6,5,7,26,"null","null","null",13,9.6,3.2310975,-0.6278828,3.0686347,-1.1166838,-12486656
7,6,8,23,"null","null","null",10,9.6,2.5840387,-1.474984,3.489029,-0.3719896,-12486656
8,7,9,20,"null","null","null",8,9.6,1.5501398,-2.84409,3.1200051,-0.59051704,-16731116
9,8,10,19,"null","null","null",6,9.6,0.4136026,-3.5088603,2.3745222,-1.1988022,-16731116
10,9,11,16,"null","null","null",5,9.4,0.541974,-3.3444915,1.9094174,-2.733922,-16731116
11,10,12,15,"null","null","null",3,9.4,0.66192484,-2.660825,0.7546941,-3.6840577,-16731116
12,11,13,14,"null","null","null",2,9.4,1.2662381,-2.076367,0.48397338,-3.8140666,-16731116
16,10,17,18,"null","null","null",2,9.4,1.6917303,-2.1268024,3.5885572,-0.35959825,-11513776
20,8,21,22,"null","null","null",2,9.6,3.3284109,-0.2891283,2.5944998,-1.405283,-16731116
23,7,24,25,"null","null","null",2,9.6,3.8167195,-0.6717541,0.7310606,-2.2381625,-8572416
26,6,27,30,"null","null","null",3,9.6,3.4735072,-1.0892061,0.33095554,-2.90701,-11184866
27,26,28,29,"null","null","null",2,4.4,3.8167195,-0.41856924,0.7310606,-2.2381625,-11184866
31,5,32,41,"null","null","null",6,9.599999,2.2793033,-2.0763686,0.56240034,-3.4921465,-12486656
32,31,33,38,"null","null","null",5,9.4,3.4068682,-0.87069225,0.64591223,-2.90701,-12486656
33,32,34,37,"null","null","null",3,9.4,3.7300887,-0.41856924,1.4251035,-2.2381625,-12486656
34,33,35,36,"null","null","null",2,9.4,3.3284109,-0.61676,2.5944998,-1.405283,-11184866
38,32,39,40,"null","null","null",2,9.4,0.3578284,-2.716216,0.90259874,-3.2399788,-11184866
43,3,44,47,"null","null","null",3,9.6,0.4428653,-3.2755384,1.8611718,-2.472533,-16731116
44,43,45,46,"null","null","null",2,9.6,0.6619248,-2.5711858,0.7546971,-3.344255,-16731116
48,2,49,50,"null","null","null",2,9.6,0.8210864,-3.5997522,2.3745222,-0.40725175,-16731116
51,1,52,63,"null","null","null",12,9.6,1.4333887,-2.8440874,3.374335,-0.31738362,-12486656
52,51,53,60,"null","null","null",6,9.6,0.29948828,-3.5088606,2.7051506,-1.1987958,-11184866
53,52,54,59,"null","null","null",4,9.6,0.5419733,-3.3444946,1.861173,-2.7339165,-16731116
54,53,55,58,"null","null","null",3,9.6,0.6619247,-2.660829,0.7546987,-3.684055,-16731116
55,54,56,57,"null","null","null",2,4.4,1.2662308,-2.0763695,0.48397252,-3.8140671,-11513776
60,52,61,62,"null","null","null",2,9.6,2.3408225,-0.42902306,3.7190418,-0.76705396,-8572416
63,51,64,69,"null","null","null",6,9.6,3.0657148,-0.28912786,3.2309718,-1.2264661,-16731116
64,63,65,68,"null","null","null",3,9.6,2.3408225,-0.8562415,3.8025506,-0.34807864,-16731116
65,64,66,67,"null","null","null",2,9.6,1.6917354,-2.1267936,3.5885613,-0.5755001,-16731116
69,63,70,73,"null","null","null",3,7.0,3.381469,-1.1971877,0.31716076,-2.969977,-16731116
70,69,71,72,"null","null","null",2,7.0,3.7952094,-0.3955165,0.6459121,-2.2791781,-16731116
74,0,75,96,"null","null","null",13,9.6,2.5840406,-1.4749794,3.6846662,-0.7370695,-12486656
75,74,76,87,"null","null","null",11,9.6,1.4333893,-2.844087,3.3743353,-0.59051657,-12486656
76,75,77,84,"null","null","null",6,9.6,0.29948807,-3.5088606,2.7051506,-1.1987958,-12486656
77,76,78,83,"null","null","null",4,9.6,0.5419733,-3.3444946,1.861173,-2.7339165,-11184866
78,77,79,82,"null","null","null",3,9.6,0.6619247,-2.660829,0.7546987,-3.684055,-11184866
79,78,80,81,"null","null","null",2,4.4,1.2662308,-2.0763695,0.48397252,-3.8140671,-8572416
84,76,85,86,"null","null","null",2,4.4,2.3408225,-0.42902306,3.7190418,-0.76705396,-16731116
87,75,88,93,"null","null","null",5,9.6,3.0657148,-0.28912774,3.2309718,-1.287883,-12486656
88,87,89,92,"null","null","null",3,9.6,2.3408227,-0.8562393,3.8025513,-0.34807846,-16731116
89,88,90,91,"null","null","null",2,9.6,1.691736,-2.1267915,3.5885625,-0.57549995,-16731116
93,87,94,95,"null","null","null",2,9.6,2.8755538,-1.1971884,0.31716064,-3.1081638,-12486656
96,74,97,98,"null","null","null",2,9.6,3.8167193,-0.6717553,0.7310526,-2.2381642,-16731116
