index,parent,child1,child2,name1,name2,common,richness,lengthbr,hxmax,hxmin,hymax,hymin,color
0,-268236776,1,96,"null","null","null",71,85.8,3.5845256,-0.46288335,2.1250017,-2.2078784,-16731116
1,0,2,95,"null","null","null",48,75.6,3.0581915,-0.6376126,3.307929,-1.1971906,-16731116
2,1,3,84,"null","null","null",47,66.5,2.393856,-1.6359198,3.6996102,-0.39551586,-16731116
3,2,4,83,"","null","Spiny Lizards",41,43.3,1.5045918,-2.9625895,3.338375,-0.60428745,-16731116
4,3,5,80,"null","null","null",40,43.1,0.323879,-3.5577078,2.6735528,-1.2275785,-16731116
5,4,6,67,"null","null","null",38,35.6,0.5592972,-3.3365903,1.6207758,-2.6925995,-16731116
6,5,7,66,"null","null","null",31,35.1,0.7517865,-2.645722,0.64114,-3.5241613,-16731116
7,6,8,63,"null","null","null",30,34.0,2.2960706,-2.1206903,0.50423574,-3.5213108,-16731116
8,7,9,62,"null","null","null",28,33.5,3.3252718,-0.9791801,0.6527473,-2.920282,-16731116
9,8,10,41,"null","null","null",27,30.6,3.5286398,-0.44105357,1.864394,-2.3023348,-16731116
10,9,11,26,"null","null","null",16,30.4,3.0229478,-0.6278824,3.0686321,-1.1927606,-16731116
11,10,12,25,"null","null","null",8,28.500002,2.3134432,-1.4435942,3.4890285,-0.37198886,-16731116
12,11,13,20,"null","null","null",7,24.900002,1.4333884,-2.8032858,3.1200058,-0.59051657,-16731116
13,12,14,19,"null","null","null",4,15.8,0.41360605,-3.4558184,2.3745227,-0.99773157,-16731116
14,13,15,18,"null","null","null",3,10.6,0.5419735,-3.275539,1.8611722,-2.4725323,-16731116
15,14,16,17,"null","null","null",2,10.4,0.6619248,-2.5711865,0.7546976,-3.3442545,-16731116
20,12,21,24,"null","null","null",3,12.8,3.0657144,-0.2891279,3.166736,-1.4052861,-16731116
21,20,22,23,"null","null","null",2,7.9,2.3408225,-0.658092,3.7190428,-0.34807888,-16731116
26,10,27,40,"null","null","null",8,28.5,3.2514234,-1.0892096,0.33095512,-3.0781772,-16731116
27,26,28,37,"null","null","null",7,19.5,3.5280132,-0.41856855,1.9146957,-2.4606783,-16731116
28,27,29,34,"null","null","null",5,19.0,3.0657144,-0.61675966,3.2309725,-1.28788,-16731116
29,28,30,33,"null","null","null",3,12.6,2.3408225,-0.8562454,3.8025503,-0.34807888,-16731116
30,29,31,32,"null","null","null",2,8.0,1.691733,-2.1267972,3.5885596,-0.57550037,-16731116
34,28,35,36,"null","null","null",2,16.2,2.875558,-1.1971854,0.3171609,-3.10816,-16731116
37,27,38,39,"null","null","null",2,7.5,1.0880123,-2.1365585,0.6001837,-3.8261666,-16731116
41,9,42,61,"null","null","null",11,29.2,2.1597278,-2.0763705,0.56240153,-3.6238127,-16731116
42,41,43,56,"null","null","null",10,29.0,3.2514234,-0.8866574,0.645912,-3.0781772,-16731116
43,42,44,53,"null","null","null",7,28.900002,3.5280132,-0.41856855,1.9146957,-2.4606783,-16731116
44,43,45,50,"null","null","null",5,24.2,3.0657144,-0.61675966,3.2309725,-1.28788,-16731116
45,44,46,49,"null","null","null",3,8.3,2.3408225,-0.8562454,3.8025503,-0.34807888,-16731116
46,45,47,48,"null","null","null",2,7.4,1.691733,-2.1267972,3.5885596,-0.57550037,-16731116
50,44,51,52,"null","null","null",2,20.0,2.875558,-1.1971854,0.3171609,-3.10816,-16731116
53,43,54,55,"null","null","null",2,22.7,1.0880123,-2.1365585,0.6001837,-3.8261666,-16731116
56,42,57,60,"null","null","null",3,16.9,0.35782802,-2.7521324,0.9025992,-3.6250968,-16731116
57,56,58,59,"null","null","null",2,14.2,1.0880123,-2.1365585,0.462884,-3.8261666,-16731116
63,7,64,65,"null","null","null",2,28.9,0.44286656,-3.7111814,1.8611743,-1.7914251,-16731116
67,5,68,75,"null","null","null",7,35.1,1.4333917,-2.803284,3.120006,-0.3173849,-16731116
68,67,69,74,"null","null","null",4,34.3,0.41361105,-3.4558191,2.3745227,-0.9977241,-16731116
69,68,70,73,"null","null","null",3,8.7,0.54197276,-3.2755432,1.8611755,-2.4725258,-16731116
70,69,71,72,"null","null","null",2,8.5,0.66192466,-2.5711925,0.75470227,-3.3442504,-16731116
75,67,76,79,"null","null","null",3,20.5,3.0657158,-0.2891274,3.1667309,-1.4052902,-16731116
76,75,77,78,"null","null","null",2,12.6,2.3408232,-0.6580922,3.7190404,-0.3480779,-16731116
80,4,81,82,"null","null","null",2,26.1,2.313444,-0.4390176,3.7626064,-0.7370704,-16731116
84,2,85,90,"","null","Tree and Brush Lizards",6,38.3,3.52864,-0.6366844,2.0262702,-2.2705646,-16731116
85,84,86,89,"null","null","null",3,33.4,3.0229492,-0.6278822,3.2790737,-1.3026892,-16731116
86,85,87,88,"null","null","null",2,16.1,2.3134441,-0.6527477,3.7626061,-0.3719881,-16731116
90,84,91,94,"null","null","null",3,22.0,1.9702901,-2.0763724,0.5624025,-3.5523252,-12486656
91,90,92,93,"null","null","null",2,13.6,3.0051577,-1.0892141,0.64591175,-2.9852443,-11184866
96,0,97,138,"null","null","null",23,80.5,2.3908134,-2.1206918,0.52348524,-3.5713465,-16731116
97,96,98,121,"null","null","null",21,61.0,3.4484384,-0.79560494,0.6527473,-2.9853287,-16731116
98,97,99,118,"","null","Horned Lizards",12,39.6,3.6887577,-0.44105315,1.8643892,-2.3868947,-16731116
99,98,100,117,"null","null","null",10,39.6,3.231102,-0.6278822,3.0686283,-1.3026892,-16731116
100,99,101,114,"null","null","null",9,39.399998,2.5840425,-1.4749742,3.489027,-0.3719881,-16731116
101,100,102,111,"null","null","null",7,39.3,1.5501502,-2.8440835,3.1200066,-0.590516,-16731116
102,101,103,110,"null","null","null",5,39.2,0.41361272,-3.5088603,2.374523,-1.1987886,-16731116
103,102,104,109,"null","null","null",4,39.0,0.5419725,-3.3444977,1.8611767,-2.733911,-16731116
104,103,105,108,"null","null","null",3,37.0,0.6619246,-2.6608334,0.75470394,-3.684053,-16731116
105,104,106,107,"null","null","null",2,19.7,1.2662228,-2.0763726,0.4839716,-3.814068,-16731116
111,101,112,113,"null","null","null",2,13.5,3.3284197,-0.2891272,2.5944867,-1.4052919,-16731116
114,100,115,116,"null","null","null",2,28.9,3.8167186,-0.6717566,0.7310459,-2.2381659,-16731116
118,98,119,120,"null","null","null",2,39.6,1.2662215,-2.0763724,0.5624025,-3.8140683,-16731116
121,97,122,131,"null","null","null",9,38.8,0.6896813,-2.724475,0.8857589,-3.4364233,-16731116
122,121,123,130,"null","null","null",5,37.5,2.2792964,-2.0763724,0.4839717,-3.492149,-16731116
123,122,124,129,"null","null","null",4,33.9,3.4068658,-1.0892141,0.64591175,-2.9070153,-16731116
124,123,125,128,"","null","Lesser Earless Lizards",3,23.1,3.7300925,-0.4185676,1.4250877,-2.2381659,-16731116
125,124,126,127,"null","null","null",2,13.5,3.3284197,-0.61675906,2.5944867,-1.4052919,-16731116
131,121,132,137,"null","null","null",4,26.0,0.8449222,-3.476216,2.4523,-0.8164934,-12486656
132,131,133,136,"null","null","null",3,26.0,0.5235946,-3.37827,1.9384077,-2.311024,-12486656
133,132,134,135,"null","null","null",2,2.7,0.6580919,-2.716227,0.8675325,-3.2399707,-11184866
138,96,139,140,"","null","California Rock Lizard",2,41.3,0.44286698,-3.7111826,1.8611758,-1.7914215,-16731116
