index,parent,child1,child2,name1,name2,common,richness,lengthbr,hxmax,hxmin,hymax,hymin,color
0,-268296185,1,28,"Alcidae","null","Auks",23,19.265741,3.6249313,-0.4628849,2.0156538,-2.1562386,-16731116
1,0,2,15,"null","null","null",14,16.910507,3.1107163,-0.6376133,3.1657689,-1.0703824,-12486656
2,1,3,10,"null","null","null",7,16.239082,2.4621415,-1.6992357,3.5147934,-0.3955179,-16731116
3,2,4,7,"null","null","null",4,6.5743914,1.4209446,-3.0448914,3.0981085,-0.6042887,-12486656
4,3,5,6,"null","null","null",2,1.0636926,0.32388148,-3.6646893,2.3612084,-0.66192454,-11184866
7,3,8,9,"null","null","null",2,3.7882395,3.222697,-0.30320084,2.7384958,-1.3026779,-12486656
10,2,11,14,"null","null","null",3,6.7751718,3.6822953,-0.6366811,1.6104487,-2.1905582,-16731116
11,10,12,13,"null","null","null",2,3.5438268,3.222697,-0.6278832,2.7384958,-1.3026779,-16731116
15,1,16,23,"null","null","null",7,15.8518305,3.443474,-0.9169625,0.34452954,-2.9853187,-12486656
16,15,17,20,"null","null","null",4,12.29814,3.6822953,-0.44105524,1.6104487,-2.3868866,-16731116
17,16,18,19,"null","null","null",2,5.0442815,3.222697,-0.6278832,2.7384958,-1.3026779,-16731116
20,16,21,22,"null","null","null",2,11.220824,1.2662416,-2.0763655,0.5623986,-3.8140664,-16731116
23,15,24,27,"null","null","null",3,11.046002,0.3708011,-2.6608229,0.8857572,-3.6840587,-11184866
24,23,25,26,"null","null","null",2,5.889965,1.2662416,-2.0763655,0.4839738,-3.8140664,-8572416
28,0,29,38,"null","null","null",9,17.432766,2.2960806,-1.9577107,0.5234822,-3.4551697,-16731116
29,28,30,37,"null","null","null",5,7.5096083,3.3252769,-0.9791716,0.65274775,-2.834297,-16731116
30,29,31,36,"null","null","null",4,5.657086,3.528639,-0.44105524,2.026287,-2.1905582,-16731116
31,30,32,35,"null","null","null",3,4.9791985,3.022944,-0.6278832,3.2790856,-1.3026779,-16731116
32,31,33,34,"null","null","null",2,4.331898,2.3134408,-0.65274704,3.7626104,-0.37199068,-16731116
38,28,39,44,"null","null","null",4,9.267854,0.44286343,-3.34449,1.8611681,-2.7339242,-16731116
39,38,40,43,"","null","Puffins",3,4.888334,0.66192496,-2.6608229,0.7546917,-3.6840587,-16731116
40,39,41,42,"null","null","null",2,2.1179485,1.2662416,-2.0763655,0.4839738,-3.8140664,-16731116
