index,parent,child1,child2,name1,name2,common,richness,lengthbr,hxmax,hxmin,hymax,hymin,color
0,-268270591,1,188,"null","null","null",1456,77.2,2.621339,-1.845844,0.54197323,-3.424809,-16731116
1,0,2,87,"MYOMORPHA","null","Mouse-like Rodents",1447,70.299995,3.537705,-0.6447601,0.6619247,-2.7652378,-16731116
2,1,3,-268314624,"Muroidea","null","Hamsters, Gerbils, True Mice, Rats and more",1396,48.0,3.6238122,-0.48397243,2.2360013,-2.065927,-16731116
3,2,4,8,"null","null","null",1165,48.0,3.0781763,-0.6459121,3.3505776,-0.91103727,-16731116
4,3,-268335104,5,"null","null","null",712,48.0,2.4606776,-1.8186066,3.6569128,-0.4185688,-16731116
5,4,6,7,"null","null","null",2,48.0,3.8261666,-0.60018325,1.0880141,-2.136558,-11513776
8,3,9,-268336128,"null","null","null",453,38.2,3.4716086,-0.902599,0.44187438,-2.806989,-16731116
9,8,10,68,"null","null","null",331,34.9,3.626631,-0.46288425,2.0156493,-2.2078729,-16731116
10,9,-268358656,11,"null","null","null",321,22.8,3.1129272,-0.637613,3.1657662,-1.0214714,-16731116
11,10,12,41,"null","null","null",29,18.7,3.4484415,-0.91696286,0.34452912,-2.8752637,-16731116
12,11,13,30,"null","null","null",15,14.6,3.688756,-0.44105458,1.864401,-2.243813,-12486656
13,12,14,23,"null","null","null",9,14.6,3.2310967,-0.62788296,3.0686367,-1.1166822,-12486656
14,13,15,20,"Neusticomys","null","Fish-eating Rats",5,8.4,2.5840383,-1.52877,3.4890296,-0.37198997,-12486656
15,14,16,19,"null","null","null",3,8.4,1.6001918,-2.9140103,3.1200051,-0.5905173,-12486656
16,15,17,18,"null","null","null",2,8.4,0.4136008,-3.5997553,2.3745222,-0.66423035,-16731116
20,14,21,22,"null","null","null",2,8.4,3.81672,-0.67175364,0.73106325,-2.2381618,-12486656
23,13,24,29,"Rheomys","most","Water Mice",4,7.3,3.406869,-1.0892045,0.33095574,-2.9070091,-12486656
24,23,25,28,"null","null","null",3,7.3,3.7300882,-0.41856956,1.4251064,-2.2381618,-12486656
25,24,26,27,"null","null","null",2,7.3,3.3284092,-0.6167602,2.5945022,-1.4052815,-16731116
30,12,31,40,"null","null","null",6,14.6,2.1597342,-2.0763676,0.56239974,-3.492146,-12486656
31,30,32,39,"null","null","null",5,14.6,3.251427,-1.0892045,0.64591235,-2.9070091,-12486656
32,31,33,38,"Ichthyomys","null","Crab-eating Rats",4,7.3,3.5280137,-0.41856956,1.8652903,-2.2381618,-12486656
33,32,34,37,"null","null","null",3,7.3,3.0657125,-0.6167602,3.1667411,-1.4052815,-12486656
34,33,35,36,"null","null","null",2,7.3,2.3408213,-0.6580918,3.719045,-0.34807998,-12486656
41,11,42,67,"Sigmodon","null","Cotton Rats",14,5.8,0.6764399,-2.6393654,0.8857578,-3.4364257,-16731116
42,41,43,60,"null","null","null",13,5.8,2.2620783,-2.0484686,0.48397315,-3.492146,-16731116
43,42,44,55,"null","null","null",9,5.8,3.384474,-0.886652,0.64591235,-2.9070091,-16731116
44,43,45,54,"null","null","null",6,5.8,3.700975,-0.41856956,1.9147013,-2.2381618,-16731116
45,44,46,53,"null","null","null",5,5.7999997,3.2905622,-0.6167602,3.2309756,-1.4052815,-16731116
46,45,47,50,"null","null","null",4,5.7,2.6331258,-0.8562542,3.8025498,-0.34807998,-16731116
47,46,48,49,"null","null","null",2,5.7,1.691729,-2.1268048,3.5885563,-0.5755011,-16731116
50,46,51,52,"null","null","null",2,5.7,3.7952113,-0.7052593,0.55373704,-2.2791758,-16731116
55,43,56,59,"null","null","null",3,5.8,0.3578286,-2.7521284,0.9025985,-3.6251001,-16731116
56,55,57,58,"null","null","null",2,5.8,1.0880204,-2.1365561,0.46288502,-3.8261666,-16731116
60,42,61,64,"null","null","null",4,5.8,0.48358494,-3.3782606,2.0181699,-2.3110383,-12486656
61,60,62,63,"null","null","null",2,5.8,0.65809226,-2.7162137,0.86752254,-3.2399807,-16731116
64,60,65,66,"null","null","null",2,2.9,1.7788377,-1.9610444,3.6551383,-0.40148056,-11184866
68,9,69,84,"null","null","null",10,26.900002,2.2960765,-2.120686,0.52348334,-3.571342,-12486656
69,68,70,83,"","null","Climbing Rats",8,13.5,3.325275,-0.979175,0.6527476,-2.9853218,-12486656
70,69,71,80,"Tylomys","null","null",7,13.3,3.5286393,-0.44105458,2.0426874,-2.3868887,-12486656
71,70,72,77,"null","null","null",5,13.3,3.0229454,-0.62788296,3.300409,-1.1514481,-11184866
72,71,73,76,"null","null","null",3,13.3,2.3134418,-1.0472633,3.790334,-0.37198997,-11184866
73,72,74,75,"null","null","null",2,13.3,1.6001918,-2.2880516,3.5117006,-0.5905173,-3014646
77,71,78,79,"null","null","null",2,13.3,3.005169,-1.0892045,0.33095574,-2.9852326,-11184866
80,70,81,82,"null","null","null",2,13.3,1.2662363,-2.0763676,0.56239974,-3.8140664,-16731116
84,68,85,86,"null","null","null",2,5.7,0.44286472,-3.7111793,1.8611706,-1.7914329,-16731116
87,1,88,165,"Dipodoidea","null","Jerboas, Jumping Mice and Birch Mice",51,39.199997,0.9535627,-2.7277656,0.84492135,-3.5679355,-16731116
88,87,89,164,"null","null","null",39,38.8,2.4892108,-1.938404,0.52359545,-3.4975019,-16731116
89,88,90,159,"null","null","null",38,38.8,3.4716086,-0.6457105,0.6580921,-2.871228,-16731116
90,89,91,144,"null","null","null",35,38.6,3.626631,-0.46288425,2.0824366,-2.1562414,-16731116
91,90,92,143,"null","null","null",27,38.6,3.1129272,-0.637613,3.2525895,-1.1971844,-16731116
92,91,93,128,"null","null","null",26,38.6,2.4650147,-1.6694348,3.6276631,-0.39551717,-16731116
93,92,94,119,"","null","Jumping Mice and Birch Mice",18,38.6,1.3321686,-3.0061529,3.2448406,-0.6042883,-16731116
94,93,95,108,"Sicista","null","Birch Mice",13,26.8,0.32388073,-3.614333,2.5519595,-1.2045276,-16731116
95,94,96,105,"null","null","null",7,26.8,0.5592984,-3.4101982,1.7948565,-2.6626277,-16731116
96,95,97,102,"null","null","null",5,26.8,0.66423047,-2.7414122,0.41481906,-3.4851904,-16731116
97,96,98,101,"null","null","null",3,26.8,2.143408,-2.0102282,0.5042372,-3.4706426,-12486656
98,97,99,100,"null","null","null",2,26.8,3.126803,-0.9791728,0.65274775,-2.8544118,-12486656
102,96,103,104,"null","null","null",2,26.8,0.82108533,-3.5997553,2.3745222,-0.4072522,-16731116
105,95,106,107,"null","null","null",2,26.8,1.6001918,-2.2880516,3.5117006,-0.3173819,-16731116
108,94,109,114,"null","null","null",6,26.8,2.545535,-1.52877,3.4890296,-0.7370682,-12486656
109,108,110,113,"null","null","null",3,26.8,1.6001918,-2.9140103,3.1200051,-0.5905173,-16731116
110,109,111,112,"null","null","null",2,26.8,0.4136008,-3.5997553,2.3745222,-0.66423035,-16731116
114,108,115,118,"null","null","null",3,26.8,3.7300882,-0.67175364,1.4251064,-2.2381618,-12486656
115,114,116,117,"null","null","null",2,26.8,3.3284092,-0.6167602,2.5945022,-1.4052815,-12486656
119,93,120,125,"","null","Jumping Mice",5,12.2,3.0229454,-0.30320042,3.300409,-1.1514481,-16731116
120,119,121,124,"Zapus","null","null",3,10.2,2.3134418,-1.0472633,3.790334,-0.37198997,-16731116
121,120,122,123,"null","null","null",2,10.2,1.6001918,-2.2880516,3.5117006,-0.5905173,-16731116
125,119,126,127,"null","null","null",2,12.2,3.005169,-1.0892045,0.33095574,-2.9852326,-16731116
128,92,129,142,"null","null","null",8,38.6,3.688756,-0.63668215,1.864401,-2.1905596,-16731116
129,128,130,141,"","null","Pygmy Jerboas",7,20.4,3.2310967,-0.62788296,3.0686367,-1.3026809,-16731116
130,129,131,138,"null","null","null",6,18.9,2.5840383,-1.6418905,3.4890296,-0.37198997,-16731116
131,130,132,137,"null","null","null",4,18.9,1.6001918,-3.0610669,3.1200051,-0.5905173,-11513776
132,131,133,136,"null","null","null",3,18.9,0.4136008,-3.7909288,2.3745222,-0.66423035,-11513776
133,132,134,135,"null","null","null",2,18.9,0.5419743,-3.711179,1.8611686,-1.7914356,-11513776
138,130,139,140,"null","null","null",2,18.9,3.81672,-0.67175364,0.73106325,-2.2381618,-16731116
144,90,145,152,"","some","Jerboas",8,11.9,2.3869984,-1.9577141,0.52348334,-3.455171,-16731116
145,144,146,151,"null","null","null",4,11.9,3.4434733,-0.979175,0.6527476,-2.8342993,-16731116
146,145,147,150,"Stylodipus","null","null",3,9.4,3.6822972,-0.44105458,1.610443,-2.1905596,-16731116
147,146,148,149,"null","null","null",2,9.4,3.2227004,-0.62788296,2.7384913,-1.3026809,-16731116
152,144,153,158,"null","null","null",4,11.9,0.44286472,-3.3444924,1.8611706,-2.7339203,-16731116
153,152,154,157,"Jaculus","null","null",3,9.4,0.66192484,-2.6608262,0.7546954,-3.6840568,-16731116
154,153,155,156,"null","null","null",2,9.4,1.2662363,-2.0763676,0.48397315,-3.8140664,-16731116
159,89,160,163,"Pygeretmus","null","Fat-tailed Jerboas",3,11.1,0.38339475,-2.56075,0.8665067,-3.7314641,-16731116
160,159,161,162,"null","null","null",2,11.1,1.4433408,-2.01023,0.50423664,-3.7908006,-16731116
165,87,166,185,"Allactaga","some","Jerboas",12,25.3,0.7950963,-3.6646073,2.673551,-1.1974815,-16731116
166,165,167,180,"null","null","null",10,25.3,0.5592979,-3.4755566,1.6207718,-2.6534698,-16731116
167,166,168,175,"null","null","null",7,25.3,0.8876209,-2.8263783,0.41482085,-3.4732876,-16731116
168,167,169,174,"null","null","null",4,25.3,2.4726522,-2.01023,0.50423664,-3.455171,-16731116
169,168,170,173,"null","null","null",3,25.3,3.5548232,-0.979175,0.6527476,-2.8342993,-16731116
170,169,171,172,"null","null","null",2,25.3,3.827052,-0.44105458,0.90939033,-2.1905596,-16731116
175,167,176,179,"null","null","null",3,25.3,0.82108605,-3.7909274,2.3745222,-0.47381002,-16731116
176,175,177,178,"null","null","null",2,25.3,0.5419738,-3.7111793,1.8611706,-1.7914329,-16731116
180,166,181,184,"null","null","null",3,25.3,1.600195,-2.9140053,3.1200054,-0.31738296,-16731116
181,180,182,183,"null","null","null",2,7.0,0.41360593,-3.5997522,2.3745222,-0.66423047,-16731116
185,165,186,187,"null","null","null",2,25.3,2.3134425,-0.43901807,3.762608,-0.737069,-12486656
188,0,189,202,"ANOMALUROMORPHA","null","null",9,54.9,0.3596002,-3.4455087,1.6749446,-2.7374728,-16731116
189,188,190,197,"Anomaluridae","null","Scaly-tailed Squirrels",7,30.1,0.8165023,-2.7891612,0.33849198,-3.4762144,-16731116
190,189,191,194,"Anomalurus","null","null",4,22.7,2.3110323,-2.0181732,0.52359545,-3.3782644,-16731116
191,190,192,193,"null","null","null",2,22.7,3.2399766,-0.8675265,0.6580921,-2.716219,-16731116
194,190,195,196,"null","null","null",2,22.7,0.401482,-3.6551394,1.7788401,-1.9610406,-16731116
197,189,198,201,"null","null","null",3,18.0,0.7950963,-3.802748,2.361209,-0.6648438,-16731116
198,197,199,200,"Idiurus","null","null",2,12.3,0.5592979,-3.6551394,1.7788401,-1.9610406,-16731116
202,188,203,204,"Pedetidae","null","null",2,10.7,1.5045881,-2.4441488,3.4248753,-0.275,-16731116
