index,parent,child1,child2,name1,name2,common,richness,lengthbr,hxmax,hxmin,hymax,hymin,color
0,-268171178,1,42,"null","null","null",33,19.8,3.1323981,-0.62788236,3.1648612,-1.1927632,-16731116
1,0,2,33,"","some","Titi Monkeys",21,11.7,2.4557283,-1.5127336,3.614128,-0.37198845,-16731116
2,1,3,24,"null","null","null",16,11.5,1.4333917,-2.8931694,3.2826371,-0.5905162,-16731116
3,2,4,15,"null","null","null",11,10.9,0.29948753,-3.5726705,2.585943,-1.0796533,-12486656
4,3,5,14,"null","null","null",6,7.8,0.54197276,-3.4274497,1.8611755,-2.5790339,-16731116
5,4,6,13,"null","null","null",5,7.8,0.66192466,-2.768671,0.75470227,-3.482711,-16731116
6,5,7,10,"null","null","null",4,7.8,1.9702942,-2.2165625,0.4839719,-3.5523224,-16731116
7,6,8,9,"null","null","null",2,7.8,3.005161,-1.0892112,0.6459119,-2.9852405,-16731116
10,6,11,12,"null","null","null",2,7.8,0.48358735,-3.7564616,1.938406,-1.6186303,-16731116
15,3,16,23,"null","null","null",5,7.0,2.3408232,-1.3545582,3.4508214,-0.7670549,-12486656
16,15,17,20,"null","null","null",4,7.0,1.6749496,-2.774608,3.1313152,-0.5754996,-12486656
17,16,18,19,"null","null","null",2,2.8,0.52729416,-3.5244944,2.3807096,-0.665,-16731116
20,16,21,22,"null","null","null",2,7.0,3.424879,-0.2750017,2.4441426,-1.504592,-8572416
24,2,25,32,"null","null","null",5,7.3,3.0657158,-0.2891274,2.9604087,-1.4052902,-16731116
25,24,26,31,"null","null","null",4,6.1,2.3408232,-1.3545582,3.4508214,-0.3480779,-16731116
26,25,27,30,"null","null","null",3,4.4,1.6917381,-2.774608,3.1313152,-0.5754996,-16731116
27,26,28,29,"null","null","null",2,4.4,0.52729416,-3.5244944,2.3807096,-0.665,-12486656
33,1,34,39,"null","null","null",5,3.0,3.5280132,-0.671756,1.8652767,-2.4606807,-16731116
34,33,35,38,"null","null","null",3,2.8,3.0657158,-0.6167593,3.1667309,-1.4052902,-16731116
35,34,36,37,"null","null","null",2,2.2,2.3408232,-0.6580922,3.7190404,-0.3480779,-16731116
39,33,40,41,"null","null","null",2,2.8,1.0880044,-2.136561,0.6001849,-3.826167,-16731116
42,0,43,56,"","null","Saki and more",12,10.0,3.3844695,-0.9287939,0.33095488,-3.0781798,-12486656
43,42,44,53,"null","null","null",7,6.9,3.700976,-0.41856796,1.9146909,-2.4606807,-11184866
44,43,45,52,"Chiropotes","null","null",5,6.7,3.290567,-0.6167593,3.2309694,-1.4052902,-11184866
45,44,46,49,"null","null","null",4,5.9,2.6331298,-0.8562355,3.8025508,-0.3480779,-11184866
46,45,47,48,"null","null","null",2,5.9,1.6917381,-2.1267884,3.5885634,-0.5754996,-12486656
49,45,50,51,"null","null","null",2,5.9,3.7952085,-0.7052624,0.55371827,-2.2791796,-3014646
53,43,54,55,"Cacajao","null","null",2,3.0,1.0880044,-2.136561,0.6001849,-3.826167,-12486656
56,42,57,62,"Pithecia","null","null",5,8.5,0.35782766,-2.7521353,0.9025996,-3.468788,-16731116
57,56,58,61,"null","null","null",3,5.4,1.7924029,-2.136561,0.4628833,-3.6229677,-16731116
58,57,59,60,"null","null","null",2,5.4,2.8755507,-1.1971908,0.6376125,-3.1081667,-16731116
62,56,63,64,"null","null","null",2,8.5,0.86650765,-3.4392157,2.4199004,-0.3833942,-16731116
