index,parent,child1,child2,name1,name2,common,richness,lengthbr,hxmax,hxmin,hymax,hymin,color
0,-268434412,1,111,"null","null","null",123,105.9,0.34807888,-3.6148467,2.584096,-1.3438666,-16731116
1,0,2,96,"MYOBATRACHIDAE","null","null",79,100.4,0.57550037,-3.344545,1.6407108,-2.7607048,-16731116
2,1,3,85,"null","null","null",71,97.94672,0.95279163,-2.6579087,0.33849102,-3.5064144,-16731116
3,2,4,-268410880,"null","null","null",65,44.6,2.4882076,-1.8874383,0.52359575,-3.4175231,-16731116
4,3,5,54,"","null","Toadlets and more",41,35.2,3.4703028,-0.7637663,0.65809214,-2.7672553,-16731116
5,4,6,53,"null","null","null",25,30.510902,3.624932,-0.46288455,2.1250107,-2.1365573,-16731116
6,5,7,40,"null","null","null",24,30.12396,3.1107178,-0.6376132,3.3079345,-1.070384,-16731116
7,6,8,33,"null","null","null",17,30.12396,2.462143,-1.6694376,3.6996102,-0.39551753,-16731116
8,7,9,28,"null","null","null",13,30.12396,1.332167,-3.006155,3.3383713,-0.60428846,-16731116
9,8,10,25,"null","null","null",10,30.12396,0.32388112,-3.6143339,2.6735497,-1.2045298,-16731116
10,9,11,22,"null","null","null",8,30.12396,0.55929863,-3.4101982,1.7948548,-2.6626291,-16731116
11,10,12,19,"null","null","null",6,30.12396,0.6642305,-2.7414122,0.41481906,-3.4851904,-16731116
12,11,13,16,"null","null","null",4,30.12396,2.143408,-2.120684,0.5042372,-3.4706426,-16731116
13,12,14,15,"null","null","null",2,30.12396,3.126803,-0.9791728,0.65274775,-2.8544118,-16731116
16,12,17,18,"null","null","null",2,30.12396,0.44286364,-3.711179,1.8611686,-1.7914356,-16731116
19,11,20,21,"null","null","null",2,30.12396,0.82108533,-3.5997553,2.3745222,-0.4072522,-16731116
22,10,23,24,"null","null","null",2,30.12396,1.6001905,-2.288054,3.5116992,-0.31738126,-16731116
25,9,26,27,"null","null","null",2,30.12396,2.3134413,-0.43901843,3.76261,-0.7370677,-16731116
28,8,29,32,"null","null","null",3,30.12396,3.0229447,-0.30320063,3.2790842,-1.3026792,-16731116
29,28,30,31,"null","null","null",2,30.12396,2.3134413,-0.6527471,3.76261,-0.37199032,-16731116
33,7,34,37,"null","null","null",4,30.12396,3.6822963,-0.63668156,1.6104459,-2.3868876,-16731116
34,33,35,36,"null","null","null",2,30.12396,3.2226985,-0.6278831,2.7384934,-1.3026792,-11513776
37,33,38,39,"null","null","null",2,30.12396,1.2662389,-2.0763667,0.56239915,-3.8140662,-16731116
40,6,41,52,"null","null","null",7,30.12396,3.325276,-0.9791734,0.40942776,-2.98532,-16731116
41,40,42,49,"null","null","null",6,30.12396,3.5286393,-0.4410549,2.0262847,-2.3868876,-16731116
42,41,43,46,"null","null","null",4,30.12396,3.0229447,-0.6278831,3.2790842,-1.1514461,-16731116
43,42,44,45,"null","null","null",2,30.12396,2.3134413,-0.6527471,3.76261,-0.37199032,-16731116
46,42,47,48,"null","null","null",2,30.12396,3.0051708,-1.0892029,0.33095595,-2.9852307,-16731116
49,41,50,51,"null","null","null",2,30.12396,1.2662389,-2.0763667,0.56239915,-3.8140662,-16731116
54,4,55,80,"null","null","null",16,26.28066,0.7517959,-2.8263779,0.86650646,-3.4975266,-16731116
55,54,56,77,"null","null","null",13,24.3125,2.2960787,-2.1206844,0.50423694,-3.4866807,-12486656
56,55,57,76,"null","null","null",11,24.3125,3.325276,-0.9791734,0.6527477,-2.8752618,-12486656
57,56,58,67,"null","null","null",10,24.3125,3.5286393,-0.4410549,2.0426893,-2.2438118,-12486656
58,57,59,64,"null","null","null",5,24.3125,3.0229447,-0.6278831,3.3004098,-1.1514461,-12486656
59,58,60,63,"null","null","null",3,24.3125,2.3134413,-1.0472662,3.7903333,-0.37199032,-12486656
60,59,61,62,"null","null","null",2,24.3125,1.6001905,-2.288054,3.5116992,-0.59051746,-12486656
64,58,65,66,"null","null","null",2,24.3125,3.0051708,-1.0892029,0.33095595,-2.9852307,-12486656
67,57,68,73,"null","null","null",5,24.3125,2.3305688,-2.2165554,0.56239915,-3.4921455,-16731116
68,67,69,72,"null","null","null",3,24.3125,3.4735103,-1.0892029,0.6459124,-2.9070082,-16731116
69,68,70,71,"null","null","null",2,24.3125,3.8167205,-0.41856992,0.731066,-2.238161,-16731116
73,67,74,75,"null","null","null",2,24.3125,0.48358428,-3.7564583,1.9384001,-1.6186436,-11184866
77,55,78,79,"null","null","null",2,24.3125,0.44286406,-3.7111783,1.8611695,-1.7914354,-16731116
80,54,81,84,"null","null","null",3,10.413465,0.8210856,-3.7909274,2.374522,-0.47381282,-16731116
81,80,82,83,"null","null","null",2,6.5701647,0.5419741,-3.7111783,1.8611695,-1.7914354,-16731116
85,2,86,95,"null","null","null",6,41.170567,0.7950959,-3.5074308,2.361209,-1.350251,-8572416
86,85,87,92,"null","null","null",5,41.170567,0.5592982,-3.2712262,1.7948582,-2.852069,-8572416
87,86,88,91,"","null","Tinker Frogs",3,41.170567,0.66423047,-2.5607486,0.6411331,-3.7314649,-8572416
88,87,89,90,"null","null","null",2,41.170567,1.4433434,-2.0102289,0.50423694,-3.7908003,-11184866
92,86,93,94,"null","null","null",2,41.170567,1.6001936,-2.2880483,3.5117025,-0.31738234,-3014646
96,1,97,108,"null","null","null",8,94.5,1.4209516,-2.8598053,3.3478522,-0.2750002,-12486656
97,96,98,103,"","null","Barred Frogs",6,81.426315,0.3238803,-3.424083,2.6858742,-1.1773235,-12486656
98,97,99,102,"null","null","null",3,81.426315,0.5592979,-3.162875,1.7788401,-2.6272643,-12486656
99,98,100,101,"null","null","null",2,81.426315,0.66423047,-2.419892,0.6411348,-3.4392204,-12486656
103,97,104,107,"null","null","null",3,81.426315,2.3134425,-1.047256,3.7903352,-0.737069,-12486656
104,103,105,106,"null","null","null",2,81.426315,1.6001958,-2.2880452,3.511704,-0.59051675,-8572416
108,96,109,110,"","null","Gastric-brooding Frogs",2,31.5,3.222704,-0.3032002,2.7384875,-1.3026838,-16777036
111,0,112,187,"LIMNODYNASTIDAE","null","null",44,83.27729,2.3938532,-1.6470332,3.6848884,-0.7052609,-16731116
112,111,113,186,"null","null","null",38,80.05104,1.5045873,-2.9770324,3.3192344,-0.60428804,-16731116
113,112,114,153,"null","null","null",37,79.464165,0.32388014,-3.5764787,2.6486707,-1.1974815,-16731116
114,113,115,134,"null","null","null",20,65.925995,0.5592979,-3.3609893,1.7338068,-2.6534698,-16731116
115,114,116,125,"null","null","null",10,50.672157,0.8876209,-2.677441,0.5617663,-3.4732876,-16731116
116,115,117,122,"null","null","null",5,50.672157,2.4726522,-2.120686,0.50423664,-3.455171,-16731116
117,116,118,121,"null","null","null",3,50.672157,3.5548232,-0.979175,0.6527476,-2.8342993,-16731116
118,117,119,120,"null","null","null",2,50.672157,3.827052,-0.44105458,0.90939033,-2.1905596,-16731116
122,116,123,124,"null","null","null",2,50.672157,0.44286472,-3.7111793,1.8611706,-1.7914329,-16731116
125,115,126,131,"null","null","null",5,50.672157,0.82108605,-3.455818,2.7051497,-0.9977351,-16731116
126,125,127,130,"null","null","null",3,50.672157,0.5419738,-3.2755368,1.8611706,-2.4725354,-16731116
127,126,128,129,"null","null","null",2,50.672157,0.66192484,-2.5711837,0.7546954,-3.3442564,-16731116
131,125,132,133,"null","null","null",2,50.672157,2.3408217,-0.42902336,3.7190433,-0.7670531,-16731116
134,114,135,146,"null","null","null",10,50.672157,1.4333872,-2.8440888,3.3743343,-0.31738296,-16731116
135,134,136,143,"null","null","null",6,39.430603,0.29948863,-3.5088606,2.7051501,-1.1987982,-16731116
136,135,137,142,"null","null","null",4,30.507679,0.5419736,-3.3444936,1.8611718,-2.7339187,-16731116
137,136,138,141,"null","null","null",3,30.507679,0.6619248,-2.6608276,0.7546971,-3.6840563,-16731116
138,137,139,140,"null","null","null",2,30.507679,1.2662337,-2.0763686,0.48397285,-3.8140674,-16731116
143,135,144,145,"null","null","null",2,15.2538395,2.3408222,-0.4290232,3.7190425,-0.7670536,-16777216
146,134,147,150,"null","null","null",4,30.507679,3.0657141,-0.28912807,3.1667361,-1.2878801,-16731116
147,146,148,149,"null","null","null",2,30.507679,2.3408222,-0.658092,3.7190425,-0.348079,-16731116
150,146,151,152,"null","null","null",2,30.507679,2.875557,-1.1971859,0.31716096,-3.1081612,-16731116
153,113,154,175,"null","null","null",17,62.349503,2.4557261,-1.4435952,3.7066274,-0.737069,-16731116
154,153,155,168,"null","null","null",11,52.769615,1.433388,-2.803286,3.4028842,-0.59051675,-16731116
155,154,156,163,"null","null","null",7,42.82294,0.29948846,-3.4558182,2.7422647,-0.9977322,-16731116
156,155,157,160,"null","null","null",4,30.507679,0.5419736,-3.2755384,1.9094207,-2.472533,-16731116
157,156,158,159,"null","null","null",2,30.507679,0.6619248,-2.5711858,0.7546971,-3.344255,-16731116
160,156,161,162,"null","null","null",2,30.507679,1.6917332,-2.1267962,3.58856,-0.35959932,-16731116
163,155,164,167,"null","null","null",3,24.176764,2.3408222,-0.8562442,3.8025503,-0.7670536,-16731116
164,163,165,166,"null","null","null",2,24.176764,1.6917341,-2.1267958,3.58856,-0.5755003,-16731116
168,154,169,174,"","null","Banjo Frogs",4,30.507679,3.0657144,-0.28912795,3.2309725,-1.4052866,-16731116
169,168,170,173,"null","null","null",3,30.507679,2.3408222,-0.8562424,3.8025508,-0.34807882,-16731116
170,169,171,172,"null","null","null",2,30.507679,1.6917348,-2.126794,3.5885613,-0.5755002,-16731116
175,153,176,183,"null","null","null",6,39.430603,3.5280135,-0.6717548,1.8652828,-2.460678,-16731116
176,175,177,180,"null","null","null",4,39.430603,3.0657144,-0.61675966,3.1667354,-1.2878811,-16731116
177,176,178,179,"null","null","null",2,39.430603,2.3408222,-0.658092,3.7190423,-0.34807882,-12486656
180,176,181,182,"null","null","null",2,39.430603,2.8755558,-1.197187,0.31716084,-3.1081624,-16731116
183,175,184,185,"null","null","null",2,39.430603,1.088011,-2.136559,0.6001835,-3.826167,-16731116
187,111,188,197,"null","null","null",6,39.430603,3.5286398,-0.63668275,1.8643962,-2.1905613,-8572416
188,187,189,196,"null","null","null",5,39.430603,3.022947,-0.62788266,3.068633,-1.3026844,-8572416
189,188,190,195,"null","null","null",4,39.430603,2.3134427,-1.5287619,3.4890285,-0.37198916,-8572416
190,189,191,194,"null","null","null",3,39.430603,1.6001966,-2.9140034,3.1200056,-0.5905167,-8572416
191,190,192,193,"null","null","null",2,39.430603,0.41360754,-3.5997515,2.3745224,-0.66423047,-8572416
