index,parent,child1,child2,name1,name2,common,richness,lengthbr,hxmax,hxmin,hymax,hymin,color
0,-268116978,1,-268093440,"HYLIDAE","null","Treefrogs and more",787,56.2,3.4654517,-0.90259886,0.4932512,-2.7898817,-16731116
1,0,2,120,"null","null","null",574,53.544598,3.6186254,-0.46288455,2.0824385,-2.1856341,-16731116
2,1,3,94,"null","null","null",331,48.91651,3.1025193,-0.6376132,3.2525904,-1.070384,-12486656
3,2,4,72,"null","null","null",229,42.399998,2.451485,-1.6730592,3.627663,-0.39551753,-12486656
4,3,5,52,"null","null","null",168,39.982918,1.3808104,-3.010863,3.2448397,-0.60428846,-11184866
5,4,6,43,"null","null","null",135,38.27646,0.32388112,-3.6204545,2.5519586,-1.2190323,-12486656
6,5,7,35,"null","null","null",130,32.1,0.55929863,-3.4181552,1.7242546,-2.6814826,-12486656
7,6,-268088320,8,"null","null","null",66,27.629576,0.7901181,-2.7517564,0.5617643,-3.5096998,-11184866
8,7,9,32,"null","null","null",14,17.40383,0.82108533,-3.6230302,2.7051492,-1.0522765,-16731116
9,8,10,29,"","null","Chorus Frogs",12,16.387249,0.5419743,-3.4929109,1.9094158,-2.5434372,-16731116
10,9,11,22,"null","null","null",10,16.387249,0.6896925,-2.8537698,0.6447718,-3.4364262,-16731116
11,10,12,21,"null","null","null",6,11.816142,2.279306,-2.076367,0.48397338,-3.4921455,-16731116
12,11,13,18,"null","null","null",5,11.816142,3.4068692,-0.8706895,0.6459124,-2.9070082,-16731116
13,12,14,17,"null","null","null",3,11.816142,3.7300878,-0.4185698,1.4251086,-2.238161,-16731116
14,13,15,16,"null","null","null",2,11.816142,3.3284082,-0.6167603,2.5945039,-1.4052806,-16731116
18,12,19,20,"null","null","null",2,11.816142,0.35782874,-2.7162147,0.90259826,-3.23998,-16731116
22,10,23,26,"null","null","null",4,16.387249,0.8449204,-3.767136,2.7277997,-0.39556158,-16731116
23,22,24,25,"null","null","null",2,4.571108,0.52359635,-3.7564592,1.9384005,-1.6186413,-16731116
26,22,27,28,"null","null","null",2,4.571108,2.3612084,-0.41842097,3.6646888,-0.7950951,-16731116
29,9,30,31,"null","null","null",2,4.571108,1.691729,-2.1268048,3.5885563,-0.35959762,-16731116
32,8,33,34,"","null","Cricket Frogs",2,4.571108,2.3408213,-0.42902362,3.719045,-0.76705235,-16731116
35,6,-268087296,36,"null","null","null",64,18.499998,1.4333824,-2.873063,3.352849,-0.31738126,-12486656
36,35,37,42,"null","null","null",4,6.1666665,3.0657122,-0.28912875,3.2309766,-1.40528,-8572416
37,36,38,41,"null","null","null",3,6.1666665,2.340821,-0.8562573,3.8025494,-0.34808034,-8572416
38,37,39,40,"null","null","null",2,6.1666665,1.6917278,-2.1268075,3.5885549,-0.5755013,-3014646
43,5,44,49,"null","null","null",5,12.558641,2.5840373,-1.5287724,3.48903,-0.7370677,-8572416
44,43,45,48,"null","null","null",3,12.558641,1.6001905,-2.9140122,3.1200047,-0.59051746,-8572416
45,44,46,47,"null","null","null",2,12.558641,0.41359925,-3.5997562,2.374522,-0.66423035,-8572416
49,43,50,51,"null","null","null",2,12.558641,3.8167205,-0.6717531,0.731066,-2.238161,-8572416
52,4,-268085248,53,"null","null","null",33,27.283678,3.1323924,-0.30320063,3.1648684,-1.1618767,-11184866
53,52,54,67,"","null","Fringe-limbed Treefrogs",10,17.967354,3.2514281,-0.9287931,0.33095595,-3.0086997,-11184866
54,53,55,62,"null","null","null",7,17.967354,3.5280137,-0.41856992,1.9147032,-2.3703601,-8572416
55,54,56,61,"null","null","null",4,17.967354,3.0657122,-0.6167604,3.2309766,-1.40528,-11184866
56,55,57,60,"null","null","null",3,17.967354,2.340821,-0.8562573,3.8025494,-0.34808034,-11184866
57,56,58,59,"null","null","null",2,17.967354,1.6917278,-2.1268075,3.5885549,-0.5755013,-11184866
62,54,63,66,"null","null","null",3,17.967354,1.7924224,-2.1365554,0.6001814,-3.6229596,-8572416
63,62,64,65,"null","null","null",2,17.967354,2.875566,-1.1971791,0.6376135,-3.1081529,-3014646
67,53,68,71,"null","null","null",3,17.967354,0.3578288,-2.7521274,0.90259826,-3.625101,-11184866
68,67,69,70,"null","null","null",2,17.967354,1.0880233,-2.1365554,0.46288532,-3.8261666,-8572416
72,3,-268089344,73,"null","null","null",61,32.077652,3.6583161,-0.63668156,1.9450172,-2.3023295,-16731116
73,72,74,91,"","null","Heart-tongued Frogs",11,18.711071,2.26208,-2.2165554,0.56239915,-3.62381,-16731116
74,73,75,90,"null","null","null",9,18.711071,3.3844748,-1.0892029,0.6459124,-3.0781722,-16731116
75,74,76,87,"null","null","null",8,18.711071,3.7009745,-0.41856992,1.9147032,-2.4606743,-16731116
76,75,77,84,"null","null","null",6,13.981319,3.2905612,-0.6167604,3.2309766,-1.2878717,-16731116
77,76,78,81,"null","null","null",4,13.981319,2.633125,-0.8562573,3.8025494,-0.34808034,-16731116
78,77,79,80,"null","null","null",2,13.981319,1.6917278,-2.1268075,3.5885549,-0.5755013,-16731116
81,77,82,83,"null","null","null",2,13.981319,3.7952118,-0.70525885,0.55373955,-2.2791753,-16731116
84,76,85,86,"null","null","null",2,13.981319,2.875566,-1.1971791,0.31716174,-3.1081529,-16731116
87,75,88,89,"null","null","null",2,5.4087124,1.0880233,-2.1365554,0.6001814,-3.8261666,-11513776
91,73,92,93,"null","null","null",2,5.4087124,0.48358428,-3.7564583,1.9384001,-1.6186436,-3014646
94,2,95,99,"null","null","null",102,39.05418,3.3900375,-0.9169626,0.37077475,-2.98532,-16731116
95,94,-268084224,96,"null","null","null",91,38.102497,3.6128297,-0.4410549,1.9760357,-2.3868876,-16731116
96,95,97,98,"null","null","null",2,5.84075,1.2662389,-2.0763667,0.56239915,-3.8140662,-12486656
99,94,100,117,"null","null","null",11,20.205675,0.5977162,-2.745932,0.88575745,-3.4364264,-16731116
100,99,101,112,"null","null","null",9,18.51474,2.1597364,-2.048467,0.4839735,-3.4921455,-16731116
101,100,102,109,"null","null","null",6,15.09812,3.2514281,-0.87068796,0.6459124,-2.9070082,-16731116
102,101,103,108,"null","null","null",4,15.09812,3.5280137,-0.41856992,1.8652927,-2.238161,-16731116
103,102,104,107,"null","null","null",3,15.09812,3.0657122,-0.6167604,3.1667428,-1.40528,-16731116
104,103,105,106,"null","null","null",2,15.09812,2.340821,-0.6580918,3.7190456,-0.34808034,-16731116
109,101,110,111,"null","null","null",2,15.09812,0.3578288,-2.7162118,0.90259826,-3.2399821,-16731116
112,100,113,116,"","null","Harlequin Frogs",3,9.25737,0.48358428,-3.3782592,1.9384001,-2.3110406,-16777216
113,112,114,115,"null","null","null",2,9.25737,0.6580923,-2.7162118,0.8675207,-3.2399821,-16777216
117,99,118,119,"null","null","null",2,5.84075,0.8449203,-3.5245016,2.3807096,-0.39556164,-16731116
120,1,121,-268094464,"null","null","null",243,46.286846,2.3458955,-1.9934092,0.5234828,-3.521307,-16731116
121,120,122,199,"null","null","null",143,41.819016,3.3900375,-0.7673098,0.6527477,-2.9202757,-16731116
122,121,123,-268095488,"null","null","null",139,41.579952,3.6128297,-0.4410549,1.9450172,-2.3023295,-16731116
123,122,124,154,"null","null","null",110,39.608223,3.1323924,-0.6278831,3.1734364,-1.1618767,-16731116
124,123,-268086272,125,"null","null","null",87,37.63162,2.4557233,-1.5005803,3.625268,-0.37199032,-16731116
125,124,126,151,"","null","Canebrake Treefrogs",15,22.819172,3.5280137,-0.6717531,1.7531275,-2.4606743,-16731116
126,125,127,140,"null","null","null",13,22.819172,3.0657122,-0.6167604,3.020928,-1.2264582,-16731116
127,126,128,139,"null","null","null",7,16.397058,2.340821,-1.3260047,3.5294862,-0.34808034,-16731116
128,127,129,138,"null","null","null",6,16.397058,1.6917278,-2.737479,3.233573,-0.5755013,-16731116
129,128,130,137,"null","null","null",5,16.397058,0.52728057,-3.4762144,2.5136454,-0.816515,-16731116
130,129,131,134,"null","null","null",4,16.397058,0.5235969,-3.3782585,2.018165,-2.3110435,-16731116
131,130,132,133,"null","null","null",2,16.397058,0.65809244,-2.7162104,0.8675197,-3.239983,-12486656
134,130,135,136,"null","null","null",2,16.397058,1.7788337,-1.9610533,3.6551347,-0.40147883,-16731116
140,126,141,148,"null","null","null",6,15.09812,3.1657705,-1.0121982,0.31716174,-2.9699724,-16731116
141,140,142,147,"null","null","null",4,15.09812,3.5147936,-0.39551836,1.6992391,-2.2791753,-16731116
142,141,143,146,"null","null","null",3,15.09812,3.0981078,-0.60428894,3.0448937,-1.5045799,-16731116
143,142,144,145,"null","null","null",2,15.09812,2.361208,-0.6619245,3.6646907,-0.32388195,-16731116
148,140,149,150,"null","null","null",2,15.09812,0.3445298,-2.8544085,0.9791695,-3.1268055,-16731116
151,125,152,153,"null","null","null",2,5.84075,1.0880233,-2.1365554,0.6001814,-3.8261666,-16731116
154,123,155,192,"null","null","null",23,26.420996,3.2514281,-0.9287931,0.33095595,-3.0086997,-16731116
155,154,156,185,"null","null","null",19,26.420996,3.5280137,-0.41856992,1.8281087,-2.3703601,-16731116
156,155,157,176,"null","null","null",15,22.819172,3.0657122,-0.6167604,3.1184037,-1.2264582,-16731116
157,156,158,175,"null","null","null",10,22.819172,2.340821,-1.3260047,3.6562047,-0.34808034,-16731116
158,157,159,168,"null","null","null",9,22.819172,1.5297084,-2.737479,3.3983068,-0.5755013,-16731116
159,158,160,165,"null","null","null",5,22.819172,0.3384863,-3.4762144,2.7277992,-0.816515,-16731116
160,159,161,164,"null","null","null",3,22.819172,0.5235969,-3.3782585,1.9383984,-2.3110435,-16731116
161,160,162,163,"null","null","null",2,22.819172,0.65809244,-2.7162104,0.8675197,-3.239983,-11513776
165,159,166,167,"null","null","null",2,22.819172,2.361208,-0.4184213,3.6646907,-0.79509425,-16731116
168,158,169,174,"null","null","null",4,22.819172,3.0981078,-0.27500108,3.151092,-1.5045799,-16731116
169,168,170,173,"null","null","null",3,22.819172,2.361208,-0.66485816,3.8027484,-0.32388195,-16731116
170,169,171,172,"null","null","null",2,22.819172,1.7788337,-1.9610533,3.6551347,-0.55929923,-16731116
176,156,177,184,"null","null","null",5,22.819172,3.1657705,-1.1971791,0.31716174,-2.9699724,-12486656
177,176,178,183,"null","null","null",4,22.819172,3.5147936,-0.39551836,1.6992391,-2.2791753,-12486656
178,177,179,182,"null","null","null",3,22.819172,3.0981078,-0.60428894,3.0448937,-1.5045799,-11184866
179,178,180,181,"null","null","null",2,22.819172,2.361208,-0.6619245,3.6646907,-0.32388195,-3014646
185,155,186,189,"null","null","null",4,11.6815,1.7924224,-2.3054059,0.6001814,-3.6229596,-16731116
186,185,187,188,"null","null","null",2,11.6815,2.875566,-1.1971791,0.6376135,-3.1081529,-16731116
189,185,190,191,"null","null","null",2,11.6815,0.52348137,-3.7907991,2.0102262,-1.4433496,-16731116
192,154,193,196,"null","null","null",4,26.420994,0.3578288,-2.7521274,0.90259826,-3.625101,-16731116
193,192,194,195,"null","null","null",2,5.84075,1.0880233,-2.1365554,0.46288532,-3.8261666,-11513776
196,192,197,198,"null","null","null",2,5.84075,0.86650574,-3.4392252,2.4198842,-0.38339537,-16731116
199,121,200,205,"null","null","null",4,11.6815,0.4520018,-2.6608248,0.88575745,-3.4827118,-16731116
200,199,201,204,"null","null","null",3,11.6815,1.9703076,-2.0763667,0.4839735,-3.5523167,-16731116
201,200,202,203,"null","null","null",2,11.6815,3.0051708,-1.0892029,0.6459124,-2.9852307,-11513776
