index,parent,child1,child2,name1,name2,common,richness,lengthbr,hxmax,hxmin,hymax,hymin,color
0,-268228509,1,150,"null","null","null",76,0.0,2.3773372,-2.010231,0.50423634,-3.4893117,-16731116
1,0,2,143,"null","null","null",75,0.0,3.430915,-0.80513763,0.6527475,-2.8786826,-16731116
2,1,3,142,"null","null","null",71,0.0,3.6659732,-0.44105422,1.9931548,-2.1905606,-16731116
3,2,4,101,"null","null","null",70,0.0,3.2014802,-0.6278828,3.236018,-1.1166838,-16731116
4,3,5,94,"null","null","null",49,0.0,2.5455363,-1.5425397,3.7066271,-0.3719896,-12486656
5,4,6,63,"null","null","null",45,0.0,1.4907099,-2.9319122,3.4028828,-0.59051704,-11184866
6,5,7,58,"null","null","null",29,0.0,0.29948908,-3.6230292,2.742263,-1.0522747,-11184866
7,6,8,37,"null","null","null",26,0.0,0.541974,-3.4929109,1.8458395,-2.543436,-11184866
8,7,9,32,"null","null","null",15,0.0,0.66192484,-2.8537698,0.522323,-3.4364262,-16777216
9,8,10,27,"null","null","null",12,0.0,2.1597354,-2.0484684,0.48397338,-3.4921455,-16777216
10,9,11,22,"null","null","null",9,0.0,3.2514277,-0.8866515,0.6459124,-2.9070082,-16777216
11,10,12,21,"null","null","null",6,0.0,3.5280137,-0.4185698,1.7065823,-2.238161,-16777216
12,11,13,20,"null","null","null",5,0.0,3.065712,-0.6167603,2.9604197,-1.4052806,-16777216
13,12,14,19,"null","null","null",4,0.0,2.3408208,-1.3545772,3.4508257,-0.34808022,-16777216
14,13,15,18,"null","null","null",3,0.0,1.6917281,-2.7746239,3.1313145,-0.5755012,-16777216
15,14,16,17,"null","null","null",2,0.0,0.5272817,-3.5245032,2.3807092,-0.665,-16777216
22,10,23,26,"null","null","null",3,0.0,0.35782874,-2.752129,0.90259826,-3.6250997,-16777216
23,22,24,25,"null","null","null",2,0.0,1.0880196,-2.1365566,0.4628849,-3.8261666,-16777216
27,9,28,31,"null","null","null",3,0.0,0.48358452,-3.3782616,1.9384005,-2.3110387,-16777216
28,27,29,30,"null","null","null",2,0.0,0.65809226,-2.7162147,0.8675231,-3.23998,-16777216
32,8,33,36,"null","null","null",3,0.0,0.8449204,-3.767136,2.4522898,-0.39556158,-16777216
33,32,34,35,"null","null","null",2,0.0,0.52359635,-3.7564592,1.9384005,-1.6186413,-16777216
37,7,38,57,"null","null","null",11,0.0,1.6917303,-2.8129432,3.4455068,-0.35959825,-11184866
38,37,39,52,"null","null","null",10,0.0,0.33848858,-3.5743213,2.7891593,-0.90351766,-11184866
39,38,40,51,"null","null","null",7,0.0,0.52359635,-3.5057998,1.9384005,-2.424149,-11184866
40,39,41,50,"null","null","null",6,0.0,0.65809226,-2.8820148,0.8675231,-3.3870234,-11184866
41,40,42,47,"null","null","null",5,0.0,2.1815815,-2.305408,0.4628849,-3.5166674,-11184866
42,41,43,46,"null","null","null",3,0.0,3.381475,-1.1971815,0.6376133,-2.9699733,-16777216
43,42,44,45,"null","null","null",2,0.0,3.795211,-0.3955179,0.64591163,-2.2791758,-16777216
47,41,48,49,"null","null","null",2,0.0,0.5234822,-3.7908006,2.010228,-1.4433446,-11184866
52,38,53,56,"null","null","null",3,0.0,2.3612084,-0.66485244,3.8027482,-0.7950951,-16777216
53,52,54,55,"null","null","null",2,0.0,1.7788361,-1.9610482,3.6551366,-0.55929875,-16777216
58,6,59,62,"null","null","null",3,0.0,2.3408217,-0.8562515,3.8025498,-0.76705277,-16777216
59,58,60,61,"null","null","null",2,0.0,1.6917303,-2.1268024,3.5885572,-0.57550085,-16777216
63,5,64,93,"null","null","null",16,0.0,3.1946936,-0.2891283,2.9929976,-1.405283,-8572416
64,63,65,82,"null","null","null",15,0.0,2.5084963,-1.3385757,3.4931798,-0.34807962,-8572416
65,64,66,81,"null","null","null",9,0.0,1.6917303,-2.753824,3.1863766,-0.57550085,-8572416
66,65,67,80,"null","null","null",8,0.0,0.5272839,-3.497466,2.4522898,-0.90351766,-8572416
67,66,68,79,"null","null","null",7,0.0,0.52359635,-3.405888,1.9384005,-2.424149,-8572416
68,67,69,78,"null","null","null",6,0.0,0.65809226,-2.752129,0.8675231,-3.3870234,-8572416
69,68,70,77,"null","null","null",5,0.0,2.1643844,-2.1365566,0.4628849,-3.5166674,-16777216
70,69,71,76,"null","null","null",4,0.0,3.3591185,-1.1971815,0.6376133,-2.9699733,-16777216
71,70,72,75,"null","null","null",3,0.0,3.7661476,-0.3955179,1.2371341,-2.2791758,-16777216
72,71,73,74,"null","null","null",2,0.0,3.4248688,-0.6042887,2.444159,-1.5045819,-16777216
82,64,83,92,"null","null","null",6,0.0,3.5147932,-0.70525986,1.5568624,-2.2791765,-16777216
83,82,84,91,"null","null","null",5,0.0,3.0981088,-0.6042886,2.859807,-1.5045828,-16777216
84,83,85,90,"null","null","null",4,0.0,2.3612084,-1.1773314,3.424081,-0.32388124,-16777216
85,84,86,89,"null","null","null",3,0.0,1.7788361,-2.627271,3.1628695,-0.55929875,-16777216
86,85,87,88,"null","null","null",2,0.0,0.64112955,-3.4392245,2.419885,-0.6642305,-16777216
94,4,95,98,"null","null","null",4,0.0,3.7300887,-0.6717541,1.4251035,-2.4606762,-16731116
95,94,96,97,"null","null","null",2,0.0,3.3284109,-0.61676,2.5944998,-1.405283,-16731116
98,94,99,100,"null","null","null",2,0.0,1.0880178,-2.136557,0.60018253,-3.8261664,-16731116
101,3,102,141,"null","null","null",21,0.0,3.378594,-1.0892061,0.33095554,-2.90701,-16731116
102,101,103,140,"null","null","null",20,0.0,3.6933322,-0.41856924,1.8495879,-2.2381625,-16731116
103,102,104,137,"null","null","null",19,0.0,3.280627,-0.61676,3.1463294,-1.2878759,-16731116
104,103,105,132,"null","null","null",17,0.0,2.6202097,-1.3840522,3.692511,-0.34807962,-16731116
105,104,106,127,"null","null","null",14,0.0,1.5297112,-2.8129432,3.4455068,-0.57550085,-16731116
106,105,107,122,"null","null","null",11,0.0,0.33848858,-3.5743213,2.7891593,-0.90351766,-16731116
107,106,108,121,"null","null","null",8,0.0,0.52359635,-3.5057998,1.9384005,-2.424149,-16731116
108,107,109,118,"null","null","null",7,0.0,0.65809226,-2.8820148,0.5831027,-3.3870234,-16731116
109,108,110,115,"null","null","null",5,0.0,2.1815815,-2.305408,0.4628849,-3.5166674,-16777216
110,109,111,114,"null","null","null",3,0.0,3.381475,-1.1971815,0.6376133,-2.9699733,-16777216
111,110,112,113,"null","null","null",2,0.0,3.795211,-0.3955179,0.64591163,-2.2791758,-16777216
115,109,116,117,"null","null","null",2,0.0,0.5234822,-3.7908006,2.010228,-1.4433446,-16777216
118,108,119,120,"null","null","null",2,0.0,0.8665061,-3.439223,2.4198875,-0.38339514,-16731116
122,106,123,126,"null","null","null",3,0.0,2.3612084,-0.66485244,3.8027482,-0.7950951,-16777216
123,122,124,125,"null","null","null",2,0.0,1.7788361,-1.9610482,3.6551366,-0.55929875,-16777216
127,105,128,131,"null","null","null",3,0.0,3.0981088,-0.27500066,3.04489,-1.5045828,-16731116
128,127,129,130,"null","null","null",2,0.0,2.3612084,-0.6619246,3.6646888,-0.32388124,-16731116
132,104,133,136,"null","null","null",3,0.0,3.7661479,-0.70525986,1.237132,-2.2791765,-16777216
133,132,134,135,"null","null","null",2,0.0,3.4248698,-0.6042886,2.4441574,-1.5045828,-16777216
137,103,138,139,"null","null","null",2,0.0,2.8755617,-1.1971824,0.31716132,-3.1081567,-11184866
143,1,144,147,"null","null","null",4,0.0,0.37080052,-2.745932,0.88575804,-3.6840563,-16731116
144,143,145,146,"null","null","null",2,0.0,1.2662337,-2.0763686,0.48397285,-3.8140674,-16731116
147,143,148,149,"null","null","null",2,0.0,0.844921,-3.524499,2.3807096,-0.39556128,-16731116
