index,parent,child1,child2,name1,name2,common,richness,lengthbr,hxmax,hxmin,hymax,hymin,color
0,-268285866,1,32,"null","null","null",24,24.707495,1.5333198,-2.8931735,3.4028835,-0.590517,-16731116
1,0,2,27,"null","null","null",16,17.552385,0.2994888,-3.57267,2.7422638,-1.052273,-12486656
2,1,3,22,"null","null","null",13,15.406669,0.5419738,-3.4274445,1.7061995,-2.5434349,-12486656
3,2,4,19,"null","null","null",10,13.508872,0.66192484,-2.768664,0.49051046,-3.4364257,-12486656
4,3,5,16,"null","null","null",8,12.269439,2.1597342,-2.2165565,0.48397315,-3.492146,-16731116
5,4,6,13,"null","null","null",6,9.362435,3.251427,-0.87069,0.64591235,-2.9070091,-12486656
6,5,7,12,"null","null","null",4,5.6708083,3.5280137,-0.41856956,1.8652903,-2.2381618,-12486656
7,6,8,11,"null","null","null",3,5.1166306,3.0657125,-0.6167602,3.1667411,-1.4052815,-11184866
8,7,9,10,"null","null","null",2,3.27456,2.3408213,-0.6580918,3.719045,-0.34807998,-11184866
13,5,14,15,"null","null","null",2,3.3033543,0.3578286,-2.7162137,0.9025985,-3.2399807,-16731116
16,4,17,18,"null","null","null",2,3.0372036,0.48358494,-3.7564588,1.9384013,-1.618641,-16731116
19,3,20,21,"null","null","null",2,2.8703432,0.84492064,-3.5245004,2.3807096,-0.39556143,-11184866
22,2,23,26,"null","null","null",3,8.831928,1.691732,-2.774617,3.131315,-0.3595987,-16731116
23,22,24,25,"null","null","null",2,3.7001066,0.5272873,-3.524499,2.3807096,-0.665,-12486656
27,1,28,31,"null","null","null",3,7.556494,2.3408217,-0.85624695,3.8025503,-0.7670531,-12486656
28,27,29,30,"null","null","null",2,3.3712754,1.6917326,-2.1267982,3.5885592,-0.57550055,-12486656
32,0,33,42,"","null","Forest-Rails and Crakes",8,17.7878,3.290564,-0.28912815,2.9604146,-1.2264637,-16731116
33,32,34,39,"null","null","null",5,11.287224,2.6331275,-1.3545666,3.4508238,-0.34807917,-16731116
34,33,35,38,"null","null","null",3,5.3875036,1.6917332,-2.7746146,3.1313152,-0.5755004,-16731116
35,34,36,37,"null","null","null",2,3.5693407,0.52728903,-3.5244977,2.3807096,-0.665,-16731116
39,33,40,41,"null","null","null",2,3.945829,3.79521,-0.7052607,0.5537276,-2.2791777,-12486656
42,32,43,46,"null","null","null",3,7.2356405,3.3814712,-1.1971853,0.31716108,-2.969976,-16731116
43,42,44,45,"null","null","null",2,3.4467492,3.79521,-0.39551705,0.64591193,-2.2791777,-16731116
