index,parent,child1,child2,name1,name2,common,richness,lengthbr,hxmax,hxmin,hymax,hymin,color
0,-268159993,1,104,"null","null","null",65,17.8,3.1915278,-0.6278826,3.1648643,-1.1927587,-16731116
1,0,2,89,"null","null","null",52,13.7,2.5325978,-1.5127401,3.6141288,-0.37198922,-16731116
2,1,3,54,"null","null","null",44,13.5,1.4907116,-2.8931744,3.2826357,-0.5905168,-16731116
3,2,4,29,"null","null","null",26,11.3,0.33634531,-3.5726717,2.5859416,-1.1122012,-16731116
4,3,5,26,"null","null","null",13,10.400001,0.54197377,-3.4274468,1.9094193,-2.6213417,-16731116
5,4,6,25,"null","null","null",11,8.5,0.66192484,-2.7686665,0.7546976,-3.5377054,-16731116
6,5,7,22,"Platyrrhinus","null","Broad-nosed Bats",10,8.3,2.1597314,-2.216559,0.48397276,-3.6238115,-16731116
7,6,8,17,"null","null","null",8,8.3,3.2514253,-0.88665503,0.64591223,-3.078175,-16731116
8,7,9,14,"null","null","null",5,8.3,3.5280132,-0.41856912,1.8652868,-2.4606767,-16731116
9,8,10,13,"null","null","null",3,8.3,3.065713,-0.61675996,3.1667385,-1.4052837,-16731116
10,9,11,12,"null","null","null",2,8.3,2.3408213,-0.6580919,3.7190437,-0.3480795,-16731116
14,8,15,16,"null","null","null",2,8.3,1.0880142,-2.136558,0.6001827,-3.8261666,-16731116
17,7,18,21,"null","null","null",3,8.3,0.35782835,-2.7521315,0.90259886,-3.6250978,-12486656
18,17,19,20,"null","null","null",2,8.3,1.0880142,-2.136558,0.46288425,-3.8261666,-12486656
22,6,23,24,"null","null","null",2,8.3,0.48358572,-3.7564604,1.9384029,-1.6186361,-16731116
26,4,27,28,"Uroderma","null","null",2,8.8,1.6917316,-2.1268003,3.5885587,-0.35959888,-16731116
29,3,30,45,"null","null","null",13,11.3,2.5084972,-1.3385733,3.4508245,-0.76705325,-16731116
30,29,31,44,"null","null","null",8,11.3,1.6917316,-2.753822,3.1313152,-0.5755006,-16731116
31,30,32,43,"null","null","null",7,10.7,0.5272858,-3.4974651,2.38071,-1.044389,-16731116
32,31,33,38,"Vampyressa","null","Yellow-eared Bats",6,10.1,0.52359605,-3.4058878,1.7993848,-2.607283,-16731116
33,32,34,37,"null","null","null",3,5.2,0.6580922,-2.752129,0.8675231,-3.6250997,-12486656
34,33,35,36,"null","null","null",2,3.4,1.0880196,-2.1365566,0.4628849,-3.8261666,-16731116
38,32,39,42,"null","null","null",3,6.0,1.7788374,-2.6272686,3.1628714,-0.40148073,-16731116
39,38,40,41,"null","null","null",2,6.0,0.64113134,-3.439223,2.4198875,-0.66423047,-16731116
45,29,46,53,"Chiroderma","null","Big-eyed Bats",5,4.6,3.514793,-0.70526034,1.6992316,-2.279177,-16731116
46,45,47,50,"null","null","null",4,4.5,3.0981092,-0.60428834,3.0448883,-1.4209479,-16731116
47,46,48,49,"null","null","null",2,2.2,2.3612087,-0.6619246,3.664688,-0.32388085,-12486656
50,46,51,52,"null","null","null",2,2.2,2.738492,-1.3026805,0.3032005,-3.2226999,-16731116
54,2,55,88,"","some","Fruit-eating Bats",18,12.8,3.1946948,-0.2891281,2.992997,-1.4052846,-16731116
55,54,56,73,"Artibeus","null","null",17,8.6,2.5084972,-1.380273,3.4931805,-0.34807926,-16731116
56,55,57,72,"null","null","null",9,5.0,1.6917316,-2.8080316,3.186378,-0.5755006,-16731116
57,56,58,71,"null","null","null",8,4.9,0.5272858,-3.5679376,2.4522915,-0.9518968,-16731116
58,57,59,70,"null","null","null",7,4.0,0.52359605,-3.497502,1.9384017,-2.4870431,-16731116
59,58,60,65,"null","null","null",6,3.8,0.6580922,-2.8712277,0.6457069,-3.4687877,-16731116
60,59,61,64,"null","null","null",3,2.9,1.7924187,-2.1365566,0.4628849,-3.622961,-16731116
61,60,62,63,"null","null","null",2,2.3,2.8755634,-1.1971815,0.6376133,-3.1081553,-16731116
65,59,66,69,"null","null","null",3,3.8,0.8665061,-3.731466,2.560747,-0.38339514,-16731116
66,65,67,68,"null","null","null",2,3.8,0.50423723,-3.7908006,2.010228,-1.4433446,-16731116
73,55,74,85,"null","null","null",8,8.0,3.514793,-0.70526034,1.60618,-2.5264792,-16731116
74,73,75,84,"null","null","null",6,8.0,3.0981092,-0.60428834,2.923921,-1.5045842,-16731116
75,74,76,83,"null","null","null",5,6.1,2.3612087,-1.3502535,3.5074308,-0.32388085,-16731116
76,75,77,82,"null","null","null",4,5.4,1.7788374,-2.8520708,3.271225,-0.55929846,-16731116
77,76,78,81,"null","null","null",3,4.2,0.64113134,-3.731466,2.560747,-0.66423047,-16731116
78,77,79,80,"null","null","null",2,4.2,0.50423723,-3.7908006,2.010228,-1.4433446,-16731116
85,73,86,87,"null","null","null",2,8.0,0.90939116,-2.1905596,0.6366819,-3.8270519,-16731116
89,1,90,101,"null","null","null",8,6.1,3.700975,-0.6717546,1.9146976,-2.4606771,-16731116
90,89,91,98,"null","null","null",6,6.1,3.2905638,-0.6167598,3.2309737,-1.2878778,-16731116
91,90,92,95,"null","null","null",4,5.6,2.6331272,-0.85624886,3.8025503,-0.34807926,-16731116
92,91,93,94,"null","null","null",2,5.6,1.6917316,-2.1268003,3.5885587,-0.5755006,-12486656
95,91,96,97,"null","null","null",2,2.0,3.7952104,-0.70526034,0.55373156,-2.279177,-16731116
98,90,99,100,"null","null","null",2,4.1,2.8755598,-1.197184,0.3171611,-3.108158,-16731116
101,89,102,103,"null","null","null",2,6.1,1.0880151,-2.136558,0.6001831,-3.8261666,-16731116
104,0,105,126,"Sturnira","null","Yellow-shouldered Bats",13,16.0,3.3785927,-0.92879367,0.33095533,-3.0781758,-16731116
105,104,106,123,"null","null","null",11,8.1,3.6933322,-0.41856888,1.7065759,-2.4606771,-16731116
106,105,107,118,"null","null","null",9,6.8,3.2806282,-0.6167598,2.9604154,-1.2264631,-16731116
107,106,108,113,"null","null","null",6,6.8,2.6202106,-1.35457,3.4508245,-0.34807926,-16731116
108,107,109,112,"null","null","null",3,6.8,1.6917316,-2.774618,3.1313152,-0.5755006,-16731116
109,108,110,111,"null","null","null",2,2.8,0.5272858,-3.5244997,2.38071,-0.665,-16731116
113,107,114,117,"null","null","null",3,6.8,3.7661486,-0.70526034,1.2371293,-2.279177,-12486656
114,113,115,116,"null","null","null",2,6.8,3.4248714,-0.60428834,2.4441552,-1.5045842,-12486656
118,106,119,122,"null","null","null",3,6.8,3.3814723,-1.197184,0.3171611,-2.969975,-16731116
119,118,120,121,"null","null","null",2,6.8,3.7952104,-0.3955173,0.6459119,-2.279177,-16731116
123,105,124,125,"null","null","null",2,8.0,1.0880151,-2.136558,0.6001831,-3.8261666,-16731116
126,104,127,128,"null","null","null",2,12.4,0.3578282,-2.7162182,0.902599,-3.2399771,-12486656
