index,parent,child1,child2,name1,name2,common,richness,lengthbr,hxmax,hxmin,hymax,hymin,color
0,-268396538,1,156,"null","null","null",85,30.375257,0.40148032,-3.4181552,1.7338032,-2.6926076,-8572416
1,0,2,119,"","null","Harlequin Frogs and more",78,29.787653,0.7901181,-2.7517564,0.5171489,-3.5241625,-8572416
2,1,3,104,"null","null","null",59,29.787653,2.345897,-1.9577118,0.5042372,-3.5213065,-8572416
3,2,4,89,"null","null","null",51,29.787653,3.3900387,-0.79559636,0.65274775,-2.9202747,-8572416
4,3,5,64,"null","null","null",43,29.787653,3.61283,-0.44105512,1.993161,-2.3023288,-8572416
5,4,6,63,"null","null","null",30,29.787653,3.132392,-0.6278832,3.236022,-1.3026786,-8572416
6,5,7,36,"null","null","null",29,29.787653,2.4557228,-1.542546,3.7066278,-0.37199056,-8572416
7,6,8,31,"null","null","null",15,29.787653,1.4333814,-2.931917,3.4028811,-0.59051764,-8572416
8,7,9,26,"null","null","null",12,29.787653,0.29949006,-3.623031,2.7422612,-1.0522804,-8572416
9,8,10,23,"null","null","null",9,29.787653,0.5419747,-3.49291,1.9094133,-2.5434403,-8572416
10,9,11,18,"null","null","null",7,29.787653,0.72913146,-2.8537683,0.52231866,-3.4364276,-8572416
11,10,12,17,"null","null","null",4,29.787653,2.330574,-2.0763643,0.48397422,-3.492144,-8572416
12,11,13,16,"null","null","null",3,29.787653,3.4735134,-1.0891994,0.64591277,-2.9070053,-8572416
13,12,14,15,"null","null","null",2,29.787653,3.816721,-0.41857076,0.7310724,-2.2381592,-8572416
18,10,19,22,"null","null","null",3,29.787653,0.84491944,-3.7671363,2.4522867,-0.39556205,-8572416
19,18,20,21,"null","null","null",2,29.787653,0.5235968,-3.7564573,1.9383985,-1.6186471,-8572416
23,9,24,25,"null","null","null",2,29.787653,1.6917281,-2.1268067,3.5885556,-0.35959655,-11184866
26,8,27,30,"null","null","null",3,29.787653,2.3408208,-0.85625637,3.8025498,-0.7670516,-3014646
27,26,28,29,"null","null","null",2,29.787653,1.6917281,-2.1268067,3.5885556,-0.5755012,-3014646
31,7,32,35,"null","null","null",3,29.787653,3.065712,-0.2891289,3.1667423,-1.4052806,-3014646
32,31,33,34,"null","null","null",2,29.787653,2.3408208,-0.6580918,3.7190452,-0.34808022,-3014646
36,6,37,52,"null","null","null",14,29.787653,3.5280137,-0.67175275,1.7316434,-2.3231192,-8572416
37,36,38,49,"null","null","null",8,29.787653,3.065712,-0.6167603,2.9929993,-1.2878731,-8572416
38,37,39,48,"null","null","null",6,29.787653,2.3408208,-1.4981474,3.4931793,-0.34808022,-3014646
39,38,40,45,"null","null","null",5,29.787653,1.6749359,-2.9612648,3.1863742,-0.5755012,-3014646
40,39,41,44,"null","null","null",3,29.787653,0.5272817,-3.7671363,2.4522867,-0.665,-3014646
41,40,42,43,"null","null","null",2,29.787653,0.5235968,-3.7564573,1.9383985,-1.6186471,-3014646
45,39,46,47,"null","null","null",2,29.787653,3.4248688,-0.27500102,2.444159,-1.5045819,-3014646
49,37,50,51,"null","null","null",2,29.787653,2.8755634,-1.1971815,0.31716168,-3.1081553,-8572416
52,36,53,60,"null","null","null",6,29.787653,2.1643844,-2.305408,0.6001816,-3.5166674,-3014646
53,52,54,59,"null","null","null",4,29.787653,3.3591185,-1.1971815,0.6376133,-2.9699733,-3014646
54,53,55,58,"null","null","null",3,29.787653,3.7661476,-0.3955179,1.2371341,-2.2791758,-3014646
55,54,56,57,"null","null","null",2,29.787653,3.4248688,-0.6042887,2.444159,-1.5045819,-3014646
60,52,61,62,"null","null","null",2,29.787653,0.5234822,-3.7908006,2.010228,-1.4433446,-3014646
64,4,65,80,"null","null","null",13,29.787653,2.1597354,-2.0607467,0.5623988,-3.6238103,-8572416
65,64,66,77,"null","null","null",8,29.787653,3.2514277,-0.8706895,0.6459124,-3.0781724,-3014646
66,65,67,74,"null","null","null",6,29.787653,3.5280137,-0.4185698,1.8652921,-2.4606745,-3014646
67,66,68,71,"null","null","null",4,29.787653,3.065712,-0.6167603,3.1667423,-1.2878731,-3014646
68,67,69,70,"null","null","null",2,29.787653,2.3408208,-0.6580918,3.7190452,-0.34808022,-3014646
71,67,72,73,"null","null","null",2,29.787653,2.8755634,-1.1971815,0.31716168,-3.1081553,-3014646
74,66,75,76,"null","null","null",2,29.787653,1.0880196,-2.1365566,0.6001816,-3.8261666,-3014646
77,65,78,79,"null","null","null",2,29.787653,0.35782874,-2.7162147,0.90259826,-3.23998,-3014646
80,64,81,86,"null","null","null",5,29.787653,0.48358452,-3.405888,2.0181682,-2.6072845,-8572416
81,80,82,85,"null","null","null",3,29.787653,0.65809226,-2.752129,0.8675231,-3.6250997,-8572416
82,81,83,84,"null","null","null",2,29.787653,1.0880196,-2.1365566,0.4628849,-3.8261666,-3014646
86,80,87,88,"null","null","null",2,29.787653,1.7788361,-1.9610482,3.6551366,-0.40148008,-3014646
89,3,90,97,"null","null","null",8,29.787653,0.7291248,-2.7244716,0.8857573,-3.4364262,-3014646
90,89,91,96,"null","null","null",4,29.787653,2.3305678,-2.076367,0.48397338,-3.4921455,-3014646
91,90,92,95,"null","null","null",3,29.787653,3.4735096,-1.0892038,0.6459124,-2.9070082,-3014646
92,91,93,94,"null","null","null",2,29.787653,3.8167202,-0.4185698,0.73106515,-2.238161,-3014646
97,89,98,103,"null","null","null",4,29.787653,0.8449204,-3.476215,2.4522898,-0.81650966,-3014646
98,97,99,102,"null","null","null",3,29.787653,0.52359635,-3.3782616,1.9384005,-2.3110387,-3014646
99,98,100,101,"null","null","null",2,29.787653,0.65809226,-2.7162147,0.8675231,-3.23998,-3014646
104,2,105,118,"null","null","null",8,29.787653,0.44286364,-3.3444917,1.8611686,-2.6213453,-8572416
105,104,106,117,"null","null","null",7,29.787653,0.6896925,-2.660825,0.7546941,-3.5377066,-8572416
106,105,107,116,"null","null","null",6,29.787653,2.279306,-2.076367,0.48397338,-3.6238103,-8572416
107,106,108,115,"null","null","null",5,29.787653,3.4068692,-1.0892038,0.6459124,-3.0781724,-3014646
108,107,109,112,"null","null","null",4,29.787653,3.7300878,-0.4185698,1.4251086,-2.4606745,-3014646
109,108,110,111,"null","null","null",2,29.787653,3.3284082,-0.6167603,2.5945039,-1.4052806,-3014646
112,108,113,114,"null","null","null",2,29.787653,1.0880196,-2.1365566,0.6001816,-3.8261666,-3014646
119,1,120,139,"null","null","null",19,29.787653,0.82108533,-3.6230302,2.6047645,-1.0522765,-8572416
120,119,121,134,"null","null","null",10,29.787653,0.5419743,-3.4929109,1.7061975,-2.5434372,-8572416
121,120,122,129,"null","null","null",7,29.787653,0.7291248,-2.8537698,0.522323,-3.4364262,-3014646
122,121,123,128,"null","null","null",4,29.787653,2.3305678,-2.076367,0.48397338,-3.4921455,-3014646
123,122,124,127,"null","null","null",3,29.787653,3.4735096,-1.0892038,0.6459124,-2.9070082,-3014646
124,123,125,126,"null","null","null",2,29.787653,3.8167202,-0.4185698,0.73106515,-2.238161,-3014646
129,121,130,133,"null","null","null",3,29.787653,0.8449204,-3.767136,2.4522898,-0.39556158,-3014646
130,129,131,132,"null","null","null",2,29.787653,0.52359635,-3.7564592,1.9384005,-1.6186413,-3014646
134,120,135,138,"null","null","null",3,29.787653,1.691729,-2.774622,3.131315,-0.35959762,-8572416
135,134,136,137,"null","null","null",2,29.787653,0.52728236,-3.524502,2.38071,-0.665,-3014646
139,119,140,151,"null","null","null",9,29.787653,2.6202087,-1.4981455,3.4931798,-0.76705235,-8572416
140,139,141,146,"null","null","null",6,29.787653,1.5297099,-2.9612634,3.1863751,-0.5755011,-3014646
141,140,142,145,"null","null","null",3,29.787653,0.52728236,-3.7671359,2.4522882,-0.665,-3014646
142,141,143,144,"null","null","null",2,29.787653,0.5235966,-3.7564578,1.9383993,-1.6186452,-3014646
146,140,147,150,"null","null","null",3,29.787653,3.0981085,-0.27500087,3.0448916,-1.5045813,-3014646
147,146,148,149,"null","null","null",2,29.787653,2.3612084,-0.66192454,3.6646895,-0.3238816,-3014646
151,139,152,155,"null","null","null",3,29.787653,3.7661476,-0.7052593,1.2371349,-2.2791758,-8572416
152,151,153,154,"null","null","null",2,29.787653,3.4248686,-0.6042887,2.4441597,-1.5045813,-8572416
156,0,157,168,"null","null","null",7,30.375257,1.6001905,-2.8440928,3.3743331,-0.31738126,-11184866
157,156,158,165,"","null","Plump Toads",6,12.250603,0.29948983,-3.5088608,2.7051487,-1.1988066,-11184866
158,157,159,164,"null","null","null",4,12.250603,0.54197454,-3.3444896,1.8611674,-2.7339253,-11184866
159,158,160,163,"null","null","null",3,12.250603,0.66192496,-2.6608222,0.75469065,-3.6840591,-11184866
160,159,161,162,"null","null","null",2,12.250603,1.2662436,-2.076365,0.483974,-3.814066,-12486656
165,157,166,167,"null","null","null",2,12.250603,2.340821,-0.4290238,3.7190456,-0.76705194,-8572416
