index,parent,child1,child2,name1,name2,common,richness,lengthbr,hxmax,hxmin,hymax,hymin,color
0,-268050428,1,44,"null","null","null",33,40.090363,3.3900363,-0.7955997,0.6527475,-2.9202788,-16731116
1,0,2,23,"null","null","null",22,35.646694,3.6128306,-0.44105422,1.8643985,-2.3023322,-16731116
2,1,3,20,"null","null","null",11,27.261106,3.1323948,-0.6278828,3.0686347,-1.1514504,-16731116
3,2,4,13,"null","null","null",9,27.261106,2.4557252,-1.6418878,3.489029,-0.3719896,-16731116
4,3,5,10,"null","null","null",5,27.261106,1.5501398,-3.061065,3.1200051,-0.59051704,-16731116
5,4,6,9,"null","null","null",3,27.261106,0.4136026,-3.7909276,2.3745222,-0.66423035,-16731116
6,5,7,8,"null","null","null",2,27.261106,0.541974,-3.7111788,1.8611698,-1.7914344,-16731116
10,4,11,12,"null","null","null",2,27.261106,3.3284109,-0.2891283,2.5944998,-1.405283,-12486656
13,3,14,19,"null","null","null",4,27.261106,3.5280137,-0.6717541,1.8652878,-2.2381625,-16731116
14,13,15,18,"null","null","null",3,27.261106,3.0657134,-0.61676,3.1667395,-1.405283,-12486656
15,14,16,17,"null","null","null",2,27.261106,2.3408217,-0.6580919,3.7190442,-0.34807962,-12486656
20,2,21,22,"null","null","null",2,27.261106,3.005167,-1.0892061,0.33095554,-2.9852347,-11184866
23,1,24,41,"null","null","null",11,28.250319,2.159732,-2.216558,0.56240034,-3.6238112,-16731116
24,23,25,36,"null","null","null",9,26.177547,3.2514257,-0.8866538,0.64591223,-3.0781746,-16731116
25,24,26,33,"null","null","null",6,26.177547,3.5280137,-0.41856924,1.9146993,-2.4606762,-16731116
26,25,27,32,"null","null","null",4,26.177547,3.0657134,-0.61676,3.2309744,-1.405283,-16731116
27,26,28,31,"null","null","null",3,26.177547,2.3408217,-0.8562515,3.8025498,-0.34807962,-16731116
28,27,29,30,"null","null","null",2,26.177547,1.6917303,-2.1268024,3.5885572,-0.57550085,-11513776
33,25,34,35,"null","null","null",2,26.177547,1.0880178,-2.136557,0.60018253,-3.8261664,-16731116
36,24,37,40,"null","null","null",3,26.177547,0.3578284,-2.7521296,0.90259874,-3.6250987,-12486656
37,36,38,39,"null","null","null",2,26.177547,1.0880178,-2.136557,0.46288466,-3.8261664,-16731116
41,23,42,43,"null","null","null",2,7.880227,0.48358554,-3.7564592,1.9384025,-1.6186383,-12486656
44,0,45,56,"null","null","null",11,27.261106,0.6896894,-2.7244718,0.88575804,-3.5377054,-12486656
45,44,46,55,"null","null","null",6,27.261106,2.2793033,-2.0763686,0.48397285,-3.6238112,-16731116
46,45,47,54,"null","null","null",5,27.261106,3.4068682,-1.0892061,0.64591223,-3.0781746,-12486656
47,46,48,51,"null","null","null",4,27.261106,3.7300887,-0.41856924,1.4251035,-2.4606762,-12486656
48,47,49,50,"null","null","null",2,27.261106,3.3284109,-0.61676,2.5944998,-1.405283,-12486656
51,47,52,53,"null","null","null",2,27.261106,1.0880178,-2.136557,0.60018253,-3.8261664,-16731116
56,44,57,64,"null","null","null",5,27.261106,0.844921,-3.4762137,2.5136533,-0.8165059,-12486656
57,56,58,61,"null","null","null",4,27.261106,0.5235958,-3.378262,2.0181713,-2.3110356,-12486656
58,57,59,60,"null","null","null",2,27.261106,0.65809214,-2.716216,0.86752415,-3.2399788,-16731116
61,57,62,63,"null","null","null",2,27.261106,1.7788391,-1.9610422,3.6551392,-0.40148115,-8572416
