index,parent,child1,child2,name1,name2,common,richness,lengthbr,hxmax,hxmin,hymax,hymin,color
0,-268435455,1,171,"","null","Mammals",5020,166.2,1.2213017,-2.5519607,0.7950965,-3.6018014,-16731116
1,0,2,-268126208,"null","null","null",5016,147.1,2.684437,-1.6994904,0.5592977,-3.39391,-16731116
2,1,3,-268127232,"Eutheria","null","Placental mammals",4716,98.9,3.5135477,-0.5171548,0.7901093,-2.7202377,-16731116
3,2,4,-268128256,"null","null","null",4647,98.700005,3.5075116,-0.50423604,2.345889,-1.9868128,-16731116
4,3,5,-268163072,"Boreoeutheria","null","null",4618,96.200005,2.9023428,-0.65274733,3.390035,-0.80495095,-16731116
5,4,6,-268171264,"Euarchontoglires","null","null",2554,91.9,2.279014,-1.9639401,3.6128316,-0.44105357,-16731116
6,5,7,-268172288,"null","null","null",2181,89.0,1.1457356,-3.1980426,3.1323977,-0.62788236,-16731116
7,6,8,-268178432,"RODENTIA","null","Rodents",2095,82.6,0.3719885,-3.6572638,2.4557276,-1.5115343,-16731116
8,7,9,-268182528,"null","null","null",1791,82.4,0.5905163,-3.338713,1.4907149,-2.8916094,-16731116
9,8,10,-268183552,"null","null","null",1554,78.0,1.1121973,-2.6588416,0.3917389,-3.5706406,-16731116
10,9,11,154,"null","null","null",1456,77.2,2.621339,-1.845844,0.54197323,-3.424809,-16731116
11,10,12,-268184576,"MYOMORPHA","null","Mouse-like Rodents",1447,70.299995,3.537705,-0.6447601,0.6619247,-2.7652378,-16731116
12,11,13,-268188672,"Muroidea","null","Hamsters, Gerbils, True Mice, Rats and more",1396,48.0,3.6238122,-0.48397243,2.2360013,-2.065927,-16731116
13,12,14,-268195840,"null","null","null",1165,48.0,3.0781763,-0.6459121,3.3505776,-0.91103727,-16731116
14,13,15,151,"null","null","null",712,48.0,2.4606776,-1.8186066,3.6569128,-0.4185688,-16731116
15,14,16,114,"null","null","null",710,48.0,1.2656686,-3.1060557,3.233283,-0.6167598,-16731116
16,15,17,-268197888,"null","null","null",691,48.0,0.34807912,-3.6401577,2.558662,-1.3476453,-16731116
17,16,18,-268198912,"null","null","null",577,29.400002,0.5755005,-3.3774486,1.6246535,-2.7656162,-16731116
18,17,19,-268199936,"null","null","null",497,29.4,0.9035123,-2.700683,0.42326963,-3.5127983,-16731116
19,18,20,-268204032,"null","null","null",439,29.4,2.4241447,-1.9051414,0.52359563,-3.4258225,-16731116
20,19,21,68,"null","null","null",235,29.4,3.387022,-0.72600394,0.65809214,-2.7780447,-16731116
21,20,22,42,"null","null","null",123,29.400002,3.5166676,-0.4628845,2.0824375,-2.1702456,-16731116
22,21,-268118016,23,"null","null","null",86,29.400002,2.9699745,-0.6376131,3.2525897,-1.0306139,-16731116
23,22,24,41,"null","null","null",10,15.3,3.3252745,-0.97917616,0.34452927,-2.895836,-12486656
24,23,25,36,"null","null","null",9,15.3,3.5286393,-0.44105446,1.8643999,-2.2705572,-12486656
25,24,26,33,"null","null","null",6,15.3,3.0229454,-0.6278829,3.068636,-1.1514497,-16731116
26,25,27,32,"null","null","null",4,15.3,2.3134413,-1.5287691,3.4890292,-0.37198985,-12486656
27,26,28,31,"null","null","null",3,15.3,1.6001925,-2.9140096,3.1200047,-0.59051716,-12486656
28,27,29,30,"null","null","null",2,15.3,0.4136023,-3.5997548,2.3745217,-0.66423035,-12486656
33,25,34,35,"null","null","null",2,15.3,3.005166,-1.0892072,0.33095568,-2.9852352,-16731116
36,24,37,40,"null","null","null",3,15.3,1.9703012,-2.076369,0.5624,-3.5523193,-11184866
37,36,38,39,"null","null","null",2,4.6,3.005166,-1.0892072,0.64591223,-2.9852352,-8572416
42,21,-268119040,43,"null","null","null",37,26.2,2.3908195,-2.0236783,0.5234829,-3.4866824,-16731116
43,42,44,63,"null","null","null",13,26.2,0.4428649,-3.4929113,1.7061999,-2.5434334,-16731116
44,43,45,58,"null","null","null",10,26.199999,0.66192484,-2.8537707,0.5223269,-3.4364245,-16731116
45,44,46,55,"null","null","null",7,26.2,2.1597314,-2.216559,0.48397276,-3.4921463,-16731116
46,45,47,54,"null","null","null",5,26.2,3.2514253,-1.0892072,0.64591223,-2.90701,-16731116
47,46,48,53,"Mallomys","some","Woolly Rats",4,9.3,3.5280132,-0.41856912,1.8652868,-2.2381623,-16731116
48,47,49,52,"null","null","null",3,9.3,3.065713,-0.61675996,3.1667385,-1.4052837,-12486656
49,48,50,51,"null","null","null",2,9.3,2.3408213,-0.6580919,3.7190437,-0.3480795,-12486656
55,45,56,57,"Macruromys","null","Small-toothed Rats",2,4.6,0.48358572,-3.7564604,1.9384029,-1.6186361,-16731116
58,44,59,62,"Chiruromys","some","Tree Mice",3,7.4,0.8449211,-3.7671354,2.4522934,-0.39556122,-16731116
59,58,60,61,"null","null","null",2,7.4,0.52359575,-3.7564604,1.9384029,-1.6186361,-16731116
63,43,64,67,"","some","Giant Rats",3,26.2,1.6917316,-2.774618,3.1313152,-0.35959888,-16731116
64,63,65,66,"Hyomys","null","null",2,4.6,0.5272858,-3.5244997,2.38071,-0.665,-16731116
68,20,69,111,"null","null","null",112,29.4,0.7901137,-2.7414122,0.8665066,-3.5076966,-16731116
69,68,70,106,"null","null","null",110,29.4,2.3458931,-1.9270685,0.5042366,-3.4999032,-16731116
70,69,-268205056,71,"null","null","null",107,29.4,3.3900366,-0.7997968,0.6527476,-2.892451,-16731116
71,70,72,93,"null","null","null",18,29.4,0.5977107,-2.7339172,0.8857578,-3.5377054,-16731116
72,71,73,86,"null","null","null",11,19.8,2.1597314,-2.0607495,0.48397276,-3.6238115,-16731116
73,72,74,83,"","some","Rock Rats",7,19.8,3.2514253,-0.87069386,0.64591223,-3.078175,-16731116
74,73,75,80,"null","null","null",5,19.8,3.5280132,-0.41856912,1.8652868,-2.4606767,-16731116
75,74,76,79,"null","null","null",3,19.8,3.065713,-0.61675996,3.1667385,-1.4052837,-16731116
76,75,77,78,"null","null","null",2,19.8,2.3408213,-0.6580919,3.7190437,-0.3480795,-16777216
80,74,81,82,"null","null","null",2,19.8,1.0880142,-2.136558,0.6001827,-3.8261666,-16731116
83,73,84,85,"null","null","null",2,19.8,0.35782835,-2.716219,0.90259886,-3.239977,-16731116
86,72,87,92,"null","null","null",4,19.8,0.48358572,-3.4058893,1.9384029,-2.6072805,-16731116
87,86,88,91,"null","null","null",3,19.8,0.65809214,-2.7521315,0.8675264,-3.6250978,-16731116
88,87,89,90,"null","null","null",2,5.0,1.0880142,-2.136558,0.46288425,-3.8261666,-16731116
93,71,94,103,"null","null","null",7,21.5,0.8449211,-3.4974651,2.7278004,-0.9518948,-16731116
94,93,95,102,"Pelomys","null","Groove-toothed Swamp Rats",5,20.6,0.52359575,-3.4058893,1.9384029,-2.4870417,-16731116
95,94,96,101,"null","null","null",4,20.6,0.65809214,-2.7521315,0.8675264,-3.4687872,-16731116
96,95,97,100,"null","null","null",3,20.6,1.7924132,-2.136558,0.46288425,-3.6229632,-16731116
97,96,98,99,"null","null","null",2,20.6,2.875559,-1.1971848,0.637613,-3.1081588,-16731116
103,93,104,105,"Mylomys","null","null",2,5.6,2.361209,-0.4184206,3.6646872,-0.7950959,-16731116
106,69,107,110,"null","null","null",3,29.4,0.4428649,-3.275539,1.861171,-2.4725335,-12486656
107,106,108,109,"null","null","null",2,5.0,0.66192484,-2.5711865,0.7546976,-3.3442545,-11184866
111,68,112,113,"null","null","null",2,5.0,0.82108617,-3.5997534,2.3745224,-0.40725186,-12486656
114,15,115,150,"","null","Blind Mole Rats, Mouse-like Hamsters and more",19,48.0,3.0581865,-0.31716102,3.3135417,-1.1971844,-16731116
115,114,116,135,"null","null","null",18,48.0,2.3938518,-1.606179,3.706901,-0.39551717,-16731116
116,115,117,134,"null","null","null",10,48.0,1.5045848,-2.9239204,3.3478503,-0.6042883,-12486656
117,116,118,129,"Spalax","null","Blind Mole Rats and more",9,21.3,0.32388073,-3.5074306,2.6858726,-1.1974847,-12486656
118,117,119,128,"null","null","null",6,15.7,0.5592984,-3.2712252,1.7788378,-2.653472,-12486656
119,118,120,127,"null","null","null",5,15.7,0.8876251,-2.5607474,0.6411318,-3.473288,-12486656
120,119,121,126,"null","null","null",4,15.7,2.472656,-2.0102282,0.5042372,-3.4551697,-11184866
121,120,122,125,"null","null","null",3,15.7,3.5548253,-0.9791728,0.65274775,-2.8342974,-12486656
122,121,123,124,"null","null","null",2,5.8,3.8270524,-0.44105512,0.9093949,-2.1905584,-12486656
129,117,130,133,"null","null","null",3,12.7,2.3134418,-1.0472633,3.790334,-0.7370682,-11513776
130,129,131,132,"null","null","null",2,12.7,1.6001918,-2.2880516,3.5117006,-0.5905173,-11513776
135,115,136,147,"Calomyscidae","null","Mouse-like Hamsters",8,10.1,3.5286393,-0.63668215,2.0426874,-2.3868887,-16731116
136,135,137,142,"null","null","null",6,10.1,3.0229454,-0.62788296,3.300409,-1.1166822,-16731116
137,136,138,141,"null","null","null",3,10.1,2.3134418,-1.0472633,3.790334,-0.37198997,-16731116
138,137,139,140,"null","null","null",2,5.2,1.6001918,-2.2880516,3.5117006,-0.5905173,-16731116
142,136,143,146,"null","null","null",3,10.1,3.4735088,-1.0892045,0.33095574,-2.9070091,-16731116
143,142,144,145,"null","null","null",2,5.2,3.81672,-0.41856956,0.73106325,-2.2381618,-16731116
147,135,148,149,"null","null","null",2,10.1,1.2662363,-2.0763676,0.56239974,-3.8140664,-16731116
151,14,152,153,"null","null","null",2,48.0,3.8261666,-0.60018325,1.0880141,-2.136558,-11513776
154,10,155,168,"ANOMALUROMORPHA","null","null",9,54.9,0.3596002,-3.4455087,1.6749446,-2.7374728,-16731116
155,154,156,163,"Anomaluridae","null","Scaly-tailed Squirrels",7,30.1,0.8165023,-2.7891612,0.33849198,-3.4762144,-16731116
156,155,157,160,"Anomalurus","null","null",4,22.7,2.3110323,-2.0181732,0.52359545,-3.3782644,-16731116
157,156,158,159,"null","null","null",2,22.7,3.2399766,-0.8675265,0.6580921,-2.716219,-16731116
160,156,161,162,"null","null","null",2,22.7,0.401482,-3.6551394,1.7788401,-1.9610406,-16731116
163,155,164,167,"null","null","null",3,18.0,0.7950963,-3.802748,2.361209,-0.6648438,-16731116
164,163,165,166,"Idiurus","null","null",2,12.3,0.5592979,-3.6551394,1.7788401,-1.9610406,-16731116
168,154,169,170,"Pedetidae","null","null",2,10.7,1.5045881,-2.4441488,3.4248753,-0.275,-16731116
171,0,172,177,"MONOTREMATA","egg-laying","Monotremes",4,63.600002,0.7370695,-3.489028,2.313443,-1.5287611,-12486656
172,171,173,176,"Tachyglossidae","null","Echidnas",3,13.7,0.59051657,-3.1200056,1.600197,-2.9140031,-11184866
173,172,174,175,"Zaglossus","null","null",2,13.5,0.66423047,-2.3745224,0.41360766,-3.5997515,-3014646
