index,parent,child1,child2,name1,name2,common,richness,lengthbr,hxmax,hxmin,hymax,hymin,color
0,-268116991,1,-268017664,"Caudata","null","Salamanders and Newts",532,246.4,0.73706937,-3.7066278,2.5325985,-1.5125313,-12486656
1,0,2,156,"null","null","null",483,211.3,0.5905167,-3.4028847,1.5078638,-2.8929036,-12486656
2,1,3,149,"null","null","null",369,163.1,1.0751514,-2.7422652,0.39173794,-3.572321,-12486656
3,2,4,144,"null","null","null",365,152.0,2.5731783,-1.706202,0.5419735,-3.4269922,-12486656
4,3,5,143,"PLETHODONTIDAE","null","Lungless Salamanders",362,88.1,3.4750957,-0.6334226,0.6619247,-2.768076,-12486656
5,4,6,106,"null","null","null",278,84.15196,3.5424204,-0.48397237,2.2359993,-2.065929,-11184866
6,5,7,105,"null","null","null",259,83.09337,2.9723673,-0.645912,3.3505762,-1.0892107,-11184866
7,6,8,91,"null","null","null",258,82.6,2.323125,-1.7221403,3.6569128,-0.41856837,-11184866
8,7,9,90,"null","null","null",225,80.564224,1.2900014,-2.9806519,3.2332845,-0.6167594,-11184866
9,8,10,45,"null","null","null",165,75.95068,0.34807852,-3.4771352,2.5586634,-1.353998,-11184866
10,9,11,13,"null","null","null",142,73.71768,0.57550013,-3.1655211,1.5949298,-2.773877,-11184866
11,10,-268013568,12,"null","null","null",92,67.26138,0.9343963,-2.4251776,0.5272892,-3.5235398,-12486656
13,10,-268014592,14,"","null","False Brook Salamanders",50,58.19115,1.3808162,-3.0061488,3.244842,-0.275,-8572416
14,13,15,38,"null","null","null",16,58.19115,3.1323967,-0.30319998,3.2191231,-1.116687,-8572416
15,14,16,31,"null","null","null",12,58.19115,2.455727,-1.6418827,3.6846662,-0.37198898,-8572416
16,15,17,24,"null","null","null",8,58.19115,1.4333893,-3.0610611,3.3743353,-0.59051657,-8572416
17,16,18,21,"null","null","null",4,58.19115,0.29948807,-3.7909272,2.7051506,-0.66423047,-11184866
18,17,19,20,"null","null","null",2,58.19115,0.5419733,-3.711181,1.861173,-1.7914275,-11184866
21,17,22,23,"null","null","null",2,58.19115,2.3408225,-0.42902306,3.7190418,-0.76705396,-3014646
24,16,25,28,"null","null","null",4,58.19115,3.0657148,-0.28912774,3.1667333,-1.287883,-8572416
25,24,26,27,"null","null","null",2,58.19115,2.3408227,-0.6580921,3.7190413,-0.34807846,-3014646
28,24,29,30,"null","null","null",2,58.19115,2.8755538,-1.1971884,0.31716064,-3.1081638,-8572416
31,15,32,37,"null","null","null",4,58.19115,3.5280135,-0.6717553,1.8652799,-2.2381642,-8572416
32,31,33,36,"null","null","null",3,58.19115,3.0657148,-0.61675954,3.1667333,-1.405288,-8572416
33,32,34,35,"null","null","null",2,58.19115,2.3408227,-0.6580921,3.7190413,-0.34807846,-8572416
38,14,39,44,"null","null","null",4,58.19115,3.406868,-1.08921,0.33095518,-2.9070127,-8572416
39,38,40,43,"null","null","null",3,58.19115,3.7300916,-0.4185685,1.4250948,-2.2381642,-8572416
40,39,41,42,"null","null","null",2,58.19115,3.3284163,-0.61675954,2.5944924,-1.405288,-3014646
45,9,46,75,"","null","Minute Salamanders",23,46.640324,2.3938541,-1.6694287,3.6276631,-0.70526135,-8572416
46,45,47,64,"null","null","null",15,46.640324,1.332173,-3.006148,3.2448423,-0.60428786,-8572416
47,46,48,57,"null","null","null",9,46.640324,0.32387975,-3.6143308,2.551961,-1.3502465,-8572416
48,47,49,56,"null","null","null",5,46.640324,0.5592977,-3.4101982,1.7788414,-2.8520653,-8572416
49,48,50,53,"null","null","null",4,46.640324,0.66423047,-2.7414122,0.41482198,-3.7314637,-8572416
50,49,51,52,"null","null","null",2,46.640324,1.4433382,-2.010231,0.50423634,-3.7908013,-8572416
53,49,54,55,"null","null","null",2,46.640324,0.8210864,-3.5997522,2.3745222,-0.40725175,-8572416
57,47,58,63,"null","null","null",4,46.640324,2.313443,-1.5287609,3.4890282,-0.7370695,-8572416
58,57,59,62,"null","null","null",3,46.640324,1.6001972,-2.914003,3.1200058,-0.59051657,-8572416
59,58,60,61,"null","null","null",2,46.640324,0.41360754,-3.5997515,2.3745224,-0.66423047,-8572416
64,46,65,70,"null","null","null",6,46.640324,3.0229478,-0.30319986,3.3004067,-1.1166879,-8572416
65,64,66,69,"null","null","null",3,46.640324,2.3134432,-1.0472512,3.7903357,-0.3719888,-8572416
66,65,67,68,"null","null","null",2,46.640324,1.6001978,-2.2880409,3.5117064,-0.59051645,-8572416
70,64,71,74,"null","null","null",3,46.640324,3.4735038,-1.0892109,0.3309551,-2.9070132,-8572416
71,70,72,73,"null","null","null",2,46.640324,3.816719,-0.4185683,0.7310512,-2.2381644,-8572416
75,45,76,83,"null","null","null",8,46.640324,3.52864,-0.63668334,2.026275,-2.2705612,-8572416
76,75,77,80,"null","null","null",4,46.640324,3.0229478,-0.6278825,3.2790768,-1.1514555,-8572416
77,76,78,79,"null","null","null",2,46.640324,2.3134432,-0.6527475,3.7626069,-0.3719888,-3014646
80,76,81,82,"null","null","null",2,46.640324,3.0051613,-1.0892109,0.3309551,-2.9852405,-8572416
83,75,84,87,"null","null","null",4,46.640324,1.9702954,-2.2165616,0.56240135,-3.5523229,-8572416
84,83,85,86,"null","null","null",2,46.640324,3.0051613,-1.0892109,0.645912,-2.9852405,-3014646
87,83,88,89,"null","null","null",2,46.640324,0.48358685,-3.7564616,1.9384056,-1.6186308,-8572416
90,8,-268015616,-268010496,"null","null","null",60,60.903175,3.1129305,-0.3171607,3.2525868,-1.0703907,-11184866
91,7,-268011520,92,"null","null","null",33,54.6,3.516669,-0.6001842,2.0824316,-2.1562448,-12486656
92,91,93,102,"null","null","null",7,30.386518,2.2960713,-2.1206903,0.52348465,-3.4551735,-12486656
93,92,94,101,"","null","Spring Salamanders",5,25.132309,3.325272,-0.9791807,0.65274733,-2.8343034,-12486656
94,93,95,100,"null","null","null",4,21.647793,3.5286403,-0.4410535,2.0262728,-2.1905627,-11184866
95,94,96,99,"null","null","null",3,21.647793,3.0229487,-0.62788236,3.2790754,-1.3026878,-12486656
96,95,97,98,"null","null","null",2,21.647793,2.3134437,-0.65274763,3.7626066,-0.37198845,-12486656
102,92,103,104,"null","null","null",2,10.823896,0.44286638,-3.711182,1.8611745,-1.7914242,-16731116
106,5,107,142,"","null","Slender Salamanders",19,44.029316,2.5107298,-1.9384054,0.48358673,-3.4175386,-16731116
107,106,108,129,"null","null","null",18,44.029316,3.4995852,-0.68347764,0.658092,-2.767276,-16731116
108,107,109,120,"null","null","null",11,44.029316,3.6630027,-0.4628837,2.164377,-2.1562448,-12486656
109,108,110,117,"null","null","null",6,44.029316,3.1602116,-0.6376127,3.3591154,-1.0122119,-12486656
110,109,111,114,"null","null","null",4,44.029316,2.5264828,-1.237118,3.766151,-0.39551622,-16731116
111,110,112,113,"null","null","null",2,44.029316,1.5045903,-2.4441457,3.4248772,-0.6042876,-16731116
114,110,115,116,"null","null","null",2,44.029316,3.8270519,-0.6366839,0.90937954,-2.1905627,-11513776
117,109,118,119,"null","null","null",2,44.029316,3.1267936,-0.9791807,0.3445286,-2.8544226,-11184866
120,108,121,128,"null","null","null",5,44.029316,2.386995,-2.0102327,0.52348465,-3.4551735,-16731116
121,120,122,127,"null","null","null",4,44.029316,3.4434729,-0.9791807,0.65274733,-2.8343034,-12486656
122,121,123,126,"null","null","null",3,44.029316,3.6823013,-0.4410535,1.6104317,-2.1905627,-16731116
123,122,124,125,"null","null","null",2,44.029316,3.2227082,-0.62788236,2.738482,-1.3026878,-11513776
129,107,130,141,"null","null","null",7,44.029316,0.82172906,-2.6457214,0.8665073,-3.473287,-16731116
130,129,131,138,"null","null","null",6,44.029316,2.386995,-2.1206903,0.504236,-3.4551735,-16731116
131,130,132,137,"null","null","null",4,44.029316,3.4434729,-0.9791807,0.65274733,-2.8343034,-16731116
132,131,133,136,"null","null","null",3,44.029316,3.6823013,-0.4410535,1.6104317,-2.1905627,-16731116
133,132,134,135,"null","null","null",2,44.029316,3.2227082,-0.62788236,2.738482,-1.3026878,-16731116
138,130,139,140,"null","null","null",2,44.029316,0.44286638,-3.711182,1.8611745,-1.7914242,-11184866
143,4,-268016640,-268012544,"null","null","null",84,63.700005,0.9343945,-2.7022557,0.84492147,-3.574321,-16731116
144,3,145,148,"null","null","null",3,28.303724,0.35959998,-3.1313152,1.6917348,-2.7746127,-16731116
145,144,146,147,"null","null","null",2,28.303724,0.665,-2.3807096,0.52729005,-3.5244966,-16731116
149,2,150,153,"","null","Torrent Salamanders",4,38.252815,0.7670537,-3.8025508,2.6331282,-0.8562428,-12486656
150,149,151,152,"null","null","null",2,38.252815,0.5755002,-3.5885608,1.6917344,-2.1267946,-16731116
153,149,154,155,"null","null","null",2,38.252815,2.2791781,-0.5537255,3.7952096,-0.7052612,-12486656
156,1,-268018688,157,"null","null","null",114,206.1,1.2264656,-2.9828098,3.2332845,-0.2891279,-12486656
157,156,158,169,"null","null","null",10,191.90001,2.969977,-0.31716082,3.1657643,-1.0032679,-16731116
158,157,159,168,"PROTEIDAE","null","null",6,139.6,2.2791781,-1.7809198,3.5147924,-0.3955167,-12486656
159,158,160,165,"","null","Waterdogs",5,125.39492,1.4209527,-3.1510856,3.09811,-0.604288,-16731116
160,159,161,164,"null","null","null",3,17.5,0.32388005,-3.8027482,2.3612092,-0.66484165,-12486656
161,160,162,163,"null","null","null",2,17.5,0.5592978,-3.6551402,1.778841,-1.9610385,-16731116
165,159,166,167,"null","null","null",2,54.00465,3.2227044,-0.30320004,2.7384863,-1.3026845,-16731116
169,157,170,173,"SIRENIDAE","null","Sirens",4,115.53531,3.5548213,-0.9169631,0.34452885,-2.834302,-16731116
170,169,171,172,"","null","Dwarf Sirens",2,57.767654,3.827052,-0.441054,0.90938425,-2.1905615,-16731116
173,169,174,175,"null","null","null",2,1.6,0.37080038,-2.571189,0.8857583,-3.3442535,-16731116
