index,parent,child1,child2,name1,name2,common,richness,lengthbr,hxmax,hxmin,hymax,hymin
0,-268348415,1,69,"null","null","null",395,40.878788,2.4892156,-268348415.9128435,0.5235962,-3.4175334
1,0,2,56,"null","null","null",310,39.222046,3.4716105,-0.7637643,0.65809226,-2.7672682
2,1,3,41,"null","null","null",303,39.065887,3.6266298,-0.46288514,2.0824416,-2.1562378
3,2,4,20,"null","null","null",295,38.882942,3.112924,-0.6376134,3.252592,-1.0703816
4,3,-268397568,5,"null","null","null",284,20.4,2.4650118,-1.6611575,3.6276627,-0.39551812
5,4,6,17,"null","null","null",8,15.7,3.6887553,-0.63668066,1.8644047,-2.386887
6,5,7,16,"","null","Asian Tree Toads",6,13.52797,3.2310948,-0.6278832,3.0686388,-1.3026786
7,6,8,13,"null","null","null",5,13.52797,2.5840368,-1.5287743,3.48903,-0.37199056
8,7,9,12,"null","null","null",3,13.52797,1.6001897,-2.9140136,3.1200042,-0.59051764
9,8,10,11,"null","null","null",2,13.52797,0.4135989,-3.5997567,2.3745215,-0.66423035
13,7,14,15,"null","null","null",2,13.52797,3.8167202,-0.67175275,0.73106515,-2.238161
17,5,18,19,"null","null","null",2,5.233333,1.2662381,-2.076367,0.5623988,-3.8140666
20,3,21,36,"null","null","null",11,16.394869,3.448443,-0.91696227,0.3445297,-2.9853194
21,20,22,33,"null","null","null",8,14.21754,3.6887553,-0.44105512,1.8644047,-2.386887
22,21,23,32,"","null","Smalltongue Toads",6,12.250603,3.2310948,-0.6278832,3.0686388,-1.3026786
23,22,24,29,"null","null","null",5,12.250603,2.5840368,-1.5287743,3.48903,-0.37199056
24,23,25,28,"null","null","null",3,12.250603,1.6001897,-2.9140136,3.1200042,-0.59051764
25,24,26,27,"null","null","null",2,12.250603,0.4135989,-3.5997567,2.3745215,-0.66423035
29,23,30,31,"null","null","null",2,12.250603,3.8167202,-0.67175275,0.73106515,-2.238161
33,21,34,35,"","null","African Tree Toads",2,4.73918,1.2662381,-2.076367,0.5623988,-3.8140666
36,20,37,40,"","null","Wolterstorff Toads",3,7.5114226,0.37080103,-2.660825,0.8857573,-3.6840577
37,36,38,39,"null","null","null",2,7.5114226,1.2662381,-2.076367,0.48397338,-3.8140666
41,2,42,49,"null","null","null",8,14.21754,2.472656,-1.9270647,0.5234818,-3.4551697
42,41,43,46,"null","null","null",4,14.21754,3.5548253,-0.72746766,0.65274775,-2.8342974
43,42,44,45,"null","null","null",2,14.21754,3.8270524,-0.44105512,0.9093949,-2.1905584
46,42,47,48,"null","null","null",2,14.21754,0.37080103,-2.571182,0.8857573,-3.3442578
49,41,50,53,"null","null","null",4,14.21754,0.44286364,-3.2755356,1.9094158,-2.4725387
50,49,51,52,"null","null","null",2,14.21754,0.6619249,-2.571182,0.7546941,-3.3442578
53,49,54,55,"null","null","null",2,14.21754,1.691729,-2.1268048,3.5885563,-0.35959762
56,1,57,64,"null","null","null",7,13.304561,0.63435745,-2.8263779,0.866506,-3.4851904
57,56,58,61,"null","null","null",4,13.304561,2.143408,-2.120684,0.5042372,-3.4706426
58,57,59,60,"null","null","null",2,13.304561,3.126803,-0.9791728,0.65274775,-2.8544118
61,57,62,63,"null","null","null",2,13.304561,0.44286364,-3.711179,1.8611686,-1.7914356
64,56,65,68,"null","null","null",3,13.304561,0.82108533,-3.7909288,2.3745222,-0.47381365
65,64,66,67,"null","null","null",2,13.304561,0.5419743,-3.711179,1.8611686,-1.7914356
69,0,70,225,"null","null","null",85,30.375257,0.40148032,-3.4181552,1.7338032,-2.6926076
70,69,71,188,"","null","Harlequin Frogs and more",78,29.787653,0.7901181,-2.7517564,0.5171489,-3.5241625
71,70,72,173,"null","null","null",59,29.787653,2.345897,-1.9577118,0.5042372,-3.5213065
72,71,73,158,"null","null","null",51,29.787653,3.3900387,-0.79559636,0.65274775,-2.9202747
73,72,74,133,"null","null","null",43,29.787653,3.61283,-0.44105512,1.993161,-2.3023288
74,73,75,132,"null","null","null",30,29.787653,3.132392,-0.6278832,3.236022,-1.3026786
75,74,76,105,"null","null","null",29,29.787653,2.4557228,-1.542546,3.7066278,-0.37199056
76,75,77,100,"null","null","null",15,29.787653,1.4333814,-2.931917,3.4028811,-0.59051764
77,76,78,95,"null","null","null",12,29.787653,0.29949006,-3.623031,2.7422612,-1.0522804
78,77,79,92,"null","null","null",9,29.787653,0.5419747,-3.49291,1.9094133,-2.5434403
79,78,80,87,"null","null","null",7,29.787653,0.72913146,-2.8537683,0.52231866,-3.4364276
80,79,81,86,"null","null","null",4,29.787653,2.330574,-2.0763643,0.48397422,-3.492144
81,80,82,85,"null","null","null",3,29.787653,3.4735134,-1.0891994,0.64591277,-2.9070053
82,81,83,84,"null","null","null",2,29.787653,3.816721,-0.41857076,0.7310724,-2.2381592
87,79,88,91,"null","null","null",3,29.787653,0.84491944,-3.7671363,2.4522867,-0.39556205
88,87,89,90,"null","null","null",2,29.787653,0.5235968,-3.7564573,1.9383985,-1.6186471
92,78,93,94,"null","null","null",2,29.787653,1.6917281,-2.1268067,3.5885556,-0.35959655
95,77,96,99,"null","null","null",3,29.787653,2.3408208,-0.85625637,3.8025498,-0.7670516
96,95,97,98,"null","null","null",2,29.787653,1.6917281,-2.1268067,3.5885556,-0.5755012
100,76,101,104,"null","null","null",3,29.787653,3.065712,-0.2891289,3.1667423,-1.4052806
101,100,102,103,"null","null","null",2,29.787653,2.3408208,-0.6580918,3.7190452,-0.34808022
105,75,106,121,"null","null","null",14,29.787653,3.5280137,-0.67175275,1.7316434,-2.3231192
106,105,107,118,"null","null","null",8,29.787653,3.065712,-0.6167603,2.9929993,-1.2878731
107,106,108,117,"null","null","null",6,29.787653,2.3408208,-1.4981474,3.4931793,-0.34808022
108,107,109,114,"null","null","null",5,29.787653,1.6749359,-2.9612648,3.1863742,-0.5755012
109,108,110,113,"null","null","null",3,29.787653,0.5272817,-3.7671363,2.4522867,-0.665
110,109,111,112,"null","null","null",2,29.787653,0.5235968,-3.7564573,1.9383985,-1.6186471
114,108,115,116,"null","null","null",2,29.787653,3.4248688,-0.27500102,2.444159,-1.5045819
118,106,119,120,"null","null","null",2,29.787653,2.8755634,-1.1971815,0.31716168,-3.1081553
121,105,122,129,"null","null","null",6,29.787653,2.1643844,-2.305408,0.6001816,-3.5166674
122,121,123,128,"null","null","null",4,29.787653,3.3591185,-1.1971815,0.6376133,-2.9699733
123,122,124,127,"null","null","null",3,29.787653,3.7661476,-0.3955179,1.2371341,-2.2791758
124,123,125,126,"null","null","null",2,29.787653,3.4248688,-0.6042887,2.444159,-1.5045819
129,121,130,131,"null","null","null",2,29.787653,0.5234822,-3.7908006,2.010228,-1.4433446
133,73,134,149,"null","null","null",13,29.787653,2.1597354,-2.0607467,0.5623988,-3.6238103
134,133,135,146,"null","null","null",8,29.787653,3.2514277,-0.8706895,0.6459124,-3.0781724
135,134,136,143,"null","null","null",6,29.787653,3.5280137,-0.4185698,1.8652921,-2.4606745
136,135,137,140,"null","null","null",4,29.787653,3.065712,-0.6167603,3.1667423,-1.2878731
137,136,138,139,"null","null","null",2,29.787653,2.3408208,-0.6580918,3.7190452,-0.34808022
140,136,141,142,"null","null","null",2,29.787653,2.8755634,-1.1971815,0.31716168,-3.1081553
143,135,144,145,"null","null","null",2,29.787653,1.0880196,-2.1365566,0.6001816,-3.8261666
146,134,147,148,"null","null","null",2,29.787653,0.35782874,-2.7162147,0.90259826,-3.23998
149,133,150,155,"null","null","null",5,29.787653,0.48358452,-3.405888,2.0181682,-2.6072845
150,149,151,154,"null","null","null",3,29.787653,0.65809226,-2.752129,0.8675231,-3.6250997
151,150,152,153,"null","null","null",2,29.787653,1.0880196,-2.1365566,0.4628849,-3.8261666
155,149,156,157,"null","null","null",2,29.787653,1.7788361,-1.9610482,3.6551366,-0.40148008
158,72,159,166,"null","null","null",8,29.787653,0.7291248,-2.7244716,0.8857573,-3.4364262
159,158,160,165,"null","null","null",4,29.787653,2.3305678,-2.076367,0.48397338,-3.4921455
160,159,161,164,"null","null","null",3,29.787653,3.4735096,-1.0892038,0.6459124,-2.9070082
161,160,162,163,"null","null","null",2,29.787653,3.8167202,-0.4185698,0.73106515,-2.238161
166,158,167,172,"null","null","null",4,29.787653,0.8449204,-3.476215,2.4522898,-0.81650966
167,166,168,171,"null","null","null",3,29.787653,0.52359635,-3.3782616,1.9384005,-2.3110387
168,167,169,170,"null","null","null",2,29.787653,0.65809226,-2.7162147,0.8675231,-3.23998
173,71,174,187,"null","null","null",8,29.787653,0.44286364,-3.3444917,1.8611686,-2.6213453
174,173,175,186,"null","null","null",7,29.787653,0.6896925,-2.660825,0.7546941,-3.5377066
175,174,176,185,"null","null","null",6,29.787653,2.279306,-2.076367,0.48397338,-3.6238103
176,175,177,184,"null","null","null",5,29.787653,3.4068692,-1.0892038,0.6459124,-3.0781724
177,176,178,181,"null","null","null",4,29.787653,3.7300878,-0.4185698,1.4251086,-2.4606745
178,177,179,180,"null","null","null",2,29.787653,3.3284082,-0.6167603,2.5945039,-1.4052806
181,177,182,183,"null","null","null",2,29.787653,1.0880196,-2.1365566,0.6001816,-3.8261666
188,70,189,208,"null","null","null",19,29.787653,0.82108533,-3.6230302,2.6047645,-1.0522765
189,188,190,203,"null","null","null",10,29.787653,0.5419743,-3.4929109,1.7061975,-2.5434372
190,189,191,198,"null","null","null",7,29.787653,0.7291248,-2.8537698,0.522323,-3.4364262
191,190,192,197,"null","null","null",4,29.787653,2.3305678,-2.076367,0.48397338,-3.4921455
192,191,193,196,"null","null","null",3,29.787653,3.4735096,-1.0892038,0.6459124,-2.9070082
193,192,194,195,"null","null","null",2,29.787653,3.8167202,-0.4185698,0.73106515,-2.238161
198,190,199,202,"null","null","null",3,29.787653,0.8449204,-3.767136,2.4522898,-0.39556158
199,198,200,201,"null","null","null",2,29.787653,0.52359635,-3.7564592,1.9384005,-1.6186413
203,189,204,207,"null","null","null",3,29.787653,1.691729,-2.774622,3.131315,-0.35959762
204,203,205,206,"null","null","null",2,29.787653,0.52728236,-3.524502,2.38071,-0.665
208,188,209,220,"null","null","null",9,29.787653,2.6202087,-1.4981455,3.4931798,-0.76705235
209,208,210,215,"null","null","null",6,29.787653,1.5297099,-2.9612634,3.1863751,-0.5755011
210,209,211,214,"null","null","null",3,29.787653,0.52728236,-3.7671359,2.4522882,-0.665
211,210,212,213,"null","null","null",2,29.787653,0.5235966,-3.7564578,1.9383993,-1.6186452
215,209,216,219,"null","null","null",3,29.787653,3.0981085,-0.27500087,3.0448916,-1.5045813
216,215,217,218,"null","null","null",2,29.787653,2.3612084,-0.66192454,3.6646895,-0.3238816
220,208,221,224,"null","null","null",3,29.787653,3.7661476,-0.7052593,1.2371349,-2.2791758
221,220,222,223,"null","null","null",2,29.787653,3.4248686,-0.6042887,2.4441597,-1.5045813
225,69,226,237,"null","null","null",7,30.375257,1.6001905,-2.8440928,3.3743331,-0.31738126
226,225,227,234,"","null","Plump Toads",6,12.250603,0.29948983,-3.5088608,2.7051487,-1.1988066
227,226,228,233,"null","null","null",4,12.250603,0.54197454,-3.3444896,1.8611674,-2.7339253
228,227,229,232,"null","null","null",3,12.250603,0.66192496,-2.6608222,0.75469065,-3.6840591
229,228,230,231,"null","null","null",2,12.250603,1.2662436,-2.076365,0.483974,-3.814066
234,226,235,236,"null","null","null",2,12.250603,2.340821,-0.4290238,3.7190456,-0.76705194
