index,parent,child1,child2,name1,name2,common,richness,lengthbr,hxmax,hxmin,hymax,hymin
0,-268256254,1,167,"null","null","null",258,82.6,2.323125,-268256254.7221403,3.6569128,-0.41856837
1,0,2,48,"null","null","null",225,80.564224,1.2900014,-2.9806519,3.2332845,-0.6167594
2,1,-268298240,3,"null","null","null",165,75.95068,0.34807852,-3.4771352,2.5586634,-1.353998
3,2,4,33,"","null","Minute Salamanders",23,46.640324,2.3938541,-1.6694287,3.6276631,-0.70526135
4,3,5,22,"null","null","null",15,46.640324,1.332173,-3.006148,3.2448423,-0.60428786
5,4,6,15,"null","null","null",9,46.640324,0.32387975,-3.6143308,2.551961,-1.3502465
6,5,7,14,"null","null","null",5,46.640324,0.5592977,-3.4101982,1.7788414,-2.8520653
7,6,8,11,"null","null","null",4,46.640324,0.66423047,-2.7414122,0.41482198,-3.7314637
8,7,9,10,"null","null","null",2,46.640324,1.4433382,-2.010231,0.50423634,-3.7908013
11,7,12,13,"null","null","null",2,46.640324,0.8210864,-3.5997522,2.3745222,-0.40725175
15,5,16,21,"null","null","null",4,46.640324,2.313443,-1.5287609,3.4890282,-0.7370695
16,15,17,20,"null","null","null",3,46.640324,1.6001972,-2.914003,3.1200058,-0.59051657
17,16,18,19,"null","null","null",2,46.640324,0.41360754,-3.5997515,2.3745224,-0.66423047
22,4,23,28,"null","null","null",6,46.640324,3.0229478,-0.30319986,3.3004067,-1.1166879
23,22,24,27,"null","null","null",3,46.640324,2.3134432,-1.0472512,3.7903357,-0.3719888
24,23,25,26,"null","null","null",2,46.640324,1.6001978,-2.2880409,3.5117064,-0.59051645
28,22,29,32,"null","null","null",3,46.640324,3.4735038,-1.0892109,0.3309551,-2.9070132
29,28,30,31,"null","null","null",2,46.640324,3.816719,-0.4185683,0.7310512,-2.2381644
33,3,34,41,"null","null","null",8,46.640324,3.52864,-0.63668334,2.026275,-2.2705612
34,33,35,38,"null","null","null",4,46.640324,3.0229478,-0.6278825,3.2790768,-1.1514555
35,34,36,37,"null","null","null",2,46.640324,2.3134432,-0.6527475,3.7626069,-0.3719888
38,34,39,40,"null","null","null",2,46.640324,3.0051613,-1.0892109,0.3309551,-2.9852405
41,33,42,45,"null","null","null",4,46.640324,1.9702954,-2.2165616,0.56240135,-3.5523229
42,41,43,44,"null","null","null",2,46.640324,3.0051613,-1.0892109,0.645912,-2.9852405
45,41,46,47,"null","null","null",2,46.640324,0.48358685,-3.7564616,1.9384056,-1.6186308
48,1,49,118,"null","null","null",60,60.903175,3.1129305,-0.3171607,3.2525868,-1.0703907
49,48,50,95,"null","null","null",35,52.885628,2.4650178,-1.6694274,3.6276631,-0.3955164
50,49,51,92,"","null","Worm Salamanders",23,46.640324,1.4209557,-3.006147,3.2448428,-0.60428774
51,50,52,79,"null","null","null",21,46.640324,0.32387957,-3.61433,2.5519614,-1.197477
52,51,53,72,"null","null","null",14,46.640324,0.55929744,-3.4101982,1.6207746,-2.6534662
53,52,54,69,"null","null","null",10,46.640324,0.88761616,-2.7414126,0.41482306,-3.4732866
54,53,55,62,"null","null","null",8,46.640324,2.4726481,-1.9577174,0.50423604,-3.4551725
55,54,56,59,"null","null","null",4,46.640324,3.554821,-0.7274748,0.6527474,-2.834302
56,55,57,58,"null","null","null",2,46.640324,3.827052,-0.4410539,0.90938497,-2.1905615
59,55,60,61,"null","null","null",2,46.640324,0.37080032,-2.571188,0.8857583,-3.3442535
62,54,63,68,"null","null","null",4,46.640324,0.44286594,-3.3444946,1.861173,-2.7339165
63,62,64,67,"null","null","null",3,46.640324,0.6619247,-2.660829,0.7546987,-3.684055
64,63,65,66,"null","null","null",2,46.640324,1.2662308,-2.0763695,0.48397252,-3.8140671
69,53,70,71,"null","null","null",2,46.640324,0.82108676,-3.5997515,2.3745224,-0.40725157
72,52,73,76,"null","null","null",4,46.640324,1.5501465,-2.9140012,3.120006,-0.31738424
73,72,74,75,"null","null","null",2,46.640324,0.4136094,-3.5997503,2.3745227,-0.66423047
76,72,77,78,"null","null","null",2,46.640324,3.328417,-0.28912765,2.594491,-1.4052889
79,51,80,89,"null","null","null",7,46.640324,2.5840416,-1.4435918,3.4890275,-0.73706996
80,79,81,88,"null","null","null",5,46.640324,1.6001987,-2.8032844,3.120006,-0.5905163
81,80,82,87,"null","null","null",4,46.640324,0.4136094,-3.455819,2.3745227,-0.9977267
82,81,83,86,"null","null","null",3,46.640324,0.541973,-3.2755415,1.8611743,-2.472528
83,82,84,85,"null","null","null",2,46.640324,0.6619247,-2.5711904,0.7547004,-3.3442519
89,79,90,91,"null","null","null",2,46.640324,3.816719,-0.6717558,0.73104995,-2.2381647
92,50,93,94,"null","null","null",2,46.640324,3.2227073,-0.30319974,2.7384832,-1.3026869
95,49,96,107,"null","null","null",12,36.962864,3.6887572,-0.6366836,1.8643925,-2.2438173
96,95,97,106,"","null","Bromeliad Salamanders",6,26.652334,3.2311006,-0.6278824,3.0686307,-1.3026869
97,96,98,103,"null","null","null",5,26.652334,2.5840416,-1.5287583,3.4890275,-0.37198862
98,97,99,102,"null","null","null",3,26.652334,1.6001987,-2.9140007,3.120006,-0.5905163
99,98,100,101,"null","null","null",2,26.652334,0.4136094,-3.5997503,2.3745227,-0.66423047
103,97,104,105,"null","null","null",2,26.652334,3.816719,-0.6717558,0.73104995,-2.2381647
107,95,108,117,"","null","Hidden Salamanders",6,26.652334,2.1597261,-2.0763712,0.56240165,-3.492148
108,107,109,116,"null","null","null",5,26.652334,3.2514222,-1.0892116,0.64591193,-2.9070134
109,108,110,115,"null","null","null",4,26.652334,3.5280137,-0.41856813,1.8652778,-2.2381647
110,109,111,114,"null","null","null",3,26.652334,3.0657158,-0.6167593,3.1667316,-1.4052896
111,110,112,113,"null","null","null",2,26.652334,2.3408232,-0.65809214,3.7190406,-0.34807807
118,48,119,142,"null","null","null",25,60.903175,3.4309154,-0.91696334,0.34452868,-2.9853263
119,118,120,139,"","null","Splayfoot Salamanders",12,36.962864,3.6659758,-0.4410537,1.8643925,-2.3868928
120,119,121,132,"null","null","null",10,36.962864,3.2014847,-0.6278824,3.0686307,-1.1166887
121,120,122,127,"null","null","null",6,36.962864,2.5455406,-1.5287583,3.4890275,-0.37198862
122,121,123,126,"null","null","null",3,36.962864,1.6001987,-2.9140007,3.120006,-0.5905163
123,122,124,125,"null","null","null",2,36.962864,0.4136094,-3.5997503,2.3745227,-0.66423047
127,121,128,131,"null","null","null",3,36.962864,3.730092,-0.6717558,1.425092,-2.2381647
128,127,129,130,"null","null","null",2,36.962864,3.3284178,-0.6167593,2.59449,-1.4052896
132,120,133,138,"null","null","null",4,36.962864,3.406867,-1.0892116,0.33095497,-2.9070134
133,132,134,137,"null","null","null",3,36.962864,3.730092,-0.41856813,1.425092,-2.2381647
134,133,135,136,"null","null","null",2,36.962864,3.3284178,-0.6167593,2.59449,-1.4052896
139,119,140,141,"null","null","null",2,36.962864,1.2662255,-2.0763712,0.56240165,-3.8140678
142,118,143,158,"","null","Moss Salamanders",13,38.153496,0.6896844,-2.724474,0.8857585,-3.4364238
143,142,144,151,"null","null","null",8,38.153496,2.279299,-2.0607529,0.48397216,-3.492148
144,143,145,150,"null","null","null",4,38.153496,3.406867,-1.0892116,0.64591193,-2.9070134
145,144,146,149,"null","null","null",3,38.153496,3.730092,-0.41856813,1.425092,-2.2381647
146,145,147,148,"null","null","null",2,38.153496,3.3284178,-0.6167593,2.59449,-1.4052896
151,143,152,157,"null","null","null",4,38.153496,0.48358718,-3.405891,1.9384062,-2.6072755
152,151,153,156,"null","null","null",3,38.153496,0.658092,-2.7521343,0.8675302,-3.6250958
153,152,154,155,"null","null","null",2,38.153496,1.0880071,-2.1365602,0.46288356,-3.826167
158,142,159,164,"null","null","null",5,38.153496,0.8449217,-3.4762158,2.7278008,-0.81649756
159,158,160,163,"null","null","null",3,38.153496,0.5235951,-3.3782678,1.9384059,-2.3110278
160,159,161,162,"null","null","null",2,38.153496,0.658092,-2.7162237,0.8675299,-3.2399733
164,158,165,166,"null","null","null",2,38.153496,2.3612096,-0.41842026,3.6646845,-0.7950969
167,0,168,219,"null","null","null",33,54.6,3.516669,-0.6001842,2.0824316,-2.1562448
168,167,169,214,"","null","Brook Salamanders",26,50.87707,2.9699779,-0.6376127,3.2525864,-1.00327
169,168,170,213,"null","null","null",23,50.87707,2.2791789,-1.6061726,3.6276631,-0.39551622
170,169,171,200,"null","null","null",22,50.87707,1.4246867,-2.9239163,3.244843,-0.6042876
171,170,172,191,"null","null","null",15,50.87707,0.3238794,-3.5074313,2.5519614,-1.197477
172,171,173,184,"null","null","null",10,50.87707,0.55929744,-3.2712297,1.6207746,-2.6534662
173,172,174,183,"null","null","null",6,50.87707,0.8217292,-2.5607533,0.6411383,-3.4732866
174,173,175,182,"null","null","null",5,50.87707,2.386995,-2.010232,0.50423604,-3.4551725
175,174,176,181,"null","null","null",4,50.87707,3.4434721,-0.9791784,0.6527474,-2.834302
176,175,177,180,"null","null","null",3,50.87707,3.6822987,-0.4410539,1.6104374,-2.1905615
177,176,178,179,"null","null","null",2,50.87707,3.2227035,-0.6278826,2.738487,-1.302684
184,172,185,190,"null","null","null",4,50.87707,1.6001978,-3.06106,3.120006,-0.31738424
185,184,186,189,"null","null","null",3,50.87707,0.4136094,-3.7909265,2.3745227,-0.66423047
186,185,187,188,"null","null","null",2,50.87707,0.541973,-3.7111814,1.8611743,-1.7914251
191,171,192,199,"null","null","null",5,50.87707,2.3134434,-1.6418805,3.4890275,-0.73706996
192,191,193,198,"null","null","null",4,50.87707,1.6001987,-3.0610595,3.120006,-0.5905163
193,192,194,197,"null","null","null",3,50.87707,0.4136094,-3.7909265,2.3745227,-0.66423047
194,193,195,196,"null","null","null",2,50.87707,0.541973,-3.7111814,1.8611743,-1.7914251
200,170,201,210,"null","null","null",7,50.87707,3.2311008,-0.30319965,3.0686295,-1.1514577
201,200,202,207,"null","null","null",5,50.87707,2.5840416,-1.5287567,3.489027,-0.37198845
202,201,203,206,"null","null","null",3,50.87707,1.6001993,-2.9139996,3.120006,-0.5905162
203,202,204,205,"null","null","null",2,50.87707,0.41361105,-3.5997496,2.3745227,-0.66423047
207,201,208,209,"null","null","null",2,50.87707,3.8167186,-0.671756,0.7310486,-2.2381651
210,200,211,212,"null","null","null",2,50.87707,3.0051594,-1.0892124,0.33095488,-2.9852424
214,168,215,218,"null","null","null",3,50.87707,3.5548193,-0.9791807,0.3445286,-2.8343034
215,214,216,217,"null","null","null",2,50.87707,3.8270519,-0.4410535,0.90937954,-2.1905627
219,167,220,229,"null","null","null",7,30.386518,2.2960713,-2.1206903,0.52348465,-3.4551735
220,219,221,228,"","null","Spring Salamanders",5,25.132309,3.325272,-0.9791807,0.65274733,-2.8343034
221,220,222,227,"null","null","null",4,21.647793,3.5286403,-0.4410535,2.0262728,-2.1905627
222,221,223,226,"null","null","null",3,21.647793,3.0229487,-0.62788236,3.2790754,-1.3026878
223,222,224,225,"null","null","null",2,21.647793,2.3134437,-0.65274763,3.7626066,-0.37198845
229,219,230,231,"null","null","null",2,10.823896,0.44286638,-3.711182,1.8611745,-1.7914242
