index,parent,child1,child2,name1,name2,common,richness,lengthbr,hxmax,hxmin,hymax,hymin,color
0,-268101626,1,74,"null","null","null",46,8.617995,1.4115124,-3.0061576,3.0981078,-0.6042888,-16731116
1,0,2,73,"null","null","null",37,7.875556,0.32388172,-3.6143346,2.3612075,-1.2275933,-16731116
2,1,3,66,"null","null","null",36,7.495804,0.5592991,-3.4101975,1.6207659,-2.6926098,-16731116
3,2,4,63,"null","null","null",32,7.0192513,0.82468283,-2.7414112,0.41481584,-3.5241628,-16731116
4,3,5,58,"null","null","null",30,6.835175,2.3908284,-1.9270597,0.50423795,-3.5213037,-16731116
5,4,6,41,"null","null","null",27,6.1851826,3.448445,-0.8152318,0.652748,-2.9202704,-16731116
6,5,7,24,"null","null","null",18,6.1851826,3.6887543,-0.441056,1.8644108,-2.3023252,-16731116
7,6,8,17,"null","null","null",9,3.416378,3.2310922,-0.62788355,3.068643,-1.116675,-16731116
8,7,9,14,"null","null","null",5,2.5121226,2.5840344,-1.5287814,3.4890313,-0.37199152,-16731116
9,8,10,13,"null","null","null",3,1.0847478,1.6001859,-2.914019,3.1200035,-0.59051824,-16731116
10,9,11,12,"","null","Streamertails",2,1.0847478,0.4135942,-3.5997598,2.3745208,-0.6642302,-16731116
14,8,15,16,"null","null","null",2,0.98390627,3.816721,-0.6717514,0.7310724,-2.2381592,-11184866
17,7,18,21,"null","null","null",4,3.1923442,3.4735134,-0.9287926,0.33095664,-2.9070053,-16731116
18,17,19,20,"null","null","null",2,2.2504961,3.816721,-0.41857076,0.7310724,-2.2381592,-16731116
21,17,22,23,"null","null","null",2,0.7331354,0.35782927,-2.716209,0.90259767,-3.2399843,-16731116
24,6,25,40,"null","null","null",9,5.548002,2.2793105,-2.0763643,0.56239724,-3.6238084,-16731116
25,24,26,33,"null","null","null",8,5.3495665,3.4068708,-0.8866466,0.64591277,-3.0781689,-16731116
26,25,27,30,"null","null","null",4,2.7024171,3.7300858,-0.41857076,1.425116,-2.4606717,-16731116
27,26,28,29,"null","null","null",2,1.862173,3.328404,-0.61676085,2.5945096,-1.4052767,-16731116
30,26,31,32,"null","null","null",2,1.1068112,1.0880269,-2.1365538,0.60018003,-3.8261664,-16731116
33,25,34,39,"null","null","null",4,4.2598,0.35782927,-2.7521253,0.90259767,-3.4687886,-16731116
34,33,35,38,"null","null","null",3,3.2302015,1.7924259,-2.1365538,0.46288577,-3.6229587,-16731116
35,34,36,37,"null","null","null",2,2.2854226,2.8755686,-1.1971772,0.63761365,-3.1081505,-16731116
41,5,42,57,"null","null","null",9,4.553718,0.5977216,-2.7686582,0.8857566,-3.4364276,-16731116
42,41,43,54,"null","null","null",8,4.0898395,2.1597412,-2.2165523,0.48397422,-3.492144,-16731116
43,42,44,51,"null","null","null",6,3.1713858,3.2514307,-0.8706838,0.64591277,-2.9070053,-16731116
44,43,45,50,"null","null","null",4,1.7886066,3.5280137,-0.41857076,1.8652986,-2.2381592,-12486656
45,44,46,49,"null","null","null",3,1.1081537,3.0657103,-0.61676085,3.166747,-1.4052767,-12486656
46,45,47,48,"null","null","null",2,0.536282,2.3408196,-0.65809155,3.7190475,-0.34808123,-11184866
51,43,52,53,"null","null","null",2,2.0897958,0.35782927,-2.716209,0.90259767,-3.2399843,-16731116
54,42,55,56,"null","null","null",2,1.4153796,0.48358285,-3.7564573,1.9383985,-1.6186471,-16731116
58,4,59,62,"null","null","null",3,4.149271,0.44286197,-3.2755313,1.8611665,-2.4725435,-16731116
59,58,60,61,"null","null","null",2,1.7828301,0.66192496,-2.571176,0.7546901,-3.3442616,-16731116
63,3,64,65,"null","null","null",2,1.810681,0.8210844,-3.5997567,2.3745215,-0.40725267,-12486656
66,2,67,72,"null","null","null",4,1.8211981,1.6001897,-3.061069,3.1200042,-0.31738016,-16731116
67,66,68,71,"null","null","null",3,1.1444643,0.4135989,-3.7909286,2.3745215,-0.66423035,-16731116
68,67,69,70,"null","null","null",2,0.5674957,0.5419747,-3.7111769,1.8611665,-1.7914414,-16731116
74,0,75,90,"null","null","null",9,7.081541,3.2014766,-0.303201,3.0686388,-1.3026786,-16731116
75,74,76,85,"null","null","null",8,6.544756,2.5455332,-1.6418939,3.48903,-0.37199056,-16731116
76,75,77,82,"null","null","null",5,2.9086778,1.5501353,-3.061069,3.1200042,-0.59051764,-16731116
77,76,78,81,"null","null","null",3,2.2024012,0.4135989,-3.7909286,2.3745215,-0.66423035,-12486656
78,77,79,80,"null","null","null",2,2.2024012,0.5419747,-3.7111769,1.8611665,-1.7914414,-12486656
82,76,83,84,"null","null","null",2,1.4961157,3.3284082,-0.2891289,2.5945039,-1.4052806,-16731116
85,75,86,89,"null","null","null",3,2.4155045,3.7300878,-0.67175275,1.4251086,-2.238161,-16731116
86,85,87,88,"null","null","null",2,1.0679837,3.3284082,-0.6167603,2.5945039,-1.4052806,-16731116
