index,parent,child1,child2,name1,name2,common,richness,lengthbr,hxmax,hxmin,hymax,hymin,color
0,-268215262,1,44,"null","null","null",31,17.466415,0.5592989,-3.2401474,1.6207671,-2.6721203,-16731116
1,0,2,43,"null","null","null",22,12.390428,0.8246813,-2.5203462,0.6411284,-3.4975276,-16731116
2,1,3,36,"null","null","null",21,9.916911,2.390827,-1.9577086,0.5042378,-3.4866786,-16731116
3,2,4,29,"null","null","null",17,8.954374,3.4484446,-0.76730543,0.6527479,-2.875258,-16731116
4,3,5,20,"null","null","null",13,8.597724,3.6887546,-0.4410558,1.8644092,-2.2438087,-16731116
5,4,6,15,"null","null","null",8,7.5925083,3.2310927,-0.6278835,3.0686421,-1.1166763,-16731116
6,5,7,12,"null","null","null",5,6.013294,2.584035,-1.5287797,3.4890313,-0.37199128,-16731116
7,6,8,11,"null","null","null",3,5.0904055,1.6001867,-2.914018,3.1200037,-0.59051806,-16731116
8,7,9,10,"null","null","null",2,2.483855,0.4135952,-3.599759,2.374521,-0.6642302,-16731116
12,6,13,14,"null","null","null",2,2.2438648,3.8167205,-0.67175174,0.73107064,-2.2381597,-16731116
15,5,16,19,"null","null","null",3,5.8656383,3.4735122,-1.0892006,0.33095652,-2.9070063,-12486656
16,15,17,18,"null","null","null",2,2.031826,3.8167205,-0.41857052,0.73107064,-2.2381597,-12486656
20,4,21,28,"null","null","null",5,7.1775885,2.3305721,-2.076365,0.5623976,-3.4921446,-16731116
21,20,22,25,"null","null","null",4,7.078115,3.4735122,-0.8706852,0.64591265,-2.9070063,-16731116
22,21,23,24,"null","null","null",2,5.534542,3.8167205,-0.41857052,0.73107064,-2.2381597,-16731116
25,21,26,27,"null","null","null",2,0.27804145,0.35782912,-2.7162104,0.9025978,-3.239983,-16731116
29,3,30,35,"null","null","null",4,5.618065,0.45200622,-2.6608222,0.88575673,-3.482712,-16731116
30,29,31,34,"null","null","null",3,3.2976644,1.9703119,-2.076365,0.483974,-3.5523148,-12486656
31,30,32,33,"null","null","null",2,1.9146566,3.0051737,-1.0892006,0.64591265,-2.9852276,-12486656
36,2,37,42,"null","null","null",4,5.840721,0.4428624,-3.3444898,1.8611662,-2.7339265,-16731116
37,36,38,41,"null","null","null",3,4.3938,0.661925,-2.6608222,0.75469065,-3.6840591,-16731116
38,37,39,40,"null","null","null",2,1.9024209,1.2662436,-2.076365,0.483974,-3.814066,-16731116
44,0,45,60,"","null","Racquet-Tails",9,12.377084,1.600189,-2.882834,3.1200047,-0.3173806,-12486656
45,44,46,59,"null","null","null",8,9.253907,0.4135974,-3.5592227,2.374522,-1.1988084,-12486656
46,45,47,54,"null","null","null",7,8.038963,0.54197484,-3.409959,1.7061949,-2.7339265,-12486656
47,46,48,51,"null","null","null",4,5.009166,0.661925,-2.745932,0.49050736,-3.6840591,-12486656
48,47,49,50,"null","null","null",2,2.4726572,1.2662436,-2.076365,0.483974,-3.814066,-12486656
51,47,52,53,"null","null","null",2,2.21341,0.8449197,-3.5245035,2.3807096,-0.39556193,-12486656
54,46,55,58,"null","null","null",3,3.5677571,1.6917262,-2.7746265,3.1313148,-0.35959634,-16731116
55,54,56,57,"null","null","null",2,2.0829074,0.5272789,-3.524505,2.3807096,-0.665,-12486656
