index,parent,child1,child2,name1,name2,common,richness,lengthbr,hxmax,hxmin,hymax,hymin,color
0,-268050334,1,32,"null","null","null",22,4.0,0.48358735,-3.4175382,1.8475488,-2.4241407,-16731116
1,0,2,31,"null","null","null",16,4.0,0.658092,-2.7672753,0.8675292,-3.3870203,-16731116
2,1,3,22,"null","null","null",15,4.0,2.1250052,-2.1562438,0.4628837,-3.5166686,-16731116
3,2,4,21,"null","null","null",10,4.0,3.3079312,-1.1971871,0.63761276,-2.969977,-16731116
4,3,5,20,"null","null","null",9,4.0,3.6996098,-0.39551657,1.6061761,-2.2791781,-16731116
5,4,6,19,"null","null","null",8,4.0,3.3383727,-0.6042879,2.923919,-1.5045873,-16731116
6,5,7,16,"null","null","null",7,4.0,2.673551,-1.3502492,3.507431,-0.32388014,-16731116
7,6,8,13,"null","null","null",5,4.0,1.7948594,-2.8520677,3.2712274,-0.5592979,-16731116
8,7,9,12,"null","null","null",3,4.0,0.6411348,-3.7314649,2.56075,-0.66423047,-16731116
9,8,10,11,"null","null","null",2,4.0,0.50423664,-3.7908015,2.01023,-1.4433393,-16731116
13,7,14,15,"null","null","null",2,0.7,3.5117025,-0.31738296,2.2880476,-1.6001942,-12486656
16,6,17,18,"null","null","null",2,0.7,3.7626083,-0.737069,0.43901807,-2.3134422,-16731116
22,2,23,30,"null","null","null",5,4.0,0.52348435,-3.4551723,2.0102317,-2.3869958,-16731116
23,22,24,29,"null","null","null",4,4.0,0.65274745,-2.8343015,0.97917783,-3.4434724,-16731116
24,23,25,28,"null","null","null",3,4.0,1.6104382,-2.1905613,0.441054,-3.6822984,-16731116
25,24,26,27,"null","null","null",2,0.7,2.7384877,-1.3026835,0.62788266,-3.2227032,-16731116
32,0,33,40,"null","null","null",6,4.0,1.7948639,-2.662623,3.2712305,-0.40148306,-16731116
33,32,34,39,"null","null","null",4,4.0,0.6411398,-3.4851904,2.5607543,-0.66423047,-16731116
34,33,35,38,"null","null","null",3,1.1,0.50423586,-3.4706483,2.0102327,-2.1433964,-16731116
35,34,36,37,"null","null","null",2,1.1,0.65274733,-2.8544207,0.9791795,-3.1267948,-16731116
40,32,41,42,"null","null","null",2,4.0,3.5117066,-0.31738436,2.2880404,-1.6001983,-16731116
