index,parent,child1,child2,name1,name2,common,richness,lengthbr,hxmax,hxmin,hymax,hymin,color
0,-268036917,1,60,"null","null","null",42,25.900002,3.6128306,-0.44105422,1.938422,-2.2438145,-16731116
1,0,2,51,"null","null","null",30,25.9,3.1323948,-0.6278828,3.1648655,-1.192757,-16731116
2,1,3,34,"","some","Pipistrelles",25,16.0,2.4557252,-1.5127412,3.6141288,-0.3719896,-16731116
3,2,4,27,"null","null","null",16,14.0,1.4333854,-2.8931744,3.282635,-0.59051704,-16731116
4,3,5,20,"null","null","null",12,9.2,0.29948908,-3.57267,2.5859408,-1.0522747,-16731116
5,4,6,19,"null","null","null",8,7.9,0.541974,-3.427444,1.8611698,-2.543436,-16731116
6,5,7,16,"null","null","null",7,7.8,0.7291248,-2.768663,0.49050963,-3.4364262,-16731116
7,6,8,13,"null","null","null",5,7.8,2.3305678,-2.216556,0.48397338,-3.4921455,-16731116
8,7,9,12,"null","null","null",3,7.8,3.4735096,-1.0892038,0.6459124,-2.9070082,-16731116
9,8,10,11,"null","null","null",2,7.8,3.8167202,-0.4185698,0.73106515,-2.238161,-16731116
13,7,14,15,"null","null","null",2,7.8,0.48358452,-3.7564592,1.9384005,-1.6186413,-16731116
16,6,17,18,"null","null","null",2,7.8,0.8449204,-3.5245008,2.3807096,-0.39556158,-16731116
20,4,21,26,"null","null","null",4,6.6,2.3408217,-1.3545724,3.4508247,-0.76705277,-16731116
21,20,22,25,"null","null","null",3,6.6,1.6917303,-2.7746198,3.1313148,-0.57550085,-16731116
22,21,23,24,"null","null","null",2,3.1,0.5272839,-3.5245008,2.3807096,-0.665,-16731116
27,3,28,31,"null","null","null",4,12.7,3.0657134,-0.2891283,3.1667395,-1.2878759,-16731116
28,27,29,30,"null","null","null",2,12.7,2.3408217,-0.6580919,3.7190442,-0.34807962,-16731116
31,27,32,33,"null","null","null",2,4.6,2.8755617,-1.1971824,0.31716132,-3.1081567,-16731116
34,2,35,48,"null","null","null",9,16.0,3.5280137,-0.6717541,1.7316403,-2.4606762,-16731116
35,34,36,47,"null","null","null",7,12.4,3.0657134,-0.61676,2.9929976,-1.405283,-16731116
36,35,37,46,"null","null","null",6,12.4,2.3408217,-1.4981438,3.4931798,-0.34807962,-16731116
37,36,38,43,"null","null","null",5,12.4,1.6749383,-2.9612625,3.1863766,-0.57550085,-12486656
38,37,39,42,"null","null","null",3,12.4,0.5272839,-3.767136,2.4522898,-0.665,-16731116
39,38,40,41,"null","null","null",2,4.1,0.52359635,-3.7564592,1.9384005,-1.6186413,-16731116
43,37,44,45,"null","null","null",2,12.4,3.4248698,-0.27500066,2.4441574,-1.5045828,-8572416
48,34,49,50,"null","null","null",2,4.4,1.0880178,-2.136557,0.60018253,-3.8261664,-16731116
51,1,52,59,"null","null","null",5,12.0,3.4068682,-1.0892061,0.33095554,-3.0781746,-16731116
52,51,53,56,"Scotorepens","some","Broad-nosed Bats",4,9.8,3.7300887,-0.41856924,1.4251035,-2.4606762,-16731116
53,52,54,55,"null","null","null",2,4.5,3.3284109,-0.61676,2.5944998,-1.405283,-16731116
56,52,57,58,"null","null","null",2,4.5,1.0880178,-2.136557,0.60018253,-3.8261664,-16731116
60,0,61,80,"null","null","null",12,25.900002,2.159732,-2.216558,0.56240034,-3.4921465,-16731116
61,60,62,73,"null","null","null",10,25.900002,3.2514257,-0.8866538,0.64591223,-2.90701,-16731116
62,61,63,72,"Histiotus","null","null",6,13.299999,3.5280137,-0.41856924,1.9146993,-2.2381625,-16731116
63,62,64,69,"null","null","null",5,13.299999,3.0657134,-0.61676,3.2309744,-1.2878759,-16731116
64,63,65,68,"null","null","null",3,13.299999,2.3408217,-0.8562515,3.8025498,-0.34807962,-16731116
65,64,66,67,"null","null","null",2,4.9,1.6917303,-2.1268024,3.5885572,-0.57550085,-16731116
69,63,70,71,"null","null","null",2,4.9,2.8755617,-1.1971824,0.31716132,-3.1081567,-16731116
73,61,74,79,"null","null","null",4,10.3,0.3578284,-2.7521296,0.90259874,-3.4687877,-16731116
74,73,75,78,"null","null","null",3,10.3,1.7924167,-2.136557,0.46288466,-3.622962,-12486656
75,74,76,77,"null","null","null",2,10.3,2.8755617,-1.1971824,0.6376132,-3.1081567,-11184866
80,60,81,82,"null","null","null",2,5.2,0.48358554,-3.7564592,1.9384025,-1.6186383,-16731116
