index,parent,child1,child2,name1,name2,common,richness,lengthbr,hxmax,hxmin,hymax,hymin,color
0,-268150779,1,66,"null","null","null",36,11.2,3.5286398,-0.6366827,1.8643985,-2.2705576,-16731116
1,0,2,57,"null","null","null",33,4.799999,3.0229464,-0.6278828,3.0686347,-1.1166838,-16731116
2,1,3,56,"null","null","null",28,4.6999993,2.3134422,-1.474984,3.489029,-0.3719896,-16731116
3,2,4,55,"Sciurus","null","null",27,4.5999994,1.6001931,-2.84409,3.1200051,-0.59051704,-16731116
4,3,5,54,"null","null","null",26,4.3999996,0.4136026,-3.5088603,2.3745222,-1.0751562,-16731116
5,4,6,53,"null","null","null",25,3.8999996,0.541974,-3.3444915,1.8611698,-2.573182,-16731116
6,5,7,52,"null","null","null",24,3.7999997,0.66192484,-2.660825,0.7546941,-3.475096,-16731116
7,6,8,51,"null","null","null",23,3.6999998,2.1597354,-2.076367,0.48397338,-3.5424166,-16731116
8,7,9,50,"null","null","null",22,3.4999998,3.2514277,-1.0892038,0.6459124,-2.9723606,-16731116
9,8,10,37,"null","null","null",21,3.3999999,3.5280137,-0.4185698,1.7316434,-2.3231192,-16731116
10,9,11,36,"null","null","null",14,3.2999997,3.065712,-0.6167603,2.9929993,-1.4052806,-16731116
11,10,12,35,"null","null","null",13,3.1999998,2.3408208,-1.3385786,3.4931793,-0.34808022,-16731116
12,11,13,34,"null","null","null",12,3.1,1.6917281,-2.7538254,3.1863742,-0.5755012,-16731116
13,12,14,33,"null","null","null",11,3.0,0.5272817,-3.4974654,2.4522867,-0.9035219,-16731116
14,13,15,32,"null","null","null",10,2.9,0.5235968,-3.4058852,1.9383985,-2.4241529,-16731116
15,14,16,31,"null","null","null",9,2.7999997,0.6580924,-2.7521253,0.867519,-3.3870258,-16731116
16,15,17,30,"null","null","null",8,2.6999998,2.0156596,-2.1365538,0.46288577,-3.516667,-16731116
17,16,18,29,"null","null","null",7,2.6,3.1657724,-1.1971772,0.63761365,-2.9699712,-16731116
18,17,19,28,"null","null","null",6,2.5,3.5147939,-0.39551884,1.5568684,-2.2791743,-16731116
19,18,20,27,"null","null","null",5,2.3,3.0981069,-0.6042892,2.8598099,-1.5045781,-16731116
20,19,21,26,"null","null","null",4,1.9,2.361207,-1.1773405,3.4240794,-0.32388246,-16731116
21,20,22,25,"null","null","null",3,1.5,1.7788317,-2.6272786,3.1628635,-0.5592996,-16731116
22,21,23,24,"null","null","null",2,1.0,0.6411245,-3.439229,2.419877,-0.6642306,-16731116
37,9,38,49,"null","null","null",7,3.1999998,2.0156536,-2.1365566,0.6001816,-3.5166674,-16731116
38,37,39,48,"null","null","null",6,3.1,3.1657686,-1.1971815,0.6376133,-2.9699733,-16731116
39,38,40,47,"null","null","null",5,3.0,3.514793,-0.3955179,1.7809273,-2.2791758,-16731116
40,39,41,46,"null","null","null",4,2.7,3.0981078,-0.6042887,3.1510901,-1.5045819,-16731116
41,40,42,45,"null","null","null",3,2.3,2.3612075,-0.6648546,3.8027482,-0.32388148,-16731116
42,41,43,44,"null","null","null",2,1.6,1.7788353,-1.9610502,3.6551359,-0.5592989,-16731116
57,1,58,65,"null","null","null",5,3.7000003,3.2514257,-1.0892061,0.33095554,-2.90701,-16731116
58,57,59,64,"Microsciurus","some","Dwarf Squirrels",4,3.5000002,3.5280137,-0.41856924,1.8652878,-2.2381625,-16731116
59,58,60,63,"null","null","null",3,2.3000002,3.0657134,-0.61676,3.1667395,-1.405283,-16731116
60,59,61,62,"null","null","null",2,1.1,2.3408217,-0.6580919,3.7190442,-0.34807962,-16731116
66,0,67,70,"Tamiasciurus","null","null",3,4.6,1.9703023,-2.0763686,0.56240034,-3.552319,-12486656
67,66,68,69,"null","null","null",2,2.7,3.005167,-1.0892061,0.64591223,-2.9852347,-16731116
