index,parent,child1,child2,name1,name2,common,richness,lengthbr,hxmax,hxmin,hymax,hymin,color
0,-268166049,1,30,"null","null","null",29,29.400002,2.4557242,-1.4749868,3.6846669,-0.7370682,-16731116
1,0,2,19,"null","null","null",15,29.400002,1.4333838,-2.8440921,3.3743334,-0.5905173,-16731116
2,1,3,16,"null","null","null",9,17.300001,0.29948944,-3.5088615,2.7051492,-1.0796645,-16731116
3,2,4,11,"null","null","null",7,16.2,0.5419743,-3.3444917,1.7061975,-2.5790417,-16731116
4,3,5,10,"null","null","null",4,16.2,0.6619249,-2.660825,0.7546941,-3.482712,-16731116
5,4,6,9,"null","null","null",3,16.2,1.9703064,-2.076367,0.48397338,-3.5523171,-16731116
6,5,7,8,"null","null","null",2,16.2,3.0051699,-1.0892038,0.6459124,-2.9852314,-16731116
11,3,12,15,"null","null","null",3,16.2,1.691729,-2.774622,3.131315,-0.35959762,-16731116
12,11,13,14,"null","null","null",2,16.2,0.52728236,-3.524502,2.38071,-0.665,-16731116
16,2,17,18,"","null","Narrow-headed Rats",2,10.5,2.3408213,-0.42902362,3.719045,-0.76705235,-16731116
19,1,20,29,"null","null","null",6,29.4,3.0657125,-0.28912854,2.9929988,-1.4052815,-16731116
20,19,21,28,"","some","Swamp Rats",5,11.7,2.3408213,-1.4981455,3.4931798,-0.34807998,-16731116
21,20,22,27,"null","null","null",4,11.7,1.691729,-2.9612634,3.1863751,-0.5755011,-16731116
22,21,23,26,"null","null","null",3,11.7,0.52728236,-3.7671359,2.4522882,-0.665,-16731116
23,22,24,25,"null","null","null",2,11.7,0.5235966,-3.7564578,1.9383993,-1.6186452,-16731116
30,0,31,44,"null","null","null",14,29.4,3.5280137,-0.67175364,1.7316424,-2.32312,-16731116
31,30,32,41,"Taeromys","null","Taeromys",7,14.1,3.0657125,-0.6167602,2.9929988,-1.2878737,-16731116
32,31,33,40,"null","null","null",5,14.1,2.3408213,-1.4981455,3.4931798,-0.34807998,-16731116
33,32,34,39,"null","null","null",4,14.1,1.691729,-2.9612634,3.1863751,-0.5755011,-16731116
34,33,35,38,"null","null","null",3,14.1,0.52728236,-3.7671359,2.4522882,-0.665,-16731116
35,34,36,37,"null","null","null",2,14.1,0.5235966,-3.7564578,1.9383993,-1.6186452,-11513776
41,31,42,43,"null","null","null",2,4.6,2.8755636,-1.1971806,0.31716153,-3.1081548,-11513776
44,30,45,56,"null","null","null",7,29.4,2.1643848,-2.1365561,0.60018194,-3.5166674,-16731116
45,44,46,51,"Leopoldamys","null","null",6,13.0,3.359119,-1.003261,0.63761336,-2.969973,-16731116
46,45,47,50,"null","null","null",3,13.0,3.7661476,-0.395518,1.2371349,-2.2791758,-12486656
47,46,48,49,"null","null","null",2,13.0,3.4248686,-0.6042887,2.4441597,-1.5045813,-8572416
51,45,52,55,"null","null","null",3,7.4,0.34452963,-2.8342967,0.97917116,-3.5548258,-16731116
52,51,53,54,"null","null","null",2,7.4,0.90939677,-2.190558,0.44105536,-3.827052,-16731116
