index,parent,child1,child2,name1,name2,common,richness,lengthbr,hxmax,hxmin,hymax,hymin
0,-268258142,1,193,"null","null","null",263,68.799995,0.3238794,-3.6018004,2.5519614,-268258142.21182
1,0,2,188,"null","null","null",205,64.7,0.55929744,-3.39391,1.6207746,-2.6721122
2,1,3,17,"null","null","null",202,22.5,0.80198634,-2.7202377,0.5171546,-3.4975262
3,2,-268350464,4,"null","null","null",116,22.5,2.3613293,-1.9577174,0.50423604,-3.4866838
4,3,5,14,"null","null","null",7,8.248073,0.44286594,-3.3444946,1.9094224,-2.543431
5,4,6,13,"null","null","null",5,8.248073,0.72911835,-2.660829,0.7546987,-3.436424
6,5,7,12,"null","null","null",4,8.248073,2.3305619,-2.0763695,0.48397252,-3.4921467
7,6,8,11,"null","null","null",3,8.248073,3.473506,-1.089208,0.6459121,-2.907011
8,7,9,10,"null","null","null",2,8.248073,3.8167195,-0.41856888,0.7310578,-2.238163
14,4,15,16,"null","null","null",2,8.248073,1.6917348,-2.126794,3.5885613,-0.35959995
17,2,18,153,"null","null","null",86,18.880512,0.82108676,-3.552108,2.6047683,-1.0751505
18,17,19,102,"null","null","null",68,18.0,0.5419733,-3.4007163,1.8248655,-2.5731778
19,18,20,89,"null","null","null",42,9.200001,0.6619247,-2.7339172,0.6720467,-3.4750948
20,19,21,80,"null","null","null",35,8.751229,2.15973,-2.0607502,0.48397252,-3.5424185
21,20,22,55,"null","null","null",30,8.751229,3.2514246,-0.8957361,0.6459121,-2.9723644
22,21,23,42,"null","null","null",17,8.751229,3.5280137,-0.41856888,1.8281019,-2.3231223
23,22,24,39,"null","null","null",10,8.751229,3.065714,-0.6167598,3.1183991,-1.2878778
24,23,25,38,"null","null","null",8,8.751229,2.340822,-1.3385733,3.6562035,-0.34807926
25,24,26,37,"null","null","null",7,8.751229,1.6917316,-2.753822,3.3983078,-0.5755006
26,25,27,34,"null","null","null",6,8.751229,0.33848977,-3.4974651,2.7278001,-1.044389
27,26,28,33,"null","null","null",4,8.751229,0.52359605,-3.4058878,1.9384017,-2.607283
28,27,29,32,"null","null","null",3,8.751229,0.6580922,-2.752129,0.8675231,-3.6250997
29,28,30,31,"null","null","null",2,8.751229,1.0880196,-2.1365566,0.4628849,-3.8261666
34,26,35,36,"null","null","null",2,8.751229,2.3612087,-0.4184208,3.664688,-0.79509544
39,23,40,41,"null","null","null",2,8.751229,2.8755598,-1.197184,0.3171611,-3.108158
42,22,43,52,"null","null","null",7,8.751229,2.0156503,-2.3054097,0.6001831,-3.5166678
43,42,44,51,"null","null","null",5,8.751229,3.1657667,-1.197184,0.63761306,-2.969975
44,43,45,50,"null","null","null",4,8.751229,3.514793,-0.3955173,1.6992316,-2.279177
45,44,46,49,"null","null","null",3,8.751229,3.0981092,-0.60428834,3.0448883,-1.5045842
46,45,47,48,"null","null","null",2,8.751229,2.3612087,-0.6619246,3.664688,-0.32388085
52,42,53,54,"null","null","null",2,8.751229,0.52348316,-3.7908006,2.0102296,-1.4433415
55,21,56,79,"null","null","null",13,8.751229,0.44187522,-2.772562,0.902599,-3.387022
56,55,57,74,"null","null","null",12,8.751229,2.0156503,-2.1631181,0.46288437,-3.5166678
57,56,58,69,"null","null","null",9,8.751229,3.1657667,-1.0032645,0.63761306,-2.969975
58,57,59,68,"null","null","null",6,8.751229,3.514793,-0.3955173,1.7809238,-2.279177
59,58,60,65,"null","null","null",5,8.751229,3.0981092,-0.60428834,3.1510882,-1.4209479
60,59,61,64,"null","null","null",3,8.751229,2.3612087,-0.66484976,3.8027482,-0.32388085
61,60,62,63,"null","null","null",2,8.751229,1.7788374,-1.9610459,3.6551375,-0.55929846
65,59,66,67,"null","null","null",2,8.751229,2.738492,-1.3026805,0.3032005,-3.2226999
69,57,70,73,"null","null","null",3,8.751229,0.3445292,-2.834299,0.9791745,-3.5548234
70,69,71,72,"null","null","null",2,8.751229,0.90939116,-2.1905596,0.44105467,-3.8270519
74,56,75,78,"null","null","null",3,8.751229,0.52348316,-3.4706445,2.0102296,-2.143404
75,74,76,77,"null","null","null",2,8.751229,0.65274763,-2.8544147,0.9791745,-3.1268
80,20,81,88,"null","null","null",5,8.751229,0.48358613,-3.405889,1.9384036,-2.487041
81,80,82,87,"null","null","null",4,8.751229,0.6580921,-2.7521312,0.8675258,-3.4687872
82,81,83,86,"null","null","null",3,8.751229,1.7924141,-2.136558,0.46288437,-3.6229625
83,82,84,85,"null","null","null",2,8.751229,2.8755598,-1.197184,0.63761306,-3.108158
89,19,90,97,"null","null","null",7,4.7897153,0.84492123,-3.4974644,2.7891612,-1.0443852
90,89,91,96,"null","null","null",4,4.7897153,0.5235956,-3.405889,1.9384036,-2.60728
91,90,92,95,"null","null","null",3,4.7897153,0.6580921,-2.7521312,0.8675258,-3.625098
92,91,93,94,"null","null","null",2,4.7897153,1.0880151,-2.136558,0.46288437,-3.8261666
97,89,98,101,"null","null","null",3,4.7897153,2.361209,-0.6648422,3.8027482,-0.79509616
98,97,99,100,"null","null","null",2,4.7897153,1.7788409,-1.9610388,3.6551402,-0.5592979
102,18,103,148,"null","null","null",26,13.898716,1.5297158,-2.7607102,3.398308,-0.35959995
103,102,104,145,"null","null","null",23,13.898716,0.33849293,-3.5064235,2.7278006,-0.9701154
104,103,105,142,"null","null","null",21,13.898716,0.5235953,-3.417537,2.0181746,-2.5107303
105,104,106,131,"null","null","null",19,13.898716,0.658092,-2.7672737,0.72600555,-3.4995852
106,105,107,124,"null","null","null",13,13.898716,2.015648,-2.1562424,0.462884,-3.663001
107,106,108,117,"null","null","null",9,13.898716,3.1657653,-1.0032662,0.63761294,-3.1602087
108,107,109,114,"null","null","null",5,13.898716,3.5147927,-0.39551693,1.699229,-2.5264804
109,108,110,113,"null","null","null",3,13.898716,3.0981097,-0.60428816,3.0448864,-1.504586
110,109,111,112,"null","null","null",2,13.898716,2.361209,-0.66192466,3.6646872,-0.3238805
114,108,115,116,"null","null","null",2,13.898716,0.9093885,-2.1905603,0.6366825,-3.827052
117,107,118,121,"null","null","null",4,13.898716,0.344529,-2.8343003,0.916963,-3.5548224
118,117,119,120,"null","null","null",2,13.898716,0.9093885,-2.1905603,0.44105434,-3.827052
121,117,122,123,"null","null","null",2,13.898716,0.8857579,-3.3442557,2.571185,-0.37080058
124,106,125,130,"null","null","null",4,13.898716,0.52348375,-3.4551716,2.0102305,-2.472651
125,124,126,129,"null","null","null",3,13.898716,0.6527475,-2.8343003,0.9791763,-3.5548224
126,125,127,128,"null","null","null",2,13.898716,0.9093885,-2.1905603,0.44105434,-3.827052
131,105,132,139,"null","null","null",6,13.898716,0.86650693,-3.473287,2.7414122,-0.8876195
132,131,133,138,"null","null","null",4,13.898716,0.50423646,-3.4551716,2.0102305,-2.472651
133,132,134,137,"null","null","null",3,13.898716,0.6527475,-2.8343003,0.9791763,-3.5548224
134,133,135,136,"null","null","null",2,13.898716,0.9093885,-2.1905603,0.44105434,-3.827052
139,131,140,141,"null","null","null",2,13.898716,2.3745222,-0.40725178,3.5997522,-0.8210863
142,104,143,144,"null","null","null",2,13.898716,1.7788415,-1.9610368,3.6551409,-0.40148243
145,103,146,147,"null","null","null",2,13.898716,2.3612094,-0.41842037,3.664685,-0.79509664
148,102,149,152,"null","null","null",3,13.898716,3.0981102,-0.2750001,3.0448825,-1.5045884
149,148,150,151,"null","null","null",2,13.898716,2.3612094,-0.6619247,3.664685,-0.32387987
153,17,154,181,"null","null","null",18,12.251334,2.5084987,-1.3840446,3.4931817,-0.76705396
154,153,155,172,"null","null","null",14,11.186095,1.5297165,-2.8129377,3.1863818,-0.5755001
155,154,156,171,"null","null","null",9,11.186095,0.52729076,-3.5743198,2.4522963,-0.90350974
156,155,157,170,"null","null","null",8,11.186095,0.5235953,-3.5058022,1.9384048,-2.4241428
157,156,158,167,"null","null","null",7,11.186095,0.658092,-2.8820186,0.58310854,-3.3870215
158,157,159,164,"null","null","null",5,11.186095,2.1815753,-2.3054109,0.462884,-3.5166683
159,158,160,163,"null","null","null",3,11.186095,3.381471,-1.1971854,0.63761294,-2.969976
160,159,161,162,"null","null","null",2,11.186095,3.7952101,-0.39551693,0.64591193,-2.2791777
164,158,165,166,"null","null","null",2,11.186095,0.52348375,-3.790801,2.0102305,-1.4433389
167,157,168,169,"null","null","null",2,11.186095,0.86650693,-3.4392195,2.4198937,-0.38339463
172,154,173,180,"null","null","null",5,11.186095,3.0981102,-0.27500042,2.8598056,-1.5045891
173,172,174,179,"null","null","null",4,11.186095,2.3612094,-1.1773174,3.4240856,-0.3238797
174,173,175,178,"null","null","null",3,11.186095,1.7788428,-2.6272583,3.16288,-0.55929756
175,174,176,177,"null","null","null",2,11.186095,0.6411398,-3.4392166,2.4198985,-0.66423047
181,153,182,187,"null","null","null",4,5.8760457,3.514792,-0.70526147,1.6992238,-2.2791781
182,181,183,186,"null","null","null",3,5.8760457,3.0981102,-0.6042878,3.0448818,-1.5045891
183,182,184,185,"null","null","null",2,5.8760457,2.3612094,-0.6619248,3.6646848,-0.3238797
188,1,189,192,"null","null","null",3,13.353388,1.6001978,-2.9140012,3.120006,-0.31738424
189,188,190,191,"null","null","null",2,13.353388,0.4136094,-3.5997503,2.3745227,-0.66423047
193,0,194,291,"null","null","null",58,67.5,2.5326,-1.5005674,3.4890275,-0.73706996
194,193,195,264,"null","null","null",49,62.699997,1.5289097,-2.8773525,3.120006,-0.5905163
195,194,196,263,"null","null","null",35,56.983383,0.4136094,-3.5521073,2.3745227,-1.087872
196,195,197,248,"null","null","null",34,44.199997,0.541973,-3.4007165,1.8248668,-2.589717
197,196,198,237,"null","null","null",26,40.837532,0.6764333,-2.7339177,0.52233005,-3.4965973
198,197,199,224,"null","null","null",20,37.549015,2.2620723,-2.1051571,0.48397225,-3.570373
199,198,200,217,"null","null","null",13,32.14951,3.384471,-0.8866574,0.645912,-3.008706
200,199,201,212,"null","null","null",9,32.14951,3.7009754,-0.41856855,1.9146957,-2.3703659
201,200,202,209,"null","null","null",6,32.14951,3.290565,-0.61675966,3.2309725,-1.28788
202,201,203,206,"null","null","null",4,32.14951,2.633128,-0.8562454,3.8025503,-0.34807888
203,202,204,205,"null","null","null",2,32.14951,1.691733,-2.1267972,3.5885596,-0.57550037
206,202,207,208,"null","null","null",2,32.14951,3.7952101,-0.7052609,0.5537288,-2.2791777
209,201,210,211,"null","null","null",2,32.14951,2.875558,-1.1971854,0.3171609,-3.10816
212,200,213,216,"null","null","null",3,32.14951,1.7924114,-2.1365585,0.6001837,-3.6229634
213,212,214,215,"null","null","null",2,32.14951,2.875558,-1.1971854,0.63761294,-3.10816
217,199,218,223,"null","null","null",4,32.14951,0.35782802,-2.7521324,0.9025992,-3.4687867
218,217,219,222,"null","null","null",3,32.14951,1.7924114,-2.1365585,0.462884,-3.6229634
219,218,220,221,"null","null","null",2,32.14951,2.875558,-1.1971854,0.63761294,-3.10816
224,198,225,234,"null","null","null",7,24.390368,0.48358673,-3.5058022,2.0181746,-2.487039
225,224,226,233,"null","null","null",5,24.390368,0.658092,-2.8820186,0.8675277,-3.4687867
226,225,227,230,"null","null","null",4,24.390368,1.7924114,-2.3054109,0.462884,-3.6229634
227,226,228,229,"null","null","null",2,24.390368,2.875558,-1.1971854,0.63761294,-3.10816
230,226,231,232,"null","null","null",2,24.390368,0.52348375,-3.790801,2.0102305,-1.4433389
234,224,235,236,"null","null","null",2,24.390368,1.7788415,-1.9610368,3.6551409,-0.40148243
237,197,238,247,"null","null","null",6,22.458216,0.8449216,-3.4974642,2.4522963,-0.9518914
238,237,239,246,"null","null","null",5,22.458216,0.5235953,-3.4058897,1.9384048,-2.487039
239,238,240,245,"null","null","null",4,22.458216,0.658092,-2.7521324,0.8675277,-3.4687867
240,239,241,244,"null","null","null",3,22.458216,1.7924114,-2.1365585,0.462884,-3.6229634
241,240,242,243,"null","null","null",2,22.458216,2.875558,-1.1971854,0.63761294,-3.10816
248,196,249,262,"null","null","null",8,25.8,1.691736,-2.7538168,3.3983083,-0.3596006
249,248,250,259,"null","null","null",7,24.143251,0.33849406,-3.4974637,2.7278008,-1.0443802
250,249,251,256,"null","null","null",5,24.143251,0.523595,-3.4058905,2.018176,-2.6072757
251,250,252,255,"null","null","null",3,24.143251,0.658092,-2.7521336,0.8675292,-3.6250958
252,251,253,254,"null","null","null",2,24.143251,1.0880096,-2.1365595,0.4628837,-3.8261666
256,250,257,258,"null","null","null",2,24.143251,1.7788428,-1.9610344,3.6551418,-0.40148306
259,249,260,261,"null","null","null",2,24.143251,2.3612094,-0.4184202,3.6646843,-0.795097
264,194,265,282,"null","null","null",14,43.40331,3.2806325,-0.28912753,2.9929948,-1.2264686
265,264,266,277,"null","null","null",9,43.40331,2.6202152,-1.4981325,3.4931827,-0.34807807
266,265,267,272,"null","null","null",6,43.40331,1.5297186,-2.961254,3.1863844,-0.5754997
267,266,268,271,"null","null","null",3,43.40331,0.52729416,-3.7671332,2.4522996,-0.665
268,267,269,270,"null","null","null",2,43.40331,0.52359474,-3.756462,1.9384072,-1.6186279
272,266,273,276,"null","null","null",3,43.40331,3.098111,-0.27500138,3.0448787,-1.5045913
273,272,274,275,"null","null","null",2,43.40331,2.3612099,-0.66192484,3.664683,-0.32387912
277,265,278,281,"null","null","null",3,43.40331,3.766151,-0.7052622,1.2371159,-2.2791793
278,277,279,280,"null","null","null",2,43.40331,3.4248781,-0.6042875,2.4441435,-1.5045913
282,264,283,288,"null","null","null",5,43.40331,3.3591146,-1.0122135,0.31716043,-2.9699783
283,282,284,287,"null","null","null",3,43.40331,3.766151,-0.39551598,1.2371159,-2.2791793
284,283,285,286,"null","null","null",2,43.40331,3.4248781,-0.6042875,2.4441435,-1.5045913
288,282,289,290,"null","null","null",2,43.40331,0.34452844,-2.854424,0.9791818,-3.1267924
291,193,292,303,"null","null","null",9,36.373096,3.700976,-0.6717558,1.7065685,-2.3703692
292,291,293,302,"null","null","null",6,36.373096,3.290567,-0.6167593,2.9604094,-1.4052896
293,292,294,299,"null","null","null",5,36.373096,2.6331298,-1.3545592,3.4508216,-0.34807807
294,293,295,298,"null","null","null",3,36.373096,1.6917374,-2.7746086,3.1313152,-0.5754997
295,294,296,297,"null","null","null",2,36.373096,0.52729416,-3.5244944,2.3807096,-0.665
299,293,300,301,"null","null","null",2,36.373096,3.795209,-0.7052622,0.55371946,-2.2791793
303,291,304,307,"null","null","null",3,36.373096,1.7924044,-2.1365607,0.6001846,-3.6229672
304,303,305,306,"null","null","null",2,36.373096,2.875552,-1.19719,0.6376126,-3.1081657
