index,parent,child1,child2,name1,name2,common,richness,lengthbr,hxmax,hxmin,hymax,hymin,color
0,-268381011,1,40,"","null","Swallows",31,14.348918,3.2448387,-0.6042887,2.9239225,-1.3808092,-16731116
1,0,2,23,"null","null","null",20,13.256814,2.5519576,-1.1974893,3.5074303,-0.32388148,-16731116
2,1,3,20,"null","null","null",11,11.650618,1.7948534,-2.6534753,3.2712228,-0.5592989,-16731116
3,2,4,19,"null","null","null",9,7.2447677,0.641129,-3.473289,2.5607443,-0.75180197,-16731116
4,3,5,18,"null","null","null",8,4.11612,0.5042378,-3.4551682,2.010226,-2.296084,-16731116
5,4,6,15,"null","null","null",7,3.5492773,0.6527479,-2.8342948,0.7274634,-3.3252785,-16731116
6,5,7,14,"null","null","null",5,2.777871,2.026291,-2.1905565,0.44105583,-3.5286388,-12486656
7,6,8,11,"null","null","null",4,1.9476825,3.2790883,-1.1514413,0.6278835,-3.0229423,-12486656
8,7,9,10,"null","null","null",2,1.3010057,3.7626114,-0.37199128,0.6527469,-2.3134394,-16731116
11,7,12,13,"null","null","null",2,0.08474746,0.33095652,-2.9852276,1.0892005,-3.0051742,-11184866
15,5,16,17,"null","null","null",2,0.41680846,0.88575673,-3.3442605,2.5711775,-0.37080142,-16731116
20,2,21,22,"null","null","null",2,3.4651618,3.5116992,-0.3173806,2.288054,-1.6001905,-16731116
23,1,24,35,"null","null","null",9,11.381348,3.48903,-0.7370672,1.4436011,-2.5455341,-16731116
24,23,25,32,"null","null","null",6,9.679433,3.1200044,-0.59051746,2.8032897,-1.5501366,-16731116
25,24,26,31,"null","null","null",4,8.473741,2.3745215,-0.9977424,3.4558167,-0.41359985,-16731116
26,25,27,30,"null","null","null",3,6.8272877,1.8611674,-2.4725418,3.2755322,-0.54197454,-16731116
27,26,28,29,"null","null","null",2,3.1326997,0.75469124,-3.3442605,2.5711775,-0.66192496,-16731116
32,24,33,34,"null","null","null",2,6.0318904,2.5945022,-1.4052817,0.28912875,-3.3284092,-16731116
35,23,36,39,"null","null","null",3,7.267544,1.4251065,-2.2381618,0.6717531,-3.7300882,-16731116
36,35,37,38,"null","null","null",2,4.7084455,2.5945022,-1.4052817,0.6167602,-3.3284092,-16731116
40,0,41,58,"null","null","null",11,13.6372385,3.0686378,-1.1514469,0.30320084,-3.1323924,-16731116
41,40,42,51,"null","null","null",9,8.955958,3.48903,-0.37199032,1.641892,-2.455723,-16731116
42,41,43,48,"null","null","null",5,5.7744913,3.1200044,-0.59051746,3.0610676,-1.5501366,-16731116
43,42,44,47,"null","null","null",3,4.4314456,2.3745215,-0.66423035,3.7909281,-0.41359985,-16731116
44,43,45,46,"null","null","null",2,2.61103,1.8611674,-1.7914399,3.711177,-0.54197454,-16731116
48,42,49,50,"null","null","null",2,1.9365176,2.5945022,-1.4052817,0.28912875,-3.3284092,-16731116
51,41,52,57,"null","null","null",4,7.7330823,1.8652904,-2.2381618,0.6717531,-3.5280132,-12486656
52,51,53,56,"null","null","null",3,6.863876,3.1667411,-1.4052817,0.6167602,-3.0657122,-12486656
53,52,54,55,"null","null","null",2,5.620099,3.719045,-0.34807998,0.6580918,-2.3408208,-11184866
58,40,59,60,"null","null","null",2,7.772026,0.33095595,-2.9852326,1.0892045,-3.005169,-16731116
