index,parent,child1,child2,name1,name2,common,richness,lengthbr,hxmax,hxmin,hymax,hymin,color
0,-268061587,1,36,"null","null","null",21,44.699997,3.4484384,-0.9169636,0.3839339,-2.895844,-12486656
1,0,2,29,"Suidae","null","Pig family",18,26.4,3.6887577,-0.44105315,1.9931467,-2.2705646,-12486656
2,1,3,26,"null","null","null",14,21.7,3.231102,-0.6278822,3.2360132,-1.1514597,-12486656
3,2,4,23,"null","null","null",12,21.5,2.5840425,-1.4749742,3.7066274,-0.3719881,-12486656
4,3,5,22,"null","null","null",10,21.5,1.6002007,-2.8440835,3.4028873,-0.590516,-12486656
5,4,6,15,"Sus","null","null",9,9.7,0.3917426,-3.5088603,2.742268,-1.1987886,-11184866
6,5,7,12,"null","null","null",5,9.7,0.5419725,-3.3444977,1.9094278,-2.733911,-11184866
7,6,8,11,"null","null","null",3,9.7,0.6619246,-2.6608334,0.75470394,-3.684053,-11184866
8,7,9,10,"null","null","null",2,5.0,1.2662228,-2.0763726,0.4839716,-3.814068,-11184866
12,6,13,14,"null","null","null",2,9.7,1.6917387,-2.1267867,3.5885649,-0.35960186,-8572416
15,5,16,19,"null","null","null",4,9.7,2.6331306,-0.8562327,3.8025513,-0.76705533,-12486656
16,15,17,18,"null","null","null",2,9.7,1.6917396,-2.126786,3.5885649,-0.57549936,-11184866
19,15,20,21,"null","null","null",2,9.7,3.795208,-0.7052629,0.55371547,-2.27918,-16731116
23,3,24,25,"Potamochoerus","null","null",2,7.0,3.8167186,-0.6717566,0.7310459,-2.2381659,-16731116
26,2,27,28,"Phacochoerus","null","null",2,18.6,3.0051577,-1.0892141,0.33095467,-2.9852443,-16731116
29,1,30,33,"Babyrousa","null","null",4,16.3,1.9702901,-2.2165644,0.5624025,-3.5523252,-11184866
30,29,31,32,"null","null","null",2,16.3,3.0051577,-1.0892141,0.64591175,-2.9852443,-11184866
33,29,34,35,"null","null","null",2,16.3,0.4835881,-3.7564626,1.9384077,-1.6186256,-11184866
36,0,37,40,"Tayassuidae","null","null",3,21.9,0.3707999,-2.6608334,0.8857589,-3.6840534,-12486656
37,36,38,39,"null","null","null",2,8.4,1.2662215,-2.0763724,0.4839717,-3.8140683,-11184866
