index,parent,child1,child2,name1,name2,common,richness,lengthbr,hxmax,hxmin,hymax,hymin,color
0,-268116992,1,185,"Gymnophiona","null","Caecilians",148,220.70001,1.1927601,-3.2007194,3.1829336,-0.30319995,-16731116
1,0,2,98,"null","null","null",139,190.80002,0.371989,-3.6607413,2.521425,-1.504777,-16731116
2,1,3,81,"CAECILIIDAE","null","Common Caecilians",95,157.20001,0.59051657,-3.3432329,1.5333222,-2.8828235,-16731116
3,2,-268008448,4,"null","null","null",86,149.20001,1.1121988,-2.664718,0.33634722,-3.5592175,-16731116
4,3,5,70,"null","null","null",39,146.1,0.7670539,-3.628069,2.5084984,-1.3400925,-16731116
5,4,6,47,"null","null","null",33,121.200005,0.5755002,-3.3617346,1.636499,-2.7557993,-16731116
6,5,7,32,"null","null","null",21,110.200005,0.90351015,-2.680255,0.4773112,-3.500039,-16731116
7,6,8,29,"null","null","null",13,102.8,2.4241428,-2.0181746,0.52359545,-3.4092367,-16731116
8,7,9,20,"null","null","null",11,93.5,3.3870213,-0.6457132,0.658092,-2.7564833,-16731116
9,8,10,19,"null","null","null",6,52.4,3.516669,-0.46288383,2.015645,-2.1365595,-16731116
10,9,11,18,"null","null","null",5,47.06801,2.9699774,-0.63761276,3.165763,-1.1971881,-16731116
11,10,12,17,"null","null","null",4,47.06801,2.2791786,-1.6992228,3.514792,-0.3955164,-16731116
12,11,13,16,"null","null","null",3,47.06801,1.5045897,-3.044881,3.0981104,-0.60428774,-16731116
13,12,14,15,"null","null","null",2,47.06801,0.32387957,-3.6646843,2.3612094,-0.6619248,-16731116
20,8,21,28,"null","null","null",5,62.756054,0.8876157,-2.5607529,0.8665072,-3.4732873,-16731116
21,20,22,27,"null","null","null",4,62.756054,2.4726472,-2.010232,0.5042361,-3.455173,-16731116
22,21,23,26,"null","null","null",3,62.756054,3.55482,-0.97918,0.6527474,-2.8343027,-16731116
23,22,24,25,"null","null","null",2,62.756054,3.827052,-0.4410537,0.909381,-2.190562,-16731116
29,7,30,31,"null","null","null",2,51.6,0.40148243,-3.6551409,1.7788416,-1.9610372,-12486656
32,6,33,44,"null","null","null",8,75.267784,0.7950964,-3.5577078,2.6735516,-1.204524,-16731116
33,32,34,43,"null","null","null",6,75.267784,0.5592978,-3.3365881,1.7788413,-2.6626258,-16731116
34,33,35,42,"null","null","null",5,75.267784,0.66423047,-2.6457193,0.64113706,-3.485192,-16731116
35,34,36,39,"null","null","null",4,75.267784,2.143398,-2.120689,0.50423634,-3.4706485,-16731116
36,35,37,38,"null","null","null",2,75.267784,3.1267953,-0.9791791,0.65274745,-2.8544207,-16731116
39,35,40,41,"null","null","null",2,75.267784,0.44286576,-3.7111812,1.8611733,-1.7914268,-11513776
44,32,45,46,"null","null","null",2,75.267784,2.3134427,-0.43901795,3.7626076,-0.73706925,-16777216
47,5,48,65,"null","null","null",12,102.5,1.3321719,-2.9239187,3.3383732,-0.27500004,-16731116
48,47,49,62,"null","null","null",9,90.6,0.32388002,-3.5074315,2.6735516,-1.204524,-16731116
49,48,50,57,"null","null","null",7,80.23734,0.5592978,-3.271229,1.6207731,-2.6626258,-12486656
50,49,51,56,"null","null","null",4,80.23734,0.66423047,-2.5607524,0.64113706,-3.485192,-16731116
51,50,52,55,"null","null","null",3,80.23734,2.143398,-2.0102317,0.50423634,-3.4706485,-11513776
52,51,53,54,"null","null","null",2,80.23734,3.1267953,-0.9791791,0.65274745,-2.8544207,-11513776
57,49,58,61,"null","null","null",3,80.23734,1.6001961,-2.9140038,3.1200056,-0.31738356,-11184866
58,57,59,60,"null","null","null",2,80.23734,0.41360694,-3.5997517,2.3745222,-0.66423047,-11184866
62,48,63,64,"null","null","null",2,28.581118,2.3134427,-0.43901795,3.7626076,-0.73706925,-16731116
65,47,66,69,"null","null","null",3,45.316696,3.022947,-0.3032,3.2790782,-1.3026847,-16731116
66,65,67,68,"null","null","null",2,45.316696,2.3134427,-0.6527474,3.7626076,-0.3719891,-16731116
70,4,71,76,"null","null","null",6,24.3,2.4621468,-1.6992253,3.5147924,-0.7052612,-16731116
71,70,72,75,"null","null","null",3,14.899477,1.5045879,-3.044883,3.0981102,-0.6042879,-11513776
72,71,73,74,"null","null","null",2,14.899477,0.32387996,-3.6646852,2.3612092,-0.6619247,-11513776
76,70,77,80,"null","null","null",3,14.899477,3.6822996,-0.6366831,1.6104363,-2.1905613,-16731116
77,76,78,79,"null","null","null",2,14.899477,3.222705,-0.6278826,2.7384858,-1.3026849,-16731116
81,2,82,95,"null","null","null",9,99.0,1.2878816,-2.992996,3.290565,-0.28912786,-16731116
82,81,83,92,"null","null","null",7,87.67657,0.34807867,-3.4931817,2.6331282,-1.4981369,-12486656
83,82,84,89,"null","null","null",5,87.67657,0.57550013,-3.1863816,1.6749449,-2.9612572,-11184866
84,83,85,88,"null","null","null",3,87.67657,0.665,-2.452296,0.52729005,-3.7671347,-11184866
85,84,86,87,"null","null","null",2,87.67657,1.6186322,-1.9384048,0.52359533,-3.7564611,-16731116
89,83,90,91,"null","null","null",2,87.67657,1.504588,-2.4441488,3.4248753,-0.2750001,-11513776
92,82,93,94,"null","null","null",2,87.67657,2.2791781,-0.5537247,3.7952094,-0.7052613,-16731116
95,81,96,97,"null","null","null",2,31.231022,3.1081624,-0.3171608,2.8755553,-1.1971872,-16731116
98,1,99,176,"ICHTHYOPHIIDAE","null","Asiatic Tailed Caecilians",44,73.6,2.3231242,-1.8202622,3.6758344,-0.67175514,-16731116
99,98,100,167,"null","null","null",39,36.1,1.2264661,-3.1082096,3.2578819,-0.61675954,-16731116
100,99,101,148,"null","null","null",34,34.748047,0.34807864,-3.6429596,2.5906398,-1.3385688,-16731116
101,100,102,137,"null","null","null",24,34.748047,0.57550013,-3.381093,1.5297159,-2.7538188,-16731116
102,101,103,122,"null","null","null",18,34.748047,0.90351,-2.705421,0.33849257,-3.4974647,-16731116
103,102,104,115,"null","null","null",10,34.748047,2.4241428,-1.847547,0.52359533,-3.4058905,-16731116
104,103,105,112,"null","null","null",6,34.748047,3.3870213,-0.58311045,0.658092,-2.7521334,-16731116
105,104,106,111,"null","null","null",4,34.748047,3.516669,-0.46288383,2.1815722,-2.1365595,-16731116
106,105,107,110,"null","null","null",3,34.748047,2.9699774,-0.63761276,3.3814683,-1.1971881,-16731116
107,106,108,109,"null","null","null",2,34.748047,2.2791786,-0.6459122,3.795209,-0.3955164,-16731116
112,104,113,114,"null","null","null",2,34.748047,0.38339454,-2.4198968,0.8665072,-3.439218,-16777216
115,103,116,121,"null","null","null",4,34.748047,0.40148243,-3.271229,1.7788416,-2.852065,-16731116
116,115,117,120,"null","null","null",3,34.748047,0.66423047,-2.5607524,0.64113736,-3.7314634,-16731116
117,116,118,119,"null","null","null",2,34.748047,1.4433353,-2.0102317,0.5042362,-3.7908018,-16731116
122,102,123,136,"null","null","null",8,34.748047,0.7950965,-3.6143312,2.3612092,-1.3502469,-12486656
123,122,124,131,"null","null","null",7,34.748047,0.5592978,-3.4101982,1.6207731,-2.8520656,-12486656
124,123,125,128,"null","null","null",4,34.748047,0.66423047,-2.7414122,0.41482216,-3.7314637,-11184866
125,124,126,127,"null","null","null",2,34.748047,1.4433353,-2.0102317,0.50423634,-3.7908018,-11184866
128,124,129,130,"null","null","null",2,34.748047,0.8210864,-3.5997517,2.3745222,-0.40725172,-11513776
131,123,132,135,"null","null","null",3,34.748047,1.6001961,-2.9140038,3.1200056,-0.31738356,-16731116
132,131,133,134,"null","null","null",2,34.748047,0.41360694,-3.5997517,2.3745222,-0.66423047,-16731116
137,101,138,145,"null","null","null",6,34.748047,1.4209534,-2.8598056,3.0981102,-0.2750001,-16731116
138,137,139,144,"null","null","null",4,34.748047,0.3238799,-3.4240847,2.3612094,-1.1773202,-16731116
139,138,140,143,"null","null","null",3,34.748047,0.55929774,-3.162878,1.7788416,-2.6272612,-16731116
140,139,141,142,"null","null","null",2,34.748047,0.66423047,-2.419896,0.64113736,-3.4392183,-11513776
145,137,146,147,"null","null","null",2,34.748047,3.222705,-0.30319995,2.7384856,-1.3026851,-11513776
148,100,149,162,"null","null","null",10,34.748047,2.4621472,-1.5568576,3.6996102,-0.7052613,-12486656
149,148,150,159,"null","null","null",7,34.748047,1.4209538,-2.8598053,3.3383734,-0.60428786,-12486656
150,149,151,156,"null","null","null",5,34.748047,0.32387987,-3.4240847,2.6735516,-1.1773202,-16731116
151,150,152,155,"null","null","null",3,34.748047,0.55929774,-3.162878,1.7788416,-2.6272612,-11513776
152,151,153,154,"null","null","null",2,34.748047,0.66423047,-2.419896,0.64113736,-3.4392183,-11513776
156,150,157,158,"null","null","null",2,34.748047,2.313443,-0.43901792,3.7626076,-0.7370694,-16731116
159,149,160,161,"null","null","null",2,34.748047,3.2227054,-0.30319992,2.7384853,-1.3026854,-11184866
162,148,163,166,"null","null","null",3,34.748047,3.6822996,-0.6366832,1.6104357,-2.1905618,-11513776
163,162,164,165,"null","null","null",2,34.748047,3.2227054,-0.62788254,2.7384856,-1.3026853,-11513776
167,99,168,173,"null","null","null",5,15.859077,2.969977,-0.31716076,3.3591158,-1.0122098,-11513776
168,167,169,172,"null","null","null",3,15.859077,2.2791781,-1.2371216,3.76615,-0.39551654,-11513776
169,168,170,171,"null","null","null",2,15.859077,1.5045884,-2.4441485,3.4248753,-0.60428786,-11513776
173,167,174,175,"null","null","null",2,15.859077,3.1267955,-0.9791788,0.3445288,-2.8544202,-11513776
176,98,177,184,"","null","Indian Caecilians",5,39.6,3.5166688,-0.60018384,2.1643782,-2.1365592,-11513776
177,176,178,183,"null","null","null",4,39.6,2.969977,-0.6376128,3.3591158,-1.1971873,-11513776
178,177,179,182,"null","null","null",3,39.6,2.2791781,-1.2371216,3.76615,-0.39551657,-11513776
179,178,180,181,"null","null","null",2,39.6,1.5045884,-2.4441485,3.4248753,-0.60428786,-11513776
185,0,186,201,"RHINATREMATIDAE","null","Neotropical Tailed Caecilians",9,147.90001,3.0781772,-0.3309552,3.2514236,-1.0892096,-16731116
186,185,187,198,"null","null","null",8,139.97177,2.4606786,-1.9146953,3.5280137,-0.41856855,-16731116
187,186,188,193,"null","null","null",6,139.97177,1.2264657,-3.2309723,3.0657146,-0.6167596,-16731116
188,187,189,192,"null","null","null",3,139.97177,0.34807873,-3.8025508,2.3408225,-0.8562428,-11513776
189,188,190,191,"null","null","null",2,139.97177,0.5755002,-3.5885608,1.6917344,-2.1267946,-11513776
193,187,194,197,"null","null","null",3,139.97177,2.969977,-0.31716082,3.3814697,-1.1971871,-16731116
194,193,195,196,"null","null","null",2,139.97177,2.2791781,-0.64591205,3.7952096,-0.39551663,-16731116
198,186,199,200,"null","null","null",2,139.97177,3.8261669,-0.6001838,1.0880104,-2.136559,-16731116
