index,parent,child1,child2,name1,name2,common,richness,lengthbr,hxmax,hxmin,hymax,hymin,color
0,-268435379,1,179,"null","null","null",187,112.1235,2.8786826,-0.65274733,3.4161112,-0.76731753,-11184866
1,0,2,166,"null","null","null",184,90.98303,2.2438178,-1.9506574,3.646731,-0.44105357,-11184866
2,1,3,161,"null","null","null",177,82.422516,1.1166892,-3.1807752,3.1764662,-0.62788236,-11184866
3,2,4,137,"null","null","null",174,77.2683,0.3719885,-3.634816,2.5130167,-1.4721657,-11184866
4,3,5,105,"null","null","null",135,60.872627,0.5905163,-3.309531,1.4907149,-2.84043,-11184866
5,4,6,88,"null","null","null",75,57.471767,1.1121973,-2.6209052,0.38599873,-3.5041075,-11184866
6,5,7,49,"null","null","null",66,51.296036,2.621339,-1.8248659,0.54197323,-3.338316,-8572416
7,6,8,48,"null","null","null",46,44.60639,3.537705,-0.7546993,0.67643464,-2.6527967,-8572416
8,7,-268337152,9,"null","null","null",45,39.212006,3.6238122,-0.48397243,2.2620735,-2.065927,-8572416
9,8,10,45,"null","null","null",20,32.793423,2.4882057,-2.0181732,0.48358634,-3.4175363,-11184866
10,9,11,42,"null","null","null",18,30.358288,3.470302,-0.58310705,0.6580921,-2.7672725,-11184866
11,10,12,35,"null","null","null",16,29.153055,3.6249325,-0.46288425,2.1250088,-2.1562414,-11184866
12,11,13,32,"","null","Asian Leaf Turtles",12,20.234266,3.1107192,-0.637613,3.3079333,-1.0122055,-12486656
13,12,14,25,"null","null","null",10,13.195812,2.4621441,-1.7809231,3.6996102,-0.39551717,-12486656
14,13,15,22,"null","null","null",6,6.732991,1.4209485,-3.1510878,3.3383718,-0.6042883,-16777216
15,14,16,19,"null","null","null",4,3.1570468,0.32388073,-3.8027482,2.6735504,-0.6648486,-16777216
16,15,17,18,"null","null","null",2,1.2455987,0.5592984,-3.655138,1.7788378,-1.9610449,-16777216
19,15,20,21,"null","null","null",2,1.6518737,2.3134418,-0.4390183,3.7626092,-0.7370682,-16777216
22,14,23,24,"null","null","null",2,1.2934699,3.2227004,-0.30320042,2.7384913,-1.3026809,-16777216
25,13,26,29,"null","null","null",4,0.9947346,3.6822972,-0.63668215,1.610443,-2.3868887,-12486656
26,25,27,28,"null","null","null",2,0.34352574,3.2227004,-0.62788296,2.7384913,-1.3026809,-12486656
29,25,30,31,"null","null","null",2,0.35820913,1.2662363,-2.0763676,0.56239974,-3.8140664,-16777216
32,12,33,34,"null","null","null",2,9.13104,3.1267998,-0.979175,0.34452912,-2.8544154,-16777216
35,11,36,41,"null","null","null",4,21.130684,2.4726522,-2.01023,0.52348334,-3.455171,-8572416
36,35,37,40,"null","null","null",3,16.31729,3.5548232,-0.979175,0.6527476,-2.8342993,-8572416
37,36,38,39,"null","null","null",2,10.922094,3.827052,-0.44105458,0.90939033,-2.1905596,-8572416
42,10,43,44,"null","null","null",2,21.561508,0.38339475,-2.419892,0.8665067,-3.4392204,-8572416
45,9,46,47,"null","null","null",2,20.89686,0.401482,-3.6551394,1.7788401,-1.9610406,-8572416
49,6,50,79,"null","null","null",20,48.537354,0.3596002,-3.398308,1.5297157,-2.7607105,-8572416
50,49,51,76,"null","null","null",15,43.541435,0.9035112,-2.7278004,0.33849198,-3.5064235,-8572416
51,50,52,75,"null","null","null",13,37.36359,2.424144,-1.938404,0.52359545,-3.4175363,-8572416
52,51,53,74,"null","null","null",12,33.003593,3.3870218,-0.8675265,0.6580921,-2.7672725,-8572416
53,52,54,65,"null","null","null",11,27.195429,3.516668,-0.46288425,2.1643806,-2.1562414,-3014646
54,53,55,60,"null","null","null",6,19.346682,2.9699755,-0.637613,3.3591168,-1.003265,-3014646
55,54,56,59,"null","null","null",3,14.0385895,2.2791774,-1.2371283,3.7661486,-0.39551717,-3014646
56,55,57,58,"null","null","null",2,7.5549226,1.5045848,-2.4441543,3.424872,-0.6042883,-3014646
60,54,61,64,"null","null","null",3,8.948757,3.5548232,-0.979175,0.34452912,-2.8342993,-3014646
61,60,62,63,"null","null","null",2,6.449957,3.827052,-0.44105458,0.90939033,-2.1905596,-3014646
65,53,66,73,"null","null","null",5,24.643286,2.3869984,-2.01023,0.52348334,-3.455171,-16777216
66,65,67,72,"null","null","null",4,13.453414,3.4434733,-0.979175,0.6527476,-2.8342993,-16777216
67,66,68,71,"null","null","null",3,9.221268,3.6822972,-0.44105458,1.610443,-2.1905596,-16777216
68,67,69,70,"null","null","null",2,6.555697,3.2227004,-0.62788296,2.7384913,-1.3026809,-16777216
76,50,77,78,"null","null","null",2,26.901981,0.7950963,-3.664686,2.361209,-0.41842043,-11184866
79,49,80,85,"null","null","null",5,38.7349,1.4209535,-3.1510851,3.0981102,-0.275,-8572416
80,79,81,84,"null","null","null",3,25.459076,0.32387993,-3.8027482,2.3612092,-0.66484094,-8572416
81,80,82,83,"null","null","null",2,18.441046,0.5592977,-3.6551406,1.7788414,-1.9610381,-8572416
85,79,86,87,"null","null","null",2,21.531721,3.2227054,-0.30319998,2.738485,-1.3026853,-8572416
88,5,89,100,"","null","Neotropical Wood Turtles",9,26.71475,0.76705414,-3.5294893,2.620213,-1.325995,-12486656
89,88,90,99,"null","null","null",6,19.76285,0.57550013,-3.2335815,1.6917346,-2.7374728,-12486656
90,89,91,98,"null","null","null",5,12.92034,0.8165023,-2.513656,0.5272892,-3.4762144,-12486656
91,90,92,95,"null","null","null",4,4.2268014,2.3110323,-2.0181732,0.52359545,-3.3782644,-12486656
92,91,93,94,"null","null","null",2,2.669094,3.2399766,-0.8675265,0.6580921,-2.716219,-12486656
95,91,96,97,"null","null","null",2,2.3234186,0.401482,-3.6551394,1.7788401,-1.9610406,-16777216
100,88,101,104,"null","null","null",3,20.018425,2.2791781,-1.2371211,3.76615,-0.70526135,-12486656
101,100,102,103,"null","null","null",2,11.349647,1.5045888,-2.444148,3.4248753,-0.60428786,-12486656
105,4,106,126,"","null","Tortoises",60,51.538223,1.3110149,-3.1463249,3.1946964,-0.28912768,-11184866
106,105,-268336128,107,"null","null","null",54,43.39982,0.34807852,-3.6925101,2.5084987,-1.3457222,-11184866
107,106,108,121,"null","null","null",10,33.44335,2.4621477,-1.5568565,3.5147924,-0.70526135,-11184866
108,107,109,116,"null","null","null",7,29.371685,1.332173,-2.8598042,3.0981102,-0.60428786,-11184866
109,108,110,115,"null","null","null",4,16.860102,0.32387975,-3.4240837,2.3612092,-1.1773208,-11184866
110,109,111,114,"null","null","null",3,12.1404295,0.5592977,-3.1628768,1.7788414,-2.6272619,-11184866
111,110,112,113,"null","null","null",2,0.5566767,0.66423047,-2.4198945,0.6411365,-3.4392192,-16731116
116,108,117,120,"null","null","null",3,26.704235,3.0229478,-0.30319986,3.2790768,-1.3026861,-11184866
117,116,118,119,"null","null","null",2,22.288958,2.3134432,-0.6527475,3.7626069,-0.3719888,-11184866
121,107,122,125,"null","null","null",3,13.298609,3.6823003,-0.63668334,1.6104344,-2.1905618,-11184866
122,121,123,124,"null","null","null",2,6.8521037,3.2227063,-0.6278825,2.7384841,-1.3026861,-11184866
126,105,127,134,"null","null","null",6,39.983986,3.160211,-0.3171607,3.359116,-1.0122108,-11184866
127,126,128,131,"","null","Gopher Tortoises",4,19.916256,2.5264823,-1.2371192,3.766151,-0.3955164,-11184866
128,127,129,130,"null","null","null",2,6.3335195,1.5045897,-2.4441464,3.4248772,-0.60428774,-11184866
131,127,132,133,"null","null","null",2,8.582683,3.827052,-0.6366836,0.909381,-2.190562,-11184866
134,126,135,136,"null","null","null",2,20.4139,3.1267948,-0.97918,0.34452868,-2.8544214,-11184866
137,3,138,160,"null","null","null",39,38.791927,2.2381644,-1.8495796,3.6569135,-0.6717557,-12486656
138,137,-268338176,139,"null","null","null",38,33.99327,1.3110167,-3.1463237,3.2332857,-0.6167594,-12486656
139,138,140,151,"null","null","null",11,25.097378,3.160212,-0.3171605,3.1657617,-1.0703928,-11184866
140,139,141,148,"null","null","null",6,18.650455,2.5264833,-1.6992202,3.5147917,-0.39551604,-11184866
141,140,142,145,"null","null","null",4,13.211315,1.4209576,-3.044879,3.098111,-0.6042875,-12486656
142,141,143,144,"null","null","null",2,9.780431,0.32387918,-3.6646833,2.3612099,-0.66192484,-12486656
145,141,146,147,"null","null","null",2,2.4075751,3.2227087,-0.30319953,2.7384808,-1.3026884,-16777216
148,140,149,150,"null","null","null",2,9.92743,3.827052,-0.6366841,0.9093783,-2.190563,-11184866
151,139,152,159,"null","null","null",5,20.540035,3.4434726,-0.9791815,0.3445285,-2.9853282,-11184866
152,151,153,156,"","null","Box Turtle",4,13.079395,3.6823015,-0.44105333,1.6104301,-2.3868942,-11184866
153,152,154,155,"null","null","null",2,10.153628,3.2227087,-0.62788224,2.7384808,-1.3026884,-8572416
156,152,157,158,"null","null","null",2,9.92546,1.266223,-2.0763721,0.5624022,-3.814068,-12486656
161,2,162,165,"null","null","null",3,72.800674,2.907014,-0.3309549,3.4735026,-1.0892122,-11184866
162,161,163,164,"","null","Snapping Turtles",2,33.469906,2.238165,-0.7310497,3.8167186,-0.41856802,-11184866
166,1,167,178,"null","null","null",7,68.47615,3.4921482,-0.56240183,2.1597247,-2.0763712,-8572416
167,166,168,175,"null","null","null",6,34.354664,2.907014,-0.6459119,3.251421,-0.87070066,-8572416
168,167,169,174,"null","null","null",4,20.05028,2.238165,-1.8652778,3.5280128,-0.41856802,-8572416
169,168,170,173,"null","null","null",3,16.759008,1.4052893,-3.1667323,3.0657153,-0.6167593,-8572416
170,169,171,172,"","null","Ridley Sea Turtles",2,5.29322,0.34807813,-3.7190413,2.340823,-0.65809214,-8572416
175,167,176,177,"null","null","null",2,21.434278,3.2399716,-0.9025996,0.3578277,-2.7162256,-8572416
179,0,180,183,"null","null","null",3,96.7509,3.6840544,-0.88575864,0.37080014,-2.6608315,-11184866
180,179,181,182,"null","null","null",2,53.853596,3.8140678,-0.48397207,1.2662247,-2.0763712,-12486656
