index,parent,child1,child2,name1,name2,common,richness,lengthbr,hxmax,hxmin,hymax,hymin
0,-268258257,1,186,"null","null","null",513,53.142548,0.9508377,-2.6802535,0.47730953,-3.5064235
1,0,2,175,"null","null","null",499,52.90691,2.4856675,-1.8475437,0.52359575,-3.417535
2,1,3,174,"null","null","null",493,52.80389,3.4670007,-0.86752474,0.65809214,-2.7672708
3,2,4,165,"null","null","null",492,52.80389,3.620639,-0.46288455,2.1036386,-2.15624
4,3,5,154,"null","null","null",487,52.80389,3.1051369,-0.6376132,3.2801507,-1.0229897
5,4,6,-268372992,"","null","Rain Frogs",481,52.59404,2.4548876,-1.6552932,3.6634912,-0.39551753
6,5,7,69,"null","null","null",298,52.59404,1.3808104,-2.9877672,3.2914166,-0.60428846
7,6,-268380160,8,"null","null","null",255,52.59404,0.32388112,-3.59043,2.6125088,-1.2275901
8,7,9,68,"null","null","null",31,52.59404,2.3134413,-1.5127451,3.625268,-0.7370677
9,8,10,57,"null","null","null",30,52.59404,1.5333152,-2.8931768,3.297114,-0.59051746
10,9,11,36,"null","null","null",24,52.594036,0.33634126,-3.57267,2.6047637,-1.052279
11,10,12,27,"null","null","null",13,21.843254,0.54197454,-3.4274414,1.7306666,-2.5434394
12,11,13,24,"null","null","null",8,21.843254,0.68969655,-2.7686596,0.49050736,-3.4364274
13,12,14,21,"null","null","null",6,21.843254,2.2793093,-2.2165534,0.483974,-3.4921446
14,13,15,20,"null","null","null",4,21.843254,3.4068704,-1.0892006,0.64591265,-2.9070063
15,14,16,19,"null","null","null",3,21.843254,3.7300863,-0.41857052,1.4251142,-2.2381597
16,15,17,18,"null","null","null",2,21.843254,3.328405,-0.6167606,2.5945082,-1.4052775
21,13,22,23,"null","null","null",2,21.843254,0.48358327,-3.756458,1.9383984,-1.6186465
24,12,25,26,"null","null","null",2,21.843254,0.8449197,-3.5245035,2.3807096,-0.39556193
27,11,28,35,"null","null","null",5,21.843254,1.6917278,-2.737479,3.1863737,-0.35959697
28,27,29,34,"null","null","null",4,21.843254,0.52728057,-3.4762144,2.4522865,-0.816515
29,28,30,33,"null","null","null",3,21.843254,0.5235969,-3.3782585,1.9383984,-2.3110435
30,29,31,32,"null","null","null",2,21.843254,0.65809244,-2.7162104,0.8675197,-3.239983
36,10,37,48,"null","null","null",11,20.420612,2.5084949,-1.4981482,3.4931793,-0.76705194
37,36,38,43,"null","null","null",6,20.420612,1.5297084,-2.9612656,3.1863737,-0.5755013
38,37,39,42,"null","null","null",3,20.420612,0.52728057,-3.767137,2.4522865,-0.665
39,38,40,41,"null","null","null",2,20.420612,0.5235969,-3.756458,1.9383984,-1.6186465
43,37,44,47,"null","null","null",3,20.420612,3.0981078,-0.27500108,3.0448937,-1.5045799
44,43,45,46,"null","null","null",2,20.420612,2.361208,-0.6619245,3.6646907,-0.32388195
48,36,49,56,"null","null","null",5,20.420612,3.5147936,-0.70525885,1.7809302,-2.2791753
49,48,50,55,"null","null","null",4,20.420612,3.0981078,-0.60428894,3.151092,-1.5045799
50,49,51,54,"null","null","null",3,20.420612,2.361208,-0.66485816,3.8027484,-0.32388195
51,50,52,53,"null","null","null",2,20.420612,1.7788337,-1.9610533,3.6551347,-0.55929923
57,9,58,65,"null","null","null",6,52.59404,3.2905612,-0.28912875,3.2309766,-1.2878717
58,57,59,62,"null","null","null",4,11.805761,2.633125,-0.8562573,3.8025494,-0.34808034
59,58,60,61,"null","null","null",2,11.805761,1.6917278,-2.1268075,3.5885549,-0.5755013
62,58,63,64,"null","null","null",2,11.805761,3.7952118,-0.70525885,0.55373955,-2.2791753
65,57,66,67,"null","null","null",2,5.9028807,2.875566,-1.1971791,0.31716174,-3.1081529
69,6,70,123,"null","null","null",43,52.59404,3.1323924,-0.30320063,3.1648684,-1.1618767
70,69,71,114,"null","null","null",27,52.59404,2.4557233,-1.467474,3.6141295,-0.37199032
71,70,72,99,"null","null","null",22,52.59404,1.4333824,-2.8343241,3.2826343,-0.59051746
72,71,73,92,"null","null","null",14,22.474361,0.29948983,-3.4961617,2.5859401,-1.052279
73,72,74,89,"null","null","null",10,22.474361,0.54197454,-3.3279805,1.9094138,-2.5434394
74,73,75,88,"null","null","null",8,22.474361,0.68969655,-2.6393604,0.75469065,-3.4364274
75,74,76,83,"null","null","null",7,22.474361,2.2793093,-2.0484648,0.483974,-3.4921446
76,75,77,82,"null","null","null",4,22.474361,3.4068704,-1.0892006,0.64591265,-2.9070063
77,76,78,81,"null","null","null",3,22.474361,3.7300863,-0.41857052,1.4251142,-2.2381597
78,77,79,80,"null","null","null",2,22.474361,3.328405,-0.6167606,2.5945082,-1.4052775
83,75,84,87,"null","null","null",3,22.474361,0.48358327,-3.3782585,1.9383984,-2.3110435
84,83,85,86,"null","null","null",2,22.474361,0.65809244,-2.7162104,0.8675197,-3.239983
89,73,90,91,"null","null","null",2,22.474361,1.6917278,-2.1268075,3.5885549,-0.35959697
92,72,93,98,"null","null","null",4,22.474361,2.340821,-1.354578,3.4508262,-0.76705194
93,92,94,97,"null","null","null",3,22.474361,1.6917278,-2.7746243,3.1313148,-0.5755013
94,93,95,96,"null","null","null",2,22.474361,0.52728057,-3.5245035,2.3807096,-0.665
99,71,100,109,"null","null","null",8,17.708643,3.0657122,-0.28912875,2.9604201,-1.2264582
100,99,101,108,"null","null","null",5,17.708643,2.340821,-1.354578,3.4508262,-0.34808034
101,100,102,105,"null","null","null",4,17.708643,1.6749347,-2.7746243,3.1313148,-0.5755013
102,101,103,104,"null","null","null",2,17.708643,0.52728057,-3.5245035,2.3807096,-0.665
105,101,106,107,"null","null","null",2,17.708643,3.4248672,-0.27500108,2.4441621,-1.5045799
109,99,110,113,"null","null","null",3,17.708643,3.3814769,-1.1971791,0.31716174,-2.9699724
110,109,111,112,"null","null","null",2,17.708643,3.7952118,-0.39551836,0.6459115,-2.2791753
114,70,115,122,"null","null","null",5,13.706064,3.5280137,-0.6717531,1.9147032,-2.238161
115,114,116,121,"null","null","null",4,13.706064,3.0657122,-0.6167604,3.2309766,-1.40528
116,115,117,120,"null","null","null",3,13.706064,2.340821,-0.8562573,3.8025494,-0.34808034
117,116,118,119,"null","null","null",2,13.706064,1.6917278,-2.1268075,3.5885549,-0.5755013
123,69,124,143,"null","null","null",16,52.594036,3.2514281,-0.9395838,0.33095595,-3.0086997
124,123,125,138,"null","null","null",10,52.59404,3.5280137,-0.41856992,1.7065829,-2.3703601
125,124,126,133,"null","null","null",7,52.59404,3.0657122,-0.6167604,2.9604201,-1.2264582
126,125,127,132,"null","null","null",4,11.805761,2.340821,-1.354578,3.4508262,-0.34808034
127,126,128,131,"null","null","null",3,11.805761,1.6917278,-2.7746243,3.1313148,-0.5755013
128,127,129,130,"null","null","null",2,11.805761,0.52728057,-3.5245035,2.3807096,-0.665
133,125,134,137,"null","null","null",3,9.3558445,3.3814769,-1.1971791,0.31716174,-2.9699724
134,133,135,136,"null","null","null",2,9.3558445,3.7952118,-0.39551836,0.6459115,-2.2791753
138,124,139,142,"null","null","null",3,9.3558445,1.7924224,-2.1365554,0.6001814,-3.6229596
139,138,140,141,"null","null","null",2,9.3558445,2.875566,-1.1971791,0.6376135,-3.1081529
143,123,144,149,"null","null","null",6,15.258725,0.3578288,-2.8712275,0.90259826,-3.4687881
144,143,145,148,"null","null","null",3,15.258725,1.7924224,-2.1365554,0.46288532,-3.6229596
145,144,146,147,"null","null","null",2,15.258725,2.875566,-1.1971791,0.6376135,-3.1081529
149,143,150,153,"null","null","null",3,15.258725,0.86650574,-3.7314663,2.5607448,-0.38339537
150,149,151,152,"null","null","null",2,15.258725,0.50423765,-3.7907991,2.0102262,-1.4433496
154,4,155,160,"null","null","null",6,15.258725,3.4434738,-0.9169626,0.34452933,-2.8786826
155,154,156,159,"null","null","null",3,15.258725,3.6822963,-0.4410549,1.6104459,-2.1905591
156,155,157,158,"null","null","null",2,15.258725,3.2226985,-0.6278831,2.7384934,-1.3026792
160,154,161,164,"null","null","null",3,15.258725,0.3708009,-2.6608248,0.88575745,-3.6840575
161,160,162,163,"null","null","null",2,15.258725,1.2662389,-2.0763667,0.4839735,-3.8140662
165,3,166,171,"null","null","null",5,13.706064,2.4726546,-2.1206844,0.5234828,-3.4551704
166,165,167,170,"null","null","null",3,13.706064,3.5548244,-0.9791734,0.6527477,-2.8342981
167,166,168,169,"null","null","null",2,13.706064,3.827052,-0.4410549,0.90939295,-2.1905591
171,165,172,173,"null","null","null",2,13.706064,0.44286406,-3.7111783,1.8611695,-1.7914354
175,1,176,181,"null","null","null",6,15.258725,0.4014814,-3.2712262,1.6207705,-2.852069
176,175,177,180,"null","null","null",3,15.258725,0.66423047,-2.5607486,0.6411331,-3.7314649
177,176,178,179,"null","null","null",2,15.258725,1.4433434,-2.0102289,0.50423694,-3.7908003
181,175,182,185,"null","null","null",3,15.258725,1.6001936,-2.9140077,3.1200051,-0.31738234
182,181,183,184,"null","null","null",2,15.258725,0.4136042,-3.5997536,2.3745222,-0.66423035
186,0,187,210,"null","null","null",14,22.474361,0.7950959,-3.5577064,2.6735506,-1.1974833
187,186,188,203,"null","null","null",12,21.161606,0.5592982,-3.3365843,1.6207705,-2.653471
188,187,189,202,"","null","Saddleback Toads",8,17.708643,0.8217356,-2.6457143,0.6411331,-3.4732878
189,188,190,199,"null","null","null",7,17.708643,2.3870003,-2.1206844,0.50423694,-3.4551704
190,189,191,196,"null","null","null",5,17.708643,3.4434738,-0.72746825,0.6527477,-2.8342981
191,190,192,195,"null","null","null",3,17.708643,3.6822963,-0.4410549,1.6104459,-2.1905591
192,191,193,194,"null","null","null",2,17.708643,3.2226985,-0.6278831,2.7384934,-1.3026792
196,190,197,198,"null","null","null",2,17.708643,0.3708009,-2.5711813,0.88575745,-3.344258
199,189,200,201,"null","null","null",2,17.708643,0.44286406,-3.7111783,1.8611695,-1.7914354
203,187,204,209,"","null","Guanabara Frogs",4,11.805761,1.6001936,-3.0610645,3.1200051,-0.31738234
204,203,205,208,"null","null","null",3,11.805761,0.4136042,-3.7909274,2.3745222,-0.66423035
205,204,206,207,"null","null","null",2,11.805761,0.5419738,-3.7111793,1.8611706,-1.7914329
210,186,211,212,"null","null","null",2,5.9028807,2.313442,-0.4390182,3.7626085,-0.73706853
