index,parent,child1,child2,name1,name2,common,richness,lengthbr,hxmax,hxmin,hymax,hymin,color
0,-268396400,1,66,"null","null","null",52,32.575165,0.8210856,-3.5521097,2.6209025,-1.0751567,-16731116
1,0,2,63,"null","null","null",33,28.826193,0.5419741,-3.4007154,1.9094175,-2.5731823,-16731116
2,1,3,54,"null","null","null",31,28.310757,0.6619249,-2.7339158,0.5223224,-3.475096,-16731116
3,2,4,31,"null","null","null",26,26.860664,2.1597364,-2.0607457,0.4839735,-3.542416,-16731116
4,3,5,20,"null","null","null",14,26.860664,3.2514281,-0.94437706,0.6459124,-2.9723601,-12486656
5,4,6,13,"null","null","null",8,17.143501,3.5280137,-0.41856992,1.9147032,-2.323119,-16731116
6,5,7,12,"null","null","null",4,17.143501,3.0657122,-0.6167604,3.2309766,-1.40528,-12486656
7,6,8,11,"null","null","null",3,17.143501,2.340821,-0.8562573,3.8025494,-0.34808034,-12486656
8,7,9,10,"null","null","null",2,17.143501,1.6917278,-2.1268075,3.5885549,-0.5755013,-11184866
13,5,14,19,"null","null","null",4,17.143501,2.1815846,-2.1365554,0.6001814,-3.516667,-16731116
14,13,15,18,"null","null","null",3,17.143501,3.3814769,-1.1971791,0.6376135,-2.9699724,-16731116
15,14,16,17,"null","null","null",2,17.143501,3.7952118,-0.39551836,0.6459115,-2.2791753,-16731116
20,4,21,30,"null","null","null",6,14.771769,0.5695189,-2.8820124,0.90259826,-3.3870244,-12486656
21,20,22,27,"null","null","null",5,14.771769,2.1815846,-2.3054059,0.46288532,-3.516667,-12486656
22,21,23,26,"null","null","null",3,14.771769,3.3814769,-1.1971791,0.6376135,-2.9699724,-12486656
23,22,24,25,"null","null","null",2,14.771769,3.7952118,-0.39551836,0.6459115,-2.2791753,-16731116
27,21,28,29,"null","null","null",2,14.771769,0.52348137,-3.7907991,2.0102262,-1.4433496,-12486656
31,3,32,43,"null","null","null",12,26.860664,0.48358428,-3.4058867,1.8765883,-2.42415,-16731116
32,31,33,40,"null","null","null",6,14.771769,0.6580923,-2.7521274,0.5830996,-3.3870244,-16731116
33,32,34,39,"null","null","null",4,14.771769,2.1815846,-2.1365554,0.46288532,-3.516667,-16731116
34,33,35,38,"null","null","null",3,14.771769,3.3814769,-1.1971791,0.6376135,-2.9699724,-16731116
35,34,36,37,"null","null","null",2,14.771769,3.7952118,-0.39551836,0.6459115,-2.2791753,-16731116
40,32,41,42,"null","null","null",2,14.771769,0.86650574,-3.4392252,2.4198842,-0.38339537,-16731116
43,31,44,53,"null","null","null",6,14.771769,1.7788364,-2.6626291,3.3365827,-0.4014799,-16731116
44,43,45,52,"null","null","null",5,14.771769,0.6411311,-3.4851904,2.6457121,-0.6642305,-16731116
45,44,46,49,"null","null","null",4,14.771769,0.50423735,-3.4706419,2.120683,-2.1434095,-16731116
46,45,47,48,"null","null","null",2,14.771769,0.6527478,-2.8544106,0.97917116,-3.1268039,-16731116
49,45,50,51,"null","null","null",2,14.771769,1.8611684,-1.7914368,3.7111783,-0.44286323,-16731116
54,2,55,62,"","null","Colored Leaf Frogs",5,13.268659,0.8449203,-3.4974654,2.4522893,-1.0443926,-16731116
55,54,56,61,"null","null","null",4,13.268659,0.5235964,-3.4058867,1.9384001,-2.607286,-12486656
56,55,57,60,"null","null","null",3,13.268659,0.6580923,-2.7521274,0.8675207,-3.625101,-12486656
57,56,58,59,"null","null","null",2,13.268659,1.0880233,-2.1365554,0.46288532,-3.8261666,-12486656
63,1,64,65,"null","null","null",2,5.7145004,1.6917305,-2.1268015,3.5885582,-0.35959804,-16731116
66,0,67,96,"null","null","null",19,24.274784,2.5084963,-1.3385742,3.5294886,-0.76705265,-16731116
67,66,68,81,"null","null","null",15,22.325928,1.6407087,-2.753822,3.2335777,-0.5755008,-12486656
68,67,69,80,"null","null","null",7,16.04263,0.5272855,-3.497465,2.5136514,-1.04439,-12486656
69,68,70,77,"null","null","null",6,14.771769,0.52359617,-3.4058871,2.0181699,-2.607284,-12486656
70,69,71,74,"null","null","null",4,14.771769,0.65809226,-2.7521284,0.5831018,-3.6251001,-12486656
71,70,72,73,"null","null","null",2,14.771769,1.0880204,-2.1365561,0.46288502,-3.8261666,-11184866
74,70,75,76,"null","null","null",2,14.771769,0.866506,-3.4392238,2.4198866,-0.3833952,-12486656
77,69,78,79,"null","null","null",2,14.771769,1.7788377,-1.9610444,3.6551383,-0.40148056,-12486656
81,67,82,93,"","null","Rough Leaf Frogs",8,17.143501,3.3478513,-0.2750005,2.8598075,-1.4209489,-16731116
82,81,83,88,"null","null","null",6,14.771769,2.6858733,-1.1773258,3.4240835,-0.3238808,-12486656
83,82,84,87,"null","null","null",3,14.771769,1.7788391,-2.6272657,3.1628745,-0.5592983,-11184866
84,83,85,86,"null","null","null",2,14.771769,0.6411346,-3.4392211,2.4198914,-0.66423047,-3014646
88,82,89,92,"null","null","null",3,14.771769,3.7903352,-0.7370684,1.0472596,-2.3134418,-16731116
89,88,90,91,"null","null","null",2,14.771769,3.5117028,-0.59051704,2.2880478,-1.6001939,-16731116
93,81,94,95,"null","null","null",2,5.7145004,2.7384899,-1.3026816,0.30320045,-3.2227015,-16731116
96,66,97,102,"","null","Shining Leaf Frogs",4,11.429001,3.5147927,-0.7052599,1.6992314,-2.2791767,-16731116
97,96,98,101,"null","null","null",3,11.429001,3.0981088,-0.6042884,3.0448875,-1.5045847,-16731116
98,97,99,100,"null","null","null",2,11.429001,2.3612084,-0.6619246,3.6646874,-0.3238808,-16731116
