index,parent,child1,child2,name1,name2,common,richness,lengthbr,hxmax,hxmin,hymax,hymin,color
0,-268080018,1,48,"null","null","null",35,22.208776,1.5289018,-2.8773596,3.3743334,-0.31738168,-16731116
1,0,2,45,"","null","Quail doves",24,21.366905,0.29948938,-3.5521097,2.7051492,-1.0522753,-16731116
2,1,3,32,"null","null","null",22,21.097721,0.5419741,-3.4007154,1.7306706,-2.5434365,-16731116
3,2,4,19,"null","null","null",15,17.012644,0.68969333,-2.7339158,0.64477134,-3.4364264,-16731116
4,3,5,14,"null","null","null",8,11.829786,2.2793067,-2.048467,0.4839735,-3.4921455,-16731116
5,4,6,11,"null","null","null",5,11.166506,3.4068694,-0.87068796,0.6459124,-2.9070082,-16731116
6,5,7,10,"null","null","null",3,6.113028,3.7300873,-0.41856992,1.4251093,-2.238161,-16731116
7,6,8,9,"null","null","null",2,3.098471,3.3284078,-0.6167604,2.5945044,-1.40528,-16731116
11,5,12,13,"null","null","null",2,5.632898,0.3578288,-2.7162118,0.90259826,-3.2399821,-16731116
14,4,15,18,"null","null","null",3,7.9737496,0.48358428,-3.3782592,1.9384001,-2.3110406,-12486656
15,14,16,17,"null","null","null",2,4.0570683,0.6580923,-2.7162118,0.8675207,-3.2399821,-16731116
19,3,20,29,"null","null","null",7,14.91439,0.8449203,-3.4974654,2.7277994,-0.9518996,-16731116
20,19,21,28,"null","null","null",5,5.5597134,0.5235964,-3.4058867,1.9384001,-2.4870453,-16731116
21,20,22,27,"null","null","null",4,4.4603934,0.6580923,-2.7521274,0.8675207,-3.4687881,-16731116
22,21,23,26,"null","null","null",3,3.9607506,1.7924224,-2.1365554,0.46288532,-3.6229596,-16731116
23,22,24,25,"null","null","null",2,0.68184185,2.875566,-1.1971791,0.6376135,-3.1081529,-16731116
29,19,30,31,"null","null","null",2,3.743703,2.3612082,-0.418421,3.6646886,-0.79509497,-16731116
32,2,33,40,"null","null","null",7,13.359121,1.5297115,-2.7374756,3.1863775,-0.35959804,-16731116
33,32,34,39,"null","null","null",4,10.27222,0.5272855,-3.4762137,2.452291,-0.81650865,-12486656
34,33,35,38,"null","null","null",3,7.4688797,0.52359617,-3.3782606,1.9384013,-2.3110383,-12486656
35,34,36,37,"null","null","null",2,3.0076976,0.65809226,-2.7162137,0.86752254,-3.2399807,-12486656
40,32,41,44,"null","null","null",3,7.10737,3.0981088,-0.27500063,3.0448885,-1.5045838,-16731116
41,40,42,43,"null","null","null",2,3.0010285,2.3612084,-0.6619246,3.6646879,-0.32388097,-16731116
45,1,46,47,"null","null","null",2,10.483816,2.3408215,-0.42902353,3.719044,-0.76705265,-16731116
48,0,49,64,"null","null","null",11,13.181921,3.2806277,-0.28912848,3.1184008,-1.2264613,-12486656
49,48,50,59,"null","null","null",8,11.579054,2.6202104,-1.4981425,3.6562035,-0.34807974,-16731116
50,49,51,58,"null","null","null",5,5.119981,1.6917312,-2.9612608,3.3983073,-0.5755008,-16731116
51,50,52,55,"null","null","null",4,4.350348,0.33848935,-3.7671354,2.7278,-0.665,-16731116
52,51,53,54,"null","null","null",2,2.987386,0.52359617,-3.7564588,1.9384013,-1.618641,-16731116
55,51,56,57,"null","null","null",2,3.5321581,2.3612084,-0.41842085,3.6646879,-0.7950953,-16731116
59,49,60,63,"null","null","null",3,9.373636,3.7661493,-0.7052599,1.2371287,-2.2791767,-12486656
60,59,61,62,"null","null","null",2,3.0177312,3.4248724,-0.6042884,2.444154,-1.5045847,-12486656
64,48,65,68,"null","null","null",3,6.1001897,3.3814733,-1.1971828,0.31716138,-2.9699745,-12486656
65,64,66,67,"null","null","null",2,2.1396842,3.7952104,-0.39551756,0.64591175,-2.2791767,-12486656
