index,parent,child1,child2,name1,name2,common,richness,lengthbr,hxmax,hxmin,hymax,hymin,color
0,-268350445,1,30,"null","null","null",24,1.7139038,3.1946898,-0.61676085,3.1184077,-1.2264546,-16731116
1,0,2,17,"","null","Thistletails",15,1.196424,2.508493,-1.3260083,3.6562061,-0.34808123,-16731116
2,1,3,14,"null","null","null",8,1.196424,1.6749309,-2.7374806,3.398306,-0.5755019,-16731116
3,2,4,11,"null","null","null",6,1.196424,0.33848345,-3.476213,2.7277982,-0.8165221,-16731116
4,3,5,8,"null","null","null",4,1.0856212,0.5235976,-3.3782535,2.0181618,-2.3110504,-16731116
5,4,6,7,"null","null","null",2,0.71454513,0.6580926,-2.7162032,0.86751455,-3.2399886,-16731116
8,4,9,10,"null","null","null",2,0.5136404,1.7788317,-1.9610568,3.6551337,-0.40147734,-12486656
11,3,12,13,"null","null","null",2,0.8625664,2.361207,-0.4184217,3.664692,-0.7950933,-16731116
14,2,15,16,"null","null","null",2,0.4906924,3.4248652,-0.2750016,2.4441652,-1.5045781,-16731116
17,1,18,25,"null","null","null",7,0.9904917,3.5147939,-0.70525765,1.780933,-2.4621382,-16731116
18,17,19,24,"null","null","null",4,0.5558286,3.0981069,-0.6042892,3.151094,-1.5045781,-16731116
19,18,20,23,"null","null","null",3,0.5558286,2.361207,-0.6648622,3.8027487,-0.32388246,-16731116
20,19,21,22,"null","null","null",2,0.5558286,1.7788317,-1.9610568,3.6551337,-0.5592996,-16731116
25,17,26,29,"null","null","null",3,0.5718665,1.6104532,-2.1905565,0.63667953,-3.6822941,-16731116
26,25,27,28,"null","null","null",2,0.23698688,2.7384992,-1.3026755,0.6278835,-3.2226942,-16731116
30,0,31,40,"null","null","null",9,1.7139038,3.1657724,-1.0032573,0.31716225,-2.9699712,-16731116
31,30,32,39,"null","null","null",5,1.4887289,3.5147939,-0.39551884,1.780933,-2.2791743,-16731116
32,31,33,38,"null","null","null",4,1.2775239,3.0981069,-0.6042892,3.151094,-1.5045781,-16731116
33,32,34,37,"null","null","null",3,0.5786302,2.361207,-0.6648622,3.8027487,-0.32388246,-16731116
34,33,35,36,"null","null","null",2,0.21256198,1.7788317,-1.9610568,3.6551337,-0.5592996,-16731116
40,30,41,46,"null","null","null",4,1.2035056,0.3445301,-2.8342948,0.9791694,-3.443475,-16731116
41,40,42,45,"null","null","null",3,0.89913464,1.6104532,-2.1905565,0.44105583,-3.6822941,-12486656
42,41,43,44,"null","null","null",2,0.7594654,2.7384992,-1.3026755,0.6278835,-3.2226942,-12486656
