index,parent,child1,child2,name1,name2,common,richness,lengthbr,hxmax,hxmin,hymax,hymin,color
0,-268433307,1,40,"null","null","null",26,66.100006,2.455727,-1.5047765,3.7066276,-0.7370695,-11184866
1,0,2,21,"null","null","null",20,62.300003,1.5289079,-2.882823,3.4028852,-0.59051657,-11184866
2,1,3,16,"null","null","null",10,47.88513,0.29948807,-3.5592177,2.7422655,-1.0796576,-12486656
3,2,4,13,"null","null","null",7,40.467632,0.5419733,-3.4099586,1.9094224,-2.579037,-12486656
4,3,5,10,"null","null","null",5,33.470272,0.6619247,-2.745932,0.49051267,-3.4827116,-12486656
5,4,6,9,"null","null","null",3,22.847015,1.9702991,-2.0763695,0.48397252,-3.5523202,-16731116
6,5,7,8,"null","null","null",2,14.414863,3.0051646,-1.089208,0.6459121,-2.9852366,-16731116
10,4,11,12,"null","null","null",2,14.414863,0.84492123,-3.5244977,2.3807096,-0.39556107,-12486656
13,3,14,15,"null","null","null",2,14.414863,1.6917348,-2.126794,3.5885613,-0.35959995,-11184866
16,2,17,20,"null","null","null",3,22.847017,2.3408225,-0.8562415,3.8025506,-0.76705396,-8572416
17,16,18,19,"null","null","null",2,22.847017,1.6917354,-2.1267936,3.5885613,-0.5755001,-8572416
21,1,22,37,"RANIXALIDAE","null","null",10,25.4,3.2806315,-0.28912774,2.992996,-1.287883,-11184866
22,21,23,32,"null","null","null",8,25.4,2.6202142,-1.3259931,3.4931827,-0.34807846,-11184866
23,22,24,31,"null","null","null",5,25.4,1.691736,-2.7374713,3.1863832,-0.57549995,-11184866
24,23,25,30,"null","null","null",4,25.4,0.5272925,-3.4762144,2.452298,-0.8164975,-11184866
25,24,26,29,"null","null","null",3,25.4,0.523595,-3.3782663,1.938406,-2.311028,-12486656
26,25,27,28,"null","null","null",2,25.4,0.658092,-2.7162223,0.8675292,-3.239974,-11184866
32,22,33,36,"null","null","null",3,25.4,3.766151,-0.7052617,1.2371187,-2.2791786,-8572416
33,32,34,35,"null","null","null",2,25.4,3.4248772,-0.6042877,2.444146,-1.5045899,-8572416
37,21,38,39,"null","null","null",2,25.4,2.8755538,-1.1971884,0.31716064,-3.1081638,-12486656
40,0,41,46,"null","null","null",6,36.35107,3.5280135,-0.6717553,1.8652799,-2.3703678,-12486656
41,40,42,45,"null","null","null",3,36.35107,3.0657148,-0.61675954,3.1667333,-1.405288,-12486656
42,41,43,44,"null","null","null",2,36.35107,2.3408227,-0.6580921,3.7190413,-0.34807846,-12486656
46,40,47,50,"null","null","null",3,36.35107,1.792407,-2.1365597,0.6001841,-3.6229663,-11184866
47,46,48,49,"null","null","null",2,36.35107,2.8755538,-1.1971884,0.63761276,-3.1081638,-8572416
