index,parent,child1,child2,name1,name2,common,richness,lengthbr,hxmax,hxmin,hymax,hymin
0,-268279807,1,158,"ARTHROLEPTIDAE","null","Forest Treefrogs, Night Frogs and more",128,67.0,0.44286638,-3.4026668,1.8172159,-2.6213381
1,0,2,103,"","null","Screeching Frogs, Night Frogs and more",79,62.0,0.66192466,-2.7364533,0.6062379,-3.5377052
2,1,3,102,"null","null","null",51,55.790386,2.2184343,-2.0763712,0.4839721,-3.623814
3,2,4,73,"null","null","null",50,55.5094,3.327743,-0.89574146,0.64591193,-3.0781794
4,3,5,70,"","null","Screeching Frogs",35,50.448383,3.6272306,-0.41856813,1.8036244,-2.4606805
5,4,6,59,"null","null","null",33,50.448383,3.1946979,-0.6167593,3.0865822,-1.311017
6,5,7,36,"null","null","null",27,50.448383,2.5084999,-1.3840418,3.6148462,-0.34807807
7,6,8,31,"null","null","null",15,50.448383,1.5297186,-2.8129358,3.3445473,-0.5754997
8,7,9,22,"null","null","null",12,50.448383,0.33849525,-3.5743198,2.6579115,-0.951888
9,8,10,21,"null","null","null",7,50.448383,0.52359474,-3.5058045,1.9384072,-2.4870367
10,9,11,18,"null","null","null",6,50.448383,0.6580919,-2.8820221,0.58311296,-3.4687867
11,10,12,15,"null","null","null",4,50.448383,1.7924058,-2.3054137,0.46288338,-3.6229658
12,11,13,14,"null","null","null",2,50.448383,2.8755536,-1.1971887,0.63761264,-3.1081638
15,11,16,17,"null","null","null",2,50.448383,0.52348495,-3.790802,2.0102327,-1.4433334
18,10,19,20,"null","null","null",2,50.448383,0.86650753,-3.4392166,2.4198985,-0.38339424
22,8,23,30,"null","null","null",5,50.448383,2.3612099,-1.350241,3.5074317,-0.7950975
23,22,24,29,"null","null","null",4,50.448383,1.7788447,-2.8520608,3.2712317,-0.55929714
24,23,25,28,"null","null","null",3,50.448383,0.6411415,-3.7314618,2.5607557,-0.66423035
25,24,26,27,"null","null","null",2,50.448383,0.5042355,-3.7908022,2.0102336,-1.4433308
31,7,32,35,"null","null","null",3,50.448383,3.098111,-0.27500138,3.0448787,-1.5045913
32,31,33,34,"null","null","null",2,50.448383,2.3612099,-0.66192484,3.664683,-0.32387912
36,6,37,58,"null","null","null",12,50.448383,3.5147915,-0.7052622,1.6694245,-2.2791793
37,36,38,53,"null","null","null",11,50.448383,3.098111,-0.6042875,3.0061448,-1.3321755
38,37,39,52,"null","null","null",8,50.448383,2.3612099,-1.2045183,3.614329,-0.32387912
39,38,40,49,"null","null","null",7,50.448383,1.7948666,-2.6626213,3.4101982,-0.55929714
40,39,41,46,"null","null","null",5,50.448383,0.41482502,-3.4851904,2.7414124,-0.66423035
41,40,42,45,"null","null","null",3,50.448383,0.5042355,-3.4706495,2.0102336,-2.143394
42,41,43,44,"null","null","null",2,50.448383,0.6527473,-2.8544226,0.97918123,-3.1267931
46,40,47,48,"null","null","null",2,50.448383,2.3745227,-0.40725127,3.5997488,-0.82108736
49,39,50,51,"null","null","null",2,50.448383,3.5117085,-0.31738532,2.288037,-1.6002003
53,37,54,57,"null","null","null",3,50.448383,3.2790744,-1.3026888,0.3031995,-3.0229487
54,53,55,56,"null","null","null",2,50.448383,3.7626064,-0.3719882,0.65274763,-2.313444
59,5,60,69,"null","null","null",6,50.448383,3.1657612,-1.19719,0.31716043,-3.1602125
60,59,61,66,"null","null","null",5,50.448383,3.5147915,-0.39551598,1.6992197,-2.5264835
61,60,62,65,"null","null","null",3,50.448383,3.098111,-0.6042875,3.0448787,-1.5045913
62,61,63,64,"null","null","null",2,50.448383,2.3612099,-0.66192484,3.664683,-0.32387912
66,60,67,68,"null","null","null",2,50.448383,0.9093777,-2.1905632,0.6366842,-3.827052
70,4,71,72,"null","null","null",2,50.448383,1.0880057,-2.1365607,0.6001846,-3.8261673
73,3,74,99,"","null","Long-fingered Frogs",15,38.425705,0.44186723,-2.7725682,0.90259945,-3.4703023
74,73,75,94,"null","null","null",13,38.425705,2.0156422,-2.163124,0.46288347,-3.6249359
75,74,76,89,"null","null","null",10,38.425705,3.1657612,-1.0032713,0.6376126,-3.110725
76,75,77,84,"null","null","null",7,38.425705,3.5147915,-0.39551598,1.6992197,-2.4621499
77,76,78,81,"null","null","null",4,38.425705,3.098111,-0.6042875,3.0448787,-1.4209578
78,77,79,80,"null","null","null",2,38.425705,2.3612099,-0.66192484,3.664683,-0.32387912
81,77,82,83,"null","null","null",2,38.425705,2.7384806,-1.3026888,0.3031995,-3.222709
84,76,85,88,"null","null","null",3,38.425705,1.6104296,-2.1905632,0.6366842,-3.6823015
85,84,86,87,"null","null","null",2,38.425705,2.7384806,-1.3026888,0.62788224,-3.222709
89,75,90,93,"null","null","null",3,38.425705,0.34452844,-2.8343043,0.9791818,-3.5548189
90,89,91,92,"null","null","null",2,38.425705,0.9093777,-2.1905632,0.44105327,-3.827052
94,74,95,98,"null","null","null",3,38.425705,0.52348506,-3.4706502,2.0102334,-2.143394
95,94,96,97,"null","null","null",2,38.425705,0.6527473,-2.854423,0.97918135,-3.126793
99,73,100,101,"null","null","null",2,38.425705,0.86650753,-3.4392166,2.4198992,-0.3833943
103,1,104,133,"null","null","null",28,47.282104,0.8449218,-3.5031688,2.6410878,-0.970114
104,103,105,132,"","null","Egg Frogs",15,38.425705,0.5235951,-3.4133067,1.9384059,-2.510729
105,104,106,125,"null","null","null",14,38.425705,0.658092,-2.7617743,0.64571434,-3.499585
106,105,107,124,"null","null","null",10,38.425705,2.0156434,-2.1365602,0.46288365,-3.6630027
107,106,108,123,"null","null","null",9,31.177378,3.1657622,-1.1971891,0.6376127,-3.1602116
108,107,109,120,"null","null","null",8,31.177378,3.514792,-0.39551616,1.7809162,-2.5264826
109,108,110,115,"null","null","null",6,31.177378,3.098111,-0.6042876,3.1510835,-1.3321749
110,109,111,114,"null","null","null",3,31.177378,2.3612099,-0.66483426,3.8027487,-0.3238793
111,110,112,113,"null","null","null",2,31.177378,1.7788441,-1.9610317,3.655143,-0.5592973
115,109,116,119,"null","null","null",3,31.177378,3.2790751,-1.3026879,0.30319962,-3.0229487
116,115,117,118,"null","null","null",2,31.177378,3.7626066,-0.3719884,0.65274763,-2.3134437
120,108,121,122,"null","null","null",2,31.177378,0.9093791,-2.1905627,0.63668394,-3.8270516
125,105,126,131,"null","null","null",4,19.670734,0.8665074,-3.4851913,2.5607538,-0.63434494
126,125,127,130,"null","null","null",3,19.670734,0.5042359,-3.4706492,2.0102324,-2.143396
127,126,128,129,"null","null","null",2,19.670734,0.65274733,-2.854422,0.97918016,-3.126794
133,103,134,157,"null","null","null",13,36.395184,2.3612096,-1.1974771,3.4695802,-0.7950969
134,133,135,156,"null","null","null",12,35.259422,1.7788427,-2.6534662,3.2220232,-0.5592975
135,134,136,155,"","null","Night Frogs",11,34.02478,0.64113927,-3.4732866,2.496785,-0.8246677
136,135,137,150,"null","null","null",10,34.02478,0.5042359,-3.455173,1.9270728,-2.3908155
137,136,138,149,"null","null","null",7,34.02478,0.65274733,-2.834303,0.97918016,-3.4484394
138,137,139,148,"null","null","null",6,34.02478,2.0426812,-2.1905622,0.44105363,-3.6887572
139,138,140,147,"null","null","null",5,34.02478,3.300406,-1.302687,0.62788236,-3.2311006
140,139,141,144,"null","null","null",4,34.02478,3.790336,-0.37198856,1.0472493,-2.5840416
141,140,142,143,"null","null","null",2,34.02478,3.511707,-0.5905163,2.2880394,-1.6001989
144,140,145,146,"null","null","null",2,34.02478,0.7310494,-2.238165,0.6717559,-3.8167188
150,136,151,154,"null","null","null",3,34.02478,1.8611742,-2.4725277,3.2755425,-0.44286633
151,150,152,153,"null","null","null",2,34.02478,0.75470126,-3.3442512,2.5711915,-0.6619247
158,0,159,238,"","null","Forest Treefrogs",49,53.740795,1.5297172,-2.7787874,3.3810935,-0.35960072
159,158,160,211,"null","null","null",40,53.740795,0.4232726,-3.5299253,2.7054212,-0.90350705
160,159,161,202,"null","null","null",26,53.740795,0.523595,-3.4480906,1.8475491,-2.4241405
161,160,162,189,"null","null","null",21,53.740795,0.658092,-2.8069937,0.64571464,-3.3870203
162,161,163,178,"null","null","null",14,53.740795,2.0156434,-2.2078772,0.46288356,-3.516669
163,162,164,175,"null","null","null",8,53.740795,3.1657622,-1.0122123,0.6376127,-2.9699779
164,163,165,174,"null","null","null",6,53.740795,3.514792,-0.39551616,1.7809162,-2.2791789
165,164,166,171,"null","null","null",5,53.740795,3.098111,-0.6042876,3.1510835,-1.4209569
166,165,167,170,"null","null","null",3,53.740795,2.3612099,-0.66483426,3.8027487,-0.3238793
167,166,168,169,"null","null","null",2,53.740795,1.7788441,-1.9610317,3.655143,-0.5592973
171,165,172,173,"null","null","null",2,53.740795,2.7384815,-1.3026879,0.30319962,-3.2227082
175,163,176,177,"null","null","null",2,53.740795,0.34452856,-2.8544228,0.97918093,-3.1267934
178,162,179,188,"null","null","null",6,53.740795,0.52348477,-3.5713453,2.010233,-2.3869948
179,178,180,187,"null","null","null",5,53.740795,0.65274733,-2.9853268,0.97918046,-3.4434729
180,179,181,184,"null","null","null",4,53.740795,1.6104325,-2.386893,0.44105354,-3.6823013
181,180,182,183,"null","null","null",2,53.740795,2.7384827,-1.302687,0.62788236,-3.2227077
184,180,185,186,"null","null","null",2,53.740795,0.5624017,-3.8140678,2.0763714,-1.2662256
189,161,190,201,"null","null","null",7,53.740795,0.8665074,-3.56265,2.5607538,-0.82172906
190,189,191,200,"null","null","null",6,53.740795,0.5042359,-3.5713453,2.0102324,-2.3869953
191,190,192,199,"null","null","null",5,53.740795,0.65274733,-2.9853268,0.97918016,-3.4434733
192,191,193,196,"null","null","null",4,53.740795,1.6104325,-2.386893,0.44105363,-3.6823013
193,192,194,195,"null","null","null",2,53.740795,2.7384827,-1.302687,0.62788236,-3.2227077
196,192,197,198,"null","null","null",2,53.740795,0.5624017,-3.8140678,2.0763714,-1.2662256
202,160,203,210,"null","null","null",5,53.740795,1.7788428,-2.6626234,3.2712305,-0.40148318
203,202,204,209,"null","null","null",4,53.740795,0.6411395,-3.485191,2.5607543,-0.66423047
204,203,205,208,"null","null","null",3,53.740795,0.50423586,-3.4706492,2.010233,-2.1433954
205,204,206,207,"null","null","null",2,53.740795,0.65274733,-2.854422,0.97918046,-3.1267939
211,159,212,227,"null","null","null",14,53.740795,2.5519614,-1.2045208,3.61433,-0.795097
212,211,213,222,"null","null","null",8,53.740795,1.6207751,-2.6626232,3.4101982,-0.55929744
213,212,214,219,"null","null","null",5,53.740795,0.4148239,-3.485191,2.7414124,-0.66423047
214,213,215,218,"null","null","null",3,53.740795,0.50423586,-3.4706492,2.010233,-2.1433954
215,214,216,217,"null","null","null",2,53.740795,0.65274733,-2.854422,0.97918046,-3.1267939
219,213,220,221,"null","null","null",2,53.740795,2.3745227,-0.40725148,3.5997503,-0.821087
222,212,223,226,"null","null","null",3,53.740795,3.120006,-0.31738448,2.914001,-1.6001981
223,222,224,225,"null","null","null",2,53.740795,2.3745227,-0.66423047,3.5997503,-0.41360927
227,211,228,235,"null","null","null",6,53.740795,3.4890275,-0.73706996,1.641881,-2.5840414
228,227,229,234,"null","null","null",4,53.740795,3.120006,-0.5905163,3.0610602,-1.600198
229,228,230,233,"null","null","null",3,53.740795,2.3745227,-0.66423047,3.7909272,-0.41360915
230,229,231,232,"null","null","null",2,53.740795,1.8611747,-1.7914236,3.711182,-0.541973
235,227,236,237,"null","null","null",2,53.740795,0.7310506,-2.2381644,0.6717558,-3.8167188
238,158,239,250,"null","null","null",9,53.740795,3.0981104,-0.27500078,2.9239175,-1.332174
239,238,240,249,"null","null","null",6,53.740795,2.3612094,-1.2045212,3.507432,-0.32387954
240,239,241,248,"null","null","null",5,53.740795,1.7788428,-2.6626234,3.2712305,-0.55929744
241,240,242,247,"null","null","null",4,53.740795,0.6411395,-3.485191,2.5607543,-0.66423047
242,241,243,246,"null","null","null",3,53.740795,0.50423586,-3.4706492,2.010233,-2.1433954
243,242,244,245,"null","null","null",2,53.740795,0.65274733,-2.854422,0.97918046,-3.1267939
250,238,251,254,"null","null","null",3,53.740795,3.279076,-1.3026868,0.30319974,-3.0229483
251,250,252,253,"null","null","null",2,53.740795,3.7626066,-0.37198865,0.6527476,-2.3134434
