index,parent,child1,child2,name1,name2,common,richness,lengthbr,hxmax,hxmin,hymax,hymin,color
0,-268022776,1,72,"null","null","null",43,10.8,0.541974,-3.424809,1.7306705,-2.5897229,-16731116
1,0,2,41,"null","null","null",36,10.6,0.66192484,-2.7652378,0.6137085,-3.496599,-16731116
2,1,3,24,"null","null","null",20,10.6,2.1597354,-2.0607467,0.48397338,-3.5703702,-16731116
3,2,4,21,"null","null","null",11,10.6,3.2514277,-0.8706895,0.6459124,-3.0087004,-12486656
4,3,5,14,"null","null","null",9,8.3,3.5280137,-0.4185698,1.9147029,-2.3703609,-12486656
5,4,6,11,"null","null","null",5,8.3,3.065712,-0.6167603,3.2309766,-1.2878731,-12486656
6,5,7,10,"null","null","null",3,8.3,2.3408208,-0.85625637,3.8025498,-0.34808022,-12486656
7,6,8,9,"null","null","null",2,8.3,1.6917281,-2.1268067,3.5885556,-0.5755012,-12486656
11,5,12,13,"null","null","null",2,8.3,2.8755634,-1.1971815,0.31716168,-3.1081553,-12486656
14,4,15,18,"null","null","null",4,8.3,1.7924187,-2.305408,0.6001816,-3.622961,-12486656
15,14,16,17,"null","null","null",2,8.3,2.8755634,-1.1971815,0.6376133,-3.1081553,-16731116
18,14,19,20,"null","null","null",2,8.3,0.5234822,-3.7908006,2.010228,-1.4433446,-11184866
21,3,22,23,"null","null","null",2,2.9,0.35782874,-2.7162147,0.90259826,-3.23998,-16731116
24,2,25,40,"null","null","null",9,10.599999,0.48358452,-3.405888,1.9384005,-2.424149,-16731116
25,24,26,37,"null","null","null",8,9.9,0.65809226,-2.752129,0.5831027,-3.3870234,-16731116
26,25,27,36,"null","null","null",6,8.5,2.0156536,-2.1365566,0.4628849,-3.5166674,-16731116
27,26,28,35,"null","null","null",5,8.5,3.1657686,-1.1971815,0.6376133,-2.9699733,-16731116
28,27,29,34,"null","null","null",4,5.6,3.514793,-0.3955179,1.6992358,-2.2791758,-12486656
29,28,30,33,"null","null","null",3,5.6,3.0981078,-0.6042887,3.0448914,-1.5045819,-12486656
30,29,31,32,"null","null","null",2,5.6,2.3612075,-0.66192454,3.6646893,-0.32388148,-11184866
37,25,38,39,"null","null","null",2,2.8,0.8665061,-3.439223,2.4198875,-0.38339514,-11513776
41,1,42,63,"null","null","null",16,10.6,0.8449204,-3.5679388,2.657907,-0.90351766,-16731116
42,41,43,62,"null","null","null",11,10.6,0.52359635,-3.4975023,1.9384005,-2.424149,-16731116
43,42,44,55,"null","null","null",10,5.8,0.65809226,-2.8712277,0.72600245,-3.3870234,-16731116
44,43,45,54,"null","null","null",6,5.8,2.1643844,-2.1365566,0.4628849,-3.5166674,-16731116
45,44,46,51,"null","null","null",5,5.8,3.3591185,-1.0122019,0.6376133,-2.9699733,-16731116
46,45,47,50,"null","null","null",3,5.8,3.7661476,-0.3955179,1.2371341,-2.2791758,-16731116
47,46,48,49,"null","null","null",2,2.3,3.4248688,-0.6042887,2.444159,-1.5045819,-16731116
51,45,52,53,"null","null","null",2,5.8,0.34452954,-2.854413,0.9791734,-3.1268015,-16731116
55,43,56,59,"null","null","null",4,5.8,0.8665061,-3.731466,2.741412,-0.38339514,-16731116
56,55,57,58,"null","null","null",2,5.8,0.50423723,-3.7908006,2.010228,-1.4433446,-16731116
59,55,60,61,"null","null","null",2,5.8,2.3745222,-0.40725225,3.5997555,-0.8210852,-16777216
63,41,64,71,"null","null","null",5,1.8,2.3612084,-1.3502553,3.5074306,-0.7950951,-16731116
64,63,65,70,"null","null","null",4,1.8,1.7788361,-2.852072,3.2712235,-0.55929875,-16731116
65,64,66,69,"null","null","null",3,1.5,0.64112955,-3.731466,2.5607452,-0.6642305,-16731116
66,65,67,68,"null","null","null",2,1.5,0.50423753,-3.7907994,2.0102267,-1.4433489,-16731116
72,0,73,82,"null","null","null",7,10.8,1.6749383,-2.753824,3.1863766,-0.35959825,-16731116
73,72,74,81,"null","null","null",5,10.8,0.5272839,-3.497466,2.4522898,-1.0443912,-16731116
74,73,75,80,"null","null","null",4,10.8,0.52359635,-3.405888,1.9384005,-2.6072845,-16731116
75,74,76,79,"null","null","null",3,10.8,0.65809226,-2.752129,0.8675231,-3.6250997,-16731116
76,75,77,78,"null","null","null",2,3.8,1.0880196,-2.1365566,0.4628849,-3.8261666,-16731116
82,72,83,84,"null","null","null",2,10.8,3.4248698,-0.27500066,2.4441574,-1.5045828,-16731116
