index,parent,child1,child2,name1,name2,common,richness,lengthbr,hxmax,hxmin,hymax,hymin
0,-268398590,1,180,"null","null","null",130,27.554876,2.345902,-268398590.9826968,0.50423795,-3.5072494
1,0,2,177,"null","null","null",90,26.095116,3.3900409,-0.72746193,0.652748,-2.902
2,1,3,142,"Monarchidae","null","Monarchs",88,15.787727,3.612829,-0.441056,1.9450241,-2.2785738
3,2,4,139,"null","null","null",70,14.239117,3.132389,-0.62788355,3.1734405,-1.1514399
4,3,5,100,"null","null","null",68,13.234268,2.4557202,-1.5005884,3.625268,-0.37199152
5,4,6,81,"null","null","null",48,10.459783,1.5333102,-2.8773685,3.2971113,-0.59051824
6,5,7,70,"null","null","null",38,8.387802,0.39172834,-3.5521135,2.6047611,-1.112215
7,6,8,65,"null","null","null",32,6.406355,0.5419755,-3.4007142,1.7061918,-2.6213522
8,7,9,44,"null","null","null",29,6.172739,0.66192514,-2.7339134,0.6447652,-3.5377088
9,8,10,39,"null","null","null",18,5.4334755,2.1597466,-2.0484586,0.48397505,-3.6238062
10,9,11,30,"null","null","null",15,4.934,3.2514338,-0.88664174,0.645913,-3.078165
11,10,12,27,"null","null","null",10,4.250179,3.528014,-0.41857165,1.7316535,-2.4606688
12,11,13,22,"null","null","null",8,3.3660922,3.0657086,-0.61676127,2.9930046,-1.2264501
13,12,14,21,"","null","Shrikebills",5,2.8117614,2.3408184,-1.4981592,3.493178,-0.34808218
14,13,15,20,"null","null","null",4,2.596262,1.691721,-2.9612732,3.186367,-0.5755025
15,14,16,19,"null","null","null",3,1.5659636,0.52727246,-3.767139,2.452278,-0.665
16,15,17,18,"null","null","null",2,0.93138415,0.5235983,-3.7564542,1.9383926,-1.6186615
22,12,23,26,"null","null","null",3,1.9574025,3.381483,-1.1971728,0.3171628,-2.9699686
23,22,24,25,"null","null","null",2,0.94537115,3.7952137,-0.39551976,0.6459111,-2.2791727
27,11,28,29,"null","null","null",2,1.5486243,1.0880342,-2.1365514,0.60017854,-3.8261662
30,10,31,36,"null","null","null",5,4.8250155,0.3578298,-2.7521214,0.90259707,-3.4687893
31,30,32,35,"null","null","null",3,2.7560568,1.792433,-2.1365514,0.46288663,-3.6229558
32,31,33,34,"null","null","null",2,2.0666597,2.8755739,-1.1971728,0.637614,-3.1081457
36,30,37,38,"null","null","null",2,4.067274,0.86650443,-3.439229,2.419877,-0.38339615
39,9,40,43,"null","null","null",3,3.0705986,0.48358122,-3.3782535,1.9383955,-2.3110504
40,39,41,42,"null","null","null",2,2.358081,0.6580926,-2.7162032,0.86751455,-3.2399886
44,8,45,62,"null","null","null",11,3.5973983,0.8449185,-3.497466,2.7277982,-0.90352786
45,44,46,59,"null","null","null",9,3.1271584,0.5235976,-3.4058828,2.0181618,-2.4241579
46,45,47,56,"null","null","null",7,2.518073,0.6580926,-2.7521214,0.5830918,-3.387028
47,46,48,55,"null","null","null",5,2.0275238,2.1815941,-2.1365514,0.46288663,-3.516666
48,47,49,52,"null","null","null",4,1.7069104,3.381483,-1.0121906,0.637614,-2.9699686
49,48,50,51,"null","null","null",2,0.92320734,3.7952137,-0.39551976,0.6459111,-2.2791727
52,48,53,54,"null","null","null",2,1.1275222,0.34453064,-2.8544023,0.97916484,-3.126811
56,46,57,58,"null","null","null",2,1.9833181,0.86650443,-3.439229,2.419877,-0.38339615
59,45,60,61,"null","null","null",2,1.4056994,1.7788317,-1.9610568,3.6551337,-0.40147734
62,44,63,64,"null","null","null",2,2.653581,2.361207,-0.4184217,3.664692,-0.7950933
65,7,66,69,"null","null","null",3,3.0737262,1.6917245,-2.7746296,3.1313143,-0.35959482
66,65,67,68,"null","null","null",2,1.847823,0.52727723,-3.5245066,2.3807092,-0.665
70,6,71,78,"null","null","null",6,5.134345,2.6331234,-1.4981532,3.4931788,-0.7670504
71,70,72,77,"null","null","null",4,2.9703481,1.6917245,-2.961269,3.1863706,-0.5755019
72,71,73,76,"null","null","null",3,1.9946167,0.52727723,-3.7671375,2.4522824,-0.665
73,72,74,75,"null","null","null",2,1.2274401,0.5235976,-3.756456,1.9383955,-1.6186541
78,70,79,80,"null","null","null",2,1.8007119,3.7952123,-0.70525765,0.55374324,-2.2791743
81,5,82,93,"null","null","null",10,8.249162,3.2905593,-0.28912947,2.993002,-1.2264546
82,81,83,90,"null","null","null",6,6.729781,2.6331234,-1.4981532,3.4931788,-0.34808123
83,82,84,89,"null","null","null",4,6.0372887,1.6917245,-2.961269,3.1863706,-0.5755019
84,83,85,88,"null","null","null",3,3.4542704,0.52727723,-3.7671375,2.4522824,-0.665
85,84,86,87,"null","null","null",2,2.4273005,0.5235976,-3.756456,1.9383955,-1.6186541
90,82,91,92,"null","null","null",2,2.0364025,3.7952123,-0.70525765,0.55374324,-2.2791743
93,81,94,99,"null","null","null",4,2.7715201,3.3591206,-1.1971772,0.31716225,-2.9699712
94,93,95,98,"null","null","null",3,2.1521916,3.7661464,-0.39551884,1.2371417,-2.2791743
95,94,96,97,"null","null","null",2,0.46479028,3.4248652,-0.6042892,2.4441652,-1.5045781
100,4,101,134,"null","null","null",20,12.377861,3.5280137,-0.6717514,1.7531317,-2.3703573
101,100,102,121,"null","null","null",17,10.028627,3.0657103,-0.61676085,3.0209303,-1.311002
102,101,103,120,"null","null","null",10,6.8739944,2.3408196,-1.3385844,3.5294857,-0.34808123
103,102,104,117,"null","null","null",9,6.1095934,1.6749309,-2.7538295,3.2335696,-0.5755019
104,103,105,116,"null","null","null",7,6.109593,0.52727723,-3.497466,2.513641,-0.9519073
105,104,106,113,"null","null","null",6,4.861043,0.5235976,-3.4058828,2.0181618,-2.487051
106,105,107,112,"null","null","null",4,4.0702357,0.6580926,-2.7521214,0.86751455,-3.4687893
107,106,108,111,"null","null","null",3,2.3664548,1.792433,-2.1365514,0.46288663,-3.6229558
108,107,109,110,"null","null","null",2,1.3783739,2.8755739,-1.1971728,0.637614,-3.1081457
113,105,114,115,"null","null","null",2,3.1170678,1.7788317,-1.9610568,3.6551337,-0.40147734
117,103,118,119,"null","null","null",2,1.9632151,3.4248652,-0.2750016,2.4441652,-1.5045781
121,101,122,129,"null","null","null",7,6.2333007,3.3591206,-1.0032573,0.31716225,-3.1602027
122,121,123,126,"null","null","null",4,3.6076484,3.7661464,-0.39551884,1.2371417,-2.5264754
123,122,124,125,"null","null","null",2,1.9638058,3.4248652,-0.6042892,2.4441652,-1.5045781
126,122,127,128,"null","null","null",2,1.9755639,0.90940034,-2.1905565,0.63667953,-3.8270526
129,121,130,133,"null","null","null",3,2.4221606,0.3445301,-2.8342948,0.9791694,-3.5548277
130,129,131,132,"null","null","null",2,1.6375035,0.90940034,-2.1905565,0.44105583,-3.8270526
134,100,135,138,"null","null","null",3,6.0616035,1.7924259,-2.1365538,0.60018003,-3.6229587
135,134,136,137,"null","null","null",2,2.5188882,2.8755686,-1.1971772,0.63761365,-3.1081505
139,3,140,141,"null","null","null",2,4.7819304,3.005175,-1.0891994,0.33095664,-2.9852262
142,2,143,174,"null","null","null",18,12.201796,2.1597412,-2.2165523,0.56239724,-3.5703678
143,142,144,169,"null","null","null",16,8.741825,3.2514307,-0.8866466,0.64591277,-3.008696
144,143,145,164,"","null","Paradise-Flycatchers",13,7.0721574,3.5280137,-0.41857076,1.7316486,-2.3703573
145,144,146,155,"null","null","null",10,6.0759573,3.0657103,-0.61676085,2.993002,-1.2264546
146,145,147,154,"null","null","null",5,3.5010366,2.3408196,-1.4981532,3.4931788,-0.34808123
147,146,148,153,"null","null","null",4,3.5010366,1.6917245,-2.961269,3.1863706,-0.5755019
148,147,149,152,"null","null","null",3,3.2499094,0.52727723,-3.7671375,2.4522824,-0.665
149,148,150,151,"null","null","null",2,1.7663606,0.5235976,-3.756456,1.9383955,-1.6186541
155,145,156,161,"null","null","null",5,4.8852215,3.3591206,-1.0121964,0.31716225,-2.9699712
156,155,157,160,"null","null","null",3,1.7622603,3.7661464,-0.39551884,1.2371417,-2.2791743
157,156,158,159,"null","null","null",2,1.7142895,3.4248652,-0.6042892,2.4441652,-1.5045781
161,155,162,163,"null","null","null",2,1.4403975,0.3445301,-2.8544078,0.9791694,-3.1268065
164,144,165,168,"null","null","null",3,3.0673258,1.7924259,-2.1365538,0.60018003,-3.6229587
165,164,166,167,"null","null","null",2,1.7805355,2.8755686,-1.1971772,0.63761365,-3.1081505
169,143,170,173,"null","null","null",3,7.293363,0.35782927,-2.7521253,0.90259767,-3.6251023
170,169,171,172,"null","null","null",2,2.88311,1.0880269,-2.1365538,0.46288577,-3.8261664
174,142,175,176,"null","null","null",2,4.184954,0.48358285,-3.7564573,1.9383985,-1.6186471
177,1,178,179,"Orthonychidae","null","Logrunners",2,12.110806,0.37080157,-2.571176,0.8857566,-3.3442616
180,0,181,248,"Paradisaeidae","null","Birds of paradise",40,22.270584,0.44286197,-3.4007149,1.7306662,-2.6213481
181,180,182,237,"null","null","null",34,12.369755,0.67296827,-2.7339149,0.52231866,-3.5377078
182,181,183,226,"null","null","null",28,10.970744,2.257562,-2.0607424,0.48397422,-3.6238084
183,182,184,225,"null","null","null",22,10.319811,3.3785977,-1.0891994,0.64591277,-3.0781689
184,183,185,222,"null","null","null",21,9.848913,3.6933308,-0.41857076,1.7531317,-2.4606717
185,184,186,205,"null","null","null",19,9.239059,3.2806225,-0.61676085,3.0209303,-1.311002
186,185,187,200,"null","null","null",10,8.164789,2.6202052,-1.3385844,3.5294857,-0.34808123
187,186,188,199,"null","null","null",7,6.63746,1.6917245,-2.7538295,3.2335696,-0.5755019
188,187,189,198,"null","null","null",6,4.1441884,0.52727723,-3.497466,2.513641,-1.044402
189,188,190,195,"null","null","null",5,2.6976876,0.5235976,-3.4058828,2.0181618,-2.607294
190,189,191,194,"null","null","null",3,1.1970651,0.6580926,-2.7521214,0.86751455,-3.6251051
191,190,192,193,"null","null","null",2,0.55169076,1.0880342,-2.1365514,0.46288663,-3.8261662
195,189,196,197,"null","null","null",2,1.7922943,1.7788317,-1.9610568,3.6551337,-0.40147734
200,186,201,204,"null","null","null",3,5.9183435,3.7661464,-0.70525765,1.2371417,-2.2791743
201,200,202,203,"null","null","null",2,3.2642417,3.4248652,-0.6042892,2.4441652,-1.5045781
205,185,206,219,"null","null","null",9,7.7395782,3.1657724,-1.0121964,0.31716225,-3.1602027
206,205,207,216,"null","null","null",7,5.98687,3.5147939,-0.39551884,1.780933,-2.5264754
207,206,208,213,"null","null","null",5,4.1889095,3.0981069,-0.6042892,3.151094,-1.4209399
208,207,209,212,"null","null","null",3,3.105435,2.361207,-0.6648622,3.8027487,-0.32388246
209,208,210,211,"null","null","null",2,0.4083768,1.7788317,-1.9610568,3.6551337,-0.5592996
213,207,214,215,"null","null","null",2,2.168025,2.7384992,-1.3026755,0.30320144,-3.2226942
216,206,217,218,"null","null","null",2,3.0555933,0.90940034,-2.1905565,0.63667953,-3.8270526
219,205,220,221,"null","null","null",2,4.475358,0.3445301,-2.8544078,0.9791694,-3.1268065
222,184,223,224,"null","null","null",2,6.895265,1.0880269,-2.1365538,0.60018003,-3.8261664
226,182,227,236,"null","null","null",6,9.083478,0.48358285,-3.4058852,1.9383985,-2.4870472
227,226,228,233,"null","null","null",5,6.869793,0.6580924,-2.7521253,0.5830978,-3.4687886
228,227,229,232,"null","null","null",3,5.3776636,1.7924259,-2.1365538,0.46288577,-3.6229587
229,228,230,231,"null","null","null",2,2.5478952,2.8755686,-1.1971772,0.63761365,-3.1081505
233,227,234,235,"null","null","null",2,1.5326695,0.86650527,-3.4392254,2.4198835,-0.38339564
237,181,238,247,"null","null","null",6,9.6355915,0.84491944,-3.4974654,2.4522867,-1.0443956
238,237,239,246,"null","null","null",5,7.840996,0.5235968,-3.4058852,1.9383985,-2.6072886
239,238,240,243,"null","null","null",4,3.164121,0.6580924,-2.7521253,0.5830978,-3.6251023
240,239,241,242,"null","null","null",2,2.5366275,1.0880269,-2.1365538,0.46288577,-3.8261664
243,239,244,245,"null","null","null",2,0.7872859,0.86650527,-3.4392254,2.4198835,-0.38339564
248,180,249,258,"null","null","null",6,14.610417,1.6917281,-2.7538254,3.1863742,-0.35959655
249,248,250,257,"null","null","null",5,11.044098,0.5272817,-3.4974654,2.4522867,-1.0443956
250,249,251,256,"null","null","null",4,6.596342,0.5235968,-3.4058852,1.9383985,-2.6072886
251,250,252,255,"null","null","null",3,5.51665,0.6580924,-2.7521253,0.867519,-3.6251023
252,251,253,254,"null","null","null",2,4.050543,1.0880269,-2.1365538,0.46288577,-3.8261664
