index,parent,child1,child2,name1,name2,common,richness,lengthbr,hxmax,hxmin,hymax,hymin,color
0,-268268537,1,24,"null","null","null",24,10.747823,0.44189167,-2.76726,0.90259707,-3.387028,-16731116
1,0,2,17,"null","null","null",12,9.85424,2.0156658,-2.1562314,0.46288663,-3.516666,-16731116
2,1,3,10,"","null","Sibias",8,7.3176546,3.1657763,-1.0032526,0.637614,-2.9699686,-16731116
3,2,4,9,"null","null","null",4,3.9273386,3.5147948,-0.39551976,1.6992495,-2.2791727,-16731116
4,3,5,8,"null","null","null",3,1.2853034,3.098106,-0.60428977,3.0449016,-1.5045741,-16731116
5,4,6,7,"null","null","null",2,0.28960794,2.3612065,-0.66192436,3.6646943,-0.32388347,-16731116
10,2,11,16,"null","null","null",4,3.9445324,0.34453064,-2.834292,0.97916484,-3.443476,-16731116
11,10,12,15,"null","null","null",3,2.9895704,1.6104609,-2.1905546,0.44105673,-3.6822917,-16731116
12,11,13,14,"null","null","null",2,2.1253772,2.7385051,-1.3026711,0.6278839,-3.2226896,-16731116
17,1,18,23,"","null","Liocichla",4,5.999,0.523479,-3.4551668,2.0102232,-2.4726658,-12486656
18,17,19,22,"null","null","null",3,4.8585925,0.6527482,-2.834292,0.97916484,-3.5548306,-16731116
19,18,20,21,"null","null","null",2,1.8846531,0.9094076,-2.1905546,0.44105673,-3.8270526,-12486656
24,0,25,44,"null","null","null",12,10.104439,0.86650443,-3.4732904,2.7414107,-0.7518083,-16731116
25,24,26,35,"null","null","null",10,9.084423,0.50423855,-3.4551668,1.9577041,-2.2960894,-16731116
26,25,27,34,"null","null","null",5,3.783944,0.6527482,-2.834292,0.97916484,-3.3252814,-16731116
27,26,28,33,"null","null","null",4,3.1599607,2.0262978,-2.1905546,0.44105673,-3.5286388,-16731116
28,27,29,32,"null","null","null",3,1.8613088,3.279093,-1.3026711,0.6278839,-3.0229406,-16731116
29,28,30,31,"null","null","null",2,0.6435477,3.762613,-0.37199226,0.6527467,-2.3134382,-16731116
35,25,36,41,"null","null","null",5,7.737593,1.90941,-2.7339306,3.3444867,-0.44286072,-16731116
36,35,37,40,"null","null","null",3,7.399267,0.7546867,-3.6840615,2.660818,-0.6619251,-16731116
37,36,38,39,"null","null","null",2,5.6445184,0.48397484,-3.8140655,2.0763621,-1.2662508,-16731116
41,35,42,43,"null","null","null",2,1.7554679,3.5885534,-0.35959524,2.1268117,-1.6917254,-16731116
44,24,45,46,"null","null","null",2,3.502161,2.374521,-0.40725303,3.599759,-0.82108366,-16731116
