index,parent,child1,child2,name1,name2,common,richness,lengthbr,hxmax,hxmin,hymax,hymin,color
0,-268061528,1,175,"null","null","null",170,17.6,2.2791796,-1.66201,3.5147917,-0.39551586,-16731116
1,0,2,170,"null","null","null",169,17.599998,1.3321762,-2.9965065,3.0981112,-0.60428745,-16731116
2,1,3,169,"Crocidura","null","null",166,11.9,0.323879,-3.6018,2.3612099,-1.2118179,-16731116
3,2,4,124,"null","null","null",165,11.9,0.5592972,-3.3939104,1.6994928,-2.6721106,-16731116
4,3,5,76,"null","null","null",142,11.9,0.7901077,-2.7202382,0.5243281,-3.4975257,-16731116
5,4,6,64,"null","null","null",85,11.9,2.3458881,-2.0236814,0.50423574,-3.4866846,-16731116
6,5,7,37,"null","null","null",58,11.9,3.3900344,-0.8152455,0.6527473,-2.875268,-16731116
7,6,8,28,"null","null","null",44,11.9,3.612831,-0.44105357,1.864394,-2.2438169,-16731116
8,7,9,21,"null","null","null",39,11.9,3.1323967,-0.6278824,3.0686321,-1.1166872,-16731116
9,8,-268058624,10,"null","null","null",35,11.9,2.4557266,-1.5127373,3.4890285,-0.37198886,-16731116
10,9,11,20,"null","null","null",6,11.9,3.5280132,-0.6717552,1.9146957,-2.238164,-16731116
11,10,12,17,"null","null","null",5,11.9,3.0657144,-0.61675966,3.2309725,-1.28788,-16731116
12,11,13,16,"null","null","null",3,11.9,2.3408225,-0.8562454,3.8025503,-0.34807888,-16731116
13,12,14,15,"null","null","null",2,11.9,1.691733,-2.1267972,3.5885596,-0.57550037,-16731116
17,11,18,19,"null","null","null",2,11.9,2.875558,-1.1971854,0.3171609,-3.10816,-16731116
21,8,22,27,"null","null","null",4,11.9,3.406867,-1.0892096,0.33095512,-2.9070122,-12486656
22,21,23,26,"null","null","null",3,11.9,3.7300901,-0.41856855,1.425098,-2.238164,-16731116
23,22,24,25,"null","null","null",2,11.9,3.328414,-0.61675966,2.5944955,-1.4052861,-16731116
28,7,29,34,"null","null","null",5,11.9,2.3305597,-2.216561,0.56240153,-3.4921474,-11184866
29,28,30,33,"null","null","null",3,11.9,3.4735045,-1.0892096,0.645912,-2.9070122,-8572416
30,29,31,32,"null","null","null",2,11.9,3.816719,-0.41856855,0.7310552,-2.238164,-11513776
34,28,35,36,"null","null","null",2,11.9,0.48358673,-3.756461,1.9384048,-1.6186329,-11184866
37,6,38,55,"null","null","null",14,11.9,0.5977068,-2.7686694,0.88575864,-3.4364238,-12486656
38,37,39,52,"null","null","null",9,11.9,2.1597278,-2.216561,0.48397225,-3.4921474,-16731116
39,38,40,51,"null","null","null",7,11.9,3.2514234,-1.0892096,0.645912,-2.9070122,-12486656
40,39,41,50,"null","null","null",6,11.9,3.5280132,-0.41856855,1.9146957,-2.238164,-12486656
41,40,42,47,"null","null","null",5,11.9,3.0657144,-0.61675966,3.2309725,-1.28788,-12486656
42,41,43,46,"null","null","null",3,11.9,2.3408225,-0.8562454,3.8025503,-0.34807888,-11184866
43,42,44,45,"null","null","null",2,11.9,1.691733,-2.1267972,3.5885596,-0.57550037,-11184866
47,41,48,49,"null","null","null",2,11.9,2.875558,-1.1971854,0.3171609,-3.10816,-16731116
52,38,53,54,"null","null","null",2,11.9,0.48358673,-3.756461,1.9384048,-1.6186329,-16731116
55,37,56,63,"null","null","null",5,11.9,0.8449216,-3.4974642,2.4522963,-1.0443827,-12486656
56,55,57,62,"null","null","null",4,11.9,0.5235953,-3.4058897,1.9384048,-2.6072779,-12486656
57,56,58,61,"null","null","null",3,6.2,0.658092,-2.7521324,0.8675277,-3.6250968,-12486656
58,57,59,60,"null","null","null",2,6.2,1.0880123,-2.1365585,0.462884,-3.8261666,-11184866
64,5,65,71,"null","null","null",27,11.9,0.44286656,-3.492911,1.7062032,-2.5731764,-16731116
65,64,-268057600,66,"null","null","null",24,11.9,0.6619247,-2.8537707,0.52233005,-3.4750946,-16731116
66,65,67,70,"null","null","null",3,11.9,0.8449216,-3.7671342,2.4522963,-0.3955609,-16731116
67,66,68,69,"null","null","null",2,11.9,0.5235953,-3.756461,1.9384048,-1.6186329,-16731116
71,64,72,75,"null","null","null",3,11.9,1.691736,-2.7746105,3.1313152,-0.3596006,-16731116
72,71,73,74,"null","null","null",2,11.9,0.5272925,-3.5244956,2.3807096,-0.665,-16731116
76,4,77,109,"null","null","null",57,11.9,0.8210871,-3.5521073,2.6209064,-1.0751486,-16731116
77,76,78,98,"null","null","null",49,11.9,0.541973,-3.4007165,1.8248668,-2.5731764,-16731116
78,77,-268056576,79,"null","null","null",43,11.9,0.67295456,-2.7339177,0.59725046,-3.4750946,-16731116
79,78,80,91,"null","null","null",10,11.9,0.8449216,-3.4974642,2.620867,-1.0443827,-12486656
80,79,81,88,"null","null","null",6,11.9,0.5235953,-3.4058897,2.0181746,-2.6072779,-16731116
81,80,82,85,"null","null","null",4,11.9,0.658092,-2.7521324,0.58310854,-3.6250968,-12486656
82,81,83,84,"null","null","null",2,11.9,1.0880123,-2.1365585,0.462884,-3.8261666,-11184866
85,81,86,87,"null","null","null",2,11.9,0.86650693,-3.4392195,2.4198937,-0.38339463,-16731116
88,80,89,90,"null","null","null",2,11.9,1.7788415,-1.9610368,3.6551409,-0.40148243,-16731116
91,79,92,97,"null","null","null",4,11.9,2.3612094,-1.1773193,3.4240844,-0.79509664,-11184866
92,91,93,96,"null","null","null",3,11.9,1.7788422,-2.6272602,3.162878,-0.5592977,-11184866
93,92,94,95,"null","null","null",2,11.9,0.6411381,-3.439218,2.4198961,-0.66423047,-12486656
98,77,99,106,"null","null","null",6,11.9,1.6749469,-2.9612553,3.3983083,-0.3596006,-12486656
99,98,100,103,"null","null","null",4,11.9,0.33849406,-3.7671337,2.7278008,-0.665,-8572416
100,99,101,102,"null","null","null",2,11.9,0.523595,-3.7564616,1.938406,-1.6186303,-11513776
103,99,104,105,"null","null","null",2,11.9,2.3612094,-0.4184202,3.6646843,-0.795097,-8572416
106,98,107,108,"null","null","null",2,11.9,3.4248772,-0.27500075,2.444146,-1.5045899,-16731116
109,76,110,123,"null","null","null",8,11.9,2.3408232,-1.3259921,3.5294905,-0.76705444,-16731116
110,109,111,120,"null","null","null",7,11.9,1.6749479,-2.7374706,3.2335844,-0.57549983,-16731116
111,110,112,119,"null","null","null",5,11.9,0.5272925,-3.4762144,2.5136595,-0.8164975,-12486656
112,111,113,116,"null","null","null",4,11.9,0.523595,-3.3782663,2.018176,-2.311028,-12486656
113,112,114,115,"null","null","null",2,11.9,0.658092,-2.7162223,0.8675292,-3.239974,-11184866
116,112,117,118,"null","null","null",2,11.9,1.7788428,-1.9610344,3.6551418,-0.40148306,-16731116
120,110,121,122,"null","null","null",2,11.9,3.4248781,-0.27500108,2.4441447,-1.5045905,-16731116
124,3,125,162,"null","null","null",23,11.9,1.4333917,-2.834318,3.2971194,-0.3173849,-16731116
125,124,126,153,"null","null","null",19,11.9,0.29948753,-3.4961634,2.60477,-1.0878701,-16731116
126,125,127,152,"null","null","null",14,11.9,0.54197276,-3.3279903,1.8611755,-2.5897157,-16731116
127,126,128,151,"null","null","null",13,11.9,0.6764312,-2.6393738,0.75470227,-3.4965975,-16731116
128,127,129,146,"null","null","null",12,11.9,2.2620704,-2.0484757,0.4839719,-3.5703745,-16731116
129,128,130,145,"null","null","null",9,11.9,3.38447,-1.0892112,0.6459119,-3.008708,-16731116
130,129,131,140,"null","null","null",8,11.9,3.7009754,-0.4185682,1.9146936,-2.3703675,-16731116
131,130,132,139,"null","null","null",5,11.9,3.2905655,-0.6167594,3.230971,-1.4052875,-16731116
132,131,133,136,"null","null","null",4,11.9,2.6331284,-0.8562428,3.80255,-0.34807852,-16731116
133,132,134,135,"null","null","null",2,11.9,1.6917346,-2.126795,3.5885606,-0.57550013,-16731116
136,132,137,138,"null","null","null",2,3.9,3.7952096,-0.70526135,0.55372626,-2.2791781,-16731116
140,130,141,144,"null","null","null",3,11.9,1.7924087,-2.1365595,0.6001842,-3.6229649,-12486656
141,140,142,143,"null","null","null",2,11.9,2.8755558,-1.1971871,0.63761276,-3.108162,-12486656
146,128,147,150,"null","null","null",3,11.9,0.48358735,-3.3782663,1.938406,-2.311028,-16731116
147,146,148,149,"null","null","null",2,3.9,0.658092,-2.7162223,0.8675292,-3.239974,-16731116
153,125,154,161,"null","null","null",5,11.9,2.3408232,-1.4981315,3.4931822,-0.7670549,-12486656
154,153,155,160,"null","null","null",4,11.9,1.6917381,-2.9612532,3.1863844,-0.5754996,-12486656
155,154,156,159,"null","null","null",3,11.9,0.52729416,-3.7671332,2.4522996,-0.665,-12486656
156,155,157,158,"null","null","null",2,11.9,0.52359474,-3.756462,1.9384072,-1.6186279,-11184866
162,124,163,168,"null","null","null",4,11.9,3.0657158,-0.2891274,3.2309694,-1.4052902,-12486656
163,162,164,167,"null","null","null",3,11.9,2.3408232,-0.8562355,3.8025508,-0.3480779,-16731116
164,163,165,166,"null","null","null",2,11.9,1.6917381,-2.1267884,3.5885634,-0.5754996,-16731116
170,1,171,174,"Paracrocidura","null","null",3,3.8,3.0229492,-0.30319944,3.2790737,-1.3026892,-16731116
171,170,172,173,"null","null","null",2,3.8,2.3134441,-0.6527477,3.7626061,-0.3719881,-16731116
