index,parent,child1,child2,name1,name2,common,richness,lengthbr,hxmax,hxmin,hymax,hymin,color
0,-268435456,1,-268009472,"","null","Amphibians",5713,371.0,0.275,-3.319235,1.4032773,-3.0006707,-12486656
1,0,2,-268019712,"null","null","null",5565,358.4,1.2118226,-2.6486716,0.32387993,-3.6072094,-12486656
2,1,3,157,"Salientia","null","Frogs and Toads",5033,237.4,2.6721141,-1.6207733,0.55929774,-3.4009402,-12486656
3,2,4,-268020736,"null","null","null",5027,228.0,3.4975274,-0.41482252,0.79011047,-2.7293768,-12486656
4,3,5,-268021760,"null","null","null",4996,226.1,3.4866848,-0.5042362,2.34589,-1.9945861,-12486656
5,4,6,-268023808,"null","null","null",4975,215.70001,2.875268,-0.6527474,3.3900354,-0.79979974,-12486656
6,5,7,146,"Neobatrachia","null","Neobatrachia 'New Frogs'",4834,160.90001,2.243817,-1.9450088,3.6128316,-0.44105375,-12486656
7,6,8,-268062720,"null","null","null",4828,155.3,1.1615324,-3.1734314,3.132397,-0.6278824,-12486656
8,7,9,137,"null","null","null",2915,152.5,0.37198886,-3.6252675,2.455727,-1.5125303,-12486656
9,8,10,-268064768,"null","null","null",2910,141.9,0.59051657,-3.297117,1.5165588,-2.8929026,-12486656
10,9,11,126,"null","null","null",2783,63.2,1.0875975,-2.6047673,0.3917377,-3.5723202,-12486656
11,10,12,-268081152,"null","null","null",2777,63.182823,2.589358,-1.8086092,0.5419735,-3.4269915,-12486656
12,11,13,-268082176,"null","null","null",1998,60.56312,3.496128,-0.67204565,0.6619248,-2.768075,-12486656
13,12,14,-268083200,"null","null","null",1977,60.479065,3.569761,-0.48397276,2.2360032,-2.0714579,-12486656
14,13,15,-268096512,"null","null","null",1920,58.8,3.0079093,-0.64591223,3.3505788,-0.9034329,-12486656
15,14,16,-268101632,"null","null","null",1133,57.0,2.3693311,-1.8202676,3.6569128,-0.41856912,-12486656
16,15,17,-268102656,"null","null","null",844,55.2,1.3110098,-3.1082134,3.233282,-0.61675996,-12486656
17,16,18,-268104704,"null","null","null",763,53.8,0.3480795,-3.642961,2.558661,-1.3438754,-12486656
18,17,19,-268108800,"null","null","null",641,50.7,0.5755007,-3.381092,1.6221409,-2.760714,-12486656
19,18,20,89,"BUFONIDAE","null","True toads",414,41.2,0.95356864,-2.70542,0.42326677,-3.506424,-12486656
20,19,21,-268109824,"null","null","null",395,40.878788,2.4892156,-1.9128435,0.5235962,-3.4175334,-12486656
21,20,22,76,"null","null","null",310,39.222046,3.4716105,-0.7637643,0.65809226,-2.7672682,-12486656
22,21,23,61,"null","null","null",303,39.065887,3.6266298,-0.46288514,2.0824416,-2.1562378,-12486656
23,22,24,40,"null","null","null",295,38.882942,3.112924,-0.6376134,3.252592,-1.0703816,-12486656
24,23,-268115968,25,"null","null","null",284,20.4,2.4650118,-1.6611575,3.6276627,-0.39551812,-12486656
25,24,26,37,"null","null","null",8,15.7,3.6887553,-0.63668066,1.8644047,-2.386887,-16731116
26,25,27,36,"","null","Asian Tree Toads",6,13.52797,3.2310948,-0.6278832,3.0686388,-1.3026786,-12486656
27,26,28,33,"null","null","null",5,13.52797,2.5840368,-1.5287743,3.48903,-0.37199056,-11184866
28,27,29,32,"null","null","null",3,13.52797,1.6001897,-2.9140136,3.1200042,-0.59051764,-12486656
29,28,30,31,"null","null","null",2,13.52797,0.4135989,-3.5997567,2.3745215,-0.66423035,-16777216
33,27,34,35,"null","null","null",2,13.52797,3.8167202,-0.67175275,0.73106515,-2.238161,-8572416
37,25,38,39,"null","null","null",2,5.233333,1.2662381,-2.076367,0.5623988,-3.8140666,-16731116
40,23,41,56,"null","null","null",11,16.394869,3.448443,-0.91696227,0.3445297,-2.9853194,-11184866
41,40,42,53,"null","null","null",8,14.21754,3.6887553,-0.44105512,1.8644047,-2.386887,-11184866
42,41,43,52,"","null","Smalltongue Toads",6,12.250603,3.2310948,-0.6278832,3.0686388,-1.3026786,-8572416
43,42,44,49,"null","null","null",5,12.250603,2.5840368,-1.5287743,3.48903,-0.37199056,-8572416
44,43,45,48,"null","null","null",3,12.250603,1.6001897,-2.9140136,3.1200042,-0.59051764,-8572416
45,44,46,47,"null","null","null",2,12.250603,0.4135989,-3.5997567,2.3745215,-0.66423035,-8572416
49,43,50,51,"null","null","null",2,12.250603,3.8167202,-0.67175275,0.73106515,-2.238161,-8572416
53,41,54,55,"","null","African Tree Toads",2,4.73918,1.2662381,-2.076367,0.5623988,-3.8140666,-16731116
56,40,57,60,"","null","Wolterstorff Toads",3,7.5114226,0.37080103,-2.660825,0.8857573,-3.6840577,-8572416
57,56,58,59,"null","null","null",2,7.5114226,1.2662381,-2.076367,0.48397338,-3.8140666,-8572416
61,22,62,69,"null","null","null",8,14.21754,2.472656,-1.9270647,0.5234818,-3.4551697,-16731116
62,61,63,66,"null","null","null",4,14.21754,3.5548253,-0.72746766,0.65274775,-2.8342974,-16731116
63,62,64,65,"null","null","null",2,14.21754,3.8270524,-0.44105512,0.9093949,-2.1905584,-12486656
66,62,67,68,"null","null","null",2,14.21754,0.37080103,-2.571182,0.8857573,-3.3442578,-16731116
69,61,70,73,"null","null","null",4,14.21754,0.44286364,-3.2755356,1.9094158,-2.4725387,-16731116
70,69,71,72,"null","null","null",2,14.21754,0.6619249,-2.571182,0.7546941,-3.3442578,-16731116
73,69,74,75,"null","null","null",2,14.21754,1.691729,-2.1268048,3.5885563,-0.35959762,-16731116
76,21,77,84,"null","null","null",7,13.304561,0.63435745,-2.8263779,0.866506,-3.4851904,-16731116
77,76,78,81,"null","null","null",4,13.304561,2.143408,-2.120684,0.5042372,-3.4706426,-16731116
78,77,79,80,"null","null","null",2,13.304561,3.126803,-0.9791728,0.65274775,-2.8544118,-16731116
81,77,82,83,"null","null","null",2,13.304561,0.44286364,-3.711179,1.8611686,-1.7914356,-16731116
84,76,85,88,"null","null","null",3,13.304561,0.82108533,-3.7909288,2.3745222,-0.47381365,-12486656
85,84,86,87,"null","null","null",2,13.304561,0.5419743,-3.711179,1.8611686,-1.7914356,-12486656
89,19,90,119,"","null","South American Redbelly Toads",19,20.131693,0.7950952,-3.6143339,2.5519586,-1.2503638,-16731116
90,89,91,116,"null","null","null",15,20.131693,0.55929863,-3.4101982,1.7948548,-2.7222135,-12486656
91,90,92,113,"null","null","null",13,20.131693,0.75179744,-2.7414122,0.41481906,-3.5626502,-12486656
92,91,93,104,"null","null","null",11,20.131693,2.29608,-1.9868083,0.5042372,-3.5713406,-12486656
93,92,94,103,"null","null","null",6,20.131693,3.3252766,-0.9791728,0.65274775,-2.9853194,-16731116
94,93,95,100,"null","null","null",5,20.131693,3.528639,-0.44105512,2.0262864,-2.386887,-16731116
95,94,96,99,"null","null","null",3,20.131693,3.0229437,-0.6278832,3.2790852,-1.3026786,-16731116
96,95,97,98,"null","null","null",2,20.131693,2.3134403,-0.65274704,3.7626104,-0.37199056,-12486656
100,94,101,102,"null","null","null",2,20.131693,1.2662381,-2.076367,0.5623988,-3.8140666,-16731116
104,92,105,112,"null","null","null",5,20.131693,0.44286364,-3.4099588,1.8611686,-2.7339232,-12486656
105,104,106,109,"null","null","null",4,20.131693,0.6619249,-2.745932,0.49050963,-3.6840577,-12486656
106,105,107,108,"null","null","null",2,20.131693,1.2662381,-2.076367,0.48397338,-3.8140666,-12486656
109,105,110,111,"null","null","null",2,20.131693,0.8449204,-3.5245008,2.3807096,-0.39556158,-11184866
113,91,114,115,"null","null","null",2,20.131693,0.82108533,-3.5997553,2.3745222,-0.4072522,-12486656
116,90,117,118,"null","null","null",2,20.131693,1.6001905,-2.288054,3.5116992,-0.31738126,-16731116
119,89,120,125,"null","null","null",4,20.131693,2.3134413,-1.5287724,3.48903,-0.7370677,-16731116
120,119,121,124,"null","null","null",3,20.131693,1.6001905,-2.9140122,3.1200047,-0.59051746,-12486656
121,120,122,123,"null","null","null",2,20.131693,0.41359925,-3.5997562,2.374522,-0.66423035,-11513776
126,10,127,134,"null","null","null",6,14.275596,0.7670537,-3.4931808,2.6331277,-1.4981389,-16731116
127,126,128,133,"null","null","null",4,14.275596,0.57550037,-3.1863794,1.691733,-2.961259,-12486656
128,127,129,132,"null","null","null",3,14.275596,0.665,-2.4522934,0.52728754,-3.767135,-12486656
129,128,130,131,"null","null","null",2,14.275596,1.6186374,-1.9384029,0.52359575,-3.7564597,-12486656
134,126,135,136,"null","null","null",2,14.275596,2.2791777,-0.5537266,3.79521,-0.7052609,-16731116
137,8,138,145,"SOOGLOSSIDAE","null","Purple Frog, Seychelles Palm Frog and more",5,96.2,2.238164,-1.865281,3.5280137,-0.6717552,-11184866
138,137,139,142,"null","null","null",4,82.86217,1.2878828,-3.166734,3.0657148,-0.61675954,-11184866
139,138,140,141,"null","null","null",2,41.431084,0.34807852,-3.7190418,2.3408225,-0.6580921,-11184866
142,138,143,144,"null","null","null",2,41.431084,3.1081638,-0.3171607,2.875554,-1.1971881,-11184866
146,6,147,154,"","null","Ghost Frogs",6,33.973274,3.492148,-0.56240153,2.279299,-2.216562,-12486656
147,146,148,153,"null","null","null",4,33.973274,2.9070134,-0.64591193,3.4068668,-1.0892115,-12486656
148,147,149,152,"null","null","null",3,33.973274,2.2381644,-1.4250932,3.7300913,-0.4185682,-12486656
149,148,150,151,"null","null","null",2,33.973274,1.4052893,-2.5944912,3.3284168,-0.6167594,-11184866
154,146,155,156,"null","null","null",2,33.973274,1.6186295,-1.938406,0.4835871,-3.7564616,-11184866
157,2,158,165,"LEIOPELMATIDAE","null","null",6,197.1,0.31738362,-3.1200058,1.5501443,-2.803287,-12486656
158,157,159,164,"","null","New Zealand and North American Primitive Frogs",4,48.9,0.99772924,-2.3745227,0.41360688,-3.4558203,-11184866
159,158,160,163,"null","null","null",3,38.752335,2.47253,-1.8611732,0.54197335,-3.2755418,-8572416
160,159,161,162,"null","null","null",2,24.45,3.3442523,-0.7546998,0.6619247,-2.57119,-11184866
165,157,166,167,"","null","Tailed Frogs",2,9.2,1.405287,-2.5944939,3.328415,-0.28912786,-16731116
