index,parent,child1,child2,name1,name2,common,richness,lengthbr,hxmax,hxmin,hymax,hymin,color
0,-268435339,1,155,"null","null","null",491,175.8,2.583736,-1.7306776,0.44286627,-3.409958,-16731116
1,0,2,152,"","null","Snakes",478,0.0,3.4888222,-0.49051434,0.6729524,-2.7459316,-16731116
2,1,3,111,"null","null","null",476,0.0,3.5602663,-0.48397207,2.2575479,-2.1014695,-16731116
3,2,4,106,"null","null","null",455,0.0,2.9955673,-0.6459119,3.378591,-0.8866605,-16731116
4,3,5,19,"null","null","null",452,0.0,2.3532844,-1.8165393,3.6933336,-0.41856802,-16731116
5,4,6,18,"","null","Vipers, Cobras, Sea Snakes, Whip Snakes and more",408,0.0,1.4052893,-3.103372,3.280632,-0.6167593,-16731116
6,5,7,13,"null","null","null",407,0.0,0.34807813,-3.636673,2.6202145,-1.34764,-16731116
7,6,8,10,"null","null","null",404,0.0,0.5754999,-3.3729212,1.6749467,-2.7656126,-16731116
8,7,9,-268088320,"null","null","null",402,0.0,0.9701148,-2.6947975,0.42327172,-3.5127978,-16731116
9,8,-268092416,-268087296,"null","null","null",360,0.0,2.5107298,-1.9020722,0.5235952,-3.4258242,-16731116
10,7,11,12,"null","null","null",2,0.0,1.5045897,-2.4441464,3.4248772,-0.27500063,-16777216
13,6,14,17,"null","null","null",3,0.0,2.2791789,-1.237118,3.766151,-0.7052618,-16777216
14,13,15,16,"null","null","null",2,0.0,1.5045903,-2.4441457,3.4248772,-0.6042876,-16777216
19,4,20,81,"","null","Boas, Pythons, Earth Snakes and more",44,0.0,3.5845256,-0.6001848,2.1250017,-2.1772854,-12486656
20,19,21,78,"null","null","null",31,0.0,3.0581915,-0.6376126,3.307929,-1.0122141,-12486656
21,20,22,57,"null","null","null",29,0.0,2.393856,-1.6061704,3.6996102,-0.39551586,-12486656
22,21,23,56,"null","null","null",18,0.0,1.5045918,-2.9239151,3.338375,-0.60428745,-16777216
23,22,24,53,"null","null","null",17,0.0,0.323879,-3.507431,2.6735528,-1.2503523,-16777216
24,23,25,52,"null","null","null",15,0.0,0.5592972,-3.271231,1.7788439,-2.7222054,-16777216
25,24,26,51,"null","null","null",14,0.0,0.82466626,-2.5607548,0.64114,-3.562649,-16777216
26,25,27,50,"","null","Earth Snakes",13,0.0,2.3908143,-2.010233,0.50423574,-3.5713449,-16777216
27,26,28,49,"null","null","null",12,0.0,3.4484386,-0.9791801,0.6527473,-2.9853263,-16777216
28,27,29,46,"null","null","null",11,0.0,3.6887565,-0.44105357,1.864394,-2.3868926,-16777216
29,28,30,45,"null","null","null",9,0.0,3.2310996,-0.6278824,3.0686321,-1.3026856,-16777216
30,29,31,42,"null","null","null",8,0.0,2.5840404,-1.6418834,3.4890285,-0.37198886,-16777216
31,30,32,37,"null","null","null",6,0.0,1.4333884,-3.0610616,3.1200058,-0.59051657,-16777216
32,31,33,36,"null","null","null",3,0.0,0.41360605,-3.790927,2.3745227,-0.66423047,-16777216
33,32,34,35,"null","null","null",2,0.0,0.5419735,-3.7111802,1.8611722,-1.7914294,-16777216
37,31,38,41,"null","null","null",3,0.0,3.0657144,-0.2891279,3.166736,-1.4052861,-16777216
38,37,39,40,"null","null","null",2,0.0,2.3408225,-0.658092,3.7190428,-0.34807888,-16777216
42,30,43,44,"null","null","null",2,0.0,3.816719,-0.6717552,0.7310552,-2.238164,-16777216
46,28,47,48,"null","null","null",2,0.0,1.2662282,-2.0763705,0.56240153,-3.8140674,-16777216
53,23,54,55,"null","null","null",2,0.0,2.313444,-0.4390176,3.7626064,-0.7370704,-16777216
57,21,58,77,"null","null","null",11,0.0,3.52864,-0.6366844,1.9801514,-2.1905634,-12486656
58,57,59,76,"null","null","null",10,0.0,3.0229492,-0.6278822,3.2191193,-1.3026892,-12486656
59,58,60,75,"null","null","null",9,0.0,2.3134441,-1.4749742,3.6846652,-0.3719881,-12486656
60,59,61,74,"null","null","null",8,0.0,1.6002007,-2.8440835,3.3743362,-0.590516,-12486656
61,60,62,71,"null","null","null",7,0.0,0.29948714,-3.5088603,2.7051516,-1.1987886,-12486656
62,61,63,68,"null","null","null",5,0.0,0.5419725,-3.3444977,1.9094278,-2.733911,-16777216
63,62,64,67,"null","null","null",3,0.0,0.6619246,-2.6608334,0.75470394,-3.684053,-16777216
64,63,65,66,"null","null","null",2,0.0,1.2662228,-2.0763726,0.4839716,-3.814068,-16777216
68,62,69,70,"null","null","null",2,0.0,1.6917387,-2.1267867,3.5885649,-0.35960186,-16777216
71,61,72,73,"null","null","null",2,0.0,2.3408237,-0.4290226,3.7190394,-0.76705533,-12486656
78,20,79,80,"null","null","null",2,0.0,3.126792,-0.97918236,0.34452838,-2.8544245,-8572416
81,19,82,105,"null","null","null",13,0.0,2.2960691,-2.0102336,0.52348524,-3.5025122,-12486656
82,81,83,102,"null","null","null",12,0.0,3.325271,-0.72748053,0.6527473,-2.895844,-12486656
83,82,84,95,"null","null","null",10,0.0,3.52864,-0.44105315,1.8643892,-2.2705646,-16731116
84,83,85,94,"null","null","null",6,0.0,3.0229492,-0.6278822,3.0686283,-1.3026892,-16777216
85,84,86,93,"null","null","null",5,0.0,2.3134441,-1.6418772,3.489027,-0.3719881,-16777216
86,85,87,92,"null","null","null",4,0.0,1.6002007,-3.0610573,3.1200066,-0.590516,-16777216
87,86,88,91,"null","null","null",3,0.0,0.41361272,-3.7909262,2.374523,-0.66423047,-16777216
88,87,89,90,"null","null","null",2,0.0,0.5419725,-3.711183,1.8611767,-1.7914197,-16777216
95,83,96,99,"null","null","null",4,0.0,1.9702901,-2.2165644,0.5624025,-3.5523252,-16731116
96,95,97,98,"null","null","null",2,0.0,3.0051577,-1.0892141,0.64591175,-2.9852443,-16731116
99,95,100,101,"null","null","null",2,0.0,0.4835881,-3.7564626,1.9384077,-1.6186256,-11184866
102,82,103,104,"null","null","null",2,0.0,0.3707999,-2.5711951,0.8857589,-3.3442495,-11184866
106,3,107,110,"","null","Flase Coral Snake and Boas",3,0.0,3.6250954,-0.9025996,0.3578277,-2.7521353,-16777216
107,106,108,109,"null","null","null",2,0.0,3.826167,-0.46288335,1.0880048,-2.136561,-16777216
111,2,112,131,"","null","Blind snakes, Thread Snakes and Worm Snakes",21,0.0,2.42414,-1.82568,0.48358738,-3.497502,-3014646
112,111,113,126,"null","null","null",10,0.0,3.38702,-0.645716,0.6580919,-2.8712287,-16777216
113,112,114,125,"null","null","null",7,0.0,3.5166693,-0.46288335,2.0156415,-2.136561,-16777216
114,113,115,124,"null","null","null",6,0.0,2.9699788,-0.6376126,3.165761,-1.1971906,-16777216
115,114,116,123,"null","null","null",5,0.0,2.2791796,-1.699219,3.5147917,-0.39551586,-16777216
116,115,117,120,"null","null","null",4,0.0,1.4209586,-3.0448782,3.0981112,-0.60428745,-16777216
117,116,118,119,"null","null","null",2,0.0,0.323879,-3.6646833,2.3612099,-0.66192484,-16777216
120,116,121,122,"null","null","null",2,0.0,3.2227097,-0.30319944,2.7384799,-1.3026892,-16777216
126,112,127,130,"null","null","null",3,0.0,0.38339424,-2.5607553,0.86650753,-3.7314625,-16777216
127,126,128,129,"null","null","null",2,0.0,1.44333,-2.0102336,0.5042357,-3.7908027,-16777216
131,111,132,151,"null","null","null",11,0.0,0.4014834,-3.2220242,1.7788435,-2.6534657,-3014646
132,131,133,150,"null","null","null",10,0.0,0.75178623,-2.496786,0.64114004,-3.4732869,-3014646
133,132,134,143,"null","null","null",9,0.0,2.29607,-1.927074,0.50423574,-3.455174,-16777216
134,133,135,142,"null","null","null",5,0.0,3.3252714,-0.9791815,0.6527473,-2.834304,-16777216
135,134,136,141,"null","null","null",4,0.0,3.52864,-0.44105333,2.0262713,-2.190563,-16777216
136,135,137,140,"null","null","null",3,0.0,3.0229487,-0.62788224,3.2790747,-1.3026884,-16777216
137,136,138,139,"null","null","null",2,0.0,2.313444,-0.65274763,3.7626064,-0.37198827,-16777216
143,133,144,147,"null","null","null",4,0.0,0.44286668,-3.2755437,1.9094253,-2.4725263,-16777216
144,143,145,146,"null","null","null",2,0.0,0.66192466,-2.571193,0.7547023,-3.3442504,-16777216
147,143,148,149,"null","null","null",2,0.0,1.6917369,-2.1267903,3.588563,-0.35960102,-16777216
152,1,153,154,"","null","Blind snakes",2,0.0,0.3955608,-2.3807096,0.8449218,-3.5244951,-16777216
155,0,156,179,"","null","Worm Lizards",13,168.1,0.3596006,-3.1863828,1.691736,-2.8129377,-16731116
156,155,157,178,"null","null","null",12,72.2,0.90350735,-2.4522977,0.52729195,-3.5743208,-16731116
157,156,158,177,"null","null","null",11,72.2,2.4241405,-1.938406,0.52359504,-3.5058045,-16731116
158,157,159,176,"null","null","null",10,72.2,3.38702,-0.8675306,0.658092,-2.882022,-16731116
159,158,160,173,"null","null","null",9,72.2,3.516669,-0.46288353,2.015643,-2.3054137,-16731116
160,159,161,172,"null","null","null",7,35.8,2.969978,-0.63761264,3.1657617,-1.1971898,-16777216
161,160,162,171,"null","null","null",6,35.8,2.279179,-1.7809153,3.5147917,-0.39551604,-16777216
162,161,163,168,"null","null","null",5,35.8,1.4209576,-3.1510825,3.098111,-0.6042875,-16777216
163,162,164,167,"null","null","null",3,35.8,0.32387918,-3.8027477,2.3612099,-0.6648351,-16777216
164,163,165,166,"null","null","null",2,35.8,0.5592972,-3.6551423,1.7788439,-1.961033,-16777216
168,162,169,170,"null","null","null",2,35.8,3.2227087,-0.30319953,2.7384808,-1.3026884,-16777216
173,159,174,175,"null","null","null",2,20.5,1.4433315,-2.0102332,0.52348495,-3.7908025,-16731116
