index,parent,child1,child2,name1,name2,common,richness,lengthbr,hxmax,hxmin,hymax,hymin,color
0,-268408816,1,178,"null","null","null",153,16.97566,1.5198916,-2.8916254,3.2971113,-0.59051824,-16731116
1,0,2,167,"null","null","null",89,10.803741,0.39172834,-3.5706477,2.6047611,-1.0751673,-16731116
2,1,3,144,"null","null","null",83,8.704696,0.5419755,-3.4248087,1.8248549,-2.5731902,-16731116
3,2,4,91,"null","null","null",71,8.625887,0.66192514,-2.7652364,0.67203575,-3.4750981,-16731116
4,3,5,58,"null","null","null",44,8.088618,2.1597466,-2.067722,0.48397505,-3.5424125,-16731116
5,4,6,33,"null","null","null",27,7.5470524,3.2514338,-0.8909296,0.645913,-2.9723532,-16731116
6,5,7,22,"null","null","null",14,6.7744265,3.528014,-0.41857165,1.7316535,-2.3231132,-16731116
7,6,8,21,"null","null","null",8,6.233941,3.0657086,-0.61676127,2.9930046,-1.4052725,-16731116
8,7,9,20,"null","null","null",7,5.0353584,2.3408184,-1.4981592,3.493178,-0.34808218,-16731116
9,8,10,15,"null","null","null",6,4.8925056,1.5297012,-2.9612732,3.186367,-0.5755025,-16731116
10,9,11,14,"null","null","null",3,2.4757583,0.52727246,-3.767139,2.452278,-0.665,-16731116
11,10,12,13,"null","null","null",2,1.7745821,0.5235983,-3.7564542,1.9383926,-1.6186615,-16731116
15,9,16,19,"null","null","null",3,2.3524263,3.098106,-0.27500218,3.0449016,-1.5045741,-16731116
16,15,17,18,"null","null","null",2,0.9192939,2.3612065,-0.66192436,3.6646943,-0.32388347,-16731116
22,6,23,30,"null","null","null",6,5.561272,2.164394,-2.3054006,0.60017854,-3.516666,-16731116
23,22,24,29,"null","null","null",4,2.7684343,3.3591228,-1.1971728,0.637614,-2.9699686,-16731116
24,23,25,28,"null","null","null",3,1.7327332,3.7661452,-0.39551976,1.2371495,-2.2791727,-16731116
25,24,26,27,"null","null","null",2,1.2264938,3.4248614,-0.60428977,2.4441714,-1.5045741,-12486656
30,22,31,32,"null","null","null",2,1.7667509,0.523479,-3.7907977,2.0102232,-1.4433578,-16731116
33,5,34,49,"null","null","null",13,6.3735476,0.44189167,-2.7617693,0.90259707,-3.387028,-16731116
34,33,35,48,"null","null","null",8,4.9374623,2.0156658,-2.1365514,0.46288663,-3.516666,-16731116
35,34,36,43,"null","null","null",7,4.3929763,3.1657763,-1.0032526,0.637614,-2.9699686,-16731116
36,35,37,42,"null","null","null",4,3.270145,3.5147948,-0.39551976,1.6992495,-2.2791727,-16731116
37,36,38,41,"null","null","null",3,3.0493858,3.098106,-0.60428977,3.0449016,-1.5045741,-16731116
38,37,39,40,"null","null","null",2,2.495726,2.3612065,-0.66192436,3.6646943,-0.32388347,-16731116
43,35,44,47,"null","null","null",3,2.890533,0.34453064,-2.834292,0.97916484,-3.5548306,-12486656
44,43,45,46,"null","null","null",2,1.4322119,0.9094076,-2.1905546,0.44105673,-3.8270526,-16731116
49,33,50,55,"null","null","null",5,3.6715221,0.86650443,-3.48519,2.7414107,-0.6343703,-16731116
50,49,51,54,"null","null","null",3,0.8947714,0.50423855,-3.4706364,2.0102232,-2.14342,-16731116
51,50,52,53,"null","null","null",2,0.24609995,0.6527482,-2.8544023,0.97916484,-3.126811,-16731116
55,49,56,57,"null","null","null",2,1.656889,2.374521,-0.40725303,3.599759,-0.82108366,-16731116
58,4,59,90,"null","null","null",17,7.0535455,0.48358122,-3.421596,1.9383955,-2.5107443,-16731116
59,58,60,87,"null","null","null",16,6.505285,0.6580926,-2.7725487,0.5830918,-3.4995904,-16731116
60,59,61,80,"null","null","null",14,5.7996364,2.1293378,-2.1631067,0.46288663,-3.6629972,-16731116
61,60,62,79,"null","null","null",10,4.733907,3.31355,-1.1971728,0.637614,-3.1601992,-16731116
62,61,63,76,"null","null","null",9,4.6653357,3.7069008,-0.39551976,1.5568728,-2.5264726,-16731116
63,62,64,75,"null","null","null",7,3.103073,3.3478436,-0.60428977,2.859812,-1.5045741,-16731116
64,63,65,70,"null","null","null",6,2.3036501,2.6858656,-1.1773479,3.424078,-0.32388347,-16731116
65,64,66,69,"null","null","null",3,1.5596029,1.7788285,-2.627285,3.162859,-0.5593003,-16731116
66,65,67,68,"null","null","null",2,1.0549074,0.64111984,-3.4392328,2.4198709,-0.66423064,-16731116
70,64,71,74,"null","null","null",3,1.7030807,3.790332,-0.7370647,1.0472816,-2.3134382,-16731116
71,70,72,73,"null","null","null",2,0.8608829,3.5116925,-0.5905186,2.2880669,-1.600183,-16731116
76,62,77,78,"null","null","null",2,1.6738583,0.9094076,-2.1905546,0.6366781,-3.8270526,-16731116
80,60,81,84,"null","null","null",4,3.6060677,0.523479,-3.4706364,2.1206765,-2.14342,-16731116
81,80,82,83,"null","null","null",2,1.4822952,0.6527482,-2.8544023,0.97916484,-3.126811,-16731116
84,80,85,86,"null","null","null",2,1.7999039,1.8611641,-1.7914469,3.711175,-0.44286072,-16731116
87,59,88,89,"null","null","null",2,1.9811679,0.86650443,-3.439229,2.419877,-0.38339615,-16731116
91,3,92,137,"null","null","null",27,6.8880434,0.8449185,-3.5679421,2.789157,-0.90352786,-16731116
92,91,93,132,"null","null","null",23,5.400089,0.5235976,-3.4975019,1.799375,-2.4241579,-16731116
93,92,94,127,"null","null","null",20,5.2457027,0.6580926,-2.8712263,0.64569753,-3.387028,-16731116
94,93,95,122,"null","null","null",17,4.6851416,2.0156658,-2.1631067,0.46288663,-3.516666,-16731116
95,94,96,121,"null","null","null",14,3.0825984,3.1657763,-1.1971728,0.637614,-2.9699686,-16731116
96,95,97,120,"null","null","null",13,2.8057582,3.5147948,-0.39551976,1.6359417,-2.2791727,-16731116
97,96,98,119,"null","null","null",12,2.8057582,3.098106,-0.60428977,2.9626014,-1.5045741,-16731116
98,97,99,118,"null","null","null",11,1.6655818,2.3612065,-1.1975012,3.557704,-0.32388347,-16731116
99,98,100,117,"null","null","null",10,1.4050204,1.7788285,-2.653484,3.336573,-0.5593003,-16731116
100,99,101,116,"null","null","null",9,1.3064947,0.64111984,-3.4732916,2.645699,-0.7518147,-16731116
101,100,102,113,"null","null","null",8,1.150451,0.5042394,-3.455165,2.1206727,-2.296095,-16731116
102,101,103,112,"null","null","null",6,1.012015,0.65274847,-2.8342886,0.9791603,-3.325284,-16731116
103,102,104,111,"null","null","null",5,0.87391114,2.026304,-2.1905525,0.44105762,-3.5286384,-12486656
104,103,105,108,"null","null","null",4,0.6789714,3.2790973,-1.15143,0.6278843,-3.0229385,-16731116
105,104,106,107,"null","null","null",2,0.12849501,3.7626147,-0.3719932,0.6527464,-2.313437,-16731116
108,104,109,110,"null","null","null",2,0.5449791,0.33095762,-2.985217,1.0891917,-3.0051842,-12486656
113,101,114,115,"null","null","null",2,0.48219675,1.8611609,-1.7914538,3.711173,-0.44285905,-12486656
122,94,123,126,"null","null","null",3,3.4675145,0.523479,-3.4706364,2.0102232,-2.14342,-16731116
123,122,124,125,"null","null","null",2,1.7265114,0.6527482,-2.8544023,0.97916484,-3.126811,-16731116
127,93,128,131,"null","null","null",3,2.45301,0.86650443,-3.7314677,2.56074,-0.38339615,-16731116
128,127,129,130,"null","null","null",2,1.9416165,0.50423855,-3.7907977,2.0102232,-1.4433578,-16731116
132,92,133,136,"null","null","null",3,3.0022054,1.7788317,-2.6272786,3.1628635,-0.40147734,-16731116
133,132,134,135,"null","null","null",2,1.266376,0.6411245,-3.439229,2.419877,-0.6642306,-12486656
137,91,138,141,"null","null","null",4,4.275317,2.6735475,-0.6648622,3.8027487,-0.7950933,-12486656
138,137,139,140,"null","null","null",2,1.9614779,1.7788317,-1.9610568,3.6551337,-0.5592996,-11184866
141,137,142,143,"null","null","null",2,4.053933,3.7626114,-0.73706603,0.439019,-2.3134394,-16731116
144,2,145,158,"null","null","null",12,7.8676043,1.6364881,-2.7538295,3.398306,-0.35959482,-16731116
145,144,146,155,"null","null","null",7,5.3514876,0.33848345,-3.497466,2.7277982,-1.044402,-16731116
146,145,147,152,"null","null","null",5,1.7078608,0.5235976,-3.4058828,2.0181618,-2.607294,-16731116
147,146,148,151,"null","null","null",3,0.6427951,0.6580926,-2.7521214,0.86751455,-3.6251051,-16731116
148,147,149,150,"null","null","null",2,0.35628387,1.0880342,-2.1365514,0.46288663,-3.8261662,-16731116
152,146,153,154,"null","null","null",2,0.9914957,1.7788317,-1.9610568,3.6551337,-0.40147734,-12486656
155,145,156,157,"null","null","null",2,0.6119803,2.361207,-0.4184217,3.664692,-0.7950933,-16731116
158,144,159,166,"null","null","null",5,6.864101,3.338369,-0.2750016,3.151094,-1.5045781,-16731116
159,158,160,163,"null","null","null",4,5.804497,2.6735475,-0.6648622,3.8027487,-0.32388246,-12486656
160,159,161,162,"null","null","null",2,2.5461414,1.7788317,-1.9610568,3.6551337,-0.5592996,-16731116
163,159,164,165,"null","null","null",2,2.1583164,3.7626114,-0.73706603,0.439019,-2.3134394,-12486656
167,1,168,175,"null","null","null",6,7.5658064,2.6331234,-1.4981532,3.4931788,-0.7670504,-16731116
168,167,169,174,"null","null","null",4,2.256246,1.6917245,-2.961269,3.1863706,-0.5755019,-16731116
169,168,170,173,"null","null","null",3,1.4183872,0.52727723,-3.7671375,2.4522824,-0.665,-16731116
170,169,171,172,"null","null","null",2,0.7013813,0.5235976,-3.756456,1.9383955,-1.6186541,-16731116
175,167,176,177,"null","null","null",2,2.5176346,3.7952123,-0.70525765,0.55374324,-2.2791743,-16731116
178,0,179,282,"null","null","null",64,16.150536,3.2603674,-0.28912947,3.0865939,-1.311002,-12486656
179,178,180,245,"null","null","null",52,15.434159,2.5938737,-1.3419621,3.6148481,-0.34808123,-12486656
180,179,181,238,"null","null","null",33,14.200439,1.529705,-2.7582207,3.344541,-0.5755019,-16731116
181,180,182,221,"null","null","null",29,13.7447195,0.48277736,-3.5031748,2.6579041,-0.90352786,-16731116
182,181,183,208,"null","null","null",20,12.847799,0.5235976,-3.4133043,1.8475332,-2.4241579,-16731116
183,182,184,197,"null","null","null",13,8.400402,0.6580926,-2.7617693,0.7259956,-3.387028,-16731116
184,183,185,196,"null","null","null",7,6.640854,2.0156658,-2.1365514,0.46288663,-3.516666,-16731116
185,184,186,193,"null","null","null",6,3.0114322,3.1657763,-1.0121906,0.637614,-2.9699686,-16731116
186,185,187,192,"null","null","null",4,1.4928669,3.5147948,-0.39551976,1.6992495,-2.2791727,-16731116
187,186,188,191,"null","null","null",3,0.24613048,3.098106,-0.60428977,3.0449016,-1.5045741,-16731116
188,187,189,190,"null","null","null",2,0.16048661,2.3612065,-0.66192436,3.6646943,-0.32388347,-16731116
193,185,194,195,"null","null","null",2,1.2181356,0.34453064,-2.8544023,0.97916484,-3.126811,-16731116
197,183,198,205,"null","null","null",6,6.631286,0.86650443,-3.48519,2.7414107,-0.6343703,-16731116
198,197,199,202,"null","null","null",4,4.1608524,0.50423855,-3.4706364,2.1206765,-2.14342,-16731116
199,198,200,201,"null","null","null",2,2.817669,0.6527482,-2.8544023,0.97916484,-3.126811,-16731116
202,198,203,204,"null","null","null",2,1.589352,1.8611641,-1.7914469,3.711175,-0.44286072,-16731116
205,197,206,207,"null","null","null",2,1.8189799,2.374521,-0.40725303,3.599759,-0.82108366,-16731116
208,182,209,216,"null","null","null",7,11.401356,1.6207633,-2.6626332,3.2712197,-0.40147734,-16731116
209,208,210,215,"null","null","null",4,6.5283456,0.6411245,-3.48519,2.56074,-0.6642306,-12486656
210,209,211,214,"null","null","null",3,3.8945866,0.50423855,-3.4706364,2.0102232,-2.14342,-12486656
211,210,212,213,"null","null","null",2,1.3552939,0.6527482,-2.8544023,0.97916484,-3.126811,-11184866
216,208,217,220,"null","null","null",3,4.4107957,3.1200037,-0.31737888,2.914018,-1.6001867,-16731116
217,216,218,219,"null","null","null",2,3.4480135,2.374521,-0.6642302,3.599759,-0.4135952,-16731116
221,181,222,231,"null","null","null",9,9.869115,2.6858683,-1.3502631,3.50743,-0.7950933,-16731116
222,221,223,228,"null","null","null",5,8.749226,1.7948487,-2.8520777,3.2712197,-0.5592996,-16731116
223,222,224,227,"null","null","null",3,4.505684,0.6411245,-3.7314677,2.56074,-0.6642306,-16731116
224,223,225,226,"null","null","null",2,2.5490437,0.50423855,-3.7907977,2.0102232,-1.4433578,-16731116
228,222,229,230,"null","null","null",2,2.5327387,3.5116959,-0.31737888,2.2880604,-1.6001867,-16731116
231,221,232,235,"null","null","null",4,6.6264777,3.7903328,-0.73706603,1.0472739,-2.584035,-16731116
232,231,233,234,"null","null","null",2,5.1802964,3.5116959,-0.59051806,2.2880604,-1.6001867,-16731116
235,231,236,237,"null","null","null",2,5.080979,0.73107064,-2.2381597,0.6717517,-3.8167205,-16731116
238,180,239,244,"null","null","null",4,12.376962,3.0981069,-0.2750016,3.151094,-1.5045781,-12486656
239,238,240,243,"null","null","null",3,5.180083,2.361207,-0.6648622,3.8027487,-0.32388246,-12486656
240,239,241,242,"null","null","null",2,4.130211,1.7788317,-1.9610568,3.6551337,-0.5592996,-11184866
245,179,246,279,"null","null","null",19,7.980897,3.7069008,-0.70525765,1.6359364,-2.5264754,-11184866
246,245,247,276,"null","null","null",17,6.2897415,3.347846,-0.6042892,2.9625983,-1.4209399,-11184866
247,246,248,271,"null","null","null",15,5.7080617,2.6858683,-1.1974955,3.5577044,-0.32388246,-11184866
248,247,249,260,"null","null","null",12,4.95177,1.6207633,-2.6534798,3.3365765,-0.5592996,-11184866
249,248,250,259,"null","null","null",6,4.0396643,0.6411245,-3.4732904,2.6457038,-0.8876363,-11184866
250,249,251,256,"null","null","null",5,3.5713458,0.50423855,-3.4551668,2.1206765,-2.4726658,-11184866
251,250,252,255,"null","null","null",3,3.4852676,0.6527482,-2.834292,0.97916484,-3.5548306,-12486656
252,251,253,254,"null","null","null",2,1.6700538,0.9094076,-2.1905546,0.44105673,-3.8270526,-12486656
256,250,257,258,"null","null","null",2,1.0798904,1.8611641,-1.7914469,3.711175,-0.44286072,-8572416
260,248,261,266,"null","null","null",6,4.5792627,3.1200037,-0.31737888,3.0610714,-1.4333783,-11184866
261,260,262,265,"null","null","null",3,3.1649795,2.374521,-0.6642302,3.7909288,-0.4135952,-8572416
262,261,263,264,"null","null","null",2,1.6793741,1.8611641,-1.7914469,3.711175,-0.54197526,-8572416
266,260,267,270,"null","null","null",3,2.7460792,3.1667461,-1.4052775,0.28912932,-3.0657108,-11184866
267,266,268,269,"null","null","null",2,1.9026878,3.719047,-0.34808096,0.65809166,-2.3408198,-12486656
271,247,272,275,"null","null","null",3,4.208134,3.7903328,-0.73706603,1.0472739,-2.3134394,-8572416
272,271,273,274,"null","null","null",2,1.3698473,3.5116959,-0.59051806,2.2880604,-1.6001867,-8572416
276,246,277,278,"null","null","null",2,5.522582,2.7384992,-1.3026755,0.30320144,-3.2226942,-8572416
279,245,280,281,"null","null","null",2,3.0779114,0.90940034,-2.1905565,0.63667953,-3.8270526,-8572416
282,178,283,302,"null","null","null",12,14.679287,3.1657724,-1.0121964,0.31716225,-3.1602027,-16731116
283,282,284,299,"null","null","null",10,11.639586,3.5147939,-0.39551884,1.6061882,-2.5264754,-16731116
284,283,285,298,"null","null","null",8,7.350915,3.0981069,-0.6042892,2.9239256,-1.5045781,-16731116
285,284,286,297,"null","null","null",7,6.439727,2.361207,-1.2045364,3.50743,-0.32388246,-16731116
286,285,287,294,"null","null","null",6,4.2136183,1.7948487,-2.6626332,3.2712197,-0.5592996,-16731116
287,286,288,293,"null","null","null",4,3.6711092,0.6411245,-3.48519,2.56074,-0.6642306,-16731116
288,287,289,292,"null","null","null",3,2.078393,0.50423855,-3.4706364,2.0102232,-2.14342,-16731116
289,288,290,291,"null","null","null",2,1.3338403,0.6527482,-2.8544023,0.97916484,-3.126811,-16731116
294,286,295,296,"null","null","null",2,1.3124043,3.5116959,-0.31737888,2.2880604,-1.6001867,-12486656
299,283,300,301,"null","null","null",2,3.8773634,0.90940034,-2.1905565,0.63667953,-3.8270526,-16731116
302,282,303,304,"null","null","null",2,6.251863,0.3445301,-2.8544078,0.9791694,-3.1268065,-16731116
