index,parent,child1,child2,name1,name2,common,richness,lengthbr,hxmax,hxmin,hymax,hymin,color
0,-268147707,1,34,"null","null","null",25,19.6,3.201479,-0.30320042,3.1648672,-1.1166822,-16731116
1,0,2,29,"","some","Muskrat and Voles",17,19.6,2.545535,-1.4749868,3.6141293,-0.37198997,-16731116
2,1,3,24,"null","null","null",14,19.6,1.4333838,-2.8440921,3.2826347,-0.5905173,-16731116
3,2,4,15,"null","null","null",11,19.6,0.39173377,-3.5088615,2.5859406,-1.0522765,-16731116
4,3,5,14,"","null","Mole Voles",6,12.099999,0.5419743,-3.3444917,1.8611686,-2.5434372,-16731116
5,4,6,13,"Ellobius","null","null",5,10.7,0.7291248,-2.660825,0.7546941,-3.4364262,-16731116
6,5,7,12,"null","null","null",4,10.7,2.3305678,-2.076367,0.48397338,-3.4921455,-16731116
7,6,8,11,"null","null","null",3,10.7,3.4735096,-1.0892038,0.6459124,-2.9070082,-16731116
8,7,9,10,"null","null","null",2,10.7,3.8167202,-0.4185698,0.73106515,-2.238161,-16731116
15,3,16,21,"null","null","null",5,4.5,2.6331258,-1.354575,3.4508257,-0.76705235,-16731116
16,15,17,20,"Arborimus","null","null",3,2.0,1.691729,-2.774622,3.131315,-0.5755011,-16731116
17,16,18,19,"null","null","null",2,2.0,0.52728236,-3.524502,2.38071,-0.665,-16731116
21,15,22,23,"Phenacomys","null","null",2,3.5,3.7952113,-0.7052593,0.55373704,-2.2791758,-16731116
24,2,25,28,"Lasiopodomys","null","null",3,7.5,3.0657125,-0.28912854,3.1667411,-1.4052815,-16731116
25,24,26,27,"null","null","null",2,7.5,2.3408213,-0.6580918,3.719045,-0.34807998,-16731116
29,1,30,33,"null","null","null",3,19.6,3.7300882,-0.67175364,1.4251064,-2.2381618,-16731116
30,29,31,32,"Blanfordimys","null","null",2,4.7,3.3284092,-0.6167602,2.5945022,-1.4052815,-16731116
34,0,35,46,"","some","Lemmings",8,13.1,3.251427,-0.9287933,0.33095574,-2.9070091,-16731116
35,34,36,45,"null","null","null",6,12.400001,3.5280137,-0.41856956,1.7065808,-2.2381618,-16731116
36,35,37,44,"Lemmus","null","null",5,9.1,3.0657125,-0.6167602,2.9604187,-1.4052815,-16731116
37,36,38,43,"null","null","null",4,9.1,2.3408213,-1.354575,3.4508257,-0.34807998,-16731116
38,37,39,42,"null","null","null",3,6.4,1.691729,-2.774622,3.131315,-0.5755011,-16731116
39,38,40,41,"null","null","null",2,6.4,0.52728236,-3.524502,2.38071,-0.665,-16731116
46,34,47,48,"Synaptomys","null","null",2,4.3,0.3578286,-2.7162137,0.9025985,-3.2399807,-16731116
