index,parent,child1,child2,name1,name2,common,richness,lengthbr,hxmax,hxmin,hymax,hymin,color
0,-268361556,1,26,"null","null","null",24,27.064487,3.251424,-0.93958795,0.3309554,-2.9723654,-16777216
1,0,2,15,"null","null","null",13,27.064487,3.5280135,-0.41856882,1.7065732,-2.3231235,-16777216
2,1,3,12,"null","null","null",7,27.064487,3.0657144,-0.61675966,2.960413,-1.2878811,-16777216
3,2,4,11,"null","null","null",5,27.064487,2.3408222,-1.3545643,3.4508233,-0.34807882,-16777216
4,3,5,8,"null","null","null",4,27.064487,1.6749449,-2.7746127,3.1313152,-0.5755002,-16777216
5,4,6,7,"null","null","null",2,27.064487,0.52729076,-3.5244966,2.3807096,-0.665,-16777216
8,4,9,10,"null","null","null",2,27.064487,3.4248757,-0.2750001,2.444148,-1.5045884,-16777216
12,2,13,14,"null","null","null",2,27.064487,2.8755558,-1.197187,0.31716084,-3.1081624,-16777216
15,1,16,25,"null","null","null",6,27.064487,2.015647,-2.136559,0.6001835,-3.5166688,-16777216
16,15,17,24,"null","null","null",5,27.064487,3.1657643,-1.197187,0.6376129,-2.969977,-16777216
17,16,18,23,"null","null","null",4,27.064487,3.5147924,-0.3955167,1.699225,-2.2791781,-16777216
18,17,19,22,"null","null","null",3,27.064487,3.0981102,-0.60428786,3.0448825,-1.5045884,-16777216
19,18,20,21,"null","null","null",2,27.064487,2.3612094,-0.6619247,3.664685,-0.32387987,-16777216
26,0,27,42,"null","null","null",11,27.064487,0.44187224,-2.8712282,0.902599,-3.4703035,-16777216
27,26,28,41,"null","null","null",8,27.064487,2.015647,-2.136559,0.46288413,-3.6249347,-16777216
28,27,29,40,"null","null","null",7,27.064487,3.1657643,-1.197187,0.6376129,-3.110722,-16777216
29,28,30,35,"null","null","null",6,27.064487,3.5147924,-0.3955167,1.699225,-2.4621472,-16777216
30,29,31,34,"null","null","null",3,27.064487,3.0981102,-0.60428786,3.0448825,-1.5045884,-16777216
31,30,32,33,"null","null","null",2,27.064487,2.3612094,-0.6619247,3.664685,-0.32387987,-16777216
35,29,36,39,"null","null","null",3,27.064487,1.6104354,-2.1905615,0.6366831,-3.6823,-16777216
36,35,37,38,"null","null","null",2,27.064487,2.7384849,-1.3026857,0.62788254,-3.2227058,-16777216
42,26,43,46,"null","null","null",3,27.064487,0.86650693,-3.731464,2.5607514,-0.3833947,-16777216
43,42,44,45,"null","null","null",2,27.064487,0.5042364,-3.7908013,2.010231,-1.4433374,-16777216
