index,parent,child1,child2,name1,name2,common,richness,lengthbr,hxmax,hxmin,hymax,hymin,color
0,-268043146,1,42,"null","null","null",26,53.740795,0.523595,-3.4480906,1.8475491,-2.4241405,-16731116
1,0,2,29,"null","null","null",21,53.740795,0.658092,-2.8069937,0.64571464,-3.3870203,-16731116
2,1,3,18,"null","null","null",14,53.740795,2.0156434,-2.2078772,0.46288356,-3.516669,-16731116
3,2,4,15,"null","null","null",8,53.740795,3.1657622,-1.0122123,0.6376127,-2.9699779,-16731116
4,3,5,14,"null","null","null",6,53.740795,3.514792,-0.39551616,1.7809162,-2.2791789,-12486656
5,4,6,11,"null","null","null",5,53.740795,3.098111,-0.6042876,3.1510835,-1.4209569,-12486656
6,5,7,10,"null","null","null",3,53.740795,2.3612099,-0.66483426,3.8027487,-0.3238793,-12486656
7,6,8,9,"null","null","null",2,53.740795,1.7788441,-1.9610317,3.655143,-0.5592973,-8572416
11,5,12,13,"null","null","null",2,53.740795,2.7384815,-1.3026879,0.30319962,-3.2227082,-12486656
15,3,16,17,"null","null","null",2,53.740795,0.34452856,-2.8544228,0.97918093,-3.1267934,-16731116
18,2,19,28,"null","null","null",6,53.740795,0.52348477,-3.5713453,2.010233,-2.3869948,-16731116
19,18,20,27,"null","null","null",5,53.740795,0.65274733,-2.9853268,0.97918046,-3.4434729,-16731116
20,19,21,24,"null","null","null",4,53.740795,1.6104325,-2.386893,0.44105354,-3.6823013,-16731116
21,20,22,23,"null","null","null",2,53.740795,2.7384827,-1.302687,0.62788236,-3.2227077,-16731116
24,20,25,26,"null","null","null",2,53.740795,0.5624017,-3.8140678,2.0763714,-1.2662256,-16731116
29,1,30,41,"null","null","null",7,53.740795,0.8665074,-3.56265,2.5607538,-0.82172906,-16731116
30,29,31,40,"null","null","null",6,53.740795,0.5042359,-3.5713453,2.0102324,-2.3869953,-16731116
31,30,32,39,"null","null","null",5,53.740795,0.65274733,-2.9853268,0.97918016,-3.4434733,-12486656
32,31,33,36,"null","null","null",4,53.740795,1.6104325,-2.386893,0.44105363,-3.6823013,-12486656
33,32,34,35,"null","null","null",2,53.740795,2.7384827,-1.302687,0.62788236,-3.2227077,-11184866
36,32,37,38,"null","null","null",2,53.740795,0.5624017,-3.8140678,2.0763714,-1.2662256,-16731116
42,0,43,50,"null","null","null",5,53.740795,1.7788428,-2.6626234,3.2712305,-0.40148318,-16731116
43,42,44,49,"null","null","null",4,53.740795,0.6411395,-3.485191,2.5607543,-0.66423047,-16731116
44,43,45,48,"null","null","null",3,53.740795,0.50423586,-3.4706492,2.010233,-2.1433954,-12486656
45,44,46,47,"null","null","null",2,53.740795,0.65274733,-2.854422,0.97918046,-3.1267939,-16731116
