index,parent,child1,child2,name1,name2,common,richness,lengthbr,hxmax,hxmin,hymax,hymin,color
0,-268248063,1,178,"","null","Birds",9993,113.24971,1.041482,-3.2873235,3.1004357,-0.6376127,-16731116
1,0,2,-268257280,"NEOGNATHAE","null","null",9935,97.56061,0.39551646,-3.6728206,2.4487743,-1.6573246,-16731116
2,1,3,158,"null","null","null",9487,79.61384,0.60428786,-3.303547,1.3321717,-2.9904125,-16731116
3,2,4,151,"null","null","null",8921,79.574554,1.2178409,-2.628277,0.32388,-3.5938735,-16731116
4,3,5,-268276736,"null","null","null",7893,79.46222,2.6799374,-1.7179749,0.55929786,-3.383603,-16731116
5,4,6,150,"null","null","null",7524,78.409546,3.5076962,-0.51453614,0.82467246,-2.7068386,-16731116
6,5,7,139,"null","null","null",6392,76.43969,3.4999027,-0.5042366,2.3908195,-1.9577146,-16731116
7,6,8,136,"null","null","null",6386,76.172035,2.8924508,-0.6527476,3.448441,-0.7274712,-16731116
8,7,-268305408,9,"null","null","null",6384,75.64397,2.2661562,-1.9931564,3.688756,-0.44105446,-16731116
9,8,10,121,"FALCONIFORMES","null","Falcons and caracaras",64,40.633133,3.542417,-0.5624,2.2184408,-2.0677323,-16731116
10,9,11,100,"null","null","null",56,33.002895,2.972362,-0.64591235,3.3277462,-0.9443795,-16731116
11,10,12,87,"null","null","null",45,25.193968,2.3231204,-1.7906642,3.6272292,-0.41856945,-16731116
12,11,13,86,"null","null","null",38,13.453071,1.4052819,-3.069728,3.1946933,-0.61676013,-16731116
13,12,14,67,"null","null","null",37,12.395604,0.34807986,-3.5929284,2.508496,-1.3840528,-16731116
14,13,15,64,"null","null","null",27,11.166197,0.57550097,-3.3160489,1.6749371,-2.8129432,-16731116
15,14,16,55,"null","null","null",25,10.37261,0.9701229,-2.620864,0.47730732,-3.5743203,-16731116
16,15,17,40,"null","null","null",20,9.871279,2.5107362,-1.8475416,0.5235962,-3.5057988,-16731116
17,16,18,37,"null","null","null",12,9.253296,3.4995873,-0.58310217,0.65809226,-2.8820133,-16731116
18,17,19,34,"null","null","null",10,8.487675,3.6629996,-0.46288514,2.015655,-2.3054068,-16731116
19,18,20,33,"null","null","null",8,6.0459776,3.160205,-0.6376134,3.1657696,-1.1971804,-16731116
20,19,21,30,"null","null","null",7,3.8470516,2.526477,-1.5568649,3.5147934,-0.39551812,-16731116
21,20,22,29,"null","null","null",5,1.8400245,1.504581,-2.8598082,3.0981078,-0.6042888,-16731116
22,21,23,28,"null","null","null",4,1.5423112,0.32388172,-3.4240804,2.3612075,-1.1773354,-16731116
23,22,24,27,"null","null","null",3,1.2637709,0.5592991,-3.162867,1.7788345,-2.6272743,-12486656
24,23,25,26,"null","null","null",2,0.8763929,0.6642305,-2.4198818,0.6411279,-3.4392266,-12486656
30,20,31,32,"null","null","null",2,0.49414703,3.8270524,-0.63668066,0.9093949,-2.1905584,-16731116
34,18,35,36,"null","null","null",2,6.8964877,1.4433452,-2.0102282,0.5234818,-3.7908,-16731116
37,17,38,39,"null","null","null",2,7.7372556,0.38339525,-2.4198883,0.866506,-3.4392228,-16731116
40,16,41,54,"null","null","null",8,7.7980595,0.40148032,-3.2712255,1.7788366,-2.6534734,-16731116
41,40,42,53,"null","null","null",7,5.148201,0.75179744,-2.5607474,0.6411318,-3.473288,-16731116
42,41,43,52,"null","null","null",6,4.5191803,2.29608,-2.0102282,0.5042372,-3.4551697,-16731116
43,42,44,51,"null","null","null",5,4.4966354,3.3252766,-0.9791728,0.65274775,-2.8342974,-16731116
44,43,45,50,"null","null","null",4,2.851194,3.528639,-0.44105512,2.0262864,-2.1905584,-16731116
45,44,46,49,"null","null","null",3,2.2472785,3.0229437,-0.6278832,3.2790852,-1.3026786,-16731116
46,45,47,48,"null","null","null",2,1.0216823,2.3134403,-0.65274704,3.7626104,-0.37199056,-16731116
55,15,56,61,"null","null","null",5,8.566965,0.7950952,-3.424083,2.6735497,-1.1773298,-16731116
56,55,57,60,"null","null","null",3,4.082355,0.55929863,-3.1628723,1.7788366,-2.6272693,-16731116
57,56,58,59,"null","null","null",2,2.735372,0.6642305,-2.4198883,0.6411318,-3.4392228,-16731116
61,55,62,63,"null","null","null",2,3.873494,2.3134413,-0.43901843,3.76261,-0.7370677,-16731116
64,14,65,66,"null","null","null",2,4.607284,1.5045818,-2.444159,3.4248688,-0.2750008,-16731116
67,13,68,83,"","null","Kestrels and other falcons",10,10.346082,2.5264778,-1.6694396,3.5147934,-0.70525956,-16731116
68,67,69,82,"null","null","null",8,10.083639,1.5045818,-3.0061564,3.0981085,-0.6042887,-16731116
69,68,70,81,"null","null","null",7,7.443164,0.32388148,-3.614334,2.3612084,-1.2045312,-16731116
70,69,71,80,"null","null","null",6,4.519537,0.5592989,-3.4101977,1.7788353,-2.6626298,-16731116
71,70,72,77,"null","null","null",5,3.355493,0.6642305,-2.7414117,0.41481674,-3.48519,-16731116
72,71,73,76,"null","null","null",3,2.9448097,2.143413,-2.010226,0.5042378,-3.4706397,-16731116
73,72,74,75,"null","null","null",2,1.208557,3.1268065,-0.9791694,0.6527479,-2.8544078,-16731116
77,71,78,79,"null","null","null",2,1.2790843,0.8210846,-3.5997574,2.374522,-0.40725255,-12486656
83,67,84,85,"null","null","null",2,2.5096586,3.8270519,-0.6366811,0.9093958,-2.1905582,-16731116
87,11,88,97,"null","null","null",7,20.08689,3.5166674,-0.6001822,2.1643844,-2.3054075,-16731116
88,87,89,94,"","null","Falconets",5,11.9649105,2.9699736,-0.6376133,3.3591185,-1.0122011,-16731116
89,88,90,93,"null","null","null",3,3.8249032,2.279176,-1.237134,3.7661476,-0.3955179,-16731116
90,89,91,92,"null","null","null",2,0.15453297,1.5045818,-2.444159,3.4248688,-0.6042887,-16731116
94,88,95,96,"null","null","null",2,3.832278,3.1268032,-0.9791716,0.34452954,-2.8544111,-16731116
97,87,98,99,"null","null","null",2,7.2024875,1.443346,-2.010228,0.5234822,-3.7907999,-16731116
100,10,101,120,"null","null","null",11,25.102207,3.4703033,-0.9025985,0.44187915,-2.8820143,-16731116
101,100,102,117,"","null","Caracaras",10,11.013208,3.6249313,-0.4628849,2.0156538,-2.3054075,-16731116
102,101,103,116,"null","null","null",8,9.364971,3.1107163,-0.6376133,3.1657689,-1.1971812,-16731116
103,102,104,111,"null","null","null",7,4.5089464,2.4621415,-1.6992357,3.5147934,-0.3955179,-16731116
104,103,105,108,"null","null","null",4,2.6809416,1.4209446,-3.0448914,3.0981085,-0.6042887,-16731116
105,104,106,107,"null","null","null",2,1.1889086,0.32388148,-3.6646893,2.3612084,-0.66192454,-16731116
108,104,109,110,"null","null","null",2,1.3658671,3.222697,-0.30320084,2.7384958,-1.3026779,-16731116
111,103,112,115,"null","null","null",3,2.830837,3.6822953,-0.6366811,1.6104487,-2.1905582,-16731116
112,111,113,114,"null","null","null",2,0.15039542,3.222697,-0.6278832,2.7384958,-1.3026779,-16731116
117,101,118,119,"null","null","null",2,4.7210283,1.443346,-2.010228,0.5234822,-3.7907999,-16731116
121,9,122,135,"null","null","null",8,23.484846,2.4241476,-1.9384017,0.48358512,-3.4216027,-16731116
122,121,123,134,"","null","Forest-falcons",7,17.797209,3.3870234,-0.8675231,0.6580922,-2.7725587,-16731116
123,122,124,129,"null","null","null",6,16.315308,3.5166674,-0.4628849,2.1815815,-2.1631153,-16731116
124,123,125,128,"null","null","null",3,7.189035,2.9699736,-0.6376133,3.381475,-1.1971812,-16731116
125,124,126,127,"null","null","null",2,4.1525345,2.279176,-0.64591163,3.795211,-0.3955179,-16731116
129,123,130,133,"null","null","null",3,7.54771,2.1434085,-2.010228,0.5234822,-3.470642,-16731116
130,129,131,132,"null","null","null",2,4.291492,3.1268032,-0.9791716,0.65274775,-2.8544111,-16731116
136,7,137,138,"CARIAMIFORMES","null","Seriemas",2,9.144647,3.344256,-0.8857578,0.37080064,-2.5711844,-16731116
139,6,140,147,"COLIIFORMES","null","Mousebirds",6,50.38713,2.579039,-1.9094193,0.4428649,-3.344493,-16731116
140,139,141,146,"null","null","null",4,39.866776,3.4827118,-0.75469595,0.66192484,-2.6608267,-16731116
141,140,142,145,"null","null","null",3,25.03486,3.552318,-0.4839731,1.9703038,-2.0763679,-16731116
142,141,143,144,"null","null","null",2,20.00186,2.9852333,-0.64591235,3.005168,-1.089205,-16731116
147,139,148,149,"null","null","null",2,33.89711,0.3595989,-3.5885587,1.6917318,-2.1268003,-16731116
150,5,-268291072,-268288000,"","null","Birds of Prey, Toucans and more",1132,77.68115,1.0832765,-2.5988808,0.82108617,-3.5219626,-16731116
151,3,152,153,"","null","Flamingos, Petrels and more",1028,74.7999,0.73706913,-3.660741,2.5455377,-1.5005729,-16731116
152,151,-268280832,-268281856,"null","null","null",1025,74.490074,0.5905168,-3.3432317,1.5187943,-2.877357,-16731116
153,151,154,157,"PHAETHONTIFORMES","null","Tropicbirds",3,25.522482,2.2381635,-1.4250985,3.7300901,-0.6717546,-16731116
154,153,155,156,"null","null","null",2,11.380577,1.4052863,-2.5944955,3.328414,-0.6167597,-16731116
158,2,159,175,"","null","Hummingbirds, Nightjars and more",566,77.14246,1.1514531,-3.198045,3.0229466,-0.3032,-16731116
159,158,160,174,"null","null","null",564,74.26705,0.37198922,-3.6572638,2.3134422,-1.5005729,-16731116
160,159,-268282880,161,"null","null","null",563,73.7385,0.5905168,-3.3387113,1.5333202,-2.877357,-16731116
161,160,162,173,"CAPRIMULGIFORMES","null","Potoos",7,50.133762,1.4052846,-2.9604154,3.2905638,-0.2891281,-16731116
162,161,163,170,"null","null","null",6,40.645454,0.34807923,-3.4508245,2.6331272,-1.3545699,-16731116
163,162,164,167,"null","null","null",4,29.876392,0.5755006,-3.1313152,1.674941,-2.774618,-16731116
164,163,165,166,"null","null","null",2,18.516487,0.665,-2.38071,0.5272858,-3.5244997,-16731116
167,163,168,169,"null","null","null",2,9.903041,1.5045854,-2.4441533,3.4248726,-0.27500045,-16731116
170,162,171,172,"null","null","null",2,24.51491,2.2791772,-0.5537294,3.7952104,-0.7052604,-16731116
175,158,176,177,"EURYPYGIFORMES","null","null",2,62.98996,2.9852383,-0.33095533,3.0051637,-1.089209,-12486656
178,0,179,272,"Palaeognathae","null","Tinamous, Rheas, Ostrich and more",58,85.89132,2.9202821,-0.37394202,3.3900354,-0.9169632,-16731116
179,178,180,237,"TINAMIFORMES","null","Tinamous",47,73.77164,2.3023353,-1.980156,3.6128316,-0.44105375,-16731116
180,179,181,222,"null","null","null",29,63.05831,1.1166875,-3.2191226,3.132397,-0.6278824,-16731116
181,180,182,215,"null","null","null",21,48.92791,0.37198886,-3.6846662,2.455727,-1.5047774,-16731116
182,181,183,200,"null","null","null",17,36.016376,0.59051657,-3.374335,1.5333217,-2.882824,-16731116
183,182,184,197,"null","null","null",9,32.39231,1.1987973,-2.7051506,0.29948834,-3.559218,-16731116
184,183,185,192,"null","null","null",7,28.19932,2.733918,-1.7062011,0.5419735,-3.4099584,-16731116
185,184,186,189,"null","null","null",4,24.510609,3.6840558,-0.49051207,0.6619248,-2.745932,-16731116
186,185,187,188,"null","null","null",2,8.764401,3.8140671,-0.48397276,1.2662327,-2.076369,-16731116
189,185,190,191,"null","null","null",2,9.437234,0.39556122,-2.3807101,0.8449211,-3.5244987,-16731116
192,184,193,196,"null","null","null",3,15.739826,0.35959953,-3.1313152,1.691733,-2.7746155,-16731116
193,192,194,195,"null","null","null",2,9.557413,0.665,-2.3807101,0.52728754,-3.5244987,-16731116
197,183,198,199,"null","null","null",2,8.700712,0.7670537,-3.7190428,2.3408222,-0.42902315,-12486656
200,182,201,208,"null","null","null",8,31.519852,1.226465,-3.2309725,3.2905645,-0.2891279,-16731116
201,200,202,205,"null","null","null",4,29.775894,0.34807888,-3.8025503,2.6331277,-0.8562454,-16731116
202,201,203,204,"null","null","null",2,9.400393,0.57550037,-3.5885596,1.691733,-2.1267972,-16731116
205,201,206,207,"null","null","null",2,28.106533,2.2791777,-0.5537266,3.79521,-0.7052609,-16731116
208,200,209,212,"null","null","null",4,17.605322,2.9699764,-0.3171609,3.38147,-1.0122088,-16731116
209,208,210,211,"null","null","null",2,8.128587,2.2791781,-0.64591205,3.7952096,-0.39551675,-16731116
212,208,213,214,"null","null","null",2,11.057376,3.1267965,-0.9791781,0.34452888,-2.8544197,-16731116
215,181,216,221,"null","null","null",4,19.277973,2.238164,-1.865281,3.5280137,-0.6717552,-16731116
216,215,217,220,"null","null","null",3,12.540295,1.4052877,-3.166734,3.0657148,-0.61675954,-16731116
217,216,218,219,"null","null","null",2,7.1250043,0.34807852,-3.7190418,2.3408225,-0.6580921,-16731116
222,180,223,232,"null","null","null",8,44.70943,2.907013,-0.33095512,3.2514226,-0.9287938,-16731116
223,222,224,231,"null","null","null",5,32.651997,2.2381642,-1.8652804,3.5280132,-0.41856837,-16731116
224,223,225,228,"null","null","null",4,20.978582,1.2878828,-3.166734,3.0657148,-0.6167594,-16731116
225,224,226,227,"null","null","null",2,8.571575,0.34807852,-3.7190418,2.3408225,-0.6580921,-16731116
228,224,229,230,"null","null","null",2,8.92202,3.1081638,-0.3171607,2.875554,-1.1971881,-12486656
232,222,233,236,"null","null","null",3,26.210405,3.6250963,-0.90259933,0.3578279,-2.7521338,-16731116
233,232,234,235,"null","null","null",2,10.997896,3.826167,-0.4628837,1.0880075,-2.13656,-16731116
237,179,238,263,"null","null","null",18,64.65146,3.6238139,-0.56240153,2.262071,-2.060753,-16731116
238,237,239,254,"null","null","null",13,47.124992,3.0781791,-0.64591193,3.3844702,-0.8866597,-16731116
239,238,240,251,"null","null","null",8,29.554497,2.46068,-1.9146922,3.7009757,-0.4185682,-16731116
240,239,241,248,"null","null","null",6,25.617252,1.2878847,-3.2309701,3.2905664,-0.6167594,-16731116
241,240,242,245,"null","null","null",4,16.370823,0.34807813,-3.8025503,2.6331294,-0.85624,-16731116
242,241,243,244,"null","null","null",2,6.4297347,0.5754999,-3.5885615,1.6917357,-2.1267927,-16731116
245,241,246,247,"null","null","null",2,7.808196,2.2791789,-0.55372137,3.7952094,-0.7052618,-16731116
248,240,249,250,"null","null","null",2,7.1389685,3.1081653,-0.3171605,2.8755522,-1.1971898,-12486656
251,239,252,253,"null","null","null",2,11.300635,3.8261669,-0.60018456,1.088006,-2.1365604,-16731116
254,238,255,260,"","null","Nothuras",5,25.852726,3.4687877,-0.90259945,0.3578278,-2.7521348,-16731116
255,254,256,259,"null","null","null",3,14.676197,3.6229668,-0.46288353,1.7924047,-2.1365604,-16731116
256,255,257,258,"null","null","null",2,5.9841743,3.1081653,-0.63761264,2.8755522,-1.1971898,-12486656
260,254,261,262,"null","null","null",2,8.031934,0.38339433,-2.4198992,0.8665074,-3.4392166,-16731116
263,237,264,269,"null","null","null",5,51.020782,2.6072752,-2.018176,0.4835871,-3.4058914,-16731116
264,263,265,268,"null","null","null",3,25.80681,3.6250954,-0.8675306,0.658092,-2.7521348,-16731116
265,264,266,267,"null","null","null",2,15.696655,3.8261669,-0.46288353,1.088006,-2.1365604,-16731116
269,263,270,271,"null","null","null",2,32.581043,0.40148306,-3.6551414,1.7788428,-1.9610348,-16731116
272,178,273,292,"","null","Kiwis, Rheas, Ostrich and more",11,61.029682,3.436424,-0.8857584,0.5977056,-2.76867,-12486656
273,272,274,289,"null","null","null",10,50.586384,3.492148,-0.48397225,2.1597264,-2.216562,-12486656
274,273,275,282,"null","null","null",8,42.5275,2.9070134,-0.64591193,3.2514222,-0.8866597,-12486656
275,274,276,281,"CASUARIIFORMES","null","null",4,22.307032,2.2381644,-1.8652785,3.5280132,-0.4185682,-12486656
276,275,277,280,"Casuariidae","null","Cassowaries",3,9.141457,1.4052893,-3.1667323,3.0657153,-0.6167594,-12486656
277,276,278,279,"null","null","null",2,4.470344,0.34807813,-3.7190413,2.340823,-0.65809214,-12486656
282,274,283,286,"APTERYGIFORMES","null","Kiwis",4,9.66949,3.6250954,-0.90259945,0.3578278,-2.7521348,-11184866
283,282,284,285,"null","null","null",2,1.6603783,3.8261669,-0.46288353,1.088006,-2.1365604,-11184866
286,282,287,288,"null","null","null",2,3.4222658,0.38339433,-2.4198992,0.8665074,-3.4392166,-12486656
289,273,290,291,"RHEIFORMES","null","Rheas",2,8.76558,1.6186295,-1.938406,0.4835871,-3.7564616,-12486656
