index,parent,child1,child2,name1,name2,common,richness,lengthbr,hxmax,hxmin,hymax,hymin,color
0,-268162981,1,46,"null","null","null",37,25.9,0.4428653,-3.3444936,1.7062007,-2.5731795,-16731116
1,0,2,45,"null","null","null",23,25.9,0.67295897,-2.6608276,0.7546971,-3.4750953,-16731116
2,1,3,44,"null","null","null",22,19.9,2.2575538,-2.0763686,0.48397285,-3.542418,-16731116
3,2,4,43,"null","null","null",21,10.3,3.378594,-1.0892061,0.64591223,-2.972363,-16731116
4,3,5,36,"null","null","null",20,10.3,3.6933322,-0.41856924,1.8281038,-2.323121,-16731116
5,4,6,27,"null","null","null",16,9.3,3.280627,-0.61676,3.1184,-1.2264614,-16731116
6,5,7,22,"null","null","null",11,9.3,2.6202097,-1.3385757,3.6562033,-0.34807962,-16731116
7,6,8,21,"null","null","null",8,9.3,1.6917303,-2.753824,3.398307,-0.57550085,-16731116
8,7,9,18,"null","null","null",7,9.3,0.33848858,-3.497466,2.7277997,-0.95189875,-16731116
9,8,10,17,"null","null","null",5,9.3,0.52359635,-3.405888,1.9384005,-2.4870446,-16731116
10,9,11,16,"null","null","null",4,9.3,0.65809226,-2.752129,0.8675231,-3.4687877,-16731116
11,10,12,15,"null","null","null",3,9.3,1.7924187,-2.1365566,0.4628849,-3.622961,-16731116
12,11,13,14,"null","null","null",2,2.8,2.8755634,-1.1971815,0.6376133,-3.1081553,-12486656
18,8,19,20,"null","null","null",2,9.3,2.3612084,-0.41842097,3.6646888,-0.7950951,-12486656
22,6,23,26,"null","null","null",3,4.4,3.7661479,-0.70525986,1.237132,-2.2791765,-16731116
23,22,24,25,"null","null","null",2,4.4,3.4248698,-0.6042886,2.4441574,-1.5045828,-16731116
27,5,28,35,"null","null","null",5,9.3,3.1657681,-1.1971824,0.31716132,-2.969974,-16731116
28,27,29,34,"null","null","null",4,9.3,3.5147932,-0.39551765,1.699234,-2.2791765,-16731116
29,28,30,33,"null","null","null",3,9.3,3.0981088,-0.6042886,3.04489,-1.5045828,-16731116
30,29,31,32,"null","null","null",2,9.3,2.3612084,-0.6619246,3.6646888,-0.32388124,-16731116
36,4,37,42,"null","null","null",4,7.1,2.18158,-2.136557,0.60018253,-3.5166676,-16731116
37,36,38,41,"null","null","null",3,4.9,3.381474,-1.1971824,0.6376132,-2.969974,-12486656
38,37,39,40,"null","null","null",2,4.9,3.7952108,-0.39551765,0.64591175,-2.2791765,-16731116
46,0,47,72,"null","null","null",14,25.9,1.6917332,-2.7538197,3.1313152,-0.35959932,-16731116
47,46,48,71,"null","null","null",13,19.8,0.52728903,-3.4974644,2.3807096,-0.9035118,-16731116
48,47,49,64,"Scotophilus","null","null",12,5.0,0.5235956,-3.405889,1.799389,-2.4241445,-16731116
49,48,50,61,"null","null","null",8,5.0,0.6580921,-2.7521312,0.5831063,-3.387022,-16731116
50,49,51,60,"null","null","null",6,5.0,2.1643815,-2.136558,0.46288437,-3.5166678,-16731116
51,50,52,57,"null","null","null",5,4.9,3.3591173,-1.0122048,0.63761306,-2.969975,-16731116
52,51,53,56,"null","null","null",3,4.8,3.7661486,-0.3955173,1.2371293,-2.279177,-16731116
53,52,54,55,"null","null","null",2,4.8,3.4248714,-0.60428834,2.4441552,-1.5045842,-16731116
57,51,58,59,"null","null","null",2,2.9,0.3445292,-2.8544147,0.9791745,-3.1268,-16731116
61,49,62,63,"null","null","null",2,3.7,0.8665067,-3.4392211,2.4198914,-0.38339484,-16731116
64,48,65,68,"null","null","null",4,5.0,1.7948602,-2.6272633,3.1628761,-0.4014818,-16731116
65,64,66,67,"null","null","null",2,3.7,0.6411363,-3.4392195,2.4198937,-0.66423047,-16731116
68,64,69,70,"null","null","null",2,3.7,3.511704,-0.31738308,2.2880454,-1.6001953,-16731116
