index,parent,child1,child2,name1,name2,common,richness,lengthbr,hxmax,hxmin,hymax,hymin,color
0,-268283790,1,54,"","null","Myzomelas",31,20.223019,2.4557228,-1.4707823,3.625268,-0.37199056,-16731116
1,0,2,53,"null","null","null",27,20.223019,1.6001897,-2.838624,3.2971134,-0.59051764,-16731116
2,1,3,34,"null","null","null",26,19.226686,0.38599098,-3.5017502,2.6047633,-1.0522804,-16731116
3,2,4,23,"null","null","null",16,18.209139,0.5419747,-3.3352451,1.8248582,-2.5434403,-16731116
4,3,5,22,"null","null","null",10,8.046132,0.689698,-2.6488042,0.7546901,-3.4364276,-16731116
5,4,6,15,"null","null","null",9,7.5362535,2.2793105,-2.0607424,0.48397422,-3.492144,-16731116
6,5,7,12,"null","null","null",5,5.888435,3.4068708,-0.8706838,0.64591277,-2.9070053,-16731116
7,6,8,11,"null","null","null",3,4.391363,3.7300858,-0.41857076,1.425116,-2.2381592,-16731116
8,7,9,10,"null","null","null",2,4.391363,3.328404,-0.61676085,2.5945096,-1.4052767,-16731116
12,6,13,14,"null","null","null",2,2.4782624,0.35782927,-2.716209,0.90259767,-3.2399843,-12486656
15,5,16,21,"null","null","null",4,4.5944543,0.48358285,-3.4058852,1.9383985,-2.6072886,-16731116
16,15,17,20,"null","null","null",3,2.0900903,0.6580924,-2.7521253,0.867519,-3.6251023,-16731116
17,16,18,19,"null","null","null",2,2.0900903,1.0880269,-2.1365538,0.46288577,-3.8261664,-16731116
23,3,24,31,"null","null","null",6,11.578114,1.6749359,-2.9612648,3.3983066,-0.35959655,-16731116
24,23,25,28,"null","null","null",4,9.053303,0.3384865,-3.7671363,2.727799,-0.665,-16731116
25,24,26,27,"null","null","null",2,2.8801842,0.5235968,-3.7564573,1.9383985,-1.6186471,-16731116
28,24,29,30,"null","null","null",2,8.79924,2.3612075,-0.41842124,3.6646893,-0.7950944,-16731116
31,23,32,33,"null","null","null",2,3.1426022,3.4248688,-0.27500102,2.444159,-1.5045819,-16731116
34,2,35,46,"null","null","null",10,13.717772,2.620208,-1.4981474,3.4931793,-0.7670516,-16731116
35,34,36,41,"null","null","null",6,10.892185,1.5297087,-2.9612648,3.1863742,-0.5755012,-16731116
36,35,37,40,"null","null","null",3,6.8970337,0.5272817,-3.7671363,2.4522867,-0.665,-16731116
37,36,38,39,"null","null","null",2,3.1174533,0.5235968,-3.7564573,1.9383985,-1.6186471,-16731116
41,35,42,45,"null","null","null",3,5.731066,3.0981078,-0.27500102,3.0448914,-1.5045819,-16731116
42,41,43,44,"null","null","null",2,3.386807,2.3612075,-0.66192454,3.6646893,-0.32388148,-16731116
46,34,47,50,"null","null","null",4,9.38268,3.7661476,-0.705259,1.2371341,-2.5264778,-16731116
47,46,48,49,"null","null","null",2,3.1007535,3.4248688,-0.6042887,2.444159,-1.5045819,-16731116
50,46,51,52,"null","null","null",2,3.6051521,0.9093931,-2.1905591,0.63668096,-3.827052,-16731116
54,0,55,60,"null","null","null",4,11.605737,3.5280137,-0.67175275,1.8652921,-2.238161,-16731116
55,54,56,59,"null","null","null",3,11.146903,3.065712,-0.6167603,3.1667423,-1.4052806,-16731116
56,55,57,58,"null","null","null",2,3.1561208,2.3408208,-0.6580918,3.7190452,-0.34808022,-16731116
