index,parent,child1,child2,name1,name2,common,richness,lengthbr,hxmax,hxmin,hymax,hymin,color
0,-268059551,1,84,"null","null","null",47,27.410877,3.6933317,-0.41856956,1.8036348,-2.32312,-16777216
1,0,2,57,"null","null","null",42,27.410877,3.2806258,-0.6167602,3.086589,-1.2656643,-16777216
2,1,3,52,"null","null","null",28,27.410877,2.6202087,-1.3385772,3.6148474,-0.34807998,-16777216
3,2,4,29,"null","null","null",25,27.410877,1.6364931,-2.7538245,3.3445432,-0.5755011,-16777216
4,3,5,18,"null","null","null",13,27.410877,0.47730577,-3.4974651,2.6579065,-0.90352,-16777216
5,4,6,17,"null","null","null",7,27.410877,0.5235966,-3.4058857,1.9383993,-2.4241512,-16777216
6,5,7,14,"null","null","null",6,27.410877,0.6580924,-2.7521262,0.58309823,-3.3870246,-16777216
7,6,8,13,"null","null","null",4,27.410877,2.1815863,-2.1365547,0.46288556,-3.5166664,-16777216
8,7,9,12,"null","null","null",3,27.410877,3.3814778,-1.1971784,0.6376136,-2.9699712,-16777216
9,8,10,11,"null","null","null",2,27.410877,3.7952118,-0.3955186,0.6459114,-2.2791743,-16777216
14,6,15,16,"null","null","null",2,27.410877,0.8665055,-3.4392257,2.4198828,-0.3833955,-16777216
18,4,19,26,"null","null","null",6,27.410877,2.6735492,-1.3502579,3.5074303,-0.7950947,-16777216
19,18,20,25,"null","null","null",4,27.410877,1.7788349,-2.8520741,3.2712226,-0.559299,-16777216
20,19,21,24,"null","null","null",3,27.410877,0.6411278,-3.731467,2.5607438,-0.6642305,-16777216
21,20,22,23,"null","null","null",2,27.410877,0.5042379,-3.7907996,2.0102258,-1.4433501,-16777216
26,18,27,28,"null","null","null",2,27.410877,3.762611,-0.7370671,0.43901867,-2.3134406,-16777216
29,3,30,43,"null","null","null",12,27.410877,3.3383706,-0.27500087,3.006157,-1.332165,-16777216
30,29,31,40,"null","null","null",7,27.410877,2.6735492,-1.3502579,3.6143343,-0.3238816,-16777216
31,30,32,39,"null","null","null",5,27.410877,1.7788349,-2.8520741,3.4101977,-0.559299,-16777216
32,31,33,36,"null","null","null",4,27.410877,0.41481626,-3.731467,2.7414117,-0.6642305,-16777216
33,32,34,35,"null","null","null",2,27.410877,0.5042379,-3.7907996,2.0102258,-1.4433501,-16777216
36,32,37,38,"null","null","null",2,27.410877,2.3745217,-0.4072526,3.5997577,-0.8210845,-16777216
40,30,41,42,"null","null","null",2,27.410877,3.762611,-0.7370671,0.43901867,-2.3134406,-16777216
43,29,44,51,"null","null","null",5,27.410877,3.0686402,-1.3026772,0.30320093,-3.022944,-16777216
44,43,45,50,"null","null","null",4,27.410877,3.4890308,-0.3719908,1.5287759,-2.3134406,-16777216
45,44,46,49,"null","null","null",3,27.410877,3.1200044,-0.59051776,2.914015,-1.6001886,-16777216
46,45,47,48,"null","null","null",2,27.410877,2.3745217,-0.66423035,3.5997577,-0.41359687,-16777216
52,2,53,56,"null","null","null",3,27.410877,3.7661476,-0.7052593,1.2371349,-2.2791758,-16777216
53,52,54,55,"null","null","null",2,27.410877,3.4248686,-0.6042887,2.4441597,-1.5045813,-16777216
57,1,58,83,"null","null","null",14,27.410877,3.165769,-1.1971806,0.31716153,-3.0581837,-16777216
58,57,59,72,"null","null","null",13,27.410877,3.5147934,-0.395518,1.6061835,-2.3938494,-16777216
59,58,60,71,"null","null","null",7,27.410877,3.0981085,-0.6042887,2.923923,-1.5045813,-16777216
60,59,61,70,"null","null","null",6,27.410877,2.3612084,-1.2045329,3.5074303,-0.3238816,-16777216
61,60,62,69,"null","null","null",5,27.410877,1.7788349,-2.6626315,3.2712226,-0.559299,-16777216
62,61,63,68,"null","null","null",4,27.410877,0.6411278,-3.4851913,2.5607438,-0.6642305,-16777216
63,62,64,67,"null","null","null",3,27.410877,0.5042379,-3.4706411,2.0102258,-2.1434124,-16777216
64,63,65,66,"null","null","null",2,27.410877,0.652748,-2.8544092,0.97917,-3.1268048,-16777216
72,58,73,82,"null","null","null",6,27.410877,2.042692,-2.190558,0.63668084,-3.5286393,-16777216
73,72,74,79,"null","null","null",5,27.410877,3.3004115,-1.1514432,0.6278833,-3.022944,-16777216
74,73,75,78,"null","null","null",3,27.410877,3.7903333,-0.3719908,1.04727,-2.3134406,-16777216
75,74,76,77,"null","null","null",2,27.410877,3.5116975,-0.59051776,2.2880573,-1.6001886,-16777216
79,73,80,81,"null","null","null",2,27.410877,0.33095622,-2.985228,1.0892007,-3.0051732,-16777216
84,0,85,92,"null","null","null",5,27.410877,2.1643848,-2.1365561,0.60018194,-3.5166674,-16777216
85,84,86,91,"null","null","null",4,27.410877,3.359119,-1.1971806,0.63761336,-2.969973,-16777216
86,85,87,90,"null","null","null",3,27.410877,3.7661476,-0.395518,1.2371349,-2.2791758,-16777216
87,86,88,89,"null","null","null",2,27.410877,3.4248686,-0.6042887,2.4441597,-1.5045813,-16777216
