index,parent,child1,child2,name1,name2,common,richness,lengthbr,hxmax,hxmin,hymax,hymin,color
0,-268305345,1,122,"null","null","null",1227,47.014862,0.34807986,-3.6429617,2.5840933,-1.3495431,-16731116
1,0,-268365824,2,"null","null","null",652,31.24582,0.57550097,-3.381092,1.6407058,-2.768081,-16731116
2,1,3,111,"","null","Antbirds",221,16.900345,1.4246768,-2.9979563,3.3478484,-0.2750008,-16731116
3,2,4,106,"null","null","null",215,15.653997,0.32388148,-3.6036742,2.6858704,-1.221195,-16731116
4,3,5,71,"null","null","null",212,13.251241,0.5592989,-3.3963397,1.6930466,-2.6842928,-16731116
5,4,-268388352,6,"null","null","null",194,12.806622,0.7901225,-2.7233963,0.5493487,-3.5133517,-16731116
6,5,7,48,"Thamnophilidae","null","Antwrens",33,11.122219,0.8210846,-3.5592227,2.677219,-1.0522809,-16731116
7,6,8,45,"null","null","null",21,9.538368,0.54197484,-3.409959,1.9094126,-2.5434406,-16731116
8,7,9,42,"null","null","null",19,9.002,0.661925,-2.745932,0.49050736,-3.4364274,-16731116
9,8,10,31,"null","null","null",17,9.002,2.1597397,-2.0607436,0.483974,-3.4921446,-16731116
10,9,11,28,"null","null","null",11,8.6029005,3.25143,-0.8706852,0.64591265,-2.9070063,-16731116
11,10,12,27,"null","null","null",9,7.467078,3.5280137,-0.41857052,1.706587,-2.2381597,-12486656
12,11,13,22,"null","null","null",8,4.876079,3.0657108,-0.6167606,2.960423,-1.2264555,-12486656
13,12,14,21,"null","null","null",5,4.123394,2.3408198,-1.3545825,3.4508271,-0.34808096,-16731116
14,13,15,18,"null","null","null",4,3.7934475,1.6749322,-2.7746282,3.1313143,-0.5755017,-16731116
15,14,16,17,"null","null","null",2,1.3276886,0.5272785,-3.5245056,2.3807092,-0.665,-12486656
18,14,19,20,"null","null","null",2,3.0917447,3.4248662,-0.27500144,2.4441638,-1.5045791,-16731116
22,12,23,26,"null","null","null",3,2.38932,3.3814778,-1.1971784,0.3171621,-2.9699712,-12486656
23,22,24,25,"null","null","null",2,1.075239,3.7952118,-0.3955186,0.6459114,-2.2791743,-16731116
28,10,29,30,"null","null","null",2,6.571329,0.35782912,-2.7162104,0.9025978,-3.239983,-16731116
31,9,32,37,"null","null","null",6,5.107629,0.48358327,-3.405886,1.799379,-2.6072884,-16731116
32,31,33,36,"null","null","null",3,4.401287,0.65809244,-2.7521262,0.8675197,-3.6251016,-12486656
33,32,34,35,"null","null","null",2,1.9027171,1.0880251,-2.1365547,0.46288556,-3.8261662,-12486656
37,31,38,41,"null","null","null",3,3.9856205,1.7788337,-2.6272755,3.162866,-0.40147883,-16731116
38,37,39,40,"null","null","null",2,1.1463358,0.64112616,-3.439227,2.4198804,-0.6642306,-16731116
42,8,43,44,"null","null","null",2,2.3498251,0.8449197,-3.5245035,2.3807096,-0.39556193,-16731116
45,7,46,47,"null","null","null",2,8.14742,1.6917262,-2.1268098,3.5885544,-0.35959634,-16731116
48,6,49,62,"null","null","null",12,7.721356,2.5084941,-1.4981501,3.6562052,-0.76705146,-16731116
49,48,50,57,"null","null","null",7,6.5278683,1.5297068,-2.9612668,3.3983064,-0.57550156,-16731116
50,49,51,54,"null","null","null",4,4.245128,0.33848524,-3.767137,2.727799,-0.665,-16731116
51,50,52,53,"null","null","null",2,3.2593346,0.5235972,-3.7564566,1.9383972,-1.6186507,-16731116
54,50,55,56,"null","null","null",2,2.002222,2.3612077,-0.41842145,3.6646914,-0.7950939,-16731116
57,49,58,61,"null","null","null",3,3.0907845,3.0981073,-0.2750013,3.0448956,-1.5045784,-16731116
58,57,59,60,"null","null","null",2,1.8920896,2.3612077,-0.6619245,3.6646914,-0.32388234,-16731116
62,48,63,68,"null","null","null",5,6.710935,3.5147939,-0.70525837,1.6992416,-2.5264754,-16731116
63,62,64,67,"null","null","null",3,3.5429575,3.0981073,-0.6042891,3.0448956,-1.5045784,-16731116
64,63,65,66,"null","null","null",2,0.6011744,2.3612077,-0.6619245,3.6646914,-0.32388234,-16731116
68,62,69,70,"null","null","null",2,5.168937,0.90940213,-2.1905565,0.63667977,-3.8270524,-16731116
71,4,72,105,"Thamnophilidae","null","Antwrens",18,12.378378,1.600189,-2.8440948,3.2826338,-0.3173806,-16731116
72,71,73,98,"null","null","null",17,12.155385,0.29949018,-3.5088618,2.58594,-1.1122098,-16731116
73,72,74,93,"null","null","null",13,12.002773,0.54197484,-3.3444898,1.7061949,-2.6213484,-16731116
74,73,75,92,"null","null","null",10,9.658458,0.661925,-2.6608222,0.75469065,-3.5377076,-16731116
75,74,76,91,"null","null","null",9,7.253427,2.1597397,-2.076365,0.483974,-3.6238089,-16731116
76,75,77,86,"null","null","null",8,6.5640483,3.25143,-0.8866478,0.64591265,-3.0781698,-16731116
77,76,78,83,"null","null","null",5,6.0478067,3.5280137,-0.41857052,1.8652972,-2.4606724,-16731116
78,77,79,82,"null","null","null",3,3.54572,3.0657108,-0.6167606,3.1667461,-1.4052775,-16731116
79,78,80,81,"null","null","null",2,2.0906987,2.3408198,-0.65809166,3.719047,-0.34808096,-16731116
83,77,84,85,"null","null","null",2,2.1639326,1.0880251,-2.1365547,0.6001805,-3.8261662,-16731116
86,76,87,90,"null","null","null",3,3.828408,0.35782912,-2.7521262,0.9025978,-3.6251016,-12486656
87,86,88,89,"null","null","null",2,1.5568645,1.0880251,-2.1365547,0.46288556,-3.8261662,-12486656
93,73,94,97,"null","null","null",3,8.245268,1.6917262,-2.7746265,3.1313148,-0.35959634,-12486656
94,93,95,96,"null","null","null",2,2.9269047,0.5272789,-3.524505,2.3807096,-0.665,-11184866
98,72,99,104,"null","null","null",4,8.423221,2.3408206,-1.3545806,3.4508271,-0.76705146,-12486656
99,98,100,103,"null","null","null",3,4.4717627,1.6917262,-2.7746265,3.1313148,-0.57550156,-12486656
100,99,101,102,"null","null","null",2,2.1265678,0.5272789,-3.524505,2.3807096,-0.665,-11184866
106,3,107,110,"Thamnophilidae","null","Antbirds and Antshrikes",3,13.658141,2.3134408,-1.0472691,3.7903333,-0.7370672,-16731116
107,106,108,109,"null","null","null",2,8.645844,1.600189,-2.2880564,3.5116978,-0.5905177,-16731116
111,2,112,119,"Thamnophilidae","null","Antwrens",6,7.079312,3.2310944,-0.30320084,3.300411,-1.151444,-12486656
112,111,113,116,"null","null","null",4,2.8446517,2.5840364,-1.0472691,3.7903333,-0.37199068,-16731116
113,112,114,115,"null","null","null",2,1.0076537,1.600189,-2.2880564,3.5116978,-0.5905177,-16731116
116,112,117,118,"null","null","null",2,0.8617617,3.8167205,-0.6717526,0.73106873,-2.2381606,-12486656
119,111,120,121,"null","null","null",2,1.7768683,3.0051725,-1.0892012,0.33095616,-2.9852285,-12486656
122,0,123,-268366848,"null","null","null",575,26.34835,2.4514837,-1.6991885,3.6848876,-0.70525956,-16731116
123,122,124,229,"","null","Tyrant-Flycatchers, Cotingas and  more",458,25.579445,1.3321655,-3.0448298,3.319231,-0.6042887,-16731116
124,123,125,168,"null","null","null",449,25.30104,0.32388148,-3.6646094,2.6486678,-1.2118316,-16731116
125,124,126,167,"null","null","null",418,24.978918,0.5592989,-3.4755557,1.7788353,-2.6721203,-16731116
126,125,127,162,"null","null","null",417,23.93837,0.75180197,-2.826377,0.41481674,-3.4975276,-16731116
127,126,128,160,"Tyrannidae","null","Tyrant-flycatchers",414,23.061657,2.296084,-1.9845346,0.5042378,-3.4866786,-16731116
128,127,129,145,"null","null","null",311,21.9216,3.3252785,-0.8152332,0.6527479,-2.875258,-16731116
129,128,-268399616,130,"null","null","null",303,17.393192,3.5286388,-0.4410558,1.9660134,-2.2438087,-16731116
130,129,131,140,"null","null","null",8,12.145321,2.1597397,-2.0484648,0.5623976,-3.4921446,-16731116
131,130,132,139,"null","null","null",5,9.605434,3.25143,-1.0892006,0.64591265,-2.9070063,-16731116
132,131,133,138,"null","null","null",4,9.40431,3.5280137,-0.41857052,1.8652972,-2.2381597,-16731116
133,132,134,137,"null","null","null",3,5.706266,3.0657108,-0.6167606,3.1667461,-1.4052775,-16731116
134,133,135,136,"null","null","null",2,0.9044391,2.3408198,-0.65809166,3.719047,-0.34808096,-16731116
140,130,141,144,"null","null","null",3,6.9887304,0.48358327,-3.3782585,1.9383984,-2.3110435,-16731116
141,140,142,143,"null","null","null",2,6.3676634,0.65809244,-2.7162104,0.8675197,-3.239983,-16731116
145,128,146,159,"null","null","null",8,18.808744,0.68969655,-2.7686596,0.88575673,-3.4364274,-16731116
146,145,147,156,"","null","Spadebills",7,15.670404,2.2793093,-2.2165534,0.483974,-3.4921446,-16731116
147,146,148,153,"null","null","null",5,9.638437,3.4068704,-0.8706852,0.64591265,-2.9070063,-16731116
148,147,149,152,"null","null","null",3,4.6482725,3.7300863,-0.41857052,1.4251142,-2.2381597,-16731116
149,148,150,151,"null","null","null",2,2.2314444,3.328405,-0.6167606,2.5945082,-1.4052775,-16731116
153,147,154,155,"null","null","null",2,4.6328893,0.35782912,-2.7162104,0.9025978,-3.239983,-12486656
156,146,157,158,"null","null","null",2,2.4355881,0.48358327,-3.756458,1.9383984,-1.6186465,-16731116
160,127,-268394496,161,"","null","Pygmy-Tyrants, Flatbills and more",103,21.97663,0.4428624,-3.4048483,1.8611662,-2.5837455,-16731116
162,126,163,166,"Pipridae","null","Piprites",3,17.42076,0.8210846,-3.790929,2.374522,-0.47381967,-16731116
163,162,164,165,"null","null","null",2,4.6533127,0.54197484,-3.7111773,1.8611662,-1.7914411,-12486656
168,124,169,216,"Cotingidae","null","Cotingas",31,20.447964,2.4557223,-1.5005829,3.7066278,-0.7370672,-16731116
169,168,170,211,"null","null","null",24,17.546923,1.4333808,-2.8773644,3.4028807,-0.5905177,-16731116
170,169,171,206,"null","null","null",21,13.816542,0.29949018,-3.5521123,2.742261,-1.1122098,-16731116
171,170,172,205,"null","null","null",18,13.06555,0.54197484,-3.4007156,1.8611662,-2.6213484,-16731116
172,171,173,192,"","null","Becards",17,11.484436,0.661925,-2.7339156,0.6720401,-3.5377076,-16731116
173,172,174,185,"null","null","null",10,9.087765,2.1597397,-2.0607436,0.483974,-3.6238089,-16731116
174,173,175,184,"null","null","null",6,4.213782,3.25143,-1.0892006,0.64591265,-3.0781698,-16731116
175,174,176,181,"null","null","null",5,2.295509,3.5280137,-0.41857052,1.8652972,-2.4606724,-16731116
176,175,177,180,"null","null","null",3,1.0064201,3.0657108,-0.6167606,3.1667461,-1.4052775,-12486656
177,176,178,179,"null","null","null",2,0.5629291,2.3408198,-0.65809166,3.719047,-0.34808096,-12486656
181,175,182,183,"null","null","null",2,1.0307972,1.0880251,-2.1365547,0.6001805,-3.8261662,-16731116
185,173,186,191,"null","null","null",4,4.4502454,0.48358327,-3.405886,1.9383984,-2.6072884,-16731116
186,185,187,190,"null","null","null",3,2.7575653,0.65809244,-2.7521262,0.8675197,-3.6251016,-16731116
187,186,188,189,"null","null","null",2,1.0316793,1.0880251,-2.1365547,0.46288556,-3.8261662,-16731116
192,172,193,200,"null","null","null",7,9.087876,0.8449197,-3.4974663,2.7891583,-1.0443957,-16731116
193,192,194,199,"null","null","null",4,5.419931,0.5235969,-3.405886,1.9383984,-2.6072884,-16731116
194,193,195,198,"null","null","null",3,4.601604,0.65809244,-2.7521262,0.8675197,-3.6251016,-16731116
195,194,196,197,"null","null","null",2,3.0484614,1.0880251,-2.1365547,0.46288556,-3.8261662,-16731116
200,192,201,204,"null","null","null",3,4.611626,2.361208,-0.66485816,3.8027484,-0.79509425,-16731116
201,200,202,203,"null","null","null",2,1.2301251,1.7788337,-1.9610533,3.6551347,-0.55929923,-16731116
206,170,207,210,"","null","Tityras",3,10.6638565,2.3408206,-0.85626006,3.8025498,-0.76705146,-16731116
207,206,208,209,"null","null","null",2,3.2984867,1.6917262,-2.1268098,3.5885544,-0.57550156,-16731116
211,169,212,215,"","null","Purpletufts",3,5.78877,3.0657115,-0.28912896,3.1667447,-1.4052784,-16731116
212,211,213,214,"null","null","null",2,3.8325438,2.3408206,-0.65809166,3.7190466,-0.34808072,-16731116
216,168,217,224,"null","null","null",7,14.70859,3.528014,-0.6717526,1.8652952,-2.3703585,-16731116
217,216,218,221,"null","null","null",4,11.810711,3.0657115,-0.61676055,3.1667447,-1.2878697,-16731116
218,217,219,220,"null","null","null",2,4.369837,2.3408206,-0.65809166,3.7190466,-0.34808072,-16731116
221,217,222,223,"null","null","null",2,3.1503484,2.8755677,-1.1971774,0.31716195,-3.108151,-16731116
224,216,225,228,"","null","Schiffornis",3,10.035894,1.7924247,-2.1365545,0.60018086,-3.6229587,-16731116
225,224,226,227,"null","null","null",2,4.940268,2.8755677,-1.1971774,0.63761365,-3.108151,-16731116
229,123,230,239,"Tyrannidae","null","Tyrant-flycatchers",9,18.963966,3.022944,-0.30320084,3.0686398,-1.116679,-16731116
230,229,231,238,"null","null","null",5,9.001203,2.3134408,-1.6418946,3.4890308,-0.37199068,-16731116
231,230,232,237,"null","null","null",4,4.0514965,1.600189,-3.0610695,3.1200047,-0.5905177,-16731116
232,231,233,236,"null","null","null",3,1.4646152,0.4135974,-3.790929,2.374522,-0.66423035,-16731116
233,232,234,235,"null","null","null",2,0.58374286,0.54197484,-3.7111773,1.8611662,-1.7914411,-16731116
239,229,240,245,"null","null","null",4,9.112609,3.40687,-1.0892012,0.33095616,-2.9070072,-12486656
240,239,241,244,"null","null","null",3,4.577089,3.7300868,-0.41857028,1.4251122,-2.2381606,-16731116
241,240,242,243,"null","null","null",2,3.0205555,3.328406,-0.61676055,2.5945067,-1.4052784,-16731116
