index,parent,child1,child2,name1,name2,common,richness,lengthbr,hxmax,hxmin,hymax,hymin,color
0,-268152820,1,46,"null","null","null",24,21.8,3.384471,-1.0892096,0.33095512,-2.9723659,-16731116
1,0,2,39,"null","null","null",23,21.8,3.7009754,-0.41856855,1.731637,-2.3231235,-16731116
2,1,3,38,"null","null","null",19,21.8,3.290565,-0.61675966,2.992996,-1.4052861,-16731116
3,2,4,35,"","null","Duikers",18,12.0,2.633128,-1.3457248,3.4931808,-0.34807888,-16731116
4,3,5,34,"null","null","null",16,7.7,1.691733,-2.7631204,3.1863794,-0.57550037,-16731116
5,4,6,33,"Cephalophus","null","null",15,7.7,0.52728754,-3.5095549,2.4522934,-0.90351266,-16731116
6,5,7,32,"null","null","null",14,6.6,0.52359575,-3.4216058,1.9384029,-2.424145,-16731116
7,6,8,21,"null","null","null",13,6.6,0.65809214,-2.772563,0.7260047,-3.3870215,-16731116
8,7,9,16,"null","null","null",7,6.6,2.1643806,-2.1631193,0.46288425,-3.5166678,-16731116
9,8,10,15,"null","null","null",4,5.3999996,3.3591168,-1.1971848,0.637613,-2.969975,-12486656
10,9,11,14,"null","null","null",3,4.2,3.7661486,-0.39551717,1.2371283,-2.2791767,-12486656
11,10,12,13,"null","null","null",2,2.5,3.424872,-0.6042883,2.4441543,-1.504585,-12486656
16,8,17,20,"null","null","null",3,2.5,0.52348334,-3.4706464,2.01023,-2.1434019,-16731116
17,16,18,19,"null","null","null",2,1.0,0.6527476,-2.8544173,0.9791769,-3.126798,-16731116
21,7,22,29,"null","null","null",6,6.6,0.8665067,-3.4732878,2.7414122,-0.8876201,-16731116
22,21,23,28,"null","null","null",4,2.6,0.50423664,-3.4551716,2.01023,-2.4726512,-16731116
23,22,24,27,"null","null","null",3,2.6,0.6527476,-2.8343005,0.9791769,-3.554822,-16731116
24,23,25,26,"null","null","null",2,1.9,0.90938765,-2.1905606,0.44105422,-3.827052,-16731116
29,21,30,31,"null","null","null",2,6.6,2.3745224,-0.4072519,3.5997536,-0.82108605,-12486656
35,3,36,37,"Philantomba","null","null",2,7.9,3.7952101,-0.7052609,0.5537288,-2.2791777,-16731116
39,1,40,45,"null","null","null",4,6.9,2.1815753,-2.1365585,0.6001837,-3.5166683,-16731116
40,39,41,44,"Raphicerus","null","null",3,4.6,3.381471,-1.1971854,0.63761294,-2.969976,-16731116
41,40,42,43,"null","null","null",2,2.7,3.7952101,-0.39551693,0.64591193,-2.2791777,-16731116
