index,parent,child1,child2,name1,name2,common,richness,lengthbr,hxmax,hxmin,hymax,hymin,color
0,-268143496,1,28,"Atelidae","null","null",24,19.5,2.2620697,-2.1051598,0.5624019,-3.6238143,-11184866
1,0,2,15,"null","null","null",14,15.8,3.3844695,-0.94438857,0.6459119,-3.0781798,-8572416
2,1,3,12,"null","null","null",7,13.099999,3.700976,-0.41856796,1.9146909,-2.4606807,-8572416
3,2,4,11,"null","null","null",5,9.9,3.290567,-0.6167593,3.2309694,-1.4052902,-8572416
4,3,5,8,"Lagothrix","null","Woolly Monkeys",4,8.7,2.6331298,-0.8562355,3.8025508,-0.3480779,-11184866
5,4,6,7,"null","null","null",2,8.7,1.6917381,-2.1267884,3.5885634,-0.5754996,-11184866
8,4,9,10,"null","null","null",2,8.7,3.7952085,-0.7052624,0.55371827,-2.2791796,-8572416
12,2,13,14,"Brachyteles","null","null",2,4.2,1.0880044,-2.136561,0.6001849,-3.826167,-8572416
15,1,16,27,"Ateles","null","Spider Monkeys",7,7.9,0.56950235,-2.8820229,0.9025996,-3.3870199,-8572416
16,15,17,24,"null","null","null",6,7.8,2.1815681,-2.3054147,0.4628833,-3.5166693,-8572416
17,16,18,21,"null","null","null",4,6.0,3.381466,-1.0122144,0.6376125,-2.9699788,-8572416
18,17,19,20,"null","null","null",2,2.8,3.7952085,-0.3955158,0.64591235,-2.2791796,-8572416
21,17,22,23,"null","null","null",2,2.8,0.34452835,-2.854425,0.9791828,-3.1267917,-8572416
24,16,25,26,"null","null","null",2,7.7,0.52348536,-3.7908027,2.0102339,-1.44333,-8572416
28,0,29,44,"Alouatta","null","Howler Monkeys",10,6.0,0.48358747,-3.505805,2.018177,-2.4241397,-16731116
29,28,30,39,"null","null","null",8,6.0,0.6580919,-2.8820224,0.64571565,-3.38702,-16731116
30,29,31,36,"null","null","null",5,6.0,2.1815698,-2.305414,0.46288338,-3.5166693,-16731116
31,30,32,35,"null","null","null",3,6.0,3.381467,-1.19719,0.6376126,-2.9699783,-16731116
32,31,33,34,"null","null","null",2,3.4,3.795209,-0.39551598,0.6459123,-2.2791793,-12486656
36,30,37,38,"null","null","null",2,0.4,0.52348506,-3.7908025,2.0102334,-1.4433314,-16731116
39,29,40,43,"null","null","null",3,4.6,0.86650753,-3.7314625,2.5607548,-0.38339427,-16731116
40,39,41,42,"null","null","null",2,3.0,0.5042358,-3.7908022,2.0102332,-1.443332,-16731116
44,28,45,46,"null","null","null",2,6.0,1.7788435,-1.9610332,3.6551423,-0.40148348,-12486656
