index,parent,child1,child2,name1,name2,common,richness,lengthbr,hxmax,hxmin,hymax,hymin,color
0,-268435442,1,225,"PSITTACIFORMES","null","Parrots",354,55.64285,2.972362,-0.33095568,3.3785942,-0.9287933,-16731116
1,0,2,184,"null","null","null",351,42.66796,2.3231204,-1.7999148,3.6933317,-0.41856945,-16731116
2,1,3,97,"null","null","null",330,30.353537,1.2899941,-3.0817537,3.2806263,-0.61676013,-16731116
3,2,4,92,"null","null","null",169,27.721304,0.34807986,-3.6085618,2.620209,-1.3438773,-16731116
4,3,5,80,"null","null","null",166,26.62253,0.57550097,-3.3363721,1.5949239,-2.7607152,-16731116
5,4,6,7,"null","null","null",121,26.01374,0.9035172,-2.647284,0.4619112,-3.506424,-16731116
6,5,-268322816,-268321792,"null","null","null",84,25.15339,2.4241488,-1.9093072,0.5235962,-3.4175334,-16731116
7,5,8,67,"null","null","null",37,24.39463,0.7950952,-3.483528,2.6389084,-1.1974869,-16731116
8,7,9,42,"null","null","null",30,17.420832,0.55929863,-3.2401505,1.6207683,-2.6534734,-12486656
9,8,10,41,"null","null","null",17,11.3524475,0.75179744,-2.5203502,0.6411318,-3.473288,-12486656
10,9,11,28,"null","null","null",16,9.158785,2.29608,-1.9577118,0.5042372,-3.4551697,-12486656
11,10,12,25,"null","null","null",9,6.1185117,3.3252766,-0.72746766,0.65274775,-2.8342974,-11184866
12,11,13,24,"null","null","null",7,3.1364183,3.528639,-0.44105512,1.8644047,-2.1905584,-11184866
13,12,14,23,"null","null","null",6,2.0807576,3.0229437,-0.6278832,3.0686388,-1.3026786,-11184866
14,13,15,22,"null","null","null",5,1.010384,2.3134403,-1.5287743,3.48903,-0.37199056,-11184866
15,14,16,19,"null","null","null",4,0.8351556,1.5501353,-2.9140136,3.1200042,-0.59051764,-11184866
16,15,17,18,"null","null","null",2,0.56423825,0.4135989,-3.5997567,2.3745215,-0.66423035,-12486656
19,15,20,21,"null","null","null",2,0.37733182,3.3284082,-0.2891289,2.5945039,-1.4052806,-8572416
25,11,26,27,"null","null","null",2,0.7450899,0.37080103,-2.571182,0.8857573,-3.3442578,-11184866
28,10,29,36,"","null","Shining-Parrots and Tiger-Parrots",7,6.8841844,0.44286364,-3.3444917,1.7061975,-2.5790417,-16731116
29,28,30,35,"","null","Tiger-Parrots",4,4.5756288,0.6619249,-2.660825,0.7546941,-3.482712,-16731116
30,29,31,34,"null","null","null",3,2.73024,1.9703064,-2.076367,0.48397338,-3.5523171,-16731116
31,30,32,33,"null","null","null",2,1.6482446,3.0051699,-1.0892038,0.6459124,-2.9852314,-16731116
36,28,37,40,"","null","Shining-Parrots",3,4.6218276,1.691729,-2.774622,3.131315,-0.35959762,-12486656
37,36,38,39,"null","null","null",2,2.0035844,0.52728236,-3.524502,2.38071,-0.665,-16731116
42,8,43,66,"null","null","null",13,12.458398,1.6001905,-2.8931768,3.1200047,-0.31738126,-16731116
43,42,44,65,"null","null","null",12,10.578551,0.41359925,-3.57267,2.374522,-1.052279,-16731116
44,43,45,56,"null","null","null",11,9.23829,0.54197454,-3.4274414,1.7306666,-2.5434394,-16731116
45,44,46,55,"","null","Rosellas",6,3.9979932,0.72912955,-2.7686596,0.75469065,-3.4364274,-16731116
46,45,47,52,"null","null","null",5,3.4510126,2.3305721,-2.2165534,0.483974,-3.4921446,-16731116
47,46,48,51,"null","null","null",3,1.1178571,3.4735122,-1.0892006,0.64591265,-2.9070063,-16731116
48,47,49,50,"null","null","null",2,0.4615077,3.8167205,-0.41857052,0.73107064,-2.2381597,-16731116
52,46,53,54,"null","null","null",2,1.2346114,0.48358327,-3.756458,1.9383984,-1.6186465,-16731116
56,44,57,64,"null","null","null",5,7.28356,1.6917278,-2.737479,3.1863737,-0.35959697,-16731116
57,56,58,63,"null","null","null",4,6.336788,0.52728057,-3.4762144,2.4522865,-0.816515,-16731116
58,57,59,62,"null","null","null",3,5.816806,0.5235969,-3.3782585,1.9383984,-2.3110435,-16731116
59,58,60,61,"null","null","null",2,2.2527022,0.65809244,-2.7162104,0.8675197,-3.239983,-16731116
67,7,68,79,"null","null","null",7,18.168304,2.3134413,-1.4436011,3.684667,-0.7370677,-16731116
68,67,69,78,"null","null","null",6,8.06668,1.6001905,-2.8032897,3.3743331,-0.59051746,-16731116
69,68,70,75,"null","null","null",5,4.4234753,0.29948983,-3.4558167,2.7051487,-0.9977424,-16731116
70,69,71,74,"null","null","null",3,1.8914027,0.54197454,-3.2755322,1.8611674,-2.4725418,-12486656
71,70,72,73,"null","null","null",2,1.189419,0.66192496,-2.5711775,0.75469065,-3.3442605,-11184866
75,69,76,77,"null","null","null",2,1.5399293,2.340821,-0.4290238,3.7190456,-0.76705194,-16731116
80,4,-268319744,81,"null","null","null",45,23.074062,1.3321655,-2.9055347,3.2448392,-0.2750008,-16731116
81,80,82,89,"","null","Pygmy-Parrots",6,6.8829646,3.022944,-0.30320084,3.0686398,-1.151444,-16731116
82,81,83,88,"null","null","null",4,1.9933815,2.3134408,-1.5287752,3.4890308,-0.37199068,-16731116
83,82,84,87,"null","null","null",3,1.7357521,1.600189,-2.9140143,3.1200047,-0.5905177,-16731116
84,83,85,86,"null","null","null",2,0.42199653,0.4135974,-3.5997574,2.374522,-0.66423035,-16731116
89,81,90,91,"null","null","null",2,1.37026,3.0051725,-1.0892012,0.33095616,-2.9852285,-16731116
92,3,93,96,"null","null","null",3,24.499178,2.279176,-1.237134,3.7661476,-0.70525956,-16731116
93,92,94,95,"null","null","null",2,7.3650575,1.5045818,-2.444159,3.4248688,-0.6042887,-16731116
97,2,98,165,"","null","Parrotlets, Parakeets, Macaws and more",161,28.981733,3.1129246,-0.31716147,3.2525918,-1.0032616,-16731116
98,97,99,140,"null","null","null",151,25.303204,2.4650123,-1.6533189,3.6276631,-0.3955179,-16731116
99,98,100,114,"null","null","null",138,24.51452,1.3808088,-2.9851995,3.2448392,-0.6042887,-16731116
100,99,-268320768,101,"null","null","null",74,23.386112,0.32388148,-3.5870903,2.551958,-1.2275922,-16731116
101,100,102,109,"","null","Parrotlets",7,11.488411,2.5455327,-1.5287752,3.4890308,-0.7370672,-16731116
102,101,103,106,"null","null","null",4,4.650957,1.550134,-2.9140143,3.1200047,-0.5905177,-16731116
103,102,104,105,"null","null","null",2,1.3402232,0.4135974,-3.5997574,2.374522,-0.66423035,-16731116
106,102,107,108,"null","null","null",2,1.283675,3.328406,-0.28912896,2.5945067,-1.4052784,-16731116
109,101,110,113,"null","null","null",3,4.383556,3.7300868,-0.6717526,1.4251122,-2.2381606,-16731116
110,109,111,112,"null","null","null",2,2.682321,3.328406,-0.61676055,2.5945067,-1.4052784,-12486656
114,99,115,123,"null","null","null",64,23.495731,3.1323915,-0.30320084,3.1734376,-1.145724,-16731116
115,114,-268323840,116,"null","null","null",55,19.471033,2.4557223,-1.5047903,3.625268,-0.37199068,-12486656
116,115,117,122,"null","null","null",4,12.931524,3.528014,-0.6717526,1.8652952,-2.2381606,-16731116
117,116,118,121,"null","null","null",3,11.331652,3.0657115,-0.61676055,3.1667447,-1.4052784,-16731116
118,117,119,120,"null","null","null",2,4.2418413,2.3408206,-0.65809166,3.7190466,-0.34808072,-16731116
123,114,124,139,"null","null","null",9,16.99383,3.2514293,-1.0892012,0.33095616,-2.9723587,-16731116
124,123,125,132,"null","null","null",8,6.3440084,3.528014,-0.41857028,1.8652952,-2.3231177,-16731116
125,124,126,129,"null","null","null",4,3.9944687,3.0657115,-0.61676055,3.1667447,-1.2878697,-16731116
126,125,127,128,"null","null","null",2,1.3165299,2.3408206,-0.65809166,3.7190466,-0.34808072,-16731116
129,125,130,131,"null","null","null",2,2.603024,2.8755677,-1.1971774,0.31716195,-3.108151,-12486656
132,124,133,138,"null","null","null",4,4.0235868,2.1815865,-2.1365545,0.60018086,-3.516667,-16731116
133,132,134,137,"null","null","null",3,3.2291942,3.381478,-1.1971774,0.63761365,-2.9699717,-16731116
134,133,135,136,"null","null","null",2,1.2780528,3.7952118,-0.3955187,0.6459114,-2.2791748,-16731116
140,98,141,156,"","null","Parrotlets",13,19.001188,3.6887548,-0.6366811,1.8644058,-2.2438107,-16731116
141,140,142,155,"null","null","null",8,12.187605,3.2310944,-0.6278832,3.0686398,-1.3026779,-12486656
142,141,143,152,"null","null","null",7,8.124128,2.5840364,-1.6418946,3.4890308,-0.37199068,-16731116
143,142,144,149,"null","null","null",5,6.0638742,1.550134,-3.0610695,3.1200047,-0.5905177,-16731116
144,143,145,148,"null","null","null",3,4.4315524,0.4135974,-3.790929,2.374522,-0.66423035,-12486656
145,144,146,147,"null","null","null",2,2.0097473,0.54197484,-3.7111773,1.8611662,-1.7914411,-11184866
149,143,150,151,"null","null","null",2,2.458564,3.328406,-0.28912896,2.5945067,-1.4052784,-16731116
152,142,153,154,"null","null","null",2,2.304746,3.8167205,-0.6717526,0.73106873,-2.2381606,-12486656
156,140,157,162,"null","null","null",5,10.352437,2.3305707,-2.2165542,0.5623986,-3.492145,-16731116
157,156,158,161,"null","null","null",3,5.3423843,3.4735112,-1.0892012,0.6459125,-2.9070072,-16731116
158,157,159,160,"null","null","null",2,2.1810467,3.8167205,-0.41857028,0.73106873,-2.2381606,-16731116
162,156,163,164,"null","null","null",2,8.758431,0.4835837,-3.7564578,1.938399,-1.6186463,-16731116
165,97,166,183,"null","null","null",10,11.420773,3.4309173,-0.9791716,0.34452954,-2.834297,-16731116
166,165,167,182,"null","null","null",9,8.855324,3.6659718,-0.44105524,1.8644058,-2.1905582,-16731116
167,166,168,181,"null","null","null",8,7.4725046,3.2014763,-0.6278832,3.0686398,-1.3026779,-16731116
168,167,169,176,"null","null","null",7,5.9108515,2.5455327,-1.6418946,3.4890308,-0.37199068,-16731116
169,168,170,175,"null","null","null",4,4.4182425,1.600189,-3.0610695,3.1200047,-0.5905177,-16731116
170,169,171,174,"null","null","null",3,2.7897034,0.4135974,-3.790929,2.374522,-0.66423035,-16731116
171,170,172,173,"null","null","null",2,1.713638,0.54197484,-3.7111773,1.8611662,-1.7914411,-16731116
176,168,177,180,"null","null","null",3,2.792292,3.7300868,-0.6717526,1.4251122,-2.2381606,-16731116
177,176,178,179,"null","null","null",2,2.0031135,3.328406,-0.61676055,2.5945067,-1.4052784,-16731116
184,1,185,214,"","null","Cockatoos, Corellas and more",21,30.523348,3.5166674,-0.6001822,2.0156538,-2.1562386,-12486656
185,184,186,213,"null","null","null",15,27.346735,2.9699736,-0.6376133,3.1657689,-1.1971812,-12486656
186,185,187,212,"null","null","null",14,24.229923,2.279176,-1.6470408,3.5147934,-0.3955179,-12486656
187,186,188,211,"null","null","null",13,18.470682,1.5045818,-2.977038,3.0981085,-0.6042887,-12486656
188,187,189,210,"null","null","null",12,12.773895,0.32388148,-3.5764802,2.3612084,-1.1974893,-12486656
189,188,190,209,"null","null","null",11,12.168981,0.5592989,-3.3609874,1.7788353,-2.6534753,-12486656
190,189,191,200,"null","null","null",10,11.103535,0.82174075,-2.6774383,0.41481674,-3.473289,-12486656
191,190,192,199,"null","null","null",5,9.280687,2.3870044,-2.010226,0.5042378,-3.4551682,-12486656
192,191,193,198,"null","null","null",4,8.788834,3.443475,-0.9791694,0.6527479,-2.8342948,-12486656
193,192,194,197,"null","null","null",3,5.1526103,3.6822941,-0.4410558,1.6104531,-2.1905565,-16731116
194,193,195,196,"null","null","null",2,3.55915,3.2226942,-0.6278835,2.7384992,-1.3026755,-16731116
200,190,201,208,"null","null","null",5,7.1296644,0.8210846,-3.4558175,2.374522,-0.99774426,-12486656
201,200,202,205,"null","null","null",4,6.47995,0.54197484,-3.2755322,1.9094126,-2.472543,-11184866
202,201,203,204,"null","null","null",2,2.1221497,0.661925,-2.5711775,0.75469065,-3.3442605,-11184866
205,201,206,207,"null","null","null",2,4.9686594,1.6917262,-2.1268098,3.5885544,-0.35959634,-11184866
214,184,215,224,"null","null","null",6,21.567055,2.3870018,-2.010228,0.5234822,-3.4551697,-12486656
215,214,216,221,"","null","Black-cockatoos",5,14.367514,3.443474,-0.72746617,0.65274775,-2.834297,-12486656
216,215,217,220,"null","null","null",3,4.9309406,3.6822953,-0.44105524,1.6104487,-2.1905582,-12486656
217,216,218,219,"null","null","null",2,0.50162655,3.222697,-0.6278832,2.7384958,-1.3026779,-12486656
221,215,222,223,"null","null","null",2,5.5839057,0.3708011,-2.5711792,0.8857572,-3.3442597,-12486656
225,0,226,229,"","null","New Zealand Parrots",3,25.088125,3.6250997,-0.9025985,0.35782853,-2.752129,-8572416
226,225,227,228,"null","null","null",2,2.5894682,3.8261666,-0.4628849,1.0880196,-2.1365566,-11184866
