index,parent,child1,child2,name1,name2,common,richness,lengthbr,hxmax,hxmin,hymax,hymin,color
0,-268269565,1,181,"null","null","null",887,69.399994,0.9527895,-2.694797,0.44798142,-3.5105748,-12486656
1,0,2,139,"null","null","null",734,67.7,2.4882057,-1.9383584,0.52359545,-3.422933,-12486656
2,1,3,33,"null","null","null",428,62.099995,3.470302,-0.7165938,0.6580921,-2.7742887,-12486656
3,2,4,26,"RHACOPHORIDAE","null","Shrub Frogs",272,45.299995,3.6249325,-0.46288425,2.1293228,-2.1562414,-12486656
4,3,5,11,"null","null","null",268,45.181824,3.1107192,-0.637613,3.3135417,-1.003265,-12486656
5,4,-268370944,6,"null","null","null",260,44.940155,2.4621441,-1.5987651,3.706901,-0.39551717,-12486656
6,5,7,10,"null","null","null",3,8.860453,3.6822972,-0.63668215,1.610443,-2.1905596,-16731116
7,6,8,9,"null","null","null",2,8.860453,3.2227004,-0.62788296,2.7384913,-1.3026809,-16731116
11,4,12,23,"null","null","null",8,16.77097,3.325275,-0.91696286,0.34452912,-2.8342993,-16777216
12,11,13,22,"null","null","null",6,14.450776,3.5286393,-0.44105458,1.864401,-2.1905596,-16777216
13,12,14,21,"null","null","null",5,14.450776,3.0229454,-0.62788296,3.0686367,-1.3026809,-16777216
14,13,15,20,"null","null","null",4,14.450776,2.3134418,-1.52877,3.4890296,-0.37198997,-16777216
15,14,16,19,"null","null","null",3,14.450776,1.6001918,-2.9140103,3.1200051,-0.5905173,-16777216
16,15,17,18,"null","null","null",2,14.450776,0.4136008,-3.5997553,2.3745222,-0.66423035,-16777216
23,11,24,25,"null","null","null",2,5.5903234,0.37080073,-2.5711837,0.8857578,-3.3442564,-16777216
26,3,27,32,"null","null","null",4,11.180647,2.4726522,-2.01023,0.52348334,-3.455171,-16731116
27,26,28,31,"null","null","null",3,11.180647,3.5548232,-0.979175,0.6527476,-2.8342993,-16731116
28,27,29,30,"null","null","null",2,11.180647,3.827052,-0.44105458,0.90939033,-2.1905596,-16731116
33,2,-268340224,34,"MANTELLIDAE","null","null",156,47.5,0.7517934,-2.7202373,0.8665067,-3.513351,-16731116
34,33,35,122,"null","null","null",53,37.345398,0.82108605,-3.5521095,2.6772206,-1.0751548,-16731116
35,34,36,95,"null","null","null",44,35.59488,0.5419738,-3.4007158,1.7061995,-2.573181,-16731116
36,35,37,76,"null","null","null",30,35.59488,0.66192484,-2.7339163,0.64477277,-3.4750957,-16731116
37,36,38,69,"null","null","null",20,35.59488,2.1597342,-2.0607471,0.48397315,-3.542417,-16731116
38,37,39,60,"null","null","null",16,35.59488,3.251427,-0.94437885,0.64591235,-2.9723616,-16731116
39,38,40,51,"null","null","null",11,35.59488,3.5280137,-0.41856956,1.7065808,-2.32312,-16731116
40,39,41,50,"null","null","null",6,16.853664,3.0657125,-0.6167602,2.9604187,-1.4052815,-16731116
41,40,42,49,"null","null","null",5,16.853664,2.3408213,-1.354575,3.4508257,-0.34807998,-16731116
42,41,43,46,"null","null","null",4,16.853664,1.6749367,-2.774622,3.131315,-0.5755011,-16731116
43,42,44,45,"null","null","null",2,16.853664,0.52728236,-3.524502,2.38071,-0.665,-16731116
46,42,47,48,"null","null","null",2,16.853664,3.4248686,-0.27500087,2.4441597,-1.5045813,-16731116
51,39,52,59,"null","null","null",5,15.138709,2.1643848,-2.1365561,0.60018194,-3.5166674,-12486656
52,51,53,58,"null","null","null",4,15.138709,3.359119,-1.1971806,0.63761336,-2.969973,-16731116
53,52,54,57,"null","null","null",3,15.138709,3.7661476,-0.395518,1.2371349,-2.2791758,-16731116
54,53,55,56,"null","null","null",2,15.138709,3.4248686,-0.6042887,2.4441597,-1.5045813,-16731116
60,38,61,68,"null","null","null",5,35.59488,0.3578286,-2.8820138,0.9025985,-3.468788,-11184866
61,60,62,65,"null","null","null",4,13.039774,1.7924193,-2.305407,0.46288502,-3.6229608,-11184866
62,61,63,64,"null","null","null",2,13.039774,2.8755636,-1.1971806,0.63761336,-3.1081548,-11513776
65,61,66,67,"null","null","null",2,13.039774,0.52348197,-3.7907996,2.0102274,-1.443347,-11184866
69,37,70,75,"null","null","null",4,13.039774,0.48358494,-3.4058871,1.9384013,-2.607284,-16731116
70,69,71,74,"null","null","null",3,13.039774,0.65809226,-2.7521284,0.86752254,-3.6251001,-16731116
71,70,72,73,"null","null","null",2,13.039774,1.0880204,-2.1365561,0.46288502,-3.8261666,-16731116
76,36,77,92,"null","null","null",10,35.59488,0.84492064,-3.497465,2.7278,-0.90351653,-16731116
77,76,78,91,"null","null","null",8,19.559662,0.52359617,-3.4058871,1.9384013,-2.4241486,-16731116
78,77,79,90,"null","null","null",7,19.559662,0.65809226,-2.7521284,0.86752254,-3.387024,-16731116
79,78,80,89,"null","null","null",6,19.559662,2.0156546,-2.1365561,0.46288502,-3.5166674,-16731116
80,79,81,88,"null","null","null",5,19.559662,3.165769,-1.1971806,0.63761336,-2.969973,-16731116
81,80,82,87,"null","null","null",4,19.559662,3.5147934,-0.395518,1.6992364,-2.2791758,-16731116
82,81,83,86,"null","null","null",3,19.559662,3.0981085,-0.6042887,3.0448916,-1.5045813,-16731116
83,82,84,85,"null","null","null",2,19.559662,2.3612084,-0.66192454,3.6646895,-0.3238816,-16731116
92,76,93,94,"null","null","null",2,6.519887,2.3612084,-0.41842085,3.6646879,-0.7950953,-16731116
95,35,96,115,"null","null","null",14,35.59488,1.529713,-2.812941,3.131315,-0.3595987,-16731116
96,95,97,114,"null","null","null",10,21.658596,0.5272873,-3.57432,2.3807096,-0.90351427,-16731116
97,96,98,109,"null","null","null",9,21.658596,0.5235958,-3.5058002,1.7993871,-2.4241464,-16731116
98,97,99,108,"null","null","null",6,21.658596,0.65809214,-2.8820152,0.86752415,-3.387023,-16731116
99,98,100,105,"null","null","null",5,21.658596,2.18158,-2.3054085,0.46288466,-3.5166676,-16731116
100,99,101,104,"null","null","null",3,21.658596,3.381474,-1.1971824,0.6376132,-2.969974,-16731116
101,100,102,103,"null","null","null",2,21.658596,3.7952108,-0.39551765,0.64591175,-2.2791765,-16731116
105,99,106,107,"null","null","null",2,21.658596,0.52348256,-3.7908006,2.0102284,-1.4433441,-16731116
109,97,110,113,"null","null","null",3,21.658596,1.7788391,-2.6272657,3.1628745,-0.40148115,-16731116
110,109,111,112,"null","null","null",2,21.658596,0.6411346,-3.4392211,2.4198914,-0.66423047,-16731116
115,95,116,121,"null","null","null",4,13.039774,3.0981092,-0.2750004,3.1510875,-1.5045855,-12486656
116,115,117,120,"null","null","null",3,13.039774,2.361209,-0.6648452,3.8027484,-0.3238806,-16731116
117,116,118,119,"null","null","null",2,13.039774,1.7788397,-1.9610416,3.6551392,-0.55929816,-12486656
122,34,123,138,"null","null","null",9,20.667553,2.3408217,-1.3385719,3.6562028,-0.7670531,-16731116
123,122,124,137,"null","null","null",8,20.667553,1.6917326,-2.7538207,3.3983073,-0.57550055,-16731116
124,123,125,134,"null","null","null",7,20.667553,0.33849066,-3.4974647,2.7278,-1.0443876,-16731116
125,124,126,133,"null","null","null",5,20.667553,0.5235958,-3.405888,1.9384025,-2.6072817,-16731116
126,125,127,130,"null","null","null",4,20.667553,0.65809214,-2.7521296,0.583104,-3.6250987,-16731116
127,126,128,129,"null","null","null",2,20.667553,1.0880178,-2.136557,0.46288466,-3.8261664,-16731116
130,126,131,132,"null","null","null",2,20.667553,0.86650634,-3.4392223,2.419889,-0.38339502,-16731116
134,124,135,136,"null","null","null",2,20.667553,2.361209,-0.41842067,3.6646867,-0.7950958,-16731116
139,1,140,156,"null","null","null",306,62.6,0.401482,-3.4755566,1.7338068,-2.6926036,-16731116
140,139,141,151,"RANIDAE","null","null",293,39.8,0.8108182,-2.8263783,0.41482085,-3.5241616,-16731116
141,140,-268355584,142,"null","null","null",290,39.727886,2.3728087,-1.9868102,0.50423664,-3.5213075,-16731116
142,141,143,150,"null","null","null",5,11.277057,0.44286472,-3.4099588,1.8611706,-2.7339203,-16731116
143,142,144,147,"null","null","null",4,9.713528,0.66192484,-2.745932,0.49051046,-3.6840568,-16731116
144,143,145,146,"null","null","null",2,9.713528,1.2662363,-2.0763676,0.48397315,-3.8140664,-16731116
147,143,148,149,"null","null","null",2,9.713528,0.84492064,-3.5245004,2.3807096,-0.39556143,-16731116
151,140,152,155,"null","null","null",3,7.6977887,0.82108605,-3.7909274,2.3745222,-0.47381002,-16731116
152,151,153,154,"null","null","null",2,7.6977887,0.5419738,-3.7111793,1.8611706,-1.7914329,-16731116
156,139,157,180,"NYCTIBATRACHIDAE","null","null",13,52.0,1.600195,-2.8828256,3.3743343,-0.31738296,-11184866
157,156,158,177,"null","null","null",12,50.37727,0.29948863,-3.5592184,2.7051501,-1.0522709,-11184866
158,157,159,170,"null","null","null",10,50.37727,0.5419736,-3.4099586,1.7062007,-2.5434332,-11184866
159,158,160,167,"null","null","null",6,50.37727,0.7291206,-2.745932,0.49051154,-3.4364252,-11184866
160,159,161,166,"null","null","null",4,50.37727,2.330564,-2.0763686,0.48397285,-3.4921465,-12486656
161,160,162,165,"null","null","null",3,50.37727,3.4735072,-1.0892061,0.64591223,-2.90701,-11184866
162,161,163,164,"null","null","null",2,50.37727,3.8167195,-0.41856924,0.7310606,-2.2381625,-11184866
167,159,168,169,"null","null","null",2,50.37727,0.844921,-3.524499,2.3807096,-0.39556128,-8572416
170,158,171,174,"null","null","null",4,50.37727,1.6749431,-2.7746146,3.1313152,-0.35959932,-11184866
171,170,172,173,"null","null","null",2,50.37727,0.52728903,-3.5244977,2.3807096,-0.665,-8572416
174,170,175,176,"null","null","null",2,50.37727,3.4248743,-0.27500018,2.4441504,-1.5045869,-11184866
177,157,178,179,"null","null","null",2,50.37727,2.3408222,-0.4290232,3.7190425,-0.7670536,-8572416
181,0,-268327936,182,"DICROGLOSSIDAE","null","null",153,58.300003,0.7950963,-3.590428,2.6075602,-1.211824,-16731116
182,181,183,206,"null","null","null",22,35.777145,2.4557261,-1.4749813,3.6141286,-0.737069,-16731116
183,182,184,201,"null","null","null",12,28.76145,1.433388,-2.844088,3.282636,-0.59051675,-16731116
184,183,185,194,"null","null","null",9,28.76145,0.29948846,-3.5088606,2.5859418,-1.1987982,-16731116
185,184,186,191,"null","null","null",5,28.76145,0.5419736,-3.3444936,1.9094207,-2.7339187,-16731116
186,185,187,190,"null","null","null",3,28.76145,0.6619248,-2.6608276,0.7546971,-3.6840563,-16731116
187,186,188,189,"null","null","null",2,28.76145,1.2662337,-2.0763686,0.48397285,-3.8140674,-16731116
191,185,192,193,"null","null","null",2,28.76145,1.6917332,-2.1267962,3.58856,-0.35959932,-16731116
194,184,195,200,"null","null","null",4,28.76145,2.3408222,-1.354566,3.4508235,-0.7670536,-16731116
195,194,196,199,"null","null","null",3,28.76145,1.6917341,-2.774614,3.1313152,-0.5755003,-16731116
196,195,197,198,"null","null","null",2,28.76145,0.52728903,-3.5244977,2.3807096,-0.665,-16731116
201,183,202,205,"null","null","null",3,28.76145,3.0657144,-0.28912795,3.1667354,-1.4052866,-12486656
202,201,203,204,"null","null","null",2,28.76145,2.3408222,-0.658092,3.7190423,-0.34807882,-12486656
206,182,207,220,"null","null","null",10,26.651176,3.5280135,-0.6717548,1.7316377,-2.3703663,-12486656
207,206,208,217,"null","null","null",7,26.651176,3.0657144,-0.61675966,2.9929967,-1.2878811,-11184866
208,207,209,216,"null","null","null",5,26.651176,2.3408222,-1.4981369,3.4931822,-0.34807882,-11184866
209,208,210,215,"null","null","null",4,26.651176,1.6917348,-2.961257,3.1863818,-0.5755002,-11184866
210,209,211,214,"null","null","null",3,26.651176,0.52729076,-3.7671342,2.4522963,-0.665,-11184866
211,210,212,213,"null","null","null",2,26.651176,0.5235953,-3.756461,1.9384048,-1.6186329,-11184866
217,207,218,219,"null","null","null",2,26.651176,2.8755558,-1.197187,0.31716084,-3.1081624,-11184866
220,206,221,224,"null","null","null",3,26.651176,1.7924097,-2.136559,0.6001835,-3.6229653,-16731116
221,220,222,223,"null","null","null",2,26.651176,2.8755558,-1.197187,0.6376129,-3.1081624,-16731116
