index,parent,child1,child2,name1,name2,common,richness,lengthbr,hxmax,hxmin,hymax,hymin,color
0,-268294140,1,170,"null","null","null",111,45.3,3.0869699,-0.637613,3.2778964,-1.003265,-16731116
1,0,2,143,"null","null","null",85,21.8,2.43127,-1.66522,3.660562,-0.39551717,-16731116
2,1,3,142,"null","null","null",71,18.9,1.5045848,-3.0006738,3.2876096,-0.6042883,-16731116
3,2,4,85,"","null","Spiny Rats, Tree Rats and more",70,18.2,0.32388073,-3.60721,2.6075592,-1.1974847,-16731116
4,3,5,80,"null","null","null",41,18.2,0.5592984,-3.4009383,1.6207696,-2.653472,-16731116
5,4,6,57,"null","null","null",38,18.2,0.8246769,-2.7293744,0.57825905,-3.473288,-16731116
6,5,7,56,"null","null","null",26,18.2,2.3908234,-2.0102282,0.5042372,-3.4551697,-16731116
7,6,8,55,"null","null","null",25,18.199999,3.448443,-0.9791728,0.65274775,-2.8342974,-16731116
8,7,9,54,"null","null","null",24,18.199999,3.6887553,-0.44105512,1.993161,-2.1905584,-16731116
9,8,10,39,"null","null","null",23,14.9,3.2310948,-0.6278832,3.236022,-1.1927527,-16731116
10,9,11,36,"null","null","null",15,11.2,2.5840368,-1.5047891,3.7066278,-0.37199056,-12486656
11,10,12,31,"null","null","null",13,11.2,1.4333814,-2.882833,3.4028811,-0.59051764,-12486656
12,11,13,26,"null","null","null",10,11.2,0.29949006,-3.559222,2.7422612,-1.0796676,-16731116
13,12,14,23,"null","null","null",7,11.2,0.5419747,-3.4099584,1.9094133,-2.5790436,-16731116
14,13,15,20,"null","null","null",5,11.2,0.66192496,-2.7459316,0.49050635,-3.482712,-16731116
15,14,16,19,"null","null","null",3,11.200001,1.9703138,-2.0763643,0.48397422,-3.5523138,-16731116
16,15,17,18,"null","null","null",2,3.1,3.005175,-1.0891994,0.64591277,-2.9852262,-16731116
20,14,21,22,"null","null","null",2,11.2,0.84491944,-3.5245032,2.3807092,-0.39556205,-16731116
23,13,24,25,"null","null","null",2,11.2,1.6917281,-2.1268067,3.5885556,-0.35959655,-16731116
26,12,27,30,"null","null","null",3,11.2,2.3408208,-0.85625637,3.8025498,-0.7670516,-11184866
27,26,28,29,"null","null","null",2,11.2,1.6917281,-2.1268067,3.5885556,-0.5755012,-8572416
31,11,32,35,"null","null","null",3,11.2,3.065712,-0.2891289,3.1667423,-1.4052806,-8572416
32,31,33,34,"null","null","null",2,11.2,2.3408208,-0.6580918,3.7190452,-0.34808022,-8572416
36,10,37,38,"null","null","null",2,11.2,3.8167202,-0.67175275,0.73106515,-2.238161,-8572416
39,9,40,49,"null","null","null",8,14.9,3.2514277,-0.92879295,0.3309561,-3.0781724,-16731116
40,39,41,46,"null","null","null",5,14.9,3.5280137,-0.4185698,1.8652921,-2.4606745,-16731116
41,40,42,45,"Diplomys","null","null",3,5.4,3.065712,-0.6167603,3.1667423,-1.4052806,-16731116
42,41,43,44,"null","null","null",2,5.4,2.3408208,-0.6580918,3.7190452,-0.34808022,-16777216
46,40,47,48,"null","null","null",2,3.4,1.0880196,-2.1365566,0.6001816,-3.8261666,-16731116
49,39,50,53,"Isothrix","null","Brush-tailed Rats",3,4.6,0.35782874,-2.752129,0.90259826,-3.6250997,-16731116
50,49,51,52,"null","null","null",2,3.1,1.0880196,-2.1365566,0.4628849,-3.8261666,-16731116
57,5,58,75,"null","null","null",12,18.2,0.82108533,-3.572671,2.7422624,-1.0522765,-16731116
58,57,59,72,"null","null","null",9,18.2,0.5419743,-3.427444,1.9094158,-2.5434372,-16731116
59,58,60,71,"null","null","null",7,18.2,0.7291248,-2.768663,0.7546941,-3.4364262,-16731116
60,59,61,68,"null","null","null",6,18.2,2.3305678,-2.216556,0.48397338,-3.4921455,-16731116
61,60,62,65,"null","null","null",4,4.1,3.4735096,-0.8706895,0.6459124,-2.9070082,-16731116
62,61,63,64,"null","null","null",2,4.1,3.8167202,-0.4185698,0.73106515,-2.238161,-16731116
65,61,66,67,"null","null","null",2,4.1,0.35782874,-2.7162147,0.90259826,-3.23998,-16731116
68,60,69,70,"null","null","null",2,18.2,0.48358452,-3.7564592,1.9384005,-1.6186413,-16731116
72,58,73,74,"Thrichomys","null","null",2,3.7,1.691729,-2.1268048,3.5885563,-0.35959762,-16731116
75,57,76,79,"null","null","null",3,5.9,2.3408213,-0.8562542,3.8025498,-0.76705235,-16731116
76,75,77,78,"null","null","null",2,5.9,1.691729,-2.1268048,3.5885563,-0.5755011,-16731116
80,4,81,84,"null","null","null",3,18.2,1.6001918,-2.9140103,3.1200051,-0.3173819,-11513776
81,80,82,83,"null","null","null",2,18.2,0.4136008,-3.5997553,2.3745222,-0.66423035,-11513776
85,3,86,131,"null","null","null",29,18.2,2.4557242,-1.512744,3.6141293,-0.7370682,-16731116
86,85,87,118,"null","null","null",23,18.2,1.4333838,-2.8931763,3.2826347,-0.5905173,-16731116
87,86,88,109,"null","null","null",16,18.2,0.39173377,-3.572671,2.5859406,-1.0522765,-16731116
88,87,89,100,"null","null","null",11,18.2,0.5419743,-3.427444,1.7306687,-2.5434372,-16731116
89,88,90,99,"null","null","null",6,18.2,0.7291248,-2.768663,0.7546941,-3.4364262,-16731116
90,89,91,96,"null","null","null",5,18.2,2.3305678,-2.216556,0.48397338,-3.4921455,-16731116
91,90,92,95,"null","null","null",3,18.2,3.4735096,-1.0892038,0.6459124,-2.9070082,-16731116
92,91,93,94,"null","null","null",2,18.2,3.8167202,-0.4185698,0.73106515,-2.238161,-16731116
96,90,97,98,"null","null","null",2,18.2,0.48358452,-3.7564592,1.9384005,-1.6186413,-16731116
100,88,101,106,"null","null","null",5,18.2,1.6749367,-2.9612634,3.1863751,-0.35959762,-12486656
101,100,102,105,"null","null","null",3,18.2,0.52728236,-3.7671359,2.4522882,-0.665,-11184866
102,101,103,104,"null","null","null",2,18.2,0.5235966,-3.7564578,1.9383993,-1.6186452,-11184866
106,100,107,108,"null","null","null",2,18.2,3.4248686,-0.27500087,2.4441597,-1.5045813,-16731116
109,87,110,115,"null","null","null",5,18.2,2.6331258,-1.354575,3.4508257,-0.76705235,-16731116
110,109,111,114,"null","null","null",3,18.2,1.691729,-2.774622,3.131315,-0.5755011,-16731116
111,110,112,113,"null","null","null",2,18.2,0.52728236,-3.524502,2.38071,-0.665,-16731116
115,109,116,117,"null","null","null",2,18.2,3.7952113,-0.7052593,0.55373704,-2.2791758,-16731116
118,86,119,130,"null","null","null",7,18.2,3.0657125,-0.28912854,2.9929988,-1.4052815,-16731116
119,118,120,129,"","null","Bamboo Rats and Olalla Rats",6,10.8,2.3408213,-1.4981455,3.4931798,-0.34807998,-16731116
120,119,121,126,"null","null","null",5,10.8,1.6749367,-2.9612634,3.1863751,-0.5755011,-16731116
121,120,122,125,"Dactylomys","null","null",3,3.3,0.52728236,-3.7671359,2.4522882,-0.665,-16731116
122,121,123,124,"null","null","null",2,3.3,0.5235966,-3.7564578,1.9383993,-1.6186452,-16731116
126,120,127,128,"Olallamys","null","null",2,3.7,3.4248686,-0.27500087,2.4441597,-1.5045813,-11513776
131,85,132,139,"null","null","null",6,18.2,3.5280137,-0.67175364,1.9147013,-2.4606752,-16731116
132,131,133,138,"null","null","null",4,18.2,3.0657125,-0.6167602,3.2309756,-1.4052815,-16731116
133,132,134,137,"null","null","null",3,18.2,2.3408213,-0.8562542,3.8025498,-0.34807998,-12486656
134,133,135,136,"Clyomys","null","null",2,3.7,1.691729,-2.1268048,3.5885563,-0.5755011,-16731116
139,131,140,141,"null","null","null",2,18.2,1.0880204,-2.1365561,0.60018194,-3.8261666,-16731116
143,1,144,169,"Capromyidae","null","Hutias",14,19.7,3.6128302,-0.63668215,1.9801625,-2.1905596,-11184866
144,143,145,168,"null","null","null",13,19.7,3.1323936,-0.62788296,3.2191267,-1.3026809,-11184866
145,144,146,161,"null","null","null",12,18.0,2.4557242,-1.6418905,3.6846669,-0.37198997,-11184866
146,145,147,154,"null","null","null",8,14.4,1.4333838,-3.0610669,3.3743334,-0.5905173,-11184866
147,146,148,151,"null","null","null",4,8.9,0.29948944,-3.7909288,2.7051492,-0.66423035,-8572416
148,147,149,150,"null","null","null",2,8.9,0.5419743,-3.711179,1.8611686,-1.7914356,-11184866
151,147,152,153,"null","null","null",2,8.9,2.3408213,-0.42902362,3.719045,-0.76705235,-3014646
154,146,155,158,"null","null","null",4,8.9,3.0657125,-0.28912854,3.1667411,-1.2878737,-12486656
155,154,156,157,"Geocapromys","null","null",2,3.4,2.3408213,-0.6580918,3.719045,-0.34807998,-11184866
158,154,159,160,"Capromys","null","null",2,3.4,2.8755636,-1.1971806,0.31716153,-3.1081548,-16731116
161,145,162,167,"null","null","null",4,9.6,3.5280137,-0.67175364,1.8652903,-2.2381618,-8572416
162,161,163,166,"null","null","null",3,9.6,3.0657125,-0.6167602,3.1667411,-1.4052815,-8572416
163,162,164,165,"null","null","null",2,9.6,2.3408213,-0.6580918,3.719045,-0.34807998,-8572416
170,0,171,198,"null","null","null",26,45.300003,3.4309158,-0.91696286,0.38394403,-2.8342993,-16731116
171,170,172,197,"Bathyergidae","null","Mole Rats",14,32.9,3.6659727,-0.44105458,1.9931568,-2.1905596,-16731116
172,171,173,196,"null","null","null",13,23.7,3.201479,-0.62788296,3.2360194,-1.3026809,-16731116
173,172,174,191,"null","null","null",12,16.1,2.545535,-1.4436002,3.7066274,-0.37198997,-16731116
174,173,175,186,"Cryptomys","null","null",9,12.8,1.4333838,-2.8032897,3.402882,-0.5905173,-16731116
175,174,176,181,"null","null","null",6,12.8,0.29948944,-3.4558184,2.7422624,-0.9977391,-16731116
176,175,177,180,"null","null","null",3,12.8,0.5419743,-3.2755356,1.8611686,-2.4725387,-16731116
177,176,178,179,"null","null","null",2,12.8,0.6619249,-2.571182,0.7546941,-3.3442578,-16731116
181,175,182,185,"null","null","null",3,8.6,2.3408213,-0.8562542,3.8025498,-0.76705235,-16731116
182,181,183,184,"null","null","null",2,8.6,1.691729,-2.1268048,3.5885563,-0.5755011,-16731116
186,174,187,190,"null","null","null",3,12.8,3.0657125,-0.28912854,3.1667411,-1.4052815,-16731116
187,186,188,189,"null","null","null",2,12.8,2.3408213,-0.6580918,3.719045,-0.34807998,-16731116
191,173,192,195,"null","null","null",3,13.2,3.7300882,-0.67175364,1.4251064,-2.2381618,-16731116
192,191,193,194,"Bathyergus","null","null",2,3.8,3.3284092,-0.6167602,2.5945022,-1.4052815,-16731116
198,170,199,220,"","null","Guinea Pigs and Cavys",12,35.6,0.5977137,-2.6608262,0.8857578,-3.4965982,-16731116
199,198,200,219,"null","null","null",11,15.3,2.1597342,-2.0763676,0.48397315,-3.5703707,-16731116
200,199,201,212,"null","null","null",10,15.3,3.251427,-0.886652,0.64591235,-3.0087013,-16731116
201,200,202,207,"null","null","null",6,15.3,3.5280137,-0.41856956,1.8652903,-2.3703616,-16731116
202,201,203,206,"Microcavia","null","null",3,10.4,3.0657125,-0.6167602,3.1667411,-1.4052815,-16731116
203,202,204,205,"null","null","null",2,10.4,2.3408213,-0.6580918,3.719045,-0.34807998,-16731116
207,201,208,211,"null","null","null",3,15.3,1.7924193,-2.1365561,0.60018194,-3.6229608,-16731116
208,207,209,210,"null","null","null",2,15.3,2.8755636,-1.1971806,0.63761336,-3.1081548,-16731116
212,200,213,218,"null","null","null",4,15.3,0.3578286,-2.7521284,0.9025985,-3.468788,-16731116
213,212,214,217,"Galea","null","null",3,3.8,1.7924193,-2.1365561,0.46288502,-3.6229608,-16731116
214,213,215,216,"null","null","null",2,3.8,2.8755636,-1.1971806,0.63761336,-3.1081548,-16731116
