index,parent,child1,child2,name1,name2,common,richness,lengthbr,hxmax,hxmin,hymax,hymin,color
0,-268171256,1,80,"","null","Langurs, Surilis and more",42,9.1,0.5592977,-3.3791242,1.7948618,-2.6926024,-11184866
1,0,2,69,"null","null","null",40,8.9,0.79011226,-2.701016,0.5617677,-3.5241618,-11184866
2,1,3,68,"null","null","null",34,6.5,2.345892,-2.010231,0.50423634,-3.521309,-11184866
3,2,4,53,"null","null","null",33,6.5,3.3900363,-0.81524134,0.6527475,-2.9202788,-11184866
4,3,5,32,"null","null","null",25,6.5,3.6128306,-0.44105422,1.8643985,-2.3023322,-11184866
5,4,6,31,"null","null","null",14,3.3,3.1323948,-0.6278828,3.0686347,-1.3026825,-11184866
6,5,7,24,"null","null","null",13,3.3,2.4557252,-1.474984,3.489029,-0.3719896,-11184866
7,6,8,19,"null","null","null",9,3.3,1.4333854,-2.84409,3.1200051,-0.59051704,-11184866
8,7,9,18,"null","null","null",6,3.3,0.4136026,-3.5088603,2.3745222,-1.0796628,-11184866
9,8,10,17,"null","null","null",5,3.2,0.541974,-3.3444915,1.8611698,-2.5790405,-8572416
10,9,11,16,"null","null","null",4,3.2,0.66192484,-2.660825,0.7546941,-3.482712,-8572416
11,10,12,15,"null","null","null",3,3.2,1.9703064,-2.076367,0.48397338,-3.5523171,-11184866
12,11,13,14,"null","null","null",2,3.2,3.0051699,-1.0892038,0.6459124,-2.9852314,-8572416
19,7,20,23,"null","null","null",3,0.8,3.0657134,-0.2891283,3.1667395,-1.405283,-11184866
20,19,21,22,"null","null","null",2,0.6,2.3408217,-0.6580919,3.7190442,-0.34807962,-11184866
24,6,25,30,"null","null","null",4,3.3,3.5280137,-0.6717541,1.8652878,-2.2381625,-11184866
25,24,26,29,"null","null","null",3,2.2,3.0657134,-0.61676,3.1667395,-1.405283,-11184866
26,25,27,28,"null","null","null",2,2.2,2.3408217,-0.6580919,3.7190442,-0.34807962,-11184866
32,4,33,44,"Presbytis","null","null",11,6.0,2.159732,-2.0607486,0.56240034,-3.6238112,-11184866
33,32,34,43,"null","null","null",6,6.0,3.2514257,-1.0892061,0.64591223,-3.0781746,-11184866
34,33,35,40,"null","null","null",5,6.0,3.5280137,-0.41856924,1.8652878,-2.4606762,-11184866
35,34,36,39,"null","null","null",3,2.5,3.0657134,-0.61676,3.1667395,-1.405283,-11184866
36,35,37,38,"null","null","null",2,2.5,2.3408217,-0.6580919,3.7190442,-0.34807962,-11184866
40,34,41,42,"null","null","null",2,6.0,1.0880178,-2.136557,0.60018253,-3.8261664,-12486656
44,32,45,52,"","most","Surilis",5,3.7,0.48358554,-3.405888,1.9384025,-2.6072817,-11184866
45,44,46,49,"null","null","null",4,3.0,0.65809214,-2.7521296,0.583104,-3.6250987,-11184866
46,45,47,48,"null","null","null",2,3.0,1.0880178,-2.136557,0.46288466,-3.8261664,-11184866
49,45,50,51,"null","null","null",2,3.0,0.86650634,-3.4392223,2.419889,-0.38339502,-12486656
53,3,54,67,"null","null","null",8,6.5,0.6896894,-2.7686656,0.88575804,-3.4364252,-12486656
54,53,55,64,"Semnopithecus","null","Gray Langurs",7,4.9,2.2793033,-2.216558,0.48397285,-3.4921465,-12486656
55,54,56,61,"null","null","null",5,4.9,3.4068682,-0.87069225,0.64591223,-2.90701,-16731116
56,55,57,60,"null","null","null",3,4.9,3.7300887,-0.41856924,1.4251035,-2.2381625,-16731116
57,56,58,59,"null","null","null",2,4.9,3.3284109,-0.61676,2.5944998,-1.405283,-16731116
61,55,62,63,"null","null","null",2,4.9,0.3578284,-2.716216,0.90259874,-3.2399788,-12486656
64,54,65,66,"null","null","null",2,4.9,0.48358554,-3.7564592,1.9384025,-1.6186383,-11184866
69,1,70,77,"null","null","null",6,8.1,0.8210864,-3.5088606,2.7051501,-1.1987982,-8572416
70,69,71,76,"Rhinopithecus","null","Snub-nosed Monkeys",4,3.6,0.5419736,-3.3444936,1.8611718,-2.7339187,-8572416
71,70,72,75,"null","null","null",3,3.4,0.6619248,-2.6608276,0.7546971,-3.6840563,-8572416
72,71,73,74,"null","null","null",2,3.4,1.2662337,-2.0763686,0.48397285,-3.8140674,-8572416
77,69,78,79,"Pygathrix","null","null",2,2.3,2.3408222,-0.4290232,3.7190425,-0.7670536,-8572416
80,0,81,82,"null","null","null",2,2.8,1.6001966,-2.288043,3.511705,-0.31738362,-8572416
