index,parent,child1,child2,name1,name2,common,richness,lengthbr,hxmax,hxmin,hymax,hymin,color
0,-268203913,1,40,"null","null","null",22,23.0,2.2620795,-2.216556,0.48397338,-3.5424166,-16731116
1,0,2,37,"Apodemus","null","Field Mice",20,16.5,3.3844748,-0.8706895,0.6459124,-2.9723606,-16731116
2,1,3,20,"null","null","null",18,16.5,3.700975,-0.4185698,1.7316434,-2.3231192,-16731116
3,2,4,17,"null","null","null",9,16.5,3.2905617,-0.6167603,2.9929993,-1.2878731,-16731116
4,3,5,14,"null","null","null",7,11.2,2.6331253,-1.4981474,3.4931793,-0.34808022,-16731116
5,4,6,11,"null","null","null",5,11.2,1.6749359,-2.9612648,3.1863742,-0.5755012,-16731116
6,5,7,10,"null","null","null",3,11.2,0.5272817,-3.7671363,2.4522867,-0.665,-16731116
7,6,8,9,"null","null","null",2,11.2,0.5235968,-3.7564573,1.9383985,-1.6186471,-16731116
11,5,12,13,"null","null","null",2,11.2,3.4248688,-0.27500102,2.444159,-1.5045819,-12486656
14,4,15,16,"null","null","null",2,11.2,3.795211,-0.705259,0.5537361,-2.2791758,-16731116
17,3,18,19,"null","null","null",2,3.0,2.8755634,-1.1971815,0.31716168,-3.1081553,-16731116
20,2,21,30,"null","null","null",9,4.8,2.0156536,-2.156239,0.6001816,-3.5166674,-16731116
21,20,22,29,"null","null","null",5,4.8,3.1657686,-1.1971815,0.6376133,-2.9699733,-16731116
22,21,23,28,"null","null","null",4,4.8,3.514793,-0.3955179,1.6992358,-2.2791758,-16731116
23,22,24,27,"null","null","null",3,4.8,3.0981078,-0.6042887,3.0448914,-1.5045819,-16731116
24,23,25,26,"null","null","null",2,4.8,2.3612075,-0.66192454,3.6646893,-0.32388148,-16731116
30,20,31,36,"null","null","null",4,4.8,0.5234822,-3.4551706,2.010228,-2.4726558,-16731116
31,30,32,35,"null","null","null",3,4.8,0.65274775,-2.8342981,0.9791734,-3.5548244,-16731116
32,31,33,34,"null","null","null",2,4.8,0.9093931,-2.1905591,0.4410549,-3.827052,-16731116
37,1,38,39,"","null","Broad-toothed Field Mice",2,4.3,0.35782874,-2.7162147,0.90259826,-3.23998,-16731116
40,0,41,42,"Tokudaia","some","Spiny Rats",2,4.8,0.48358452,-3.7564592,1.9384005,-1.6186413,-8572416
