index,parent,child1,child2,name1,name2,common,richness,lengthbr,hxmax,hxmin,hymax,hymin
0,-268252157,1,196,"null","null","null",105,80.8,2.9723682,-0.6459119,3.3277416,-0.939591
1,0,2,171,"null","null","null",98,48.1,2.3231258,-1.8280945,3.6272297,-0.41856802
2,1,3,126,"null","null","null",85,48.0,1.2890222,-3.118394,3.1946974,-0.6167593
3,2,4,119,"null","null","null",62,48.0,0.34807813,-3.6562014,2.5084994,-1.343868
4,3,5,88,"null","null","null",58,48.0,0.5754999,-3.3983083,1.529717,-2.760709
5,4,6,85,"null","null","null",42,47.800003,0.9701148,-2.7278008,0.33849317,-3.5064232
6,5,7,80,"null","null","null",40,35.800003,2.5107298,-1.7993909,0.5235952,-3.4175372
7,6,8,71,"null","null","null",37,35.800003,3.499585,-0.64571226,0.658092,-2.767274
8,7,9,46,"null","null","null",32,35.800003,3.6630013,-0.4628839,2.1293209,-2.1562426
9,8,10,43,"","null","Fringe-toed Lizards",19,18.2,3.1602092,-0.6376129,3.3135407,-1.0122075
10,9,11,40,"null","null","null",17,18.2,2.5264807,-1.6061778,3.7069013,-0.3955168
11,10,12,25,"null","null","null",15,18.2,1.3321702,-2.9239202,3.3478513,-0.6042881
12,11,13,20,"null","null","null",7,18.2,0.32388037,-3.5074317,2.685873,-1.3502498
13,12,14,19,"null","null","null",4,18.2,0.55929816,-3.2712276,1.7788392,-2.8520675
14,13,15,18,"null","null","null",3,6.8,0.66423047,-2.5607505,0.64113533,-3.731464
15,14,16,17,"null","null","null",2,3.1,1.4433398,-2.0102303,0.5042366,-3.7908006
20,12,21,24,"null","null","null",3,16.0,2.3134422,-1.0472604,3.790334,-0.73706865
21,20,22,23,"null","null","null",2,7.6,1.6001931,-2.2880492,3.5117016,-0.59051704
25,11,26,37,"null","null","null",8,7.8999996,3.0229464,-0.30320022,3.2191253,-1.1514504
26,25,27,36,"null","null","null",6,7.7,2.3134422,-1.6418878,3.6846666,-0.3719896
27,26,28,35,"null","null","null",5,4.9,1.6001931,-3.061065,3.374334,-0.59051704
28,27,29,32,"null","null","null",4,4.8,0.29948908,-3.7909276,2.7051497,-0.66423035
29,28,30,31,"null","null","null",2,2.7,0.541974,-3.7111788,1.8611698,-1.7914344
32,28,33,34,"null","null","null",2,2.2,2.3408217,-0.42902347,3.7190442,-0.76705277
37,25,38,39,"null","null","null",2,4.8,3.005167,-1.0892061,0.33095554,-2.9852347
40,10,41,42,"null","null","null",2,18.2,3.827052,-0.6366827,0.9093875,-2.1905606
43,9,44,45,"null","null","null",2,18.2,3.126798,-0.9791769,0.3445289,-2.8544173
46,8,47,70,"null","null","null",13,35.8,2.2960746,-2.010231,0.523484,-3.4551716
47,46,48,63,"null","null","null",12,35.8,3.325274,-0.7673135,0.6527475,-2.8343005
48,47,49,62,"null","null","null",8,35.8,3.5286398,-0.44105422,1.8643985,-2.1905606
49,48,50,61,"null","null","null",7,15.9,3.0229464,-0.6278828,3.0686347,-1.3026825
50,49,51,60,"null","null","null",6,14.499999,2.3134422,-1.6418878,3.489029,-0.3719896
51,50,52,57,"null","null","null",5,14.299999,1.5501398,-3.061065,3.1200051,-0.59051704
52,51,53,56,"null","null","null",3,10.7,0.4136026,-3.7909276,2.3745222,-0.66423035
53,52,54,55,"null","null","null",2,8.6,0.541974,-3.7111788,1.8611698,-1.7914344
57,51,58,59,"null","null","null",2,13.4,3.3284109,-0.2891283,2.5944998,-1.405283
63,47,64,69,"null","null","null",4,21.5,0.45199633,-2.6608276,0.88575804,-3.4827118
64,63,65,68,"null","null","null",3,21.5,1.9703023,-2.0763686,0.48397285,-3.552319
65,64,66,67,"null","null","null",2,21.5,3.005167,-1.0892061,0.64591223,-2.9852347
71,7,72,79,"null","null","null",5,27.099998,0.88761854,-2.5607514,0.86650705,-3.4732869
72,71,73,78,"null","null","null",4,26.8,2.47265,-2.010231,0.50423634,-3.4551716
73,72,74,77,"null","null","null",3,17.0,3.554822,-0.9791769,0.6527475,-2.8343005
74,73,75,76,"null","null","null",2,11.3,3.827052,-0.44105422,0.9093875,-2.1905606
80,6,81,84,"","null","Wall Lizards",3,12.4,0.40148264,-3.1628768,1.7788414,-2.6272619
81,80,82,83,"null","null","null",2,12.4,0.66423047,-2.4198945,0.6411365,-3.4392192
85,5,86,87,"null","null","null",2,36.5,0.79509676,-3.6646852,2.3612092,-0.4184203
88,4,89,118,"null","null","null",16,47.8,1.5045897,-2.97703,3.0981104,-0.27500063
89,88,90,117,"null","null","null",15,47.8,0.32387957,-3.576478,2.3612094,-1.197477
90,89,91,110,"null","null","null",14,44.9,0.55929744,-3.3609905,1.6207746,-2.6534662
91,90,92,101,"null","null","null",10,44.9,0.8217292,-2.6774426,0.41482306,-3.4732866
92,91,93,100,"null","null","null",5,44.9,2.386995,-2.010232,0.50423604,-3.4551725
93,92,94,99,"null","null","null",4,44.9,3.4434721,-0.9791784,0.6527474,-2.834302
94,93,95,98,"null","null","null",3,44.9,3.6822987,-0.4410539,1.6104374,-2.1905615
95,94,96,97,"null","null","null",2,44.9,3.2227035,-0.6278826,2.738487,-1.302684
101,91,102,109,"null","null","null",5,44.9,0.82108676,-3.4558187,2.3745224,-0.9977297
102,101,103,106,"null","null","null",4,44.9,0.5419733,-3.2755399,1.9094224,-2.4725308
103,102,104,105,"null","null","null",2,44.9,0.6619247,-2.571188,0.7546987,-3.3442535
106,102,107,108,"null","null","null",2,44.9,1.6917348,-2.126794,3.5885613,-0.35959995
110,90,111,116,"null","null","null",4,44.9,1.6001978,-3.06106,3.120006,-0.31738424
111,110,112,115,"null","null","null",3,44.9,0.4136094,-3.7909265,2.3745227,-0.66423047
112,111,113,114,"null","null","null",2,44.9,0.541973,-3.7111814,1.8611743,-1.7914251
119,3,120,125,"","null","Wall Lizards",4,24.5,2.2791789,-1.6992218,3.514792,-0.7052618
120,119,121,124,"null","null","null",3,24.5,1.5045903,-3.0448804,3.0981107,-0.6042876
121,120,122,123,"null","null","null",2,24.5,0.3238794,-3.6646843,2.3612094,-0.66192484
126,2,127,164,"null","null","null",23,48.0,3.1107247,-0.3171605,3.3079295,-1.0032711
127,126,128,159,"null","null","null",19,47.8,2.4621496,-1.669425,3.69961,-0.39551604
128,127,129,152,"null","null","null",16,47.800003,1.3321753,-3.0061452,3.3383746,-0.6042875
129,128,130,149,"null","null","null",12,47.800003,0.32387918,-3.6143293,2.6735528,-1.1974748
130,129,131,146,"null","null","null",10,30.699999,0.5592972,-3.4101985,1.7948654,-2.6534648
131,130,132,143,"","null","Grass Lizards",8,19.3,0.7517865,-2.7414126,0.41482425,-3.4732862
132,131,133,142,"null","null","null",6,19.3,2.2960706,-2.010233,0.50423574,-3.455173
133,132,134,141,"null","null","null",5,19.3,3.3252718,-0.9791801,0.6527473,-2.834303
134,133,135,140,"null","null","null",4,19.3,3.5286398,-0.44105357,2.0262752,-2.190562
135,134,136,139,"null","null","null",3,19.3,3.0229478,-0.6278824,3.2790775,-1.3026856
136,135,137,138,"null","null","null",2,19.3,2.3134432,-0.6527475,3.7626076,-0.37198886
143,131,144,145,"null","null","null",2,19.3,0.8210871,-3.5997503,2.3745227,-0.4072514
146,130,147,148,"null","null","null",2,9.4,1.6001993,-2.2880385,3.5117075,-0.3173849
149,129,150,151,"null","null","null",2,36.9,2.313444,-0.4390176,3.7626064,-0.7370704
152,128,153,158,"null","null","null",4,38.9,3.0229487,-0.30319953,3.300405,-1.3026884
153,152,154,157,"null","null","null",3,33.4,2.313444,-1.0472472,3.790336,-0.37198827
154,153,155,156,"null","null","null",2,21.9,1.6002,-2.2880378,3.5117078,-0.5905161
159,127,160,163,"null","null","null",3,47.8,3.6823015,-0.6366841,1.6104301,-2.190563
160,159,161,162,"null","null","null",2,10.2,3.2227087,-0.62788224,2.7384808,-1.3026884
164,126,165,170,"null","null","null",4,14.1,3.4434726,-0.9791815,0.3445285,-2.834304
165,164,166,169,"null","null","null",3,14.1,3.6823015,-0.44105333,1.6104301,-2.190563
166,165,167,168,"null","null","null",2,14.1,3.2227087,-0.62788224,2.7384808,-1.3026884
171,1,172,195,"","null","Wall Lizards and more",13,18.8,3.5166693,-0.6001848,2.1250017,-2.136561
172,171,173,192,"null","null","null",12,18.8,2.9699788,-0.6376126,3.307929,-1.0122141
173,172,174,191,"null","null","null",10,18.8,2.2791796,-1.6359198,3.6996102,-0.39551586
174,173,175,190,"null","null","null",9,18.8,1.5045918,-2.9625895,3.338375,-0.60428745
175,174,176,187,"null","null","null",8,15.8,0.323879,-3.5577078,2.6735528,-1.2045189
176,175,177,186,"null","null","null",6,14.7,0.5592972,-3.3365903,1.7788439,-2.662622
177,176,178,185,"null","null","null",5,13.4,0.66423035,-2.645722,0.64114,-3.4851906
178,177,179,182,"null","null","null",4,11.9,2.1433957,-2.1206903,0.50423574,-3.4706488
179,178,180,181,"null","null","null",2,11.0,3.1267943,-0.9791801,0.6527473,-2.8544214
182,178,183,184,"null","null","null",2,5.7,0.44286656,-3.7111814,1.8611743,-1.7914251
187,175,188,189,"null","null","null",2,15.6,2.313444,-0.4390176,3.7626064,-0.7370704
192,172,193,194,"null","null","null",2,18.8,3.126792,-0.97918236,0.34452838,-2.8544245
196,0,197,204,"null","null","null",7,52.300003,3.38702,-0.9025996,0.56950295,-2.8712287
197,196,198,203,"null","null","null",4,35.7,3.5166693,-0.46288335,2.1815689,-2.136561
198,197,199,202,"null","null","null",3,35.7,2.9699788,-0.6376126,3.3814664,-1.1971906
199,198,200,201,"null","null","null",2,31.3,2.2791796,-0.6459123,3.7952087,-0.39551586
204,196,205,208,"","null","Wall Lizards",3,18.1,0.38339424,-2.5607553,0.86650753,-3.7314625
205,204,206,207,"null","null","null",2,18.1,1.44333,-2.0102336,0.5042357,-3.7908027
