index,parent,child1,child2,name1,name2,common,richness,lengthbr,hxmax,hxmin,hymax,hymin,color
0,-268061614,1,170,"null","null","null",87,24.0,2.5264835,-1.6470263,3.6996102,-0.39551586,-12486656
1,0,2,143,"null","null","null",85,22.5,1.3321762,-2.9770277,3.338375,-0.60428745,-12486656
2,1,3,140,"null","null","null",71,21.4,0.323879,-3.5764775,2.6735528,-1.2275785,-12486656
3,2,4,133,"null","null","null",69,21.2,0.5592972,-3.3609912,1.6207758,-2.6925995,-12486656
4,3,5,124,"","null","Flying Foxes",65,12.8,0.7901077,-2.6774433,0.41482425,-3.5241613,-12486656
5,4,6,67,"Pteropus","null","null",60,12.7,2.3458881,-2.0236814,0.50423574,-3.5213108,-12486656
6,5,7,62,"null","null","null",31,12.7,3.3900344,-0.76731706,0.6527473,-2.920282,-12486656
7,6,8,43,"null","null","null",28,12.7,3.612831,-0.44105357,1.864394,-2.3023348,-11184866
8,7,9,34,"null","null","null",18,12.700001,3.1323967,-0.6278824,3.0686321,-1.1166872,-12486656
9,8,10,23,"null","null","null",13,12.7,2.4557266,-1.4435942,3.4890285,-0.37198886,-12486656
10,9,11,18,"null","null","null",7,12.7,1.4333884,-2.8032858,3.1200058,-0.59051657,-11184866
11,10,12,17,"null","null","null",4,5.0,0.41360605,-3.4558184,2.3745227,-0.99773157,-8572416
12,11,13,16,"null","null","null",3,3.8,0.5419735,-3.275539,1.8611722,-2.4725323,-8572416
13,12,14,15,"null","null","null",2,3.8,0.6619248,-2.5711865,0.7546976,-3.3442545,-3014646
18,10,19,22,"null","null","null",3,3.9,3.0657144,-0.2891279,3.166736,-1.4052861,-12486656
19,18,20,21,"null","null","null",2,3.9,2.3408225,-0.658092,3.7190428,-0.34807888,-12486656
23,9,24,31,"null","null","null",6,12.7,3.5280132,-0.6717552,1.865283,-2.4606783,-12486656
24,23,25,28,"null","null","null",4,5.0,3.0657144,-0.61675966,3.166736,-1.28788,-12486656
25,24,26,27,"null","null","null",2,2.4,2.3408225,-0.658092,3.7190428,-0.34807888,-12486656
28,24,29,30,"null","null","null",2,5.0,2.875558,-1.1971854,0.3171609,-3.10816,-12486656
31,23,32,33,"null","null","null",2,2.5,1.0880123,-2.1365585,0.6001837,-3.8261666,-12486656
34,8,35,40,"null","null","null",5,5.8,3.406867,-0.9287938,0.33095512,-2.9070122,-12486656
35,34,36,39,"null","null","null",3,5.8,3.7300901,-0.41856855,1.425098,-2.238164,-12486656
36,35,37,38,"null","null","null",2,5.8,3.328414,-0.61675966,2.5944955,-1.4052861,-11184866
40,34,41,42,"null","null","null",2,5.8,0.35782802,-2.7162204,0.9025992,-3.239976,-11184866
43,7,44,61,"null","null","null",10,12.7,2.1597278,-2.0763705,0.56240153,-3.6238127,-11184866
44,43,45,56,"null","null","null",9,12.700001,3.2514234,-0.8866574,0.645912,-3.0781772,-11184866
45,44,46,53,"null","null","null",6,6.4,3.5280132,-0.41856855,1.865283,-2.4606783,-11184866
46,45,47,50,"null","null","null",4,6.4,3.0657144,-0.61675966,3.166736,-1.28788,-8572416
47,46,48,49,"null","null","null",2,6.4,2.3408225,-0.658092,3.7190428,-0.34807888,-11184866
50,46,51,52,"null","null","null",2,6.4,2.875558,-1.1971854,0.3171609,-3.10816,-3014646
53,45,54,55,"null","null","null",2,6.4,1.0880123,-2.1365585,0.6001837,-3.8261666,-11184866
56,44,57,60,"null","null","null",3,3.9,0.35782802,-2.7521324,0.9025992,-3.6250968,-8572416
57,56,58,59,"null","null","null",2,3.9,1.0880123,-2.1365585,0.462884,-3.8261666,-11184866
62,6,63,66,"null","null","null",3,12.7,0.37080014,-2.6608305,0.88575864,-3.6840544,-12486656
63,62,64,65,"null","null","null",2,12.7,1.2662282,-2.0763705,0.48397225,-3.8140674,-12486656
67,5,68,99,"null","null","null",29,12.7,0.44286656,-3.492911,1.7516563,-2.5434296,-12486656
68,67,69,92,"null","null","null",16,12.7,0.6764333,-2.8537707,0.64477646,-3.4364238,-12486656
69,68,70,91,"null","null","null",12,12.7,2.2620723,-2.0763705,0.48397225,-3.4921474,-12486656
70,69,71,82,"null","null","null",11,12.700001,3.384471,-0.8866574,0.645912,-2.9070122,-12486656
71,70,72,81,"null","null","null",6,6.4,3.7009754,-0.41856855,1.9146957,-2.238164,-12486656
72,71,73,80,"null","null","null",5,5.5,3.290565,-0.61675966,3.2309725,-1.4052861,-11184866
73,72,74,77,"null","null","null",4,5.5,2.633128,-0.8562454,3.8025503,-0.34807888,-11184866
74,73,75,76,"null","null","null",2,5.5,1.691733,-2.1267972,3.5885596,-0.57550037,-11184866
77,73,78,79,"null","null","null",2,5.5,3.7952101,-0.7052609,0.5537288,-2.2791777,-12486656
82,70,83,90,"null","null","null",5,12.700001,0.56950927,-2.7521324,0.9025992,-3.3870215,-12486656
83,82,84,89,"null","null","null",4,12.6,2.1815753,-2.1365585,0.462884,-3.5166683,-12486656
84,83,85,88,"null","null","null",3,12.6,3.381471,-1.1971854,0.63761294,-2.969976,-12486656
85,84,86,87,"null","null","null",2,12.6,3.7952101,-0.39551693,0.64591193,-2.2791777,-12486656
92,68,93,96,"null","null","null",4,12.7,0.8449216,-3.7671342,2.7278006,-0.3955609,-12486656
93,92,94,95,"null","null","null",2,12.7,0.5235953,-3.756461,1.9384048,-1.6186329,-16731116
96,92,97,98,"null","null","null",2,0.2,2.3612094,-0.41842037,3.664685,-0.79509664,-12486656
99,67,100,123,"null","null","null",13,12.7,1.691736,-2.808025,3.2335844,-0.3596006,-12486656
100,99,101,122,"null","null","null",12,12.7,0.5272925,-3.567934,2.5136595,-0.9035073,-12486656
101,100,102,119,"null","null","null",11,12.7,0.523595,-3.4975019,2.018176,-2.4241407,-12486656
102,101,103,114,"null","null","null",9,12.700001,0.658092,-2.8712282,0.6457136,-3.3870203,-12486656
103,102,104,113,"null","null","null",6,12.7,2.1643777,-2.1365595,0.4628837,-3.5166686,-11184866
104,103,105,110,"null","null","null",5,5.8,3.3591156,-1.012209,0.63761276,-2.969977,-11184866
105,104,106,109,"null","null","null",3,3.8,3.7661495,-0.39551657,1.2371237,-2.2791781,-11184866
106,105,107,108,"null","null","null",2,3.8,3.4248743,-0.6042879,2.4441507,-1.5045873,-12486656
110,104,111,112,"null","null","null",2,5.8,0.3445288,-2.8544188,0.97917783,-3.1267967,-11184866
114,102,115,118,"null","null","null",3,12.6,0.8665073,-3.731463,2.5607526,-0.38339445,-12486656
115,114,116,117,"null","null","null",2,4.6,0.5042361,-3.7908013,2.0102317,-1.4433361,-11184866
119,101,120,121,"null","null","null",2,12.7,1.7788428,-1.9610344,3.6551418,-0.40148306,-16731116
124,4,125,132,"Acerodon","null","null",5,6.3,0.8210871,-3.455819,2.3745227,-0.9977267,-11184866
125,124,126,129,"null","null","null",4,6.3,0.541973,-3.2755415,1.9094243,-2.472528,-11184866
126,125,127,128,"null","null","null",2,6.3,0.6619247,-2.5711904,0.7547004,-3.3442519,-11184866
129,125,130,131,"null","null","null",2,6.3,1.691736,-2.1267915,3.5885625,-0.3596006,-12486656
133,3,134,139,"Pteralopex","null","Monkey-faced Bats",4,7.0,1.6001993,-3.0610588,3.120006,-0.3173849,-8572416
134,133,135,138,"null","null","null",3,7.0,0.41361105,-3.7909265,2.3745227,-0.66423047,-8572416
135,134,136,137,"null","null","null",2,7.0,0.54197276,-3.7111826,1.8611755,-1.7914224,-8572416
140,2,141,142,"null","null","null",2,3.5,2.313444,-0.4390176,3.7626064,-0.7370704,-11184866
143,1,144,169,"null","null","null",14,14.4,3.0229492,-0.30319944,3.2360132,-1.3026892,-16731116
144,143,145,168,"Dobsonia","null","Bare-backed Fruit Bats",13,2.1,2.3134441,-1.4749742,3.7066274,-0.3719881,-16731116
145,144,146,167,"null","null","null",12,2.1,1.6002007,-2.8440835,3.4028873,-0.590516,-16731116
146,145,147,162,"null","null","null",11,2.1,0.29948714,-3.5088603,2.742268,-1.0522618,-16731116
147,146,148,159,"null","null","null",8,2.1,0.5419725,-3.3444977,1.9094278,-2.543426,-16731116
148,147,149,158,"null","null","null",6,2.1,0.6896812,-2.6608334,0.75470394,-3.4364223,-16731116
149,148,150,157,"null","null","null",5,1.9,2.2792964,-2.0763726,0.4839716,-3.4921482,-16731116
150,149,151,156,"null","null","null",4,1.9000001,3.4068654,-1.0892128,0.6459118,-2.9070141,-16731116
151,150,152,155,"null","null","null",3,1.9000001,3.730091,-0.41856784,1.4250925,-2.238165,-16731116
152,151,153,154,"null","null","null",2,1.6,3.3284168,-0.6167593,2.5944912,-1.4052893,-16731116
159,147,160,161,"null","null","null",2,2.1,1.6917387,-2.1267867,3.5885649,-0.35960186,-16731116
162,146,163,166,"null","null","null",3,1.9,2.3408237,-0.8562327,3.8025513,-0.76705533,-16731116
163,162,164,165,"null","null","null",2,1.9,1.6917396,-2.126786,3.5885649,-0.57549936,-16731116
170,0,171,172,"Harpyionycteris","null","null",2,3.8,3.8270519,-0.6366844,0.90937686,-2.1905634,-12486656
