index,parent,child1,child2,name1,name2,common,richness,lengthbr,hxmax,hxmin,hymax,hymin,color
0,-268279798,1,74,"null","null","null",42,22.282446,2.4557223,-1.5005829,3.7066278,-0.7370672,-16731116
1,0,2,67,"","null","Imperial Pigeons",37,17.620548,1.4333808,-2.8773644,3.4028807,-0.5905177,-16731116
2,1,3,60,"null","null","null",33,16.128979,0.39173108,-3.5521123,2.742261,-1.0878856,-16731116
3,2,4,47,"null","null","null",29,16.128979,0.54197484,-3.4007156,1.7516425,-2.589727,-16731116
4,3,5,38,"null","null","null",22,14.511547,0.661925,-2.7339156,0.5223193,-3.4965994,-16731116
5,4,6,33,"null","null","null",17,11.8421955,2.1597397,-2.0484648,0.483974,-3.5703683,-16731116
6,5,7,22,"null","null","null",14,10.190462,3.25143,-0.94437456,0.64591265,-3.008697,-16731116
7,6,8,17,"null","null","null",8,8.606116,3.5280137,-0.41857052,1.9147071,-2.370358,-16731116
8,7,9,14,"null","null","null",5,6.892373,3.0657108,-0.6167606,3.230979,-1.2878692,-16731116
9,8,10,13,"null","null","null",3,2.0416577,2.3408198,-0.856262,3.8025498,-0.34808096,-12486656
10,9,11,12,"null","null","null",2,1.7524185,1.6917254,-2.1268115,3.5885534,-0.5755017,-12486656
14,8,15,16,"null","null","null",2,2.3060043,2.8755672,-1.1971784,0.3171621,-3.108152,-16731116
17,7,18,21,"null","null","null",3,3.9746158,1.7924242,-2.1365547,0.6001805,-3.6229591,-12486656
18,17,19,20,"null","null","null",2,2.4104803,2.8755672,-1.1971784,0.6376136,-3.108152,-12486656
22,6,23,32,"null","null","null",6,4.5609307,0.5695207,-2.8820112,0.9025978,-3.3870246,-16731116
23,22,24,29,"null","null","null",5,3.3338299,2.1815863,-2.3054051,0.46288556,-3.5166664,-16731116
24,23,25,28,"null","null","null",3,1.8954238,3.3814778,-1.1971784,0.6376136,-2.9699712,-12486656
25,24,26,27,"null","null","null",2,0.718801,3.7952118,-0.3955186,0.6459114,-2.2791743,-12486656
29,23,30,31,"null","null","null",2,1.5500195,0.52348095,-3.7907996,2.0102258,-1.4433501,-16731116
33,5,34,37,"null","null","null",3,11.8421955,0.48358327,-3.3782585,1.9383984,-2.3110435,-16731116
34,33,35,36,"null","null","null",2,4.4270267,0.65809244,-2.7162104,0.8675197,-3.239983,-16731116
38,4,39,46,"null","null","null",5,8.60834,0.8449197,-3.4974663,2.4522865,-1.0443957,-16731116
39,38,40,45,"null","null","null",4,7.853981,0.5235969,-3.405886,1.9383984,-2.6072884,-16731116
40,39,41,44,"null","null","null",3,3.016719,0.65809244,-2.7521262,0.8675197,-3.6251016,-16731116
41,40,42,43,"null","null","null",2,3.016719,1.0880251,-2.1365547,0.46288556,-3.8261662,-12486656
47,3,48,57,"null","null","null",7,10.35778,1.674933,-2.7374787,3.2335715,-0.35959634,-12486656
48,47,49,56,"null","null","null",5,5.462315,0.5272789,-3.4762127,2.5136433,-0.8165185,-11184866
49,48,50,53,"null","null","null",4,3.4062498,0.5235972,-3.3782551,2.0181632,-2.311047,-11184866
50,49,51,52,"null","null","null",2,3.4062498,0.6580925,-2.7162058,0.86751616,-3.2399864,-8572416
53,49,54,55,"null","null","null",2,3.1191046,1.7788322,-1.961056,3.6551337,-0.4014782,-12486656
57,47,58,59,"null","null","null",2,3.2789195,3.424866,-0.2750013,2.4441643,-1.5045784,-16731116
60,2,61,64,"null","null","null",4,8.806709,2.6331244,-0.85626006,3.8025498,-0.76705146,-16731116
61,60,62,63,"null","null","null",2,3.0561905,1.6917262,-2.1268098,3.5885544,-0.57550156,-16731116
64,60,65,66,"null","null","null",2,2.531147,3.7952118,-0.70525837,0.5537423,-2.2791748,-16731116
67,1,68,73,"null","null","null",4,7.6159973,3.0657115,-0.28912896,3.230978,-1.4052784,-16731116
68,67,69,72,"null","null","null",3,2.7327425,2.3408206,-0.85626006,3.8025498,-0.34808072,-16731116
69,68,70,71,"null","null","null",2,2.54741,1.6917262,-2.1268098,3.5885544,-0.57550156,-16731116
74,0,75,82,"null","null","null",5,12.813517,3.528014,-0.6717526,1.9147055,-2.2381606,-16731116
75,74,76,81,"null","null","null",4,11.100752,3.0657115,-0.61676055,3.230978,-1.4052784,-16731116
76,75,77,80,"","null","Mountain-pigeons",3,6.060853,2.3408206,-0.85626006,3.8025498,-0.34808072,-16731116
77,76,78,79,"null","null","null",2,2.656034,1.6917262,-2.1268098,3.5885544,-0.57550156,-16731116
