index,parent,child1,child2,name1,name2,common,richness,lengthbr,hxmax,hxmin,hymax,hymin,color
0,-268130298,1,52,"null","null","null",51,76.0,0.9035112,-2.6579094,0.84492135,-3.5064235,-12486656
1,0,2,43,"null","null","null",26,60.7,2.424144,-1.8475455,0.52359545,-3.4175363,-16731116
2,1,3,40,"null","null","null",21,60.7,3.3870218,-0.58310705,0.6580921,-2.7672725,-16731116
3,2,4,25,"","null","Common Skinks",19,50.9,3.516668,-0.46288425,2.0156493,-2.1562414,-16731116
4,3,5,20,"null","null","null",11,50.9,2.9699755,-0.637613,3.1657662,-1.003265,-16731116
5,4,6,19,"null","null","null",8,50.9,2.2791774,-1.606179,3.514793,-0.39551717,-16731116
6,5,7,16,"null","null","null",7,50.9,1.4209485,-2.9239204,3.0981092,-0.6042883,-16731116
7,6,8,15,"null","null","null",5,50.9,0.32388073,-3.5074306,2.361209,-1.3502524,-16731116
8,7,9,14,"null","null","null",4,50.9,0.5592984,-3.2712252,1.7788378,-2.8520699,-12486656
9,8,10,13,"null","null","null",3,50.9,0.66423047,-2.5607474,0.6411318,-3.7314653,-12486656
10,9,11,12,"null","null","null",2,50.9,1.4433452,-2.0102282,0.5042372,-3.7908,-12486656
16,6,17,18,"null","null","null",2,50.9,3.2227004,-0.30320042,2.7384913,-1.3026809,-16777216
20,4,21,24,"null","null","null",3,50.9,3.5548232,-0.979175,0.34452912,-2.8342993,-16777216
21,20,22,23,"null","null","null",2,50.9,3.827052,-0.44105458,0.90939033,-2.1905596,-16777216
25,3,26,37,"null","null","null",8,50.9,2.2960765,-2.120686,0.52348334,-3.455171,-16731116
26,25,27,36,"null","null","null",6,50.9,3.325275,-0.979175,0.6527476,-2.8342993,-16731116
27,26,28,35,"null","null","null",5,50.9,3.5286393,-0.44105458,2.0426874,-2.1905596,-16731116
28,27,29,34,"null","null","null",4,50.9,3.0229454,-0.62788296,3.300409,-1.3026809,-16731116
29,28,30,33,"null","null","null",3,50.9,2.3134418,-1.0472633,3.790334,-0.37198997,-16777216
30,29,31,32,"null","null","null",2,50.9,1.6001918,-2.2880516,3.5117006,-0.5905173,-16777216
37,25,38,39,"null","null","null",2,50.9,0.44286472,-3.7111793,1.8611706,-1.7914329,-16777216
40,2,41,42,"","null","Green-blooded Skink",2,11.1,0.38339475,-2.419892,0.8665067,-3.4392204,-16777216
43,1,44,49,"null","null","null",5,60.7,0.401482,-3.2712274,1.79486,-2.852067,-16777216
44,43,45,48,"null","null","null",3,17.7,0.66423047,-2.56075,0.6411348,-3.7314641,-16777216
45,44,46,47,"null","null","null",2,17.7,1.4433408,-2.01023,0.50423664,-3.7908006,-16777216
49,43,50,51,"null","null","null",2,11.1,1.600195,-2.288046,3.511704,-0.31738296,-16777216
52,0,53,78,"null","null","null",25,49.0,0.7950963,-3.507431,2.55196,-1.2503585,-11184866
53,52,54,69,"null","null","null",13,49.0,0.5592979,-3.2712274,1.6207718,-2.7222097,-11184866
54,53,55,68,"null","null","null",8,49.0,0.82173336,-2.56075,0.6411348,-3.5626497,-11184866
55,54,56,67,"null","null","null",7,49.0,2.3869984,-2.01023,0.50423664,-3.571342,-11184866
56,55,57,64,"null","null","null",6,49.0,3.4434733,-0.7274705,0.6527476,-2.9853218,-11184866
57,56,58,61,"null","null","null",4,28.7,3.6822972,-0.44105458,1.610443,-2.3868887,-11184866
58,57,59,60,"null","null","null",2,16.5,3.2227004,-0.62788296,2.7384913,-1.3026809,-11184866
61,57,62,63,"null","null","null",2,24.4,1.2662363,-2.0763676,0.56239974,-3.8140664,-16777216
64,56,65,66,"null","null","null",2,49.0,0.37080073,-2.5711837,0.8857578,-3.3442564,-11184866
69,53,70,75,"null","null","null",5,49.0,1.5501426,-3.061063,3.1200054,-0.31738296,-16777216
70,69,71,74,"null","null","null",3,49.0,0.41360593,-3.7909272,2.3745222,-0.66423047,-16777216
71,70,72,73,"null","null","null",2,49.0,0.5419736,-3.7111802,1.8611718,-1.7914302,-16777216
75,69,76,77,"null","null","null",2,49.0,3.328414,-0.28912807,2.5944958,-1.4052857,-16777216
78,52,79,100,"null","null","null",12,49.0,2.3134425,-1.4749813,3.4890285,-0.737069,-16777216
79,78,80,97,"null","null","null",11,49.0,1.5501437,-2.844088,3.1200056,-0.59051675,-16777216
80,79,81,96,"null","null","null",9,49.0,0.41360593,-3.5088606,2.3745222,-1.0522709,-16777216
81,80,82,91,"null","null","null",8,49.0,0.5419736,-3.3444936,1.7062007,-2.5434332,-16777216
82,81,83,90,"null","null","null",5,49.0,0.7291206,-2.6608276,0.7546971,-3.4364252,-16777216
83,82,84,89,"null","null","null",4,49.0,2.330564,-2.0763686,0.48397285,-3.4921465,-16777216
84,83,85,88,"null","null","null",3,49.0,3.4735072,-1.0892061,0.64591223,-2.90701,-16777216
85,84,86,87,"null","null","null",2,49.0,3.8167195,-0.41856924,0.7310606,-2.2381625,-16777216
91,81,92,95,"null","null","null",3,49.0,1.6917332,-2.7746146,3.1313152,-0.35959932,-16777216
92,91,93,94,"null","null","null",2,49.0,0.52728903,-3.5244977,2.3807096,-0.665,-16777216
97,79,98,99,"null","null","null",2,49.0,3.328415,-0.28912795,2.5944946,-1.4052866,-16777216
