index,parent,child1,child2,name1,name2,common,richness,lengthbr,hxmax,hxmin,hymax,hymin,color
0,-268062703,1,60,"null","null","null",37,22.82215,3.132392,-0.6278832,3.236022,-1.1166797,-11184866
1,0,2,41,"null","null","null",30,22.822151,2.4557228,-1.5047891,3.7066278,-0.37199056,-11184866
2,1,3,26,"null","null","null",20,22.822151,1.4333814,-2.882833,3.4028811,-0.59051764,-11184866
3,2,4,21,"null","null","null",12,22.822151,0.29949006,-3.559222,2.7422612,-1.0522804,-12486656
4,3,5,16,"null","null","null",9,8.923494,0.5419747,-3.4099584,1.7061951,-2.5434403,-12486656
5,4,6,13,"null","null","null",6,8.923494,0.72913146,-2.7459316,0.49050635,-3.4364276,-12486656
6,5,7,12,"null","null","null",4,8.923494,2.330574,-2.0763643,0.48397422,-3.492144,-12486656
7,6,8,11,"null","null","null",3,8.923494,3.4735134,-1.0891994,0.64591277,-2.9070053,-12486656
8,7,9,10,"null","null","null",2,3.1786127,3.816721,-0.41857076,0.7310724,-2.2381592,-11184866
13,5,14,15,"null","null","null",2,8.923494,0.84491944,-3.5245032,2.3807092,-0.39556205,-11184866
16,4,17,20,"null","null","null",3,8.923494,1.6917281,-2.7746239,3.1313145,-0.35959655,-12486656
17,16,18,19,"null","null","null",2,3.1786127,0.5272817,-3.5245032,2.3807092,-0.665,-12486656
21,3,22,25,"null","null","null",3,22.822151,2.3408208,-0.85625637,3.8025498,-0.7670516,-11184866
22,21,23,24,"null","null","null",2,3.1786127,1.6917281,-2.1268067,3.5885556,-0.5755012,-11184866
26,2,27,38,"null","null","null",8,22.822151,3.065712,-0.2891289,3.1184032,-1.2878731,-11184866
27,26,28,37,"null","null","null",6,8.216595,2.3408208,-1.4981474,3.6562042,-0.34808022,-11184866
28,27,29,36,"null","null","null",5,8.216595,1.6917281,-2.9612648,3.3983066,-0.5755012,-11184866
29,28,30,33,"null","null","null",4,8.216595,0.3384865,-3.7671363,2.727799,-0.665,-11184866
30,29,31,32,"null","null","null",2,8.216595,0.5235968,-3.7564573,1.9383985,-1.6186471,-12486656
33,29,34,35,"null","null","null",2,8.216595,2.3612075,-0.41842124,3.6646893,-0.7950944,-8572416
38,26,39,40,"null","null","null",2,3.1786127,2.8755634,-1.1971815,0.31716168,-3.1081553,-11513776
41,1,42,57,"null","null","null",10,22.822151,3.5280137,-0.67175275,1.8281081,-2.4606745,-11184866
42,41,43,56,"null","null","null",8,9.535838,3.065712,-0.6167603,3.1184032,-1.4052806,-11184866
43,42,44,55,"null","null","null",7,9.535838,2.3408208,-1.3260034,3.6562042,-0.34808022,-11184866
44,43,45,54,"null","null","null",6,9.535838,1.6917281,-2.7374778,3.3983066,-0.5755012,-11184866
45,44,46,51,"null","null","null",5,9.535838,0.3384865,-3.4762132,2.727799,-0.8165151,-11184866
46,45,47,50,"null","null","null",3,9.535838,0.5235968,-3.3782573,1.9383985,-2.311044,-11184866
47,46,48,49,"null","null","null",2,9.535838,0.6580924,-2.716209,0.867519,-3.2399843,-11184866
51,45,52,53,"null","null","null",2,3.1786127,2.3612075,-0.41842124,3.6646893,-0.7950944,-11184866
57,41,58,59,"null","null","null",2,22.82215,1.0880196,-2.1365566,0.6001816,-3.8261666,-16777216
60,0,61,68,"null","null","null",7,22.82215,3.2514277,-0.92879295,0.3309561,-2.9070082,-12486656
61,60,62,67,"null","null","null",4,6.3572254,3.5280137,-0.4185698,1.8652921,-2.238161,-12486656
62,61,63,66,"null","null","null",3,6.3572254,3.065712,-0.6167603,3.1667423,-1.4052806,-16731116
63,62,64,65,"null","null","null",2,6.3572254,2.3408208,-0.6580918,3.7190452,-0.34808022,-12486656
68,60,69,72,"null","null","null",3,22.82215,0.35782874,-2.752129,0.90259826,-3.6250997,-11184866
69,68,70,71,"null","null","null",2,22.82215,1.0880196,-2.1365566,0.4628849,-3.8261666,-11184866
