index,parent,child1,child2,name1,name2,common,richness,lengthbr,hxmax,hxmin,hymax,hymin,color
0,-268405717,1,68,"null","null","null",36,12.781053,2.0824518,-2.3054006,0.46288663,-3.584519,-16731116
1,0,2,51,"null","null","null",34,12.461322,3.2525983,-1.0306004,0.637614,-3.0581775,-16731116
2,1,3,30,"null","null","null",25,11.630623,3.6276636,-0.39551976,1.6061935,-2.3938444,-16731116
3,2,4,25,"null","null","null",14,11.160181,3.2448354,-0.60428977,2.9239287,-1.3321574,-16731116
4,3,5,18,"null","null","null",11,10.399474,2.5519547,-1.2045417,3.5074296,-0.32388347,-16731116
5,4,6,13,"null","null","null",7,9.309303,1.6207597,-2.6626368,3.2712164,-0.5593003,-16731116
6,5,7,12,"null","null","null",4,4.2078657,0.64111984,-3.4851902,2.5607355,-0.66423064,-16731116
7,6,8,11,"null","null","null",3,2.5545962,0.5042394,-3.470633,2.0102203,-2.143427,-16731116
8,7,9,10,"null","null","null",2,1.2676613,0.65274847,-2.8543968,0.9791603,-3.1268158,-16731116
13,5,14,17,"null","null","null",3,3.722372,3.1200032,-0.31737715,2.9140234,-1.600183,-16731116
14,13,15,16,"null","null","null",2,2.4363863,2.3745208,-0.6642302,3.599762,-0.41359067,-12486656
18,4,19,24,"null","null","null",4,6.4881277,3.4890325,-0.7370647,1.5287865,-2.3134382,-16731116
19,18,20,23,"null","null","null",3,4.99428,3.1200032,-0.5905186,2.9140234,-1.600183,-16731116
20,19,21,22,"null","null","null",2,2.799428,2.3745208,-0.6642302,3.599762,-0.41359067,-16731116
25,3,26,29,"null","null","null",3,9.872836,3.279093,-1.3026711,0.303202,-3.0229406,-16731116
26,25,27,28,"null","null","null",2,3.1556559,3.762613,-0.37199226,0.6527467,-2.3134382,-16731116
30,2,31,42,"null","null","null",11,8.491,1.8644158,-2.243805,0.6366781,-3.5286388,-12486656
31,30,32,41,"null","null","null",6,3.3840275,3.0686464,-1.3026711,0.6278839,-3.0229406,-16731116
32,31,33,40,"null","null","null",5,2.0779514,3.4890325,-0.37199226,1.5287865,-2.3134382,-16731116
33,32,34,37,"null","null","null",4,1.7138867,3.1200032,-0.5905186,2.9140234,-1.5501263,-16731116
34,33,35,36,"null","null","null",2,0.6296696,2.3745208,-0.6642302,3.599762,-0.41359067,-16731116
37,33,38,39,"null","null","null",2,0.66501945,2.5945141,-1.4052734,0.28912988,-3.328401,-12486656
42,30,43,48,"null","null","null",5,6.5020413,0.56239605,-3.4921432,2.2165496,-2.3305783,-12486656
43,42,44,47,"null","null","null",3,3.6257238,0.64591295,-2.9070032,1.0891962,-3.4735157,-16731116
44,43,45,46,"null","null","null",2,0.6378365,0.7310779,-2.2381577,0.4185714,-3.8167214,-16731116
48,42,49,50,"null","null","null",2,5.428264,1.9383963,-1.6186526,3.7564564,-0.4835816,-11184866
51,1,52,65,"null","null","null",9,11.062576,0.40944088,-2.8958244,0.91696143,-3.3252814,-16731116
52,51,53,60,"null","null","null",7,8.448267,2.0262978,-2.270547,0.44105673,-3.5286388,-16731116
53,52,54,57,"null","null","null",4,7.2906713,3.279093,-1.1514357,0.6278839,-3.0229406,-12486656
54,53,55,56,"null","null","null",2,4.8014545,3.762613,-0.37199226,0.6527467,-2.3134382,-12486656
57,53,58,59,"null","null","null",2,5.007467,0.33095706,-2.9852223,1.0891962,-3.005179,-16731116
60,52,61,64,"null","null","null",3,5.3310213,0.56239605,-3.552312,2.0763621,-1.970319,-16731116
61,60,62,63,"null","null","null",2,2.3592942,0.64591295,-2.9852223,1.0891962,-3.005179,-16731116
65,51,66,67,"null","null","null",2,1.1823441,0.885756,-3.3442645,2.5711715,-0.37080196,-12486656
68,0,69,70,"null","null","null",2,1.5047569,0.523479,-3.7907977,2.0102232,-1.4433578,-16731116
