index,parent,child1,child2,name1,name2,common,richness,lengthbr,hxmax,hxmin,hymax,hymin,color
0,-268195831,1,96,"null","null","null",84,16.300001,3.6887553,-0.44105512,1.993161,-2.3023288,-16731116
1,0,2,95,"null","null","null",48,16.300001,3.2310948,-0.6278832,3.236022,-1.3026786,-16731116
2,1,3,92,"","null","Grass Mice and Akodonts",47,15.200001,2.5840368,-1.4716702,3.7066278,-0.37199056,-16731116
3,2,4,85,"null","null","null",45,8.8,1.4333814,-2.8397784,3.4028811,-0.59051764,-16731116
4,3,5,80,"null","null","null",41,8.8,0.29949006,-3.503251,2.7422612,-1.1122096,-16731116
5,4,6,71,"null","null","null",38,8.8,0.5419747,-3.3371964,1.7306662,-2.6213481,-16731116
6,5,7,70,"null","null","null",33,8.8,0.6764475,-2.651341,0.7546901,-3.5377078,-16731116
7,6,8,41,"null","null","null",32,5.6,2.262085,-2.0640402,0.48397422,-3.6238084,-16731116
8,7,9,32,"null","null","null",17,5.6,3.3844776,-0.8866466,0.64591277,-3.0781689,-16731116
9,8,10,29,"null","null","null",12,5.6,3.7009745,-0.41857076,1.7316486,-2.4606717,-16731116
10,9,11,28,"null","null","null",10,5.6,3.2905593,-0.61676085,2.993002,-1.4052767,-16731116
11,10,12,25,"null","null","null",9,5.6,2.6331234,-1.3260083,3.4931788,-0.34808123,-16731116
12,11,13,20,"null","null","null",7,1.8,1.529705,-2.7374806,3.1863706,-0.5755019,-16731116
13,12,14,19,"null","null","null",4,1.8,0.52727723,-3.476213,2.4522824,-0.8165221,-16731116
14,13,15,18,"null","null","null",3,1.8,0.5235976,-3.3782535,1.9383955,-2.3110504,-16731116
15,14,16,17,"null","null","null",2,1.8,0.6580926,-2.7162032,0.86751455,-3.2399886,-16731116
20,12,21,24,"null","null","null",3,1.8,3.0981069,-0.2750016,3.0448964,-1.5045781,-16731116
21,20,22,23,"null","null","null",2,1.8,2.361207,-0.6619245,3.664692,-0.32388246,-16731116
25,11,26,27,"null","null","null",2,1.6,3.7952123,-0.70525765,0.55374324,-2.2791743,-16731116
29,9,30,31,"null","null","null",2,5.6,1.0880269,-2.1365538,0.60018003,-3.8261664,-16731116
32,8,33,38,"null","null","null",5,5.6,0.35782927,-2.7521253,0.90259767,-3.4687886,-16731116
33,32,34,37,"null","null","null",3,5.6,1.7924259,-2.1365538,0.46288577,-3.6229587,-16731116
34,33,35,36,"null","null","null",2,2.4,2.8755686,-1.1971772,0.63761365,-3.1081505,-16731116
38,32,39,40,"null","null","null",2,5.6,0.86650527,-3.4392254,2.4198835,-0.38339564,-16731116
41,7,42,63,"null","null","null",15,5.6,0.48358285,-3.4133048,1.7993804,-2.5107396,-16731116
42,41,43,54,"null","null","null",11,5.6,0.6580924,-2.7617707,0.725999,-3.4995887,-16731116
43,42,44,53,"null","null","null",6,5.6,2.1643891,-2.1365538,0.46288577,-3.6629987,-16731116
44,43,45,52,"null","null","null",5,5.6,3.3591206,-1.1971772,0.63761365,-3.1602027,-16731116
45,44,46,49,"null","null","null",4,5.6,3.7661464,-0.39551884,1.2371417,-2.5264754,-16731116
46,45,47,48,"null","null","null",2,5.6,3.4248652,-0.6042892,2.4441652,-1.5045781,-16731116
49,45,50,51,"null","null","null",2,1.6,0.90940034,-2.1905565,0.63667953,-3.8270526,-16731116
54,42,55,60,"null","null","null",5,5.6,0.86650527,-3.48519,2.7414112,-0.6343628,-16731116
55,54,56,59,"null","null","null",3,5.6,0.5042378,-3.4706397,2.010226,-2.143413,-16731116
56,55,57,58,"null","null","null",2,5.6,0.6527479,-2.8544078,0.9791694,-3.1268065,-16731116
60,54,61,62,"null","null","null",2,5.6,2.3745215,-0.40725255,3.5997562,-0.8210846,-16731116
63,41,64,67,"null","null","null",4,5.6,1.7948534,-2.6272726,3.1628685,-0.40147904,-16731116
64,63,65,66,"null","null","null",2,5.6,0.641129,-3.4392254,2.4198835,-0.6642305,-11184866
67,63,68,69,"null","null","null",2,5.6,3.5116992,-0.3173806,2.288054,-1.6001905,-16731116
71,5,72,79,"null","null","null",5,8.8,1.6917281,-2.7374778,3.1863742,-0.35959655,-16731116
72,71,73,78,"null","null","null",4,8.8,0.5272817,-3.4762132,2.4522867,-0.8165151,-16731116
73,72,74,77,"null","null","null",3,3.4,0.5235968,-3.3782573,1.9383985,-2.311044,-16731116
74,73,75,76,"null","null","null",2,3.4,0.6580924,-2.716209,0.867519,-3.2399843,-16731116
80,4,81,84,"null","null","null",3,8.8,2.3408208,-0.85625637,3.8025498,-0.7670516,-16731116
81,80,82,83,"null","null","null",2,2.2,1.6917281,-2.1268067,3.5885556,-0.5755012,-16731116
85,3,86,91,"null","null","null",4,8.8,3.065712,-0.2891289,3.2309766,-1.4052806,-16731116
86,85,87,90,"null","null","null",3,3.4,2.3408208,-0.85625637,3.8025498,-0.34808022,-16731116
87,86,88,89,"null","null","null",2,3.4,1.6917281,-2.1268067,3.5885556,-0.5755012,-12486656
92,2,93,94,"null","null","null",2,2.9,3.8167202,-0.67175275,0.73106515,-2.238161,-16731116
96,0,97,166,"null","null","null",36,16.3,2.218443,-2.076367,0.5623988,-3.6238103,-16731116
97,96,98,163,"null","null","null",35,16.3,3.3277473,-0.8706895,0.6459124,-3.0781724,-16731116
98,97,99,160,"null","null","null",33,13.4,3.6272292,-0.4185698,1.7906663,-2.4606745,-16731116
99,98,100,145,"Thomasomys","null","Oldfield Mice",31,6.5,3.1946921,-0.6167603,3.069729,-1.2890116,-16731116
100,99,101,124,"null","null","null",23,6.5,2.5084949,-1.3385786,3.592928,-0.34808022,-16731116
101,100,102,121,"null","null","null",12,6.5,1.6749359,-2.7538254,3.3160472,-0.5755012,-16731116
102,101,103,112,"null","null","null",10,6.5,0.47730488,-3.4974654,2.6208618,-0.95190215,-16731116
103,102,104,111,"null","null","null",5,6.5,0.5235968,-3.4058852,1.9383985,-2.4870472,-16731116
104,103,105,110,"null","null","null",4,6.5,0.6580924,-2.7521253,0.867519,-3.4687886,-16731116
105,104,106,109,"null","null","null",3,6.5,1.7924259,-2.1365538,0.46288577,-3.6229587,-16731116
106,105,107,108,"null","null","null",2,2.0,2.8755686,-1.1971772,0.63761365,-3.1081505,-16731116
112,102,113,118,"null","null","null",5,6.5,2.673549,-1.1773334,3.4240808,-0.7950944,-16731116
113,112,114,117,"null","null","null",3,6.5,1.7788353,-2.6272726,3.1628685,-0.5592989,-16731116
114,113,115,116,"null","null","null",2,6.5,0.641129,-3.4392254,2.4198835,-0.6642305,-16731116
118,112,119,120,"null","null","null",2,2.0,3.76261,-0.7370672,0.4390186,-2.3134408,-16731116
121,101,122,123,"null","null","null",2,6.5,3.4248688,-0.27500102,2.444159,-1.5045819,-16731116
124,100,125,144,"null","null","null",11,6.5,3.514793,-0.705259,1.6061829,-2.2791758,-16731116
125,124,126,141,"null","null","null",10,6.5,3.0981078,-0.6042887,2.9239225,-1.4209453,-16731116
126,125,127,140,"null","null","null",8,6.5,2.3612075,-1.2045312,3.5074303,-0.32388148,-16731116
127,126,128,135,"null","null","null",7,6.5,1.6207669,-2.6626298,3.2712228,-0.5592989,-16731116
128,127,129,134,"null","null","null",4,6.5,0.641129,-3.48519,2.5607443,-0.6642305,-16731116
129,128,130,133,"null","null","null",3,3.2,0.5042378,-3.4706397,2.010226,-2.143413,-16731116
130,129,131,132,"null","null","null",2,3.2,0.6527479,-2.8544078,0.9791694,-3.1268065,-12486656
135,127,136,139,"null","null","null",3,6.5,3.1200044,-0.3173806,2.9140122,-1.6001905,-16731116
136,135,137,138,"null","null","null",2,6.5,2.3745215,-0.66423035,3.5997562,-0.41359985,-16731116
141,125,142,143,"null","null","null",2,6.5,2.7384934,-1.3026797,0.30320084,-3.2226985,-16731116
145,99,146,159,"null","null","null",8,6.5,3.1657686,-1.1971815,0.31716168,-3.1107168,-12486656
146,145,147,154,"null","null","null",7,6.5,3.514793,-0.3955179,1.7809273,-2.462142,-12486656
147,146,148,153,"null","null","null",4,6.5,3.0981078,-0.6042887,3.1510901,-1.5045819,-12486656
148,147,149,152,"null","null","null",3,6.5,2.3612075,-0.6648546,3.8027482,-0.32388148,-12486656
149,148,150,151,"null","null","null",2,6.5,1.7788353,-1.9610502,3.6551359,-0.5592989,-12486656
154,146,155,158,"null","null","null",3,3.2,1.6104459,-2.1905591,0.63668096,-3.6822963,-16731116
155,154,156,157,"null","null","null",2,3.2,2.7384934,-1.3026797,0.6278831,-3.2226985,-16731116
160,98,161,162,"","null","Montane Mice",2,2.9,1.0880196,-2.1365566,0.6001816,-3.8261666,-16731116
163,97,164,165,"null","null","null",2,16.3,0.35782874,-2.7162147,0.90259826,-3.23998,-16731116
