index,parent,child1,child2,name1,name2,common,richness,lengthbr,hxmax,hxmin,hymax,hymin,color
0,-268206076,1,-268142592,"Laurasiatheria","null","Carnivorans, Bats, Hedgehogs and more",2064,88.5,3.4888222,-0.88575864,0.66498744,-2.7455068,-16731116
1,0,2,-268152832,"null","null","null",1672,85.6,3.5602663,-0.48397207,2.2471933,-2.075819,-16731116
2,1,3,-268154880,"CHIROPTERA","null","Bats",1054,71.2,2.9955673,-0.6459119,3.36513,-0.90058357,-16731116
3,2,4,-268157952,"null","null","null",880,69.299995,2.3532844,-1.8202589,3.6758342,-0.41856802,-16731116
4,3,5,176,"null","null","null",658,60.4,1.4052893,-3.1082077,3.2578828,-0.6167593,-16731116
5,4,6,-268160000,"null","null","null",657,60.4,0.34807813,-3.642959,2.5906405,-1.349534,-16731116
6,5,7,-268161024,"null","null","null",484,54.3,0.5754999,-3.3810933,1.627995,-2.768075,-16731116
7,6,8,141,"Vespertilionidae","null","Vesper Bats",386,51.5,0.9508332,-2.7054212,0.42327172,-3.5159988,-16731116
8,7,9,89,"null","null","null",368,25.900002,2.4856637,-1.8955008,0.5235952,-3.4299855,-16731116
9,8,10,81,"null","null","null",220,25.9,3.466999,-0.7637689,0.658092,-2.7834573,-16731116
10,9,11,47,"null","null","null",127,25.9,3.6206398,-0.4628839,2.1019013,-2.1772807,-16731116
11,10,-268131328,12,"null","null","null",86,25.9,3.1051393,-0.6376129,3.2778952,-1.0214732,-16731116
12,11,13,44,"null","null","null",18,25.9,3.325274,-0.9169631,0.3445289,-2.8752651,-16731116
13,12,14,37,"null","null","null",16,25.9,3.5286398,-0.44105422,1.8643985,-2.2438145,-16731116
14,13,15,28,"null","null","null",12,25.9,3.0229464,-0.6278828,3.0686347,-1.1166838,-16731116
15,14,16,27,"Chalinolobus","null","null",7,10.5,2.3134422,-1.6418878,3.489029,-0.3719896,-12486656
16,15,17,22,"null","null","null",6,10.1,1.4333854,-3.061065,3.1200051,-0.59051704,-16731116
17,16,18,21,"null","null","null",3,10.1,0.4136026,-3.7909276,2.3745222,-0.66423035,-12486656
18,17,19,20,"null","null","null",2,4.1,0.541974,-3.7111788,1.8611698,-1.7914344,-12486656
22,16,23,26,"null","null","null",3,10.1,3.0657134,-0.2891283,3.1667395,-1.405283,-16731116
23,22,24,25,"null","null","null",2,10.1,2.3408217,-0.6580919,3.7190442,-0.34807962,-16731116
28,14,29,34,"Falsistrellus","null","null",5,12.0,3.4068682,-0.92879343,0.33095554,-2.90701,-16731116
29,28,30,33,"null","null","null",3,7.7,3.7300887,-0.41856924,1.4251035,-2.2381625,-16731116
30,29,31,32,"null","null","null",2,7.7,3.3284109,-0.61676,2.5944998,-1.405283,-16731116
34,28,35,36,"null","null","null",2,4.9,0.3578284,-2.716216,0.90259874,-3.2399788,-16731116
37,13,38,43,"null","null","null",4,10.3,2.330564,-2.0763686,0.56240034,-3.4921465,-16777216
38,37,39,42,"null","null","null",3,7.7,3.4735072,-1.0892061,0.64591223,-2.90701,-16777216
39,38,40,41,"null","null","null",2,4.5,3.8167195,-0.41856924,0.7310606,-2.2381625,-16777216
44,12,45,46,"null","null","null",2,5.2,0.37080052,-2.5711858,0.88575804,-3.344255,-16731116
47,10,-268130304,48,"null","null","null",41,25.9,2.390818,-1.9868113,0.523484,-3.5025072,-16731116
48,47,49,68,"null","null","null",17,25.9,0.4428653,-3.4099586,1.8248643,-2.5434332,-16731116
49,48,50,65,"null","null","null",10,25.9,0.6619248,-2.745932,0.49051154,-3.4364252,-16731116
50,49,51,60,"Nyctalus","null","Noctule Bats",8,6.2,2.159732,-2.0484705,0.48397285,-3.4921465,-16731116
51,50,52,59,"null","null","null",5,6.2,3.2514257,-1.0892061,0.64591223,-2.90701,-12486656
52,51,53,58,"null","null","null",4,6.2,3.5280137,-0.41856924,1.8652878,-2.2381625,-16731116
53,52,54,57,"null","null","null",3,6.2,3.0657134,-0.61676,3.1667395,-1.405283,-16731116
54,53,55,56,"null","null","null",2,6.2,2.3408217,-0.6580919,3.7190442,-0.34807962,-16731116
60,50,61,64,"null","null","null",3,6.0,0.48358554,-3.378262,1.9384025,-2.3110356,-16731116
61,60,62,63,"null","null","null",2,6.0,0.65809214,-2.716216,0.86752415,-3.2399788,-12486656
65,49,66,67,"null","null","null",2,25.9,0.844921,-3.524499,2.3807096,-0.39556128,-11513776
68,48,69,80,"null","null","null",7,14.5,1.6917332,-2.7374735,3.398308,-0.35959932,-16777216
69,68,70,77,"null","null","null",6,14.5,0.33849168,-3.4762142,2.7278004,-0.816503,-16777216
70,69,71,74,"null","null","null",4,9.8,0.5235956,-3.3782637,2.018173,-2.311033,-16777216
71,70,72,73,"null","null","null",2,9.8,0.6580921,-2.7162182,0.8675258,-3.2399771,-16777216
74,70,75,76,"null","null","null",2,4.5,1.7788403,-1.9610395,3.6551402,-0.4014818,-16777216
77,69,78,79,"null","null","null",2,4.9,2.361209,-0.41842052,3.6646857,-0.79509616,-16777216
81,9,-268129280,82,"null","null","null",93,25.900002,0.79011226,-2.8263788,0.86650705,-3.4975264,-16731116
82,81,83,86,"null","null","null",4,25.9,0.8210864,-3.7909272,2.7051501,-0.47380704,-16731116
83,82,84,85,"Glischropus","null","null",2,5.2,0.5419736,-3.7111802,1.8611718,-1.7914302,-16731116
86,82,87,88,"null","null","null",2,11.5,2.3408222,-0.4290232,3.7190425,-0.7670536,-16731116
89,8,90,136,"null","null","null",148,25.900002,0.40148264,-3.3791242,1.6207732,-2.7222083,-16731116
90,89,91,123,"null","null","null",145,25.9,0.8143009,-2.701016,0.5617677,-3.5626497,-16731116
91,90,92,-268162048,"null","null","null",138,25.9,2.3773372,-1.9577157,0.50423634,-3.5713432,-16731116
92,91,93,97,"","null","Mouse-eared Bats and more",101,10.799999,3.430915,-0.8149787,0.6527475,-2.9853234,-16731116
93,92,-268133376,94,"null","null","null",61,10.799999,3.6659732,-0.44105422,1.9760315,-2.3868904,-16731116
94,93,95,96,"null","null","null",2,3.8,1.2662337,-2.0763686,0.56240034,-3.8140674,-16731116
97,92,-268132352,98,"null","null","null",40,10.8,0.59771144,-2.7680745,0.88575804,-3.4750953,-16731116
98,97,99,122,"null","null","null",13,10.8,0.844921,-3.57432,2.3807096,-0.90351427,-16731116
99,98,100,117,"null","null","null",12,10.8,0.5235958,-3.5058002,1.7993871,-2.4241464,-16731116
100,99,101,112,"null","null","null",9,10.799999,0.65809214,-2.8820152,0.64570796,-3.387023,-16731116
101,100,102,109,"null","null","null",6,7.7,2.164383,-2.3054085,0.46288466,-3.5166676,-16731116
102,101,103,108,"null","null","null",4,7.7,3.3591177,-1.1971824,0.6376132,-2.969974,-16731116
103,102,104,107,"null","null","null",3,5.1,3.7661479,-0.39551765,1.237132,-2.2791765,-16731116
104,103,105,106,"null","null","null",2,5.1,3.4248698,-0.6042886,2.4441574,-1.5045828,-16731116
109,101,110,111,"null","null","null",2,7.7,0.52348256,-3.7908006,2.0102284,-1.4433441,-16731116
112,100,113,116,"null","null","null",3,4.6,0.86650634,-3.7314653,2.5607479,-0.38339502,-16731116
113,112,114,115,"null","null","null",2,3.2,0.50423706,-3.7908006,2.0102284,-1.4433441,-12486656
117,99,118,121,"null","null","null",3,10.8,1.7788391,-2.6272657,3.1628745,-0.40148115,-12486656
118,117,119,120,"null","null","null",2,10.8,0.6411346,-3.4392211,2.4198914,-0.66423047,-12486656
123,90,124,133,"null","null","null",7,25.9,0.8210864,-3.5088606,2.7051501,-1.0796595,-16731116
124,123,125,132,"Scotoecus","some","House Bats",5,12.0,0.5419736,-3.3444936,1.8611718,-2.5790384,-16731116
125,124,126,131,"null","null","null",4,9.8,0.6619248,-2.6608276,0.7546971,-3.4827118,-16731116
126,125,127,130,"null","null","null",3,7.2,1.9703023,-2.0763686,0.48397285,-3.552319,-16731116
127,126,128,129,"null","null","null",2,7.2,3.005167,-1.0892061,0.64591223,-2.9852347,-16777216
133,123,134,135,"Vespertilio","null","null",2,8.5,2.3408222,-0.4290232,3.7190425,-0.7670536,-16731116
136,89,137,140,"null","null","null",3,25.900002,1.6001966,-2.9140034,3.1200056,-0.31738362,-16731116
137,136,138,139,"null","null","null",2,5.2,0.41360754,-3.5997515,2.3745224,-0.66423047,-16777216
141,7,142,161,"Miniopterus","null","Long-winged Bats",18,14.7,0.79509676,-3.6143308,2.551961,-1.1974791,-16731116
142,141,143,156,"null","null","null",10,14.7,0.5592977,-3.4101982,1.6207732,-2.6534677,-16731116
143,142,144,153,"null","null","null",7,9.0,0.88761854,-2.7414122,0.41482198,-3.4732869,-16731116
144,143,145,150,"null","null","null",5,9.0,2.47265,-2.1206875,0.50423634,-3.4551716,-16731116
145,144,146,149,"null","null","null",3,7.1,3.554822,-0.9791769,0.6527475,-2.8343005,-16731116
146,145,147,148,"null","null","null",2,7.1,3.827052,-0.44105422,0.9093875,-2.1905606,-11513776
150,144,151,152,"null","null","null",2,4.5,0.4428653,-3.7111802,1.8611718,-1.7914302,-16731116
153,143,154,155,"null","null","null",2,4.5,0.8210864,-3.5997522,2.3745222,-0.40725175,-16731116
156,142,157,160,"null","null","null",3,8.4,1.6001966,-2.9140034,3.1200056,-0.31738362,-12486656
157,156,158,159,"null","null","null",2,5.1,0.41360754,-3.5997515,2.3745224,-0.66423047,-12486656
161,141,162,171,"null","null","null",8,14.7,2.5455394,-1.6418827,3.4890282,-0.7370695,-16731116
162,161,163,168,"null","null","null",5,14.7,1.5501456,-3.0610611,3.1200058,-0.59051657,-16731116
163,162,164,167,"null","null","null",3,8.4,0.41360754,-3.7909272,2.3745224,-0.66423047,-16731116
164,163,165,166,"null","null","null",2,8.4,0.5419733,-3.711181,1.861173,-1.7914275,-16731116
168,162,169,170,"null","null","null",2,5.3,3.3284163,-0.28912774,2.5944924,-1.405288,-12486656
171,161,172,175,"null","null","null",3,8.4,3.7300916,-0.6717553,1.4250948,-2.2381642,-16731116
172,171,173,174,"null","null","null",2,5.1,3.3284163,-0.61675954,2.5944924,-1.405288,-16731116
