index,parent,child1,child2,name1,name2,common,richness,lengthbr,hxmax,hxmin,hymax,hymin,color
0,-268069882,1,46,"null","null","null",32,18.07751,2.4557223,-1.4674766,3.7066278,-0.7370672,-12486656
1,0,2,39,"null","null","null",23,15.938817,1.4333808,-2.834326,3.4028807,-0.5905177,-12486656
2,1,3,34,"null","null","null",19,14.17572,0.29949018,-3.4961624,2.742261,-1.0522809,-12486656
3,2,4,33,"null","null","null",16,12.900115,0.54197484,-3.3279808,1.8611662,-2.5434406,-12486656
4,3,5,32,"null","null","null",15,9.653176,0.661925,-2.6393604,0.75469065,-3.4364274,-12486656
5,4,6,27,"null","null","null",14,8.747902,2.1597397,-2.0484648,0.483974,-3.4921446,-12486656
6,5,7,18,"null","null","null",11,7.5972786,3.25143,-0.94437456,0.64591265,-2.9070063,-12486656
7,6,8,17,"null","null","null",6,4.824442,3.5280137,-0.41857052,1.9147071,-2.2381597,-12486656
8,7,9,14,"null","null","null",5,3.2136838,3.0657108,-0.6167606,3.230979,-1.2878692,-12486656
9,8,10,13,"null","null","null",3,1.0609965,2.3408198,-0.856262,3.8025498,-0.34808096,-12486656
10,9,11,12,"null","null","null",2,0.6393126,1.6917254,-2.1268115,3.5885534,-0.5755017,-12486656
14,8,15,16,"null","null","null",2,1.6254163,2.8755672,-1.1971784,0.3171621,-3.108152,-12486656
18,6,19,26,"null","null","null",5,5.367679,0.35782912,-2.8820112,0.9025978,-3.4687884,-11184866
19,18,20,23,"null","null","null",4,4.0745697,1.7924242,-2.3054051,0.46288556,-3.6229591,-11184866
20,19,21,22,"null","null","null",2,2.3652732,2.8755672,-1.1971784,0.6376136,-3.108152,-8572416
23,19,24,25,"null","null","null",2,3.0538037,0.52348095,-3.7907996,2.0102258,-1.4433501,-11184866
27,5,28,31,"null","null","null",3,4.249337,0.48358327,-3.3782585,1.9383984,-2.3110435,-11184866
28,27,29,30,"null","null","null",2,3.0914452,0.65809244,-2.7162104,0.8675197,-3.239983,-11184866
34,2,35,38,"null","null","null",3,9.350474,2.3408206,-0.85626006,3.8025498,-0.76705146,-12486656
35,34,36,37,"null","null","null",2,4.1547046,1.6917262,-2.1268098,3.5885544,-0.57550156,-12486656
39,1,40,43,"null","null","null",4,13.587708,3.0657115,-0.28912896,3.1667447,-1.2878697,-12486656
40,39,41,42,"null","null","null",2,8.57667,2.3408206,-0.65809166,3.7190466,-0.34808072,-11184866
43,39,44,45,"null","null","null",2,2.843502,2.8755677,-1.1971774,0.31716195,-3.108151,-12486656
46,0,47,62,"null","null","null",9,8.165797,3.528014,-0.6717526,1.7065854,-2.2381606,-12486656
47,46,48,55,"null","null","null",8,6.1335964,3.0657115,-0.61676055,2.960422,-1.2264566,-11184866
48,47,49,54,"null","null","null",4,3.7574277,2.3408206,-1.3545806,3.4508271,-0.34808072,-12486656
49,48,50,53,"null","null","null",3,3.1838064,1.6917262,-2.7746265,3.1313148,-0.57550156,-12486656
50,49,51,52,"null","null","null",2,1.7291745,0.5272789,-3.524505,2.3807096,-0.665,-16731116
55,47,56,61,"null","null","null",4,4.4899454,3.3591201,-1.1971774,0.31716195,-2.9699717,-11184866
56,55,57,60,"null","null","null",3,3.7641444,3.7661467,-0.3955187,1.2371405,-2.2791748,-11184866
57,56,58,59,"null","null","null",2,2.6771498,3.424866,-0.6042891,2.4441643,-1.5045784,-11184866
