index,parent,child1,child2,name1,name2,common,richness,lengthbr,hxmax,hxmin,hymax,hymin,color
0,-268435338,1,166,"","null","Monitor Lizards, Chameleons, Iguanas and more",475,167.3,3.4888222,-0.88575864,0.59770393,-2.7339182,-16731116
1,0,2,142,"null","null","null",397,155.7,3.5602663,-0.48397207,2.1597247,-2.0659308,-16731116
2,1,3,113,"null","null","null",237,121.2,2.9955673,-0.6459119,3.251421,-0.91104263,-16731116
3,2,4,77,"null","null","null",153,114.2,2.3532844,-1.8143687,3.5280128,-0.41856802,-12486656
4,3,5,68,"","null","Iguanas, Basilisks and more",80,111.299995,1.3110167,-3.1005504,3.0657153,-0.6167593,-12486656
5,4,6,67,"null","null","null",75,101.1,0.34807813,-3.6330047,2.340823,-1.3840435,-12486656
6,5,7,-268013568,"null","null","null",74,101.100006,0.5754999,-3.3681521,1.640714,-2.8129373,-12486656
7,6,8,-268010496,"null","null","null",53,99.3,0.9035089,-2.688598,0.42327172,-3.5743198,-12486656
8,7,9,48,"null","null","null",30,98.4,2.4241421,-1.9093115,0.5235952,-3.5058026,-16777216
9,8,10,31,"null","null","null",20,89.9,3.3870208,-0.68347526,0.658092,-2.8820195,-16777216
10,9,11,28,"null","null","null",11,58.9,3.516668,-0.4628839,2.015647,-2.3054116,-16777216
11,10,12,27,"null","null","null",9,58.9,2.969976,-0.6376129,3.1657646,-1.197186,-16777216
12,11,13,26,"null","null","null",8,48.3,2.2791777,-1.6061778,3.5147924,-0.3955168,-16777216
13,12,14,23,"null","null","null",7,48.3,1.4209505,-2.9239202,3.0981097,-0.6042881,-16777216
14,13,15,22,"null","null","null",5,48.3,0.32388037,-3.5074317,2.361209,-1.3502498,-16777216
15,14,16,21,"null","null","null",4,48.3,0.55929816,-3.2712276,1.7788392,-2.8520675,-16777216
16,15,17,20,"null","null","null",3,48.3,0.66423047,-2.5607505,0.64113533,-3.731464,-16777216
17,16,18,19,"null","null","null",2,29.3,1.4433398,-2.0102303,0.5042366,-3.7908006,-16777216
23,13,24,25,"null","null","null",2,48.3,3.222702,-0.30320022,2.7384892,-1.3026825,-16777216
28,10,29,30,"null","null","null",2,18.6,1.4433382,-2.010231,0.523484,-3.7908013,-16777216
31,9,32,47,"","null","Whorltail Iguanas",9,40.5,0.75179124,-2.645718,0.86650705,-3.4732869,-16777216
32,31,33,44,"null","null","null",8,40.5,2.2960746,-2.1206875,0.50423634,-3.4551716,-16777216
33,32,34,43,"null","null","null",6,40.2,3.325274,-0.9791769,0.6527475,-2.8343005,-16777216
34,33,35,42,"null","null","null",5,32.2,3.5286398,-0.44105422,2.0426855,-2.1905606,-16777216
35,34,36,41,"null","null","null",4,28.6,3.0229464,-0.6278828,3.300408,-1.3026825,-16777216
36,35,37,40,"null","null","null",3,18.7,2.3134422,-1.0472604,3.790334,-0.3719896,-16777216
37,36,38,39,"null","null","null",2,15.0,1.6001931,-2.2880492,3.5117016,-0.59051704,-16777216
44,32,45,46,"null","null","null",2,40.5,0.4428653,-3.7111802,1.8611718,-1.7914302,-16777216
48,8,49,66,"","null","Curly-tailed Lizards",10,28.5,0.40148264,-3.4101982,1.7788414,-2.6534677,-16777216
49,48,50,63,"null","null","null",9,26.2,0.75179124,-2.7414122,0.41482198,-3.4732869,-16777216
50,49,51,62,"null","null","null",7,26.0,2.2960746,-2.010231,0.50423634,-3.4551716,-16777216
51,50,52,61,"null","null","null",6,25.9,3.325274,-0.9791769,0.6527475,-2.8343005,-16777216
52,51,53,60,"null","null","null",5,22.6,3.5286398,-0.44105422,2.02628,-2.1905606,-16777216
53,52,54,57,"null","null","null",4,17.2,3.0229464,-0.6278828,3.2790809,-1.1514504,-16777216
54,53,55,56,"null","null","null",2,8.7,2.3134422,-0.6527473,3.7626088,-0.3719896,-16777216
57,53,58,59,"null","null","null",2,8.7,3.005167,-1.0892061,0.33095554,-2.9852347,-16777216
63,49,64,65,"null","null","null",2,12.4,0.8210864,-3.5997522,2.3745222,-0.40725175,-16777216
68,4,69,76,"null","null","null",5,35.0,3.160212,-0.3171605,3.3591151,-1.1971898,-16777216
69,68,70,73,"","null","Malagasy Iguanian Lizards",4,31.1,2.5264833,-1.2371163,3.7661512,-0.39551604,-16777216
70,69,71,72,"null","null","null",2,15.8,1.5045912,-2.444144,3.4248781,-0.6042875,-16777216
73,69,74,75,"null","null","null",2,26.2,3.827052,-0.6366841,0.9093783,-2.190563,-16777216
77,3,78,104,"null","null","null",73,111.3,3.5845256,-0.6001848,2.082429,-2.1562462,-16731116
78,77,-268016640,79,"","null","Anolis Lizards",68,76.100006,3.0581915,-0.6376126,3.2525847,-1.0032719,-16731116
79,78,80,95,"null","null","null",13,64.3,3.325271,-0.9169636,0.34452838,-2.8343048,-16777216
80,79,81,94,"null","null","null",8,49.4,3.52864,-0.44105315,1.8643892,-2.1905634,-16777216
81,80,82,91,"null","null","null",7,49.2,3.0229492,-0.6278822,3.0686283,-1.1514597,-16777216
82,81,83,90,"null","null","null",5,26.1,2.3134441,-1.6418772,3.489027,-0.3719881,-16777216
83,82,84,89,"null","null","null",4,24.800001,1.6002007,-3.0610573,3.1200066,-0.590516,-16777216
84,83,85,88,"null","null","null",3,23.1,0.41361272,-3.7909262,2.374523,-0.66423047,-16777216
85,84,86,87,"null","null","null",2,11.6,0.5419725,-3.711183,1.8611767,-1.7914197,-16777216
91,81,92,93,"null","null","null",2,35.2,3.0051577,-1.0892141,0.33095467,-2.9852443,-16777216
95,79,96,101,"null","null","null",5,62.1,0.45198405,-2.7459316,0.8857589,-3.4827127,-16777216
96,95,97,100,"null","null","null",3,51.2,1.9702901,-2.0763724,0.4839717,-3.5523252,-16777216
97,96,98,99,"null","null","null",2,51.0,3.0051577,-1.0892141,0.64591175,-2.9852443,-16777216
101,95,102,103,"null","null","null",2,13.6,0.8449222,-3.5244937,2.38071,-0.3955606,-16777216
104,77,105,110,"null","null","null",5,59.4,2.4726443,-2.1206918,0.52348524,-3.4551742,-16777216
105,104,106,109,"null","null","null",3,31.2,3.5548184,-0.97918236,0.6527473,-2.8343048,-16777216
106,105,107,108,"null","null","null",2,31.2,3.8270519,-0.44105315,0.90937686,-2.1905634,-16777216
110,104,111,112,"null","null","null",2,19.7,0.44286698,-3.7111826,1.8611758,-1.7914215,-16777216
113,2,114,117,"null","null","null",84,112.799995,3.439217,-0.9025996,0.5259898,-2.806995,-16731116
114,113,115,-268011520,"null","null","null",71,85.8,3.5845256,-0.46288335,2.1250017,-2.2078784,-16731116
115,114,-268017664,116,"null","null","null",48,75.6,3.0581915,-0.6376126,3.307929,-1.1971906,-16731116
117,113,118,129,"null","null","null",13,104.2,0.82172704,-2.7010176,0.86650753,-3.4732869,-16731116
118,117,119,126,"null","null","null",6,44.0,2.3869934,-2.1206918,0.5042357,-3.4551742,-16731116
119,118,120,125,"null","null","null",4,28.0,3.4434724,-0.97918236,0.6527473,-2.8343048,-16731116
120,119,121,124,"null","null","null",3,28.0,3.682302,-0.44105315,1.6104288,-2.1905634,-16731116
121,120,122,123,"null","null","null",2,27.8,3.2227097,-0.6278822,2.7384799,-1.3026892,-16731116
126,118,127,128,"","null","Leopard Lizards",2,8.1,0.44286698,-3.7111826,1.8611758,-1.7914215,-12486656
129,117,130,137,"null","null","null",7,66.0,0.82108724,-3.508861,2.7422667,-1.1987916,-16777216
130,129,131,136,"null","null","null",4,44.3,0.5419729,-3.344497,1.8611754,-2.7339132,-16777216
131,130,132,135,"null","null","null",3,44.3,0.66192466,-2.6608324,0.7547028,-3.684054,-16777216
132,131,133,134,"null","null","null",2,44.3,1.266223,-2.0763721,0.48397186,-3.814068,-16777216
137,129,138,141,"null","null","null",3,49.7,2.3408232,-0.8562368,3.8025508,-0.76705474,-16777216
138,137,139,140,"null","null","null",2,49.7,1.6917374,-2.1267896,3.588563,-0.5754997,-16777216
142,1,143,162,"null","null","null",160,99.2,2.510728,-1.9383618,0.48358738,-3.41754,-12486656
143,142,144,149,"","null","Dragon Lizards",135,88.7,3.4995842,-0.61728567,0.6580919,-2.767278,-16731116
144,143,145,-268012544,"null","null","null",128,67.9,3.663003,-0.46288335,2.1036298,-2.1562462,-16731116
145,144,-268019712,146,"null","null","null",75,67.9,3.1602125,-0.6376126,3.280146,-1.0122141,-16731116
146,145,147,148,"null","null","null",2,12.9,3.126792,-0.97918236,0.34452838,-2.8544245,-16777216
149,143,150,161,"null","null","null",7,88.7,0.88761234,-2.496787,0.86650753,-3.4732869,-16731116
150,149,151,156,"","null","Spiny-tailed Lizards",6,24.3,2.4726443,-1.9270749,0.5042357,-3.4551742,-16731116
151,150,152,155,"null","null","null",3,24.3,3.5548184,-0.97918236,0.6527473,-2.8343048,-16731116
152,151,153,154,"null","null","null",2,12.8,3.8270519,-0.44105315,0.90937686,-2.1905634,-16731116
156,150,157,160,"null","null","null",3,24.3,0.44286698,-3.2755444,1.8611758,-2.472525,-16777216
157,156,158,159,"null","null","null",2,18.9,0.6619246,-2.5711942,0.75470304,-3.3442497,-16777216
162,142,-268015616,163,"","null","Chameleons",25,57.899998,0.4014834,-3.475558,1.7948647,-2.6534657,-8572416
163,162,164,165,"","null","Leaf Chameleons",2,19.5,1.6001987,-2.2880397,3.5117068,-0.3173847,-16777216
166,0,167,205,"null","null","null",78,118.100006,0.9343925,-2.705421,0.8449218,-3.4974647,-16731116
167,166,168,178,"null","null","null",44,118.100006,2.4642916,-1.8475497,0.523595,-3.405892,-12486656
168,167,169,177,"null","null","null",30,116.2,3.439217,-0.86753124,0.6580919,-2.7521353,-12486656
169,168,170,176,"null","null","null",29,68.3,3.5845256,-0.46288335,2.082429,-2.136561,-11184866
170,169,-268018688,171,"","null","Monitor Lizards",28,26.400002,3.0581915,-0.6376126,3.2525847,-1.0032719,-11184866
171,170,172,175,"null","null","null",3,26.2,3.5548184,-0.97918236,0.34452838,-2.8343048,-16777216
172,171,173,174,"null","null","null",2,16.4,3.8270519,-0.44105315,0.90937686,-2.1905634,-16777216
178,167,179,198,"null","null","null",14,49.8,0.4014834,-3.271231,1.6207755,-2.6736655,-16731116
179,178,180,197,"null","null","null",10,39.8,0.75178623,-2.5607548,0.64114004,-3.4995465,-12486656
180,179,181,196,"null","null","null",9,36.7,2.29607,-2.0102332,0.50423574,-3.4893115,-12486656
181,180,182,191,"null","null","null",8,28.1,3.3252714,-0.7673187,0.6527473,-2.8786829,-11184866
182,181,183,190,"null","null","null",5,18.7,3.52864,-0.44105333,2.0426793,-2.190563,-8572416
183,182,184,189,"null","null","null",4,18.7,3.0229487,-0.62788224,3.300405,-1.3026884,-8572416
184,183,185,188,"null","null","null",3,18.7,2.313444,-1.0472472,3.790336,-0.37198827,-8572416
185,184,186,187,"null","null","null",2,10.0,1.6002,-2.2880378,3.5117078,-0.5905161,-3014646
191,181,192,195,"null","null","null",3,18.4,0.3708,-2.6608324,0.88575876,-3.684054,-16731116
192,191,193,194,"null","null","null",2,10.9,1.266223,-2.0763721,0.48397186,-3.814068,-16777216
198,178,199,204,"","null","Alligator Lizards and more",4,25.7,1.6001987,-3.0610595,3.120006,-0.3173847,-16731116
199,198,200,203,"null","null","null",3,16.7,0.41361004,-3.790927,2.3745227,-0.66423047,-16731116
200,199,201,202,"null","null","null",2,16.5,0.5419729,-3.7111824,1.8611751,-1.7914228,-16731116
205,166,206,208,"null","null","null",34,116.2,0.795097,-3.6143298,2.3612094,-1.2275808,-16731116
206,205,-268014592,207,"null","null","null",33,103.899994,0.55929744,-3.4101982,1.7788432,-2.6926014,-16731116
