index,parent,child1,child2,name1,name2,common,richness,lengthbr,hxmax,hxmin,hymax,hymin,color
0,-268244985,1,92,"null","null","null",66,51.296036,2.621339,-1.8248659,0.54197323,-3.338316,-8572416
1,0,2,91,"null","null","null",46,44.60639,3.537705,-0.7546993,0.67643464,-2.6527967,-8572416
2,1,3,52,"null","null","null",45,39.212006,3.6238122,-0.48397243,2.2620735,-2.065927,-8572416
3,2,4,29,"null","null","null",25,25.147057,3.0781763,-0.6459121,3.3844717,-0.939588,-8572416
4,3,5,26,"null","null","null",13,13.934545,2.4606776,-1.7316387,3.7009752,-0.4185688,-3014646
5,4,6,17,"null","null","null",11,10.512694,1.2264637,-2.9929974,3.290564,-0.6167598,-3014646
6,5,7,14,"null","null","null",6,4.7746663,0.34807912,-3.4931817,2.6331272,-1.4981403,-3014646
7,6,8,13,"null","null","null",4,3.95508,0.5755005,-3.18638,1.6917319,-2.9612596,-3014646
8,7,9,12,"null","null","null",3,2.8309054,0.665,-2.452294,0.5272881,-3.7671347,-3014646
9,8,10,11,"null","null","null",2,1.0814008,1.6186366,-1.9384034,0.52359563,-3.75646,-3014646
14,6,15,16,"null","null","null",2,0.79356635,2.2791774,-0.55373067,3.79521,-0.7052605,-16777216
17,5,18,25,"","null","Asian Box Turtles",5,8.987118,2.9699755,-0.31716102,3.1657662,-1.1971844,-3014646
18,17,19,24,"null","null","null",4,7.295617,2.2791774,-1.6992304,3.514793,-0.39551717,-3014646
19,18,20,23,"null","null","null",3,6.3489017,1.5045848,-3.0448873,3.0981092,-0.6042883,-3014646
20,19,21,22,"null","null","null",2,4.8525467,0.32388073,-3.6646876,2.361209,-0.6619246,-3014646
26,4,27,28,"null","null","null",2,10.461251,3.8261666,-0.60018325,1.0880141,-2.136558,-16777216
29,3,30,45,"null","null","null",12,16.74754,3.3870218,-0.902599,0.556283,-2.871228,-11184866
30,29,31,40,"null","null","null",8,15.191761,3.516668,-0.46288425,2.1643806,-2.1631186,-11184866
31,30,32,37,"null","null","null",5,8.280763,2.9699755,-0.637613,3.3591168,-1.0122055,-11184866
32,31,33,36,"null","null","null",3,6.39416,2.2791774,-1.2371283,3.7661486,-0.39551717,-8572416
33,32,34,35,"null","null","null",2,0.9312981,1.5045848,-2.4441543,3.424872,-0.6042883,-16777216
37,31,38,39,"null","null","null",2,6.4405937,3.1267998,-0.979175,0.34452912,-2.8544154,-12486656
40,30,41,44,"null","null","null",3,13.461708,2.1434035,-2.01023,0.52348334,-3.470645,-16777216
41,40,42,43,"null","null","null",2,8.303068,3.1267998,-0.979175,0.6527476,-2.8544154,-16777216
45,29,46,49,"null","null","null",4,9.317585,0.38339475,-2.7414122,0.8665067,-3.7314641,-8572416
46,45,47,48,"null","null","null",2,1.7925676,1.4433408,-2.01023,0.50423664,-3.7908006,-3014646
49,45,50,51,"null","null","null",2,1.2231778,0.82108605,-3.5997536,2.3745222,-0.4072519,-8572416
52,2,53,88,"null","null","null",20,32.793423,2.4882057,-2.0181732,0.48358634,-3.4175363,-11184866
53,52,54,85,"null","null","null",18,30.358288,3.470302,-0.58310705,0.6580921,-2.7672725,-11184866
54,53,55,78,"null","null","null",16,29.153055,3.6249325,-0.46288425,2.1250088,-2.1562414,-11184866
55,54,56,75,"","null","Asian Leaf Turtles",12,20.234266,3.1107192,-0.637613,3.3079333,-1.0122055,-12486656
56,55,57,68,"null","null","null",10,13.195812,2.4621441,-1.7809231,3.6996102,-0.39551717,-12486656
57,56,58,65,"null","null","null",6,6.732991,1.4209485,-3.1510878,3.3383718,-0.6042883,-16777216
58,57,59,62,"null","null","null",4,3.1570468,0.32388073,-3.8027482,2.6735504,-0.6648486,-16777216
59,58,60,61,"null","null","null",2,1.2455987,0.5592984,-3.655138,1.7788378,-1.9610449,-16777216
62,58,63,64,"null","null","null",2,1.6518737,2.3134418,-0.4390183,3.7626092,-0.7370682,-16777216
65,57,66,67,"null","null","null",2,1.2934699,3.2227004,-0.30320042,2.7384913,-1.3026809,-16777216
68,56,69,72,"null","null","null",4,0.9947346,3.6822972,-0.63668215,1.610443,-2.3868887,-12486656
69,68,70,71,"null","null","null",2,0.34352574,3.2227004,-0.62788296,2.7384913,-1.3026809,-12486656
72,68,73,74,"null","null","null",2,0.35820913,1.2662363,-2.0763676,0.56239974,-3.8140664,-16777216
75,55,76,77,"null","null","null",2,9.13104,3.1267998,-0.979175,0.34452912,-2.8544154,-16777216
78,54,79,84,"null","null","null",4,21.130684,2.4726522,-2.01023,0.52348334,-3.455171,-8572416
79,78,80,83,"null","null","null",3,16.31729,3.5548232,-0.979175,0.6527476,-2.8342993,-8572416
80,79,81,82,"null","null","null",2,10.922094,3.827052,-0.44105458,0.90939033,-2.1905596,-8572416
85,53,86,87,"null","null","null",2,21.561508,0.38339475,-2.419892,0.8665067,-3.4392204,-8572416
88,52,89,90,"null","null","null",2,20.89686,0.401482,-3.6551394,1.7788401,-1.9610406,-8572416
92,0,93,122,"null","null","null",20,48.537354,0.3596002,-3.398308,1.5297157,-2.7607105,-8572416
93,92,94,119,"null","null","null",15,43.541435,0.9035112,-2.7278004,0.33849198,-3.5064235,-8572416
94,93,95,118,"null","null","null",13,37.36359,2.424144,-1.938404,0.52359545,-3.4175363,-8572416
95,94,96,117,"null","null","null",12,33.003593,3.3870218,-0.8675265,0.6580921,-2.7672725,-8572416
96,95,97,108,"null","null","null",11,27.195429,3.516668,-0.46288425,2.1643806,-2.1562414,-3014646
97,96,98,103,"null","null","null",6,19.346682,2.9699755,-0.637613,3.3591168,-1.003265,-3014646
98,97,99,102,"null","null","null",3,14.0385895,2.2791774,-1.2371283,3.7661486,-0.39551717,-3014646
99,98,100,101,"null","null","null",2,7.5549226,1.5045848,-2.4441543,3.424872,-0.6042883,-3014646
103,97,104,107,"null","null","null",3,8.948757,3.5548232,-0.979175,0.34452912,-2.8342993,-3014646
104,103,105,106,"null","null","null",2,6.449957,3.827052,-0.44105458,0.90939033,-2.1905596,-3014646
108,96,109,116,"null","null","null",5,24.643286,2.3869984,-2.01023,0.52348334,-3.455171,-16777216
109,108,110,115,"null","null","null",4,13.453414,3.4434733,-0.979175,0.6527476,-2.8342993,-16777216
110,109,111,114,"null","null","null",3,9.221268,3.6822972,-0.44105458,1.610443,-2.1905596,-16777216
111,110,112,113,"null","null","null",2,6.555697,3.2227004,-0.62788296,2.7384913,-1.3026809,-16777216
119,93,120,121,"null","null","null",2,26.901981,0.7950963,-3.664686,2.361209,-0.41842043,-11184866
122,92,123,128,"null","null","null",5,38.7349,1.4209535,-3.1510851,3.0981102,-0.275,-8572416
123,122,124,127,"null","null","null",3,25.459076,0.32387993,-3.8027482,2.3612092,-0.66484094,-8572416
124,123,125,126,"null","null","null",2,18.441046,0.5592977,-3.6551406,1.7788414,-1.9610381,-8572416
128,122,129,130,"null","null","null",2,21.531721,3.2227054,-0.30319998,2.738485,-1.3026853,-8572416
