index,parent,child1,child2,name1,name2,common,richness,lengthbr,hxmax,hxmin,hymax,hymin,color
0,-268206079,1,109,"null","null","Marsupials",300,82.5,0.31738394,-3.297118,1.507865,-2.883921,-16731116
1,0,2,100,"null","null","null",216,73.5,1.0832726,-2.6047683,0.29948807,-3.5606449,-16731116
2,1,3,65,"null","null","null",211,65.8,2.583737,-1.800972,0.54197323,-3.4118142,-16731116
3,2,4,18,"null","null","null",193,63.700005,3.4888225,-0.64477646,0.6619247,-2.748345,-16731116
4,3,5,17,"null","null","null",127,63.600006,3.5602658,-0.48397225,2.2184346,-2.076371,-16731116
5,4,6,10,"DIPROTODONTIA","null","null",126,54.000004,2.9955664,-0.64591193,3.3277428,-0.8866597,-16731116
6,5,7,9,"null","null","null",122,45.800003,2.3532834,-1.7071629,3.6272302,-0.4185682,-16731116
7,6,-268121088,8,"MACROPODIFORMES","null","Kangaroos, Wallabys and more",65,35.1,1.4052893,-2.9611819,3.1946974,-0.6167594,-12486656
9,6,-268122112,-268120064,"PHALANGERIFORMES","null","Possums, Cuscuses, Trioks and Gliders",57,44.9,3.5845249,-0.60018456,2.1250026,-2.2078776,-16731116
10,5,11,16,"VOMBATIFORMES","null","null",4,36.8,3.4687877,-0.90259945,0.3578278,-2.7521348,-12486656
11,10,12,15,"Vombatidae","null","Wombats",3,18.5,3.6229668,-0.46288353,1.7924047,-2.1365604,-12486656
12,11,13,14,"Lasiorhinus","null","null",2,12.3,3.1081653,-0.63761264,2.8755522,-1.1971898,-11184866
18,3,19,62,"null","null","null",66,55.8,0.97011375,-2.7278006,0.8449216,-3.529926,-16731116
19,18,20,61,"DASYUROMORPHIA","null","null",64,30.5,2.5107286,-1.938406,0.5235951,-3.448091,-16731116
20,19,21,51,"Dasyuridae","null","null",63,25.4,3.4995847,-0.7080542,0.658092,-2.806994,-16731116
21,20,-268124160,22,"null","null","null",36,13.099999,3.6630027,-0.46288353,2.1250026,-2.2078776,-16731116
22,21,23,48,"null","null","null",15,11.7,2.390814,-2.120691,0.52348495,-3.5713463,-16731116
23,22,24,39,"null","null","null",13,10.2,3.4484386,-0.7673187,0.6527473,-2.9853282,-16731116
24,23,25,36,"Antechinus","null","null",8,9.7,3.6887574,-0.44105333,1.8643903,-2.3868942,-16731116
25,24,26,35,"null","null","null",6,8.5,3.2311015,-0.62788224,3.068629,-1.3026884,-16731116
26,25,27,32,"null","null","null",5,7.3999996,2.5840425,-1.5287559,3.489027,-0.37198827,-16731116
27,26,28,31,"null","null","null",3,5.1,1.6002,-2.913999,3.1200063,-0.5905161,-16731116
28,27,29,30,"null","null","null",2,4.4,0.41361105,-3.5997496,2.3745227,-0.66423047,-16731116
32,26,33,34,"null","null","null",2,3.1,3.816719,-0.6717563,0.73104715,-2.2381654,-16731116
36,24,37,38,"null","null","null",2,7.7,1.266223,-2.0763721,0.5624022,-3.814068,-16731116
39,23,40,47,"null","null","null",5,7.6,0.729112,-2.6608324,0.88575876,-3.4364233,-16731116
40,39,41,46,"null","null","null",4,7.1,2.3305557,-2.0763721,0.48397186,-3.4921484,-16731116
41,40,42,45,"null","null","null",3,6.1,3.4735022,-1.0892134,0.6459118,-2.9070146,-16731116
42,41,43,44,"null","null","null",2,3.5,3.816719,-0.41856778,0.73104715,-2.2381654,-16777216
48,22,49,50,"Phascogale","null","null",2,3.8,0.44286668,-3.7111824,1.8611751,-1.7914228,-12486656
51,20,-268125184,52,"null","null","null",27,21.000002,0.75178635,-2.7010174,0.8665074,-3.4995468,-16731116
52,51,53,60,"Planigale","null","null",5,8.8,0.821087,-3.508861,2.3745227,-1.1987927,-16731116
53,52,54,59,"null","null","null",4,6.3,0.541973,-3.3444967,1.8611748,-2.7339141,-16731116
54,53,55,58,"null","null","null",3,5.3,0.66192466,-2.660832,0.754702,-3.6840544,-16731116
55,54,56,57,"null","null","null",2,5.3,1.2662241,-2.0763717,0.483972,-3.8140683,-16731116
62,18,63,64,"NOTORYCTEMORPHIA","null","null",2,8.9,0.7950969,-3.6646845,2.3612094,-0.41842026,-11513776
65,2,66,99,"PERAMELEMORPHIA","null","Bandicoots and Bilbies",18,35.6,0.35960028,-3.3445463,1.6917354,-2.8129385,-12486656
66,65,67,88,"Peramelidae","null","null",17,18.5,0.9035088,-2.6579103,0.47731203,-3.5743208,-12486656
67,66,68,85,"null","null","null",11,12.8,2.424142,-2.0181754,0.5235952,-3.505804,-12486656
68,67,69,78,"null","null","null",9,12.8,3.3870208,-0.64571416,0.658092,-2.882021,-12486656
69,68,70,75,"Echymipera","null","null",5,10.6,3.516669,-0.4628837,2.1815712,-2.3054132,-16731116
70,69,71,74,"null","null","null",3,10.6,2.9699779,-0.6376127,3.381468,-1.1971889,-12486656
71,70,72,73,"null","null","null",2,10.6,2.2791789,-0.6459122,3.7952094,-0.39551622,-8572416
75,69,76,77,"null","null","null",2,10.6,1.4433327,-2.0102327,0.52348465,-3.7908025,-16731116
78,68,79,84,"null","null","null",4,12.8,0.63434494,-2.5607538,0.8665073,-3.485192,-12486656
79,78,80,83,"null","null","null",3,12.8,2.1433957,-2.0102327,0.504236,-3.4706497,-12486656
80,79,81,82,"Peroryctes","null","null",2,5.3,3.1267936,-0.9791807,0.65274733,-2.8544226,-12486656
85,67,86,87,"null","null","null",2,12.8,0.40148276,-3.6551414,1.7788422,-1.9610362,-16731116
88,66,89,96,"null","null","null",6,12.4,0.79509664,-3.5074315,2.6735516,-1.3502457,-12486656
89,88,90,95,"null","null","null",4,12.4,0.5592977,-3.2712293,1.7788419,-2.8520646,-12486656
90,89,91,94,"Isoodon","null","null",3,7.3,0.66423047,-2.5607529,0.64113814,-3.7314634,-16731116
91,90,92,93,"null","null","null",2,2.0,1.4433341,-2.010232,0.5042361,-3.790802,-12486656
96,88,97,98,"null","null","null",2,7.6,2.313443,-0.4390179,3.762607,-0.73706955,-16731116
100,1,101,108,"PAUCITUBERCULATA","null","Shrew Opossums",5,33.4,0.76705414,-3.4931817,2.3408227,-1.4981363,-16731116
101,100,102,107,"null","null","null",4,33.4,0.5755001,-3.186382,1.691735,-2.961257,-12486656
102,101,103,106,"Caenolestes","null","null",3,18.7,0.665,-2.4522967,0.5272908,-3.7671347,-12486656
103,102,104,105,"null","null","null",2,18.7,1.6186309,-1.9384054,0.5235953,-3.7564616,-16731116
109,0,110,178,"DIDELPHIMORPHIA","most","Opossums",84,55.2,1.2264665,-3.0967546,3.233285,-0.28912774,-16731116
110,109,-268123136,111,"null","null","null",79,51.6,0.3480785,-3.6280684,2.5586636,-1.3438694,-16731116
111,110,112,147,"null","null","null",34,45.0,2.4650176,-1.5837765,3.6276627,-0.7052616,-16731116
112,111,113,144,"Monodelphis","null","null",18,30.1,1.4209546,-2.8948007,3.2448423,-0.60428774,-16731116
113,112,114,135,"null","null","null",16,30.1,0.3238797,-3.4695797,2.551961,-1.1974783,-16731116
114,113,115,128,"null","null","null",11,30.1,0.55929756,-3.2220223,1.6207743,-2.6534672,-16731116
115,114,116,127,"null","null","null",7,30.1,0.88761556,-2.4967837,0.6411384,-3.473287,-16731116
116,115,117,122,"null","null","null",6,30.1,2.4726472,-1.9270719,0.5042361,-3.455173,-16731116
117,116,118,121,"null","null","null",3,13.0,3.55482,-0.97918,0.6527474,-2.8343027,-16731116
118,117,119,120,"null","null","null",2,13.0,3.827052,-0.4410537,0.909381,-2.190562,-16731116
122,116,123,126,"null","null","null",3,30.099998,0.44286606,-3.2755418,1.8611739,-2.4725285,-12486656
123,122,124,125,"null","null","null",2,8.2,0.6619247,-2.5711906,0.75470054,-3.3442519,-11184866
128,114,129,134,"null","null","null",4,30.1,1.6001973,-3.061061,3.120006,-0.31738403,-16731116
129,128,130,133,"null","null","null",3,30.1,0.4136082,-3.790927,2.3745227,-0.66423047,-16731116
130,129,131,132,"null","null","null",2,30.1,0.5419732,-3.7111814,1.8611739,-1.7914255,-16731116
135,113,136,141,"null","null","null",5,30.1,2.5840409,-1.5287602,3.489028,-0.7370696,-16731116
136,135,137,140,"null","null","null",3,30.1,1.6001974,-2.9140022,3.120006,-0.59051645,-16731116
137,136,138,139,"null","null","null",2,30.1,0.4136082,-3.5997508,2.3745227,-0.66423047,-16731116
141,135,142,143,"null","null","null",2,30.1,3.816719,-0.67175543,0.7310524,-2.2381644,-16731116
144,112,145,146,"null","null","null",2,30.1,3.2227058,-0.30319983,2.7384841,-1.3026862,-16731116
147,111,148,173,"null","null","null",16,34.3,3.688757,-0.63668346,1.8643937,-2.2705612,-16731116
148,147,149,166,"null","null","null",13,34.3,3.2310998,-0.6278825,3.0686314,-1.1166878,-16731116
149,148,150,163,"null","null","null",9,34.300003,2.5840409,-1.4749792,3.489028,-0.3719888,-16731116
150,149,151,162,"null","null","null",7,34.300003,1.6001974,-2.844087,3.120006,-0.59051645,-16731116
151,150,152,161,"Micoureus","null","null",6,16.400002,0.4136082,-3.5088608,2.3745227,-1.1987944,-16731116
152,151,153,158,"null","null","null",5,16.400002,0.5419732,-3.3444955,1.9094235,-2.7339153,-16731116
153,152,154,157,"null","null","null",3,16.400002,0.6619247,-2.6608305,0.75470054,-3.6840549,-16731116
154,153,155,156,"null","null","null",2,7.8,1.266227,-2.0763707,0.48397225,-3.8140678,-16731116
158,152,159,160,"null","null","null",2,7.8,1.6917354,-2.1267927,3.5885618,-0.3596004,-12486656
163,149,164,165,"null","null","null",2,8.7,3.816719,-0.67175543,0.7310524,-2.2381644,-16731116
166,148,167,172,"null","null","null",4,34.3,3.4068675,-1.0892105,0.3309551,-2.907013,-12486656
167,166,168,171,"null","null","null",3,34.3,3.7300916,-0.4185683,1.4250946,-2.2381642,-11184866
168,167,169,170,"null","null","null",2,34.3,3.3284163,-0.6167594,2.5944924,-1.4052881,-11513776
173,147,174,177,"null","null","null",3,34.3,1.9702953,-2.0763707,0.5624014,-3.5523224,-16731116
174,173,175,176,"null","null","null",2,34.3,3.0051615,-1.0892105,0.645912,-2.98524,-16731116
178,109,179,186,"null","null","null",5,40.4,2.9699771,-0.31716067,3.1657631,-1.1971881,-16731116
179,178,180,185,"null","null","null",4,13.900001,2.2791784,-1.699224,3.514792,-0.39551643,-16731116
180,179,181,184,"Caluromys","null","null",3,4.3,1.5045887,-3.0448823,3.0981102,-0.6042878,-16731116
181,180,182,183,"null","null","null",2,4.3,0.32387978,-3.664685,2.3612094,-0.6619248,-16731116
