index,parent,child1,child2,name1,name2,common,richness,lengthbr,hxmax,hxmin,hymax,hymin,color
0,-268020566,1,38,"null","null","null",25,20.1,2.393856,-1.6694238,3.6276627,-0.39551586,-11184866
1,0,2,25,"null","null","null",19,16.6,1.4246885,-3.0061445,3.2448435,-0.60428745,-11184866
2,1,3,16,"null","null","null",12,16.2,0.323879,-3.6143293,2.551962,-1.350242,-16777216
3,2,4,11,"null","null","null",7,12.0,0.5592972,-3.4101985,1.6207758,-2.852062,-16777216
4,3,5,8,"null","null","null",4,11.799999,0.66423035,-2.7414126,0.41482425,-3.7314625,-16777216
5,4,6,7,"null","null","null",2,4.9,1.4433327,-2.010233,0.50423574,-3.7908022,-16777216
8,4,9,10,"null","null","null",2,7.6,0.8210871,-3.5997503,2.3745227,-0.4072514,-16777216
11,3,12,15,"null","null","null",3,10.8,1.6001993,-2.9139996,3.120006,-0.3173849,-16777216
12,11,13,14,"null","null","null",2,5.8,0.41361105,-3.5997496,2.3745227,-0.66423047,-16777216
16,2,17,24,"null","null","null",5,10.6,2.313444,-1.6418781,3.489027,-0.7370704,-16777216
17,16,18,23,"null","null","null",4,8.2,1.6002,-3.061058,3.1200063,-0.5905161,-16777216
18,17,19,22,"null","null","null",3,5.2999997,0.41361105,-3.7909265,2.3745227,-0.66423047,-16777216
19,18,20,21,"null","null","null",2,5.1,0.54197276,-3.7111826,1.8611755,-1.7914224,-16777216
25,1,26,35,"null","null","null",7,15.2,3.231102,-0.30319944,3.0686283,-1.1514597,-11184866
26,25,27,32,"null","null","null",5,14.2,2.5840425,-1.528754,3.489027,-0.3719881,-16777216
27,26,28,31,"null","null","null",3,10.9,1.6002007,-2.9139972,3.1200066,-0.590516,-16777216
28,27,29,30,"null","null","null",2,6.7,0.41361272,-3.5997481,2.374523,-0.66423047,-16777216
32,26,33,34,"null","null","null",2,11.6,3.8167186,-0.6717566,0.7310459,-2.2381659,-16777216
35,25,36,37,"null","null","null",2,9.1,3.0051577,-1.0892141,0.33095467,-2.9852443,-11184866
38,0,39,46,"null","null","null",6,20.1,3.52864,-0.6366844,2.0262702,-2.3868947,-16777216
39,38,40,43,"null","null","null",4,17.1,3.0229492,-0.6278822,3.2790737,-1.1514597,-16777216
40,39,41,42,"null","null","null",2,15.1,2.3134441,-0.6527477,3.7626061,-0.3719881,-16777216
43,39,44,45,"null","null","null",2,11.8,3.0051577,-1.0892141,0.33095467,-2.9852443,-16777216
46,38,47,48,"null","null","null",2,14.6,1.2662215,-2.0763724,0.5624025,-3.8140683,-16777216
