index,parent,child1,child2,name1,name2,common,richness,lengthbr,hxmax,hxmin,hymax,hymin,color
0,-268312568,1,162,"null","null","null",748,44.58592,1.4246762,-2.9965189,3.3117228,-0.27500117,-16731116
1,0,2,143,"null","null","null",742,40.639683,0.32388172,-3.6018043,2.6389072,-1.1974903,-16731116
2,1,3,74,"null","null","null",732,38.83041,0.5592991,-3.3939083,1.7049978,-2.653476,-16731116
3,2,4,68,"null","null","null",603,28.071556,0.80200016,-2.7202353,0.56176096,-3.473289,-16731116
4,3,5,59,"","null","Thrushes, Dippers, Chats, Old World Flycatchers",456,24.585222,2.361341,-1.9577075,0.50423795,-3.4551678,-16731116
5,4,6,23,"null","null","null",451,23.546196,3.4101114,-0.8152318,0.652748,-2.8342938,-16731116
6,5,7,22,"","null","Chats and Old World Flycatchers",298,18.443333,3.6389208,-0.441056,1.9605466,-2.190556,-16731116
7,6,8,9,"null","null","null",297,17.23573,3.1663086,-0.62788355,3.1936195,-1.1927477,-16731116
8,7,-268248064,-268237824,"null","null","null",290,16.502977,2.4998157,-1.4972811,3.6515007,-0.37199152,-16731116
9,7,10,19,"Muscicapidae","null","Chats and Old World flycatchers",7,16.095524,3.2514307,-0.9287926,0.33095664,-3.0781689,-16731116
10,9,11,16,"null","null","null",5,9.540358,3.5280137,-0.41857076,1.8652986,-2.4606717,-16731116
11,10,12,15,"null","null","null",3,7.0179415,3.0657103,-0.61676085,3.166747,-1.4052767,-16731116
12,11,13,14,"null","null","null",2,5.048495,2.3408196,-0.65809155,3.7190475,-0.34808123,-16731116
16,10,17,18,"null","null","null",2,3.1397123,1.0880269,-2.1365538,0.60018003,-3.8261664,-16731116
19,9,20,21,"null","null","null",2,6.9964633,0.35782927,-2.716209,0.90259767,-3.2399843,-16731116
23,5,-268242944,24,"","null","Thrushes",153,19.647938,0.5977216,-2.7686582,0.8857566,-3.5046997,-16731116
24,23,25,54,"Turdidae","null","Thrushes",18,18.101797,0.84491944,-3.5095534,2.7891583,-0.9701271,-16731116
25,24,26,47,"null","null","null",15,15.686897,0.5235968,-3.4215996,1.8475379,-2.5107396,-16731116
26,25,27,44,"null","null","null",11,8.698232,0.6580924,-2.772554,0.5830978,-3.4995887,-12486656
27,26,28,39,"null","null","null",9,7.77197,2.0156596,-2.1631112,0.46288577,-3.6629987,-12486656
28,27,29,38,"null","null","null",6,7.0353107,3.1657724,-1.1971772,0.63761365,-3.1602027,-16731116
29,28,30,35,"null","null","null",5,6.503357,3.5147939,-0.39551884,1.6992425,-2.5264754,-16731116
30,29,31,34,"null","null","null",3,2.6119587,3.0981069,-0.6042892,3.0448964,-1.5045781,-16731116
31,30,32,33,"null","null","null",2,0.9613276,2.361207,-0.6619245,3.664692,-0.32388246,-16731116
35,29,36,37,"null","null","null",2,2.6523676,0.90940034,-2.1905565,0.63667953,-3.8270526,-11184866
39,27,40,43,"null","null","null",3,5.590582,0.52348053,-3.4706397,2.010226,-2.143413,-12486656
40,39,41,42,"null","null","null",2,2.6451452,0.6527479,-2.8544078,0.9791694,-3.1268065,-11184866
44,26,45,46,"null","null","null",2,7.439035,0.86650527,-3.4392254,2.4198835,-0.38339564,-12486656
47,25,48,53,"null","null","null",4,11.890649,1.7788353,-2.8520734,3.2712228,-0.40147904,-16731116
48,47,49,52,"null","null","null",3,5.3201275,0.641129,-3.7314665,2.5607443,-0.6642305,-16731116
49,48,50,51,"null","null","null",2,3.6522446,0.5042378,-3.7907991,2.010226,-1.4433506,-16731116
54,24,55,58,"null","null","null",3,5.0958643,2.3612075,-0.6648546,3.8027482,-0.7950944,-16731116
55,54,56,57,"null","null","null",2,3.9925766,1.7788353,-1.9610502,3.6551359,-0.5592989,-16731116
59,4,60,67,"Cinclidae","null","Dippers",5,13.383779,0.44286197,-3.344489,1.8611665,-2.5790436,-16731116
60,59,61,66,"null","null","null",4,6.766161,0.66192496,-2.6608212,0.7546901,-3.482712,-16731116
61,60,62,65,"null","null","null",3,5.671418,1.9703138,-2.0763643,0.48397422,-3.5523138,-16731116
62,61,63,64,"null","null","null",2,4.745637,3.005175,-1.0891994,0.64591277,-2.9852262,-16731116
68,3,69,71,"","null","Mockingbirds, Thrashers, Starlings and more",147,22.99303,0.8210844,-3.5521116,2.705148,-1.0751618,-16731116
69,68,70,-268238848,"null","null","null",145,21.853107,0.5419747,-3.4007149,1.8009634,-2.5731862,-16731116
70,69,-268239872,-268236800,"null","null","null",111,20.66741,0.6764475,-2.7339149,0.67203933,-3.4750972,-16731116
71,68,72,73,"Sturnidae","null","Starlings",2,6.213683,2.3408208,-0.4290239,3.7190452,-0.7670516,-16731116
74,2,75,-268249088,"","null","Wrens, Nuthatches, Treecreepers and more",129,32.193523,1.4333814,-2.8773634,3.309526,-0.31738016,-16731116
75,74,76,122,"null","null","null",105,28.651882,0.39173198,-3.5521116,2.6208997,-1.0926781,-16731116
76,75,77,93,"null","null","null",94,24.43536,0.5419747,-3.4007149,1.8248582,-2.5959573,-16731116
77,76,-268240896,78,"Troglodytidae","null","Wrens",79,18.023668,0.66192496,-2.7339149,0.59724087,-3.5046997,-16731116
78,77,79,86,"null","null","null",8,15.241208,0.84491944,-3.4974654,2.6208618,-1.0443956,-16731116
79,78,80,85,"null","null","null",4,9.057224,0.5235968,-3.4058852,1.9383985,-2.6072886,-16731116
80,79,81,84,"null","null","null",3,5.4119835,0.6580924,-2.7521253,0.867519,-3.6251023,-16731116
81,80,82,83,"null","null","null",2,2.8625984,1.0880269,-2.1365538,0.46288577,-3.8261664,-16731116
86,78,87,92,"null","null","null",4,14.2582035,2.3612075,-1.1773334,3.4240808,-0.7950944,-16731116
87,86,88,91,"null","null","null",3,9.755941,1.7788353,-2.6272726,3.1628685,-0.5592989,-12486656
88,87,89,90,"null","null","null",2,3.7686164,0.641129,-3.4392254,2.4198835,-0.6642305,-12486656
93,76,94,121,"Polioptilidae","null","Gnatcatchers",15,16.115547,1.6917281,-2.7538254,3.3983066,-0.35959655,-16731116
94,93,95,118,"null","null","null",14,13.78887,0.3384865,-3.4974654,2.727799,-0.9035219,-16731116
95,94,96,115,"null","null","null",12,8.012011,0.5235968,-3.4058852,2.0181658,-2.4241529,-16731116
96,95,97,114,"null","null","null",10,5.8266373,0.6580924,-2.7521253,0.867519,-3.3870258,-16731116
97,96,98,113,"null","null","null",9,4.727457,2.0156596,-2.1365538,0.46288577,-3.516667,-16731116
98,97,99,112,"null","null","null",8,4.727457,3.1657724,-1.1971772,0.63761365,-2.9699712,-16731116
99,98,100,111,"null","null","null",7,3.2485826,3.5147939,-0.39551884,1.780933,-2.2791743,-16731116
100,99,101,106,"null","null","null",6,2.963706,3.0981069,-0.6042892,3.151094,-1.3321614,-16731116
101,100,102,105,"null","null","null",3,2.3601103,2.361207,-0.6648622,3.8027487,-0.32388246,-16731116
102,101,103,104,"null","null","null",2,1.1463245,1.7788317,-1.9610568,3.6551337,-0.5592996,-16731116
106,100,107,110,"null","null","null",3,2.1972744,3.2790883,-1.3026755,0.30320144,-3.0229423,-16731116
107,106,108,109,"null","null","null",2,1.3665916,3.7626114,-0.37199128,0.6527469,-2.3134394,-16731116
115,95,116,117,"null","null","null",2,2.2389,1.7788353,-1.9610502,3.6551359,-0.40147904,-16731116
118,94,119,120,"null","null","null",2,3.430541,2.3612075,-0.41842124,3.6646893,-0.7950944,-16731116
122,75,123,140,"null","null","null",11,25.329197,2.6331253,-1.3260034,3.5294867,-0.7670516,-16731116
123,122,124,133,"Certhiidae","null","Treecreepers",9,12.38756,1.5297087,-2.7374778,3.233574,-0.5755012,-16731116
124,123,125,132,"null","null","null",5,10.520833,0.5272817,-3.4762132,2.5136464,-0.8165151,-16731116
125,124,126,129,"null","null","null",4,6.9849396,0.5235968,-3.3782573,2.0181658,-2.311044,-16731116
126,125,127,128,"null","null","null",2,5.852978,0.6580924,-2.716209,0.867519,-3.2399843,-16731116
129,125,130,131,"null","null","null",2,1.7036432,1.7788353,-1.9610502,3.6551359,-0.40147904,-16731116
133,123,134,137,"null","null","null",4,8.423592,3.0981078,-0.27500102,3.0448914,-1.4209453,-16731116
134,133,135,136,"null","null","null",2,3.5460906,2.3612075,-0.66192454,3.6646893,-0.32388148,-16731116
137,133,138,139,"null","null","null",2,4.0881243,2.7384934,-1.3026797,0.30320084,-3.2226985,-16731116
140,122,141,142,"null","null","null",2,6.148906,3.795211,-0.705259,0.5537361,-2.2791758,-16731116
143,1,144,161,"","null","Waxwings and more",10,36.50803,2.3134403,-1.4436026,3.684667,-0.737067,-16731116
144,143,145,154,"null","null","null",9,33.18537,1.4333814,-2.8032904,3.3743324,-0.59051764,-16731116
145,144,146,151,"null","null","null",5,30.18126,0.29949006,-3.4558165,2.705148,-0.9977443,-16731116
146,145,147,150,"Bombycillidae","null","Waxwings",3,10.873741,0.5419747,-3.2755313,1.8611665,-2.4725435,-16731116
147,146,148,149,"null","null","null",2,7.1272726,0.66192496,-2.571176,0.7546901,-3.3442616,-16731116
151,145,152,153,"null","null","null",2,25.590876,2.3408208,-0.4290239,3.7190452,-0.7670516,-16731116
154,144,155,160,"Bombycillidae","null","Waxwings",4,27.622349,3.065712,-0.2891289,3.2309766,-1.4052806,-16731116
155,154,156,159,"null","null","null",3,21.915257,2.3408208,-0.85625637,3.8025498,-0.34808022,-16731116
156,155,157,158,"null","null","null",2,8.110377,1.6917281,-2.1268067,3.5885556,-0.5755012,-16731116
162,0,163,172,"Reguliidae","null","Goldcrests and kinglets",6,34.601562,3.2310948,-0.303201,3.0686388,-1.3026786,-16731116
163,162,164,169,"null","null","null",5,29.568316,2.5840368,-1.5287743,3.48903,-0.37199056,-16731116
164,163,165,168,"null","null","null",3,18.87626,1.6001897,-2.9140136,3.1200042,-0.59051764,-16731116
165,164,166,167,"null","null","null",2,12.2258,0.4135989,-3.5997567,2.3745215,-0.66423035,-16731116
169,163,170,171,"null","null","null",2,15.169245,3.8167202,-0.67175275,0.73106515,-2.238161,-16731116
