index,parent,child1,child2,name1,name2,common,richness,lengthbr,hxmax,hxmin,hymax,hymin,color
0,-268270535,1,70,"null","null","null",63,18.941708,0.5419747,-3.4274406,1.8009634,-2.5731862,-16731116
1,0,2,67,"null","null","null",35,16.285225,0.66192496,-2.7686582,0.49050635,-3.4750972,-16731116
2,1,3,64,"null","null","null",33,13.93681,2.1597412,-2.2165523,0.48397422,-3.5424147,-16731116
3,2,4,51,"null","null","null",31,13.011,3.2514307,-0.93958056,0.64591277,-2.972357,-16731116
4,3,5,40,"null","null","null",24,12.313567,3.5280137,-0.41857076,1.8281144,-2.3231165,-16731116
5,4,6,27,"null","null","null",18,12.110255,3.0657103,-0.61676085,3.1184077,-1.2264546,-16731116
6,5,7,26,"null","null","null",11,10.510417,2.3408196,-1.3385844,3.6562061,-0.34808123,-16731116
7,6,8,19,"null","null","null",10,8.877094,1.529705,-2.7538295,3.398306,-0.5755019,-16731116
8,7,9,16,"null","null","null",6,7.1582537,0.33848345,-3.497466,2.7277982,-1.044402,-16731116
9,8,10,15,"null","null","null",4,4.9939766,0.5235976,-3.4058828,1.9383955,-2.607294,-16731116
10,9,11,14,"null","null","null",3,2.4707634,0.6580926,-2.7521214,0.86751455,-3.6251051,-16731116
11,10,12,13,"null","null","null",2,1.8318107,1.0880342,-2.1365514,0.46288663,-3.8261662,-16731116
16,8,17,18,"null","null","null",2,2.71894,2.361207,-0.4184217,3.664692,-0.7950933,-16731116
19,7,20,25,"null","null","null",4,5.7033525,3.0981069,-0.2750016,3.151094,-1.5045781,-12486656
20,19,21,24,"null","null","null",3,3.1674838,2.361207,-0.6648622,3.8027487,-0.32388246,-12486656
21,20,22,23,"null","null","null",2,2.13373,1.7788317,-1.9610568,3.6551337,-0.5592996,-11184866
27,5,28,37,"null","null","null",7,10.642253,3.1657724,-1.0121964,0.31716225,-2.9699712,-16731116
28,27,29,36,"null","null","null",5,7.5415964,3.5147939,-0.39551884,1.780933,-2.2791743,-12486656
29,28,30,35,"null","null","null",4,4.9839406,3.0981069,-0.6042892,3.151094,-1.5045781,-12486656
30,29,31,34,"null","null","null",3,4.039522,2.361207,-0.6648622,3.8027487,-0.32388246,-12486656
31,30,32,33,"null","null","null",2,2.2118738,1.7788317,-1.9610568,3.6551337,-0.5592996,-12486656
37,27,38,39,"null","null","null",2,10.405999,0.3445301,-2.8544078,0.9791694,-3.1268065,-16731116
40,4,41,50,"null","null","null",6,9.09159,2.1643891,-2.1365538,0.60018003,-3.516667,-16731116
41,40,42,47,"null","null","null",5,5.8257074,3.3591206,-1.0121964,0.63761365,-2.9699712,-16731116
42,41,43,46,"null","null","null",3,2.887313,3.7661464,-0.39551884,1.2371417,-2.2791743,-16731116
43,42,44,45,"null","null","null",2,2.2349296,3.4248652,-0.6042892,2.4441652,-1.5045781,-16731116
47,41,48,49,"null","null","null",2,1.7582295,0.3445301,-2.8544078,0.9791694,-3.1268065,-16731116
51,3,52,59,"","null","Short-toe Larks and other Larks",7,11.404065,0.56952226,-2.8712268,0.90259767,-3.3870258,-16731116
52,51,53,58,"null","null","null",4,7.0962353,2.1815877,-2.1365538,0.46288577,-3.516667,-16731116
53,52,54,57,"null","null","null",3,6.432508,3.3814788,-1.1971772,0.63761365,-2.9699712,-16731116
54,53,55,56,"null","null","null",2,2.4958694,3.7952123,-0.39551884,0.64591134,-2.2791743,-16731116
59,51,60,63,"null","null","null",3,4.7651334,0.86650527,-3.7314665,2.5607443,-0.38339564,-16731116
60,59,61,62,"null","null","null",2,1.7547255,0.5042378,-3.7907991,2.010226,-1.4433506,-16731116
64,2,65,66,"null","null","null",2,2.5143037,0.48358285,-3.7564573,1.9383985,-1.6186471,-16731116
67,1,68,69,"null","null","null",2,4.23099,0.84491944,-3.5245032,2.3807092,-0.39556205,-16731116
70,0,71,120,"null","null","null",28,18.230295,1.5297087,-2.8129447,3.344543,-0.35959655,-16731116
71,70,72,101,"null","null","null",25,13.08302,0.42326432,-3.5743203,2.657906,-0.9035219,-16731116
72,71,73,98,"null","null","null",15,10.375259,0.5235968,-3.5057967,2.0181658,-2.4241529,-16731116
73,72,74,87,"null","null","null",13,10.375259,0.6580924,-2.88201,0.7637613,-3.3870258,-16731116
74,73,75,84,"null","null","null",7,8.056011,2.0156596,-2.3054042,0.46288577,-3.516667,-16731116
75,74,76,83,"null","null","null",5,2.8803318,3.1657724,-1.1971772,0.63761365,-2.9699712,-16731116
76,75,77,82,"null","null","null",4,2.8803318,3.5147939,-0.39551884,1.6992425,-2.2791743,-16731116
77,76,78,81,"null","null","null",3,2.8803318,3.0981069,-0.6042892,3.0448964,-1.5045781,-16731116
78,77,79,80,"null","null","null",2,2.5551584,2.361207,-0.6619245,3.664692,-0.32388246,-16731116
84,74,85,86,"null","null","null",2,2.4534621,0.52348053,-3.7907991,2.010226,-1.4433506,-16731116
87,73,88,93,"null","null","null",6,7.0493045,0.86650527,-3.48519,2.8263764,-0.6343628,-16731116
88,87,89,92,"null","null","null",3,4.9306498,0.5042378,-3.4706397,2.010226,-2.143413,-16731116
89,88,90,91,"null","null","null",2,2.8703628,0.6527479,-2.8544078,0.9791694,-3.1268065,-16731116
93,87,94,97,"null","null","null",3,4.4343963,2.3745215,-0.47381783,3.7909281,-0.8210846,-16731116
94,93,95,96,"null","null","null",2,2.547882,1.8611674,-1.7914399,3.711177,-0.54197454,-16731116
98,72,99,100,"null","null","null",2,2.9920526,1.7788353,-1.9610502,3.6551359,-0.40147904,-16731116
101,71,102,111,"null","null","null",10,11.487118,2.5519576,-1.3502572,3.5074303,-0.7950944,-16731116
102,101,103,108,"null","null","null",5,5.132105,1.7948534,-2.8520734,3.2712228,-0.5592989,-16731116
103,102,104,107,"null","null","null",3,4.9103117,0.641129,-3.7314665,2.5607443,-0.6642305,-16731116
104,103,105,106,"null","null","null",2,2.8056388,0.5042378,-3.7907991,2.010226,-1.4433506,-16731116
108,102,109,110,"null","null","null",2,2.561696,3.5116992,-0.3173806,2.288054,-1.6001905,-12486656
111,101,112,117,"null","null","null",5,7.3822455,3.48903,-0.7370672,1.5287724,-2.5840373,-16731116
112,111,113,116,"null","null","null",3,3.5564582,3.1200044,-0.59051746,2.9140122,-1.6001905,-16731116
113,112,114,115,"null","null","null",2,3.1084251,2.3745215,-0.66423035,3.5997562,-0.41359985,-16731116
117,111,118,119,"null","null","null",2,2.380484,0.7310634,-2.2381618,0.6717531,-3.81672,-16731116
120,70,121,124,"null","null","null",3,5.479933,3.0981078,-0.27500102,3.0448914,-1.5045819,-16731116
121,120,122,123,"null","null","null",2,2.6966615,2.3612075,-0.66192454,3.6646893,-0.32388148,-16731116
