index,parent,child1,child2,name1,name2,common,richness,lengthbr,hxmax,hxmin,hymax,hymin
0,-268267514,1,120,"null","null","null",109,0.0,0.79011226,-2.7202373,0.51715314,-3.4732869
1,0,2,119,"null","null","null",60,0.0,2.345892,-2.010231,0.50423634,-3.4551716
2,1,3,118,"null","null","null",59,0.0,3.3900363,-0.9791769,0.6527475,-2.8343005
3,2,4,117,"","null","Sea Snakes, Coral Snakes, Cobras and more",58,0.0,3.6128306,-0.44105422,1.8643985,-2.1905606
4,3,5,112,"null","null","null",57,0.0,3.1323948,-0.6278828,3.0686347,-1.1166838
5,4,6,99,"null","null","null",54,0.0,2.4557252,-1.4674703,3.489029,-0.3719896
6,5,7,84,"null","null","null",47,0.0,1.5333186,-2.8343222,3.1200051,-0.59051704
7,6,8,83,"null","null","null",39,0.0,0.4136026,-3.4961622,2.3745222,-1.0751562
8,7,9,82,"null","null","null",38,0.0,0.541974,-3.3279839,1.8611698,-2.573182
9,8,10,81,"null","null","null",37,0.0,0.66192484,-2.6393647,0.7546941,-3.475096
10,9,11,74,"null","null","null",36,0.0,2.218443,-2.0484684,0.48397338,-3.5424166
11,10,12,69,"null","null","null",32,0.0,3.3277473,-0.8866515,0.6459124,-2.9723606
12,11,13,60,"null","null","null",29,0.0,3.6272292,-0.4185698,1.8281081,-2.3231192
13,12,14,53,"null","null","null",24,0.0,3.1946921,-0.6167603,3.1184032,-1.2264589
14,13,15,40,"null","null","null",20,0.0,2.5084949,-1.3385786,3.6562042,-0.34808022
15,14,16,37,"","null","Sea Snakes",13,0.0,1.6749359,-2.7538254,3.3983066,-0.5755012
16,15,17,34,"null","null","null",11,0.0,0.3384865,-3.4974654,2.727799,-0.9701271
17,16,18,33,"null","null","null",9,0.0,0.5235968,-3.4058852,1.9383985,-2.5107396
18,17,19,32,"null","null","null",8,0.0,0.6580924,-2.7521253,0.867519,-3.4995887
19,18,20,31,"null","null","null",7,0.0,2.0156596,-2.1365538,0.46288577,-3.6629987
20,19,21,30,"null","null","null",6,0.0,3.1657724,-1.1971772,0.63761365,-3.1602027
21,20,22,27,"null","null","null",5,0.0,3.5147939,-0.39551884,1.6992425,-2.5264754
22,21,23,26,"null","null","null",3,0.0,3.0981069,-0.6042892,3.0448964,-1.5045781
23,22,24,25,"null","null","null",2,0.0,2.361207,-0.6619245,3.664692,-0.32388246
27,21,28,29,"null","null","null",2,0.0,0.90940034,-2.1905565,0.63667953,-3.8270526
34,16,35,36,"null","null","null",2,0.0,2.3612075,-0.41842124,3.6646893,-0.7950944
37,15,38,39,"null","null","null",2,0.0,3.4248688,-0.27500102,2.444159,-1.5045819
40,14,41,52,"null","null","null",7,0.0,3.514793,-0.705259,1.5568639,-2.2791758
41,40,42,51,"null","null","null",6,0.0,3.0981078,-0.6042887,2.859808,-1.5045819
42,41,43,50,"null","null","null",5,0.0,2.3612075,-1.1773334,3.4240808,-0.32388148
43,42,44,47,"null","null","null",4,0.0,1.7948534,-2.6272726,3.1628685,-0.5592989
44,43,45,46,"null","null","null",2,0.0,0.641129,-3.4392254,2.4198835,-0.6642305
47,43,48,49,"null","null","null",2,0.0,3.5116992,-0.3173806,2.288054,-1.6001905
53,13,54,57,"null","null","null",4,0.0,3.381475,-1.0122019,0.31716168,-2.9699733
54,53,55,56,"null","null","null",2,0.0,3.795211,-0.3955179,0.64591163,-2.2791758
57,53,58,59,"null","null","null",2,0.0,0.34452954,-2.854413,0.9791734,-3.1268015
60,12,61,68,"null","null","null",5,0.0,2.1643844,-2.1365566,0.6001816,-3.5166674
61,60,62,67,"null","null","null",4,0.0,3.3591185,-1.1971815,0.6376133,-2.9699733
62,61,63,66,"null","null","null",3,0.0,3.7661476,-0.3955179,1.2371341,-2.2791758
63,62,64,65,"null","null","null",2,0.0,3.4248688,-0.6042887,2.444159,-1.5045819
69,11,70,73,"null","null","null",3,0.0,0.35782874,-2.752129,0.90259826,-3.6250997
70,69,71,72,"null","null","null",2,0.0,1.0880196,-2.1365566,0.4628849,-3.8261666
74,10,75,78,"null","null","null",4,0.0,0.48358452,-3.3782616,2.0181682,-2.3110387
75,74,76,77,"null","null","null",2,0.0,0.65809226,-2.7162147,0.8675231,-3.23998
78,74,79,80,"null","null","null",2,0.0,1.7788361,-1.9610482,3.6551366,-0.40148008
84,6,85,98,"","null","Kraits",8,0.0,3.290563,-0.2891283,3.1184,-1.405283
85,84,86,95,"null","null","null",7,0.0,2.6331265,-1.4981438,3.6562033,-0.34807962
86,85,87,94,"null","null","null",5,0.0,1.6917303,-2.9612625,3.398307,-0.57550085
87,86,88,91,"null","null","null",4,0.0,0.33848858,-3.767136,2.7277997,-0.665
88,87,89,90,"null","null","null",2,0.0,0.52359635,-3.7564592,1.9384005,-1.6186413
91,87,92,93,"null","null","null",2,0.0,2.3612084,-0.41842097,3.6646888,-0.7950951
95,85,96,97,"null","null","null",2,0.0,3.7952108,-0.70525986,0.5537342,-2.2791765
99,5,100,111,"","null","Cobras and more",7,0.0,3.5280137,-0.6717541,1.706578,-2.2381625
100,99,101,108,"null","null","null",6,0.0,3.0657134,-0.61676,2.9604168,-1.2878759
101,100,102,107,"null","null","null",4,0.0,2.3408217,-1.3545724,3.4508247,-0.34807962
102,101,103,106,"null","null","null",3,0.0,1.6917303,-2.7746198,3.1313148,-0.57550085
103,102,104,105,"null","null","null",2,0.0,0.5272839,-3.5245008,2.3807096,-0.665
108,100,109,110,"null","null","null",2,0.0,2.8755617,-1.1971824,0.31716132,-3.1081567
112,4,113,116,"","null","Coral Snakes",3,0.0,3.4735072,-1.0892061,0.33095554,-2.90701
113,112,114,115,"null","null","null",2,0.0,3.8167195,-0.41856924,0.7310606,-2.2381625
120,0,121,202,"null","null","null",49,0.0,0.8210864,-3.5521088,2.6047673,-1.1121998
121,120,122,195,"null","null","null",41,0.0,0.5419736,-3.400716,1.7062007,-2.621341
122,121,123,182,"null","null","null",37,0.0,0.6764376,-2.7339168,0.64477384,-3.5377054
123,122,124,163,"null","null","null",30,0.0,2.2620761,-2.0607486,0.48397285,-3.6238112
124,123,125,160,"null","null","null",20,0.0,3.3844728,-0.87069225,0.64591223,-3.0781746
125,124,126,157,"null","null","null",18,0.0,3.700975,-0.41856924,1.8495879,-2.4606762
126,125,127,146,"null","null","null",16,0.0,3.290563,-0.61676,3.1463294,-1.2264614
127,126,128,143,"null","null","null",10,0.0,2.6331265,-1.326001,3.692511,-0.34807962
128,127,129,140,"null","null","null",8,0.0,1.6749383,-2.7374768,3.4455068,-0.57550085
129,128,130,135,"null","null","null",6,0.0,0.33848858,-3.476215,2.7891593,-0.81650966
130,129,131,134,"null","null","null",3,0.0,0.52359635,-3.3782616,1.9384005,-2.3110387
131,130,132,133,"null","null","null",2,0.0,0.65809226,-2.7162147,0.8675231,-3.23998
135,129,136,139,"null","null","null",3,0.0,2.3612084,-0.66485244,3.8027482,-0.7950951
136,135,137,138,"null","null","null",2,0.0,1.7788361,-1.9610482,3.6551366,-0.55929875
140,128,141,142,"null","null","null",2,0.0,3.4248698,-0.27500066,2.4441574,-1.5045828
143,127,144,145,"null","null","null",2,0.0,3.7952108,-0.70525986,0.5537342,-2.2791765
146,126,147,156,"null","null","null",6,0.0,3.1657681,-1.1971824,0.31716132,-2.969974
147,146,148,155,"null","null","null",5,0.0,3.5147932,-0.39551765,1.699234,-2.2791765
148,147,149,152,"null","null","null",4,0.0,3.0981088,-0.6042886,3.04489,-1.420946
149,148,150,151,"null","null","null",2,0.0,2.3612084,-0.6619246,3.6646888,-0.32388124
152,148,153,154,"null","null","null",2,0.0,2.7384944,-1.3026788,0.30320072,-3.2226982
157,125,158,159,"null","null","null",2,0.0,1.0880178,-2.136557,0.60018253,-3.8261664
160,124,161,162,"null","null","null",2,0.0,0.3578284,-2.716216,0.90259874,-3.2399788
163,123,164,177,"null","null","null",10,0.0,0.48358554,-3.405888,1.7993871,-2.5107338
164,163,165,176,"null","null","null",7,0.0,0.65809214,-2.7521296,0.86752415,-3.4995866
165,164,166,175,"null","null","null",6,0.0,2.164383,-2.136557,0.46288466,-3.6630003
166,165,167,174,"null","null","null",5,0.0,3.3591177,-1.1971824,0.6376132,-3.1602066
167,166,168,171,"null","null","null",4,0.0,3.7661479,-0.39551765,1.237132,-2.5264785
168,167,169,170,"null","null","null",2,0.0,3.4248698,-0.6042886,2.4441574,-1.5045828
171,167,172,173,"null","null","null",2,0.0,0.9093939,-2.190559,0.63668144,-3.827052
177,163,178,181,"null","null","null",3,0.0,1.7788391,-2.6272657,3.1628745,-0.40148115
178,177,179,180,"null","null","null",2,0.0,0.6411346,-3.4392211,2.4198914,-0.66423047
182,122,183,192,"null","null","null",7,0.0,0.844921,-3.4974647,2.7278,-1.0443876
183,182,184,189,"null","null","null",5,0.0,0.5235958,-3.405888,2.0181713,-2.6072817
184,183,185,188,"null","null","null",3,0.0,0.65809214,-2.7521296,0.86752415,-3.6250987
185,184,186,187,"null","null","null",2,0.0,1.0880178,-2.136557,0.46288466,-3.8261664
189,183,190,191,"null","null","null",2,0.0,1.7788391,-1.9610422,3.6551392,-0.40148115
192,182,193,194,"null","null","null",2,0.0,2.361209,-0.41842067,3.6646867,-0.7950958
195,121,196,199,"null","null","null",4,0.0,1.6749431,-2.7746146,3.1313152,-0.35959932
196,195,197,198,"null","null","null",2,0.0,0.52728903,-3.5244977,2.3807096,-0.665
199,195,200,201,"null","null","null",2,0.0,3.4248743,-0.27500018,2.4441504,-1.5045869
202,120,203,216,"null","null","null",8,0.0,2.3408222,-1.33857,3.4931815,-0.7670536
203,202,204,213,"null","null","null",7,0.0,1.6749439,-2.7538192,3.1863804,-0.5755003
204,203,205,212,"null","null","null",5,0.0,0.52728903,-3.4974644,2.4522943,-1.0443852
205,204,206,211,"null","null","null",4,0.0,0.5235956,-3.405889,1.9384036,-2.60728
206,205,207,210,"null","null","null",3,0.0,0.6580921,-2.7521312,0.8675258,-3.625098
207,206,208,209,"null","null","null",2,0.0,1.0880151,-2.136558,0.46288437,-3.8261666
213,203,214,215,"null","null","null",2,0.0,3.4248748,-0.2750001,2.4441493,-1.5045875
