index,parent,child1,child2,name1,name2,common,richness,lengthbr,hxmax,hxmin,hymax,hymin,color
0,-268409810,1,44,"null","null","null",39,54.22546,1.5333256,-2.8730524,3.2971194,-0.5905162,-12486656
1,0,2,31,"null","null","null",22,45.751434,0.29948753,-3.5465183,2.60477,-1.052264,-12486656
2,1,3,24,"null","null","null",15,40.082653,0.54197276,-3.393452,1.7306796,-2.5434277,-16731116
3,2,4,17,"null","null","null",11,35.49196,0.66192466,-2.724474,0.5223319,-3.436423,-16731116
4,3,5,16,"null","null","null",7,35.49196,2.159726,-2.0763717,0.4839719,-3.4921477,-16731116
5,4,6,15,"null","null","null",6,35.49196,3.2514222,-1.0892112,0.6459119,-2.9070134,-16731116
6,5,7,14,"null","null","null",5,35.49196,3.5280132,-0.4185682,1.8652804,-2.2381644,-16731116
7,6,8,11,"null","null","null",4,35.49196,3.0657148,-0.6167594,3.166734,-1.2878821,-16731116
8,7,9,10,"null","null","null",2,35.49196,2.3408227,-0.6580921,3.7190418,-0.34807852,-16731116
11,7,12,13,"null","null","null",2,35.49196,2.8755558,-1.1971871,0.3171607,-3.108162,-16777216
17,3,18,23,"null","null","null",4,35.49196,0.84492207,-3.4762144,2.452298,-0.8164975,-12486656
18,17,19,22,"null","null","null",3,35.49196,0.523595,-3.3782663,1.938406,-2.311028,-12486656
19,18,20,21,"null","null","null",2,35.49196,0.658092,-2.7162223,0.8675292,-3.239974,-12486656
24,2,25,30,"null","null","null",4,20.518955,1.6917374,-2.961254,3.1863844,-0.35960123,-12486656
25,24,26,29,"null","null","null",3,20.518955,0.52729416,-3.7671332,2.4522996,-0.665,-12486656
26,25,27,28,"null","null","null",2,20.518955,0.52359474,-3.756462,1.9384072,-1.6186279,-11184866
31,1,32,43,"null","null","null",7,28.801994,2.3408232,-1.3259904,3.4931822,-0.7670549,-11184866
32,31,33,40,"null","null","null",6,28.801994,1.6749496,-2.7374697,3.1863844,-0.5754996,-11184866
33,32,34,39,"null","null","null",4,28.801994,0.52729416,-3.476215,2.4522996,-0.81649476,-11184866
34,33,35,38,"null","null","null",3,28.801994,0.52359474,-3.3782682,1.9384072,-2.3110256,-3014646
35,34,36,37,"null","null","null",2,28.801994,0.6580919,-2.7162247,0.86753106,-3.2399724,-3014646
40,32,41,42,"null","null","null",2,28.801994,3.424879,-0.2750017,2.4441426,-1.504592,-11513776
44,0,45,70,"null","null","null",17,41.93523,3.290567,-0.2891274,3.118393,-1.2264694,-12486656
45,44,46,67,"null","null","null",13,37.964577,2.6331298,-1.3385634,3.656201,-0.3480779,-12486656
46,45,47,66,"null","null","null",11,35.49196,1.6917381,-2.7538147,3.3983088,-0.5754996,-12486656
47,46,48,63,"null","null","null",10,35.49196,0.33849525,-3.4974635,2.727801,-0.951888,-12486656
48,47,49,58,"null","null","null",8,35.49196,0.52359474,-3.4058914,1.799395,-2.4870367,-12486656
49,48,50,55,"null","null","null",5,35.49196,0.6580919,-2.752135,0.58311296,-3.4687867,-11184866
50,49,51,54,"null","null","null",3,35.49196,1.7924058,-2.1365604,0.46288338,-3.6229658,-11184866
51,50,52,53,"null","null","null",2,35.49196,2.8755536,-1.1971887,0.63761264,-3.1081638,-11184866
55,49,56,57,"null","null","null",2,35.49196,0.86650753,-3.4392166,2.4198985,-0.38339424,-12486656
58,48,59,62,"null","null","null",3,35.49196,1.7788441,-2.6272564,3.1628816,-0.4014837,-12486656
59,58,60,61,"null","null","null",2,35.49196,0.6411415,-3.4392154,2.4199007,-0.66423035,-16731116
63,47,64,65,"null","null","null",2,35.49196,2.3612099,-0.41842002,3.664683,-0.7950975,-16731116
67,45,68,69,"null","null","null",2,10.259478,3.7952085,-0.7052624,0.55371827,-2.2791796,-11184866
70,44,71,74,"null","null","null",4,20.518955,3.381466,-1.0122144,0.31716034,-2.9699788,-12486656
71,70,72,73,"null","null","null",2,20.518955,3.7952085,-0.3955158,0.64591235,-2.2791796,-8572416
74,70,75,76,"null","null","null",2,20.518955,0.34452835,-2.854425,0.9791828,-3.1267917,-12486656
