index,parent,child1,child2,name1,name2,common,richness,lengthbr,hxmax,hxmin,hymax,hymin,color
0,-268381061,1,32,"null","null","null",23,34.321754,0.8449203,-3.5064237,2.657907,-0.9035186,-16731116
1,0,2,21,"null","null","null",16,34.321754,0.5235964,-3.4175324,1.8475403,-2.42415,-16731116
2,1,3,20,"null","null","null",10,34.321754,0.6580923,-2.7672668,0.8675207,-3.3870244,-16731116
3,2,4,13,"null","null","null",9,15.090934,2.1643865,-2.1562366,0.46288532,-3.516667,-16731116
4,3,5,10,"null","null","null",5,15.090934,3.3591194,-1.0121982,0.6376135,-2.9699724,-16731116
5,4,6,9,"null","null","null",3,15.090934,3.766147,-0.39551836,1.2371379,-2.2791753,-12486656
6,5,7,8,"null","null","null",2,15.090934,3.4248672,-0.60428894,2.4441621,-1.5045799,-11184866
10,4,11,12,"null","null","null",2,15.090934,0.3445298,-2.8544085,0.9791695,-3.1268055,-16731116
13,3,14,19,"null","null","null",4,15.090934,0.52348137,-3.4551687,2.0102262,-2.472659,-16731116
14,13,15,18,"null","null","null",3,15.090934,0.65274787,-2.8342955,0.9791695,-3.554827,-16731116
15,14,16,17,"null","null","null",2,15.090934,0.9093993,-2.1905572,0.4410557,-3.8270524,-16731116
21,1,22,27,"null","null","null",6,12.306127,1.6207681,-2.8520713,3.2712245,-0.4014799,-16731116
22,21,23,26,"null","null","null",3,12.306127,0.6411311,-3.7314653,2.5607462,-0.6642305,-16731116
23,22,24,25,"null","null","null",2,12.306127,0.50423735,-3.7907996,2.0102274,-1.443347,-16731116
27,21,28,31,"null","null","null",3,12.306127,3.1200047,-0.31738114,2.914011,-1.600191,-16731116
28,27,29,30,"null","null","null",2,12.306127,2.3745217,-0.66423035,3.5997553,-0.41360092,-16731116
32,0,33,40,"null","null","null",7,13.3648615,2.6858716,-1.3502543,3.5074308,-0.79509497,-16731116
33,32,34,39,"null","null","null",4,13.3648615,1.778837,-2.8520708,3.2712243,-0.55929863,-12486656
34,33,35,38,"null","null","null",3,13.3648615,0.6411311,-3.7314653,2.5607462,-0.66423047,-12486656
35,34,36,37,"null","null","null",2,13.3648615,0.50423735,-3.7907996,2.0102274,-1.443347,-12486656
40,32,41,44,"null","null","null",3,13.3648615,3.7903342,-0.73706764,1.0472639,-2.3134413,-16731116
41,40,42,43,"null","null","null",2,13.3648615,3.5117006,-0.5905174,2.2880514,-1.6001917,-16731116
