index,parent,child1,child2,name1,name2,common,richness,lengthbr,hxmax,hxmin,hymax,hymin,color
0,-268341224,1,56,"null","null","null",56,13.686253,3.700975,-0.41857052,1.8114644,-2.3881536,-16731116
1,0,2,47,"","null","Tyrannulets, Tit-Tyrants, Doraditos and more",28,12.391712,3.2905602,-0.6167606,3.0967636,-1.2264555,-16731116
2,1,3,44,"null","null","null",23,10.76417,2.6331239,-1.3385825,3.6280699,-0.34808096,-16731116
3,2,4,43,"null","null","null",21,9.502857,1.6917254,-2.753828,3.3617296,-0.5755017,-16731116
4,3,5,26,"null","null","null",20,8.059319,0.33848423,-3.4974656,2.6802487,-0.9035262,-16731116
5,4,6,17,"null","null","null",11,7.549838,0.52359736,-3.4058833,1.8475344,-2.4241562,-16731116
6,5,7,14,"null","null","null",6,5.514785,0.65809256,-2.7521224,0.58309335,-3.3870273,-16731116
7,6,8,13,"","null","Doraditos",4,3.1984727,2.1815925,-2.136552,0.46288642,-3.516666,-16731116
8,7,9,12,"null","null","null",3,1.9644015,3.381482,-1.1971738,0.6376139,-2.9699693,-16731116
9,8,10,11,"null","null","null",2,0.9539233,3.7952132,-0.39551952,0.6459111,-2.279173,-16731116
14,6,15,16,"null","null","null",2,0.55942386,0.86650467,-3.439228,2.4198787,-0.383396,-16731116
17,5,18,23,"null","null","null",5,5.913801,1.79485,-2.8520768,3.2712202,-0.40147778,-16731116
18,17,19,22,"null","null","null",3,1.342721,0.6411255,-3.7314677,2.5607407,-0.6642306,-16731116
19,18,20,21,"null","null","null",2,0.8549516,0.50423837,-3.7907982,2.0102236,-1.4433559,-16731116
23,17,24,25,"null","null","null",2,1.8460656,3.5116968,-0.3173793,2.2880588,-1.6001878,-12486656
26,4,27,42,"null","null","null",9,7.0026016,2.361207,-1.2045348,3.557705,-0.79509366,-16731116
27,26,28,37,"","null","Tit-tyrants",8,4.7962646,1.6207643,-2.662632,3.3365774,-0.55929935,-16731116
28,27,29,36,"null","null","null",5,4.037173,0.6411255,-3.4851897,2.6457052,-0.6642306,-16731116
29,28,30,33,"null","null","null",4,3.1240945,0.50423837,-3.4706368,2.1206777,-2.1434178,-12486656
30,29,31,32,"null","null","null",2,2.4262865,0.6527481,-2.8544035,0.979166,-3.1268096,-12486656
33,29,34,35,"null","null","null",2,1.1049886,1.8611649,-1.7914449,3.7111757,-0.44286114,-16731116
37,27,38,41,"null","null","null",3,1.8322222,3.120004,-0.3173793,2.9140162,-1.6001878,-16731116
38,37,39,40,"null","null","null",2,0.6013136,2.3745213,-0.66423035,3.5997584,-0.4135964,-16731116
44,2,45,46,"null","null","null",2,3.9393167,3.7952118,-0.705258,0.5537415,-2.2791743,-16731116
47,1,48,53,"null","null","null",5,9.219013,3.35912,-1.0121977,0.3171621,-2.9699712,-16731116
48,47,49,52,"null","null","null",3,8.285294,3.7661467,-0.3955186,1.2371399,-2.2791743,-16731116
49,48,50,51,"null","null","null",2,2.7777557,3.4248662,-0.60428905,2.4441638,-1.5045791,-16731116
53,47,54,55,"null","null","null",2,2.9760134,0.34452996,-2.8544092,0.97917,-3.1268048,-16731116
56,0,57,108,"null","null","null",28,13.394266,2.1293314,-2.3054051,0.6001805,-3.6629992,-16731116
57,56,58,93,"","null","Elaenias",26,13.394266,3.3135464,-1.0703793,0.6376136,-3.1602035,-16731116
58,57,59,90,"null","null","null",18,11.722465,3.706901,-0.3955186,1.699193,-2.526476,-16731116
59,58,60,89,"null","null","null",16,10.304825,3.3478467,-0.60428905,3.0448327,-1.5045791,-16731116
60,59,61,84,"null","null","null",15,8.830011,2.6858687,-1.1974933,3.6646101,-0.32388222,-16731116
61,60,62,83,"null","null","null",12,7.8860283,1.7788329,-2.6534781,3.4755545,-0.55929935,-16731116
62,61,63,76,"null","null","null",11,7.037405,0.5617593,-3.4732897,2.8263755,-0.751807,-16731116
63,62,64,73,"null","null","null",7,4.0363407,0.50423837,-3.4551668,2.1206777,-2.2960882,-16731116
64,63,65,72,"null","null","null",5,2.9852052,0.6527481,-2.8342924,0.979166,-3.3252807,-16731116
65,64,66,71,"null","null","null",4,2.4609923,2.0262957,-2.190555,0.4410565,-3.5286388,-16731116
66,65,67,70,"null","null","null",3,2.0447903,3.2790914,-1.3026721,0.6278838,-3.022941,-16731116
67,66,68,69,"null","null","null",2,1.5811142,3.7626123,-0.371992,0.6527467,-2.3134387,-16731116
73,63,74,75,"null","null","null",2,3.3496492,1.8611649,-1.7914449,3.7111757,-0.44286114,-16731116
76,62,77,80,"null","null","null",4,5.002781,2.7051477,-0.47382355,3.7909288,-0.8210838,-16731116
77,76,78,79,"null","null","null",2,4.1471443,1.8611649,-1.7914449,3.7111757,-0.54197514,-16731116
80,76,81,82,"null","null","null",2,1.3661512,3.7190466,-0.767051,0.4290241,-2.34082,-16731116
84,60,85,88,"null","null","null",3,2.6815279,3.790333,-0.7370663,1.0472718,-2.3134398,-16731116
85,84,86,87,"null","null","null",2,0.8975062,3.5116968,-0.5905179,2.2880588,-1.6001878,-12486656
90,58,91,92,"null","null","null",2,9.082382,0.9093985,-2.1905575,0.6366799,-3.827052,-16731116
93,57,94,107,"null","null","null",8,11.346306,0.4220507,-2.9853177,0.97917,-3.3252778,-16731116
94,93,95,104,"null","null","null",7,10.38736,2.0426931,-2.3868856,0.4410556,-3.5286388,-16731116
95,94,96,101,"null","null","null",5,6.5135155,3.300412,-1.1514426,0.6278834,-3.022943,-16731116
96,95,97,100,"null","null","null",3,5.5199966,3.790333,-0.37199104,1.0472718,-2.3134398,-16731116
97,96,98,99,"null","null","null",2,2.4668758,3.5116968,-0.5905179,2.2880588,-1.6001878,-16731116
101,95,102,103,"null","null","null",2,3.0117435,0.33095637,-2.9852285,1.0892012,-3.0051725,-16731116
104,94,105,106,"null","null","null",2,1.8722086,0.562398,-3.8140666,2.0763648,-1.2662427,-16731116
108,56,109,110,"null","null","null",2,3.3808832,0.52348095,-3.7907996,2.0102258,-1.4433501,-16731116
