index,parent,child1,child2,name1,name2,common,richness,lengthbr,hxmax,hxmin,hymax,hymin,color
0,-268045275,1,84,"null","null","null",68,18.0,0.5419733,-3.4007163,1.8248655,-2.5731778,-16731116
1,0,2,71,"null","null","null",42,9.200001,0.6619247,-2.7339172,0.6720467,-3.4750948,-12486656
2,1,3,62,"null","null","null",35,8.751229,2.15973,-2.0607502,0.48397252,-3.5424185,-12486656
3,2,4,37,"null","null","null",30,8.751229,3.2514246,-0.8957361,0.6459121,-2.9723644,-16731116
4,3,5,24,"null","null","null",17,8.751229,3.5280137,-0.41856888,1.8281019,-2.3231223,-16731116
5,4,6,21,"null","null","null",10,8.751229,3.065714,-0.6167598,3.1183991,-1.2878778,-16731116
6,5,7,20,"null","null","null",8,8.751229,2.340822,-1.3385733,3.6562035,-0.34807926,-16731116
7,6,8,19,"null","null","null",7,8.751229,1.6917316,-2.753822,3.3983078,-0.5755006,-16731116
8,7,9,16,"null","null","null",6,8.751229,0.33848977,-3.4974651,2.7278001,-1.044389,-16731116
9,8,10,15,"null","null","null",4,8.751229,0.52359605,-3.4058878,1.9384017,-2.607283,-16731116
10,9,11,14,"null","null","null",3,8.751229,0.6580922,-2.752129,0.8675231,-3.6250997,-16731116
11,10,12,13,"null","null","null",2,8.751229,1.0880196,-2.1365566,0.4628849,-3.8261666,-16731116
16,8,17,18,"null","null","null",2,8.751229,2.3612087,-0.4184208,3.664688,-0.79509544,-16731116
21,5,22,23,"null","null","null",2,8.751229,2.8755598,-1.197184,0.3171611,-3.108158,-12486656
24,4,25,34,"null","null","null",7,8.751229,2.0156503,-2.3054097,0.6001831,-3.5166678,-12486656
25,24,26,33,"null","null","null",5,8.751229,3.1657667,-1.197184,0.63761306,-2.969975,-12486656
26,25,27,32,"null","null","null",4,8.751229,3.514793,-0.3955173,1.6992316,-2.279177,-12486656
27,26,28,31,"null","null","null",3,8.751229,3.0981092,-0.60428834,3.0448883,-1.5045842,-12486656
28,27,29,30,"null","null","null",2,8.751229,2.3612087,-0.6619246,3.664688,-0.32388085,-16731116
34,24,35,36,"null","null","null",2,8.751229,0.52348316,-3.7908006,2.0102296,-1.4433415,-16731116
37,3,38,61,"null","null","null",13,8.751229,0.44187522,-2.772562,0.902599,-3.387022,-16731116
38,37,39,56,"null","null","null",12,8.751229,2.0156503,-2.1631181,0.46288437,-3.5166678,-16731116
39,38,40,51,"null","null","null",9,8.751229,3.1657667,-1.0032645,0.63761306,-2.969975,-12486656
40,39,41,50,"null","null","null",6,8.751229,3.514793,-0.3955173,1.7809238,-2.279177,-12486656
41,40,42,47,"null","null","null",5,8.751229,3.0981092,-0.60428834,3.1510882,-1.4209479,-12486656
42,41,43,46,"null","null","null",3,8.751229,2.3612087,-0.66484976,3.8027482,-0.32388085,-16731116
43,42,44,45,"null","null","null",2,8.751229,1.7788374,-1.9610459,3.6551375,-0.55929846,-16731116
47,41,48,49,"null","null","null",2,8.751229,2.738492,-1.3026805,0.3032005,-3.2226999,-11184866
51,39,52,55,"null","null","null",3,8.751229,0.3445292,-2.834299,0.9791745,-3.5548234,-12486656
52,51,53,54,"null","null","null",2,8.751229,0.90939116,-2.1905596,0.44105467,-3.8270519,-11184866
56,38,57,60,"null","null","null",3,8.751229,0.52348316,-3.4706445,2.0102296,-2.143404,-16731116
57,56,58,59,"null","null","null",2,8.751229,0.65274763,-2.8544147,0.9791745,-3.1268,-11513776
62,2,63,70,"null","null","null",5,8.751229,0.48358613,-3.405889,1.9384036,-2.487041,-11184866
63,62,64,69,"null","null","null",4,8.751229,0.6580921,-2.7521312,0.8675258,-3.4687872,-12486656
64,63,65,68,"null","null","null",3,8.751229,1.7924141,-2.136558,0.46288437,-3.6229625,-11184866
65,64,66,67,"null","null","null",2,8.751229,2.8755598,-1.197184,0.63761306,-3.108158,-11184866
71,1,72,79,"null","null","null",7,4.7897153,0.84492123,-3.4974644,2.7891612,-1.0443852,-16731116
72,71,73,78,"null","null","null",4,4.7897153,0.5235956,-3.405889,1.9384036,-2.60728,-16731116
73,72,74,77,"null","null","null",3,4.7897153,0.6580921,-2.7521312,0.8675258,-3.625098,-11513776
74,73,75,76,"null","null","null",2,4.7897153,1.0880151,-2.136558,0.46288437,-3.8261666,-11513776
79,71,80,83,"null","null","null",3,4.7897153,2.361209,-0.6648422,3.8027482,-0.79509616,-11513776
80,79,81,82,"null","null","null",2,4.7897153,1.7788409,-1.9610388,3.6551402,-0.5592979,-11513776
84,0,85,130,"null","null","null",26,13.898716,1.5297158,-2.7607102,3.398308,-0.35959995,-16731116
85,84,86,127,"null","null","null",23,13.898716,0.33849293,-3.5064235,2.7278006,-0.9701154,-16731116
86,85,87,124,"null","null","null",21,13.898716,0.5235953,-3.417537,2.0181746,-2.5107303,-16731116
87,86,88,113,"null","null","null",19,13.898716,0.658092,-2.7672737,0.72600555,-3.4995852,-16731116
88,87,89,106,"null","null","null",13,13.898716,2.015648,-2.1562424,0.462884,-3.663001,-16731116
89,88,90,99,"null","null","null",9,13.898716,3.1657653,-1.0032662,0.63761294,-3.1602087,-16731116
90,89,91,96,"null","null","null",5,13.898716,3.5147927,-0.39551693,1.699229,-2.5264804,-16731116
91,90,92,95,"null","null","null",3,13.898716,3.0981097,-0.60428816,3.0448864,-1.504586,-16731116
92,91,93,94,"null","null","null",2,13.898716,2.361209,-0.66192466,3.6646872,-0.3238805,-16731116
96,90,97,98,"null","null","null",2,13.898716,0.9093885,-2.1905603,0.6366825,-3.827052,-16731116
99,89,100,103,"null","null","null",4,13.898716,0.344529,-2.8343003,0.916963,-3.5548224,-16731116
100,99,101,102,"null","null","null",2,13.898716,0.9093885,-2.1905603,0.44105434,-3.827052,-16731116
103,99,104,105,"null","null","null",2,13.898716,0.8857579,-3.3442557,2.571185,-0.37080058,-16777216
106,88,107,112,"null","null","null",4,13.898716,0.52348375,-3.4551716,2.0102305,-2.472651,-16731116
107,106,108,111,"null","null","null",3,13.898716,0.6527475,-2.8343003,0.9791763,-3.5548224,-11513776
108,107,109,110,"null","null","null",2,13.898716,0.9093885,-2.1905603,0.44105434,-3.827052,-11513776
113,87,114,121,"null","null","null",6,13.898716,0.86650693,-3.473287,2.7414122,-0.8876195,-16731116
114,113,115,120,"null","null","null",4,13.898716,0.50423646,-3.4551716,2.0102305,-2.472651,-16731116
115,114,116,119,"null","null","null",3,13.898716,0.6527475,-2.8343003,0.9791763,-3.5548224,-16731116
116,115,117,118,"null","null","null",2,13.898716,0.9093885,-2.1905603,0.44105434,-3.827052,-16731116
121,113,122,123,"null","null","null",2,13.898716,2.3745222,-0.40725178,3.5997522,-0.8210863,-11513776
124,86,125,126,"null","null","null",2,13.898716,1.7788415,-1.9610368,3.6551409,-0.40148243,-16731116
127,85,128,129,"null","null","null",2,13.898716,2.3612094,-0.41842037,3.664685,-0.79509664,-11513776
130,84,131,134,"null","null","null",3,13.898716,3.0981102,-0.2750001,3.0448825,-1.5045884,-16731116
131,130,132,133,"null","null","null",2,13.898716,2.3612094,-0.6619247,3.664685,-0.32387987,-11513776
