index,parent,child1,child2,name1,name2,common,richness,lengthbr,hxmax,hxmin,hymax,hymin,color
0,-268371964,1,178,"null","null","null",107,29.4,3.3900366,-0.7997968,0.6527476,-2.892451,-16731116
1,0,2,105,"null","null","null",89,29.4,3.6128302,-0.44105446,1.8643999,-2.2661567,-16731116
2,1,3,72,"null","null","null",52,29.4,3.1323938,-0.6278829,3.068636,-1.1618803,-16731116
3,2,4,43,"null","null","null",35,12.900001,2.4557242,-1.5127426,3.4890292,-0.37198985,-16731116
4,3,5,42,"null","null","null",20,12.900001,1.6001925,-2.8931751,3.1200047,-0.59051716,-16731116
5,4,6,41,"Acomys","some","Spiny Mice",19,12.8,0.4136023,-3.57267,2.3745217,-1.1122053,-16731116
6,5,7,32,"null","null","null",18,5.3,0.5419742,-3.427443,1.7306699,-2.621345,-16731116
7,6,8,31,"null","null","null",13,5.3,0.67644286,-2.7686617,0.75469357,-3.5377069,-16731116
8,7,9,28,"null","null","null",12,5.3,2.2620807,-2.216555,0.48397362,-3.6238096,-16731116
9,8,10,23,"null","null","null",10,5.3,3.3844752,-0.8866502,0.6459125,-3.0781713,-16731116
10,9,11,20,"null","null","null",7,5.3,3.7009747,-0.41857004,1.9147041,-2.4606736,-16731116
11,10,12,19,"null","null","null",5,5.0,3.290561,-0.61676043,3.230977,-1.4052795,-16731116
12,11,13,16,"null","null","null",4,5.0,2.6331246,-0.85625833,3.8025496,-0.3480805,-16731116
13,12,14,15,"null","null","null",2,5.0,1.6917273,-2.1268084,3.5885549,-0.5755014,-16731116
16,12,17,18,"null","null","null",2,5.0,3.7952113,-0.7052587,0.553738,-2.2791753,-16731116
20,10,21,22,"null","null","null",2,5.3,1.0880215,-2.1365557,0.6001812,-3.8261662,-16731116
23,9,24,27,"null","null","null",3,5.3,0.3578289,-2.752128,0.90259814,-3.6251001,-16731116
24,23,25,26,"null","null","null",2,2.2,1.0880215,-2.1365557,0.46288514,-3.8261662,-16731116
28,8,29,30,"null","null","null",2,5.3,0.48358405,-3.7564588,1.9384009,-1.6186419,-16731116
32,6,33,38,"null","null","null",5,5.3,1.6749398,-2.9612615,3.186377,-0.3595978,-16731116
33,32,34,37,"null","null","null",3,5.3,0.52728534,-3.7671356,2.4522903,-0.665,-16731116
34,33,35,36,"null","null","null",2,5.3,0.5235962,-3.7564588,1.9384009,-1.6186419,-16731116
38,32,39,40,"null","null","null",2,5.3,3.424872,-0.2750006,2.4441543,-1.504585,-16731116
43,3,44,67,"Lophuromys","null","Brush-furred Rats and more",15,6.2,3.5280132,-0.67175376,1.7316401,-2.370364,-12486656
44,43,45,58,"null","null","null",12,6.2,3.065713,-0.61675996,2.9929976,-1.2264621,-16731116
45,44,46,57,"null","null","null",7,6.2,2.3408213,-1.3385744,3.4931803,-0.3480795,-16731116
46,45,47,56,"null","null","null",6,6.2,1.6917307,-2.7538228,3.186377,-0.5755007,-16731116
47,46,48,55,"null","null","null",5,6.0,0.52728534,-3.4974651,2.4522903,-1.0443909,-16731116
48,47,49,54,"null","null","null",4,6.0,0.5235962,-3.4058871,1.9384009,-2.6072845,-16731116
49,48,50,53,"null","null","null",3,6.0,0.65809226,-2.752128,0.86752254,-3.6251001,-16731116
50,49,51,52,"null","null","null",2,6.0,1.0880215,-2.1365557,0.46288514,-3.8261662,-16777216
58,44,59,64,"null","null","null",5,6.2,3.3591168,-1.0122063,0.31716126,-2.969975,-12486656
59,58,60,63,"null","null","null",3,4.4,3.7661486,-0.39551717,1.2371283,-2.2791767,-12486656
60,59,61,62,"null","null","null",2,4.4,3.424872,-0.6042883,2.4441543,-1.504585,-16731116
64,58,65,66,"null","null","null",2,6.2,0.34452915,-2.8544173,0.9791769,-3.126798,-16731116
67,43,68,71,"null","null","null",3,6.2,1.7924132,-2.136558,0.6001827,-3.6229632,-12486656
68,67,69,70,"null","null","null",2,6.2,2.875559,-1.1971848,0.637613,-3.1081588,-11184866
72,2,73,98,"Niviventer","null","White-bellied Rats and more",17,20.5,3.3844724,-0.9287933,0.33095568,-3.0087037,-16731116
73,72,74,93,"null","null","null",13,20.5,3.700975,-0.41856912,1.7316401,-2.370364,-16731116
74,73,75,90,"null","null","null",10,20.5,3.290563,-0.61675996,2.9929976,-1.2878772,-16731116
75,74,76,87,"null","null","null",8,20.5,2.6331263,-1.3385744,3.4931803,-0.3480795,-16731116
76,75,77,86,"null","null","null",6,20.5,1.6917307,-2.7538228,3.186377,-0.5755007,-16731116
77,76,78,85,"null","null","null",5,20.5,0.52728534,-3.4974651,2.4522903,-1.0443909,-16731116
78,77,79,84,"null","null","null",4,20.5,0.5235962,-3.4058871,1.9384009,-2.6072845,-16731116
79,78,80,83,"null","null","null",3,20.5,0.65809226,-2.752128,0.86752254,-3.6251001,-12486656
80,79,81,82,"null","null","null",2,20.5,1.0880215,-2.1365557,0.46288514,-3.8261662,-11184866
87,75,88,89,"null","null","null",2,20.5,3.79521,-0.70526004,0.55373085,-2.2791767,-16731116
90,74,91,92,"null","null","null",2,20.5,2.875559,-1.1971848,0.31716126,-3.1081588,-16731116
93,73,94,97,"null","null","null",3,20.5,1.7924132,-2.136558,0.6001827,-3.6229632,-16731116
94,93,95,96,"null","null","null",2,20.5,2.875559,-1.1971848,0.637613,-3.1081588,-16731116
98,72,99,104,"null","null","null",4,20.5,0.35782835,-2.7521315,0.90259886,-3.4687872,-16731116
99,98,100,103,"null","null","null",3,7.4,1.7924132,-2.136558,0.46288425,-3.6229632,-16731116
100,99,101,102,"null","null","null",2,7.4,2.875559,-1.1971848,0.637613,-3.1081588,-16731116
105,1,106,159,"Mus","null","null",37,13.7,2.2620752,-2.0607495,0.5624,-3.542418,-16731116
106,105,107,142,"null","null","null",27,13.7,3.3844724,-0.89094037,0.64591223,-2.9723635,-16731116
107,106,108,125,"null","null","null",18,7.7,3.700975,-0.41856912,1.7316401,-2.3231215,-16731116
108,107,109,122,"null","null","null",9,7.7,3.290563,-0.61675996,2.9929976,-1.2878772,-16731116
109,108,110,119,"null","null","null",7,7.7,2.6331263,-1.4981427,3.4931803,-0.3480795,-16731116
110,109,111,116,"null","null","null",5,7.7,1.6749398,-2.9612615,3.186377,-0.5755007,-16731116
111,110,112,115,"null","null","null",3,7.7,0.52728534,-3.7671356,2.4522903,-0.665,-16731116
112,111,113,114,"null","null","null",2,7.7,0.5235962,-3.7564588,1.9384009,-1.6186419,-16731116
116,110,117,118,"null","null","null",2,7.7,3.424872,-0.2750006,2.4441543,-1.504585,-16731116
119,109,120,121,"null","null","null",2,7.7,3.79521,-0.70526004,0.55373085,-2.2791767,-16731116
122,108,123,124,"null","null","null",2,7.7,2.875559,-1.1971848,0.31716126,-3.1081588,-16731116
125,107,126,141,"null","null","null",9,7.7,2.015649,-2.136558,0.6001827,-3.5166678,-16731116
126,125,127,136,"null","null","null",8,7.7,3.1657658,-1.0032655,0.637613,-2.969975,-16731116
127,126,128,135,"null","null","null",5,7.7,3.5147924,-0.39551717,1.7809232,-2.2791767,-16731116
128,127,129,134,"null","null","null",4,7.7,3.0981088,-0.6042883,3.1510878,-1.504585,-16731116
129,128,130,133,"null","null","null",3,7.7,2.3612084,-0.6648486,3.8027482,-0.32388073,-16731116
130,129,131,132,"null","null","null",2,7.7,1.778838,-1.9610449,3.655138,-0.5592984,-16731116
136,126,137,140,"null","null","null",3,7.7,0.34452915,-2.8343005,0.9791769,-3.554822,-16731116
137,136,138,139,"null","null","null",2,7.7,0.90938765,-2.1905606,0.44105422,-3.827052,-16731116
142,106,143,152,"null","null","null",9,4.1,0.5695108,-2.7617736,0.90259886,-3.3870215,-16731116
143,142,144,151,"null","null","null",5,4.1,2.1815767,-2.136558,0.46288425,-3.5166678,-16731116
144,143,145,148,"null","null","null",4,4.1,3.3814716,-1.0122063,0.637613,-2.969975,-16731116
145,144,146,147,"null","null","null",2,4.1,3.79521,-0.39551717,0.6459119,-2.2791767,-16731116
148,144,149,150,"null","null","null",2,4.1,0.34452915,-2.8544173,0.9791769,-3.126798,-16731116
152,142,153,158,"null","null","null",4,4.1,0.8665067,-3.4851916,2.56075,-0.6343514,-16731116
153,152,154,157,"null","null","null",3,4.1,0.50423664,-3.4706464,2.01023,-2.1434019,-16731116
154,153,155,156,"null","null","null",2,4.1,0.6527476,-2.8544173,0.9791769,-3.126798,-16731116
159,105,160,169,"null","null","null",10,13.7,0.48358572,-3.4058893,1.8475437,-2.4870417,-12486656
160,159,161,166,"null","null","null",5,0.3,0.65809214,-2.7521315,0.583107,-3.4687872,-16731116
161,160,162,165,"null","null","null",3,0.3,1.7924132,-2.136558,0.46288425,-3.6229632,-12486656
162,161,163,164,"null","null","null",2,0.3,2.875559,-1.1971848,0.637613,-3.1081588,-12486656
166,160,167,168,"null","null","null",2,0.3,0.8665067,-3.4392204,2.419892,-0.38339478,-16731116
169,159,170,177,"null","null","null",5,11.2,1.7788389,-2.6626267,3.2712262,-0.4014814,-12486656
170,169,171,176,"null","null","null",4,11.2,0.6411331,-3.4851902,2.5607486,-0.66423047,-12486656
171,170,172,175,"null","null","null",3,11.2,0.50423694,-3.4706433,2.0102289,-2.1434062,-12486656
172,171,173,174,"null","null","null",2,11.2,0.6527477,-2.854413,0.9791734,-3.1268015,-12486656
178,0,179,200,"null","null","null",18,29.4,0.5977107,-2.7339172,0.8857578,-3.5377054,-16731116
179,178,180,193,"null","null","null",11,19.8,2.1597314,-2.0607495,0.48397276,-3.6238115,-16731116
180,179,181,190,"","some","Rock Rats",7,19.8,3.2514253,-0.87069386,0.64591223,-3.078175,-16731116
181,180,182,187,"null","null","null",5,19.8,3.5280132,-0.41856912,1.8652868,-2.4606767,-16731116
182,181,183,186,"null","null","null",3,19.8,3.065713,-0.61675996,3.1667385,-1.4052837,-16731116
183,182,184,185,"null","null","null",2,19.8,2.3408213,-0.6580919,3.7190437,-0.3480795,-16777216
187,181,188,189,"null","null","null",2,19.8,1.0880142,-2.136558,0.6001827,-3.8261666,-16731116
190,180,191,192,"null","null","null",2,19.8,0.35782835,-2.716219,0.90259886,-3.239977,-16731116
193,179,194,199,"null","null","null",4,19.8,0.48358572,-3.4058893,1.9384029,-2.6072805,-16731116
194,193,195,198,"null","null","null",3,19.8,0.65809214,-2.7521315,0.8675264,-3.6250978,-16731116
195,194,196,197,"null","null","null",2,5.0,1.0880142,-2.136558,0.46288425,-3.8261666,-16731116
200,178,201,210,"null","null","null",7,21.5,0.8449211,-3.4974651,2.7278004,-0.9518948,-16731116
201,200,202,209,"Pelomys","null","Groove-toothed Swamp Rats",5,20.6,0.52359575,-3.4058893,1.9384029,-2.4870417,-16731116
202,201,203,208,"null","null","null",4,20.6,0.65809214,-2.7521315,0.8675264,-3.4687872,-16731116
203,202,204,207,"null","null","null",3,20.6,1.7924132,-2.136558,0.46288425,-3.6229632,-16731116
204,203,205,206,"null","null","null",2,20.6,2.875559,-1.1971848,0.637613,-3.1081588,-16731116
210,200,211,212,"Mylomys","null","null",2,5.6,2.361209,-0.4184206,3.6646872,-0.7950959,-16731116
