index,parent,child1,child2,name1,name2,common,richness,lengthbr,hxmax,hxmin,hymax,hymin,color
0,-268236743,1,92,"null","null","null",48,33.8,3.425024,-0.72748053,0.6527473,-2.8343048,-16777216
1,0,2,91,"null","null","null",46,33.6,3.658319,-0.44105315,1.9703727,-2.1905634,-16777216
2,1,3,80,"null","null","null",45,33.600002,3.1915317,-0.6278822,3.206407,-1.1166914,-16777216
3,2,4,49,"null","null","null",39,31.0,2.5326014,-1.5127318,3.6681395,-0.3719881,-16777216
4,3,5,46,"null","null","null",23,31.0,1.5501502,-2.8931684,3.3528528,-0.590516,-16777216
5,4,6,29,"null","null","null",21,19.5,0.38600314,-3.5726707,2.6772232,-1.0522618,-16777216
6,5,7,24,"null","null","null",12,19.5,0.5419725,-3.4274511,1.7062056,-2.543426,-16777216
7,6,8,17,"null","null","null",9,17.6,0.72911084,-2.768673,0.5223338,-3.4364223,-16777216
8,7,9,14,"","null","Bearded Dragons",5,8.8,2.330555,-2.216564,0.4839716,-3.4921482,-16777216
9,8,10,13,"null","null","null",3,7.8,3.473502,-1.0892128,0.6459118,-2.9070141,-16777216
10,9,11,12,"null","null","null",2,3.1,3.8167186,-0.41856784,0.73104984,-2.238165,-16777216
14,8,15,16,"null","null","null",2,5.3,0.48358798,-3.756462,1.9384072,-1.6186279,-16777216
17,7,18,23,"null","null","null",4,9.5,0.8449223,-3.476215,2.4522996,-0.81649476,-16777216
18,17,19,22,"null","null","null",3,8.7,0.52359474,-3.3782682,1.9384072,-2.3110256,-16777216
19,18,20,21,"null","null","null",2,8.7,0.6580919,-2.7162247,0.86753106,-3.2399724,-16777216
24,6,25,28,"null","null","null",3,19.3,1.6917387,-2.7746062,3.1313152,-0.35960186,-16777216
25,24,26,27,"null","null","null",2,19.3,0.52729595,-3.524493,2.3807096,-0.665,-16777216
29,5,30,41,"null","null","null",9,19.5,2.6202166,-1.3259888,3.6562004,-0.76705533,-16777216
30,29,31,40,"null","null","null",6,19.5,1.6917396,-2.737469,3.398309,-0.57549936,-16777216
31,30,32,37,"null","null","null",5,16.0,0.33849633,-3.4762154,2.7278013,-0.8164922,-16777216
32,31,33,36,"null","null","null",3,15.8,0.5235944,-3.37827,1.9384081,-2.3110232,-16777216
33,32,34,35,"null","null","null",2,7.3,0.6580918,-2.716227,0.86753273,-3.2399707,-16777216
37,31,38,39,"null","null","null",2,15.8,2.36121,-0.41841984,3.6646824,-0.7950978,-16777216
41,29,42,45,"null","null","null",3,19.3,3.766152,-0.7052629,1.2371116,-2.27918,-16777216
42,41,43,44,"null","null","null",2,19.3,3.4248805,-0.60428715,2.4441402,-1.5045936,-16777216
46,4,47,48,"","null","Heath Dragons",2,29.1,3.3284197,-0.2891272,2.5944867,-1.4052919,-16777216
49,3,50,79,"","null","Comb-bearing Dragons",16,22.099998,3.700976,-0.6717566,1.8280911,-2.2381659,-16777216
50,49,51,76,"null","null","null",15,17.199999,3.2905679,-0.61675906,3.118391,-1.2878882,-16777216
51,50,52,73,"null","null","null",13,16.8,2.6331306,-1.3840389,3.6562004,-0.34807754,-16777216
52,51,53,72,"null","null","null",11,16.199999,1.6917396,-2.812934,3.398309,-0.57549936,-16777216
53,52,54,69,"null","null","null",10,15.999999,0.33849633,-3.5743198,2.7278013,-0.90350294,-16777216
54,53,55,68,"null","null","null",8,14.099999,0.5235944,-3.5058057,1.9384081,-2.424137,-16777216
55,54,56,67,"null","null","null",7,13.9,0.6580918,-2.8820236,0.86753273,-3.387019,-16777216
56,55,57,64,"null","null","null",6,12.5,2.164374,-2.3054147,0.46288306,-3.5166693,-16777216
57,56,58,63,"null","null","null",4,7.8,3.359114,-1.1971903,0.63761246,-2.9699788,-16777216
58,57,59,62,"null","null","null",3,4.1,3.7661505,-0.39551586,1.2371175,-2.2791793,-16777216
59,58,60,61,"null","null","null",2,3.9,3.4248772,-0.6042875,2.4441457,-1.5045903,-16777216
64,56,65,66,"null","null","null",2,9.5,0.52348554,-3.7908022,2.0102336,-1.4433308,-16777216
69,53,70,71,"null","null","null",2,12.2,2.36121,-0.41841984,3.6646824,-0.7950978,-16777216
73,51,74,75,"null","null","null",2,10.6,3.795208,-0.7052629,0.55371547,-2.27918,-16777216
76,50,77,78,"null","null","null",2,15.1,2.8755488,-1.1971924,0.31716013,-3.1081684,-16777216
80,2,81,90,"null","null","null",6,33.600002,3.2514203,-1.0892141,0.33095467,-2.9070153,-16777216
81,80,82,89,"null","null","null",5,33.4,3.5280132,-0.4185676,1.865274,-2.2381659,-16777216
82,81,83,86,"null","null","null",4,33.4,3.0657163,-0.61675906,3.1667287,-1.2878882,-16777216
83,82,84,85,"null","null","null",2,22.8,2.3408237,-0.65809226,3.7190394,-0.34807754,-16777216
86,82,87,88,"null","null","null",2,31.9,2.8755488,-1.1971924,0.31716013,-3.1081684,-16777216
92,0,93,94,"","null","Water Dragons",2,32.4,0.3707999,-2.5711951,0.8857589,-3.3442495,-16777216
