index,parent,child1,child2,name1,name2,common,richness,lengthbr,hxmax,hxmin,hymax,hymin,color
0,-268306431,1,164,"null","null","null",1133,57.0,2.3693311,-1.8202676,3.6569128,-0.41856912,-12486656
1,0,2,3,"null","null","null",844,55.2,1.3110098,-3.1082134,3.233282,-0.61675996,-12486656
2,1,-268348416,-268354560,"null","null","null",763,53.8,0.3480795,-3.642961,2.558661,-1.3438754,-12486656
3,1,4,111,"CERATOPHRYIDAE","null","Common Horned Frogs",81,48.799995,3.1602068,-0.31716126,3.2778976,-1.0306122,-11184866
4,3,5,108,"null","null","null",54,44.29734,2.5264788,-1.6694376,3.6605623,-0.39551753,-11184866
5,4,6,93,"null","null","null",52,43.87824,1.4246784,-3.006155,3.2876089,-0.60428846,-11184866
6,5,7,66,"null","null","null",44,43.87824,0.32388112,-3.6143339,2.6075585,-1.1974869,-11184866
7,6,8,53,"null","null","null",30,43.87824,0.55929863,-3.4101982,1.7338032,-2.6534734,-11184866
8,7,9,50,"null","null","null",23,43.87824,0.8246769,-2.7414122,0.41481906,-3.473288,-11184866
9,8,10,49,"null","null","null",21,43.87824,2.3908234,-2.0102282,0.5042372,-3.4551697,-11184866
10,9,11,48,"null","null","null",20,43.87824,3.448443,-0.9791728,0.65274775,-2.8342974,-11184866
11,10,12,47,"null","null","null",19,43.87824,3.6887553,-0.44105512,1.9801664,-2.1905584,-11184866
12,11,13,32,"null","null","null",18,43.87824,3.2310948,-0.6278832,3.219129,-1.1618762,-11184866
13,12,14,29,"null","null","null",10,43.87824,2.5840368,-1.4436026,3.684667,-0.37199056,-11184866
14,13,15,24,"null","null","null",8,43.87824,1.4333814,-2.8032904,3.3743324,-0.59051764,-11184866
15,14,16,21,"null","null","null",5,43.87824,0.29949006,-3.4558165,2.705148,-0.9977443,-11184866
16,15,17,20,"null","null","null",3,43.87824,0.5419747,-3.2755313,1.8611665,-2.4725435,-8572416
17,16,18,19,"null","null","null",2,43.87824,0.66192496,-2.571176,0.7546901,-3.3442616,-11513776
21,15,22,23,"null","null","null",2,43.87824,2.3408208,-0.4290239,3.7190452,-0.7670516,-11184866
24,14,25,28,"null","null","null",3,43.87824,3.065712,-0.2891289,3.1667423,-1.4052806,-8572416
25,24,26,27,"null","null","null",2,43.87824,2.3408208,-0.6580918,3.7190452,-0.34808022,-11184866
29,13,30,31,"null","null","null",2,43.87824,3.8167202,-0.67175275,0.73106515,-2.238161,-11184866
32,12,33,46,"null","null","null",8,43.87824,3.2514277,-1.0892038,0.3309561,-3.0087004,-11184866
33,32,34,41,"null","null","null",7,43.87824,3.5280137,-0.4185698,1.9147029,-2.3703609,-11184866
34,33,35,40,"null","null","null",4,43.87824,3.065712,-0.6167603,3.2309766,-1.4052806,-8572416
35,34,36,39,"null","null","null",3,43.87824,2.3408208,-0.85625637,3.8025498,-0.34808022,-8572416
36,35,37,38,"null","null","null",2,43.87824,1.6917281,-2.1268067,3.5885556,-0.5755012,-8572416
41,33,42,45,"null","null","null",3,43.87824,1.7924187,-2.1365566,0.6001816,-3.622961,-12486656
42,41,43,44,"null","null","null",2,43.87824,2.8755634,-1.1971815,0.6376133,-3.1081553,-12486656
50,8,51,52,"null","null","null",2,43.87824,0.82108533,-3.5997553,2.3745222,-0.4072522,-11184866
53,7,54,63,"null","null","null",7,43.87824,1.550136,-2.8032897,3.3743331,-0.31738126,-11184866
54,53,55,60,"null","null","null",5,43.87824,0.29948983,-3.4558167,2.7051487,-0.9977424,-8572416
55,54,56,59,"null","null","null",3,43.87824,0.54197454,-3.2755322,1.8611674,-2.4725418,-8572416
56,55,57,58,"null","null","null",2,43.87824,0.66192496,-2.5711775,0.75469065,-3.3442605,-8572416
60,54,61,62,"null","null","null",2,43.87824,2.340821,-0.4290238,3.7190456,-0.76705194,-8572416
63,53,64,65,"null","null","null",2,43.87824,3.3284078,-0.28912875,2.5945044,-1.40528,-12486656
66,6,67,92,"null","null","null",14,43.87824,2.3134413,-1.4749882,3.6141295,-0.7370677,-8572416
67,66,68,87,"null","null","null",13,43.87824,1.4333824,-2.8440928,3.2826343,-0.59051746,-11184866
68,67,69,80,"null","null","null",10,43.87824,0.29948983,-3.5088608,2.5859401,-1.1988066,-11184866
69,68,70,75,"null","null","null",6,43.87824,0.54197454,-3.3444896,1.7061961,-2.7339253,-8572416
70,69,71,74,"null","null","null",3,43.87824,0.66192496,-2.6608222,0.75469065,-3.6840591,-11184866
71,70,72,73,"null","null","null",2,43.87824,1.2662436,-2.076365,0.483974,-3.814066,-11184866
75,69,76,79,"null","null","null",3,43.87824,1.6917278,-2.7746243,3.1313148,-0.35959697,-8572416
76,75,77,78,"null","null","null",2,43.87824,0.52728057,-3.5245035,2.3807096,-0.665,-8572416
80,68,81,86,"null","null","null",4,43.87824,2.340821,-1.354578,3.4508262,-0.76705194,-11184866
81,80,82,85,"null","null","null",3,43.87824,1.6917278,-2.7746243,3.1313148,-0.5755013,-8572416
82,81,83,84,"null","null","null",2,43.87824,0.52728057,-3.5245035,2.3807096,-0.665,-8572416
87,67,88,91,"null","null","null",3,43.87824,3.0657122,-0.28912875,3.1667428,-1.40528,-8572416
88,87,89,90,"null","null","null",2,43.87824,2.340821,-0.6580918,3.7190456,-0.34808034,-8572416
93,5,94,105,"null","null","null",8,43.87824,3.2310956,-0.30320063,3.0686378,-1.1514461,-11184866
94,93,95,102,"null","null","null",6,43.87824,2.5840373,-1.641892,3.48903,-0.37199032,-11184866
95,94,96,101,"null","null","null",4,43.87824,1.6001905,-3.0610676,3.1200047,-0.59051746,-11184866
96,95,97,100,"null","null","null",3,43.87824,0.41359925,-3.7909281,2.374522,-0.66423035,-11184866
97,96,98,99,"null","null","null",2,43.87824,0.54197454,-3.711177,1.8611674,-1.7914399,-11184866
102,94,103,104,"null","null","null",2,43.87824,3.8167205,-0.6717531,0.731066,-2.238161,-11184866
105,93,106,107,"null","null","null",2,43.87824,3.0051708,-1.0892029,0.33095595,-2.9852307,-3014646
108,4,109,110,"null","null","null",2,7.697343,3.827052,-0.63668156,0.90939295,-2.1905591,-8572416
111,3,112,135,"null","null","null",27,46.1,3.3900375,-0.9169626,0.34452933,-2.8958333,-12486656
112,111,113,130,"null","null","null",12,15.199999,3.6128297,-0.4410549,1.8644031,-2.2705545,-16731116
113,112,114,129,"null","null","null",9,13.440268,3.1323924,-0.6278831,3.0686378,-1.3026792,-16731116
114,113,115,122,"","null","South American Horned Frogs",8,12.719797,2.4557233,-1.641892,3.48903,-0.37199032,-16731116
115,114,116,121,"null","null","null",4,8.479865,1.6001905,-3.0610676,3.1200047,-0.59051746,-16731116
116,115,117,120,"null","null","null",3,8.479865,0.41359925,-3.7909281,2.374522,-0.66423035,-12486656
117,116,118,119,"null","null","null",2,8.479865,0.54197454,-3.711177,1.8611674,-1.7914399,-11184866
122,114,123,128,"null","null","null",4,8.479865,3.5280137,-0.6717531,1.8652927,-2.238161,-16731116
123,122,124,127,"null","null","null",3,8.479865,3.0657122,-0.6167604,3.1667428,-1.40528,-16731116
124,123,125,126,"null","null","null",2,8.479865,2.340821,-0.6580918,3.7190456,-0.34808034,-16731116
130,112,131,134,"","null","Budgett's frogs",3,6.7201343,1.9703076,-2.0763667,0.56239915,-3.5523167,-16731116
131,130,132,133,"null","null","null",2,6.7201343,3.0051708,-1.0892029,0.6459124,-2.9852307,-16731116
135,111,136,155,"null","null","null",15,37.878426,0.5977162,-2.7244706,0.88575745,-3.4364264,-12486656
136,135,137,154,"null","null","null",10,32.207047,2.1597364,-2.0763667,0.4839735,-3.4921455,-11184866
137,136,138,147,"null","null","null",9,30.733334,3.2514281,-0.88665044,0.6459124,-2.9070082,-11184866
138,137,139,146,"null","null","null",5,30.733334,3.5280137,-0.41856992,1.8652927,-2.238161,-11184866
139,138,140,143,"null","null","null",4,30.733334,3.0657122,-0.6167604,3.1667428,-1.2878717,-11184866
140,139,141,142,"null","null","null",2,30.733334,2.340821,-0.6580918,3.7190456,-0.34808034,-8572416
143,139,144,145,"null","null","null",2,30.733334,2.875566,-1.1971791,0.31716174,-3.1081529,-11184866
147,137,148,153,"null","null","null",4,30.733334,0.3578288,-2.7521274,0.90259826,-3.4687881,-11184866
148,147,149,152,"null","null","null",3,30.733334,1.7924224,-2.1365554,0.46288532,-3.6229596,-11184866
149,148,150,151,"null","null","null",2,30.733334,2.875566,-1.1971791,0.6376135,-3.1081529,-11184866
155,135,156,161,"null","null","null",5,22.51176,0.8449203,-3.4762135,2.7277994,-0.81651133,-16731116
156,155,157,160,"null","null","null",3,22.51176,0.5235964,-3.3782592,1.9384001,-2.3110406,-16731116
157,156,158,159,"null","null","null",2,22.51176,0.6580923,-2.7162118,0.8675207,-3.2399821,-12486656
161,155,162,163,"null","null","null",2,22.51176,2.3612082,-0.418421,3.6646886,-0.79509497,-16731116
164,0,-268343296,165,"","null","Glassfrogs and more",289,53.3,3.620639,-0.6001827,2.112882,-2.1793876,-16731116
165,164,166,232,"CENTROLENIDAE","null","Glassfrogs",139,18.099998,2.3458955,-2.0102289,0.5234828,-3.5072527,-12486656
166,165,-268364800,167,"null","null","null",138,18.073515,3.3900375,-0.7577714,0.6527477,-2.9020052,-12486656
167,166,168,231,"null","null","null",33,12.825438,0.5977162,-2.6393633,0.88575745,-3.475096,-12486656
168,167,169,224,"null","null","null",32,12.825438,2.1597364,-2.048467,0.4839735,-3.542416,-12486656
169,168,170,203,"null","null","null",28,12.825438,3.2514281,-0.94437706,0.6459124,-2.9723601,-12486656
170,169,171,196,"null","null","null",17,12.825438,3.5280137,-0.41856992,1.731644,-2.323119,-12486656
171,170,172,193,"null","null","null",13,12.825438,3.0657122,-0.6167604,2.9929996,-1.2878717,-12486656
172,171,173,192,"null","null","null",11,12.825438,2.340821,-1.3385797,3.4931793,-0.34808034,-12486656
173,172,174,191,"null","null","null",10,12.825438,1.6917278,-2.7538266,3.1863737,-0.5755013,-12486656
174,173,175,190,"null","null","null",9,12.825438,0.52728057,-3.4974663,2.4522865,-0.90352184,-12486656
175,174,176,189,"null","null","null",8,12.825438,0.5235969,-3.405886,1.9383984,-2.4241524,-12486656
176,175,177,188,"null","null","null",7,12.825438,0.65809244,-2.7521262,0.8675197,-3.3870246,-11184866
177,176,178,187,"null","null","null",6,12.825438,2.1643877,-2.1365547,0.46288556,-3.5166664,-12486656
178,177,179,184,"null","null","null",5,12.825438,3.35912,-1.0121977,0.6376136,-2.9699712,-11184866
179,178,180,183,"null","null","null",3,12.825438,3.7661467,-0.3955186,1.2371399,-2.2791743,-11184866
180,179,181,182,"null","null","null",2,12.825438,3.4248662,-0.60428905,2.4441638,-1.5045791,-11184866
184,178,185,186,"null","null","null",2,12.825438,0.34452996,-2.8544092,0.97917,-3.1268048,-12486656
193,171,194,195,"null","null","null",2,12.825438,2.875566,-1.1971791,0.31716174,-3.1081529,-8572416
196,170,197,202,"null","null","null",4,12.825438,2.1815846,-2.1365554,0.6001814,-3.516667,-12486656
197,196,198,201,"null","null","null",3,12.825438,3.3814769,-1.1971791,0.6376135,-2.9699724,-16731116
198,197,199,200,"null","null","null",2,12.825438,3.7952118,-0.39551836,0.6459115,-2.2791753,-16731116
203,169,204,219,"null","null","null",11,12.825438,0.4418819,-2.8820124,0.90259826,-3.3870244,-16731116
204,203,205,216,"null","null","null",8,12.825438,2.0156565,-2.3054059,0.46288532,-3.516667,-12486656
205,204,206,213,"null","null","null",6,12.825438,3.1657705,-1.0121982,0.6376135,-2.9699724,-16731116
206,205,207,212,"null","null","null",4,12.825438,3.5147936,-0.39551836,1.6992391,-2.2791753,-12486656
207,206,208,211,"null","null","null",3,12.825438,3.0981078,-0.60428894,3.0448937,-1.5045799,-11184866
208,207,209,210,"null","null","null",2,12.825438,2.361208,-0.6619245,3.6646907,-0.32388195,-11184866
213,205,214,215,"null","null","null",2,12.825438,0.3445298,-2.8544085,0.9791695,-3.1268055,-16731116
216,204,217,218,"null","null","null",2,12.825438,0.52348137,-3.7907991,2.0102262,-1.4433496,-11184866
219,203,220,223,"null","null","null",3,12.825438,0.86650574,-3.7314663,2.5607448,-0.38339537,-16731116
220,219,221,222,"null","null","null",2,12.825438,0.50423765,-3.7907991,2.0102262,-1.4433496,-16731116
224,168,225,228,"null","null","null",4,12.825438,0.48358428,-3.3782592,2.0181684,-2.3110406,-16731116
225,224,226,227,"null","null","null",2,12.825438,0.6580923,-2.7162118,0.8675207,-3.2399821,-16731116
228,224,229,230,"null","null","null",2,12.825438,1.7788364,-1.9610473,3.6551375,-0.4014799,-16731116
