index,parent,child1,child2,name1,name2,common,richness,lengthbr,hxmax,hxmin,hymax,hymin,color
0,-268399611,1,44,"null","null","null",26,14.100776,3.2905593,-0.61676085,3.0865939,-1.2264546,-16731116
1,0,2,41,"null","null","null",22,12.6212635,2.6331234,-1.3385844,3.6148481,-0.34808123,-16731116
2,1,3,32,"null","null","null",20,11.263601,1.6364881,-2.7538295,3.344541,-0.5755019,-16731116
3,2,4,19,"null","null","null",15,10.054692,0.48277736,-3.497466,2.6579041,-0.9519073,-16731116
4,3,5,14,"null","null","null",8,8.544673,0.5235976,-3.4058828,1.799375,-2.487051,-16731116
5,4,6,11,"null","null","null",5,6.073517,0.6580926,-2.7521214,0.5830918,-3.4687893,-16731116
6,5,7,10,"null","null","null",3,5.3024774,1.792433,-2.1365514,0.46288663,-3.6229558,-16731116
7,6,8,9,"null","null","null",2,2.7660112,2.8755739,-1.1971728,0.637614,-3.1081457,-16731116
11,5,12,13,"null","null","null",2,5.103591,0.86650443,-3.439229,2.419877,-0.38339615,-16731116
14,4,15,18,"null","null","null",3,7.6656065,1.7788317,-2.6272786,3.1628635,-0.40147734,-16731116
15,14,16,17,"null","null","null",2,1.0113862,0.6411245,-3.439229,2.419877,-0.6642306,-16731116
19,3,20,27,"null","null","null",7,7.424213,2.6858683,-1.3502631,3.50743,-0.7950933,-16731116
20,19,21,26,"null","null","null",4,6.7513795,1.7788317,-2.8520777,3.2712197,-0.5592996,-16731116
21,20,22,25,"null","null","null",3,5.9877825,0.6411245,-3.7314677,2.56074,-0.6642306,-16731116
22,21,23,24,"null","null","null",2,3.7771003,0.50423855,-3.7907977,2.0102232,-1.4433578,-16731116
27,19,28,31,"null","null","null",3,5.987295,3.7903328,-0.73706603,1.0472739,-2.3134394,-16731116
28,27,29,30,"null","null","null",2,2.3310463,3.5116959,-0.59051806,2.2880604,-1.6001867,-16731116
32,2,33,40,"null","null","null",5,7.4756203,3.338369,-0.2750016,3.151094,-1.5045781,-16731116
33,32,34,37,"null","null","null",4,6.724597,2.6735475,-0.6648622,3.8027487,-0.32388246,-16731116
34,33,35,36,"null","null","null",2,2.399141,1.7788317,-1.9610568,3.6551337,-0.5592996,-16731116
37,33,38,39,"null","null","null",2,3.1943586,3.7626114,-0.73706603,0.439019,-2.3134394,-16731116
41,1,42,43,"null","null","null",2,7.1190796,3.7952123,-0.70525765,0.55374324,-2.2791743,-16731116
44,0,45,50,"null","null","null",4,12.312616,3.3591206,-1.1971772,0.31716225,-2.9699712,-16731116
45,44,46,49,"null","null","null",3,5.3091516,3.7661464,-0.39551884,1.2371417,-2.2791743,-16731116
46,45,47,48,"null","null","null",2,4.477992,3.4248652,-0.6042892,2.4441652,-1.5045781,-16731116
