index,parent,child1,child2,name1,name2,common,richness,lengthbr,hxmax,hxmin,hymax,hymin,color
0,-268399613,1,50,"null","null","null",27,15.238724,0.48358285,-3.5057967,2.0181658,-2.4882135,-16731116
1,0,2,49,"null","null","null",25,8.145571,0.6580924,-2.88201,0.867519,-3.4703047,-16731116
2,1,3,46,"null","null","null",24,8.004259,2.1250188,-2.3054042,0.46288577,-3.6249294,-16731116
3,2,4,45,"null","null","null",22,7.189882,3.3079393,-1.1971772,0.63761365,-3.1107125,-16731116
4,3,5,38,"null","null","null",21,6.761926,3.699611,-0.39551884,1.6694461,-2.4621382,-16731116
5,4,6,27,"null","null","null",17,5.748931,3.338369,-0.6042892,3.006161,-1.3321614,-16731116
6,5,7,24,"null","null","null",11,4.7378564,2.6735475,-1.1974955,3.614336,-0.32388246,-16731116
7,6,8,21,"null","null","null",9,2.7662876,1.7948487,-2.6534798,3.4101973,-0.5592996,-16731116
8,7,9,18,"null","null","null",7,1.957091,0.4148134,-3.4732904,2.7414107,-0.8876363,-16731116
9,8,10,15,"null","null","null",5,1.2036169,0.50423855,-3.4551668,2.1206765,-2.4726658,-16731116
10,9,11,14,"null","null","null",3,0.64520764,0.6527482,-2.834292,0.97916484,-3.5548306,-16731116
11,10,12,13,"null","null","null",2,0.36132562,0.9094076,-2.1905546,0.44105673,-3.8270526,-16731116
15,9,16,17,"null","null","null",2,0.5231378,1.8611641,-1.7914469,3.711175,-0.44286072,-16731116
18,8,19,20,"null","null","null",2,0.91806066,2.374521,-0.40725303,3.599759,-0.82108366,-11184866
21,7,22,23,"null","null","null",2,1.5397195,3.5116959,-0.31737888,2.2880604,-1.6001867,-16731116
24,6,25,26,"null","null","null",2,4.123218,3.7626114,-0.73706603,0.439019,-2.3134394,-16731116
27,5,28,37,"null","null","null",6,5.101969,3.0686421,-1.3026755,0.30320144,-3.0229423,-12486656
28,27,29,36,"null","null","null",5,4.4502573,3.4890313,-0.37199128,1.6418977,-2.3134394,-16731116
29,28,30,35,"null","null","null",4,2.6235597,3.1200037,-0.59051806,3.0610714,-1.6001867,-16731116
30,29,31,34,"null","null","null",3,1.8499439,2.374521,-0.6642302,3.7909288,-0.4135952,-16731116
31,30,32,33,"null","null","null",2,0.87033916,1.8611641,-1.7914469,3.711175,-0.54197526,-16731116
38,4,39,42,"null","null","null",4,5.4030347,1.6104532,-2.3868847,0.63667953,-3.6822941,-16731116
39,38,40,41,"null","null","null",2,1.4817728,2.7384992,-1.3026755,0.6278835,-3.2226942,-16731116
42,38,43,44,"null","null","null",2,3.8846939,0.5623976,-3.814066,2.0763648,-1.2662436,-16731116
46,2,47,48,"null","null","null",2,0.27741727,0.52348053,-3.7907991,2.010226,-1.4433506,-16731116
50,0,51,52,"null","null","null",2,13.073357,1.7788353,-1.9610502,3.6551359,-0.40147904,-16731116
