index,parent,child1,child2,name1,name2,common,richness,lengthbr,hxmax,hxmin,hymax,hymin,color
0,-268245859,1,158,"null","null","null",5565,358.4,1.2118226,-2.6486716,0.32387993,-3.6072094,-12486656
1,0,2,147,"Salientia","null","Frogs and Toads",5033,237.4,2.6721141,-1.6207733,0.55929774,-3.4009402,-12486656
2,1,3,86,"null","null","null",5027,228.0,3.4975274,-0.41482252,0.79011047,-2.7293768,-12486656
3,2,4,45,"null","null","null",4996,226.1,3.4866848,-0.5042362,2.34589,-1.9945861,-12486656
4,3,5,17,"null","null","null",4975,215.70001,2.875268,-0.6527474,3.3900354,-0.79979974,-12486656
5,4,-268258304,6,"Neobatrachia","null","Neobatrachia 'New Frogs'",4834,160.90001,2.243817,-1.9450088,3.6128316,-0.44105375,-12486656
6,5,7,14,"","null","Ghost Frogs",6,33.973274,3.492148,-0.56240153,2.279299,-2.216562,-12486656
7,6,8,13,"null","null","null",4,33.973274,2.9070134,-0.64591193,3.4068668,-1.0892115,-12486656
8,7,9,12,"null","null","null",3,33.973274,2.2381644,-1.4250932,3.7300913,-0.4185682,-12486656
9,8,10,11,"null","null","null",2,33.973274,1.4052893,-2.5944912,3.3284168,-0.6167594,-11184866
14,6,15,16,"null","null","null",2,33.973274,1.6186295,-1.938406,0.4835871,-3.7564616,-11184866
17,4,18,26,"","null","Spadefoot Toads, Asian Horned Frogs and more",141,159.7,3.5046983,-0.8857584,0.66498864,-2.7339177,-12486656
18,17,-268265472,19,"null","null","null",131,119.399994,3.5809042,-0.48397225,2.2471943,-2.060753,-12486656
19,18,20,25,"","null","European Spadefoot Toads",4,33.899296,2.6072752,-1.938406,0.4835871,-3.4058914,-12486656
20,19,21,24,"null","null","null",3,33.899296,3.6250954,-0.8675306,0.658092,-2.7521348,-12486656
21,20,22,23,"null","null","null",2,33.899296,3.8261669,-0.46288353,1.088006,-2.1365604,-11184866
26,17,27,40,"null","null","null",10,154.20001,0.9518907,-2.7891622,0.8449216,-3.4974647,-16731116
27,26,28,35,"SCAPHIOPODIDAE","null","American Spadefoot Toads",7,58.4,2.4870386,-1.7993928,0.5235951,-3.4058914,-16731116
28,27,29,34,"","null","Western Spadefoot Toads",4,41.605,3.4687877,-0.8675306,0.658092,-2.7521348,-16731116
29,28,30,33,"null","null","null",3,41.605,3.6229668,-0.46288353,1.7924047,-2.1365604,-16731116
30,29,31,32,"null","null","null",2,41.605,3.1081653,-0.63761264,2.8755522,-1.1971898,-16731116
35,27,36,39,"","null","Southern Spadefoot Toads",3,32.971184,0.40148306,-3.1628795,1.7788428,-2.6272585,-16731116
36,35,37,38,"null","null","null",2,32.971184,0.66423047,-2.4198983,0.6411392,-3.4392169,-16731116
40,26,41,44,"null","null","null",3,73.5721,0.7950969,-3.802748,2.3612094,-0.66483814,-16731116
41,40,42,43,"null","null","null",2,73.5721,0.5592975,-3.6551414,1.7788424,-1.9610354,-16731116
45,3,46,67,"null","null","null",21,194.90001,2.5434303,-1.8458445,0.44286597,-3.4274492,-12486656
46,45,47,58,"ALYTIDAE","null","Disc-Tongued Frogs",11,146.1,3.436424,-0.52233076,0.6896846,-2.76867,-16731116
47,46,48,55,"null","null","null",6,109.1691,3.492148,-0.48397225,2.279299,-2.216562,-16731116
48,47,49,54,"null","null","null",4,109.1691,2.9070134,-0.64591193,3.4068668,-1.0892115,-16731116
49,48,50,53,"null","null","null",3,109.1691,2.2381644,-1.4250932,3.7300913,-0.4185682,-16731116
50,49,51,52,"null","null","null",2,109.1691,1.4052893,-2.5944912,3.3284168,-0.6167594,-16731116
55,47,56,57,"null","null","null",2,109.1691,1.6186295,-1.938406,0.4835871,-3.7564616,-16731116
58,46,59,66,"null","null","null",5,98.06053,1.0443804,-2.4522977,0.8449216,-3.4974647,-12486656
59,58,60,65,"null","null","null",4,98.06053,2.6072752,-1.938406,0.5235951,-3.4058914,-12486656
60,59,61,64,"null","null","null",3,98.06053,3.6250954,-0.8675306,0.658092,-2.7521348,-16731116
61,60,62,63,"null","null","null",2,98.06053,3.8261669,-0.46288353,1.088006,-2.1365604,-16731116
67,45,68,83,"BOMBINATORIDAE","null","Fire-bellied Toads",10,9.8,0.35960028,-3.4455094,1.6749458,-2.7538183,-12486656
68,67,69,78,"null","null","null",8,8.850282,1.0443819,-2.7891622,0.3384933,-3.4974647,-12486656
69,68,70,77,"null","null","null",5,6.849906,2.6072767,-1.9384054,0.5235952,-3.405891,-12486656
70,69,71,74,"null","null","null",4,6.849906,3.6250963,-0.58311164,0.658092,-2.7521338,-16731116
71,70,72,73,"null","null","null",2,6.849906,3.826167,-0.4628837,1.0880075,-2.13656,-12486656
74,70,75,76,"null","null","null",2,6.849906,0.38339442,-2.419898,0.8665073,-3.439217,-16731116
78,68,79,82,"null","null","null",3,4.6757884,0.79509664,-3.8027484,2.3612094,-0.66483945,-16777216
79,78,80,81,"null","null","null",2,4.6757884,0.5592977,-3.655141,1.7788419,-1.9610364,-16777216
83,67,84,85,"null","null","null",2,2.950094,1.5045888,-2.4441473,3.4248762,-0.27500042,-11184866
86,2,87,146,"","null","Burrowing Toad, Surinam Toads and more",31,189.4,1.0878747,-2.3745224,0.82108665,-3.572672,-16731116
87,86,88,137,"PIPIDAE","null","null",30,121.399994,2.589719,-1.7306767,0.5419733,-3.4274492,-16731116
88,87,89,124,"null","null","null",25,116.899994,3.4965992,-0.64477646,0.67643225,-2.76867,-16731116
89,88,90,121,"null","null","null",18,40.2,3.5703754,-0.48397225,2.262071,-2.216562,-16731116
90,89,91,114,"null","null","null",16,38.561844,3.008709,-0.64591193,3.3844702,-0.8866597,-16731116
91,90,92,107,"null","null","null",12,38.561844,2.3703687,-1.8280952,3.7009757,-0.4185682,-16731116
92,91,93,106,"null","null","null",8,28.921383,1.4052893,-3.118394,3.2905664,-0.6167594,-16731116
93,92,94,103,"null","null","null",7,28.921383,0.34807813,-3.6562014,2.6331294,-1.4981346,-12486656
94,93,95,102,"null","null","null",5,28.921383,0.5754999,-3.3983083,1.6917357,-2.9612556,-16731116
95,94,96,99,"null","null","null",4,28.921383,0.665,-2.7278008,0.33849317,-3.7671337,-16731116
96,95,97,98,"null","null","null",2,28.921383,1.6186322,-1.9384052,0.5235952,-3.7564607,-16731116
99,95,100,101,"null","null","null",2,28.921383,0.79509676,-3.6646852,2.3612092,-0.4184203,-16731116
103,93,104,105,"null","null","null",2,28.921383,2.2791789,-0.55372137,3.7952094,-0.7052618,-11184866
107,91,108,111,"null","null","null",4,19.280922,3.6229668,-0.60018456,1.7924047,-2.3054137,-12486656
108,107,109,110,"null","null","null",2,19.280922,3.1081653,-0.63761264,2.8755522,-1.1971898,-16731116
111,107,112,113,"null","null","null",2,19.280922,1.4433315,-2.0102332,0.52348495,-3.7908025,-12486656
114,90,115,120,"null","null","null",4,19.280922,3.4687877,-0.90259945,0.3578278,-2.7521348,-16731116
115,114,116,119,"null","null","null",3,19.280922,3.6229668,-0.46288353,1.7924047,-2.1365604,-16731116
116,115,117,118,"null","null","null",2,19.280922,3.1081653,-0.63761264,2.8755522,-1.1971898,-16731116
121,89,122,123,"null","null","null",2,9.640461,1.6186295,-1.938406,0.4835871,-3.7564616,-16731116
124,88,125,134,"","null","Surinam Toads",7,70.66967,0.9518907,-2.7278006,0.8449216,-3.4974647,-16731116
125,124,126,133,"null","null","null",5,58.449997,2.4870386,-1.938406,0.5235951,-3.4058914,-16731116
126,125,127,132,"null","null","null",4,50.34609,3.4687877,-0.8675306,0.658092,-2.7521348,-16731116
127,126,128,131,"null","null","null",3,39.89833,3.6229668,-0.46288353,1.7924047,-2.1365604,-16731116
128,127,129,130,"null","null","null",2,25.173044,3.1081653,-0.63761264,2.8755522,-1.1971898,-16731116
134,124,135,136,"null","null","null",2,25.173044,0.7950969,-3.6646845,2.3612094,-0.41842026,-12486656
137,87,138,145,"null","null","null",5,57.44617,0.35960028,-3.186382,1.6917354,-2.7374728,-16731116
138,137,139,144,"","null","African Dwarf Frogs",4,49.481438,0.8164985,-2.4522967,0.5272911,-3.4762156,-16731116
139,138,140,143,"null","null","null",3,49.481438,2.3110285,-1.9384054,0.5235952,-3.3782673,-16731116
140,139,141,142,"null","null","null",2,49.481438,3.2399735,-0.86752975,0.658092,-2.7162232,-11513776
147,1,148,155,"LEIOPELMATIDAE","null","null",6,197.1,0.31738362,-3.1200058,1.5501443,-2.803287,-12486656
148,147,149,154,"","null","New Zealand and North American Primitive Frogs",4,48.9,0.99772924,-2.3745227,0.41360688,-3.4558203,-11184866
149,148,150,153,"null","null","null",3,38.752335,2.47253,-1.8611732,0.54197335,-3.2755418,-8572416
150,149,151,152,"null","null","null",2,24.45,3.3442523,-0.7546998,0.6619247,-2.57119,-11184866
155,147,156,157,"","null","Tailed Frogs",2,9.2,1.405287,-2.5944939,3.328415,-0.28912786,-16731116
158,0,159,194,"Caudata","null","Salamanders and Newts",532,246.4,0.73706937,-3.7066278,2.5325985,-1.5125313,-12486656
159,158,160,174,"null","null","null",483,211.3,0.5905167,-3.4028847,1.5078638,-2.8929036,-12486656
160,159,161,167,"null","null","null",369,163.1,1.0751514,-2.7422652,0.39173794,-3.572321,-12486656
161,160,-268256256,162,"null","null","null",365,152.0,2.5731783,-1.706202,0.5419735,-3.4269922,-12486656
162,161,163,166,"null","null","null",3,28.303724,0.35959998,-3.1313152,1.6917348,-2.7746127,-16731116
163,162,164,165,"null","null","null",2,28.303724,0.665,-2.3807096,0.52729005,-3.5244966,-16731116
167,160,168,171,"","null","Torrent Salamanders",4,38.252815,0.7670537,-3.8025508,2.6331282,-0.8562428,-12486656
168,167,169,170,"null","null","null",2,38.252815,0.5755002,-3.5885608,1.6917344,-2.1267946,-16731116
171,167,172,173,"null","null","null",2,38.252815,2.2791781,-0.5537255,3.7952096,-0.7052612,-12486656
174,159,-268255232,175,"null","null","null",114,206.1,1.2264656,-2.9828098,3.2332845,-0.2891279,-12486656
175,174,176,187,"null","null","null",10,191.90001,2.969977,-0.31716082,3.1657643,-1.0032679,-16731116
176,175,177,186,"PROTEIDAE","null","null",6,139.6,2.2791781,-1.7809198,3.5147924,-0.3955167,-12486656
177,176,178,183,"","null","Waterdogs",5,125.39492,1.4209527,-3.1510856,3.09811,-0.604288,-16731116
178,177,179,182,"null","null","null",3,17.5,0.32388005,-3.8027482,2.3612092,-0.66484165,-12486656
179,178,180,181,"null","null","null",2,17.5,0.5592978,-3.6551402,1.778841,-1.9610385,-16731116
183,177,184,185,"null","null","null",2,54.00465,3.2227044,-0.30320004,2.7384863,-1.3026845,-16731116
187,175,188,191,"SIRENIDAE","null","Sirens",4,115.53531,3.5548213,-0.9169631,0.34452885,-2.834302,-16731116
188,187,189,190,"","null","Dwarf Sirens",2,57.767654,3.827052,-0.441054,0.90938425,-2.1905615,-16731116
191,187,192,193,"null","null","null",2,1.6,0.37080038,-2.571189,0.8857583,-3.3442535,-16731116
194,158,195,286,"null","null","null",49,174.1,2.3703666,-1.731625,3.7009754,-0.671755,-12486656
195,194,196,285,"HYNOBIIDAE","null","Asiatic Salamanders",46,37.500004,1.4052868,-2.9929805,3.290565,-0.61675966,-12486656
196,195,197,282,"null","null","null",45,37.28473,0.34807873,-3.4931612,2.6331282,-1.3840464,-12486656
197,196,198,275,"null","null","null",43,36.839443,0.5755002,-3.1863546,1.5297154,-2.8129394,-12486656
198,197,199,274,"null","null","null",39,35.883114,0.9343956,-2.4522612,0.5272898,-3.5743213,-12486656
199,198,200,253,"null","null","null",38,35.628693,2.464294,-1.9383597,0.52359545,-3.5058036,-12486656
200,199,201,238,"null","null","null",27,32.281395,3.4392178,-0.72600615,0.658092,-2.8820202,-12486656
201,200,202,235,"null","null","null",19,32.281395,3.5845246,-0.46288383,2.015645,-2.3054125,-12486656
202,201,203,234,"null","null","null",17,32.281395,3.0581896,-0.63761276,3.165763,-1.1971881,-12486656
203,202,204,227,"null","null","null",16,32.281395,2.3938546,-1.6359227,3.514792,-0.3955164,-12486656
204,203,205,218,"null","null","null",12,32.281395,1.424686,-2.962591,3.0981104,-0.60428774,-12486656
205,204,206,217,"null","null","null",7,32.281395,0.32387957,-3.5577073,2.3612094,-1.2045211,-12486656
206,205,207,216,"null","null","null",6,32.281395,0.55929744,-3.3365889,1.7788426,-2.6626234,-12486656
207,206,208,215,"null","null","null",5,32.281395,0.66423047,-2.64572,0.6411383,-3.4851909,-11184866
208,207,209,212,"null","null","null",4,32.281395,2.1433983,-2.120689,0.50423604,-3.4706478,-12486656
209,208,210,211,"null","null","null",2,32.281395,3.1267962,-0.9791784,0.6527474,-2.8544197,-8572416
212,208,213,214,"null","null","null",2,32.281395,0.44286594,-3.711181,1.861173,-1.7914275,-16731116
218,204,219,226,"null","null","null",5,32.281395,3.2311006,-0.30319974,3.300406,-1.3026869,-12486656
219,218,220,223,"null","null","null",4,32.281395,2.5840416,-1.0472503,3.7903354,-0.37198862,-12486656
220,219,221,222,"null","null","null",2,32.281395,1.6001987,-2.2880404,3.5117064,-0.5905163,-12486656
223,219,224,225,"null","null","null",2,32.281395,3.816719,-0.6717558,0.73104995,-2.2381647,-16731116
227,203,228,233,"null","null","null",4,32.281395,3.52864,-0.6366836,2.026274,-2.190562,-12486656
228,227,229,232,"null","null","null",3,32.281395,3.0229483,-0.6278824,3.2790763,-1.3026869,-12486656
229,228,230,231,"null","null","null",2,32.281395,2.3134434,-0.6527476,3.762607,-0.37198862,-11184866
235,201,236,237,"null","null","null",2,32.281395,1.4433341,-2.010232,0.52348435,-3.790802,-11184866
238,200,239,250,"null","null","null",8,32.281395,0.75178885,-2.7414122,0.8665072,-3.4732873,-11184866
239,238,240,249,"null","null","null",6,32.281395,2.2960722,-2.010232,0.5042361,-3.455173,-11184866
240,239,241,248,"null","null","null",5,32.281395,3.3252726,-0.97918,0.6527474,-2.8343027,-11184866
241,240,242,247,"null","null","null",4,32.281395,3.52864,-0.4410537,2.026274,-2.190562,-8572416
242,241,243,246,"null","null","null",3,32.281395,3.0229483,-0.6278824,3.2790763,-1.3026869,-8572416
243,242,244,245,"null","null","null",2,32.281395,2.3134434,-0.6527476,3.762607,-0.37198862,-8572416
250,238,251,252,"null","null","null",2,32.281395,0.82108665,-3.5997512,2.3745227,-0.4072516,-8572416
253,199,254,273,"null","null","null",11,23.48642,0.40148243,-3.4755576,1.7788416,-2.6736684,-12486656
254,253,255,268,"null","null","null",10,22.552895,0.82173085,-2.8263793,0.41482246,-3.499548,-11184866
255,254,256,267,"null","null","null",7,19.059406,2.3869965,-2.0102317,0.5042362,-3.4893115,-11184866
256,255,257,262,"null","null","null",6,19.059406,3.4434733,-0.76731604,0.65274745,-2.8786826,-11184866
257,256,258,261,"null","null","null",3,19.059406,3.6823003,-0.44105384,1.6104344,-2.1905618,-11184866
258,257,259,260,"null","null","null",2,19.059406,3.2227063,-0.6278825,2.7384841,-1.3026861,-11184866
262,256,263,266,"null","null","null",3,19.059406,0.3708003,-2.6608305,0.8857584,-3.684055,-11184866
263,262,264,265,"null","null","null",2,19.059406,1.266227,-2.0763707,0.4839723,-3.8140678,-16777216
268,254,269,272,"null","null","null",3,10.760465,0.8210865,-3.7909274,2.3745222,-0.47380447,-12486656
269,268,270,271,"null","null","null",2,6.7890973,0.5419734,-3.711181,1.8611729,-1.7914276,-12486656
275,197,276,281,"null","null","null",4,13.578195,1.5045877,-3.1510854,3.09811,-0.27500004,-8572416
276,275,277,280,"","null","Mountain Salamanders",3,10.760465,0.32388002,-3.8027482,2.3612092,-0.664841,-8572416
277,276,278,279,"null","null","null",2,10.760465,0.5592978,-3.6551406,1.7788413,-1.9610379,-11184866
282,196,283,284,"","null","Clawed Salamanders",2,6.7890973,2.2791781,-0.5537255,3.7952096,-0.7052612,-16731116
286,194,287,290,"CRYPTOBRANCHIDAE","null","Giant Salamanders",3,49.146255,3.622965,-0.6001837,1.7924095,-2.136559,-11184866
287,286,288,289,"null","null","null",2,31.007835,3.108162,-0.6376128,2.875556,-1.197187,-11184866
