index,parent,child1,child2,name1,name2,common,richness,lengthbr,hxmax,hxmin,hymax,hymin,color
0,-268268465,1,66,"null","null","null",50,15.415285,3.6128294,-0.6366811,1.9931613,-2.2785766,-16731116
1,0,2,39,"null","null","null",33,14.7367935,3.1323915,-0.6278832,3.2360222,-1.116679,-16731116
2,1,3,24,"null","null","null",19,14.285441,2.4557223,-1.4749908,3.7066278,-0.37199068,-16731116
3,2,4,21,"null","null","null",11,13.17408,1.550134,-2.8440948,3.4028807,-0.5905177,-16731116
4,3,5,16,"HELIODOXA","null","Brilliants",9,12.155845,0.29949018,-3.5088618,2.742261,-1.0522809,-16731116
5,4,6,15,"null","null","null",6,11.0269,0.54197484,-3.3444898,1.8611662,-2.5434406,-16731116
6,5,7,14,"null","null","null",5,9.646707,0.72912955,-2.6608222,0.75469065,-3.4364274,-16731116
7,6,8,13,"null","null","null",4,6.4191375,2.3305721,-2.076365,0.483974,-3.4921446,-16731116
8,7,9,12,"null","null","null",3,5.851346,3.4735122,-1.0892006,0.64591265,-2.9070063,-16731116
9,8,10,11,"null","null","null",2,3.8391166,3.8167205,-0.41857052,0.73107064,-2.2381597,-16731116
16,4,17,20,"null","null","null",3,8.586837,2.3408206,-0.85626006,3.8025498,-0.76705146,-16731116
17,16,18,19,"null","null","null",2,2.8869064,1.6917262,-2.1268098,3.5885544,-0.57550156,-16731116
21,3,22,23,"null","null","null",2,4.4668446,3.328406,-0.28912896,2.5945067,-1.4052784,-12486656
24,2,25,36,"","null","Whitetips, Coronets and more",8,13.041876,3.528014,-0.6717526,1.9147055,-2.4606729,-16731116
25,24,26,31,"null","null","null",6,11.896464,3.0657115,-0.61676055,3.230978,-1.2264566,-16731116
26,25,27,30,"BOISSONNEAUA","null","Coronets",3,3.9671457,2.3408206,-0.85626006,3.8025498,-0.34808072,-16731116
27,26,28,29,"null","null","null",2,1.313725,1.6917262,-2.1268098,3.5885544,-0.57550156,-16731116
31,25,32,35,"null","null","null",3,7.5072827,3.381478,-1.1971774,0.31716195,-2.9699717,-16731116
32,31,33,34,"UROSTICTE","null","Whitetips",2,0.33639458,3.7952118,-0.3955187,0.6459114,-2.2791748,-16731116
36,24,37,38,"null","null","null",2,11.718304,1.0880258,-2.1365545,0.60018086,-3.8261662,-16731116
39,1,40,61,"","null","Pufflegs",14,12.363801,3.2514293,-0.92879295,0.33095616,-2.9070072,-12486656
40,39,41,60,"null","null","null",11,9.308572,3.528014,-0.41857028,1.8281112,-2.2381606,-12486656
41,40,42,53,"null","null","null",10,8.290553,3.0657115,-0.61676055,3.1184053,-1.2264566,-12486656
42,41,43,52,"null","null","null",6,6.1918845,2.3408206,-1.4981501,3.6562052,-0.34808072,-11184866
43,42,44,51,"null","null","null",5,3.5230577,1.6917262,-2.9612668,3.3983064,-0.57550156,-11184866
44,43,45,48,"null","null","null",4,3.1172338,0.33848524,-3.767137,2.727799,-0.665,-11184866
45,44,46,47,"null","null","null",2,1.3355099,0.5235972,-3.7564566,1.9383972,-1.6186507,-11184866
48,44,49,50,"null","null","null",2,1.349857,2.3612077,-0.41842145,3.6646914,-0.7950939,-11184866
53,41,54,59,"null","null","null",4,4.6830535,3.3591201,-1.1971774,0.31716195,-2.9699717,-12486656
54,53,55,58,"null","null","null",3,3.8888793,3.7661467,-0.3955187,1.2371405,-2.2791748,-16731116
55,54,56,57,"null","null","null",2,1.4340686,3.424866,-0.6042891,2.4441643,-1.5045784,-12486656
61,39,62,65,"null","null","null",3,3.650838,0.357829,-2.7521257,0.902598,-3.625102,-16731116
62,61,63,64,"null","null","null",2,0.8104445,1.0880258,-2.1365545,0.46288565,-3.8261662,-16731116
66,0,67,92,"","null","Sunbeams and more",17,14.742516,2.1597385,-2.0607443,0.5623986,-3.5703688,-16731116
67,66,68,89,"null","null","null",13,13.776411,3.2514293,-0.87068576,0.6459125,-3.0086977,-16731116
68,67,69,84,"null","null","null",11,9.75858,3.528014,-0.41857028,1.7531295,-2.3703585,-16731116
69,68,70,83,"null","null","null",8,7.208377,3.0657115,-0.61676055,3.020929,-1.4052784,-16731116
70,69,71,82,"","null","Starfrontlets",7,5.324989,2.3408206,-1.3260055,3.5294862,-0.34808072,-16731116
71,70,72,81,"null","null","null",6,3.3819284,1.6917262,-2.7374787,3.2335715,-0.57550156,-16731116
72,71,73,80,"null","null","null",5,2.6245904,0.5272789,-3.4762127,2.5136433,-0.8165185,-16731116
73,72,74,77,"null","null","null",4,1.2561388,0.5235972,-3.3782551,2.0181632,-2.311047,-12486656
74,73,75,76,"null","null","null",2,0.5648476,0.6580925,-2.7162058,0.86751616,-3.2399864,-16731116
77,73,78,79,"null","null","null",2,0.76204884,1.7788322,-1.961056,3.6551337,-0.4014782,-11184866
84,68,85,88,"","null","Incas",3,5.21718,1.7924247,-2.1365545,0.60018086,-3.6229587,-16731116
85,84,86,87,"null","null","null",2,3.7063541,2.8755677,-1.1971774,0.63761365,-3.108151,-12486656
89,67,90,91,"null","null","null",2,4.5700088,0.357829,-2.7162097,0.902598,-3.239984,-16731116
92,66,93,98,"AGLAEACTIS","null","Sunbeams",4,4.1048446,0.4835837,-3.4058857,1.938399,-2.607288,-16731116
93,92,94,97,"null","null","null",3,0.81772006,0.6580924,-2.7521257,0.8675192,-3.625102,-12486656
94,93,95,96,"null","null","null",2,0.5221602,1.0880258,-2.1365545,0.46288565,-3.8261662,-16731116
