index,parent,child1,child2,name1,name2,common,richness,lengthbr,hxmax,hxmin,hymax,hymin,color
0,-268396465,1,60,"null","null","null",44,43.87824,0.32388112,-3.6143339,2.6075585,-1.1974869,-11184866
1,0,2,47,"null","null","null",30,43.87824,0.55929863,-3.4101982,1.7338032,-2.6534734,-11184866
2,1,3,44,"null","null","null",23,43.87824,0.8246769,-2.7414122,0.41481906,-3.473288,-11184866
3,2,4,43,"null","null","null",21,43.87824,2.3908234,-2.0102282,0.5042372,-3.4551697,-11184866
4,3,5,42,"null","null","null",20,43.87824,3.448443,-0.9791728,0.65274775,-2.8342974,-11184866
5,4,6,41,"null","null","null",19,43.87824,3.6887553,-0.44105512,1.9801664,-2.1905584,-11184866
6,5,7,26,"null","null","null",18,43.87824,3.2310948,-0.6278832,3.219129,-1.1618762,-11184866
7,6,8,23,"null","null","null",10,43.87824,2.5840368,-1.4436026,3.684667,-0.37199056,-11184866
8,7,9,18,"null","null","null",8,43.87824,1.4333814,-2.8032904,3.3743324,-0.59051764,-11184866
9,8,10,15,"null","null","null",5,43.87824,0.29949006,-3.4558165,2.705148,-0.9977443,-11184866
10,9,11,14,"null","null","null",3,43.87824,0.5419747,-3.2755313,1.8611665,-2.4725435,-8572416
11,10,12,13,"null","null","null",2,43.87824,0.66192496,-2.571176,0.7546901,-3.3442616,-11513776
15,9,16,17,"null","null","null",2,43.87824,2.3408208,-0.4290239,3.7190452,-0.7670516,-11184866
18,8,19,22,"null","null","null",3,43.87824,3.065712,-0.2891289,3.1667423,-1.4052806,-8572416
19,18,20,21,"null","null","null",2,43.87824,2.3408208,-0.6580918,3.7190452,-0.34808022,-11184866
23,7,24,25,"null","null","null",2,43.87824,3.8167202,-0.67175275,0.73106515,-2.238161,-11184866
26,6,27,40,"null","null","null",8,43.87824,3.2514277,-1.0892038,0.3309561,-3.0087004,-11184866
27,26,28,35,"null","null","null",7,43.87824,3.5280137,-0.4185698,1.9147029,-2.3703609,-11184866
28,27,29,34,"null","null","null",4,43.87824,3.065712,-0.6167603,3.2309766,-1.4052806,-8572416
29,28,30,33,"null","null","null",3,43.87824,2.3408208,-0.85625637,3.8025498,-0.34808022,-8572416
30,29,31,32,"null","null","null",2,43.87824,1.6917281,-2.1268067,3.5885556,-0.5755012,-8572416
35,27,36,39,"null","null","null",3,43.87824,1.7924187,-2.1365566,0.6001816,-3.622961,-12486656
36,35,37,38,"null","null","null",2,43.87824,2.8755634,-1.1971815,0.6376133,-3.1081553,-12486656
44,2,45,46,"null","null","null",2,43.87824,0.82108533,-3.5997553,2.3745222,-0.4072522,-11184866
47,1,48,57,"null","null","null",7,43.87824,1.550136,-2.8032897,3.3743331,-0.31738126,-11184866
48,47,49,54,"null","null","null",5,43.87824,0.29948983,-3.4558167,2.7051487,-0.9977424,-8572416
49,48,50,53,"null","null","null",3,43.87824,0.54197454,-3.2755322,1.8611674,-2.4725418,-8572416
50,49,51,52,"null","null","null",2,43.87824,0.66192496,-2.5711775,0.75469065,-3.3442605,-8572416
54,48,55,56,"null","null","null",2,43.87824,2.340821,-0.4290238,3.7190456,-0.76705194,-8572416
57,47,58,59,"null","null","null",2,43.87824,3.3284078,-0.28912875,2.5945044,-1.40528,-12486656
60,0,61,86,"null","null","null",14,43.87824,2.3134413,-1.4749882,3.6141295,-0.7370677,-8572416
61,60,62,81,"null","null","null",13,43.87824,1.4333824,-2.8440928,3.2826343,-0.59051746,-11184866
62,61,63,74,"null","null","null",10,43.87824,0.29948983,-3.5088608,2.5859401,-1.1988066,-11184866
63,62,64,69,"null","null","null",6,43.87824,0.54197454,-3.3444896,1.7061961,-2.7339253,-8572416
64,63,65,68,"null","null","null",3,43.87824,0.66192496,-2.6608222,0.75469065,-3.6840591,-11184866
65,64,66,67,"null","null","null",2,43.87824,1.2662436,-2.076365,0.483974,-3.814066,-11184866
69,63,70,73,"null","null","null",3,43.87824,1.6917278,-2.7746243,3.1313148,-0.35959697,-8572416
70,69,71,72,"null","null","null",2,43.87824,0.52728057,-3.5245035,2.3807096,-0.665,-8572416
74,62,75,80,"null","null","null",4,43.87824,2.340821,-1.354578,3.4508262,-0.76705194,-11184866
75,74,76,79,"null","null","null",3,43.87824,1.6917278,-2.7746243,3.1313148,-0.5755013,-8572416
76,75,77,78,"null","null","null",2,43.87824,0.52728057,-3.5245035,2.3807096,-0.665,-8572416
81,61,82,85,"null","null","null",3,43.87824,3.0657122,-0.28912875,3.1667428,-1.40528,-8572416
82,81,83,84,"null","null","null",2,43.87824,2.340821,-0.6580918,3.7190456,-0.34808034,-8572416
