index,parent,child1,child2,name1,name2,common,richness,lengthbr,hxmax,hxmin,hymax,hymin,color
0,-268433262,1,98,"null","null","null",65,50.9,2.5325992,-1.5125291,3.6846662,-0.37198898,-16731116
1,0,2,71,"null","null","null",49,50.9,1.5333232,-2.8929017,3.3743353,-0.59051657,-16731116
2,1,3,68,"null","null","null",35,50.9,0.29948807,-3.57232,2.7051506,-1.0878739,-16731116
3,2,4,55,"null","null","null",33,50.9,0.5419733,-3.4269917,1.730676,-2.5897183,-16731116
4,3,5,34,"null","null","null",26,50.9,0.6619247,-2.7680752,0.49051267,-3.4965975,-16731116
5,4,6,25,"null","null","null",15,50.9,2.15973,-2.0607502,0.48397252,-3.570372,-12486656
6,5,7,24,"null","null","null",10,50.9,3.2514246,-1.089208,0.6459121,-3.0087042,-16731116
7,6,8,17,"null","null","null",9,50.9,3.5280137,-0.41856888,1.9146976,-2.3703642,-16731116
8,7,9,14,"null","null","null",5,50.9,3.065714,-0.6167598,3.2309737,-1.2878778,-16731116
9,8,10,13,"null","null","null",3,50.9,2.340822,-0.85624886,3.8025503,-0.34807926,-16731116
10,9,11,12,"null","null","null",2,50.9,1.6917316,-2.1268003,3.5885587,-0.5755006,-16731116
14,8,15,16,"null","null","null",2,50.9,2.8755598,-1.197184,0.3171611,-3.108158,-12486656
17,7,18,21,"null","null","null",4,50.9,1.7924141,-2.3054097,0.6001831,-3.6229625,-16731116
18,17,19,20,"null","null","null",2,50.9,2.8755598,-1.197184,0.63761306,-3.108158,-16731116
21,17,22,23,"null","null","null",2,50.9,0.52348316,-3.7908006,2.0102296,-1.4433415,-16777216
25,5,26,31,"null","null","null",5,50.9,0.48358613,-3.405889,2.018173,-2.60728,-11184866
26,25,27,30,"null","null","null",3,50.9,0.6580921,-2.7521312,0.8675258,-3.625098,-8572416
27,26,28,29,"null","null","null",2,50.9,1.0880151,-2.136558,0.46288437,-3.8261666,-11513776
31,25,32,33,"null","null","null",2,50.9,1.7788403,-1.9610395,3.6551402,-0.4014818,-11184866
34,4,35,54,"null","null","null",11,50.9,0.84492123,-3.57432,2.3807096,-0.9035118,-16731116
35,34,36,49,"null","null","null",10,50.9,0.5235956,-3.5058014,1.799389,-2.4241445,-16731116
36,35,37,46,"null","null","null",7,50.9,0.6580921,-2.8820171,0.5831063,-3.387022,-16731116
37,36,38,43,"null","null","null",5,50.9,2.1815777,-2.3054097,0.46288437,-3.5166678,-16731116
38,37,39,42,"null","null","null",3,50.9,3.3814723,-1.197184,0.63761306,-2.969975,-16731116
39,38,40,41,"null","null","null",2,50.9,3.7952104,-0.3955173,0.6459119,-2.279177,-16731116
43,37,44,45,"null","null","null",2,50.9,0.52348316,-3.7908006,2.0102296,-1.4433415,-16731116
46,36,47,48,"null","null","null",2,50.9,0.8665067,-3.4392211,2.4198914,-0.38339484,-16731116
49,35,50,53,"null","null","null",3,50.9,1.7788403,-2.6272633,3.1628761,-0.4014818,-12486656
50,49,51,52,"null","null","null",2,50.9,0.6411363,-3.4392195,2.4198937,-0.66423047,-12486656
55,3,56,67,"null","null","null",7,50.9,1.6917348,-2.7538185,3.1863818,-0.35959995,-16731116
56,55,57,66,"null","null","null",6,50.9,0.52729076,-3.4974642,2.4522963,-0.9518914,-16731116
57,56,58,65,"null","null","null",5,50.9,0.5235953,-3.4058897,1.9384048,-2.487039,-16731116
58,57,59,64,"null","null","null",4,50.9,0.658092,-2.7521324,0.8675277,-3.4687867,-16731116
59,58,60,63,"null","null","null",3,50.9,1.7924114,-2.1365585,0.462884,-3.6229634,-16731116
60,59,61,62,"null","null","null",2,50.9,2.875558,-1.1971854,0.63761294,-3.10816,-16731116
68,2,69,70,"null","null","null",2,50.9,2.3408225,-0.42902306,3.7190418,-0.76705396,-11184866
71,1,72,87,"null","null","null",14,50.9,3.290566,-0.28912774,2.992996,-1.2264668,-16731116
72,71,73,84,"null","null","null",8,50.9,2.633129,-1.4981346,3.4931827,-0.34807846,-16731116
73,72,74,79,"null","null","null",6,50.9,1.5297172,-2.9612553,3.1863832,-0.57549995,-16731116
74,73,75,78,"null","null","null",3,50.9,0.5272925,-3.7671337,2.452298,-0.665,-12486656
75,74,76,77,"null","null","null",2,50.9,0.523595,-3.7564616,1.938406,-1.6186303,-11184866
79,73,80,83,"null","null","null",3,50.9,3.0981104,-0.27500075,3.0448809,-1.5045899,-16731116
80,79,81,82,"null","null","null",2,50.9,2.3612094,-0.6619248,3.6646843,-0.3238795,-16731116
84,72,85,86,"null","null","null",2,50.9,3.795209,-0.7052617,0.55372226,-2.2791786,-16731116
87,71,88,97,"null","null","null",6,50.9,3.165763,-1.1971884,0.31716064,-2.9699774,-16731116
88,87,89,96,"null","null","null",5,50.9,3.514792,-0.39551634,1.780917,-2.2791786,-16731116
89,88,90,95,"null","null","null",4,50.9,3.0981104,-0.6042877,3.1510837,-1.5045899,-16731116
90,89,91,94,"null","null","null",3,50.9,2.3612094,-0.66483647,3.8027482,-0.3238795,-16731116
91,90,92,93,"null","null","null",2,50.9,1.7788435,-1.9610338,3.655142,-0.55929744,-16731116
98,0,99,118,"null","null","null",16,50.9,3.700976,-0.6717553,1.8280969,-2.3231246,-12486656
99,98,100,115,"null","null","null",10,50.9,3.290566,-0.61675954,3.1183953,-1.287883,-12486656
100,99,101,112,"null","null","null",8,50.9,2.633129,-1.3259931,3.6562018,-0.34807846,-11184866
101,100,102,111,"null","null","null",6,50.9,1.691736,-2.7374713,3.3983083,-0.57549995,-11184866
102,101,103,108,"null","null","null",5,50.9,0.33849406,-3.4762144,2.7278008,-0.8164975,-11184866
103,102,104,107,"null","null","null",3,50.9,0.523595,-3.3782663,1.938406,-2.311028,-11184866
104,103,105,106,"null","null","null",2,50.9,0.658092,-2.7162223,0.8675292,-3.239974,-11184866
108,102,109,110,"null","null","null",2,50.9,2.3612094,-0.4184202,3.6646843,-0.795097,-11513776
112,100,113,114,"null","null","null",2,50.9,3.795209,-0.7052617,0.55372226,-2.2791786,-12486656
115,99,116,117,"null","null","null",2,50.9,2.8755538,-1.1971884,0.31716064,-3.1081638,-12486656
118,98,119,126,"null","null","null",6,50.9,2.1643777,-2.3054128,0.6001841,-3.516669,-16731116
119,118,120,125,"null","null","null",4,50.9,3.3591158,-1.1971884,0.63761276,-2.9699774,-16731116
120,119,121,124,"null","null","null",3,50.9,3.766151,-0.39551634,1.2371187,-2.2791786,-12486656
121,120,122,123,"null","null","null",2,50.9,3.4248772,-0.6042877,2.444146,-1.5045899,-12486656
126,118,127,128,"null","null","null",2,50.9,0.52348447,-3.790802,2.0102322,-1.4433341,-16731116
