index,parent,child1,child2,name1,name2,common,richness,lengthbr,hxmax,hxmin,hymax,hymin,color
0,-268081051,1,109,"null","null","null",127,62.374485,2.4241476,-1.8874369,0.52359605,-3.4349267,-16731116
1,0,2,108,"","null","Malkoha, Koels and other cuckoos",87,54.8005,3.3870234,-0.8675231,0.6580922,-2.7898798,-16731116
2,1,3,104,"null","null","null",86,47.56791,3.5166674,-0.4628849,2.1163013,-2.1856325,-16731116
3,2,4,95,"null","null","null",51,39.086628,2.9699736,-0.6376133,3.2966106,-1.0032616,-16731116
4,3,5,94,"null","null","null",46,37.735954,2.279176,-1.6470408,3.6848876,-0.3955179,-16731116
5,4,6,65,"null","null","null",45,34.291782,1.3808088,-2.977038,3.319231,-0.6042887,-16731116
6,5,7,46,"null","null","null",30,26.925648,0.32388148,-3.5764802,2.6486678,-1.1974893,-16731116
7,6,8,37,"null","null","null",20,22.077454,0.5592989,-3.3609874,1.6207671,-2.6534753,-16731116
8,7,9,30,"null","null","null",15,19.828064,0.75180197,-2.6774383,0.41481674,-3.473289,-16731116
9,8,10,29,"null","null","null",11,15.74334,2.296084,-2.010226,0.5042378,-3.4551682,-16731116
10,9,11,28,"null","null","null",10,11.21021,3.3252785,-0.9791694,0.6527479,-2.8342948,-16731116
11,10,12,27,"null","null","null",9,10.712402,3.5286388,-0.4410558,1.8644092,-2.1905565,-16731116
12,11,13,26,"null","null","null",8,9.691184,3.0229423,-0.6278835,3.0686421,-1.3026755,-16731116
13,12,14,25,"null","null","null",7,7.296545,2.3134394,-1.4749937,3.4890313,-0.37199128,-16731116
14,13,15,24,"null","null","null",6,5.988053,1.6001867,-2.8440962,3.1200037,-0.59051806,-16731116
15,14,16,23,"null","null","null",5,3.7624674,0.4135952,-3.508861,2.374521,-1.198813,-16731116
16,15,17,22,"null","null","null",4,3.0599608,0.54197526,-3.3444867,1.8611641,-2.7339306,-16731116
17,16,18,21,"null","null","null",3,2.0139232,0.6619251,-2.660818,0.75468683,-3.6840615,-16731116
18,17,19,20,"null","null","null",2,1.4966236,1.2662508,-2.0763621,0.48397484,-3.8140655,-16731116
30,8,31,36,"null","null","null",4,11.796887,0.8210846,-3.4558175,2.374522,-0.99774426,-16731116
31,30,32,35,"null","null","null",3,4.9481125,0.54197484,-3.2755322,1.8611662,-2.472543,-16731116
32,31,33,34,"null","null","null",2,2.1762362,0.661925,-2.5711775,0.75469065,-3.3442605,-16731116
37,7,38,43,"null","null","null",5,17.99583,1.550134,-3.0610695,3.1200047,-0.3173806,-16731116
38,37,39,42,"","null","Long-tailed Cuckoos",3,11.524225,0.4135974,-3.790929,2.374522,-0.66423035,-16731116
39,38,40,41,"null","null","null",2,3.852844,0.54197484,-3.7111773,1.8611662,-1.7914411,-16731116
43,37,44,45,"","null","Drongo Cuckoos",2,1.478698,3.328406,-0.28912896,2.5945067,-1.4052784,-16731116
46,6,47,62,"null","null","null",10,21.153597,2.5840364,-1.4749908,3.7066278,-0.7370672,-16731116
47,46,48,61,"null","null","null",8,16.528671,1.600189,-2.8440948,3.4028807,-0.5905177,-16731116
48,47,49,56,"null","null","null",7,14.76497,0.29949018,-3.5088618,2.742261,-1.1988084,-16731116
49,48,50,55,"null","null","null",4,7.4947634,0.54197484,-3.3444898,1.8611662,-2.7339265,-16731116
50,49,51,54,"null","null","null",3,4.8426867,0.661925,-2.6608222,0.75469065,-3.6840591,-16731116
51,50,52,53,"null","null","null",2,1.819228,1.2662436,-2.076365,0.483974,-3.814066,-16731116
56,48,57,60,"null","null","null",3,8.427439,2.3408206,-0.85626006,3.8025498,-0.76705146,-16731116
57,56,58,59,"null","null","null",2,6.807133,1.6917262,-2.1268098,3.5885544,-0.57550156,-16731116
62,46,63,64,"null","null","null",2,8.49859,3.8167205,-0.6717526,0.73106873,-2.2381606,-16731116
65,5,66,93,"null","null","null",15,29.37153,3.1323915,-0.30320084,3.0686398,-1.3026779,-16731116
66,65,67,82,"null","null","null",14,25.825058,2.4557223,-1.5127478,3.4890308,-0.37199068,-16731116
67,66,68,81,"","null","Bronze-cuckoos",8,16.932161,1.600189,-2.8931787,3.1200047,-0.5905177,-16731116
68,67,69,80,"null","null","null",7,15.975899,0.4135974,-3.572671,2.374522,-1.0796683,-16731116
69,68,70,79,"null","null","null",6,15.433535,0.54197484,-3.4274416,1.8611662,-2.579044,-16731116
70,69,71,78,"null","null","null",5,14.29896,0.661925,-2.7686596,0.75469065,-3.482712,-16731116
71,70,72,75,"null","null","null",4,8.316585,1.9703119,-2.2165534,0.483974,-3.5523148,-16731116
72,71,73,74,"null","null","null",2,4.8787684,3.0051737,-1.0892006,0.64591265,-2.9852276,-16731116
75,71,76,77,"null","null","null",2,0.9447366,0.48358327,-3.756458,1.9383984,-1.6186465,-16731116
82,66,83,90,"null","null","null",6,23.027416,3.528014,-0.6717526,1.8652952,-2.4606729,-16731116
83,82,84,87,"null","null","null",4,14.317506,3.0657115,-0.61676055,3.1667447,-1.2878697,-16731116
84,83,85,86,"null","null","null",2,6.468442,2.3408206,-0.65809166,3.7190466,-0.34808072,-16731116
87,83,88,89,"null","null","null",2,2.1933994,2.8755677,-1.1971774,0.31716195,-3.108151,-16731116
90,82,91,92,"null","null","null",2,9.31421,1.0880258,-2.1365545,0.60018086,-3.8261662,-16731116
95,3,96,101,"","null","Koels",5,36.241287,3.443474,-0.9169625,0.34452954,-2.834297,-16731116
96,95,97,100,"null","null","null",3,21.054916,3.6822953,-0.44105524,1.6104487,-2.1905582,-16731116
97,96,98,99,"null","null","null",2,6.9294505,3.222697,-0.6278832,2.7384958,-1.3026779,-16731116
101,95,102,103,"null","null","null",2,10.86947,0.3708011,-2.5711792,0.8857572,-3.3442597,-16731116
104,2,105,107,"null","null","null",35,45.505074,2.2960806,-2.010228,0.5234822,-3.5213058,-16731116
105,104,-268070912,106,"null","null","null",34,42.20022,3.3252769,-0.9791716,0.65274775,-2.9202738,-16731116
109,0,110,165,"null","null","null",40,58.5326,0.40148073,-3.3609884,1.7464929,-2.6534727,-16731116
110,109,111,158,"","null","Coucals",28,29.750729,0.8143072,-2.6774395,0.41481847,-3.4732883,-16731116
111,110,112,153,"null","null","null",24,22.426474,2.3773425,-1.9270635,0.50423723,-3.4551697,-16731116
112,111,113,150,"null","null","null",21,20.517534,3.4309173,-0.72746617,0.65274775,-2.834297,-16731116
113,112,114,149,"null","null","null",19,17.29087,3.6659718,-0.44105524,1.8644058,-2.1905582,-16731116
114,113,115,136,"null","null","null",18,15.837663,3.2014763,-0.6278832,3.0686398,-1.1927514,-16731116
115,114,116,131,"null","null","null",11,13.971228,2.5455327,-1.4749908,3.4890308,-0.37199068,-16731116
116,115,117,126,"null","null","null",8,11.046911,1.4333808,-2.8440948,3.1200047,-0.5905177,-16731116
117,116,118,125,"null","null","null",5,9.608122,0.4135974,-3.5088618,2.374522,-1.1988084,-16731116
118,117,119,124,"null","null","null",4,8.564907,0.54197484,-3.3444898,1.8611662,-2.7339265,-16731116
119,118,120,123,"null","null","null",3,7.500632,0.661925,-2.6608222,0.75469065,-3.6840591,-16731116
120,119,121,122,"null","null","null",2,5.497745,1.2662436,-2.076365,0.483974,-3.814066,-16731116
126,116,127,130,"null","null","null",3,7.013896,3.0657115,-0.28912896,3.1667447,-1.4052784,-16731116
127,126,128,129,"null","null","null",2,5.218338,2.3408206,-0.65809166,3.7190466,-0.34808072,-16731116
131,115,132,135,"null","null","null",3,8.531062,3.7300868,-0.6717526,1.4251122,-2.2381606,-16731116
132,131,133,134,"null","null","null",2,7.536413,3.328406,-0.61676055,2.5945067,-1.4052784,-12486656
136,114,137,148,"null","null","null",7,12.314537,3.2514293,-1.0892012,0.33095616,-3.0781703,-16731116
137,136,138,145,"null","null","null",6,11.889103,3.528014,-0.41857028,1.9147055,-2.4606729,-16731116
138,137,139,144,"null","null","null",4,10.266666,3.0657115,-0.61676055,3.230978,-1.4052784,-16731116
139,138,140,143,"null","null","null",3,7.510431,2.3408206,-0.85626006,3.8025498,-0.34808072,-16731116
140,139,141,142,"null","null","null",2,4.698591,1.6917262,-2.1268098,3.5885544,-0.57550156,-16731116
145,137,146,147,"null","null","null",2,4.634417,1.0880258,-2.1365545,0.60018086,-3.8261662,-16731116
150,112,151,152,"null","null","null",2,17.553547,0.3708011,-2.5711792,0.8857572,-3.3442597,-12486656
153,111,154,157,"null","null","null",3,13.964952,0.44286343,-3.2755337,1.8611681,-2.4725404,-11184866
154,153,155,156,"null","null","null",2,10.111916,0.66192496,-2.5711792,0.7546917,-3.3442597,-8572416
158,110,159,164,"null","null","null",4,12.726003,0.8210852,-3.4558172,2.3745217,-0.9977406,-16731116
159,158,160,163,"null","null","null",3,7.7175274,0.5419744,-3.2755337,1.8611681,-2.4725404,-16731116
160,159,161,162,"null","null","null",2,3.8560271,0.66192496,-2.5711792,0.7546917,-3.3442597,-16731116
165,109,166,183,"null","null","null",12,40.709114,1.4333841,-2.8828294,3.402883,-0.31738168,-16731116
166,165,167,178,"","null","Couas",9,22.951298,0.29948938,-3.5592203,2.7422633,-1.0796632,-16731116
167,166,168,177,"null","null","null",6,19.229584,0.5419741,-3.4099588,1.8611695,-2.5790408,-16731116
168,167,169,174,"null","null","null",5,12.695186,0.6619249,-2.745932,0.49050927,-3.4827118,-16731116
169,168,170,173,"null","null","null",3,11.071888,1.9703076,-2.0763667,0.4839735,-3.5523167,-16731116
170,169,171,172,"null","null","null",2,2.125237,3.0051708,-1.0892029,0.6459124,-2.9852307,-16731116
174,168,175,176,"null","null","null",2,6.3515925,0.8449203,-3.5245016,2.3807096,-0.39556164,-16731116
178,166,179,182,"null","null","null",3,13.051559,2.3408215,-0.85625,3.8025503,-0.76705265,-16731116
179,178,180,181,"null","null","null",2,9.695354,1.6917312,-2.1268008,3.5885582,-0.5755008,-16731116
183,165,184,187,"","null","Ground-cuckoos",3,18.52315,3.065713,-0.28912848,3.1667397,-1.4052829,-12486656
184,183,185,186,"null","null","null",2,6.722239,2.3408215,-0.6580919,3.719044,-0.34807974,-11184866
