index,parent,child1,child2,name1,name2,common,richness,lengthbr,hxmax,hxmin,hymax,hymin,color
0,-268339192,1,26,"null","null","null",25,25.147057,3.0781763,-0.6459121,3.3844717,-0.939588,-8572416
1,0,2,23,"null","null","null",13,13.934545,2.4606776,-1.7316387,3.7009752,-0.4185688,-3014646
2,1,3,14,"null","null","null",11,10.512694,1.2264637,-2.9929974,3.290564,-0.6167598,-3014646
3,2,4,11,"null","null","null",6,4.7746663,0.34807912,-3.4931817,2.6331272,-1.4981403,-3014646
4,3,5,10,"null","null","null",4,3.95508,0.5755005,-3.18638,1.6917319,-2.9612596,-3014646
5,4,6,9,"null","null","null",3,2.8309054,0.665,-2.452294,0.5272881,-3.7671347,-3014646
6,5,7,8,"null","null","null",2,1.0814008,1.6186366,-1.9384034,0.52359563,-3.75646,-3014646
11,3,12,13,"null","null","null",2,0.79356635,2.2791774,-0.55373067,3.79521,-0.7052605,-16777216
14,2,15,22,"","null","Asian Box Turtles",5,8.987118,2.9699755,-0.31716102,3.1657662,-1.1971844,-3014646
15,14,16,21,"null","null","null",4,7.295617,2.2791774,-1.6992304,3.514793,-0.39551717,-3014646
16,15,17,20,"null","null","null",3,6.3489017,1.5045848,-3.0448873,3.0981092,-0.6042883,-3014646
17,16,18,19,"null","null","null",2,4.8525467,0.32388073,-3.6646876,2.361209,-0.6619246,-3014646
23,1,24,25,"null","null","null",2,10.461251,3.8261666,-0.60018325,1.0880141,-2.136558,-16777216
26,0,27,42,"null","null","null",12,16.74754,3.3870218,-0.902599,0.556283,-2.871228,-11184866
27,26,28,37,"null","null","null",8,15.191761,3.516668,-0.46288425,2.1643806,-2.1631186,-11184866
28,27,29,34,"null","null","null",5,8.280763,2.9699755,-0.637613,3.3591168,-1.0122055,-11184866
29,28,30,33,"null","null","null",3,6.39416,2.2791774,-1.2371283,3.7661486,-0.39551717,-8572416
30,29,31,32,"null","null","null",2,0.9312981,1.5045848,-2.4441543,3.424872,-0.6042883,-16777216
34,28,35,36,"null","null","null",2,6.4405937,3.1267998,-0.979175,0.34452912,-2.8544154,-12486656
37,27,38,41,"null","null","null",3,13.461708,2.1434035,-2.01023,0.52348334,-3.470645,-16777216
38,37,39,40,"null","null","null",2,8.303068,3.1267998,-0.979175,0.6527476,-2.8544154,-16777216
42,26,43,46,"null","null","null",4,9.317585,0.38339475,-2.7414122,0.8665067,-3.7314641,-8572416
43,42,44,45,"null","null","null",2,1.7925676,1.4433408,-2.01023,0.50423664,-3.7908006,-3014646
46,42,47,48,"null","null","null",2,1.2231778,0.82108605,-3.5997536,2.3745222,-0.4072519,-8572416
