index,parent,child1,child2,name1,name2,common,richness,lengthbr,hxmax,hxmin,hymax,hymin,color
0,-268333051,1,38,"null","null","null",22,67.098816,3.390037,-0.91696286,0.34452912,-2.8786826,-12486656
1,0,2,37,"null","null","null",19,67.098816,3.6128302,-0.44105458,1.864401,-2.1905596,-12486656
2,1,3,34,"null","null","null",18,67.098816,3.1323936,-0.62788296,3.0686367,-1.1514481,-12486656
3,2,4,27,"null","null","null",16,67.098816,2.4557242,-1.467473,3.4890296,-0.37198997,-12486656
4,3,5,24,"null","null","null",12,67.098816,1.5501379,-2.8343241,3.1200051,-0.5905173,-12486656
5,4,6,23,"null","null","null",10,67.098816,0.4136008,-3.4961631,2.3745222,-1.0522765,-12486656
6,5,7,22,"null","null","null",9,67.098816,0.5419743,-3.3279839,1.8611686,-2.5434372,-12486656
7,6,8,21,"null","null","null",8,67.098816,0.6896925,-2.6393647,0.7546941,-3.4364262,-12486656
8,7,9,16,"null","null","null",7,67.098816,2.279306,-2.0484684,0.48397338,-3.4921455,-12486656
9,8,10,15,"null","null","null",4,67.098816,3.4068692,-1.0892038,0.6459124,-2.9070082,-12486656
10,9,11,14,"null","null","null",3,67.098816,3.7300878,-0.4185698,1.4251086,-2.238161,-12486656
11,10,12,13,"null","null","null",2,67.098816,3.3284082,-0.6167603,2.5945039,-1.4052806,-12486656
16,8,17,20,"null","null","null",3,67.098816,0.48358452,-3.3782616,1.9384005,-2.3110387,-16731116
17,16,18,19,"null","null","null",2,67.098816,0.65809226,-2.7162147,0.8675231,-3.23998,-16731116
24,4,25,26,"null","null","null",2,67.098816,3.3284092,-0.28912854,2.5945022,-1.4052815,-11184866
27,3,28,33,"null","null","null",4,67.098816,3.5280137,-0.67175364,1.8652903,-2.2381618,-12486656
28,27,29,32,"null","null","null",3,67.098816,3.0657125,-0.6167602,3.1667411,-1.4052815,-12486656
29,28,30,31,"null","null","null",2,67.098816,2.3408213,-0.6580918,3.719045,-0.34807998,-11184866
34,2,35,36,"null","null","null",2,67.098816,3.005169,-1.0892045,0.33095574,-2.9852326,-11184866
38,0,39,42,"null","null","null",3,67.098816,0.37080073,-2.6608262,0.8857578,-3.6840568,-12486656
39,38,40,41,"null","null","null",2,67.098816,1.2662363,-2.0763676,0.48397315,-3.8140664,-16731116
