index,parent,child1,child2,name1,name2,common,richness,lengthbr,hxmax,hxmin,hymax,hymin,color
0,-268080016,1,64,"null","null","null",49,16.050762,3.3900387,-0.8530616,0.65274775,-2.8752604,-16731116
1,0,2,53,"","null","Wood pigeons, Laurel pigeons and more",32,14.299209,3.6128294,-0.44105524,1.8644058,-2.2438107,-16731116
2,1,3,44,"null","null","null",26,13.231419,3.1323915,-0.6278832,3.0686398,-1.116679,-16731116
3,2,4,25,"null","null","null",21,12.369966,2.4557223,-1.4749908,3.4890308,-0.37199068,-16731116
4,3,5,20,"null","null","null",11,10.2531,1.4333808,-2.8440948,3.1200047,-0.5905177,-16731116
5,4,6,19,"null","null","null",8,8.6753025,0.4135974,-3.5088618,2.374522,-1.0522809,-16731116
6,5,7,16,"null","null","null",7,8.099899,0.54197484,-3.3444898,1.9094126,-2.5434406,-16731116
7,6,8,15,"null","null","null",5,6.533762,0.72912955,-2.6608222,0.75469065,-3.4364274,-16731116
8,7,9,14,"null","null","null",4,4.5011377,2.3305721,-2.076365,0.483974,-3.4921446,-16731116
9,8,10,13,"null","null","null",3,2.783022,3.4735122,-1.0892006,0.64591265,-2.9070063,-16731116
10,9,11,12,"null","null","null",2,1.4344391,3.8167205,-0.41857052,0.73107064,-2.2381597,-16731116
16,6,17,18,"null","null","null",2,2.6611178,1.6917262,-2.1268098,3.5885544,-0.35959634,-16731116
20,4,21,24,"null","null","null",3,4.3466444,3.0657115,-0.28912896,3.1667447,-1.4052784,-16731116
21,20,22,23,"null","null","null",2,3.017692,2.3408206,-0.65809166,3.7190466,-0.34808072,-16731116
25,3,26,37,"null","null","null",10,10.492274,3.528014,-0.6717526,1.9147055,-2.3231177,-16731116
26,25,27,32,"null","null","null",6,7.543277,3.0657115,-0.61676055,3.230978,-1.2264566,-16731116
27,26,28,31,"null","null","null",3,2.5358682,2.3408206,-0.85626006,3.8025498,-0.34808072,-16731116
28,27,29,30,"null","null","null",2,1.8984125,1.6917262,-2.1268098,3.5885544,-0.57550156,-16731116
32,26,33,36,"null","null","null",3,5.650866,3.381478,-1.1971774,0.31716195,-2.9699717,-16731116
33,32,34,35,"null","null","null",2,4.0675535,3.7952118,-0.3955187,0.6459114,-2.2791748,-16731116
37,25,38,43,"null","null","null",4,6.22231,2.1815865,-2.1365545,0.60018086,-3.516667,-12486656
38,37,39,42,"null","null","null",3,5.886236,3.381478,-1.1971774,0.63761365,-2.9699717,-12486656
39,38,40,41,"null","null","null",2,2.2017822,3.7952118,-0.3955187,0.6459114,-2.2791748,-11184866
44,2,45,50,"null","null","null",5,7.204546,3.40687,-0.92879295,0.33095616,-2.9070072,-16731116
45,44,46,49,"null","null","null",3,5.1111608,3.7300868,-0.41857028,1.4251122,-2.2381606,-16731116
46,45,47,48,"null","null","null",2,2.3042157,3.328406,-0.61676055,2.5945067,-1.4052784,-16731116
50,44,51,52,"null","null","null",2,2.977342,0.357829,-2.7162097,0.902598,-3.239984,-12486656
53,1,54,59,"null","null","null",6,9.068065,2.3305707,-2.0484653,0.5623986,-3.492145,-12486656
54,53,55,58,"null","null","null",3,2.5761616,3.4735112,-1.0892012,0.6459125,-2.9070072,-11184866
55,54,56,57,"null","null","null",2,2.5761616,3.8167205,-0.41857028,0.73106873,-2.2381606,-11184866
59,53,60,63,"null","null","null",3,4.77981,0.4835837,-3.378258,1.938399,-2.3110433,-16731116
60,59,61,62,"null","null","null",2,2.1491747,0.6580924,-2.7162097,0.8675192,-3.239984,-16731116
64,0,65,90,"","null","Turtle doves, Collared-doves and more",17,15.356734,0.5977186,-2.853769,0.8857572,-3.5377069,-16731116
65,64,66,87,"null","null","null",13,9.97372,2.1597385,-2.2165542,0.4839738,-3.6238089,-16731116
66,65,67,80,"null","null","null",11,8.676196,3.2514293,-0.8866485,0.6459125,-3.0781703,-16731116
67,66,68,77,"null","null","null",7,7.058688,3.528014,-0.41857028,1.9147055,-2.4606729,-16731116
68,67,69,74,"null","null","null",5,6.2002077,3.0657115,-0.61676055,3.230978,-1.2878697,-16731116
69,68,70,73,"null","null","null",3,3.0392187,2.3408206,-0.85626006,3.8025498,-0.34808072,-16731116
70,69,71,72,"null","null","null",2,1.3743559,1.6917262,-2.1268098,3.5885544,-0.57550156,-16731116
74,68,75,76,"null","null","null",2,2.9325218,2.8755677,-1.1971774,0.31716195,-3.108151,-16731116
77,67,78,79,"null","null","null",2,3.0449708,1.0880258,-2.1365545,0.60018086,-3.8261662,-16731116
80,66,81,86,"null","null","null",4,7.0979514,0.357829,-2.7521257,0.902598,-3.4687881,-16731116
81,80,82,85,"null","null","null",3,3.5625193,1.7924247,-2.1365545,0.46288565,-3.6229587,-16731116
82,81,83,84,"null","null","null",2,1.7191993,2.8755677,-1.1971774,0.63761365,-3.108151,-16731116
87,65,88,89,"null","null","null",2,2.3458288,0.4835837,-3.7564578,1.938399,-1.6186463,-16731116
90,64,91,94,"null","null","null",4,13.749554,0.8449199,-3.7671363,2.7277994,-0.3955618,-16731116
91,90,92,93,"null","null","null",2,6.934084,0.5235967,-3.7564578,1.938399,-1.6186463,-16731116
94,90,95,96,"null","null","null",2,2.7919543,2.361208,-0.41842118,3.6646895,-0.7950946,-12486656
