index,parent,child1,child2,name1,name2,common,richness,lengthbr,hxmax,hxmin,hymax,hymin,color
0,-268392443,1,193,"","null","Cisticolas and more",146,22.949612,0.44286197,-3.401596,1.7061951,-2.5959573,-16731116
1,0,2,88,"null","null","null",143,20.739492,0.66192496,-2.7350602,0.613705,-3.5046997,-16731116
2,1,-268384256,3,"null","null","null",90,19.231985,2.2184484,-2.1051474,0.48397422,-3.5808978,-16731116
3,2,4,67,"null","null","null",43,16.093962,0.48358285,-3.5057967,1.9093044,-2.4241529,-16731116
4,3,5,54,"null","null","null",32,15.481328,0.6580924,-2.88201,0.6457026,-3.3870258,-16731116
5,4,6,51,"Cisticolidae","null","Cisticolas and more",25,14.937178,2.0824463,-2.3054042,0.46288577,-3.516667,-16731116
6,5,7,44,"null","null","null",23,12.925639,3.2525952,-1.0032573,0.63761365,-2.9699712,-16731116
7,6,8,43,"null","null","null",19,11.657036,3.6276634,-0.39551884,1.6061882,-2.2791743,-16731116
8,7,9,34,"null","null","null",18,10.458012,3.2448373,-0.6042892,2.9239256,-1.3321614,-16731116
9,8,10,23,"null","null","null",13,8.359941,2.5519564,-1.1974955,3.50743,-0.32388246,-16731116
10,9,11,20,"null","null","null",7,6.8605337,1.7948487,-2.6534798,3.2712197,-0.5592996,-16731116
11,10,12,19,"null","null","null",5,3.9448442,0.6411245,-3.4732904,2.56074,-0.8876363,-12486656
12,11,13,18,"null","null","null",4,3.2512097,0.50423855,-3.4551668,2.0102232,-2.4726658,-12486656
13,12,14,17,"null","null","null",3,1.1513847,0.6527482,-2.834292,0.97916484,-3.5548306,-11184866
14,13,15,16,"null","null","null",2,1.1513847,0.9094076,-2.1905546,0.44105673,-3.8270526,-11184866
20,10,21,22,"null","null","null",2,2.62873,3.5116959,-0.31737888,2.2880604,-1.6001867,-16731116
23,9,24,31,"null","null","null",6,5.6897955,3.4890313,-0.73706603,1.5287797,-2.584035,-16731116
24,23,25,28,"null","null","null",4,3.214769,3.1200037,-0.59051806,2.914018,-1.5501313,-16731116
25,24,26,27,"null","null","null",2,2.0043728,2.374521,-0.6642302,3.599759,-0.4135952,-16731116
28,24,29,30,"null","null","null",2,1.8274989,2.5945082,-1.4052775,0.28912932,-3.328405,-12486656
31,23,32,33,"null","null","null",2,1.2986267,0.73107064,-2.2381597,0.6717517,-3.8167205,-16731116
34,8,35,40,"null","null","null",5,6.9259186,3.3004124,-1.1514413,0.30320144,-3.0229423,-16731116
35,34,36,39,"null","null","null",3,3.9586756,3.7903328,-0.37199128,1.0472739,-2.3134394,-16731116
36,35,37,38,"null","null","null",2,2.7521615,3.5116959,-0.59051806,2.2880604,-1.6001867,-16731116
40,34,41,42,"null","null","null",2,2.606945,0.33095652,-2.9852276,1.0892005,-3.0051742,-11184866
44,6,45,50,"null","null","null",4,6.238971,0.3445301,-2.8342948,0.9791694,-3.443475,-16731116
45,44,46,49,"null","null","null",3,3.617773,1.6104532,-2.1905565,0.44105583,-3.6822941,-12486656
46,45,47,48,"null","null","null",2,2.2714083,2.7384992,-1.3026755,0.6278835,-3.2226942,-12486656
51,5,52,53,"null","null","null",2,4.7963057,0.52348053,-3.7907991,2.010226,-1.4433506,-16731116
54,4,55,66,"null","null","null",7,13.015257,0.86650527,-3.473289,2.5607443,-0.75180197,-16731116
55,54,56,65,"Cisticolidae","null","Cisticolas and more",6,11.088218,0.5042378,-3.4551682,2.010226,-2.296084,-16731116
56,55,57,64,"null","null","null",5,8.2656555,0.6527479,-2.8342948,0.9791694,-3.3252785,-16731116
57,56,58,63,"null","null","null",4,5.6268616,2.026291,-2.1905565,0.44105583,-3.5286388,-16731116
58,57,59,62,"null","null","null",3,4.740616,3.2790883,-1.3026755,0.6278835,-3.0229423,-16731116
59,58,60,61,"null","null","null",2,2.9285486,3.7626114,-0.37199128,0.6527469,-2.3134394,-16731116
67,3,68,85,"","null","Eremomelas",11,11.929909,1.7948534,-2.6534753,3.4101975,-0.40147904,-16731116
68,67,69,82,"null","null","null",9,8.558729,0.4148165,-3.473289,2.7414112,-0.82174075,-16731116
69,68,70,79,"null","null","null",7,8.136477,0.5042378,-3.4551682,2.1206808,-2.3870044,-16731116
70,69,71,76,"null","null","null",5,7.0389833,0.6527479,-2.8342948,0.7274634,-3.443475,-16731116
71,70,72,75,"null","null","null",3,4.389728,1.6104532,-2.1905565,0.44105583,-3.6822941,-16731116
72,71,73,74,"null","null","null",2,1.9548355,2.7384992,-1.3026755,0.6278835,-3.2226942,-16731116
76,70,77,78,"null","null","null",2,2.2258978,0.88575673,-3.3442605,2.5711775,-0.37080142,-16731116
79,69,80,81,"Sylviidae","null","Old World warblers",2,2.120231,1.8611674,-1.7914399,3.711177,-0.4428624,-12486656
82,68,83,84,"Sylviidae","null","Old World warblers",2,1.969234,2.3745215,-0.40725255,3.5997562,-0.8210846,-16731116
85,67,86,87,"Sylviidae","null","Old World warblers",2,2.53933,3.5116992,-0.3173806,2.288054,-1.6001905,-16731116
88,1,89,178,"null","null","null",53,18.161114,0.84491944,-3.500043,2.657906,-0.9344065,-16731116
89,88,90,153,"Cisticolidae","null","Cisticolas and more",45,14.768396,0.5235968,-3.409236,1.9383522,-2.4643028,-16731116
90,89,91,132,"null","null","null",32,10.675752,0.6580924,-2.7564812,0.6277479,-3.439221,-16731116
91,90,92,131,"null","null","null",21,10.111083,2.0156596,-2.1365538,0.46288577,-3.5845203,-16731116
92,91,93,124,"null","null","null",20,8.724848,3.1657724,-1.0032573,0.63761365,-3.0581808,-16731116
93,92,94,109,"null","null","null",16,7.9206915,3.5147939,-0.39551884,1.5568684,-2.393847,-16731116
94,93,95,104,"null","null","null",8,5.9540114,3.0981069,-0.6042892,2.8598099,-1.3321614,-16731116
95,94,96,103,"null","null","null",5,4.7869015,2.361207,-1.1773405,3.4240794,-0.32388246,-16731116
96,95,97,100,"null","null","null",4,4.0160794,1.7948487,-2.6272786,3.1628635,-0.5592996,-16731116
97,96,98,99,"null","null","null",2,1.8332651,0.6411245,-3.439229,2.419877,-0.6642306,-16731116
100,96,101,102,"null","null","null",2,1.5236235,3.5116959,-0.31737888,2.2880604,-1.6001867,-16731116
104,94,105,108,"null","null","null",3,3.0690045,3.2790883,-1.3026755,0.30320144,-3.0229423,-12486656
105,104,106,107,"null","null","null",2,1.6702269,3.7626114,-0.37199128,0.6527469,-2.3134394,-12486656
109,93,110,117,"null","null","null",8,6.3952293,2.026291,-2.2705507,0.63667953,-3.5286388,-16731116
110,109,111,114,"null","null","null",4,5.7052145,3.2790883,-1.1514413,0.6278835,-3.0229423,-16731116
111,110,112,113,"null","null","null",2,1.7338302,3.7626114,-0.37199128,0.6527469,-2.3134394,-16731116
114,110,115,116,"null","null","null",2,2.0923905,0.33095652,-2.9852276,1.0892005,-3.0051742,-16731116
117,109,118,121,"null","null","null",4,4.802895,0.5623976,-3.5523148,2.2165532,-1.9703121,-16731116
118,117,119,120,"null","null","null",2,1.6673571,0.64591265,-2.9852276,1.0892005,-3.0051742,-16731116
121,117,122,123,"null","null","null",2,2.007784,1.9383993,-1.6186453,3.7564578,-0.48358327,-16731116
124,92,125,130,"null","null","null",4,6.3922176,0.3445301,-2.8342948,0.9791694,-3.443475,-16731116
125,124,126,129,"null","null","null",3,4.1113124,1.6104532,-2.1905565,0.44105583,-3.6822941,-16731116
126,125,127,128,"null","null","null",2,2.5094595,2.7384992,-1.3026755,0.6278835,-3.2226942,-16731116
132,90,133,152,"null","null","null",11,10.016114,0.86650527,-3.473289,2.5203462,-0.75180197,-16731116
133,132,134,145,"null","null","null",10,8.308571,0.5042378,-3.4551682,1.9577084,-2.296084,-16731116
134,133,135,142,"null","null","null",6,6.6608553,0.6527479,-2.8342948,0.7274634,-3.3252785,-16731116
135,134,136,141,"null","null","null",4,5.4158316,2.026291,-2.1905565,0.44105583,-3.5286388,-16731116
136,135,137,140,"null","null","null",3,2.4221292,3.2790883,-1.3026755,0.6278835,-3.0229423,-16731116
137,136,138,139,"null","null","null",2,2.1580262,3.7626114,-0.37199128,0.6527469,-2.3134394,-16731116
142,134,143,144,"null","null","null",2,2.0729523,0.88575673,-3.3442605,2.5711775,-0.37080142,-16731116
145,133,146,151,"null","null","null",4,6.5553217,1.8611674,-2.7339253,3.3444893,-0.4428624,-16731116
146,145,147,150,"null","null","null",3,3.5317862,0.75469124,-3.6840591,2.660822,-0.66192496,-16731116
147,146,148,149,"null","null","null",2,1.2939764,0.483974,-3.814066,2.0763648,-1.2662436,-16731116
153,89,154,177,"null","null","null",13,8.44944,1.7788353,-2.6534753,3.4755552,-0.40147904,-16731116
154,153,155,172,"null","null","null",12,6.623459,0.4148165,-3.473289,2.8263764,-0.75180197,-16731116
155,154,156,165,"null","null","null",9,5.4301414,0.5042378,-3.4551682,1.9577084,-2.296084,-16731116
156,155,157,164,"null","null","null",5,4.095465,0.6527479,-2.8342948,0.9791694,-3.3252785,-16731116
157,156,158,163,"null","null","null",4,3.3987403,2.026291,-2.1905565,0.44105583,-3.5286388,-16731116
158,157,159,162,"null","null","null",3,2.890312,3.2790883,-1.3026755,0.6278835,-3.0229423,-16731116
159,158,160,161,"null","null","null",2,0.84878254,3.7626114,-0.37199128,0.6527469,-2.3134394,-16731116
165,155,166,171,"null","null","null",4,4.479069,1.8611674,-2.7339253,3.3444893,-0.4428624,-16731116
166,165,167,170,"null","null","null",3,3.7217197,0.75469124,-3.6840591,2.660822,-0.66192496,-16731116
167,166,168,169,"null","null","null",2,1.5226074,0.483974,-3.814066,2.0763648,-1.2662436,-16731116
172,154,173,176,"null","null","null",3,4.3251047,2.3745215,-0.47381783,3.7909281,-0.8210846,-16731116
173,172,174,175,"null","null","null",2,1.620349,1.8611674,-1.7914399,3.711177,-0.54197454,-16731116
178,88,179,192,"null","null","null",8,15.923282,2.3612075,-1.2045312,3.5074303,-0.7950944,-16731116
179,178,180,187,"null","null","null",7,14.875008,1.6207669,-2.6626298,3.2712228,-0.5592989,-16731116
180,179,181,186,"Cisticolidae","null","Cisticolas and more",4,11.921067,0.641129,-3.48519,2.5607443,-0.6642305,-16731116
181,180,182,185,"null","null","null",3,8.329229,0.5042378,-3.4706397,2.010226,-2.143413,-16731116
182,181,183,184,"null","null","null",2,3.3423805,0.6527479,-2.8544078,0.9791694,-3.1268065,-16731116
187,179,188,191,"Sylviidae","null","Old World warblers",3,14.404259,3.1200044,-0.3173806,2.9140122,-1.6001905,-12486656
188,187,189,190,"null","null","null",2,2.6576228,2.3745215,-0.66423035,3.5997562,-0.41359985,-16731116
193,0,194,197,"Timaliidae","null","Jerys	",3,13.009873,1.6917281,-2.7746239,3.1313145,-0.35959655,-16731116
194,193,195,196,"null","null","null",2,5.453366,0.5272817,-3.5245032,2.3807092,-0.665,-16731116
