index,parent,child1,child2,name1,name2,common,richness,lengthbr,hxmax,hxmin,hymax,hymin,color
0,-268405750,1,48,"Muscicapidae","null","Chats and Old World flycatchers",31,13.3178425,2.5906339,-1.3419621,3.5929284,-0.7670504,-16731116
1,0,2,43,"null","null","null",24,12.86828,1.529705,-2.7582207,3.316045,-0.5755019,-16731116
2,1,3,32,"null","null","null",21,12.414055,0.48277736,-3.5031748,2.6208591,-0.90352786,-16731116
3,2,4,25,"null","null","null",15,11.308125,0.5235976,-3.4133043,1.8475332,-2.4241579,-16731116
4,3,5,18,"null","null","null",11,7.74927,0.6580926,-2.7617693,0.64569753,-3.387028,-16731116
5,4,6,17,"null","null","null",7,6.9025536,2.164394,-2.1365514,0.46288663,-3.516666,-16731116
6,5,7,12,"null","null","null",6,5.189664,3.3591228,-1.0032526,0.637614,-2.9699686,-16731116
7,6,8,11,"null","null","null",3,2.3106875,3.7661452,-0.39551976,1.2371495,-2.2791727,-16731116
8,7,9,10,"null","null","null",2,1.1118207,3.4248614,-0.60428977,2.4441714,-1.5045741,-16731116
12,6,13,16,"null","null","null",3,3.6356916,0.34453064,-2.834292,0.97916484,-3.5548306,-16731116
13,12,14,15,"null","null","null",2,0.84480244,0.9094076,-2.1905546,0.44105673,-3.8270526,-16731116
18,4,19,24,"null","null","null",4,4.2767196,0.86650443,-3.48519,2.56074,-0.6343703,-16731116
19,18,20,23,"null","null","null",3,2.3831487,0.50423855,-3.4706364,2.0102232,-2.14342,-16731116
20,19,21,22,"null","null","null",2,1.1828223,0.6527482,-2.8544023,0.97916484,-3.126811,-12486656
25,3,26,31,"null","null","null",4,6.0436244,1.7788317,-2.8520777,3.2712197,-0.40147734,-16731116
26,25,27,30,"null","null","null",3,4.225737,0.6411245,-3.7314677,2.56074,-0.6642306,-12486656
27,26,28,29,"null","null","null",2,3.3508313,0.50423855,-3.7907977,2.0102232,-1.4433578,-16731116
32,2,33,38,"null","null","null",6,10.955204,2.6858683,-1.1773405,3.4240794,-0.7950933,-16731116
33,32,34,37,"null","null","null",3,8.643562,1.7788317,-2.6272786,3.1628635,-0.5592996,-16731116
34,33,35,36,"null","null","null",2,2.636769,0.6411245,-3.439229,2.419877,-0.6642306,-16731116
38,32,39,42,"null","null","null",3,10.420828,3.7903328,-0.73706603,1.0472739,-2.3134394,-16731116
39,38,40,41,"null","null","null",2,9.722449,3.5116959,-0.59051806,2.2880604,-1.6001867,-16731116
43,1,44,47,"null","null","null",3,11.119694,3.0981069,-0.2750016,3.0448964,-1.5045781,-11184866
44,43,45,46,"null","null","null",2,2.3773475,2.361207,-0.6619245,3.664692,-0.32388246,-8572416
48,0,49,60,"null","null","null",7,8.124481,3.699611,-0.70525765,1.5568684,-2.2791743,-16731116
49,48,50,59,"null","null","null",6,5.255174,3.338369,-0.6042892,2.8598099,-1.5045781,-16731116
50,49,51,56,"null","null","null",5,3.994501,2.6735475,-1.1773405,3.4240794,-0.32388246,-16731116
51,50,52,55,"null","null","null",3,2.3979664,1.7788317,-2.6272786,3.1628635,-0.5592996,-16731116
52,51,53,54,"null","null","null",2,2.233022,0.6411245,-3.439229,2.419877,-0.6642306,-16731116
56,50,57,58,"null","null","null",2,1.4185661,3.7626114,-0.73706603,0.439019,-2.3134394,-16731116
