index,parent,child1,child2,name1,name2,common,richness,lengthbr,hxmax,hxmin,hymax,hymin,color
0,-268166110,1,80,"null","null","null",58,29.4,1.5187924,-2.8931744,3.2971153,-0.3173825,-16731116
1,0,2,67,"null","null","null",40,29.4,0.29948908,-3.57267,2.6047654,-1.0751562,-16731116
2,1,3,60,"null","null","null",33,29.4,0.541974,-3.427444,1.7306705,-2.573182,-16731116
3,2,4,47,"null","null","null",29,29.400002,0.67644143,-2.768663,0.54959404,-3.475096,-16731116
4,3,5,44,"null","null","null",22,23.0,2.2620795,-2.216556,0.48397338,-3.5424166,-16731116
5,4,6,41,"Apodemus","null","Field Mice",20,16.5,3.3844748,-0.8706895,0.6459124,-2.9723606,-16731116
6,5,7,24,"null","null","null",18,16.5,3.700975,-0.4185698,1.7316434,-2.3231192,-16731116
7,6,8,21,"null","null","null",9,16.5,3.2905617,-0.6167603,2.9929993,-1.2878731,-16731116
8,7,9,18,"null","null","null",7,11.2,2.6331253,-1.4981474,3.4931793,-0.34808022,-16731116
9,8,10,15,"null","null","null",5,11.2,1.6749359,-2.9612648,3.1863742,-0.5755012,-16731116
10,9,11,14,"null","null","null",3,11.2,0.5272817,-3.7671363,2.4522867,-0.665,-16731116
11,10,12,13,"null","null","null",2,11.2,0.5235968,-3.7564573,1.9383985,-1.6186471,-16731116
15,9,16,17,"null","null","null",2,11.2,3.4248688,-0.27500102,2.444159,-1.5045819,-12486656
18,8,19,20,"null","null","null",2,11.2,3.795211,-0.705259,0.5537361,-2.2791758,-16731116
21,7,22,23,"null","null","null",2,3.0,2.8755634,-1.1971815,0.31716168,-3.1081553,-16731116
24,6,25,34,"null","null","null",9,4.8,2.0156536,-2.156239,0.6001816,-3.5166674,-16731116
25,24,26,33,"null","null","null",5,4.8,3.1657686,-1.1971815,0.6376133,-2.9699733,-16731116
26,25,27,32,"null","null","null",4,4.8,3.514793,-0.3955179,1.6992358,-2.2791758,-16731116
27,26,28,31,"null","null","null",3,4.8,3.0981078,-0.6042887,3.0448914,-1.5045819,-16731116
28,27,29,30,"null","null","null",2,4.8,2.3612075,-0.66192454,3.6646893,-0.32388148,-16731116
34,24,35,40,"null","null","null",4,4.8,0.5234822,-3.4551706,2.010228,-2.4726558,-16731116
35,34,36,39,"null","null","null",3,4.8,0.65274775,-2.8342981,0.9791734,-3.5548244,-16731116
36,35,37,38,"null","null","null",2,4.8,0.9093931,-2.1905591,0.4410549,-3.827052,-16731116
41,5,42,43,"","null","Broad-toothed Field Mice",2,4.3,0.35782874,-2.7162147,0.90259826,-3.23998,-16731116
44,4,45,46,"Tokudaia","some","Spiny Rats",2,4.8,0.48358452,-3.7564592,1.9384005,-1.6186413,-8572416
47,3,48,59,"Arvicanthis","null","Grass Rats",7,10.8,0.8449204,-3.497466,2.5136495,-0.95189875,-16731116
48,47,49,56,"null","null","null",6,10.8,0.52359635,-3.405888,2.0181682,-2.4870446,-16731116
49,48,50,55,"null","null","null",4,10.8,0.65809226,-2.752129,0.8675231,-3.4687877,-16731116
50,49,51,54,"null","null","null",3,6.9,1.7924187,-2.1365566,0.4628849,-3.622961,-16731116
51,50,52,53,"null","null","null",2,6.9,2.8755634,-1.1971815,0.6376133,-3.1081553,-16731116
56,48,57,58,"null","null","null",2,10.8,1.7788361,-1.9610482,3.6551366,-0.40148008,-16731116
60,2,61,66,"Berylmys","null","White-toothed Rats",4,10.1,1.6917303,-2.9612625,3.1863766,-0.35959825,-16731116
61,60,62,65,"null","null","null",3,10.1,0.5272839,-3.767136,2.4522898,-0.665,-16731116
62,61,63,64,"null","null","null",2,10.1,0.52359635,-3.7564592,1.9384005,-1.6186413,-11513776
67,1,68,79,"null","null","null",7,29.4,2.3408217,-1.326001,3.4931798,-0.76705277,-16731116
68,67,69,76,"null","null","null",6,29.4,1.6749383,-2.7374768,3.1863766,-0.57550085,-16731116
69,68,70,75,"null","null","null",4,29.4,0.5272839,-3.476215,2.4522898,-0.81650966,-16731116
70,69,71,74,"Bandicota","some","Bandicoot Rats",3,8.0,0.52359635,-3.3782616,1.9384005,-2.3110387,-16731116
71,70,72,73,"null","null","null",2,8.0,0.65809226,-2.7162147,0.8675231,-3.23998,-16731116
76,68,77,78,"Phloeomys","null","null",2,5.0,3.4248698,-0.27500066,2.4441574,-1.5045828,-12486656
80,0,81,112,"null","null","null",18,29.4,3.2578793,-0.2891283,3.1463294,-1.2878759,-16731116
81,80,82,97,"null","null","null",16,29.400002,2.5906374,-1.3385757,3.692511,-0.34807962,-16731116
82,81,83,96,"null","null","null",8,15.1,1.6917303,-2.753824,3.4455068,-0.57550085,-16731116
83,82,84,91,"null","null","null",7,15.1,0.33848858,-3.497466,2.7891593,-1.0443912,-16731116
84,83,85,90,"null","null","null",4,15.1,0.52359635,-3.405888,1.9384005,-2.6072845,-16731116
85,84,86,89,"null","null","null",3,15.1,0.65809226,-2.752129,0.8675231,-3.6250997,-16731116
86,85,87,88,"null","null","null",2,15.1,1.0880196,-2.1365566,0.4628849,-3.8261666,-16731116
91,83,92,95,"null","null","null",3,15.1,2.3612084,-0.66485244,3.8027482,-0.7950951,-16731116
92,91,93,94,"null","null","null",2,15.1,1.7788361,-1.9610482,3.6551366,-0.55929875,-16731116
97,81,98,111,"Hylomyscus","null","null",8,5.0,3.6996105,-0.70525986,1.7809258,-2.2791765,-16731116
98,97,99,106,"null","null","null",7,5.0,3.3383713,-0.6042886,3.1510894,-1.3321667,-12486656
99,98,100,103,"null","null","null",4,5.0,2.6735497,-0.66485244,3.8027482,-0.32388124,-12486656
100,99,101,102,"null","null","null",2,5.0,1.7788361,-1.9610482,3.6551366,-0.55929875,-16731116
103,99,104,105,"null","null","null",2,3.7,3.76261,-0.7370676,0.4390185,-2.3134413,-11184866
106,98,107,110,"null","null","null",3,5.0,3.2790847,-1.3026788,0.30320072,-3.0229447,-12486656
107,106,108,109,"null","null","null",2,5.0,3.76261,-0.37199044,0.6527471,-2.3134413,-12486656
112,80,113,114,"Rhabdomys","null","null",2,5.0,2.8755617,-1.1971824,0.31716132,-3.1081567,-16731116
