index,parent,child1,child2,name1,name2,common,richness,lengthbr,hxmax,hxmin,hymax,hymin,color
0,-268071831,1,36,"null","null","null",33,34.20135,3.528639,-0.44105524,1.9931613,-2.3023279,-16731116
1,0,2,31,"null","null","null",18,31.096544,3.022944,-0.6278832,3.2360222,-1.116679,-16731116
2,1,3,30,"null","null","null",15,27.239777,2.3134408,-1.5047903,3.7066278,-0.37199068,-16731116
3,2,4,23,"null","null","null",14,18.30003,1.4333808,-2.882834,3.4028807,-0.5905177,-16731116
4,3,5,18,"null","null","null",10,12.932811,0.29949018,-3.5592227,2.742261,-1.0522809,-16731116
5,4,6,17,"null","null","null",7,11.053523,0.54197484,-3.409959,1.8611662,-2.5434406,-16731116
6,5,7,14,"null","null","null",6,9.159664,0.72912955,-2.745932,0.49050736,-3.4364274,-16731116
7,6,8,13,"","null","Lizard-cuckoos",4,6.4766846,2.3305721,-2.076365,0.483974,-3.4921446,-16731116
8,7,9,12,"null","null","null",3,4.932597,3.4735122,-1.0892006,0.64591265,-2.9070063,-16731116
9,8,10,11,"null","null","null",2,2.868344,3.8167205,-0.41857052,0.73107064,-2.2381597,-16731116
14,6,15,16,"null","null","null",2,4.417516,0.8449197,-3.5245035,2.3807096,-0.39556193,-12486656
18,4,19,22,"null","null","null",3,8.413571,2.3408206,-0.85626006,3.8025498,-0.76705146,-16731116
19,18,20,21,"null","null","null",2,0.87461686,1.6917262,-2.1268098,3.5885544,-0.57550156,-12486656
23,3,24,29,"null","null","null",4,15.222666,3.0657115,-0.28912896,3.230978,-1.4052784,-16731116
24,23,25,28,"null","null","null",3,7.492169,2.3408206,-0.85626006,3.8025498,-0.34808072,-16731116
25,24,26,27,"null","null","null",2,2.857828,1.6917262,-2.1268098,3.5885544,-0.57550156,-16731116
31,1,32,35,"null","null","null",3,25.516169,3.4735112,-1.0892012,0.33095616,-2.9070072,-16731116
32,31,33,34,"null","null","null",2,2.6683824,3.8167205,-0.41857028,0.73106873,-2.2381606,-16731116
36,0,37,58,"null","null","null",15,31.054436,2.1597385,-2.0607443,0.5623986,-3.6238089,-16731116
37,36,38,53,"","null","Malkohas",11,27.942616,3.2514293,-0.8866485,0.6459125,-3.0781703,-16731116
38,37,39,50,"null","null","null",8,21.032516,3.528014,-0.41857028,1.7065854,-2.4606729,-16731116
39,38,40,47,"null","null","null",6,13.7833,3.0657115,-0.61676055,2.960422,-1.2878697,-16731116
40,39,41,46,"null","null","null",4,9.504331,2.3408206,-1.3545806,3.4508271,-0.34808072,-12486656
41,40,42,45,"null","null","null",3,8.067085,1.6917262,-2.7746265,3.1313148,-0.57550156,-16731116
42,41,43,44,"null","null","null",2,5.680921,0.5272789,-3.524505,2.3807096,-0.665,-16731116
47,39,48,49,"null","null","null",2,9.287299,2.8755677,-1.1971774,0.31716195,-3.108151,-16731116
50,38,51,52,"null","null","null",2,17.48614,1.0880258,-2.1365545,0.60018086,-3.8261662,-16731116
53,37,54,57,"null","null","null",3,24.005795,0.357829,-2.7521257,0.902598,-3.625102,-16731116
54,53,55,56,"null","null","null",2,15.034683,1.0880258,-2.1365545,0.46288565,-3.8261662,-16731116
58,36,59,64,"null","null","null",4,21.497807,0.4835837,-3.4058857,1.938399,-2.607288,-16731116
59,58,60,63,"null","null","null",3,17.670092,0.6580924,-2.7521257,0.8675192,-3.625102,-16731116
60,59,61,62,"null","null","null",2,3.8302324,1.0880258,-2.1365545,0.46288565,-3.8261662,-16731116
