index,parent,child1,child2,name1,name2,common,richness,lengthbr,hxmax,hxmin,hymax,hymin,color
0,-268151649,1,66,"","null","Mongooses and more",38,39.1,0.66192466,-2.7686713,0.52233183,-3.5046978,-16731116
1,0,2,63,"Herpestidae","null","null",33,25.9,2.159725,-2.216563,0.483972,-3.5809047,-16731116
2,1,3,62,"null","null","null",31,25.9,3.2514215,-1.0892124,0.6459119,-3.0223975,-16731116
3,2,4,35,"null","null","null",30,19.7,3.5280132,-0.41856796,1.7316328,-2.3881636,-16731116
4,3,5,32,"null","null","null",16,19.4,3.0657158,-0.6167593,2.9929938,-1.2878861,-16731116
5,4,6,31,"null","null","null",14,16.4,2.3408232,-1.3802617,3.4931822,-0.3480779,-16731116
6,5,7,26,"null","null","null",13,16.4,1.5297194,-2.8080223,3.1863844,-0.5754996,-16731116
7,6,8,25,"null","null","null",10,13.000001,0.52729416,-3.567933,2.4522996,-0.90350515,-16731116
8,7,9,24,"null","null","null",9,12.300001,0.52359474,-3.4975019,1.9384072,-2.424139,-16731116
9,8,10,17,"null","null","null",8,10.500001,0.6580919,-2.8712287,0.72600794,-3.3870196,-16731116
10,9,11,16,"Crossarchus","null","null",4,5.2,2.1815705,-2.1365604,0.46288338,-3.5166688,-16731116
11,10,12,15,"null","null","null",3,5.2,3.3814678,-1.1971887,0.63761264,-2.9699779,-16731116
12,11,13,14,"null","null","null",2,3.4,3.795209,-0.39551622,0.6459122,-2.2791789,-16731116
17,9,18,21,"null","null","null",4,10.200001,0.86650753,-3.7314625,2.7414124,-0.38339424,-16731116
18,17,19,20,"Helogale","null","null",2,6.8,0.50423586,-3.790802,2.0102327,-1.4433334,-16731116
21,17,22,23,"Mungos","null","null",2,4.2,2.3745227,-0.40725145,3.59975,-0.821087,-16731116
26,6,27,30,"Bdeogale","null","null",3,7.5,3.0981112,-0.2750017,3.0448778,-1.504592,-16731116
27,26,28,29,"null","null","null",2,7.5,2.3612099,-0.66192484,3.6646829,-0.32387894,-16731116
32,4,33,34,"null","null","null",2,5.1,2.8755507,-1.1971908,0.31716034,-3.1081667,-16731116
35,3,36,55,"null","null","null",14,19.7,2.1250012,-2.163125,0.6001849,-3.6630034,-16731116
36,35,37,52,"Herpestes","null","null",10,18.3,3.3079288,-1.0122144,0.6376125,-3.160213,-16731116
37,36,38,49,"null","null","null",8,18.3,3.6996102,-0.3955158,1.556854,-2.5264838,-16731116
38,37,39,48,"null","null","null",6,18.3,3.338375,-0.6042874,2.8598037,-1.504592,-16731116
39,38,40,45,"null","null","null",5,13.0,2.673553,-1.1773121,3.4240866,-0.32387894,-16731116
40,39,41,44,"null","null","null",3,13.0,1.7788453,-2.627254,3.1628835,-0.559297,-16731116
41,40,42,43,"null","null","null",2,6.3,0.6411433,-3.439214,2.4199033,-0.66423035,-16731116
45,39,46,47,"null","null","null",2,5.2,3.762606,-0.7370707,0.43901753,-2.3134444,-12486656
49,37,50,51,"null","null","null",2,18.3,0.90937626,-2.1905634,0.6366845,-3.8270519,-16731116
52,36,53,54,"null","null","null",2,18.3,0.34452835,-2.854425,0.9791828,-3.1267917,-16731116
55,35,56,59,"Galerella","null","null",4,14.8,0.52348536,-3.4706507,2.120692,-2.143393,-16777216
56,55,57,58,"null","null","null",2,14.8,0.6527472,-2.854424,0.9791821,-3.1267922,-16777216
59,55,60,61,"null","null","null",2,6.0,1.8611758,-1.7914212,3.7111826,-0.4428671,-16777216
63,1,64,65,"null","null","null",2,25.9,0.48358747,-3.756462,1.9384067,-1.6186283,-16731116
66,0,67,74,"null","null","null",5,16.2,0.8449218,-3.4974642,2.4522986,-1.0443795,-12486656
67,66,68,73,"null","null","null",4,16.2,0.5235949,-3.4058914,1.9384065,-2.607275,-12486656
68,67,69,72,"null","null","null",3,16.2,0.6580919,-2.7521348,0.8675309,-3.6250956,-12486656
69,68,70,71,"Galidictis","null","null",2,6.9,1.0880057,-2.1365607,0.46288347,-3.8261673,-11184866
