index,parent,child1,child2,name1,name2,common,richness,lengthbr,hxmax,hxmin,hymax,hymin,color
0,-268053382,1,28,"null","null","null",26,35.631668,3.1946936,-0.61676,3.1463294,-1.3110092,-12486656
1,0,2,17,"null","null","null",14,28.86164,2.5084963,-1.326001,3.692511,-0.34807962,-12486656
2,1,3,14,"null","null","null",8,22.74149,1.6749383,-2.7374768,3.4455068,-0.57550085,-12486656
3,2,4,9,"null","null","null",6,19.595299,0.33848858,-3.476215,2.7891593,-0.81650966,-12486656
4,3,5,8,"null","null","null",3,12.014802,0.52359635,-3.3782616,1.9384005,-2.3110387,-12486656
5,4,6,7,"null","null","null",2,12.014802,0.65809226,-2.7162147,0.8675231,-3.23998,-16731116
9,3,10,13,"null","null","null",3,12.014802,2.3612084,-0.66485244,3.8027482,-0.7950951,-12486656
10,9,11,12,"null","null","null",2,12.014802,1.7788361,-1.9610482,3.6551366,-0.55929875,-12486656
14,2,15,16,"null","null","null",2,7.580496,3.4248698,-0.27500066,2.4441574,-1.5045828,-12486656
17,1,18,25,"null","null","null",6,19.595297,3.5147932,-0.70525986,1.7809258,-2.5264785,-12486656
18,17,19,24,"null","null","null",4,15.160992,3.0981088,-0.6042886,3.1510894,-1.5045828,-12486656
19,18,20,23,"null","null","null",3,15.160992,2.3612084,-0.66485244,3.8027482,-0.32388124,-16731116
20,19,21,22,"null","null","null",2,15.160992,1.7788361,-1.9610482,3.6551366,-0.55929875,-16731116
25,17,26,27,"null","null","null",2,7.580496,0.9093939,-2.190559,0.63668144,-3.827052,-12486656
28,0,29,48,"null","null","null",12,27.175793,3.3079352,-1.0122025,0.31716132,-3.1602066,-12486656
29,28,30,45,"null","null","null",10,25.181862,3.6996105,-0.39551765,1.5568624,-2.5264785,-16731116
30,29,31,40,"null","null","null",8,22.741488,3.3383713,-0.6042886,2.859807,-1.3321667,-16731116
31,30,32,37,"null","null","null",5,17.601366,2.6735497,-1.1773314,3.424081,-0.32388124,-12486656
32,31,33,36,"null","null","null",3,12.014802,1.7788361,-2.627271,3.1628695,-0.55929875,-12486656
33,32,34,35,"null","null","null",2,12.014802,0.64112955,-3.4392245,2.419885,-0.6642305,-12486656
37,31,38,39,"null","null","null",2,7.580496,3.76261,-0.7370676,0.4390185,-2.3134413,-12486656
40,30,41,44,"null","null","null",3,12.014802,3.2790847,-1.3026788,0.30320072,-3.0229447,-16731116
41,40,42,43,"null","null","null",2,12.014802,3.76261,-0.37199044,0.6527471,-2.3134413,-16731116
45,29,46,47,"null","null","null",2,7.580496,0.9093939,-2.190559,0.63668144,-3.827052,-11184866
48,28,49,50,"null","null","null",2,7.580496,0.34452942,-2.8544126,0.9791729,-3.126802,-12486656
