index,parent,child1,child2,name1,name2,common,richness,lengthbr,hxmax,hxmin,hymax,hymin,color
0,-268166027,1,72,"null","null","null",48,23.4,2.377342,-2.023676,0.5042372,-3.48668,-16731116
1,0,2,63,"null","null","null",36,23.4,3.4309173,-0.76730907,0.65274775,-2.8752608,-16731116
2,1,3,50,"null","null","null",31,23.4,3.665972,-0.44105512,1.9384282,-2.2438111,-16731116
3,2,4,43,"null","null","null",24,23.4,3.2014766,-0.6278832,3.1648693,-1.1166797,-16731116
4,3,5,36,"null","null","null",20,23.4,2.5455332,-1.542546,3.6141295,-0.37199056,-16731116
5,4,6,31,"null","null","null",16,23.4,1.4333814,-2.931917,3.2826333,-0.59051764,-16731116
6,5,7,24,"null","null","null",13,23.4,0.29949006,-3.623031,2.5859394,-1.0796676,-16731116
7,6,8,19,"null","null","null",9,23.4,0.5419747,-3.49291,1.7061951,-2.5790436,-16731116
8,7,9,14,"null","null","null",6,23.4,0.66192496,-2.8537683,0.52231866,-3.482712,-16731116
9,8,10,13,"null","null","null",3,23.4,1.9703138,-2.0763643,0.48397422,-3.5523138,-16731116
10,9,11,12,"null","null","null",2,23.4,3.005175,-1.0891994,0.64591277,-2.9852262,-16731116
14,8,15,18,"null","null","null",3,23.4,0.84491944,-3.7671363,2.4522867,-0.39556205,-16731116
15,14,16,17,"null","null","null",2,23.4,0.5235968,-3.7564573,1.9383985,-1.6186471,-16731116
19,7,20,23,"null","null","null",3,23.4,1.6917281,-2.7746239,3.1313145,-0.35959655,-16777216
20,19,21,22,"null","null","null",2,23.4,0.5272817,-3.5245032,2.3807092,-0.665,-16777216
24,6,25,30,"null","null","null",4,23.4,2.3408208,-1.3545772,3.4508257,-0.7670516,-16731116
25,24,26,29,"null","null","null",3,23.4,1.6917281,-2.7746239,3.1313145,-0.5755012,-12486656
26,25,27,28,"null","null","null",2,23.4,0.5272817,-3.5245032,2.3807092,-0.665,-12486656
31,5,32,35,"null","null","null",3,23.4,3.065712,-0.2891289,3.1667423,-1.4052806,-16731116
32,31,33,34,"null","null","null",2,23.4,2.3408208,-0.6580918,3.7190452,-0.34808022,-16731116
36,4,37,40,"null","null","null",4,23.4,3.7300878,-0.67175275,1.4251086,-2.4606745,-12486656
37,36,38,39,"null","null","null",2,23.4,3.3284082,-0.6167603,2.5945039,-1.4052806,-11184866
40,36,41,42,"null","null","null",2,23.4,1.0880196,-2.1365566,0.6001816,-3.8261666,-16731116
43,3,44,49,"null","null","null",4,23.4,3.4068692,-1.0892038,0.3309561,-2.9070082,-16731116
44,43,45,48,"null","null","null",3,23.4,3.7300878,-0.4185698,1.4251086,-2.238161,-11513776
45,44,46,47,"null","null","null",2,23.4,3.3284082,-0.6167603,2.5945039,-1.4052806,-16777216
50,2,51,60,"null","null","null",7,23.4,2.1597354,-2.216556,0.5623988,-3.4921455,-16731116
51,50,52,59,"null","null","null",5,23.4,3.2514277,-1.0892038,0.6459124,-2.9070082,-16731116
52,51,53,58,"null","null","null",4,23.4,3.5280137,-0.4185698,1.8652921,-2.238161,-16777216
53,52,54,57,"null","null","null",3,23.4,3.065712,-0.6167603,3.1667423,-1.4052806,-16777216
54,53,55,56,"null","null","null",2,23.4,2.3408208,-0.6580918,3.7190452,-0.34808022,-16777216
60,50,61,62,"null","null","null",2,23.4,0.48358452,-3.7564592,1.9384005,-1.6186413,-11513776
63,1,64,71,"null","null","null",5,23.4,0.7291248,-2.660825,0.8857573,-3.4364262,-16731116
64,63,65,70,"null","null","null",4,23.4,2.3305678,-2.076367,0.48397338,-3.4921455,-16731116
65,64,66,69,"null","null","null",3,23.4,3.4735096,-1.0892038,0.6459124,-2.9070082,-16731116
66,65,67,68,"null","null","null",2,23.4,3.8167202,-0.4185698,0.73106515,-2.238161,-16731116
72,0,73,88,"null","null","null",12,23.4,0.44286364,-3.4929109,1.7306687,-2.5434372,-16731116
73,72,74,83,"null","null","null",8,23.4,0.7291248,-2.8537698,0.522323,-3.4364262,-16731116
74,73,75,80,"null","null","null",5,23.4,2.3305678,-2.216556,0.48397338,-3.4921455,-16731116
75,74,76,79,"null","null","null",3,23.4,3.4735096,-1.0892038,0.6459124,-2.9070082,-16731116
76,75,77,78,"null","null","null",2,23.4,3.8167202,-0.4185698,0.73106515,-2.238161,-16731116
80,74,81,82,"null","null","null",2,4.0,0.48358452,-3.7564592,1.9384005,-1.6186413,-16777216
83,73,84,87,"null","null","null",3,23.4,0.8449204,-3.767136,2.4522898,-0.39556158,-16731116
84,83,85,86,"null","null","null",2,23.4,0.52359635,-3.7564592,1.9384005,-1.6186413,-16777216
88,72,89,94,"null","null","null",4,23.4,1.691729,-2.9612634,3.1863751,-0.35959762,-16731116
89,88,90,93,"null","null","null",3,23.4,0.52728236,-3.7671359,2.4522882,-0.665,-16731116
90,89,91,92,"null","null","null",2,23.4,0.5235966,-3.7564578,1.9383993,-1.6186452,-16731116
