index,parent,child1,child2,name1,name2,common,richness,lengthbr,hxmax,hxmin,hymax,hymin,color
0,-268435452,1,30,"","null","Crocodilians",23,87.14136,3.5713453,-0.5234846,2.3773348,-1.9868128,-12486656
1,0,2,27,"","null","Crocodiles",15,54.534466,2.9853268,-0.65274733,3.4309144,-0.7274779,-11184866
2,1,3,24,"null","null","null",13,22.104153,2.3868933,-1.980154,3.665975,-0.44105357,-11184866
3,2,4,19,"null","null","null",11,11.299251,1.1166892,-3.2191207,3.2014842,-0.62788236,-11184866
4,3,5,14,"null","null","null",8,10.212351,0.3719885,-3.6846654,2.54554,-1.6418813,-11184866
5,4,6,13,"null","null","null",5,6.819305,0.5905163,-3.3743353,1.6001976,-3.0610604,-11184866
6,5,7,10,"null","null","null",4,4.0756254,0.66423047,-2.7051506,0.29948795,-3.790927,-8572416
7,6,8,9,"null","null","null",2,1.7888678,1.7914267,-1.8611735,0.54197323,-3.7111812,-8572416
10,6,11,12,"null","null","null",2,3.4169617,0.76705414,-3.7190418,2.3408225,-0.42902303,-3014646
14,4,15,18,"null","null","null",3,8.824527,2.2381644,-1.4250932,3.7300913,-0.6717557,-11184866
15,14,16,17,"null","null","null",2,5.947967,1.4052893,-2.5944912,3.3284168,-0.6167594,-8572416
19,3,20,23,"null","null","null",3,10.059086,2.907014,-0.3309549,3.4735026,-1.0892122,-11184866
20,19,21,22,"null","null","null",2,4.52793,2.238165,-0.7310497,3.8167186,-0.41856802,-11184866
24,2,25,26,"null","null","null",2,17.705679,3.8140678,-0.56240183,1.2662247,-2.0763712,-11184866
27,1,28,29,"null","null","null",2,23.231077,3.344251,-0.88575864,0.37080014,-2.5711923,-8572416
30,0,31,42,"null","null","null",8,65.48392,2.5434296,-1.9094241,0.44286627,-3.409958,-16731116
31,30,32,39,"","null","Caimans",6,25.371872,3.4364238,-0.49051434,0.7291132,-2.7459316,-16731116
32,31,33,38,"null","null","null",4,12.428252,3.4921482,-0.48397207,2.3305569,-2.0763712,-16731116
33,32,34,37,"null","null","null",3,8.335331,2.907014,-0.6459119,3.4735026,-1.0892122,-16731116
34,33,35,36,"null","null","null",2,3.2833571,2.238165,-0.7310497,3.8167186,-0.41856802,-16731116
39,31,40,41,"null","null","null",2,9.527395,0.3955608,-2.3807096,0.8449218,-3.5244951,-16731116
42,30,43,44,"","null","Alligators",2,47.254513,0.3596006,-3.588562,1.691736,-2.1267917,-11184866
