index,parent,child1,child2,name1,name2,common,richness,lengthbr,hxmax,hxmin,hymax,hymin,color
0,-268420054,1,40,"null","null","null",29,13.7447195,0.48277736,-3.5031748,2.6579041,-0.90352786,-16731116
1,0,2,27,"null","null","null",20,12.847799,0.5235976,-3.4133043,1.8475332,-2.4241579,-16731116
2,1,3,16,"null","null","null",13,8.400402,0.6580926,-2.7617693,0.7259956,-3.387028,-16731116
3,2,4,15,"null","null","null",7,6.640854,2.0156658,-2.1365514,0.46288663,-3.516666,-16731116
4,3,5,12,"null","null","null",6,3.0114322,3.1657763,-1.0121906,0.637614,-2.9699686,-16731116
5,4,6,11,"null","null","null",4,1.4928669,3.5147948,-0.39551976,1.6992495,-2.2791727,-16731116
6,5,7,10,"null","null","null",3,0.24613048,3.098106,-0.60428977,3.0449016,-1.5045741,-16731116
7,6,8,9,"null","null","null",2,0.16048661,2.3612065,-0.66192436,3.6646943,-0.32388347,-16731116
12,4,13,14,"null","null","null",2,1.2181356,0.34453064,-2.8544023,0.97916484,-3.126811,-16731116
16,2,17,24,"null","null","null",6,6.631286,0.86650443,-3.48519,2.7414107,-0.6343703,-16731116
17,16,18,21,"null","null","null",4,4.1608524,0.50423855,-3.4706364,2.1206765,-2.14342,-16731116
18,17,19,20,"null","null","null",2,2.817669,0.6527482,-2.8544023,0.97916484,-3.126811,-16731116
21,17,22,23,"null","null","null",2,1.589352,1.8611641,-1.7914469,3.711175,-0.44286072,-16731116
24,16,25,26,"null","null","null",2,1.8189799,2.374521,-0.40725303,3.599759,-0.82108366,-16731116
27,1,28,35,"null","null","null",7,11.401356,1.6207633,-2.6626332,3.2712197,-0.40147734,-16731116
28,27,29,34,"null","null","null",4,6.5283456,0.6411245,-3.48519,2.56074,-0.6642306,-12486656
29,28,30,33,"null","null","null",3,3.8945866,0.50423855,-3.4706364,2.0102232,-2.14342,-12486656
30,29,31,32,"null","null","null",2,1.3552939,0.6527482,-2.8544023,0.97916484,-3.126811,-11184866
35,27,36,39,"null","null","null",3,4.4107957,3.1200037,-0.31737888,2.914018,-1.6001867,-16731116
36,35,37,38,"null","null","null",2,3.4480135,2.374521,-0.6642302,3.599759,-0.4135952,-16731116
40,0,41,50,"null","null","null",9,9.869115,2.6858683,-1.3502631,3.50743,-0.7950933,-16731116
41,40,42,47,"null","null","null",5,8.749226,1.7948487,-2.8520777,3.2712197,-0.5592996,-16731116
42,41,43,46,"null","null","null",3,4.505684,0.6411245,-3.7314677,2.56074,-0.6642306,-16731116
43,42,44,45,"null","null","null",2,2.5490437,0.50423855,-3.7907977,2.0102232,-1.4433578,-16731116
47,41,48,49,"null","null","null",2,2.5327387,3.5116959,-0.31737888,2.2880604,-1.6001867,-16731116
50,40,51,54,"null","null","null",4,6.6264777,3.7903328,-0.73706603,1.0472739,-2.584035,-16731116
51,50,52,53,"null","null","null",2,5.1802964,3.5116959,-0.59051806,2.2880604,-1.6001867,-16731116
54,50,55,56,"null","null","null",2,5.080979,0.73107064,-2.2381597,0.6717517,-3.8167205,-16731116
