index,parent,child1,child2,name1,name2,common,richness,lengthbr,hxmax,hxmin,hymax,hymin,color
0,-268392444,1,189,"","null","Bulbuls and Tetrakas",128,29.98204,0.8210844,-3.5544672,2.6047633,-1.087885,-16731116
1,0,2,88,"Pycnonotidae","null","Bulbuls",123,26.925404,0.5419747,-3.4037771,1.7193828,-2.5897264,-16731116
2,1,3,25,"null","null","null",72,24.397388,0.6764475,-2.737896,0.49050635,-3.4965997,-16731116
3,2,-268382208,4,"null","null","null",40,21.902882,2.262085,-2.101461,0.48397422,-3.5703678,-16731116
4,3,5,16,"null","null","null",11,16.872383,0.48358285,-3.4975019,1.8475379,-2.4870472,-16731116
5,4,6,11,"null","null","null",6,15.179122,0.6580924,-2.8712268,0.6457026,-3.4687886,-16731116
6,5,7,10,"null","null","null",3,10.880893,1.7924259,-2.1365538,0.46288577,-3.6229587,-16731116
7,6,8,9,"null","null","null",2,4.730938,2.8755686,-1.1971772,0.63761365,-3.1081505,-16731116
11,5,12,15,"null","null","null",3,5.774557,0.86650527,-3.7314665,2.5607443,-0.38339564,-16731116
12,11,13,14,"null","null","null",2,3.1845455,0.5042378,-3.7907991,2.010226,-1.4433506,-16731116
16,4,17,22,"null","null","null",5,10.88847,1.7948534,-2.8520734,3.2712228,-0.40147904,-16731116
17,16,18,21,"null","null","null",3,9.644121,0.641129,-3.7314665,2.5607443,-0.6642305,-16731116
18,17,19,20,"null","null","null",2,4.0552616,0.5042378,-3.7907991,2.010226,-1.4433506,-16731116
22,16,23,24,"null","null","null",2,2.0089746,3.5116992,-0.3173806,2.288054,-1.6001905,-12486656
25,2,26,87,"null","null","null",32,22.376413,0.84491944,-3.5064235,2.3807092,-0.9344065,-16731116
26,25,27,72,"null","null","null",31,20.892712,0.5235968,-3.4175308,1.8256665,-2.4643028,-16731116
27,26,28,63,"null","null","null",23,17.661507,0.6580924,-2.7672644,0.6457026,-3.439221,-16731116
28,27,29,54,"null","null","null",18,14.780698,2.0156596,-2.156235,0.46288577,-3.5845203,-16731116
29,28,30,53,"null","null","null",13,8.644916,3.1657724,-1.1971772,0.63761365,-3.0581808,-16731116
30,29,31,44,"null","null","null",12,8.494825,3.5147939,-0.39551884,1.6061882,-2.393847,-16731116
31,30,32,43,"null","null","null",7,6.2827854,3.0981069,-0.6042892,2.9239256,-1.5045781,-16731116
32,31,33,42,"null","null","null",6,3.0827825,2.361207,-1.3502631,3.50743,-0.32388246,-16731116
33,32,34,39,"null","null","null",5,2.7667158,1.7948487,-2.8520777,3.2712197,-0.5592996,-16731116
34,33,35,38,"null","null","null",3,2.1289406,0.6411245,-3.7314677,2.56074,-0.6642306,-16731116
35,34,36,37,"null","null","null",2,1.3840631,0.50423855,-3.7907977,2.0102232,-1.4433578,-12486656
39,33,40,41,"null","null","null",2,1.7845201,3.5116959,-0.31737888,2.2880604,-1.6001867,-16731116
44,30,45,50,"null","null","null",5,7.505843,2.026291,-2.3868847,0.63667953,-3.5286388,-16731116
45,44,46,49,"null","null","null",3,5.126377,3.2790883,-1.3026755,0.6278835,-3.0229423,-16731116
46,45,47,48,"null","null","null",2,5.0793023,3.7626114,-0.37199128,0.6527469,-2.3134394,-16731116
50,44,51,52,"null","null","null",2,5.9386377,0.5623976,-3.814066,2.0763648,-1.2662436,-12486656
54,28,55,60,"null","null","null",5,13.601532,0.52348053,-3.4551682,2.1206808,-2.4726603,-16731116
55,54,56,59,"null","null","null",3,10.738489,0.6527479,-2.8342948,0.9791694,-3.5548277,-16731116
56,55,57,58,"null","null","null",2,3.4380996,0.90940034,-2.1905565,0.44105583,-3.8270526,-16731116
60,54,61,62,"null","null","null",2,4.522045,1.8611674,-1.7914399,3.711177,-0.4428624,-16731116
63,27,64,71,"null","null","null",5,11.874264,0.86650527,-3.473289,2.5607443,-0.88763,-16731116
64,63,65,70,"null","null","null",4,9.727198,0.5042378,-3.4551682,2.010226,-2.4726603,-16731116
65,64,66,69,"null","null","null",3,5.564426,0.6527479,-2.8342948,0.9791694,-3.5548277,-16731116
66,65,67,68,"null","null","null",2,3.4819872,0.90940034,-2.1905565,0.44105583,-3.8270526,-16731116
72,26,73,86,"null","null","null",8,19.48174,1.7788353,-2.6534753,3.2220125,-0.40147904,-16731116
73,72,74,85,"null","null","null",7,15.812595,0.641129,-3.473289,2.4967709,-0.88763,-16731116
74,73,75,80,"null","null","null",6,9.357649,0.5042378,-3.4551682,1.9270607,-2.4726603,-16731116
75,74,76,79,"null","null","null",3,4.8709984,0.6527479,-2.8342948,0.9791694,-3.5548277,-16731116
76,75,77,78,"null","null","null",2,3.359263,0.90940034,-2.1905565,0.44105583,-3.8270526,-16731116
80,74,81,84,"null","null","null",3,5.7548413,1.8611674,-2.4725418,3.2755322,-0.4428624,-16731116
81,80,82,83,"null","null","null",2,1.9815344,0.75469124,-3.3442605,2.5711775,-0.66192496,-16731116
88,1,89,184,"null","null","null",51,23.553495,1.5297087,-2.763124,3.1609864,-0.35959655,-16731116
89,88,90,183,"null","null","null",48,22.317709,0.5272817,-3.5095534,2.4192827,-0.9701271,-16731116
90,89,91,146,"null","null","null",47,20.808308,0.5235968,-3.4215996,1.895493,-2.5107396,-16731116
91,90,92,127,"null","null","null",28,19.613491,0.6580924,-2.772554,0.6975665,-3.4995887,-16731116
92,91,93,122,"null","null","null",18,13.645981,2.1250188,-2.1631112,0.46288577,-3.6629987,-16731116
93,92,94,113,"null","null","null",15,13.027169,3.3079393,-1.0032573,0.63761365,-3.1602027,-16731116
94,93,95,110,"null","null","null",10,10.136925,3.699611,-0.39551884,1.6694461,-2.5264754,-16731116
95,94,96,109,"null","null","null",8,8.904698,3.338369,-0.6042892,3.006161,-1.5045781,-16731116
96,95,97,106,"null","null","null",7,7.2649555,2.6735475,-1.3502631,3.614336,-0.32388246,-16731116
97,96,98,105,"null","null","null",5,6.185899,1.7788317,-2.8520777,3.4101973,-0.5592996,-16731116
98,97,99,102,"null","null","null",4,5.1865363,0.4148134,-3.7314677,2.7414107,-0.6642306,-16731116
99,98,100,101,"null","null","null",2,2.5016084,0.50423855,-3.7907977,2.0102232,-1.4433578,-16731116
102,98,103,104,"null","null","null",2,3.7468042,2.374521,-0.40725303,3.599759,-0.82108366,-16731116
106,96,107,108,"null","null","null",2,2.691855,3.7626114,-0.73706603,0.439019,-2.3134394,-11184866
110,94,111,112,"null","null","null",2,3.521399,0.90940034,-2.1905565,0.63667953,-3.8270526,-16731116
113,93,114,121,"null","null","null",5,11.408858,0.40943408,-2.8342948,0.9791694,-3.3252785,-16731116
114,113,115,120,"null","null","null",4,10.276443,2.026291,-2.1905565,0.44105583,-3.5286388,-16731116
115,114,116,119,"null","null","null",3,7.023536,3.2790883,-1.3026755,0.6278835,-3.0229423,-16731116
116,115,117,118,"null","null","null",2,3.5560195,3.7626114,-0.37199128,0.6527469,-2.3134394,-16731116
122,92,123,126,"null","null","null",3,9.675926,0.52348053,-3.4706397,2.010226,-2.143413,-16731116
123,122,124,125,"null","null","null",2,3.635021,0.6527479,-2.8544078,0.9791694,-3.1268065,-16731116
127,91,128,137,"null","null","null",10,18.52996,0.86650527,-3.473289,2.6774383,-0.88763,-16731116
128,127,129,136,"null","null","null",5,11.176163,0.5042378,-3.4551682,2.010226,-2.4726603,-16731116
129,128,130,133,"null","null","null",4,10.350342,0.6527479,-2.8342948,0.7274634,-3.5548277,-16731116
130,129,131,132,"null","null","null",2,0.82869536,0.90940034,-2.1905565,0.44105583,-3.8270526,-16731116
133,129,134,135,"null","null","null",2,0.15155368,0.88575673,-3.3442605,2.5711775,-0.37080142,-16731116
137,127,138,143,"null","null","null",5,15.703628,2.7051485,-0.9977424,3.4558167,-0.8210846,-16731116
138,137,139,142,"null","null","null",3,8.07665,1.8611674,-2.4725418,3.2755322,-0.54197454,-16731116
139,138,140,141,"null","null","null",2,4.028314,0.75469124,-3.3442605,2.5711775,-0.66192496,-16731116
143,137,144,145,"null","null","null",2,11.393764,3.719045,-0.76705194,0.4290238,-2.3408208,-16731116
146,90,147,176,"null","null","null",19,19.65714,1.6207669,-2.7222152,3.379122,-0.40147904,-16731116
147,146,148,167,"null","null","null",15,16.752594,0.4148165,-3.5626507,2.701013,-0.75180197,-16731116
148,147,149,164,"null","null","null",10,15.648905,0.5042378,-3.5713387,2.1206808,-2.296084,-16731116
149,148,150,159,"null","null","null",8,14.962075,0.6527479,-2.9853163,0.7673053,-3.3252785,-16731116
150,149,151,156,"null","null","null",5,11.686977,2.026291,-2.3868847,0.44105583,-3.5286388,-16731116
151,150,152,155,"null","null","null",3,11.0741005,3.2790883,-1.3026755,0.6278835,-3.0229423,-16731116
152,151,153,154,"null","null","null",2,8.894274,3.7626114,-0.37199128,0.6527469,-2.3134394,-16731116
156,150,157,158,"null","null","null",2,3.3923674,0.5623976,-3.814066,2.0763648,-1.2662436,-12486656
159,149,160,163,"null","null","null",3,7.126873,0.88575673,-3.6840591,2.660822,-0.37080142,-16731116
160,159,161,162,"null","null","null",2,4.1916275,0.483974,-3.814066,2.0763648,-1.2662436,-16731116
164,148,165,166,"null","null","null",2,7.7433057,1.8611674,-1.7914399,3.711177,-0.4428624,-16731116
167,147,168,175,"null","null","null",5,13.561349,2.3745215,-1.1988066,3.5088606,-0.8210846,-16731116
168,167,169,174,"null","null","null",4,11.56658,1.8611674,-2.7339253,3.3444893,-0.54197454,-16731116
169,168,170,173,"null","null","null",3,9.775025,0.75469124,-3.6840591,2.660822,-0.66192496,-16731116
170,169,171,172,"null","null","null",2,7.9176335,0.483974,-3.814066,2.0763648,-1.2662436,-16731116
176,146,177,182,"null","null","null",4,11.922722,3.1200044,-0.3173806,3.0610676,-1.6001905,-16731116
177,176,178,181,"null","null","null",3,8.315634,2.3745215,-0.66423035,3.7909281,-0.41359985,-16731116
178,177,179,180,"null","null","null",2,1.7231711,1.8611674,-1.7914399,3.711177,-0.54197454,-16731116
184,88,185,188,"null","null","null",3,17.00761,3.0981078,-0.27500102,3.0448914,-1.5045819,-16731116
185,184,186,187,"null","null","null",2,8.408863,2.3612075,-0.66192454,3.6646893,-0.32388148,-16731116
189,0,190,197,"Sylviidae","null","Old World warblers",5,17.32859,2.3408208,-1.4981474,3.4931793,-0.7670516,-12486656
190,189,191,196,"null","null","null",4,14.242109,1.6917281,-2.9612648,3.1863742,-0.5755012,-12486656
191,190,192,195,"null","null","null",3,9.299184,0.5272817,-3.7671363,2.4522867,-0.665,-12486656
192,191,193,194,"null","null","null",2,4.6613283,0.5235968,-3.7564573,1.9383985,-1.6186471,-12486656
