index,parent,child1,child2,name1,name2,common,richness,lengthbr,hxmax,hxmin,hymax,hymin,color
0,-268045126,1,80,"null","null","null",44,39.9,2.5084994,-1.3539946,3.6562018,-0.76705456,-12486656
1,0,2,79,"Felidae","null","null",40,17.300001,1.6917367,-2.773874,3.3983088,-0.57549983,-12486656
2,1,3,76,"null","null","null",39,15.400001,0.33849418,-3.5235386,2.727801,-0.9343923,-12486656
3,2,4,67,"null","null","null",37,15.200001,0.5235949,-3.439788,1.8475496,-2.4642916,-12486656
4,3,5,50,"null","null","null",32,11.3,0.6580919,-2.7962005,0.6457154,-3.439217,-12486656
5,4,6,33,"null","null","null",23,11.2,2.0156422,-2.1714177,0.46288347,-3.584525,-12486656
6,5,7,28,"null","null","null",14,11.099999,3.1657612,-1.0032713,0.6376126,-3.058191,-12486656
7,6,8,21,"null","null","null",11,10.9,3.5147915,-0.39551598,1.6061716,-2.3938558,-12486656
8,7,9,20,"null","null","null",7,8.3,3.098111,-0.6042875,2.923916,-1.5045913,-12486656
9,8,10,19,"","null","Big cats",6,8.2,2.3612099,-1.2045183,3.5074317,-0.32387912,-12486656
10,9,11,18,"null","null","null",5,6.1,1.7788447,-2.6626213,3.2712317,-0.55929714,-12486656
11,10,12,17,"Panthera","null","null",4,6.0,0.6411415,-3.4851904,2.5607557,-0.66423035,-12486656
12,11,13,16,"null","null","null",3,5.9,0.5042355,-3.4706495,2.0102336,-2.143394,-12486656
13,12,14,15,"null","null","null",2,5.8,0.6527473,-2.8544226,0.97918123,-3.1267931,-12486656
21,7,22,27,"Lynx","null","Lynx and more",4,8.9,2.0262713,-2.1905632,0.6366842,-3.5286398,-12486656
22,21,23,26,"null","null","null",3,5.3999996,3.2790744,-1.3026888,0.62788224,-3.0229487,-12486656
23,22,24,25,"null","null","null",2,3.6,3.7626064,-0.3719882,0.65274763,-2.313444,-16731116
28,6,29,32,"null","null","null",3,7.8,0.34452844,-2.8343043,0.9791818,-3.5548189,-16777216
29,28,30,31,"Catopuma","null","null",2,6.9,0.9093777,-2.1905632,0.44105327,-3.827052,-16777216
33,5,34,47,"Leopardus","null","null",9,9.4,0.52348506,-3.4893112,2.1206913,-2.29607,-12486656
34,33,35,42,"null","null","null",7,7.7999997,0.6527473,-2.8786829,0.76731855,-3.3252716,-12486656
35,34,36,41,"null","null","null",4,5.4,2.0262723,-2.1905627,0.44105336,-3.5286403,-12486656
36,35,37,40,"null","null","null",3,4.3,3.2790751,-1.3026879,0.6278823,-3.0229487,-12486656
37,36,38,39,"null","null","null",2,4.3,3.7626066,-0.3719884,0.65274763,-2.3134437,-16777216
42,34,43,46,"null","null","null",3,7.6,0.88575876,-3.684054,2.660832,-0.37080002,-12486656
43,42,44,45,"null","null","null",2,7.6,0.48397195,-3.8140678,2.0763714,-1.2662247,-11184866
47,33,48,49,"null","null","null",2,6.2,1.8611752,-1.7914225,3.7111826,-0.44286677,-16731116
50,4,51,66,"null","null","null",9,9.4,0.86650753,-3.5626497,2.5607548,-0.7517867,-16731116
51,50,52,65,"null","null","null",8,9.2,0.5042358,-3.5713458,2.0102332,-2.2960708,-16731116
52,51,53,64,"Felis","null","null",7,7.3999996,0.6527473,-2.9853275,0.97918093,-3.325272,-16731116
53,52,54,61,"null","null","null",6,5.1,2.0262723,-2.3868937,0.44105345,-3.5286403,-16731116
54,53,55,58,"null","null","null",4,5.0,3.2790751,-1.151458,0.6278823,-3.0229487,-12486656
55,54,56,57,"null","null","null",2,3.6,3.7626066,-0.3719884,0.65274763,-2.3134437,-12486656
58,54,59,60,"null","null","null",2,2.4,0.33095485,-2.9852428,1.0892129,-3.005159,-16731116
61,53,62,63,"null","null","null",2,2.5,0.562402,-3.8140678,2.0763717,-1.2662241,-16731116
67,3,68,75,"Prionailurus","null","null",5,10.299999,1.7788432,-2.6626236,3.271231,-0.40148336,-11184866
68,67,69,74,"null","null","null",4,8.099999,0.6411399,-3.4851918,2.5607548,-0.66423047,-12486656
69,68,70,73,"null","null","null",3,7.7,0.5042358,-3.47065,2.0102332,-2.143395,-12486656
70,69,71,72,"null","null","null",2,4.2,0.6527473,-2.8544228,0.97918093,-3.1267934,-16731116
76,2,77,78,"Puma","null","null",2,12.7,2.3612094,-0.41842014,3.664684,-0.7950971,-16731116
80,0,81,86,"Hyaenidae","null","Hyena family",4,25.199999,3.5147917,-0.70526195,1.6992217,-2.279179,-16731116
81,80,82,85,"null","null","null",3,18.8,3.0981107,-0.6042876,3.0448804,-1.5045902,-16731116
82,81,83,84,"Hyaena","null","null",2,18.8,2.3612094,-0.66192484,3.664684,-0.32387942,-12486656
