index,parent,child1,child2,name1,name2,common,richness,lengthbr,hxmax,hxmin,hymax,hymin,color
0,-268175300,1,32,"Gliridae","most","Dormice",27,46.4,3.516669,-0.60018456,2.0824304,-2.1772845,-16731116
1,0,2,29,"null","null","null",16,41.3,2.969978,-0.63761264,3.2525854,-1.012213,-16731116
2,1,3,28,"Graphiurus","null","null",14,35.699997,2.279179,-1.6061716,3.6276627,-0.39551604,-16731116
3,2,4,27,"null","null","null",13,28.099998,1.5045912,-2.9239159,3.2448432,-0.6042875,-16731116
4,3,5,18,"null","null","null",12,12.9,0.32387918,-3.507431,2.551962,-1.1974748,-16731116
5,4,6,15,"null","null","null",7,12.9,0.5592972,-3.271231,1.7948654,-2.6534648,-16731116
6,5,7,14,"null","null","null",5,12.9,0.8876138,-2.5607548,0.64114,-3.4732862,-16731116
7,6,8,13,"null","null","null",4,12.9,2.472646,-2.010233,0.50423574,-3.455173,-16731116
8,7,9,12,"null","null","null",3,12.9,3.5548198,-0.9791801,0.6527473,-2.834303,-16731116
9,8,10,11,"null","null","null",2,6.0,3.827052,-0.44105357,0.9093821,-2.190562,-16731116
15,5,16,17,"null","null","null",2,12.9,1.6001993,-2.2880385,3.5117075,-0.3173849,-16731116
18,4,19,24,"null","null","null",5,12.9,2.5840425,-1.5287559,3.489027,-0.7370704,-16731116
19,18,20,23,"null","null","null",3,12.9,1.6002,-2.913999,3.1200063,-0.5905161,-16731116
20,19,21,22,"null","null","null",2,12.9,0.41361105,-3.5997496,2.3745227,-0.66423047,-16731116
24,18,25,26,"null","null","null",2,6.0,3.816719,-0.6717563,0.73104715,-2.2381654,-16731116
29,1,30,31,"null","null","null",2,33.5,3.126793,-0.9791815,0.3445285,-2.8544235,-16731116
32,0,33,52,"null","null","null",11,36.600002,2.29607,-2.0102332,0.52348495,-3.5025115,-16731116
33,32,34,45,"null","null","null",10,35.9,3.3252714,-0.7673187,0.6527473,-2.895843,-16731116
34,33,35,40,"null","null","null",6,32.9,3.52864,-0.44105333,2.0262713,-2.2705636,-16731116
35,34,36,39,"null","null","null",3,19.3,3.0229487,-0.62788224,3.2790747,-1.3026884,-16731116
36,35,37,38,"null","null","null",2,19.3,2.313444,-0.65274763,3.7626064,-0.37198827,-11513776
40,34,41,44,"Eliomys","null","null",3,12.8,1.9702911,-2.0763721,0.5624022,-3.5523243,-16731116
41,40,42,43,"null","null","null",2,10.3,3.0051584,-1.0892134,0.6459118,-2.9852433,-16731116
45,33,46,51,"null","null","null",4,20.1,0.45198536,-2.6608324,0.88575876,-3.4827125,-11184866
46,45,47,50,"Myomimus","null","null",3,16.4,1.9702911,-2.0763721,0.48397186,-3.5523243,-11184866
47,46,48,49,"null","null","null",2,16.4,3.0051584,-1.0892134,0.6459118,-2.9852433,-11513776
