index,parent,child1,child2,name1,name2,common,richness,lengthbr,hxmax,hxmin,hymax,hymin,color
0,-268171257,1,66,"null","null","null",34,14.1,0.40148264,-3.2791858,1.7788414,-2.6721134,-16731116
1,0,2,65,"null","null","null",33,13.999999,0.79011226,-2.5710962,0.6411365,-3.4975264,-16731116
2,1,3,46,"null","null","null",32,13.799999,2.345892,-2.023679,0.50423634,-3.486683,-16731116
3,2,4,45,"null","null","null",22,10.799999,3.3900363,-0.9791769,0.6527475,-2.8752651,-16731116
4,3,5,32,"null","null","null",21,10.599999,3.6128306,-0.44105422,1.8643985,-2.2438145,-16731116
5,4,6,27,"null","null","null",14,10.599999,3.1323948,-0.6278828,3.0686347,-1.1166838,-12486656
6,5,7,18,"null","null","null",11,10.2,2.4557252,-1.4435977,3.489029,-0.3719896,-16731116
7,6,8,15,"null","null","null",6,8.3,1.5501398,-2.8032877,3.1200051,-0.59051704,-12486656
8,7,9,14,"null","null","null",4,8.3,0.4136026,-3.4558175,2.3745222,-0.9977374,-12486656
9,8,10,13,"null","null","null",3,8.3,0.541974,-3.2755356,1.8611698,-2.4725375,-12486656
10,9,11,12,"null","null","null",2,8.3,0.66192484,-2.571182,0.7546941,-3.3442578,-11184866
15,7,16,17,"null","null","null",2,8.3,3.3284109,-0.2891283,2.5944998,-1.405283,-12486656
18,6,19,26,"null","null","null",5,10.0,3.5280137,-0.6717541,1.8652878,-2.2381625,-16731116
19,18,20,23,"null","null","null",4,6.5,3.0657134,-0.61676,3.1667395,-1.2878759,-16731116
20,19,21,22,"null","null","null",2,6.5,2.3408217,-0.6580919,3.7190442,-0.34807962,-16731116
23,19,24,25,"null","null","null",2,6.5,2.8755617,-1.1971824,0.31716132,-3.1081567,-16777216
27,5,28,31,"null","null","null",3,4.1,3.4735072,-1.0892061,0.33095554,-2.90701,-8572416
28,27,29,30,"null","null","null",2,2.5,3.8167195,-0.41856924,0.7310606,-2.2381625,-11184866
32,4,33,44,"null","null","null",7,10.6,2.2793033,-2.0763686,0.56240034,-3.4921465,-16731116
33,32,34,39,"null","null","null",6,5.5,3.4068682,-0.8866538,0.64591223,-2.90701,-16731116
34,33,35,38,"null","null","null",3,3.8,3.7300887,-0.41856924,1.4251035,-2.2381625,-16731116
35,34,36,37,"null","null","null",2,2.3,3.3284109,-0.61676,2.5944998,-1.405283,-16731116
39,33,40,43,"null","null","null",3,2.0,0.3578284,-2.7521296,0.90259874,-3.6250987,-16731116
40,39,41,42,"null","null","null",2,1.8,1.0880178,-2.136557,0.46288466,-3.8261664,-16777216
46,2,47,64,"null","null","null",10,5.6,0.4428653,-3.4929109,1.8611718,-2.5434332,-16731116
47,46,48,59,"null","null","null",9,5.5,0.6619248,-2.85377,0.52232623,-3.4364252,-12486656
48,47,49,58,"Chlorocebus","null","null",6,5.4,2.159732,-2.0763686,0.48397285,-3.4921465,-16731116
49,48,50,57,"null","null","null",5,5.4,3.2514257,-1.0892061,0.64591223,-2.90701,-16731116
50,49,51,56,"null","null","null",4,5.4,3.5280137,-0.41856924,1.8652878,-2.2381625,-16731116
51,50,52,55,"null","null","null",3,5.4,3.0657134,-0.61676,3.1667395,-1.405283,-16731116
52,51,53,54,"null","null","null",2,5.4,2.3408217,-0.6580919,3.7190442,-0.34807962,-16731116
59,47,60,63,"null","null","null",3,0.7,0.844921,-3.7671347,2.4522927,-0.39556128,-11184866
60,59,61,62,"null","null","null",2,0.5,0.5235958,-3.7564592,1.9384025,-1.6186383,-11184866
