index,parent,child1,child2,name1,name2,common,richness,lengthbr,hxmax,hxmin,hymax,hymin,color
0,-268392436,1,62,"Timaliidae","null","Babblers and parrotbills",48,15.510498,1.5949185,-2.7631273,3.344541,-0.35959482,-16731116
1,0,2,45,"null","null","null",31,14.396311,0.33848345,-3.5095534,2.6579041,-0.9528048,-16731116
2,1,3,34,"null","null","null",22,10.913701,0.5235976,-3.421596,1.8475332,-2.4882178,-16731116
3,2,4,33,"null","null","null",16,10.142062,0.6580926,-2.7725487,0.86751455,-3.4703062,-16731116
4,3,5,28,"null","null","null",15,9.075147,2.0156658,-2.1631067,0.46288663,-3.6249275,-16731116
5,4,6,21,"null","null","null",12,6.968191,3.1657763,-1.0032526,0.637614,-3.1107087,-16731116
6,5,7,16,"null","null","null",8,4.9833,3.5147948,-0.39551976,1.7809386,-2.4621346,-16731116
7,6,8,13,"null","null","null",5,2.2029657,3.098106,-0.60428977,3.1510973,-1.4209347,-16731116
8,7,9,12,"null","null","null",3,0.89487433,2.3612065,-0.66487014,3.8027487,-0.32388347,-16731116
9,8,10,11,"null","null","null",2,0.5606134,1.7788285,-1.9610639,3.655131,-0.5593003,-16731116
13,7,14,15,"null","null","null",2,0.7770458,2.7385051,-1.3026711,0.303202,-3.2226896,-16731116
16,6,17,20,"null","null","null",3,2.3430247,1.6104609,-2.1905546,0.6366781,-3.6822917,-16731116
17,16,18,19,"null","null","null",2,1.7682337,2.7385051,-1.3026711,0.6278839,-3.2226896,-12486656
21,5,22,27,"null","null","null",4,3.8126552,0.34453064,-2.834292,0.97916484,-3.443476,-16731116
22,21,23,26,"null","null","null",3,1.7307391,1.6104609,-2.1905546,0.44105673,-3.6822917,-16731116
23,22,24,25,"null","null","null",2,1.1695946,2.7385051,-1.3026711,0.6278839,-3.2226896,-16731116
28,4,29,32,"null","null","null",3,6.412182,0.523479,-3.4706364,2.0102232,-2.14342,-16731116
29,28,30,31,"null","null","null",2,2.0536134,0.6527482,-2.8544023,0.97916484,-3.126811,-16731116
34,2,35,40,"null","null","null",6,5.0579433,1.6207633,-2.8520777,3.2712197,-0.40147734,-16731116
35,34,36,39,"null","null","null",3,2.5358276,0.6411245,-3.7314677,2.56074,-0.6642306,-16731116
36,35,37,38,"null","null","null",2,1.2116586,0.50423855,-3.7907977,2.0102232,-1.4433578,-16731116
40,34,41,44,"null","null","null",3,2.8639755,3.1200037,-0.31737888,2.914018,-1.6001867,-16731116
41,40,42,43,"null","null","null",2,1.3710119,2.374521,-0.6642302,3.599759,-0.4135952,-16731116
45,1,46,61,"null","null","null",9,9.769337,2.361207,-1.2045364,3.50743,-0.7950933,-16731116
46,45,47,54,"null","null","null",8,7.1195717,1.6207633,-2.6626332,3.2712197,-0.5592996,-16731116
47,46,48,53,"null","null","null",4,5.030283,0.6411245,-3.48519,2.56074,-0.6642306,-12486656
48,47,49,52,"null","null","null",3,2.6683562,0.50423855,-3.4706364,2.0102232,-2.14342,-16731116
49,48,50,51,"null","null","null",2,1.4727334,0.6527482,-2.8544023,0.97916484,-3.126811,-16731116
54,46,55,58,"null","null","null",4,4.5869064,3.1200037,-0.31737888,2.914018,-1.5501313,-16731116
55,54,56,57,"null","null","null",2,2.0032966,2.374521,-0.6642302,3.599759,-0.4135952,-12486656
58,54,59,60,"null","null","null",2,1.8718575,2.5945082,-1.4052775,0.28912932,-3.328405,-16731116
62,0,63,90,"null","null","null",17,11.967434,3.2448373,-0.2750016,3.0448341,-1.3321614,-16731116
63,62,64,81,"null","null","null",14,9.933696,2.5519564,-1.2045364,3.6646109,-0.32388246,-16731116
64,63,65,76,"null","null","null",9,7.164266,1.6207633,-2.6626332,3.4755545,-0.5592996,-16731116
65,64,66,71,"null","null","null",6,5.290277,0.4148134,-3.48519,2.826375,-0.6642306,-16731116
66,65,67,70,"null","null","null",3,3.0572822,0.50423855,-3.4706364,2.0102232,-2.14342,-16731116
67,66,68,69,"null","null","null",2,1.8784634,0.6527482,-2.8544023,0.97916484,-3.126811,-16731116
71,65,72,75,"null","null","null",3,2.082164,2.374521,-0.47382563,3.7909288,-0.82108366,-16731116
72,71,73,74,"null","null","null",2,0.30514637,1.8611641,-1.7914469,3.711175,-0.54197526,-16731116
76,64,77,80,"null","null","null",3,2.2063537,3.1200037,-0.31737888,2.914018,-1.6001867,-16731116
77,76,78,79,"null","null","null",2,2.1553247,2.374521,-0.6642302,3.599759,-0.4135952,-16731116
81,63,82,89,"null","null","null",5,6.287982,3.4890313,-0.73706603,1.6418977,-2.3134394,-16731116
82,81,83,88,"null","null","null",4,4.8091784,3.1200037,-0.59051806,3.0610714,-1.6001867,-16731116
83,82,84,87,"null","null","null",3,3.2941692,2.374521,-0.6642302,3.7909288,-0.4135952,-16731116
84,83,85,86,"null","null","null",2,1.539854,1.8611641,-1.7914469,3.711175,-0.54197526,-16731116
90,62,91,94,"null","null","null",3,9.439091,3.2790883,-1.3026755,0.30320144,-3.0229423,-16731116
91,90,92,93,"null","null","null",2,8.330538,3.7626114,-0.37199128,0.6527469,-2.3134394,-16731116
