index,parent,child1,child2,name1,name2,common,richness,lengthbr,hxmax,hxmin,hymax,hymin,color
0,-268154876,1,138,"null","null","null",71,21.4,0.323879,-3.5764775,2.6735528,-1.2275785,-12486656
1,0,2,131,"null","null","null",69,21.2,0.5592972,-3.3609912,1.6207758,-2.6925995,-12486656
2,1,3,122,"","null","Flying Foxes",65,12.8,0.7901077,-2.6774433,0.41482425,-3.5241613,-12486656
3,2,4,65,"Pteropus","null","null",60,12.7,2.3458881,-2.0236814,0.50423574,-3.5213108,-12486656
4,3,5,60,"null","null","null",31,12.7,3.3900344,-0.76731706,0.6527473,-2.920282,-12486656
5,4,6,41,"null","null","null",28,12.7,3.612831,-0.44105357,1.864394,-2.3023348,-11184866
6,5,7,32,"null","null","null",18,12.700001,3.1323967,-0.6278824,3.0686321,-1.1166872,-12486656
7,6,8,21,"null","null","null",13,12.7,2.4557266,-1.4435942,3.4890285,-0.37198886,-12486656
8,7,9,16,"null","null","null",7,12.7,1.4333884,-2.8032858,3.1200058,-0.59051657,-11184866
9,8,10,15,"null","null","null",4,5.0,0.41360605,-3.4558184,2.3745227,-0.99773157,-8572416
10,9,11,14,"null","null","null",3,3.8,0.5419735,-3.275539,1.8611722,-2.4725323,-8572416
11,10,12,13,"null","null","null",2,3.8,0.6619248,-2.5711865,0.7546976,-3.3442545,-3014646
16,8,17,20,"null","null","null",3,3.9,3.0657144,-0.2891279,3.166736,-1.4052861,-12486656
17,16,18,19,"null","null","null",2,3.9,2.3408225,-0.658092,3.7190428,-0.34807888,-12486656
21,7,22,29,"null","null","null",6,12.7,3.5280132,-0.6717552,1.865283,-2.4606783,-12486656
22,21,23,26,"null","null","null",4,5.0,3.0657144,-0.61675966,3.166736,-1.28788,-12486656
23,22,24,25,"null","null","null",2,2.4,2.3408225,-0.658092,3.7190428,-0.34807888,-12486656
26,22,27,28,"null","null","null",2,5.0,2.875558,-1.1971854,0.3171609,-3.10816,-12486656
29,21,30,31,"null","null","null",2,2.5,1.0880123,-2.1365585,0.6001837,-3.8261666,-12486656
32,6,33,38,"null","null","null",5,5.8,3.406867,-0.9287938,0.33095512,-2.9070122,-12486656
33,32,34,37,"null","null","null",3,5.8,3.7300901,-0.41856855,1.425098,-2.238164,-12486656
34,33,35,36,"null","null","null",2,5.8,3.328414,-0.61675966,2.5944955,-1.4052861,-11184866
38,32,39,40,"null","null","null",2,5.8,0.35782802,-2.7162204,0.9025992,-3.239976,-11184866
41,5,42,59,"null","null","null",10,12.7,2.1597278,-2.0763705,0.56240153,-3.6238127,-11184866
42,41,43,54,"null","null","null",9,12.700001,3.2514234,-0.8866574,0.645912,-3.0781772,-11184866
43,42,44,51,"null","null","null",6,6.4,3.5280132,-0.41856855,1.865283,-2.4606783,-11184866
44,43,45,48,"null","null","null",4,6.4,3.0657144,-0.61675966,3.166736,-1.28788,-8572416
45,44,46,47,"null","null","null",2,6.4,2.3408225,-0.658092,3.7190428,-0.34807888,-11184866
48,44,49,50,"null","null","null",2,6.4,2.875558,-1.1971854,0.3171609,-3.10816,-3014646
51,43,52,53,"null","null","null",2,6.4,1.0880123,-2.1365585,0.6001837,-3.8261666,-11184866
54,42,55,58,"null","null","null",3,3.9,0.35782802,-2.7521324,0.9025992,-3.6250968,-8572416
55,54,56,57,"null","null","null",2,3.9,1.0880123,-2.1365585,0.462884,-3.8261666,-11184866
60,4,61,64,"null","null","null",3,12.7,0.37080014,-2.6608305,0.88575864,-3.6840544,-12486656
61,60,62,63,"null","null","null",2,12.7,1.2662282,-2.0763705,0.48397225,-3.8140674,-12486656
65,3,66,97,"null","null","null",29,12.7,0.44286656,-3.492911,1.7516563,-2.5434296,-12486656
66,65,67,90,"null","null","null",16,12.7,0.6764333,-2.8537707,0.64477646,-3.4364238,-12486656
67,66,68,89,"null","null","null",12,12.7,2.2620723,-2.0763705,0.48397225,-3.4921474,-12486656
68,67,69,80,"null","null","null",11,12.700001,3.384471,-0.8866574,0.645912,-2.9070122,-12486656
69,68,70,79,"null","null","null",6,6.4,3.7009754,-0.41856855,1.9146957,-2.238164,-12486656
70,69,71,78,"null","null","null",5,5.5,3.290565,-0.61675966,3.2309725,-1.4052861,-11184866
71,70,72,75,"null","null","null",4,5.5,2.633128,-0.8562454,3.8025503,-0.34807888,-11184866
72,71,73,74,"null","null","null",2,5.5,1.691733,-2.1267972,3.5885596,-0.57550037,-11184866
75,71,76,77,"null","null","null",2,5.5,3.7952101,-0.7052609,0.5537288,-2.2791777,-12486656
80,68,81,88,"null","null","null",5,12.700001,0.56950927,-2.7521324,0.9025992,-3.3870215,-12486656
81,80,82,87,"null","null","null",4,12.6,2.1815753,-2.1365585,0.462884,-3.5166683,-12486656
82,81,83,86,"null","null","null",3,12.6,3.381471,-1.1971854,0.63761294,-2.969976,-12486656
83,82,84,85,"null","null","null",2,12.6,3.7952101,-0.39551693,0.64591193,-2.2791777,-12486656
90,66,91,94,"null","null","null",4,12.7,0.8449216,-3.7671342,2.7278006,-0.3955609,-12486656
91,90,92,93,"null","null","null",2,12.7,0.5235953,-3.756461,1.9384048,-1.6186329,-16731116
94,90,95,96,"null","null","null",2,0.2,2.3612094,-0.41842037,3.664685,-0.79509664,-12486656
97,65,98,121,"null","null","null",13,12.7,1.691736,-2.808025,3.2335844,-0.3596006,-12486656
98,97,99,120,"null","null","null",12,12.7,0.5272925,-3.567934,2.5136595,-0.9035073,-12486656
99,98,100,117,"null","null","null",11,12.7,0.523595,-3.4975019,2.018176,-2.4241407,-12486656
100,99,101,112,"null","null","null",9,12.700001,0.658092,-2.8712282,0.6457136,-3.3870203,-12486656
101,100,102,111,"null","null","null",6,12.7,2.1643777,-2.1365595,0.4628837,-3.5166686,-11184866
102,101,103,108,"null","null","null",5,5.8,3.3591156,-1.012209,0.63761276,-2.969977,-11184866
103,102,104,107,"null","null","null",3,3.8,3.7661495,-0.39551657,1.2371237,-2.2791781,-11184866
104,103,105,106,"null","null","null",2,3.8,3.4248743,-0.6042879,2.4441507,-1.5045873,-12486656
108,102,109,110,"null","null","null",2,5.8,0.3445288,-2.8544188,0.97917783,-3.1267967,-11184866
112,100,113,116,"null","null","null",3,12.6,0.8665073,-3.731463,2.5607526,-0.38339445,-12486656
113,112,114,115,"null","null","null",2,4.6,0.5042361,-3.7908013,2.0102317,-1.4433361,-11184866
117,99,118,119,"null","null","null",2,12.7,1.7788428,-1.9610344,3.6551418,-0.40148306,-16731116
122,2,123,130,"Acerodon","null","null",5,6.3,0.8210871,-3.455819,2.3745227,-0.9977267,-11184866
123,122,124,127,"null","null","null",4,6.3,0.541973,-3.2755415,1.9094243,-2.472528,-11184866
124,123,125,126,"null","null","null",2,6.3,0.6619247,-2.5711904,0.7547004,-3.3442519,-11184866
127,123,128,129,"null","null","null",2,6.3,1.691736,-2.1267915,3.5885625,-0.3596006,-12486656
131,1,132,137,"Pteralopex","null","Monkey-faced Bats",4,7.0,1.6001993,-3.0610588,3.120006,-0.3173849,-8572416
132,131,133,136,"null","null","null",3,7.0,0.41361105,-3.7909265,2.3745227,-0.66423047,-8572416
133,132,134,135,"null","null","null",2,7.0,0.54197276,-3.7111826,1.8611755,-1.7914224,-8572416
138,0,139,140,"null","null","null",2,3.5,2.313444,-0.4390176,3.7626064,-0.7370704,-11184866
