index,parent,child1,child2,name1,name2,common,richness,lengthbr,hxmax,hxmin,hymax,hymin,color
0,-268361555,1,54,"null","null","null",45,38.690956,3.6272302,-0.6717548,1.7531219,-2.3532815,-16777216
1,0,2,31,"null","null","null",27,38.690956,3.194696,-0.61675966,3.0209262,-1.2890189,-16777216
2,1,3,24,"null","null","null",15,38.690956,2.5084984,-1.3385688,3.5294905,-0.34807882,-16777216
3,2,4,19,"null","null","null",11,38.690956,1.5297158,-2.7538185,3.2335827,-0.5755002,-16777216
4,3,5,18,"null","null","null",8,38.690956,0.52729076,-3.4974642,2.5136576,-0.90350974,-16777216
5,4,6,15,"null","null","null",7,38.690956,0.5235953,-3.4058897,2.0181746,-2.4241428,-16777216
6,5,7,14,"null","null","null",5,38.690956,0.658092,-2.7521324,0.8675277,-3.3870215,-16777216
7,6,8,13,"null","null","null",4,38.690956,2.1815753,-2.1365585,0.462884,-3.5166683,-16777216
8,7,9,12,"null","null","null",3,38.690956,3.381471,-1.1971854,0.63761294,-2.969976,-16777216
9,8,10,11,"null","null","null",2,38.690956,3.7952101,-0.39551693,0.64591193,-2.2791777,-16777216
15,5,16,17,"null","null","null",2,38.690956,1.7788415,-1.9610368,3.6551409,-0.40148243,-16777216
19,3,20,23,"null","null","null",3,38.690956,3.0981102,-0.2750001,3.0448825,-1.5045884,-16777216
20,19,21,22,"null","null","null",2,38.690956,2.3612094,-0.6619247,3.664685,-0.32387987,-16777216
24,2,25,30,"null","null","null",4,38.690956,3.5147924,-0.7052612,1.699225,-2.2791781,-16777216
25,24,26,29,"null","null","null",3,38.690956,3.0981102,-0.60428786,3.0448825,-1.5045884,-16777216
26,25,27,28,"null","null","null",2,38.690956,2.3612094,-0.6619247,3.664685,-0.32387987,-16777216
31,1,32,49,"null","null","null",12,38.690956,3.1657643,-1.0032679,0.31716084,-3.110722,-16777216
32,31,33,42,"null","null","null",9,38.690956,3.5147924,-0.3955167,1.7809191,-2.4621472,-16777216
33,32,34,39,"null","null","null",5,38.690956,3.0981102,-0.60428786,3.151085,-1.4209539,-16777216
34,33,35,38,"null","null","null",3,38.690956,2.3612094,-0.6648392,3.8027482,-0.32387987,-16777216
35,34,36,37,"null","null","null",2,38.690956,1.7788422,-1.9610362,3.6551409,-0.5592977,-16777216
39,33,40,41,"null","null","null",2,38.690956,2.7384849,-1.3026857,0.30319992,-3.2227058,-16777216
42,32,43,46,"null","null","null",4,38.690956,1.6104354,-2.3868918,0.6366831,-3.6823,-16777216
43,42,44,45,"null","null","null",2,38.690956,2.7384849,-1.3026857,0.62788254,-3.2227058,-16777216
46,42,47,48,"null","null","null",2,38.690956,0.5624012,-3.8140676,2.0763702,-1.2662283,-16777216
49,31,50,53,"null","null","null",3,38.690956,0.34452885,-2.834302,0.9791785,-3.554821,-16777216
50,49,51,52,"null","null","null",2,38.690956,0.9093832,-2.1905615,0.44105393,-3.827052,-16777216
54,0,55,88,"null","null","null",18,38.690956,2.015647,-2.136559,0.6001835,-3.5845242,-16777216
55,54,56,83,"null","null","null",17,38.690956,3.1657643,-1.0032679,0.6376129,-3.0581887,-16777216
56,55,57,70,"null","null","null",14,38.690956,3.5147924,-0.3955167,1.6061754,-2.3938537,-16777216
57,56,58,69,"null","null","null",7,38.690956,3.0981102,-0.60428786,2.9239182,-1.5045884,-16777216
58,57,59,68,"null","null","null",6,38.690956,2.3612094,-1.3502452,3.5074315,-0.32387987,-16777216
59,58,60,65,"null","null","null",5,38.690956,1.794863,-2.852064,3.2712293,-0.5592977,-16777216
60,59,61,64,"null","null","null",3,38.690956,0.6411381,-3.731463,2.5607526,-0.66423047,-16777216
61,60,62,63,"null","null","null",2,38.690956,0.5042361,-3.7908013,2.0102317,-1.4433361,-16777216
65,59,66,67,"null","null","null",2,38.690956,3.5117059,-0.31738403,2.2880416,-1.6001974,-16777216
70,56,71,80,"null","null","null",7,38.690956,2.0426831,-2.3868918,0.6366831,-3.5286398,-16777216
71,70,72,77,"null","null","null",5,38.690956,3.3004072,-1.1514549,0.62788254,-3.0229475,-16777216
72,71,73,76,"null","null","null",3,38.690956,3.7903357,-0.37198892,1.047252,-2.3134432,-16777216
73,72,74,75,"null","null","null",2,38.690956,3.5117059,-0.5905165,2.2880416,-1.6001974,-16777216
77,71,78,79,"null","null","null",2,38.690956,0.33095515,-2.98524,1.0892103,-3.005162,-16777216
80,70,81,82,"null","null","null",2,38.690956,0.5624012,-3.8140676,2.0763702,-1.2662283,-16777216
83,55,84,87,"null","null","null",3,38.690956,0.34452885,-2.834302,0.9791785,-3.554821,-16777216
84,83,85,86,"null","null","null",2,38.690956,0.9093832,-2.1905615,0.44105393,-3.827052,-16777216
