index,parent,child1,child2,name1,name2,common,richness,lengthbr,hxmax,hxmin,hymax,hymin,color
0,-268081147,1,152,"null","null","null",146,63.19433,2.489214,-1.9093078,0.48358512,-3.4216845,-12486656
1,0,2,125,"PROCELLARIIFORMES","null","Albatrosses, Shearwaters and Petrels",128,58.508244,3.4716098,-0.6457069,0.6580922,-2.772665,-12486656
2,1,3,110,"null","null","null",114,53.84655,3.6266298,-0.4628849,2.1163013,-2.1562386,-12486656
3,2,4,67,"null","null","null",106,52.259537,3.1129246,-0.6376133,3.2966106,-1.0703824,-12486656
4,3,5,54,"null","null","null",84,38.39816,2.4650123,-1.5920384,3.6848876,-0.3955179,-12486656
5,4,6,31,"null","null","null",77,37.122913,1.3321655,-2.9055347,3.319231,-0.6042887,-12486656
6,5,7,-268068864,"Procellariidae","null","Petrels and shearwaters",65,35.749977,0.32388148,-3.4835262,2.6486678,-1.1974893,-12486656
7,6,8,18,"null","null","null",33,29.605791,0.5592989,-3.2401474,1.6207671,-2.6534753,-12486656
8,7,9,17,"null","null","null",26,25.34455,0.8246813,-2.5203462,0.6411284,-3.473289,-12486656
9,8,-268067840,10,"","null","Shearwaters",25,19.606129,2.390827,-1.9577086,0.5042378,-3.4551682,-12486656
10,9,11,16,"null","null","null",4,12.840519,0.4428624,-3.3444898,1.8611662,-2.7339265,-12486656
11,10,12,15,"null","null","null",3,7.7885613,0.661925,-2.6608222,0.75469065,-3.6840591,-16731116
12,11,13,14,"null","null","null",2,1.659072,1.2662436,-2.076365,0.483974,-3.814066,-16731116
18,7,19,28,"null","null","null",7,24.732544,1.550134,-2.8440948,3.1200047,-0.3173806,-12486656
19,18,20,27,"null","null","null",5,6.372301,0.4135974,-3.5088618,2.374522,-1.1988084,-12486656
20,19,21,26,"null","null","null",4,5.3369083,0.54197484,-3.3444898,1.8611662,-2.7339265,-12486656
21,20,22,25,"null","null","null",3,4.77285,0.661925,-2.6608222,0.75469065,-3.6840591,-11184866
22,21,23,24,"null","null","null",2,2.3446238,1.2662436,-2.076365,0.483974,-3.814066,-11184866
28,18,29,30,"null","null","null",2,9.1260195,3.328406,-0.28912896,2.5945067,-1.4052784,-16731116
31,5,32,47,"null","null","null",12,34.88499,3.022944,-0.30320084,3.2191296,-1.116679,-16731116
32,31,33,46,"Procellariidae","null","Petrels and shearwaters",8,32.31005,2.3134408,-1.4749908,3.6846676,-0.37199068,-16731116
33,32,34,45,"null","null","null",7,17.928213,1.600189,-2.8440948,3.374333,-0.5905177,-16731116
34,33,35,42,"null","null","null",6,9.561826,0.29949018,-3.5088618,2.7051485,-1.1988084,-16731116
35,34,36,41,"","null","Prions",4,5.7210107,0.54197484,-3.3444898,1.8611662,-2.7339265,-16731116
36,35,37,40,"null","null","null",3,2.0696898,0.661925,-2.6608222,0.75469065,-3.6840591,-16731116
37,36,38,39,"null","null","null",2,0.9122964,1.2662436,-2.076365,0.483974,-3.814066,-16731116
42,34,43,44,"null","null","null",2,3.918757,2.3408206,-0.42902395,3.7190466,-0.76705146,-16731116
47,31,48,53,"Pelecanoididae","null","Diving-petrels",4,25.576529,3.40687,-1.0892012,0.33095616,-2.9070072,-16731116
48,47,49,52,"null","null","null",3,15.597641,3.7300868,-0.41857028,1.4251122,-2.2381606,-16731116
49,48,50,51,"null","null","null",2,9.516112,3.328406,-0.61676055,2.5945067,-1.4052784,-16731116
54,4,55,64,"Procellariidae","null","Petrels and shearwaters",7,16.51009,3.6887548,-0.6366811,2.0426912,-2.3868866,-16731116
55,54,56,63,"null","null","null",5,12.415823,3.2310944,-0.6278832,3.300411,-1.3026779,-16731116
56,55,57,60,"null","null","null",4,9.928724,2.5840364,-1.0472691,3.7903333,-0.37199068,-16731116
57,56,58,59,"null","null","null",2,1.9462731,1.600189,-2.2880564,3.5116978,-0.5905177,-16731116
60,56,61,62,"","null","Fulmars",2,5.797032,3.8167205,-0.6717526,0.73106873,-2.2381606,-16731116
64,54,65,66,"null","null","null",2,12.506089,1.2662416,-2.0763655,0.5623986,-3.8140664,-16731116
67,3,68,93,"Diomedeidae","null","Albatrosses",22,23.77098,3.4484427,-0.9169625,0.34452954,-2.9853187,-11184866
68,67,69,90,"null","null","null",13,15.799574,3.6887548,-0.44105524,1.8644058,-2.3868866,-11184866
69,68,70,79,"null","null","null",11,7.9039817,3.2310944,-0.6278832,3.0686398,-1.1927514,-11184866
70,69,71,76,"null","null","null",5,3.9108617,2.5840364,-1.5287752,3.4890308,-0.37199068,-11184866
71,70,72,75,"null","null","null",3,2.0168812,1.600189,-2.9140143,3.1200047,-0.5905177,-11184866
72,71,73,74,"null","null","null",2,0.42037284,0.4135974,-3.5997574,2.374522,-0.66423035,-11184866
76,70,77,78,"","null","Yellow-nosed Albatrosses",2,0.55715925,3.8167205,-0.6717526,0.73106873,-2.2381606,-8572416
79,69,80,89,"null","null","null",6,4.091602,3.2514293,-1.0892012,0.33095616,-3.0781703,-12486656
80,79,81,86,"null","null","null",5,2.480321,3.528014,-0.41857028,1.8652952,-2.4606729,-12486656
81,80,82,85,"null","null","null",3,0.8636304,3.0657115,-0.61676055,3.1667447,-1.4052784,-12486656
82,81,83,84,"null","null","null",2,0.48557472,2.3408206,-0.65809166,3.7190466,-0.34808072,-12486656
86,80,87,88,"null","null","null",2,0.64458805,1.0880258,-2.1365545,0.60018086,-3.8261662,-11184866
90,68,91,92,"null","null","null",2,3.3581092,1.2662416,-2.0763655,0.5623986,-3.8140664,-11184866
93,67,94,103,"null","null","null",9,13.907324,0.7291279,-2.853769,0.8857572,-3.436427,-11184866
94,93,95,100,"null","null","null",5,5.8441954,2.3305707,-2.2165542,0.4839738,-3.492145,-8572416
95,94,96,99,"null","null","null",3,1.7007177,3.4735112,-1.0892012,0.6459125,-2.9070072,-8572416
96,95,97,98,"null","null","null",2,0.89024395,3.8167205,-0.41857028,0.73106873,-2.2381606,-8572416
100,94,101,102,"null","null","null",2,0.36029196,0.4835837,-3.7564578,1.938399,-1.6186463,-11184866
103,93,104,107,"null","null","null",4,7.227961,0.8449199,-3.7671363,2.7277994,-0.3955618,-11184866
104,103,105,106,"null","null","null",2,2.5805557,0.5235967,-3.7564578,1.938399,-1.6186463,-11184866
107,103,108,109,"null","null","null",2,5.6960783,2.361208,-0.41842118,3.6646895,-0.7950946,-8572416
110,2,111,120,"Hydrobatidae","null","Storm-petrels",8,31.007374,2.3870018,-1.9270635,0.5234822,-3.4551697,-12486656
111,110,112,117,"null","null","null",5,28.695957,3.443474,-0.72746617,0.65274775,-2.834297,-16731116
112,111,113,116,"null","null","null",3,21.83561,3.6822953,-0.44105524,1.6104487,-2.1905582,-12486656
113,112,114,115,"null","null","null",2,6.268109,3.222697,-0.6278832,2.7384958,-1.3026779,-12486656
117,111,118,119,"null","null","null",2,19.588474,0.3708011,-2.5711792,0.8857572,-3.3442597,-16731116
120,110,121,124,"null","null","null",3,13.76203,0.44286343,-3.2755337,1.8611681,-2.4725404,-11184866
121,120,122,123,"null","null","null",2,4.7248764,0.66192496,-2.5711792,0.7546917,-3.3442597,-3014646
125,1,126,151,"Hydrobatidae","null","Storm-petrels",14,34.868683,0.75179815,-2.560747,0.8665061,-3.5096993,-16731116
126,125,127,150,"null","null","null",13,34.24221,2.2960806,-2.010228,0.50423723,-3.5025039,-16731116
127,126,128,141,"null","null","null",12,30.09799,3.3252769,-0.7673078,0.65274775,-2.8958313,-16731116
128,127,129,136,"null","null","null",7,28.570984,3.528639,-0.44105524,2.026287,-2.2705529,-16731116
129,128,130,133,"null","null","null",4,18.011429,3.022944,-0.6278832,3.2790856,-1.151444,-16731116
130,129,131,132,"null","null","null",2,12.663047,2.3134408,-0.65274704,3.7626104,-0.37199068,-16731116
133,129,134,135,"null","null","null",2,7.4216347,3.0051725,-1.0892012,0.33095616,-2.9852285,-16731116
136,128,137,140,"null","null","null",3,21.787771,1.9703102,-2.0763655,0.5623986,-3.5523152,-16731116
137,136,138,139,"null","null","null",2,5.109823,3.0051725,-1.0892012,0.6459125,-2.9852285,-16731116
141,127,142,149,"null","null","null",5,20.366167,0.7291279,-2.6608229,0.8857572,-3.436427,-12486656
142,141,143,148,"null","null","null",4,17.286594,2.3305707,-2.0763655,0.4839738,-3.492145,-16731116
143,142,144,147,"null","null","null",3,10.386788,3.4735112,-1.0892012,0.6459125,-2.9070072,-12486656
144,143,145,146,"null","null","null",2,7.022414,3.8167205,-0.41857028,0.73106873,-2.2381606,-12486656
152,0,153,182,"SPHENISCIFORMES","null","Penguins",18,25.368214,0.40148073,-3.410198,1.6207691,-2.6534727,-12486656
153,152,154,179,"null","null","null",15,22.813522,0.82467735,-2.741412,0.41481847,-3.4732883,-12486656
154,153,155,170,"null","null","null",13,16.345844,2.3908236,-1.986808,0.50423723,-3.4551697,-11184866
155,154,156,169,"null","null","null",8,8.526309,3.4484427,-0.9791716,0.65274775,-2.834297,-11184866
156,155,157,168,"null","null","null",7,5.2295523,3.6887548,-0.44105524,2.0426912,-2.1905582,-11184866
157,156,158,165,"null","null","null",6,4.339863,3.2310944,-0.6278832,3.300411,-1.151444,-11184866
158,157,159,162,"null","null","null",4,3.80732,2.5840364,-1.0472691,3.7903333,-0.37199068,-11184866
159,158,160,161,"null","null","null",2,1.3272468,1.600189,-2.2880564,3.5116978,-0.5905177,-11184866
162,158,163,164,"null","null","null",2,0.7485412,3.8167205,-0.6717526,0.73106873,-2.2381606,-11184866
165,157,166,167,"","null","Rockhopper Penguins",2,1.7037979,3.0051725,-1.0892012,0.33095616,-2.9852285,-11184866
170,154,171,178,"null","null","null",5,13.278975,0.44286343,-3.4099588,1.8611681,-2.7339242,-12486656
171,170,172,175,"null","null","null",4,2.8844824,0.66192496,-2.7459319,0.49050808,-3.6840587,-11184866
172,171,173,174,"null","null","null",2,1.8739723,1.2662416,-2.0763655,0.4839738,-3.8140664,-11184866
175,171,176,177,"null","null","null",2,1.7508434,0.8449199,-3.5245025,2.3807096,-0.3955618,-11184866
179,153,180,181,"null","null","null",2,6.521263,0.8210852,-3.5997555,2.3745217,-0.40725225,-16731116
182,152,183,186,"null","null","null",3,16.841621,1.6001921,-2.9140093,3.120005,-0.31738168,-16731116
183,182,184,185,"null","null","null",2,7.3289566,0.4136024,-3.5997543,2.374522,-0.66423035,-16731116
