index,parent,child1,child2,name1,name2,common,richness,lengthbr,hxmax,hxmin,hymax,hymin
0,-268358652,1,192,"null","null","null",125,16.3,2.3908234,-2.023676,0.5042372,-3.5213065
1,0,2,169,"null","null","null",96,16.3,3.448443,-0.75777113,0.65274775,-2.9202747
2,1,3,98,"null","null","null",84,16.300001,3.6887553,-0.44105512,1.993161,-2.3023288
3,2,4,97,"null","null","null",48,16.300001,3.2310948,-0.6278832,3.236022,-1.3026786
4,3,5,94,"","null","Grass Mice and Akodonts",47,15.200001,2.5840368,-1.4716702,3.7066278,-0.37199056
5,4,6,87,"null","null","null",45,8.8,1.4333814,-2.8397784,3.4028811,-0.59051764
6,5,7,82,"null","null","null",41,8.8,0.29949006,-3.503251,2.7422612,-1.1122096
7,6,8,73,"null","null","null",38,8.8,0.5419747,-3.3371964,1.7306662,-2.6213481
8,7,9,72,"null","null","null",33,8.8,0.6764475,-2.651341,0.7546901,-3.5377078
9,8,10,43,"null","null","null",32,5.6,2.262085,-2.0640402,0.48397422,-3.6238084
10,9,11,34,"null","null","null",17,5.6,3.3844776,-0.8866466,0.64591277,-3.0781689
11,10,12,31,"null","null","null",12,5.6,3.7009745,-0.41857076,1.7316486,-2.4606717
12,11,13,30,"null","null","null",10,5.6,3.2905593,-0.61676085,2.993002,-1.4052767
13,12,14,27,"null","null","null",9,5.6,2.6331234,-1.3260083,3.4931788,-0.34808123
14,13,15,22,"null","null","null",7,1.8,1.529705,-2.7374806,3.1863706,-0.5755019
15,14,16,21,"null","null","null",4,1.8,0.52727723,-3.476213,2.4522824,-0.8165221
16,15,17,20,"null","null","null",3,1.8,0.5235976,-3.3782535,1.9383955,-2.3110504
17,16,18,19,"null","null","null",2,1.8,0.6580926,-2.7162032,0.86751455,-3.2399886
22,14,23,26,"null","null","null",3,1.8,3.0981069,-0.2750016,3.0448964,-1.5045781
23,22,24,25,"null","null","null",2,1.8,2.361207,-0.6619245,3.664692,-0.32388246
27,13,28,29,"null","null","null",2,1.6,3.7952123,-0.70525765,0.55374324,-2.2791743
31,11,32,33,"null","null","null",2,5.6,1.0880269,-2.1365538,0.60018003,-3.8261664
34,10,35,40,"null","null","null",5,5.6,0.35782927,-2.7521253,0.90259767,-3.4687886
35,34,36,39,"null","null","null",3,5.6,1.7924259,-2.1365538,0.46288577,-3.6229587
36,35,37,38,"null","null","null",2,2.4,2.8755686,-1.1971772,0.63761365,-3.1081505
40,34,41,42,"null","null","null",2,5.6,0.86650527,-3.4392254,2.4198835,-0.38339564
43,9,44,65,"null","null","null",15,5.6,0.48358285,-3.4133048,1.7993804,-2.5107396
44,43,45,56,"null","null","null",11,5.6,0.6580924,-2.7617707,0.725999,-3.4995887
45,44,46,55,"null","null","null",6,5.6,2.1643891,-2.1365538,0.46288577,-3.6629987
46,45,47,54,"null","null","null",5,5.6,3.3591206,-1.1971772,0.63761365,-3.1602027
47,46,48,51,"null","null","null",4,5.6,3.7661464,-0.39551884,1.2371417,-2.5264754
48,47,49,50,"null","null","null",2,5.6,3.4248652,-0.6042892,2.4441652,-1.5045781
51,47,52,53,"null","null","null",2,1.6,0.90940034,-2.1905565,0.63667953,-3.8270526
56,44,57,62,"null","null","null",5,5.6,0.86650527,-3.48519,2.7414112,-0.6343628
57,56,58,61,"null","null","null",3,5.6,0.5042378,-3.4706397,2.010226,-2.143413
58,57,59,60,"null","null","null",2,5.6,0.6527479,-2.8544078,0.9791694,-3.1268065
62,56,63,64,"null","null","null",2,5.6,2.3745215,-0.40725255,3.5997562,-0.8210846
65,43,66,69,"null","null","null",4,5.6,1.7948534,-2.6272726,3.1628685,-0.40147904
66,65,67,68,"null","null","null",2,5.6,0.641129,-3.4392254,2.4198835,-0.6642305
69,65,70,71,"null","null","null",2,5.6,3.5116992,-0.3173806,2.288054,-1.6001905
73,7,74,81,"null","null","null",5,8.8,1.6917281,-2.7374778,3.1863742,-0.35959655
74,73,75,80,"null","null","null",4,8.8,0.5272817,-3.4762132,2.4522867,-0.8165151
75,74,76,79,"null","null","null",3,3.4,0.5235968,-3.3782573,1.9383985,-2.311044
76,75,77,78,"null","null","null",2,3.4,0.6580924,-2.716209,0.867519,-3.2399843
82,6,83,86,"null","null","null",3,8.8,2.3408208,-0.85625637,3.8025498,-0.7670516
83,82,84,85,"null","null","null",2,2.2,1.6917281,-2.1268067,3.5885556,-0.5755012
87,5,88,93,"null","null","null",4,8.8,3.065712,-0.2891289,3.2309766,-1.4052806
88,87,89,92,"null","null","null",3,3.4,2.3408208,-0.85625637,3.8025498,-0.34808022
89,88,90,91,"null","null","null",2,3.4,1.6917281,-2.1268067,3.5885556,-0.5755012
94,4,95,96,"null","null","null",2,2.9,3.8167202,-0.67175275,0.73106515,-2.238161
98,2,99,168,"null","null","null",36,16.3,2.218443,-2.076367,0.5623988,-3.6238103
99,98,100,165,"null","null","null",35,16.3,3.3277473,-0.8706895,0.6459124,-3.0781724
100,99,101,162,"null","null","null",33,13.4,3.6272292,-0.4185698,1.7906663,-2.4606745
101,100,102,147,"Thomasomys","null","Oldfield Mice",31,6.5,3.1946921,-0.6167603,3.069729,-1.2890116
102,101,103,126,"null","null","null",23,6.5,2.5084949,-1.3385786,3.592928,-0.34808022
103,102,104,123,"null","null","null",12,6.5,1.6749359,-2.7538254,3.3160472,-0.5755012
104,103,105,114,"null","null","null",10,6.5,0.47730488,-3.4974654,2.6208618,-0.95190215
105,104,106,113,"null","null","null",5,6.5,0.5235968,-3.4058852,1.9383985,-2.4870472
106,105,107,112,"null","null","null",4,6.5,0.6580924,-2.7521253,0.867519,-3.4687886
107,106,108,111,"null","null","null",3,6.5,1.7924259,-2.1365538,0.46288577,-3.6229587
108,107,109,110,"null","null","null",2,2.0,2.8755686,-1.1971772,0.63761365,-3.1081505
114,104,115,120,"null","null","null",5,6.5,2.673549,-1.1773334,3.4240808,-0.7950944
115,114,116,119,"null","null","null",3,6.5,1.7788353,-2.6272726,3.1628685,-0.5592989
116,115,117,118,"null","null","null",2,6.5,0.641129,-3.4392254,2.4198835,-0.6642305
120,114,121,122,"null","null","null",2,2.0,3.76261,-0.7370672,0.4390186,-2.3134408
123,103,124,125,"null","null","null",2,6.5,3.4248688,-0.27500102,2.444159,-1.5045819
126,102,127,146,"null","null","null",11,6.5,3.514793,-0.705259,1.6061829,-2.2791758
127,126,128,143,"null","null","null",10,6.5,3.0981078,-0.6042887,2.9239225,-1.4209453
128,127,129,142,"null","null","null",8,6.5,2.3612075,-1.2045312,3.5074303,-0.32388148
129,128,130,137,"null","null","null",7,6.5,1.6207669,-2.6626298,3.2712228,-0.5592989
130,129,131,136,"null","null","null",4,6.5,0.641129,-3.48519,2.5607443,-0.6642305
131,130,132,135,"null","null","null",3,3.2,0.5042378,-3.4706397,2.010226,-2.143413
132,131,133,134,"null","null","null",2,3.2,0.6527479,-2.8544078,0.9791694,-3.1268065
137,129,138,141,"null","null","null",3,6.5,3.1200044,-0.3173806,2.9140122,-1.6001905
138,137,139,140,"null","null","null",2,6.5,2.3745215,-0.66423035,3.5997562,-0.41359985
143,127,144,145,"null","null","null",2,6.5,2.7384934,-1.3026797,0.30320084,-3.2226985
147,101,148,161,"null","null","null",8,6.5,3.1657686,-1.1971815,0.31716168,-3.1107168
148,147,149,156,"null","null","null",7,6.5,3.514793,-0.3955179,1.7809273,-2.462142
149,148,150,155,"null","null","null",4,6.5,3.0981078,-0.6042887,3.1510901,-1.5045819
150,149,151,154,"null","null","null",3,6.5,2.3612075,-0.6648546,3.8027482,-0.32388148
151,150,152,153,"null","null","null",2,6.5,1.7788353,-1.9610502,3.6551359,-0.5592989
156,148,157,160,"null","null","null",3,3.2,1.6104459,-2.1905591,0.63668096,-3.6822963
157,156,158,159,"null","null","null",2,3.2,2.7384934,-1.3026797,0.6278831,-3.2226985
162,100,163,164,"","null","Montane Mice",2,2.9,1.0880196,-2.1365566,0.6001816,-3.8261666
165,99,166,167,"null","null","null",2,16.3,0.35782874,-2.7162147,0.90259826,-3.23998
169,1,170,191,"null","null","null",12,16.3,0.59771526,-2.6393647,0.8857573,-3.496599
170,169,171,186,"Calomys","null","Vesper Mice",11,8.5,2.1597354,-2.0484684,0.48397338,-3.5703702
171,170,172,183,"null","null","null",8,8.5,3.2514277,-0.8706895,0.6459124,-3.0087004
172,171,173,178,"null","null","null",6,8.5,3.5280137,-0.4185698,1.8652921,-2.3703609
173,172,174,177,"null","null","null",3,8.5,3.065712,-0.6167603,3.1667423,-1.4052806
174,173,175,176,"null","null","null",2,8.5,2.3408208,-0.6580918,3.7190452,-0.34808022
178,172,179,182,"null","null","null",3,8.5,1.7924187,-2.1365566,0.6001816,-3.622961
179,178,180,181,"null","null","null",2,8.5,2.8755634,-1.1971815,0.6376133,-3.1081553
183,171,184,185,"null","null","null",2,8.5,0.35782874,-2.7162147,0.90259826,-3.23998
186,170,187,190,"null","null","null",3,4.3,0.48358452,-3.3782616,1.9384005,-2.3110387
187,186,188,189,"null","null","null",2,4.3,0.65809226,-2.7162147,0.8675231,-3.23998
192,0,193,236,"null","null","null",29,16.3,0.44286364,-3.4929109,1.7306687,-2.5434372
193,192,194,231,"null","null","null",22,16.3,0.6729623,-2.8537698,0.522323,-3.4364262
194,193,195,230,"null","null","null",19,16.3,2.2575567,-2.076367,0.48397338,-3.4921455
195,194,196,223,"null","null","null",18,16.3,3.378595,-0.8866515,0.6459124,-2.9070082
196,195,197,222,"","null","Hocicudos",14,6.4,3.6933315,-0.4185698,1.7316434,-2.238161
197,196,198,213,"null","null","null",13,6.4,3.2806253,-0.6167603,2.9929993,-1.2264589
198,197,199,208,"null","null","null",8,6.4,2.620208,-1.4981474,3.4931793,-0.34808022
199,198,200,205,"null","null","null",5,6.4,1.6749359,-2.9612648,3.1863742,-0.5755012
200,199,201,204,"null","null","null",3,6.4,0.5272817,-3.7671363,2.4522867,-0.665
201,200,202,203,"null","null","null",2,6.4,0.5235968,-3.7564573,1.9383985,-1.6186471
205,199,206,207,"null","null","null",2,2.5,3.4248688,-0.27500102,2.444159,-1.5045819
208,198,209,212,"null","null","null",3,6.4,3.7661476,-0.705259,1.2371341,-2.2791758
209,208,210,211,"null","null","null",2,6.4,3.4248688,-0.6042887,2.444159,-1.5045819
213,197,214,221,"null","null","null",5,6.4,3.1657686,-1.1971815,0.31716168,-2.9699733
214,213,215,220,"null","null","null",4,6.4,3.514793,-0.3955179,1.6992358,-2.2791758
215,214,216,219,"null","null","null",3,6.4,3.0981078,-0.6042887,3.0448914,-1.5045819
216,215,217,218,"null","null","null",2,2.5,2.3612075,-0.66192454,3.6646893,-0.32388148
223,195,224,227,"Neacomys","null","Bristly Mice",4,6.2,0.35782874,-2.752129,0.90259826,-3.6250997
224,223,225,226,"null","null","null",2,6.2,1.0880196,-2.1365566,0.4628849,-3.8261666
227,223,228,229,"null","null","null",2,6.2,0.8665061,-3.439223,2.4198875,-0.38339514
231,193,232,235,"Melanomys","null","null",3,4.9,0.8449204,-3.767136,2.4522898,-0.39556158
232,231,233,234,"null","null","null",2,4.9,0.52359635,-3.7564592,1.9384005,-1.6186413
236,192,237,244,"null","null","null",7,16.3,1.5297099,-2.7374768,3.1863751,-0.35959762
237,236,238,243,"Eligmodontia","null","Gerbil Mice",4,4.5,0.52728236,-3.4762132,2.4522882,-0.8165132
238,237,239,242,"null","null","null",3,4.5,0.5235966,-3.3782582,1.9383993,-2.3110423
239,238,240,241,"null","null","null",2,4.5,0.6580924,-2.7162104,0.8675197,-3.239983
244,236,245,248,"null","null","null",3,16.3,3.0981085,-0.27500087,3.0448916,-1.5045813
245,244,246,247,"Microryzomys","null","null",2,3.1,2.3612084,-0.66192454,3.6646895,-0.3238816
