index,parent,child1,child2,name1,name2,common,richness,lengthbr,hxmax,hxmin,hymax,hymin,color
0,-268171117,1,36,"LORISIFORMES","null","null",26,39.600002,2.3458872,-1.9868143,0.52348524,-3.5025122,-16731116
1,0,2,33,"Galagidae","null","Galagos - Bushbabies",18,24.900002,3.3900344,-0.72748053,0.6527473,-2.895844,-16731116
2,1,3,28,"null","null","null",16,24.600002,3.6128328,-0.44105315,1.8643892,-2.2705646,-16731116
3,2,4,23,"null","null","null",13,19.300001,3.1323996,-0.6278822,3.0686283,-1.1166914,-16731116
4,3,5,16,"null","null","null",10,16.6,2.4557292,-1.4435894,3.489027,-0.3719881,-16731116
5,4,6,13,"null","null","null",6,16.6,1.5501502,-2.8032832,3.1200066,-0.590516,-16731116
6,5,7,12,"null","null","null",4,16.6,0.41361272,-3.4558198,2.374523,-0.9977215,-16731116
7,6,8,11,"Otolemur","null","null",3,5.0,0.5419725,-3.275545,1.8611767,-2.4725237,-16731116
8,7,9,10,"null","null","null",2,4.7,0.6619246,-2.571195,0.75470394,-3.3442492,-16731116
13,5,14,15,"Euoticus","null","null",2,5.7,3.3284197,-0.2891272,2.5944867,-1.4052919,-16731116
16,4,17,22,"null","null","null",4,16.6,3.5280132,-0.6717566,1.865274,-2.2381659,-16731116
17,16,18,21,"null","null","null",3,16.4,3.0657163,-0.61675906,3.1667287,-1.4052919,-16731116
18,17,19,20,"null","null","null",2,7.1,2.3408237,-0.65809226,3.7190394,-0.34807754,-16731116
23,3,24,27,"null","null","null",3,10.3,3.4735012,-1.0892141,0.33095467,-2.9070153,-16777216
24,23,25,26,"null","null","null",2,10.3,3.8167186,-0.4185676,0.7310459,-2.2381659,-16777216
28,2,29,32,"null","null","null",3,12.1,1.9702901,-2.0763724,0.5624025,-3.5523252,-16777216
29,28,30,31,"null","null","null",2,12.1,3.0051577,-1.0892141,0.64591175,-2.9852443,-16777216
33,1,34,35,"null","null","null",2,8.4,0.3707999,-2.5711951,0.8857589,-3.3442495,-16777216
36,0,37,46,"Lorisidae","null","null",8,35.4,0.44286698,-3.4099584,1.7062047,-2.5790346,-12486656
37,36,38,43,"","null","Lorises",5,31.800001,0.6619246,-2.745932,0.49051535,-3.4827123,-12486656
38,37,39,42,"Nycticebus","null","null",3,18.5,1.9702911,-2.0763721,0.48397177,-3.5523243,-11184866
39,38,40,41,"null","null","null",2,11.9,3.0051584,-1.0892134,0.6459118,-2.9852433,-11184866
43,37,44,45,"Loris","null","null",2,11.6,0.8449222,-3.5244946,2.3807096,-0.39556065,-12486656
46,36,47,50,"null","null","null",3,16.8,1.6917375,-2.7746086,3.1313152,-0.35960135,-16731116
47,46,48,49,"Arctocebus","null","null",2,10.6,0.5272941,-3.5244944,2.3807096,-0.665,-16731116
