index,parent,child1,child2,name1,name2,common,richness,lengthbr,hxmax,hxmin,hymax,hymin,color
0,-268377994,1,26,"","null","Beaked Toads",23,11.323132,0.38599098,-3.57267,2.6772187,-1.087885,-16731116
1,0,2,25,"null","null","null",13,9.262737,0.5419747,-3.4274406,1.8611665,-2.5897264,-16731116
2,1,3,24,"null","null","null",12,9.262737,0.66192496,-2.7686582,0.7546901,-3.4965997,-16731116
3,2,4,21,"null","null","null",11,9.262737,2.1597412,-2.2165523,0.48397422,-3.5703678,-16731116
4,3,5,18,"null","null","null",9,9.262737,3.2514307,-0.8706838,0.64591277,-3.008696,-16731116
5,4,6,13,"null","null","null",7,9.262737,3.5280137,-0.41857076,1.9147083,-2.3703573,-16731116
6,5,7,12,"null","null","null",4,9.262737,3.0657103,-0.61676085,3.2309797,-1.4052767,-16731116
7,6,8,11,"null","null","null",3,9.262737,2.3408196,-0.8562642,3.8025498,-0.34808123,-16731116
8,7,9,10,"null","null","null",2,9.262737,1.6917245,-2.1268134,3.5885527,-0.5755019,-16731116
13,5,14,17,"null","null","null",3,9.262737,1.7924259,-2.1365538,0.60018003,-3.6229587,-16731116
14,13,15,16,"null","null","null",2,9.262737,2.8755686,-1.1971772,0.63761365,-3.1081505,-16731116
18,4,19,20,"null","null","null",2,9.262737,0.35782927,-2.716209,0.90259767,-3.2399843,-16731116
21,3,22,23,"null","null","null",2,9.262737,0.48358285,-3.7564573,1.9383985,-1.6186471,-12486656
26,0,27,38,"null","null","null",10,8.3152685,2.620208,-1.3260034,3.6562042,-0.7670516,-16777216
27,26,28,37,"null","null","null",6,8.3152685,1.6917281,-2.7374778,3.3983066,-0.5755012,-16777216
28,27,29,34,"null","null","null",5,8.3152685,0.3384865,-3.4762132,2.727799,-0.8165151,-16777216
29,28,30,33,"null","null","null",3,8.3152685,0.5235968,-3.3782573,1.9383985,-2.311044,-16777216
30,29,31,32,"null","null","null",2,8.3152685,0.6580924,-2.716209,0.867519,-3.2399843,-16777216
34,28,35,36,"null","null","null",2,8.3152685,2.3612075,-0.41842124,3.6646893,-0.7950944,-16777216
38,26,39,42,"null","null","null",4,8.3152685,3.7661476,-0.705259,1.2371341,-2.5264778,-16777216
39,38,40,41,"null","null","null",2,8.3152685,3.4248688,-0.6042887,2.444159,-1.5045819,-16777216
42,38,43,44,"null","null","null",2,8.3152685,0.9093931,-2.1905591,0.63668096,-3.827052,-16777216
