index,parent,child1,child2,name1,name2,common,richness,lengthbr,hxmax,hxmin,hymax,hymin,color
0,-268059570,1,38,"null","null","null",33,11.9,2.25755,-2.0677369,0.48397225,-3.5424194,-16731116
1,0,2,35,"null","null","null",19,11.9,3.378592,-0.8706966,0.645912,-2.9723659,-16731116
2,1,3,24,"null","null","null",17,11.9,3.6933327,-0.41856855,1.731637,-2.3231235,-16731116
3,2,4,23,"null","null","null",11,11.9,3.2806292,-0.61675966,2.992996,-1.4052861,-16731116
4,3,5,18,"null","null","null",10,11.9,2.6202118,-1.3385711,3.4931808,-0.34807888,-12486656
5,4,6,17,"null","null","null",7,11.9,1.691733,-2.7538207,3.1863794,-0.57550037,-12486656
6,5,7,16,"null","null","null",6,11.9,0.52728754,-3.4974651,2.4522934,-1.0443861,-12486656
7,6,8,15,"null","null","null",5,11.9,0.52359575,-3.4058893,1.9384029,-2.6072805,-12486656
8,7,9,12,"null","null","null",4,11.9,0.65809214,-2.7521315,0.583107,-3.6250978,-11184866
9,8,10,11,"null","null","null",2,11.9,1.0880142,-2.136558,0.46288425,-3.8261666,-8572416
12,8,13,14,"null","null","null",2,3.9,0.8665067,-3.4392204,2.419892,-0.38339478,-16731116
18,4,19,22,"null","null","null",3,11.9,3.766149,-0.7052609,1.2371264,-2.2791777,-16731116
19,18,20,21,"null","null","null",2,3.9,3.4248729,-0.60428816,2.4441528,-1.504586,-16731116
24,2,25,34,"null","null","null",6,11.9,2.1643796,-2.1365585,0.6001837,-3.5166683,-16731116
25,24,26,31,"null","null","null",5,11.9,3.3591163,-1.0122069,0.63761294,-2.969976,-16731116
26,25,27,30,"null","null","null",3,11.9,3.766149,-0.39551693,1.2371264,-2.2791777,-16731116
27,26,28,29,"null","null","null",2,11.9,3.4248729,-0.60428816,2.4441528,-1.504586,-16731116
31,25,32,33,"null","null","null",2,11.9,0.344529,-2.8544168,0.9791763,-3.1267984,-16731116
35,1,36,37,"null","null","null",2,11.9,0.35782802,-2.7162204,0.9025992,-3.239976,-16731116
38,0,39,62,"null","null","null",14,11.9,0.48358673,-3.4216063,2.0181746,-2.5107303,-16731116
39,38,40,61,"null","null","null",12,11.9,0.658092,-2.772564,0.8675277,-3.4995852,-16731116
40,39,41,56,"null","null","null",11,11.9,2.015648,-2.1631198,0.462884,-3.663001,-16731116
41,40,42,53,"null","null","null",8,11.9,3.1657653,-1.0122069,0.63761294,-3.1602087,-16731116
42,41,43,50,"null","null","null",6,11.9,3.5147927,-0.39551693,1.7809217,-2.5264804,-16731116
43,42,44,49,"null","null","null",4,7.8,3.0981097,-0.60428816,3.1510868,-1.504586,-16731116
44,43,45,48,"null","null","null",3,7.8,2.361209,-0.6648466,3.8027477,-0.3238805,-16731116
45,44,46,47,"null","null","null",2,7.8,1.7788389,-1.9610431,3.6551383,-0.5592982,-11513776
50,42,51,52,"null","null","null",2,3.9,0.9093885,-2.1905603,0.6366825,-3.827052,-16731116
53,41,54,55,"null","null","null",2,11.9,0.344529,-2.8544168,0.9791763,-3.1267984,-16731116
56,40,57,60,"null","null","null",3,11.9,0.52348375,-3.470646,2.0102305,-2.1434016,-11184866
57,56,58,59,"null","null","null",2,11.9,0.6527475,-2.8544168,0.9791763,-3.1267984,-12486656
62,38,63,64,"null","null","null",2,11.9,1.7788415,-1.9610368,3.6551409,-0.40148243,-16731116
