index,parent,child1,child2,name1,name2,common,richness,lengthbr,hxmax,hxmin,hymax,hymin,color
0,-268317692,1,114,"BUCEROTIFORMES","null","Hornbills, Woodhoopoes and Hoopoe",66,55.284073,3.4716098,-0.9025985,0.44187915,-2.767269,-16731116
1,0,2,83,"","null","Hornbills",57,33.420113,3.6266298,-0.4628849,2.0156538,-2.1562386,-16731116
2,1,3,76,"Bucerotidae","null","Hornbills",41,29.160423,3.1129246,-0.6376133,3.1657689,-1.0032616,-16731116
3,2,4,53,"null","null","null",37,28.098516,2.4650123,-1.5998752,3.5147934,-0.3955179,-16731116
4,3,5,38,"null","null","null",25,26.162579,1.4246768,-2.9157228,3.0981085,-0.6042887,-12486656
5,4,6,37,"null","null","null",17,23.952421,0.32388148,-3.4967704,2.3612084,-1.2503662,-12486656
6,5,7,36,"null","null","null",16,18.575409,0.5592989,-3.2573647,1.7788353,-2.7222152,-12486656
7,6,8,35,"null","null","null",15,15.085072,0.75180197,-2.542729,0.6411284,-3.5626507,-12486656
8,7,9,24,"null","null","null",14,14.962559,2.296084,-1.986806,0.5042378,-3.5713387,-12486656
9,8,10,21,"null","null","null",8,11.15085,3.3252785,-0.7274634,0.6527479,-2.9853163,-12486656
10,9,11,18,"null","null","null",6,7.6970544,3.5286388,-0.4410558,2.026291,-2.3868847,-12486656
11,10,12,15,"null","null","null",4,5.5269012,3.0229423,-0.6278835,3.2790883,-1.1514413,-12486656
12,11,13,14,"null","null","null",2,1.9844254,2.3134394,-0.6527469,3.7626114,-0.37199128,-12486656
15,11,16,17,"null","null","null",2,2.2292817,3.0051737,-1.0892006,0.33095652,-2.9852276,-12486656
18,10,19,20,"null","null","null",2,2.4861035,1.2662436,-2.076365,0.5623976,-3.814066,-16731116
21,9,22,23,"null","null","null",2,4.1067424,0.37080142,-2.5711775,0.88575673,-3.3442605,-12486656
24,8,25,32,"null","null","null",6,10.368809,0.4428624,-3.409959,1.9094126,-2.7339265,-12486656
25,24,26,29,"null","null","null",4,9.500652,0.661925,-2.745932,0.49050736,-3.6840591,-16731116
26,25,27,28,"null","null","null",2,3.7857122,1.2662436,-2.076365,0.483974,-3.814066,-16731116
29,25,30,31,"null","null","null",2,4.0949855,0.8449197,-3.5245035,2.3807096,-0.39556193,-12486656
32,24,33,34,"null","null","null",2,4.3919287,1.6917262,-2.1268098,3.5885544,-0.35959634,-11184866
38,4,39,48,"null","null","null",8,20.537657,3.2310944,-0.30320084,3.0686398,-1.116679,-12486656
39,38,40,45,"null","null","null",5,16.641779,2.5840364,-1.5287752,3.4890308,-0.37199068,-12486656
40,39,41,44,"null","null","null",3,8.688632,1.600189,-2.9140143,3.1200047,-0.5905177,-11184866
41,40,42,43,"null","null","null",2,5.166533,0.4135974,-3.5997574,2.374522,-0.66423035,-11184866
45,39,46,47,"null","null","null",2,5.302964,3.8167205,-0.6717526,0.73106873,-2.2381606,-12486656
48,38,49,52,"null","null","null",3,12.535341,3.4735112,-1.0892012,0.33095616,-2.9070072,-16731116
49,48,50,51,"null","null","null",2,6.138546,3.8167205,-0.41857028,0.73106873,-2.2381606,-12486656
53,3,54,71,"null","null","null",12,21.248178,3.6887548,-0.6366811,1.980167,-2.2705529,-16731116
54,53,55,70,"null","null","null",9,17.568295,3.2310944,-0.6278832,3.2191296,-1.3026779,-16731116
55,54,56,67,"null","null","null",8,13.4584465,2.5840364,-1.4436038,3.6846676,-0.37199068,-16731116
56,55,57,66,"null","null","null",6,9.17471,1.600189,-2.8032913,3.374333,-0.5905177,-16731116
57,56,58,63,"null","null","null",5,7.5057983,0.29949018,-3.4558175,2.7051485,-0.99774426,-16731116
58,57,59,62,"null","null","null",3,3.7507138,0.54197484,-3.2755322,1.8611662,-2.472543,-16731116
59,58,60,61,"null","null","null",2,1.5636648,0.661925,-2.5711775,0.75469065,-3.3442605,-16731116
63,57,64,65,"null","null","null",2,2.899119,2.3408206,-0.42902395,3.7190466,-0.76705146,-16731116
67,55,68,69,"null","null","null",2,5.7254906,3.8167205,-0.6717526,0.73106873,-2.2381606,-16731116
71,53,72,75,"null","null","null",3,11.534025,1.9703102,-2.0763655,0.5623986,-3.5523152,-16731116
72,71,73,74,"null","null","null",2,4.8623486,3.0051725,-1.0892012,0.6459125,-2.9852285,-16731116
76,2,77,82,"null","null","null",4,16.249481,3.443474,-0.9791716,0.34452954,-2.834297,-12486656
77,76,78,81,"null","null","null",3,8.942648,3.6822953,-0.44105524,1.6104487,-2.1905582,-12486656
78,77,79,80,"null","null","null",2,3.7823942,3.222697,-0.6278832,2.7384958,-1.3026779,-12486656
83,1,84,111,"null","null","null",16,25.773737,2.3908236,-2.120683,0.5234822,-3.4551697,-16731116
84,83,85,104,"Bucerotidae","null","Hornbills",14,19.116177,3.4484427,-0.7673078,0.65274775,-2.834297,-16731116
85,84,86,103,"null","null","null",10,14.366341,3.6887548,-0.44105524,1.8644058,-2.1905582,-16731116
86,85,87,98,"null","null","null",9,14.366341,3.2310944,-0.6278832,3.0686398,-1.116679,-16731116
87,86,88,95,"null","null","null",6,10.921971,2.5840364,-1.6418946,3.4890308,-0.37199068,-16731116
88,87,89,94,"null","null","null",4,8.583069,1.600189,-3.0610695,3.1200047,-0.5905177,-16731116
89,88,90,93,"null","null","null",3,7.7411103,0.4135974,-3.790929,2.374522,-0.66423035,-16731116
90,89,91,92,"null","null","null",2,5.1455812,0.54197484,-3.7111773,1.8611662,-1.7914411,-16731116
95,87,96,97,"null","null","null",2,3.118298,3.8167205,-0.6717526,0.73106873,-2.2381606,-16731116
98,86,99,102,"null","null","null",3,6.931239,3.4735112,-1.0892012,0.33095616,-2.9070072,-16731116
99,98,100,101,"null","null","null",2,3.5602229,3.8167205,-0.41857028,0.73106873,-2.2381606,-16731116
104,84,105,110,"null","null","null",4,10.936502,0.45200443,-2.6608229,0.8857572,-3.4827118,-16731116
105,104,106,109,"null","null","null",3,10.42986,1.9703102,-2.0763655,0.4839738,-3.5523152,-16731116
106,105,107,108,"null","null","null",2,6.65628,3.0051725,-1.0892012,0.6459125,-2.9852285,-16731116
111,83,112,113,"Bucorvidae","null","Ground-hornbills",2,7.561499,0.44286343,-3.7111778,1.8611681,-1.791438,-12486656
114,0,115,130,"","null","Woodhoopoes and more",9,35.248856,0.8217374,-2.4967742,0.8665061,-3.4732883,-16731116
115,114,116,125,"Phoeniculidae","null","Woodhoopoes",8,35.248505,2.3870018,-1.9270635,0.50423723,-3.4551697,-16731116
116,115,117,122,"","null","Woodhoopoes",5,22.667763,3.443474,-0.72746617,0.65274775,-2.834297,-16731116
117,116,118,121,"null","null","null",3,7.905077,3.6822953,-0.44105524,1.6104487,-2.1905582,-16731116
118,117,119,120,"null","null","null",2,2.7011352,3.222697,-0.6278832,2.7384958,-1.3026779,-16731116
122,116,123,124,"null","null","null",2,8.084667,0.3708011,-2.5711792,0.8857572,-3.3442597,-16731116
125,115,126,129,"","null","Scimitarbills",3,20.416172,0.44286343,-3.2755337,1.8611681,-2.4725404,-16731116
126,125,127,128,"null","null","null",2,9.194231,0.66192496,-2.5711792,0.7546917,-3.3442597,-16731116
