index,parent,child1,child2,name1,name2,common,richness,lengthbr,hxmax,hxmin,hymax,hymin,color
0,-268142482,1,100,"null","null","null",53,33.9,3.658319,-0.44105315,1.9450054,-2.2705646,-16731116
1,0,2,95,"Sorex","null","null",50,28.7,3.1915317,-0.6278822,3.1734295,-1.1166914,-16731116
2,1,3,54,"null","null","null",47,24.0,2.5326014,-1.5005634,3.6252685,-0.3719881,-16731116
3,2,4,53,"null","null","null",26,23.8,1.6002007,-2.8773494,3.2971203,-0.590516,-16731116
4,3,5,42,"null","null","null",25,20.1,0.29948714,-3.552106,2.604771,-1.1121914,-16731116
5,4,6,41,"null","null","null",19,18.7,0.5419725,-3.4007168,1.8611767,-2.6213346,-16731116
6,5,7,30,"null","null","null",18,18.7,0.6764288,-2.7339182,0.5496058,-3.5377035,-16731116
7,6,8,29,"null","null","null",12,18.7,2.2620683,-2.0763726,0.4839716,-3.623814,-16731116
8,7,9,28,"null","null","null",11,11.3,3.3844688,-1.0892128,0.6459118,-3.0781798,-16731116
9,8,10,25,"null","null","null",10,8.7,3.7009754,-0.41856784,1.731633,-2.4606805,-16731116
10,9,11,22,"null","null","null",8,7.5,3.2905664,-0.6167593,2.9929938,-1.2878841,-16731116
11,10,12,19,"null","null","null",6,6.0,2.6331291,-1.4981349,3.4931812,-0.34807816,-16731116
12,11,13,18,"null","null","null",4,4.7,1.6917357,-2.961256,3.186382,-0.5754999,-16731116
13,12,14,17,"null","null","null",3,2.6,0.5272909,-3.7671344,2.4522967,-0.665,-16731116
14,13,15,16,"null","null","null",2,2.1,0.5235952,-3.7564616,1.9384052,-1.6186306,-16731116
19,11,20,21,"null","null","null",2,2.7,3.795209,-0.7052618,0.55372345,-2.2791789,-16731116
22,10,23,24,"null","null","null",2,3.1,2.8755536,-1.1971887,0.3171605,-3.1081638,-16731116
25,9,26,27,"null","null","null",2,3.5,1.088007,-2.1365604,0.6001848,-3.8261669,-16731116
30,6,31,40,"null","null","null",6,18.7,0.8449223,-3.4974635,2.5136616,-1.0443783,-16731116
31,30,32,37,"null","null","null",5,17.0,0.52359474,-3.4058914,2.0181777,-2.607274,-16731116
32,31,33,36,"null","null","null",3,11.5,0.6580919,-2.752135,0.86753106,-3.6250951,-16731116
33,32,34,35,"null","null","null",2,11.3,1.088007,-2.1365604,0.46288338,-3.8261669,-16731116
37,31,38,39,"null","null","null",2,8.9,1.7788441,-1.9610317,3.655143,-0.4014837,-16731116
42,4,43,52,"null","null","null",6,12.0,2.3408237,-1.3259888,3.4931827,-0.76705533,-16731116
43,42,44,51,"null","null","null",5,12.0,1.6917396,-2.737469,3.1863859,-0.57549936,-16731116
44,43,45,50,"null","null","null",4,11.0,0.52729595,-3.4762154,2.4523013,-0.8164922,-16731116
45,44,46,49,"null","null","null",3,10.8,0.5235944,-3.37827,1.9384081,-2.3110232,-16731116
46,45,47,48,"null","null","null",2,10.8,0.6580918,-2.716227,0.86753273,-3.2399707,-16731116
54,2,55,94,"null","null","null",21,12.1,3.700976,-0.6717566,1.8280911,-2.2381659,-16731116
55,54,56,87,"null","null","null",20,12.1,3.2905679,-0.61675906,3.118391,-1.226471,-16731116
56,55,57,84,"null","null","null",16,12.1,2.6331306,-1.3840389,3.6562004,-0.34807754,-16731116
57,56,58,77,"null","null","null",14,12.1,1.5297208,-2.812934,3.398309,-0.57549936,-16731116
58,57,59,74,"null","null","null",10,12.1,0.33849633,-3.5743198,2.7278013,-0.95188594,-16731116
59,58,60,73,"null","null","null",8,12.1,0.5235944,-3.5058057,1.9384081,-2.487035,-16731116
60,59,61,68,"null","null","null",7,12.099999,0.6580918,-2.8820236,0.64571726,-3.4687862,-16731116
61,60,62,65,"null","null","null",4,8.4,1.792403,-2.3054147,0.46288306,-3.6229668,-16731116
62,61,63,64,"null","null","null",2,3.9,2.8755515,-1.1971903,0.63761246,-3.1081655,-16731116
65,61,66,67,"null","null","null",2,8.4,0.52348554,-3.7908022,2.0102336,-1.4433308,-16731116
68,60,69,72,"null","null","null",3,12.1,0.8665079,-3.7314618,2.5607557,-0.38339406,-16731116
69,68,70,71,"null","null","null",2,5.9,0.5042355,-3.7908022,2.0102336,-1.4433308,-16731116
74,58,75,76,"null","null","null",2,12.1,2.36121,-0.41841984,3.6646824,-0.7950978,-16731116
77,57,78,81,"null","null","null",4,12.1,3.0981116,-0.27500236,3.0448759,-1.4209609,-16731116
78,77,79,80,"null","null","null",2,12.1,2.3612103,-0.6619249,3.664682,-0.3238786,-16731116
81,77,82,83,"null","null","null",2,12.1,2.7384772,-1.302691,0.30319917,-3.2227116,-16731116
84,56,85,86,"null","null","null",2,12.1,3.795208,-0.7052629,0.55371547,-2.27918,-16731116
87,55,88,93,"null","null","null",4,12.1,3.3591137,-1.1971924,0.31716013,-2.9699798,-16731116
88,87,89,92,"null","null","null",3,12.1,3.766152,-0.39551544,1.2371116,-2.27918,-16731116
89,88,90,91,"null","null","null",2,12.1,3.4248805,-0.60428715,2.4441402,-1.5045936,-16731116
95,1,96,99,"null","null","null",3,8.5,3.4735012,-1.0892141,0.33095467,-2.9070153,-16731116
96,95,97,98,"null","null","null",2,8.5,3.8167186,-0.4185676,0.7310459,-2.2381659,-16731116
100,0,101,104,"Blarinella","null","null",3,9.5,1.9702901,-2.0763724,0.5624025,-3.5523252,-16731116
101,100,102,103,"null","null","null",2,5.6,3.0051577,-1.0892141,0.64591175,-2.9852443,-16731116
