index,parent,child1,child2,name1,name2,common,richness,lengthbr,hxmax,hxmin,hymax,hymin,color
0,-268370843,1,76,"null","null","null",40,18.013681,3.700975,-0.4185698,1.8495915,-2.4606745,-16731116
1,0,2,41,"null","null","null",38,15.4260235,3.2905617,-0.6167603,3.1463318,-1.2656637,-16731116
2,1,3,38,"null","null","null",20,13.806528,2.6331253,-1.3840548,3.6925116,-0.34808022,-16731116
3,2,4,35,"null","null","null",18,13.806528,1.6749359,-2.8129447,3.445506,-0.5755012,-16731116
4,3,5,30,"null","null","null",16,12.906483,0.3384865,-3.5743203,2.7891583,-0.9035219,-16731116
5,4,6,29,"null","null","null",13,9.498949,0.5235968,-3.5057967,1.9383985,-2.4241529,-16731116
6,5,7,26,"null","null","null",12,9.498949,0.6580924,-2.88201,0.5830978,-3.3870258,-16731116
7,6,8,23,"null","null","null",10,5.186055,2.1250188,-2.3054042,0.46288577,-3.516667,-16731116
8,7,9,20,"null","null","null",8,4.1495085,3.3079393,-1.0121964,0.63761365,-2.9699712,-16731116
9,8,10,19,"null","null","null",6,3.576033,3.699611,-0.39551884,1.780933,-2.2791743,-16731116
10,9,11,18,"null","null","null",5,2.0313222,3.338369,-0.6042892,3.151094,-1.5045781,-16731116
11,10,12,15,"null","null","null",4,1.2176005,2.6735475,-0.6648622,3.8027487,-0.32388246,-16731116
12,11,13,14,"null","null","null",2,0.6410665,1.7788317,-1.9610568,3.6551337,-0.5592996,-16731116
15,11,16,17,"null","null","null",2,0.78626513,3.7626114,-0.73706603,0.439019,-2.3134394,-16731116
20,8,21,22,"null","null","null",2,1.7854435,0.3445301,-2.8544078,0.9791694,-3.1268065,-16731116
23,7,24,25,"null","null","null",2,3.335734,0.52348053,-3.7907991,2.010226,-1.4433506,-16731116
26,6,27,28,"null","null","null",2,3.1646469,0.86650527,-3.4392254,2.4198835,-0.38339564,-16731116
30,4,31,34,"null","null","null",3,11.610838,2.3612075,-0.6648546,3.8027482,-0.7950944,-12486656
31,30,32,33,"null","null","null",2,3.6196969,1.7788353,-1.9610502,3.6551359,-0.5592989,-12486656
35,3,36,37,"null","null","null",2,12.959698,3.4248688,-0.27500102,2.444159,-1.5045819,-16731116
38,2,39,40,"null","null","null",2,5.797667,3.795211,-0.705259,0.5537361,-2.2791758,-16731116
41,1,42,75,"null","null","null",18,9.878263,3.1657686,-1.1971815,0.31716168,-3.0581841,-16731116
42,41,43,64,"null","null","null",17,9.755524,3.514793,-0.3955179,1.6694397,-2.3938498,-16731116
43,42,44,61,"null","null","null",11,8.952004,3.0981078,-0.6042887,3.0061564,-1.4209453,-16731116
44,43,45,60,"null","null","null",9,8.485572,2.3612075,-1.1974893,3.6143339,-0.32388148,-16731116
45,44,46,57,"null","null","null",8,7.0305605,1.7948534,-2.6534753,3.4101975,-0.5592989,-16731116
46,45,47,54,"null","null","null",6,3.487352,0.4148165,-3.473289,2.7414112,-0.88763,-12486656
47,46,48,53,"null","null","null",4,2.5870311,0.5042378,-3.4551682,2.010226,-2.4726603,-16731116
48,47,49,52,"null","null","null",3,1.6396489,0.6527479,-2.8342948,0.9791694,-3.5548277,-16731116
49,48,50,51,"null","null","null",2,0.6280766,0.90940034,-2.1905565,0.44105583,-3.8270526,-16731116
54,46,55,56,"null","null","null",2,2.3584878,2.3745215,-0.40725255,3.5997562,-0.8210846,-8572416
57,45,58,59,"null","null","null",2,4.992551,3.5116992,-0.3173806,2.288054,-1.6001905,-16731116
61,43,62,63,"null","null","null",2,1.1262321,2.7384934,-1.3026797,0.30320084,-3.2226985,-16731116
64,42,65,74,"null","null","null",6,6.347759,1.8644031,-2.1905591,0.63668096,-3.5286393,-16731116
65,64,66,73,"null","null","null",5,6.215858,3.0686378,-1.3026797,0.6278831,-3.0229445,-16731116
66,65,67,72,"null","null","null",4,5.3319125,3.48903,-0.37199032,1.5287724,-2.3134408,-16731116
67,66,68,71,"null","null","null",3,3.3241808,3.1200044,-0.59051746,2.9140122,-1.6001905,-16731116
68,67,69,70,"null","null","null",2,0.79803175,2.3745215,-0.66423035,3.5997562,-0.41359985,-16731116
76,0,77,78,"null","null","null",2,5.638346,1.0880196,-2.1365566,0.6001816,-3.8261666,-16731116
