index,parent,child1,child2,name1,name2,common,richness,lengthbr,hxmax,hxmin,hymax,hymin,color
0,-268061528,1,64,"null","null","null",47,17.599998,3.325271,-0.9169636,0.34690213,-2.8343048,-12486656
1,0,2,63,"null","null","null",32,17.6,3.52864,-0.44105315,1.9450054,-2.1905634,-12486656
2,1,3,40,"null","null","null",31,17.6,3.0229492,-0.6278822,3.1734295,-1.1618898,-12486656
3,2,4,39,"null","null","null",19,17.6,2.3134441,-1.5047698,3.6252685,-0.3719881,-12486656
4,3,5,38,"null","null","null",18,17.6,1.6002007,-2.8828177,3.2971203,-0.590516,-12486656
5,4,6,25,"null","null","null",17,10.0,0.29948714,-3.5592148,2.604771,-1.0522618,-12486656
6,5,7,20,"null","null","null",10,10.0,0.5419725,-3.4099584,1.7062056,-2.543426,-12486656
7,6,8,17,"null","null","null",7,10.0,0.6896812,-2.745932,0.490516,-3.4364223,-12486656
8,7,9,16,"null","null","null",5,10.0,2.2792964,-2.0763726,0.4839716,-3.4921482,-11184866
9,8,10,15,"null","null","null",4,10.0,3.4068654,-1.0892128,0.6459118,-2.9070141,-11184866
10,9,11,14,"null","null","null",3,10.0,3.730091,-0.41856784,1.4250925,-2.238165,-11184866
11,10,12,13,"null","null","null",2,4.2,3.3284168,-0.6167593,2.5944912,-1.4052893,-11184866
17,7,18,19,"null","null","null",2,10.0,0.8449223,-3.5244944,2.3807096,-0.39556053,-16731116
20,6,21,24,"null","null","null",3,10.0,1.6917387,-2.7746062,3.1313152,-0.35960186,-8572416
21,20,22,23,"null","null","null",2,10.0,0.52729595,-3.524493,2.3807096,-0.665,-11513776
25,5,26,37,"null","null","null",7,10.0,2.3408237,-1.3259888,3.4931827,-0.76705533,-16731116
26,25,27,34,"null","null","null",6,10.0,1.6749514,-2.737469,3.1863859,-0.57549936,-16731116
27,26,28,33,"null","null","null",4,10.0,0.52729595,-3.4762154,2.4523013,-0.8164922,-16731116
28,27,29,32,"null","null","null",3,10.0,0.5235944,-3.37827,1.9384081,-2.3110232,-16731116
29,28,30,31,"null","null","null",2,10.0,0.6580918,-2.716227,0.86753273,-3.2399707,-12486656
34,26,35,36,"null","null","null",2,10.0,3.4248805,-0.27500236,2.4441402,-1.5045936,-16731116
40,2,41,62,"null","null","null",12,17.6,3.3844683,-1.0892141,0.33095467,-3.0087118,-12486656
41,40,42,55,"null","null","null",11,17.4,3.700976,-0.4185676,1.9146893,-2.3703713,-12486656
42,41,43,50,"null","null","null",7,17.4,3.2905679,-0.61675906,3.2309687,-1.226471,-12486656
43,42,44,47,"null","null","null",4,17.4,2.6331306,-0.8562327,3.8025513,-0.34807754,-12486656
44,43,45,46,"null","null","null",2,17.4,1.6917396,-2.126786,3.5885649,-0.57549936,-12486656
47,43,48,49,"null","null","null",2,17.4,3.795208,-0.7052629,0.55371547,-2.27918,-16731116
50,42,51,54,"null","null","null",3,17.4,3.3814647,-1.1971924,0.31716013,-2.9699798,-11184866
51,50,52,53,"null","null","null",2,17.4,3.795208,-0.39551544,0.6459124,-2.27918,-8572416
55,41,56,59,"null","null","null",4,17.4,1.7924002,-2.305416,0.60018545,-3.6229687,-16731116
56,55,57,58,"null","null","null",2,17.4,2.8755488,-1.1971924,0.63761246,-3.1081684,-16731116
59,55,60,61,"null","null","null",2,5.0,0.52348596,-3.7908032,2.0102348,-1.4433274,-12486656
64,0,65,88,"null","null","null",15,17.599998,0.59770155,-2.8537714,0.8857589,-3.4965987,-11184866
65,64,66,87,"Myosorex","null","null",12,17.4,2.1597228,-2.0763724,0.4839717,-3.570377,-11184866
66,65,67,78,"null","null","null",11,17.4,3.2514203,-0.88666254,0.64591175,-3.0087118,-11184866
67,66,68,73,"null","null","null",6,17.4,3.5280132,-0.4185676,1.865274,-2.3703713,-8572416
68,67,69,72,"null","null","null",3,17.4,3.0657163,-0.61675906,3.1667287,-1.4052919,-8572416
69,68,70,71,"null","null","null",2,17.4,2.3408237,-0.65809226,3.7190394,-0.34807754,-11184866
73,67,74,77,"null","null","null",3,17.4,1.7924002,-2.1365619,0.60018545,-3.6229687,-8572416
74,73,75,76,"null","null","null",2,17.4,2.8755488,-1.1971924,0.63761246,-3.1081684,-8572416
78,66,79,84,"null","null","null",5,17.4,0.35782748,-2.7521367,0.9025998,-3.4687874,-12486656
79,78,80,83,"null","null","null",3,17.4,1.7924002,-2.1365619,0.462883,-3.6229687,-16731116
80,79,81,82,"null","null","null",2,17.4,2.8755488,-1.1971924,0.63761246,-3.1081684,-16731116
84,78,85,86,"null","null","null",2,17.4,0.866508,-3.4392142,2.4199028,-0.38339403,-8572416
88,64,89,92,"null","null","null",3,17.599998,0.8449222,-3.7671332,2.4523,-0.3955606,-11184866
89,88,90,91,"Surdisorex","null","null",2,5.7,0.5235946,-3.7564623,1.9384077,-1.6186262,-11184866
