index,parent,child1,child2,name1,name2,common,richness,lengthbr,hxmax,hxmin,hymax,hymin,color
0,-268175329,1,152,"null","null","null",222,45.5,0.57550013,-3.3363733,1.6246564,-2.7787879,-16731116
1,0,2,87,"null","null","null",171,45.3,0.94447416,-2.6472855,0.47731072,-3.5299242,-16731116
2,1,3,72,"null","null","null",138,45.3,2.4773958,-1.8475455,0.52359545,-3.4480872,-16731116
3,2,4,59,"null","null","null",130,45.3,3.4562492,-0.6457105,0.6580921,-2.806989,-16731116
4,3,5,36,"null","null","null",123,45.3,3.606664,-0.46288425,2.1019034,-2.2078729,-16731116
5,4,6,-268170240,"null","null","null",111,45.3,3.0869699,-0.637613,3.2778964,-1.003265,-16731116
6,5,7,9,"null","null","null",85,21.8,2.43127,-1.66522,3.660562,-0.39551717,-16731116
7,6,-268171264,8,"null","null","null",71,18.9,1.5045848,-3.0006738,3.2876096,-0.6042883,-16731116
9,6,10,35,"Capromyidae","null","Hutias",14,19.7,3.6128302,-0.63668215,1.9801625,-2.1905596,-11184866
10,9,11,34,"null","null","null",13,19.7,3.1323936,-0.62788296,3.2191267,-1.3026809,-11184866
11,10,12,27,"null","null","null",12,18.0,2.4557242,-1.6418905,3.6846669,-0.37198997,-11184866
12,11,13,20,"null","null","null",8,14.4,1.4333838,-3.0610669,3.3743334,-0.5905173,-11184866
13,12,14,17,"null","null","null",4,8.9,0.29948944,-3.7909288,2.7051492,-0.66423035,-8572416
14,13,15,16,"null","null","null",2,8.9,0.5419743,-3.711179,1.8611686,-1.7914356,-11184866
17,13,18,19,"null","null","null",2,8.9,2.3408213,-0.42902362,3.719045,-0.76705235,-3014646
20,12,21,24,"null","null","null",4,8.9,3.0657125,-0.28912854,3.1667411,-1.2878737,-12486656
21,20,22,23,"Geocapromys","null","null",2,3.4,2.3408213,-0.6580918,3.719045,-0.34807998,-11184866
24,20,25,26,"Capromys","null","null",2,3.4,2.8755636,-1.1971806,0.31716153,-3.1081548,-16731116
27,11,28,33,"null","null","null",4,9.6,3.5280137,-0.67175364,1.8652903,-2.2381618,-8572416
28,27,29,32,"null","null","null",3,9.6,3.0657125,-0.6167602,3.1667411,-1.4052815,-8572416
29,28,30,31,"null","null","null",2,9.6,2.3408213,-0.6580918,3.719045,-0.34807998,-8572416
36,4,37,58,"null","null","null",12,45.300003,2.2960765,-2.01023,0.52348334,-3.571342,-16731116
37,36,38,57,"Hystricidae","null","Old World Porcupines",11,18.1,3.325275,-0.979175,0.6527476,-2.9853218,-16731116
38,37,39,54,"null","null","null",10,18.1,3.5286393,-0.44105458,1.864401,-2.3868887,-16731116
39,38,40,49,"Hystrix","null","null",8,12.8,3.0229454,-0.62788296,3.0686367,-1.1166822,-16731116
40,39,41,48,"null","null","null",5,12.8,2.3134418,-1.6418905,3.4890296,-0.37198997,-16731116
41,40,42,47,"null","null","null",4,12.8,1.6001918,-3.0610669,3.1200051,-0.5905173,-16731116
42,41,43,46,"null","null","null",3,12.8,0.4136008,-3.7909288,2.3745222,-0.66423035,-16731116
43,42,44,45,"null","null","null",2,12.8,0.5419743,-3.711179,1.8611686,-1.7914356,-16731116
49,39,50,53,"null","null","null",3,12.8,3.4735088,-1.0892045,0.33095574,-2.9070091,-16731116
50,49,51,52,"null","null","null",2,12.8,3.81672,-0.41856956,0.73106325,-2.2381618,-12486656
54,38,55,56,"Atherurus","null","null",2,16.1,1.2662363,-2.0763676,0.56239974,-3.8140664,-16731116
59,3,60,71,"","null","Chinchillas, Viscachas and more",7,45.3,0.82173336,-2.56075,0.8665067,-3.4732876,-11184866
60,59,61,70,"Chinchillidae","null","null",6,15.9,2.3869984,-2.01023,0.50423664,-3.455171,-12486656
61,60,62,67,"null","null","null",5,14.1,3.4434733,-0.7274705,0.6527476,-2.8342993,-11184866
62,61,63,66,"Lagidium","null","null",3,9.6,3.6822972,-0.44105458,1.610443,-2.1905596,-16731116
63,62,64,65,"null","null","null",2,9.6,3.2227004,-0.62788296,2.7384913,-1.3026809,-16731116
67,61,68,69,"Chinchilla","null","Chinchillas",2,6.1,0.37080073,-2.5711837,0.8857578,-3.3442564,-3014646
72,2,73,84,"null","null","null",8,45.3,0.401482,-3.2712274,1.79486,-2.6534698,-16731116
73,72,74,83,"","most","Chinchilla Rats",6,45.3,0.8876209,-2.56075,0.6411348,-3.4732876,-16731116
74,73,75,82,"null","null","null",5,14.3,2.4726522,-2.01023,0.50423664,-3.455171,-16731116
75,74,76,79,"null","null","null",4,14.3,3.5548232,-0.7274705,0.6527476,-2.8342993,-16731116
76,75,77,78,"null","null","null",2,14.3,3.827052,-0.44105458,0.90939033,-2.1905596,-16731116
79,75,80,81,"null","null","null",2,14.3,0.37080073,-2.5711837,0.8857578,-3.3442564,-11513776
84,72,85,86,"","null","Capybaras",2,6.1,1.600195,-2.288046,3.511704,-0.31738296,-16731116
87,1,88,149,"","null","Agoutis, Porcupines and more",33,45.3,0.7950963,-3.4835274,2.673551,-1.2503585,-16731116
88,87,89,146,"null","null","null",31,45.3,0.5592979,-3.2401528,1.79486,-2.7222097,-16731116
89,88,90,145,"null","null","null",29,45.3,0.82467306,-2.5203533,0.6411348,-3.5626497,-16731116
90,89,91,120,"null","null","null",28,45.3,2.39082,-1.9577141,0.50423664,-3.571342,-16731116
91,90,92,117,"null","null","null",15,45.3,3.4484415,-0.7274705,0.6527476,-2.9853218,-16731116
92,91,93,114,"Dasyproctidae","null","null",13,19.6,3.688756,-0.44105458,1.864401,-2.3868887,-12486656
93,92,94,111,"Dasyprocta","null","Agouti",11,9.8,3.2310967,-0.62788296,3.0686367,-1.1514481,-12486656
94,93,95,108,"null","null","null",9,9.8,2.5840383,-1.4436002,3.4890296,-0.37198997,-12486656
95,94,96,103,"null","null","null",7,9.8,1.4333838,-2.8032897,3.1200051,-0.5905173,-12486656
96,95,97,102,"null","null","null",4,9.8,0.4136008,-3.4558184,2.3745222,-0.9977391,-12486656
97,96,98,101,"null","null","null",3,9.8,0.5419743,-3.2755356,1.8611686,-2.4725387,-16731116
98,97,99,100,"null","null","null",2,9.8,0.6619249,-2.571182,0.7546941,-3.3442578,-16731116
103,95,104,107,"null","null","null",3,9.8,3.0657125,-0.28912854,3.1667411,-1.4052815,-12486656
104,103,105,106,"null","null","null",2,9.8,2.3408213,-0.6580918,3.719045,-0.34807998,-16731116
108,94,109,110,"null","null","null",2,9.8,3.81672,-0.67175364,0.73106325,-2.2381618,-12486656
111,93,112,113,"null","null","null",2,9.8,3.005169,-1.0892045,0.33095574,-2.9852326,-11513776
114,92,115,116,"Myoprocta","null","null",2,5.8,1.2662363,-2.0763676,0.56239974,-3.8140664,-16731116
117,91,118,119,"Thryonomyidae","null","null",2,6.1,0.37080073,-2.5711837,0.8857578,-3.3442564,-16731116
120,90,121,136,"","some","Porupines",13,12.5,0.44286472,-3.3444924,1.7306724,-2.5434349,-16731116
121,120,122,135,"null","null","null",8,12.5,0.6896912,-2.6608262,0.7546954,-3.4364257,-16731116
122,121,123,134,"Sphiggurus","null","Dwarf Porcupines",7,12.3,2.279305,-2.0763676,0.48397315,-3.492146,-16731116
123,122,124,129,"null","null","null",6,12.3,3.406869,-0.886652,0.64591235,-2.9070091,-16731116
124,123,125,128,"null","null","null",3,12.3,3.7300882,-0.41856956,1.4251064,-2.2381618,-16731116
125,124,126,127,"null","null","null",2,4.8,3.3284092,-0.6167602,2.5945022,-1.4052815,-16731116
129,123,130,133,"null","null","null",3,12.3,0.3578286,-2.7521284,0.9025985,-3.6251001,-16731116
130,129,131,132,"null","null","null",2,4.8,1.0880204,-2.1365561,0.46288502,-3.8261666,-16731116
136,120,137,144,"null","null","null",5,12.5,1.691732,-2.7374744,3.186379,-0.3595987,-16731116
137,136,138,143,"Coendou","null","null",4,1.4,0.5272873,-3.4762137,2.4522927,-0.8165059,-16731116
138,137,139,142,"null","null","null",3,1.4,0.5235958,-3.378262,1.9384025,-2.3110356,-16731116
139,138,140,141,"null","null","null",2,1.4,0.65809214,-2.716216,0.86752415,-3.2399788,-16731116
146,88,147,148,"Cuniculidae","null","null",2,5.0,1.600195,-2.288046,3.511704,-0.31738296,-16731116
149,87,150,151,"Dolichotis","null","null",2,23.9,2.3134425,-0.43901807,3.762608,-0.737069,-16731116
152,0,153,207,"Ctenomyidae","null","Tuco-tuco",51,9.6,1.5045881,-3.0061488,3.3117268,-0.275,-12486656
153,152,154,182,"null","null","null",50,9.6,0.32387993,-3.6143308,2.638911,-1.2118219,-12486656
154,153,155,159,"null","null","null",37,9.6,0.5592977,-3.4101982,1.7338085,-2.6721134,-12486656
155,154,-268172288,156,"null","null","null",25,9.6,0.8246709,-2.7414122,0.41482198,-3.4975264,-16731116
156,155,157,158,"null","null","null",2,9.6,0.8210864,-3.5997522,2.3745222,-0.40725175,-16731116
159,154,160,171,"null","null","null",12,9.6,1.4333887,-2.8440874,3.374335,-0.31738362,-12486656
160,159,161,168,"null","null","null",6,9.6,0.29948828,-3.5088606,2.7051506,-1.1987958,-11184866
161,160,162,167,"null","null","null",4,9.6,0.5419733,-3.3444946,1.861173,-2.7339165,-16731116
162,161,163,166,"null","null","null",3,9.6,0.6619247,-2.660829,0.7546987,-3.684055,-16731116
163,162,164,165,"null","null","null",2,4.4,1.2662308,-2.0763695,0.48397252,-3.8140671,-11513776
168,160,169,170,"null","null","null",2,9.6,2.3408225,-0.42902306,3.7190418,-0.76705396,-8572416
171,159,172,177,"null","null","null",6,9.6,3.0657148,-0.28912786,3.2309718,-1.2264661,-16731116
172,171,173,176,"null","null","null",3,9.6,2.3408225,-0.8562415,3.8025506,-0.34807864,-16731116
173,172,174,175,"null","null","null",2,9.6,1.6917354,-2.1267936,3.5885613,-0.5755001,-16731116
177,171,178,181,"null","null","null",3,7.0,3.381469,-1.1971877,0.31716076,-2.969977,-16731116
178,177,179,180,"null","null","null",2,7.0,3.7952094,-0.3955165,0.6459121,-2.2791781,-16731116
182,153,183,204,"null","null","null",13,9.6,2.5840406,-1.4749794,3.6846662,-0.7370695,-12486656
183,182,184,195,"null","null","null",11,9.6,1.4333893,-2.844087,3.3743353,-0.59051657,-12486656
184,183,185,192,"null","null","null",6,9.6,0.29948807,-3.5088606,2.7051506,-1.1987958,-12486656
185,184,186,191,"null","null","null",4,9.6,0.5419733,-3.3444946,1.861173,-2.7339165,-11184866
186,185,187,190,"null","null","null",3,9.6,0.6619247,-2.660829,0.7546987,-3.684055,-11184866
187,186,188,189,"null","null","null",2,4.4,1.2662308,-2.0763695,0.48397252,-3.8140671,-8572416
192,184,193,194,"null","null","null",2,4.4,2.3408225,-0.42902306,3.7190418,-0.76705396,-16731116
195,183,196,201,"null","null","null",5,9.6,3.0657148,-0.28912774,3.2309718,-1.287883,-12486656
196,195,197,200,"null","null","null",3,9.6,2.3408227,-0.8562393,3.8025513,-0.34807846,-16731116
197,196,198,199,"null","null","null",2,9.6,1.691736,-2.1267915,3.5885625,-0.57549995,-16731116
201,195,202,203,"null","null","null",2,9.6,2.8755538,-1.1971884,0.31716064,-3.1081638,-12486656
204,182,205,206,"null","null","null",2,9.6,3.8167193,-0.6717553,0.7310526,-2.2381642,-16731116
