index,parent,child1,child2,name1,name2,common,richness,lengthbr,hxmax,hxmin,hymax,hymin,color
0,-268061626,1,157,"null","null","null",168,61.5,2.393856,-1.6470263,3.6791127,-0.39551586,-16731116
1,0,2,126,"null","null","null",163,61.399998,1.3808208,-2.9770277,3.3117285,-0.60428745,-16731116
2,1,3,93,"null","null","null",147,47.5,0.323879,-3.5764775,2.6389124,-1.2118179,-16731116
3,2,4,88,"Hipposideridae","null","Old World Leaf-nosed Bats",74,41.1,0.5592972,-3.3609912,1.6207758,-2.6721106,-16731116
4,3,5,79,"null","null","null",71,41.0,0.8142967,-2.6774433,0.41482425,-3.4975257,-16731116
5,4,6,78,"null","null","null",66,40.8,2.3773339,-2.010233,0.50423574,-3.4866846,-16731116
6,5,7,77,"null","null","null",65,38.4,3.4309142,-0.9791801,0.6527473,-2.875268,-16731116
7,6,8,50,"null","null","null",64,32.8,3.6659746,-0.44105357,1.970377,-2.2438169,-16731116
8,7,9,45,"null","null","null",50,32.8,3.2014828,-0.6278824,3.2064102,-1.1166872,-16731116
9,8,10,40,"null","null","null",47,32.8,2.5455387,-1.4749801,3.66814,-0.37198886,-16731116
10,9,11,33,"null","null","null",44,32.8,1.4333884,-2.8440876,3.3528512,-0.59051657,-16731116
11,10,12,18,"null","null","null",40,32.8,0.39173782,-3.5088606,2.6772215,-1.0751519,-16731116
12,11,-268048384,13,"null","null","null",32,32.8,0.5419735,-3.3444939,1.7062011,-2.5731788,-16731116
13,12,14,17,"null","null","null",3,32.8,1.691733,-2.7746155,3.1313152,-0.35959953,-11184866
14,13,15,16,"null","null","null",2,32.8,0.52728754,-3.5244987,2.3807101,-0.665,-11184866
18,11,19,30,"null","null","null",8,32.8,2.633128,-1.3259974,3.6562028,-0.7670537,-16731116
19,18,20,29,"null","null","null",6,32.8,1.691733,-2.7374747,3.3983078,-0.57550037,-16731116
20,19,21,26,"null","null","null",5,32.8,0.33849102,-3.4762154,2.7278004,-0.81650406,-16731116
21,20,22,25,"null","null","null",3,32.8,0.52359575,-3.3782644,1.9384029,-2.3110337,-16731116
22,21,23,24,"null","null","null",2,6.0,0.65809214,-2.716219,0.8675264,-3.239977,-16731116
26,20,27,28,"null","null","null",2,32.8,2.361209,-0.4184206,3.6646872,-0.7950959,-16731116
30,18,31,32,"null","null","null",2,32.8,3.7952101,-0.7052609,0.5537288,-2.2791777,-16731116
33,10,34,37,"null","null","null",4,32.8,3.0657144,-0.2891279,3.166736,-1.28788,-16731116
34,33,35,36,"null","null","null",2,6.0,2.3408225,-0.658092,3.7190428,-0.34807888,-16731116
37,33,38,39,"null","null","null",2,32.8,2.875558,-1.1971854,0.3171609,-3.10816,-16731116
40,9,41,44,"null","null","null",3,32.8,3.7300901,-0.6717552,1.425098,-2.238164,-16731116
41,40,42,43,"null","null","null",2,32.8,3.328414,-0.61675966,2.5944955,-1.4052861,-12486656
45,8,46,49,"null","null","null",3,32.8,3.4735045,-1.0892096,0.33095512,-2.9070122,-16731116
46,45,47,48,"null","null","null",2,32.8,3.816719,-0.41856855,0.7310552,-2.238164,-12486656
50,7,51,74,"null","null","null",14,32.8,2.1597278,-2.216561,0.56240153,-3.4921474,-16731116
51,50,52,67,"null","null","null",12,32.8,3.2514234,-0.8866574,0.645912,-2.9070122,-12486656
52,51,53,66,"null","null","null",8,32.8,3.5280132,-0.41856855,1.731637,-2.238164,-12486656
53,52,54,65,"null","null","null",7,32.8,3.0657144,-0.61675966,2.992996,-1.4052861,-12486656
54,53,55,64,"null","null","null",6,32.8,2.3408225,-1.4981391,3.4931808,-0.34807888,-12486656
55,54,56,61,"null","null","null",5,32.8,1.6749423,-2.9612591,3.1863794,-0.57550037,-12486656
56,55,57,60,"null","null","null",3,32.8,0.52728754,-3.7671354,2.4522934,-0.665,-11184866
57,56,58,59,"null","null","null",2,6.0,0.52359575,-3.7564604,1.9384029,-1.6186361,-11184866
61,55,62,63,"null","null","null",2,6.0,3.4248729,-0.2750002,2.4441528,-1.504586,-16731116
67,51,68,71,"null","null","null",4,32.8,0.35782802,-2.7521324,0.9025992,-3.6250968,-12486656
68,67,69,70,"null","null","null",2,32.8,1.0880123,-2.1365585,0.462884,-3.8261666,-16731116
71,67,72,73,"null","null","null",2,6.0,0.86650693,-3.4392195,2.4198937,-0.38339463,-12486656
74,50,75,76,"null","null","null",2,32.8,0.48358673,-3.756461,1.9384048,-1.6186329,-16731116
79,4,80,87,"null","null","null",5,16.2,0.8210871,-3.455819,2.3745227,-0.9977267,-16731116
80,79,81,84,"Triaenops","null","null",4,13.7,0.541973,-3.2755415,1.9094243,-2.472528,-16731116
81,80,82,83,"null","null","null",2,6.7,0.6619247,-2.5711904,0.7547004,-3.3442519,-12486656
84,80,85,86,"null","null","null",2,6.7,1.691736,-2.1267915,3.5885625,-0.3596006,-16731116
88,3,89,92,"null","null","null",3,11.0,1.6001993,-2.9139996,3.120006,-0.3173849,-12486656
89,88,90,91,"Coelops","null","null",2,6.7,0.41361105,-3.5997496,2.3745227,-0.66423047,-12486656
93,2,94,123,"Rhinolophidae","null","Horseshoe Bats",73,19.6,2.5840425,-1.504771,3.6846654,-0.7370704,-16731116
94,93,95,120,"null","null","null",71,19.6,1.5501496,-2.8828187,3.3743362,-0.5905161,-16731116
95,94,96,117,"null","null","null",69,19.5,0.29948735,-3.5592155,2.7051516,-1.052264,-16731116
96,95,97,116,"null","null","null",67,19.3,0.54197276,-3.4099584,1.8611755,-2.5434277,-16731116
97,96,98,113,"null","null","null",66,15.1,0.66192466,-2.745932,0.49051493,-3.436423,-16731116
98,97,99,-268047360,"null","null","null",64,4.0,2.2184336,-2.06593,0.4839719,-3.4921477,-16731116
99,98,-268049408,100,"null","null","null",42,4.0,3.3277423,-0.94438666,0.6459119,-2.9070134,-16731116
100,99,101,108,"null","null","null",7,4.0,0.3578278,-2.8820205,0.90259945,-3.4687867,-12486656
101,100,102,105,"null","null","null",4,1.4,1.7924087,-2.3054123,0.4628837,-3.6229649,-12486656
102,101,103,104,"null","null","null",2,0.7,2.8755558,-1.1971871,0.63761276,-3.108162,-12486656
105,101,106,107,"null","null","null",2,0.7,0.52348435,-3.7908013,2.0102317,-1.4433361,-12486656
108,100,109,112,"null","null","null",3,4.0,0.8665073,-3.731463,2.5607526,-0.38339445,-12486656
109,108,110,111,"null","null","null",2,0.7,0.5042361,-3.7908013,2.0102317,-1.4433361,-12486656
113,97,114,115,"null","null","null",2,2.8,0.84492207,-3.5244956,2.3807096,-0.3955607,-12486656
117,95,118,119,"null","null","null",2,4.8,2.3408232,-0.42902276,3.7190404,-0.7670549,-16731116
120,94,121,122,"null","null","null",2,14.4,3.3284197,-0.28912732,2.594488,-1.4052911,-16777216
123,93,124,125,"null","null","null",2,19.6,3.816719,-0.6717563,0.73104715,-2.2381654,-16731116
126,1,127,154,"Nycteridae","null","Slit-faced Bats",16,12.3,3.1323996,-0.30319944,3.2191193,-1.1514597,-16731116
127,126,128,147,"null","null","null",14,12.3,2.4557292,-1.4435894,3.6846652,-0.3719881,-16731116
128,127,129,138,"null","null","null",10,11.7,1.4333931,-2.8032832,3.3743362,-0.590516,-16731116
129,128,130,135,"null","null","null",5,11.5,0.29948714,-3.4558198,2.7051516,-0.9977215,-16731116
130,129,131,134,"null","null","null",3,7.5,0.5419725,-3.275545,1.8611767,-2.4725237,-16731116
131,130,132,133,"null","null","null",2,7.5,0.6619246,-2.571195,0.75470394,-3.3442492,-16731116
135,129,136,137,"null","null","null",2,4.7,2.3408237,-0.4290226,3.7190394,-0.76705533,-16731116
138,128,139,144,"null","null","null",5,11.7,3.0657163,-0.2891272,3.2309687,-1.2878882,-16731116
139,138,140,143,"null","null","null",3,8.3,2.3408237,-0.8562327,3.8025513,-0.34807754,-16731116
140,139,141,142,"null","null","null",2,4.7,1.6917396,-2.126786,3.5885649,-0.57549936,-16731116
144,138,145,146,"null","null","null",2,5.2,2.8755488,-1.1971924,0.31716013,-3.1081684,-16731116
147,127,148,153,"null","null","null",4,12.2,3.5280132,-0.6717566,1.865274,-2.2381659,-16731116
148,147,149,152,"null","null","null",3,12.2,3.0657163,-0.61675906,3.1667287,-1.4052919,-16731116
149,148,150,151,"null","null","null",2,12.2,2.3408237,-0.65809226,3.7190394,-0.34807754,-16731116
154,126,155,156,"null","null","null",2,6.6,3.0051577,-1.0892141,0.33095467,-2.9852443,-12486656
157,0,158,163,"Megadermatidae","null","null",5,26.2,3.52864,-0.6366844,2.0262702,-2.3868947,-16731116
158,157,159,162,"null","null","null",3,26.2,3.0229492,-0.6278822,3.2790737,-1.3026892,-16731116
159,158,160,161,"Megaderma","null","null",2,9.3,2.3134441,-0.6527477,3.7626061,-0.3719881,-16731116
163,157,164,165,"null","null","null",2,26.2,1.2662215,-2.0763724,0.5624025,-3.8140683,-16731116
