index,parent,child1,child2,name1,name2,common,richness,lengthbr,hxmax,hxmin,hymax,hymin,color
0,-268050420,1,56,"null","null","null",29,32.8,0.6619248,-2.660828,0.7546976,-3.475095,-16731116
1,0,2,55,"null","null","null",28,32.6,2.2184389,-2.076369,0.48397276,-3.542418,-16731116
2,1,3,52,"null","null","null",27,32.6,3.327745,-0.87069386,0.64591223,-2.9723635,-16731116
3,2,4,45,"null","null","null",25,32.6,3.6272292,-0.41856912,1.8281031,-2.3231215,-16731116
4,3,5,28,"null","null","null",21,32.6,3.1946938,-0.61675996,3.1183996,-1.3110101,-16731116
5,4,6,19,"null","null","null",12,32.6,2.5084963,-1.3385744,3.6562033,-0.3480795,-16731116
6,5,7,18,"null","null","null",7,32.6,1.6917307,-2.7538228,3.3983073,-0.5755007,-16731116
7,6,8,15,"null","null","null",6,32.6,0.33848894,-3.4974651,2.7277994,-1.0443909,-16731116
8,7,9,14,"null","null","null",4,12.7,0.5235962,-3.4058871,1.9384009,-2.6072845,-16731116
9,8,10,13,"null","null","null",3,12.7,0.65809226,-2.752128,0.86752254,-3.6251001,-16731116
10,9,11,12,"null","null","null",2,12.7,1.0880215,-2.1365557,0.46288514,-3.8261662,-12486656
15,7,16,17,"null","null","null",2,6.3,2.3612084,-0.4184209,3.6646876,-0.7950952,-16731116
19,5,20,25,"null","null","null",5,32.6,3.5147924,-0.70526004,1.6992306,-2.5264797,-16731116
20,19,21,24,"null","null","null",3,10.0,3.0981088,-0.6042883,3.0448873,-1.504585,-16731116
21,20,22,23,"null","null","null",2,10.0,2.3612084,-0.6619246,3.6646876,-0.32388073,-16731116
25,19,26,27,"null","null","null",2,32.6,0.90938765,-2.1905606,0.63668215,-3.827052,-16731116
28,4,29,42,"null","null","null",9,20.099998,3.1657658,-1.0122063,0.31716126,-3.160208,-16731116
29,28,30,39,"null","null","null",7,17.5,3.5147924,-0.39551717,1.7809232,-2.5264797,-16731116
30,29,31,36,"null","null","null",5,14.5,3.0981088,-0.6042883,3.1510878,-1.4209492,-16731116
31,30,32,35,"null","null","null",3,14.5,2.3612084,-0.6648486,3.8027482,-0.32388073,-11513776
32,31,33,34,"null","null","null",2,6.3,1.778838,-1.9610449,3.655138,-0.5592984,-11513776
36,30,37,38,"null","null","null",2,6.3,2.7384892,-1.3026826,0.30320042,-3.222702,-16731116
39,29,40,41,"null","null","null",2,6.3,0.90938765,-2.1905606,0.63668215,-3.827052,-16731116
42,28,43,44,"Asellia","null","null",2,6.2,0.34452915,-2.8544173,0.9791769,-3.126798,-16731116
45,3,46,51,"null","null","null",4,32.6,2.1815767,-2.136558,0.6001827,-3.5166678,-12486656
46,45,47,50,"null","null","null",3,10.0,3.3814716,-1.1971848,0.637613,-2.969975,-12486656
47,46,48,49,"null","null","null",2,10.0,3.79521,-0.39551717,0.6459119,-2.2791767,-12486656
52,2,53,54,"null","null","null",2,6.3,0.35782835,-2.716219,0.90259886,-3.239977,-12486656
