index,parent,child1,child2,name1,name2,common,richness,lengthbr,hxmax,hxmin,hymax,hymin,color
0,-268396402,1,205,"null","null","null",135,38.27646,0.32388112,-3.6204545,2.5519586,-1.2190323,-12486656
1,0,2,133,"null","null","null",130,32.1,0.55929863,-3.4181552,1.7242546,-2.6814826,-12486656
2,1,3,106,"null","null","null",66,27.629576,0.7901181,-2.7517564,0.5617643,-3.5096998,-11184866
3,2,4,85,"null","null","null",52,26.057323,2.345897,-1.9945794,0.5042372,-3.5025048,-8572416
4,3,5,50,"","null","Spikethumb Frogs",41,24.489946,3.3900387,-0.81523705,0.65274775,-2.8958325,-8572416
5,4,6,45,"null","null","null",23,20.677689,3.61283,-0.44105512,1.993161,-2.270554,-8572416
6,5,7,40,"null","null","null",20,20.677689,3.132392,-0.6278832,3.236022,-1.1166797,-8572416
7,6,8,33,"null","null","null",17,20.677689,2.4557228,-1.5047891,3.7066278,-0.37199056,-8572416
8,7,9,26,"null","null","null",13,20.677689,1.4333814,-2.882833,3.4028811,-0.59051764,-8572416
9,8,10,21,"null","null","null",9,20.677689,0.29949006,-3.559222,2.7422612,-1.1988084,-8572416
10,9,11,18,"null","null","null",6,20.677689,0.5419747,-3.4099584,1.9094133,-2.7339268,-11184866
11,10,12,15,"null","null","null",4,20.677689,0.66192496,-2.7459316,0.49050635,-3.6840599,-8572416
12,11,13,14,"null","null","null",2,20.677689,1.2662454,-2.0763643,0.48397422,-3.814066,-8572416
15,11,16,17,"null","null","null",2,20.677689,0.84491944,-3.5245032,2.3807092,-0.39556205,-8572416
18,10,19,20,"null","null","null",2,20.677689,1.6917281,-2.1268067,3.5885556,-0.35959655,-12486656
21,9,22,25,"null","null","null",3,20.677689,2.3408208,-0.85625637,3.8025498,-0.7670516,-3014646
22,21,23,24,"null","null","null",2,20.677689,1.6917281,-2.1268067,3.5885556,-0.5755012,-3014646
26,8,27,32,"null","null","null",4,20.677689,3.065712,-0.2891289,3.2309766,-1.4052806,-3014646
27,26,28,31,"null","null","null",3,20.677689,2.3408208,-0.85625637,3.8025498,-0.34808022,-3014646
28,27,29,30,"null","null","null",2,20.677689,1.6917281,-2.1268067,3.5885556,-0.5755012,-3014646
33,7,34,39,"null","null","null",4,20.677689,3.5280137,-0.67175275,1.8652921,-2.238161,-8572416
34,33,35,38,"null","null","null",3,20.677689,3.065712,-0.6167603,3.1667423,-1.4052806,-8572416
35,34,36,37,"null","null","null",2,20.677689,2.3408208,-0.6580918,3.7190452,-0.34808022,-8572416
40,6,41,44,"null","null","null",3,20.677689,3.4735096,-1.0892038,0.3309561,-2.9070082,-8572416
41,40,42,43,"null","null","null",2,20.677689,3.8167202,-0.4185698,0.73106515,-2.238161,-3014646
45,5,46,49,"null","null","null",3,20.677689,1.9703064,-2.076367,0.5623988,-3.5523171,-8572416
46,45,47,48,"null","null","null",2,20.677689,3.0051699,-1.0892038,0.6459124,-2.9852314,-8572416
50,4,51,76,"null","null","null",18,19.061176,0.67644143,-2.768663,0.8857573,-3.475096,-8572416
51,50,52,73,"null","null","null",13,19.061176,2.2620795,-2.216556,0.48397338,-3.5424166,-8572416
52,51,53,70,"null","null","null",11,19.061176,3.3844748,-0.8706895,0.6459124,-2.9723606,-8572416
53,52,54,63,"null","null","null",9,19.061176,3.700975,-0.4185698,1.9147029,-2.3231192,-8572416
54,53,55,62,"null","null","null",5,19.061176,3.2905617,-0.6167603,3.2309766,-1.4052806,-8572416
55,54,56,59,"null","null","null",4,19.061176,2.6331253,-0.85625637,3.8025498,-0.34808022,-8572416
56,55,57,58,"null","null","null",2,19.061176,1.6917281,-2.1268067,3.5885556,-0.5755012,-3014646
59,55,60,61,"null","null","null",2,19.061176,3.795211,-0.705259,0.5537361,-2.2791758,-8572416
63,53,64,69,"null","null","null",4,19.061176,2.1815815,-2.1365566,0.6001816,-3.5166674,-8572416
64,63,65,68,"null","null","null",3,19.061176,3.381475,-1.1971815,0.6376133,-2.9699733,-8572416
65,64,66,67,"null","null","null",2,19.061176,3.795211,-0.3955179,0.64591163,-2.2791758,-3014646
70,52,71,72,"null","null","null",2,19.061176,0.35782874,-2.7162147,0.90259826,-3.23998,-3014646
73,51,74,75,"null","null","null",2,19.061176,0.48358452,-3.7564592,1.9384005,-1.6186413,-3014646
76,50,77,82,"null","null","null",5,19.061176,0.8449204,-3.476215,2.7277997,-0.81650966,-8572416
77,76,78,81,"null","null","null",3,19.061176,0.52359635,-3.3782616,1.9384005,-2.3110387,-8572416
78,77,79,80,"null","null","null",2,19.061176,0.65809226,-2.7162147,0.8675231,-3.23998,-8572416
82,76,83,84,"null","null","null",2,19.061176,2.3612084,-0.41842097,3.6646888,-0.7950951,-8572416
85,3,86,103,"null","null","null",11,15.813435,0.44286364,-3.427444,1.9094158,-2.6213453,-11184866
86,85,87,100,"null","null","null",9,15.813435,0.6896925,-2.768663,0.49050963,-3.5377066,-11184866
87,86,88,97,"null","null","null",7,15.813435,2.279306,-2.216556,0.48397338,-3.6238103,-11184866
88,87,89,96,"null","null","null",5,15.813435,3.4068692,-1.0892038,0.6459124,-3.0781724,-12486656
89,88,90,93,"null","null","null",4,15.813435,3.7300878,-0.4185698,1.4251086,-2.4606745,-12486656
90,89,91,92,"null","null","null",2,15.813435,3.3284082,-0.6167603,2.5945039,-1.4052806,-12486656
93,89,94,95,"null","null","null",2,15.813435,1.0880196,-2.1365566,0.6001816,-3.8261666,-11184866
97,87,98,99,"null","null","null",2,15.813435,0.48358452,-3.7564592,1.9384005,-1.6186413,-8572416
100,86,101,102,"null","null","null",2,15.813435,0.8449204,-3.5245008,2.3807096,-0.39556158,-8572416
103,85,104,105,"null","null","null",2,15.813435,1.691729,-2.1268048,3.5885563,-0.35959762,-16731116
106,2,107,130,"null","null","null",14,17.40383,0.82108533,-3.6230302,2.7051492,-1.0522765,-16731116
107,106,108,127,"","null","Chorus Frogs",12,16.387249,0.5419743,-3.4929109,1.9094158,-2.5434372,-16731116
108,107,109,120,"null","null","null",10,16.387249,0.6896925,-2.8537698,0.6447718,-3.4364262,-16731116
109,108,110,119,"null","null","null",6,11.816142,2.279306,-2.076367,0.48397338,-3.4921455,-16731116
110,109,111,116,"null","null","null",5,11.816142,3.4068692,-0.8706895,0.6459124,-2.9070082,-16731116
111,110,112,115,"null","null","null",3,11.816142,3.7300878,-0.4185698,1.4251086,-2.238161,-16731116
112,111,113,114,"null","null","null",2,11.816142,3.3284082,-0.6167603,2.5945039,-1.4052806,-16731116
116,110,117,118,"null","null","null",2,11.816142,0.35782874,-2.7162147,0.90259826,-3.23998,-16731116
120,108,121,124,"null","null","null",4,16.387249,0.8449204,-3.767136,2.7277997,-0.39556158,-16731116
121,120,122,123,"null","null","null",2,4.571108,0.52359635,-3.7564592,1.9384005,-1.6186413,-16731116
124,120,125,126,"null","null","null",2,4.571108,2.3612084,-0.41842097,3.6646888,-0.7950951,-16731116
127,107,128,129,"null","null","null",2,4.571108,1.691729,-2.1268048,3.5885563,-0.35959762,-16731116
130,106,131,132,"","null","Cricket Frogs",2,4.571108,2.3408213,-0.42902362,3.719045,-0.76705235,-16731116
133,1,134,198,"null","null","null",64,18.499998,1.4333824,-2.873063,3.352849,-0.31738126,-12486656
134,133,135,-268393472,"null","null","null",60,18.212912,0.37428832,-3.5465224,2.6772194,-1.112208,-16731116
135,134,136,177,"null","null","null",32,15.416666,0.54197454,-3.3934495,1.8248591,-2.6213472,-16731116
136,135,137,170,"null","null","null",21,13.542978,0.66192496,-2.7244701,0.5223193,-3.5377076,-16731116
137,136,138,165,"null","null","null",17,12.60301,2.1597397,-2.0484648,0.483974,-3.6238089,-16731116
138,137,139,160,"null","null","null",14,11.739345,3.25143,-0.8866478,0.64591265,-3.0781698,-16731116
139,138,140,157,"null","null","null",11,10.666581,3.5280137,-0.41857052,1.828113,-2.4606724,-16731116
140,139,141,154,"null","null","null",9,10.666581,3.0657108,-0.6167606,3.1184065,-1.2878692,-16731116
141,140,142,153,"null","null","null",7,10.666581,2.3408198,-1.3260071,3.6562057,-0.34808096,-12486656
142,141,143,152,"null","null","null",6,10.666581,1.6917254,-2.73748,3.3983064,-0.5755017,-12486656
143,142,144,149,"null","null","null",5,10.666581,0.33848423,-3.476213,2.7277985,-0.8165206,-12486656
144,143,145,148,"null","null","null",3,10.666581,0.52359736,-3.3782544,1.9383965,-2.311049,-12486656
145,144,146,147,"null","null","null",2,10.666581,0.65809256,-2.7162046,0.8675156,-3.2399876,-11184866
149,143,150,151,"null","null","null",2,10.666581,2.361207,-0.41842157,3.6646912,-0.79509366,-11184866
154,140,155,156,"null","null","null",2,10.666581,2.8755672,-1.1971784,0.3171621,-3.108152,-16731116
157,139,158,159,"null","null","null",2,10.666581,1.0880251,-2.1365547,0.6001805,-3.8261662,-12486656
160,138,161,164,"null","null","null",3,4.8869677,0.35782912,-2.7521262,0.9025978,-3.6251016,-16731116
161,160,162,163,"null","null","null",2,4.8869677,1.0880251,-2.1365547,0.46288556,-3.8261662,-16731116
165,137,166,169,"null","null","null",3,4.8869677,0.48358327,-3.3782585,1.9383984,-2.3110435,-16731116
166,165,167,168,"null","null","null",2,4.8869677,0.65809244,-2.7162104,0.8675197,-3.239983,-16731116
170,136,171,176,"null","null","null",4,6.1666665,0.8449197,-3.4762144,2.4522865,-0.816515,-16731116
171,170,172,175,"null","null","null",3,6.1666665,0.5235969,-3.3782585,1.9383984,-2.3110435,-16731116
172,171,173,174,"null","null","null",2,6.1666665,0.65809244,-2.7162104,0.8675197,-3.239983,-16731116
177,135,178,193,"null","null","null",11,10.666581,1.5297084,-2.7538266,3.3983068,-0.35959697,-16731116
178,177,179,190,"","null","Mexican Treefrogs",8,9.25,0.3384863,-3.4974663,2.7277992,-0.9519027,-16731116
179,178,180,187,"null","null","null",6,9.25,0.5235969,-3.405886,2.018165,-2.4870474,-16731116
180,179,181,186,"null","null","null",4,9.25,0.65809244,-2.7521262,0.8675197,-3.4687884,-16731116
181,180,182,185,"null","null","null",3,9.25,1.7924242,-2.1365547,0.46288556,-3.6229591,-16731116
182,181,183,184,"null","null","null",2,9.25,2.8755672,-1.1971784,0.6376136,-3.108152,-16731116
187,179,188,189,"null","null","null",2,9.25,1.7788337,-1.9610533,3.6551347,-0.40147883,-12486656
190,178,191,192,"null","null","null",2,9.25,2.361208,-0.4184213,3.6646907,-0.79509425,-16731116
193,177,194,197,"null","null","null",3,4.8869677,3.0981078,-0.27500108,3.0448937,-1.5045799,-16731116
194,193,195,196,"","null","Shovel-headed Treefrogs",2,3.0833333,2.361208,-0.6619245,3.6646907,-0.32388195,-16731116
198,133,199,204,"null","null","null",4,6.1666665,3.0657122,-0.28912875,3.2309766,-1.40528,-8572416
199,198,200,203,"null","null","null",3,6.1666665,2.340821,-0.8562573,3.8025494,-0.34808034,-8572416
200,199,201,202,"null","null","null",2,6.1666665,1.6917278,-2.1268075,3.5885549,-0.5755013,-3014646
205,0,206,211,"null","null","null",5,12.558641,2.5840373,-1.5287724,3.48903,-0.7370677,-8572416
206,205,207,210,"null","null","null",3,12.558641,1.6001905,-2.9140122,3.1200047,-0.59051746,-8572416
207,206,208,209,"null","null","null",2,12.558641,0.41359925,-3.5997562,2.374522,-0.66423035,-8572416
211,205,212,213,"null","null","null",2,12.558641,3.8167205,-0.6717531,0.731066,-2.238161,-8572416
