index,parent,child1,child2,name1,name2,common,richness,lengthbr,hxmax,hxmin,hymax,hymin,color
0,-268101565,1,102,"null","null","null",62,15.255077,2.4557233,-1.5047874,3.6141295,-0.37199032,-12486656
1,0,2,63,"null","null","null",51,15.255077,1.4907068,-2.8828318,3.2826343,-0.59051746,-12486656
2,1,3,56,"null","null","null",31,12.596108,0.29948983,-3.5592217,2.5859401,-1.112208,-12486656
3,2,4,31,"null","null","null",27,12.596108,0.54197454,-3.4099588,1.7306666,-2.6213472,-12486656
4,3,5,28,"null","null","null",14,12.596108,0.68969655,-2.745932,0.49050736,-3.5377076,-12486656
5,4,6,21,"null","null","null",12,12.596108,2.2793093,-2.0607436,0.483974,-3.6238089,-12486656
6,5,7,14,"null","null","null",8,12.596108,3.4068704,-0.8866478,0.64591265,-3.0781698,-16731116
7,6,8,11,"null","null","null",4,12.596108,3.7300863,-0.41857052,1.4251142,-2.4606724,-16731116
8,7,9,10,"null","null","null",2,12.596108,3.328405,-0.6167606,2.5945082,-1.4052775,-16731116
11,7,12,13,"null","null","null",2,12.596108,1.0880251,-2.1365547,0.6001805,-3.8261662,-16777216
14,6,15,20,"null","null","null",4,12.596108,0.35782912,-2.7521262,0.9025978,-3.4687884,-16777216
15,14,16,19,"null","null","null",3,12.596108,1.7924242,-2.1365547,0.46288556,-3.6229591,-16777216
16,15,17,18,"null","null","null",2,12.596108,2.8755672,-1.1971784,0.6376136,-3.108152,-16777216
21,5,22,27,"null","null","null",4,12.596108,0.48358327,-3.405886,1.9383984,-2.6072884,-11184866
22,21,23,26,"null","null","null",3,12.596108,0.65809244,-2.7521262,0.8675197,-3.6251016,-11184866
23,22,24,25,"null","null","null",2,12.596108,1.0880251,-2.1365547,0.46288556,-3.8261662,-11184866
28,4,29,30,"null","null","null",2,12.596108,0.8449197,-3.5245035,2.3807096,-0.39556193,-16777216
31,3,32,45,"null","null","null",13,12.596108,1.5297084,-2.7538266,3.1863737,-0.35959697,-11184866
32,31,33,44,"null","null","null",7,12.596108,0.52728057,-3.4974663,2.4522865,-0.9519027,-8572416
33,32,34,43,"null","null","null",6,12.596108,0.5235969,-3.405886,1.9383984,-2.4870474,-8572416
34,33,35,40,"null","null","null",5,12.596108,0.65809244,-2.7521262,0.58309823,-3.4687884,-8572416
35,34,36,39,"null","null","null",3,12.596108,1.7924242,-2.1365547,0.46288556,-3.6229591,-16777216
36,35,37,38,"null","null","null",2,12.596108,2.8755672,-1.1971784,0.6376136,-3.108152,-16777216
40,34,41,42,"null","null","null",2,12.596108,0.8665055,-3.4392257,2.4198828,-0.3833955,-8572416
45,31,46,51,"null","null","null",6,12.596108,3.0981078,-0.27500108,3.151092,-1.3321635,-12486656
46,45,47,50,"null","null","null",3,12.596108,2.361208,-0.66485816,3.8027484,-0.32388195,-12486656
47,46,48,49,"null","null","null",2,12.596108,1.7788337,-1.9610533,3.6551347,-0.55929923,-12486656
51,45,52,55,"null","null","null",3,12.596108,3.279088,-1.3026757,0.30320114,-3.022943,-16777216
52,51,53,54,"null","null","null",2,12.596108,3.7626114,-0.37199116,0.6527469,-2.31344,-16777216
56,2,57,62,"null","null","null",4,12.596108,2.340821,-1.354578,3.4508262,-0.76705194,-16777216
57,56,58,61,"null","null","null",3,12.596108,1.6917278,-2.7746243,3.1313148,-0.5755013,-16777216
58,57,59,60,"null","null","null",2,12.596108,0.52728057,-3.5245035,2.3807096,-0.665,-16777216
63,1,64,95,"null","null","null",20,10.988558,3.1946921,-0.28912875,2.9929996,-1.2264582,-12486656
64,63,65,88,"null","null","null",16,10.988558,2.5084949,-1.3840561,3.4931793,-0.34808034,-12486656
65,64,66,87,"null","null","null",12,10.988558,1.6917278,-2.8129458,3.1863737,-0.5755013,-12486656
66,65,67,86,"null","null","null",11,10.988558,0.52728057,-3.5743215,2.4522865,-0.90352184,-12486656
67,66,68,85,"null","null","null",10,10.988558,0.5235969,-3.5057976,1.9383984,-2.4241524,-12486656
68,67,69,80,"null","null","null",9,10.988558,0.65809244,-2.8820112,0.64570314,-3.3870246,-12486656
69,68,70,77,"null","null","null",6,10.988558,2.1643877,-2.3054051,0.46288556,-3.5166664,-16731116
70,69,71,76,"null","null","null",4,10.988558,3.35912,-1.1971784,0.6376136,-2.9699712,-16731116
71,70,72,75,"null","null","null",3,10.988558,3.7661467,-0.3955186,1.2371399,-2.2791743,-16731116
72,71,73,74,"null","null","null",2,10.988558,3.4248662,-0.60428905,2.4441638,-1.5045791,-12486656
77,69,78,79,"null","null","null",2,10.988558,0.52348095,-3.7907996,2.0102258,-1.4433501,-11184866
80,68,81,84,"null","null","null",3,10.988558,0.8665055,-3.731467,2.5607438,-0.3833955,-12486656
81,80,82,83,"null","null","null",2,10.988558,0.5042379,-3.7907996,2.0102258,-1.4433501,-12486656
88,64,89,94,"null","null","null",4,10.988558,3.5147936,-0.70525885,1.6992391,-2.2791753,-12486656
89,88,90,93,"null","null","null",3,10.988558,3.0981078,-0.60428894,3.0448937,-1.5045799,-12486656
90,89,91,92,"null","null","null",2,10.988558,2.361208,-0.6619245,3.6646907,-0.32388195,-11184866
95,63,96,101,"null","null","null",4,10.988558,3.3591194,-1.1971791,0.31716174,-2.9699724,-12486656
96,95,97,100,"null","null","null",3,10.988558,3.766147,-0.39551836,1.2371379,-2.2791753,-12486656
97,96,98,99,"null","null","null",2,10.988558,3.4248672,-0.60428894,2.4441621,-1.5045799,-12486656
102,0,103,114,"null","null","null",11,8.79565,3.5280137,-0.6717531,1.7065829,-2.323119,-12486656
103,102,104,111,"null","null","null",6,8.79565,3.0657122,-0.6167604,2.9604201,-1.2878717,-12486656
104,103,105,110,"null","null","null",4,8.79565,2.340821,-1.354578,3.4508262,-0.34808034,-12486656
105,104,106,109,"null","null","null",3,8.79565,1.6917278,-2.7746243,3.1313148,-0.5755013,-11184866
106,105,107,108,"null","null","null",2,8.79565,0.52728057,-3.5245035,2.3807096,-0.665,-11184866
111,103,112,113,"null","null","null",2,8.79565,2.875566,-1.1971791,0.31716174,-3.1081529,-12486656
114,102,115,122,"null","null","null",5,8.79565,2.1815846,-2.1365554,0.6001814,-3.516667,-12486656
115,114,116,119,"null","null","null",4,8.79565,3.3814769,-1.0121982,0.6376135,-2.9699724,-12486656
116,115,117,118,"null","null","null",2,8.79565,3.7952118,-0.39551836,0.6459115,-2.2791753,-11184866
119,115,120,121,"null","null","null",2,8.79565,0.3445298,-2.8544085,0.9791695,-3.1268055,-16731116
