index,parent,child1,child2,name1,name2,common,richness,lengthbr,hxmax,hxmin,hymax,hymin,color
0,-268268464,1,80,"null","null","null",42,14.233946,0.32388148,-3.59043,2.6735492,-1.2118316,-16731116
1,0,2,67,"null","null","null",40,13.562718,0.5592989,-3.3791223,1.6207671,-2.6721203,-16731116
2,1,3,58,"null","null","null",33,11.25144,0.8246813,-2.7010136,0.41481674,-3.4975276,-16731116
3,2,4,49,"null","null","null",28,9.882245,2.390827,-1.986806,0.5042378,-3.4866786,-16731116
4,3,5,36,"null","null","null",23,8.884151,3.4484446,-0.76730543,0.6527479,-2.875258,-16731116
5,4,6,23,"null","null","null",16,7.2349267,3.6887546,-0.4410558,1.9801707,-2.2438087,-16731116
6,5,7,22,"","null","Metaltails",9,5.6941867,3.2310927,-0.6278835,3.219132,-1.3026755,-16731116
7,6,8,19,"null","null","null",8,4.753595,2.584035,-1.4436061,3.684668,-0.37199128,-16731116
8,7,9,18,"null","null","null",6,3.411642,1.6001867,-2.8032923,3.374332,-0.59051806,-16731116
9,8,10,15,"null","null","null",5,1.4636072,0.2994908,-3.4558158,2.7051475,-0.99774987,-16731116
10,9,11,14,"null","null","null",3,1.1140192,0.54197526,-3.275528,1.8611641,-2.4725485,-16731116
11,10,12,13,"null","null","null",2,0.32217562,0.6619251,-2.5711715,0.75468683,-3.3442647,-16731116
15,9,16,17,"null","null","null",2,0.2123046,2.3408198,-0.42902422,3.719047,-0.76705074,-12486656
19,7,20,21,"null","null","null",2,2.3792064,3.8167205,-0.67175174,0.73107064,-2.2381597,-12486656
23,5,24,31,"null","null","null",7,5.971251,2.2793093,-2.0484648,0.5623976,-3.4921446,-16731116
24,23,25,30,"null","null","null",4,5.1214933,3.4068704,-1.0892006,0.64591265,-2.9070063,-16731116
25,24,26,29,"null","null","null",3,4.516578,3.7300863,-0.41857052,1.4251142,-2.2381597,-16731116
26,25,27,28,"null","null","null",2,3.6555476,3.328405,-0.6167606,2.5945082,-1.4052775,-16731116
31,23,32,35,"null","null","null",3,5.0436745,0.48358327,-3.3782585,1.9383984,-2.3110435,-16731116
32,31,33,34,"null","null","null",2,2.2100313,0.65809244,-2.7162104,0.8675197,-3.239983,-16731116
36,4,37,48,"null","null","null",7,8.18701,0.59772,-2.6608222,0.88575673,-3.4364274,-16731116
37,36,38,47,"null","null","null",6,7.776866,2.1597397,-2.076365,0.483974,-3.4921446,-16731116
38,37,39,46,"","null","Hillstars",5,4.5247946,3.25143,-1.0892006,0.64591265,-2.9070063,-16731116
39,38,40,45,"null","null","null",4,2.0199878,3.5280137,-0.41857052,1.8652972,-2.2381597,-16731116
40,39,41,44,"null","null","null",3,1.4888382,3.0657108,-0.6167606,3.1667461,-1.4052775,-16731116
41,40,42,43,"null","null","null",2,0.5612839,2.3408198,-0.65809166,3.719047,-0.34808096,-16731116
49,3,50,57,"null","null","null",5,8.251203,0.4428624,-3.409959,1.8611662,-2.7339265,-16731116
50,49,51,54,"null","null","null",4,6.042221,0.661925,-2.745932,0.49050736,-3.6840591,-16731116
51,50,52,53,"null","null","null",2,2.49488,1.2662436,-2.076365,0.483974,-3.814066,-16731116
54,50,55,56,"","null","Trainbearers",2,4.277771,0.8449197,-3.5245035,2.3807096,-0.39556193,-16731116
58,2,59,66,"null","null","null",5,9.5767,0.8210846,-3.5088618,2.374522,-1.1988084,-12486656
59,58,60,65,"null","null","null",4,4.190818,0.54197484,-3.3444898,1.8611662,-2.7339265,-12486656
60,59,61,64,"","null","Sylphs",3,3.103442,0.661925,-2.6608222,0.75469065,-3.6840591,-12486656
61,60,62,63,"null","null","null",2,1.3898095,1.2662436,-2.076365,0.483974,-3.814066,-12486656
67,1,68,79,"","null","Sunangels",7,9.341297,1.600189,-2.8440948,3.1200047,-0.3173806,-16731116
68,67,69,78,"null","null","null",6,6.9017506,0.4135974,-3.5088618,2.374522,-1.0796683,-16731116
69,68,70,77,"null","null","null",5,4.5109143,0.54197484,-3.3444898,1.8611662,-2.579044,-16731116
70,69,71,76,"null","null","null",4,3.665753,0.661925,-2.6608222,0.75469065,-3.482712,-16731116
71,70,72,75,"null","null","null",3,1.7071009,1.9703119,-2.076365,0.483974,-3.5523148,-16731116
72,71,73,74,"null","null","null",2,0.19531427,3.0051737,-1.0892006,0.64591265,-2.9852276,-16731116
80,0,81,82,"","null","Piedtails",2,4.4805336,2.3134408,-0.4390186,3.7626104,-0.7370672,-12486656
