index,parent,child1,child2,name1,name2,common,richness,lengthbr,hxmax,hxmin,hymax,hymin,color
0,-268200848,1,173,"null","null","null",418,24.978918,0.5592989,-3.4755557,1.7788353,-2.6721203,-16731116
1,0,2,168,"null","null","null",417,23.93837,0.75180197,-2.826377,0.41481674,-3.4975276,-16731116
2,1,3,81,"Tyrannidae","null","Tyrant-flycatchers",414,23.061657,2.296084,-1.9845346,0.5042378,-3.4866786,-16731116
3,2,4,66,"null","null","null",311,21.9216,3.3252785,-0.8152332,0.6527479,-2.875258,-16731116
4,3,5,51,"null","null","null",303,17.393192,3.5286388,-0.4410558,1.9660134,-2.2438087,-16731116
5,4,6,39,"null","null","null",295,16.392855,3.0229423,-0.6278835,3.2007275,-1.1679562,-16731116
6,5,7,38,"null","null","null",199,15.245147,2.3134394,-1.5024674,3.6607423,-0.37199128,-16731116
7,6,8,-268193792,"null","null","null",198,14.3757105,1.4333783,-2.879812,3.3432283,-0.59051806,-16731116
8,7,9,-268188672,"null","null","null",127,13.623723,0.2994908,-3.5552917,2.6647131,-1.1122136,-16731116
9,8,10,-268186624,"null","null","null",98,12.845412,0.54197526,-3.4048467,1.8172045,-2.6213515,-16731116
10,9,-268191744,11,"null","null","null",49,9.761518,0.6619251,-2.7392862,0.6447661,-3.5377088,-16731116
11,10,12,35,"null","null","null",14,8.480444,0.84491885,-3.5095534,2.7277985,-0.9701315,-16731116
12,11,13,34,"null","null","null",12,7.520253,0.52359736,-3.421597,1.9383965,-2.5107431,-16731116
13,12,14,31,"null","null","null",11,6.8077435,0.65809256,-2.7725499,0.58309335,-3.49959,-16731116
14,13,15,26,"","null","Black-Tyrants",9,3.5321476,2.0156643,-2.1631076,0.46288642,-3.6629975,-16731116
15,14,16,25,"null","null","null",6,2.6193898,3.1657753,-1.1971738,0.6376139,-3.1602,-16731116
16,15,17,22,"null","null","null",5,2.6193898,3.5147946,-0.39551952,1.6992477,-2.5264733,-16731116
17,16,18,21,"null","null","null",3,2.0104082,3.0981061,-0.6042896,3.0449004,-1.504575,-16731116
18,17,19,20,"null","null","null",2,1.2274015,2.3612065,-0.66192436,3.6646938,-0.3238832,-16731116
22,16,23,24,"null","null","null",2,2.1234653,0.9094058,-2.190555,0.63667846,-3.8270524,-16731116
26,14,27,30,"null","null","null",3,2.5241358,0.52347934,-3.4706368,2.0102236,-2.1434178,-16731116
27,26,28,29,"null","null","null",2,1.5987902,0.6527481,-2.8544035,0.979166,-3.1268096,-16731116
31,13,32,33,"null","null","null",2,2.299079,0.86650467,-3.439228,2.4198787,-0.383396,-16731116
35,11,36,37,"","null","Negritos",2,1.4468818,2.361207,-0.41842157,3.6646912,-0.79509366,-16731116
39,5,40,-268187648,"","null","Tyrannulets, Elaenias and more",96,14.892584,3.3844771,-0.9287927,0.33095652,-3.022386,-16731116
40,39,41,-268185600,"null","null","null",56,13.686253,3.700975,-0.41857052,1.8114644,-2.3881536,-16731116
41,40,-268189696,42,"","null","Tyrannulets, Tit-Tyrants, Doraditos and more",28,12.391712,3.2905602,-0.6167606,3.0967636,-1.2264555,-16731116
42,41,43,48,"null","null","null",5,9.219013,3.35912,-1.0121977,0.3171621,-2.9699712,-16731116
43,42,44,47,"null","null","null",3,8.285294,3.7661467,-0.3955186,1.2371399,-2.2791743,-16731116
44,43,45,46,"null","null","null",2,2.7777557,3.4248662,-0.60428905,2.4441638,-1.5045791,-16731116
48,42,49,50,"null","null","null",2,2.9760134,0.34452996,-2.8544092,0.97917,-3.1268048,-16731116
51,4,52,61,"null","null","null",8,12.145321,2.1597397,-2.0484648,0.5623976,-3.4921446,-16731116
52,51,53,60,"null","null","null",5,9.605434,3.25143,-1.0892006,0.64591265,-2.9070063,-16731116
53,52,54,59,"null","null","null",4,9.40431,3.5280137,-0.41857052,1.8652972,-2.2381597,-16731116
54,53,55,58,"null","null","null",3,5.706266,3.0657108,-0.6167606,3.1667461,-1.4052775,-16731116
55,54,56,57,"null","null","null",2,0.9044391,2.3408198,-0.65809166,3.719047,-0.34808096,-16731116
61,51,62,65,"null","null","null",3,6.9887304,0.48358327,-3.3782585,1.9383984,-2.3110435,-16731116
62,61,63,64,"null","null","null",2,6.3676634,0.65809244,-2.7162104,0.8675197,-3.239983,-16731116
66,3,67,80,"null","null","null",8,18.808744,0.68969655,-2.7686596,0.88575673,-3.4364274,-16731116
67,66,68,77,"","null","Spadebills",7,15.670404,2.2793093,-2.2165534,0.483974,-3.4921446,-16731116
68,67,69,74,"null","null","null",5,9.638437,3.4068704,-0.8706852,0.64591265,-2.9070063,-16731116
69,68,70,73,"null","null","null",3,4.6482725,3.7300863,-0.41857052,1.4251142,-2.2381597,-16731116
70,69,71,72,"null","null","null",2,2.2314444,3.328405,-0.6167606,2.5945082,-1.4052775,-16731116
74,68,75,76,"null","null","null",2,4.6328893,0.35782912,-2.7162104,0.9025978,-3.239983,-12486656
77,67,78,79,"null","null","null",2,2.4355881,0.48358327,-3.756458,1.9383984,-1.6186465,-16731116
81,2,82,167,"","null","Pygmy-Tyrants, Flatbills and more",103,21.97663,0.4428624,-3.4048483,1.8611662,-2.5837455,-16731116
82,81,83,157,"null","null","null",102,18.896715,0.661925,-2.739288,0.5972413,-3.4888237,-16731116
83,82,84,136,"null","null","null",65,18.010635,2.2184467,-2.0607436,0.483974,-3.5602598,-16731116
84,83,85,131,"null","null","null",54,16.760305,3.3277493,-0.8866478,0.64591265,-2.9955559,-16731116
85,84,86,94,"null","null","null",51,12.292726,3.6272287,-0.41857052,1.7906708,-2.3532743,-16731116
86,85,-268190720,87,"null","null","null",32,9.141211,3.1946905,-0.6167606,3.0697317,-1.2264555,-16731116
87,86,88,91,"null","null","null",4,5.8113627,3.3814778,-1.0121977,0.3171621,-2.9699712,-16731116
88,87,89,90,"null","null","null",2,2.3642566,3.7952118,-0.3955186,0.6459114,-2.2791743,-16731116
91,87,92,93,"null","null","null",2,2.188135,0.34452996,-2.8544092,0.97917,-3.1268048,-16731116
94,85,95,118,"null","null","null",19,8.21192,2.0156581,-2.1562362,0.6001805,-3.5845203,-16731116
95,94,96,117,"null","null","null",12,7.626448,3.1657712,-1.1971784,0.6376136,-3.0581813,-16731116
96,95,97,110,"null","null","null",11,7.626448,3.5147934,-0.3955186,1.5568674,-2.3938475,-16731116
97,96,98,105,"null","null","null",7,5.9637213,3.0981069,-0.60428905,2.8598094,-1.3321626,-16731116
98,97,99,104,"null","null","null",4,4.5796533,2.361207,-1.1773386,3.4240797,-0.32388222,-16731116
99,98,100,103,"null","null","null",3,3.988034,1.7788329,-2.627277,3.1628647,-0.55929935,-16731116
100,99,101,102,"null","null","null",2,1.1806047,0.6411255,-3.439228,2.4198787,-0.6642306,-16731116
105,97,106,109,"null","null","null",3,1.8171967,3.2790875,-1.3026766,0.3032013,-3.022943,-16731116
106,105,107,108,"null","null","null",2,0.3021618,3.7626112,-0.37199104,0.6527469,-2.3134398,-16731116
110,96,111,116,"null","null","null",4,3.8700614,2.0262897,-2.1905575,0.6366799,-3.5286388,-16731116
111,110,112,115,"null","null","null",3,2.830346,3.2790875,-1.3026766,0.6278834,-3.022943,-16731116
112,111,113,114,"null","null","null",2,1.2178799,3.7626112,-0.37199104,0.6527469,-2.3134398,-16731116
118,94,119,130,"null","null","null",7,4.942234,0.52348095,-3.4551694,2.0102258,-2.296084,-16731116
119,118,120,129,"null","null","null",6,3.84442,0.652748,-2.834296,0.97917,-3.3252778,-16731116
120,119,121,128,"null","null","null",5,3.4907174,2.0426931,-2.1905575,0.4410556,-3.5286388,-16731116
121,120,122,127,"null","null","null",4,2.0666366,3.300412,-1.3026766,0.6278834,-3.022943,-16731116
122,121,123,126,"null","null","null",3,1.752178,3.790333,-0.37199104,1.0472718,-2.3134398,-16731116
123,122,124,125,"null","null","null",2,1.752178,3.5116968,-0.5905179,2.2880588,-1.6001878,-16731116
131,84,132,135,"null","null","null",3,11.277349,0.35782912,-2.7521262,0.9025978,-3.6251016,-16731116
132,131,133,134,"null","null","null",2,3.6527572,1.0880251,-2.1365547,0.46288556,-3.8261662,-12486656
136,83,137,156,"","null","Flatbills",11,16.41018,0.48358327,-3.405886,1.9383984,-2.4241524,-16731116
137,136,138,153,"null","null","null",10,12.756945,0.65809244,-2.7521262,0.58309823,-3.3870246,-16731116
138,137,139,152,"null","null","null",8,9.503522,2.0156581,-2.1365547,0.46288556,-3.5166664,-16731116
139,138,140,149,"null","null","null",7,7.0824203,3.1657712,-1.0121977,0.6376136,-2.9699712,-16731116
140,139,141,148,"null","null","null",5,4.485215,3.5147934,-0.3955186,1.6992409,-2.2791743,-16731116
141,140,142,145,"null","null","null",4,3.5498903,3.0981069,-0.60428905,3.0448952,-1.4209412,-16731116
142,141,143,144,"null","null","null",2,1.8714826,2.361207,-0.6619245,3.6646912,-0.32388222,-16731116
145,141,146,147,"null","null","null",2,0.9611184,2.7384977,-1.3026766,0.3032013,-3.222695,-16731116
149,139,150,151,"null","null","null",2,1.9689077,0.34452996,-2.8544092,0.97917,-3.1268048,-16731116
153,137,154,155,"null","null","null",2,2.765282,0.8665055,-3.4392257,2.4198828,-0.3833955,-16731116
157,82,-268192768,158,"null","null","null",37,17.594345,0.8449197,-3.5095546,2.620861,-0.90352184,-16731116
158,157,159,164,"null","null","null",5,13.917648,2.6735487,-1.1773367,3.4240801,-0.79509425,-16731116
159,158,160,163,"null","null","null",3,6.2031226,1.7788337,-2.6272755,3.162866,-0.55929923,-16731116
160,159,161,162,"null","null","null",2,2.7990007,0.64112616,-3.439227,2.4198804,-0.6642306,-16731116
164,158,165,166,"","null","Antpipits",2,5.185262,3.7626114,-0.7370666,0.4390188,-2.31344,-16731116
168,1,169,172,"Pipridae","null","Piprites",3,17.42076,0.8210846,-3.790929,2.374522,-0.47381967,-16731116
169,168,170,171,"null","null","null",2,4.6533127,0.54197484,-3.7111773,1.8611662,-1.7914411,-12486656
