index,parent,child1,child2,name1,name2,common,richness,lengthbr,hxmax,hxmin,hymax,hymin,color
0,-268241918,1,141,"null","null","null",491,175.8,2.583736,-1.7306776,0.44286627,-3.409958,-16731116
1,0,2,138,"","null","Snakes",478,0.0,3.4888222,-0.49051434,0.6729524,-2.7459316,-16731116
2,1,3,-268224512,"null","null","null",476,0.0,3.5602663,-0.48397207,2.2575479,-2.1014695,-16731116
3,2,4,133,"null","null","null",455,0.0,2.9955673,-0.6459119,3.378591,-0.8866605,-16731116
4,3,5,-268225536,"null","null","null",452,0.0,2.3532844,-1.8165393,3.6933336,-0.41856802,-16731116
5,4,6,132,"","null","Vipers, Cobras, Sea Snakes, Whip Snakes and more",408,0.0,1.4052893,-3.103372,3.280632,-0.6167593,-16731116
6,5,7,127,"null","null","null",407,0.0,0.34807813,-3.636673,2.6202145,-1.34764,-16731116
7,6,8,124,"null","null","null",404,0.0,0.5754999,-3.3729212,1.6749467,-2.7656126,-16731116
8,7,9,-268226560,"null","null","null",402,0.0,0.9701148,-2.6947975,0.42327172,-3.5127978,-16731116
9,8,10,103,"null","null","null",360,0.0,2.5107298,-1.9020722,0.5235952,-3.4258242,-16731116
10,9,11,99,"null","null","null",242,0.0,3.499585,-0.7260059,0.658092,-2.7780473,-16731116
11,10,12,87,"null","null","null",164,0.0,3.6630013,-0.4628839,2.0824342,-2.1702478,-16731116
12,11,13,84,"null","null","null",125,0.0,3.1602092,-0.6376129,3.252588,-1.0122075,-16731116
13,12,14,81,"null","null","null",123,0.0,2.5264807,-1.6652181,3.627663,-0.3955168,-16731116
14,13,15,56,"null","null","null",121,0.0,1.4115186,-3.0006726,3.244841,-0.6042881,-16731116
15,14,16,17,"null","null","null",108,0.0,0.32388037,-3.60721,2.55196,-1.1974823,-16731116
16,15,-268219392,-268223488,"null","null","null",88,0.0,0.55929816,-3.4009395,1.7338059,-2.65347,-16731116
17,15,18,45,"null","null","null",20,0.0,2.4557252,-1.5127412,3.489029,-0.73706865,-12486656
18,17,19,32,"null","null","null",14,0.0,1.4333854,-2.8931744,3.1200051,-0.59051704,-16731116
19,18,20,31,"null","null","null",7,0.0,0.4136026,-3.57267,2.3745222,-1.0796628,-16731116
20,19,21,30,"null","null","null",6,0.0,0.541974,-3.427444,1.8611698,-2.5790405,-16731116
21,20,22,29,"null","null","null",5,0.0,0.66192484,-2.768663,0.7546941,-3.482712,-16731116
22,21,23,26,"null","null","null",4,0.0,1.9703064,-2.216556,0.48397338,-3.5523171,-16777216
23,22,24,25,"null","null","null",2,0.0,3.0051699,-1.0892038,0.6459124,-2.9852314,-16777216
26,22,27,28,"null","null","null",2,0.0,0.48358452,-3.7564592,1.9384005,-1.6186413,-16777216
32,18,33,44,"null","null","null",7,0.0,3.0657134,-0.2891283,2.9929976,-1.405283,-16777216
33,32,34,43,"null","null","null",6,0.0,2.3408217,-1.4981438,3.4931798,-0.34807962,-16777216
34,33,35,40,"null","null","null",5,0.0,1.6749383,-2.9612625,3.1863766,-0.57550085,-16777216
35,34,36,39,"null","null","null",3,0.0,0.5272839,-3.767136,2.4522898,-0.665,-16777216
36,35,37,38,"null","null","null",2,0.0,0.52359635,-3.7564592,1.9384005,-1.6186413,-16777216
40,34,41,42,"null","null","null",2,0.0,3.4248698,-0.27500066,2.4441574,-1.5045828,-16777216
45,17,46,51,"null","null","null",6,0.0,3.5280137,-0.6717541,1.8652878,-2.3703632,-11184866
46,45,47,50,"null","null","null",3,0.0,3.0657134,-0.61676,3.1667395,-1.405283,-11184866
47,46,48,49,"null","null","null",2,0.0,2.3408217,-0.6580919,3.7190442,-0.34807962,-11184866
51,45,52,55,"null","null","null",3,0.0,1.7924167,-2.136557,0.60018253,-3.622962,-16777216
52,51,53,54,"null","null","null",2,0.0,2.8755617,-1.1971824,0.6376132,-3.1081567,-16777216
56,14,57,76,"null","null","null",13,0.0,3.2014802,-0.30320022,3.0686347,-1.1166838,-16777216
57,56,58,71,"null","null","null",10,0.0,2.5455363,-1.4435977,3.489029,-0.3719896,-16777216
58,57,59,66,"","null","Bronzebacks",7,0.0,1.4333854,-2.8032877,3.1200051,-0.59051704,-16777216
59,58,60,65,"null","null","null",4,0.0,0.4136026,-3.4558175,2.3745222,-0.9977374,-16777216
60,59,61,64,"null","null","null",3,0.0,0.541974,-3.2755356,1.8611698,-2.4725375,-16777216
61,60,62,63,"null","null","null",2,0.0,0.66192484,-2.571182,0.7546941,-3.3442578,-16777216
66,58,67,70,"null","null","null",3,0.0,3.0657134,-0.2891283,3.1667395,-1.405283,-16777216
67,66,68,69,"null","null","null",2,0.0,2.3408217,-0.6580919,3.7190442,-0.34807962,-16777216
71,57,72,75,"","null","Flying Snakes",3,0.0,3.7300887,-0.6717541,1.4251035,-2.2381625,-16777216
72,71,73,74,"null","null","null",2,0.0,3.3284109,-0.61676,2.5944998,-1.405283,-16777216
76,56,77,80,"","null","Whip Snakes",3,0.0,3.4735072,-1.0892061,0.33095554,-2.90701,-16777216
77,76,78,79,"null","null","null",2,0.0,3.8167195,-0.41856924,0.7310606,-2.2381625,-16777216
81,13,82,83,"null","null","null",2,0.0,3.827052,-0.6366827,0.9093875,-2.1905606,-16777216
84,12,85,86,"null","null","null",2,0.0,3.126798,-0.9791769,0.3445289,-2.8544173,-16731116
87,11,-268222464,88,"null","null","null",39,0.0,2.2960746,-1.9868113,0.523484,-3.486683,-16731116
88,87,89,98,"null","null","null",6,0.0,0.4428653,-3.4099586,1.8611718,-2.5790384,-16777216
89,88,90,95,"","null","Many Toothed Snakes",5,0.0,0.6619248,-2.745932,0.49051154,-3.4827118,-16777216
90,89,91,94,"null","null","null",3,0.0,1.9703023,-2.0763686,0.48397285,-3.552319,-16777216
91,90,92,93,"null","null","null",2,0.0,3.005167,-1.0892061,0.64591223,-2.9852347,-16777216
95,89,96,97,"null","null","null",2,0.0,0.844921,-3.524499,2.3807096,-0.39556128,-16777216
99,10,-268220416,100,"null","null","null",78,0.0,0.8143009,-2.7414122,0.86650705,-3.4995487,-16731116
100,99,101,102,"null","null","null",2,0.0,0.8210864,-3.5997522,2.3745222,-0.40725175,-16777216
103,9,104,107,"","null","Cobras, Sea Snakes, Water Snakes and more",118,0.0,0.40148264,-3.3939097,1.7464974,-2.6534677,-16731116
104,103,105,-268227584,"null","null","null",109,0.0,0.79011226,-2.7202373,0.51715314,-3.4732869,-16731116
105,104,-268221440,106,"null","null","null",60,0.0,2.345892,-2.010231,0.50423634,-3.4551716,-16731116
107,103,108,123,"null","null","null",9,0.0,1.6001966,-2.8440874,3.402885,-0.31738362,-16731116
108,107,109,118,"null","null","null",8,0.0,0.29948828,-3.5088606,2.7422655,-1.0796576,-16731116
109,108,110,117,"null","null","null",5,0.0,0.5419733,-3.3444946,1.861173,-2.579037,-16731116
110,109,111,116,"null","null","null",4,0.0,0.6619247,-2.660829,0.7546987,-3.4827116,-16731116
111,110,112,115,"null","null","null",3,0.0,1.9702991,-2.0763695,0.48397252,-3.5523202,-16731116
112,111,113,114,"null","null","null",2,0.0,3.0051646,-1.089208,0.6459121,-2.9852366,-16731116
118,108,119,122,"null","null","null",3,0.0,2.3408225,-0.8562415,3.8025506,-0.76705396,-16731116
119,118,120,121,"null","null","null",2,0.0,1.6917354,-2.1267936,3.5885613,-0.5755001,-16777216
124,7,125,126,"null","null","null",2,0.0,1.5045897,-2.4441464,3.4248772,-0.27500063,-16777216
127,6,128,131,"null","null","null",3,0.0,2.2791789,-1.237118,3.766151,-0.7052618,-16777216
128,127,129,130,"null","null","null",2,0.0,1.5045903,-2.4441457,3.4248772,-0.6042876,-16777216
133,3,134,137,"","null","Flase Coral Snake and Boas",3,0.0,3.6250954,-0.9025996,0.3578277,-2.7521353,-16777216
134,133,135,136,"null","null","null",2,0.0,3.826167,-0.46288335,1.0880048,-2.136561,-16777216
138,1,139,140,"","null","Blind snakes",2,0.0,0.3955608,-2.3807096,0.8449218,-3.5244951,-16777216
141,0,142,165,"","null","Worm Lizards",13,168.1,0.3596006,-3.1863828,1.691736,-2.8129377,-16731116
142,141,143,164,"null","null","null",12,72.2,0.90350735,-2.4522977,0.52729195,-3.5743208,-16731116
143,142,144,163,"null","null","null",11,72.2,2.4241405,-1.938406,0.52359504,-3.5058045,-16731116
144,143,145,162,"null","null","null",10,72.2,3.38702,-0.8675306,0.658092,-2.882022,-16731116
145,144,146,159,"null","null","null",9,72.2,3.516669,-0.46288353,2.015643,-2.3054137,-16731116
146,145,147,158,"null","null","null",7,35.8,2.969978,-0.63761264,3.1657617,-1.1971898,-16777216
147,146,148,157,"null","null","null",6,35.8,2.279179,-1.7809153,3.5147917,-0.39551604,-16777216
148,147,149,154,"null","null","null",5,35.8,1.4209576,-3.1510825,3.098111,-0.6042875,-16777216
149,148,150,153,"null","null","null",3,35.8,0.32387918,-3.8027477,2.3612099,-0.6648351,-16777216
150,149,151,152,"null","null","null",2,35.8,0.5592972,-3.6551423,1.7788439,-1.961033,-16777216
154,148,155,156,"null","null","null",2,35.8,3.2227087,-0.30319953,2.7384808,-1.3026884,-16777216
159,145,160,161,"null","null","null",2,20.5,1.4433315,-2.0102332,0.52348495,-3.7908025,-16731116
