index,parent,child1,child2,name1,name2,common,richness,lengthbr,hxmax,hxmin,hymax,hymin,color
0,-268019622,1,46,"null","null","null",35,52.885628,2.4650178,-1.6694274,3.6276631,-0.3955164,-11184866
1,0,2,43,"","null","Worm Salamanders",23,46.640324,1.4209557,-3.006147,3.2448428,-0.60428774,-12486656
2,1,3,30,"null","null","null",21,46.640324,0.32387957,-3.61433,2.5519614,-1.197477,-12486656
3,2,4,23,"null","null","null",14,46.640324,0.55929744,-3.4101982,1.6207746,-2.6534662,-11184866
4,3,5,20,"null","null","null",10,46.640324,0.88761616,-2.7414126,0.41482306,-3.4732866,-12486656
5,4,6,13,"null","null","null",8,46.640324,2.4726481,-1.9577174,0.50423604,-3.4551725,-11184866
6,5,7,10,"null","null","null",4,46.640324,3.554821,-0.7274748,0.6527474,-2.834302,-11184866
7,6,8,9,"null","null","null",2,46.640324,3.827052,-0.4410539,0.90938497,-2.1905615,-12486656
10,6,11,12,"null","null","null",2,46.640324,0.37080032,-2.571188,0.8857583,-3.3442535,-8572416
13,5,14,19,"null","null","null",4,46.640324,0.44286594,-3.3444946,1.861173,-2.7339165,-11184866
14,13,15,18,"null","null","null",3,46.640324,0.6619247,-2.660829,0.7546987,-3.684055,-12486656
15,14,16,17,"null","null","null",2,46.640324,1.2662308,-2.0763695,0.48397252,-3.8140671,-12486656
20,4,21,22,"null","null","null",2,46.640324,0.82108676,-3.5997515,2.3745224,-0.40725157,-16731116
23,3,24,27,"null","null","null",4,46.640324,1.5501465,-2.9140012,3.120006,-0.31738424,-11184866
24,23,25,26,"null","null","null",2,46.640324,0.4136094,-3.5997503,2.3745227,-0.66423047,-12486656
27,23,28,29,"null","null","null",2,46.640324,3.328417,-0.28912765,2.594491,-1.4052889,-8572416
30,2,31,40,"null","null","null",7,46.640324,2.5840416,-1.4435918,3.4890275,-0.73706996,-16731116
31,30,32,39,"null","null","null",5,46.640324,1.6001987,-2.8032844,3.120006,-0.5905163,-12486656
32,31,33,38,"null","null","null",4,46.640324,0.4136094,-3.455819,2.3745227,-0.9977267,-12486656
33,32,34,37,"null","null","null",3,46.640324,0.541973,-3.2755415,1.8611743,-2.472528,-12486656
34,33,35,36,"null","null","null",2,46.640324,0.6619247,-2.5711904,0.7547004,-3.3442519,-11184866
40,30,41,42,"null","null","null",2,46.640324,3.816719,-0.6717558,0.73104995,-2.2381647,-16731116
43,1,44,45,"null","null","null",2,46.640324,3.2227073,-0.30319974,2.7384832,-1.3026869,-8572416
46,0,47,58,"null","null","null",12,36.962864,3.6887572,-0.6366836,1.8643925,-2.2438173,-8572416
47,46,48,57,"","null","Bromeliad Salamanders",6,26.652334,3.2311006,-0.6278824,3.0686307,-1.3026869,-11184866
48,47,49,54,"null","null","null",5,26.652334,2.5840416,-1.5287583,3.4890275,-0.37198862,-8572416
49,48,50,53,"null","null","null",3,26.652334,1.6001987,-2.9140007,3.120006,-0.5905163,-8572416
50,49,51,52,"null","null","null",2,26.652334,0.4136094,-3.5997503,2.3745227,-0.66423047,-8572416
54,48,55,56,"null","null","null",2,26.652334,3.816719,-0.6717558,0.73104995,-2.2381647,-11184866
58,46,59,68,"","null","Hidden Salamanders",6,26.652334,2.1597261,-2.0763712,0.56240165,-3.492148,-8572416
59,58,60,67,"null","null","null",5,26.652334,3.2514222,-1.0892116,0.64591193,-2.9070134,-8572416
60,59,61,66,"null","null","null",4,26.652334,3.5280137,-0.41856813,1.8652778,-2.2381647,-8572416
61,60,62,65,"null","null","null",3,26.652334,3.0657158,-0.6167593,3.1667316,-1.4052896,-8572416
62,61,63,64,"null","null","null",2,26.652334,2.3408232,-0.65809214,3.7190406,-0.34807807,-8572416
