fileID,parentFileID
0,-1
114,0
120,114
121,120
124,121
125,124
127,125
126,125
130,124
128,124
129,128
142,121
145,142
146,142
143,142
147,142
144,142
135,121
136,135
138,135
137,135
123,121
122,121
132,121
133,132
134,132
140,121
141,140
131,121
139,121
181,120
183,181
184,183
187,183
185,183
186,183
193,181
188,181
189,188
191,181
194,181
192,181
190,181
182,181
161,120
163,161
164,163
168,163
165,163
167,163
166,163
179,161
176,161
177,176
170,161
171,170
172,170
174,161
175,174
162,161
178,161
173,161
169,161
151,120
152,120
159,152
160,152
153,152
157,152
158,157
155,152
154,152
156,152
195,120
196,195
198,195
199,195
197,195
200,195
148,120
149,148
150,148
180,120
229,114
230,229
233,230
234,233
231,230
232,230
248,229
245,229
247,245
246,245
235,229
238,235
243,235
241,235
236,235
240,235
244,235
242,235
239,235
237,235
251,229
249,229
250,249
215,114
216,215
219,215
218,215
220,215
217,215
221,215
222,114
201,114
206,201
207,206
208,206
211,201
204,201
205,204
209,201
202,201
210,201
203,201
252,114
224,114
225,224
228,224
227,224
226,224
115,114
118,115
117,115
116,115
212,114
214,212
213,212
223,114
119,114
346,0
354,346
364,346
357,346
359,357
358,357
355,346
356,355
363,346
360,346
362,360
361,360
347,346
350,347
352,347
351,347
348,347
349,347
353,346
324,0
326,324
327,326
328,326
332,324
330,324
325,324
329,324
331,324
310,0
312,310
317,310
314,310
315,310
311,310
313,310
316,310
253,0
94,0
96,94
97,94
95,94
343,0
298,0
305,298
306,305
307,298
300,298
302,300
301,300
303,298
299,298
308,298
304,298
309,298
405,0
415,405
412,405
409,405
408,405
414,405
406,405
413,405
410,405
407,405
411,405
334,0
335,334
337,335
338,335
336,335
340,334
341,340
339,334
318,0
319,318
321,318
320,318
254,0
263,254
266,263
270,263
269,263
267,263
274,263
273,263
271,263
264,263
272,263
268,263
265,263
287,254
289,287
290,289
293,287
292,287
294,287
291,287
288,287
281,254
282,281
283,281
284,281
280,254
255,254
256,254
258,256
259,256
257,256
278,254
279,278
296,254
297,296
262,254
277,254
261,254
275,254
276,275
295,254
285,254
286,285
260,254
365,0
389,365
391,389
390,389
392,389
403,365
404,403
396,365
393,365
394,393
395,393
376,365
378,376
377,376
379,376
400,365
366,365
399,365
387,365
371,365
372,371
374,371
375,371
373,371
401,365
381,365
383,381
386,381
384,381
385,381
382,381
367,365
368,367
369,367
370,367
402,365
397,365
398,397
388,365
380,365
333,0
323,0
109,0
110,109
112,109
111,109
1,0
38,1
56,38
60,56
62,56
61,56
57,56
58,56
59,56
63,38
43,38
44,43
68,38
45,38
69,38
65,38
42,38
52,38
39,38
51,38
49,38
50,49
40,38
41,40
67,38
64,38
48,38
46,38
47,46
70,38
53,38
54,53
55,53
66,38
93,1
91,1
72,1
81,72
83,81
82,81
84,81
89,72
88,72
86,72
73,72
75,73
76,73
74,73
85,72
78,72
77,72
79,72
87,72
80,72
23,1
24,23
2,1
7,2
9,7
8,7
21,2
3,2
20,2
12,2
13,12
16,12
15,12
18,12
14,12
17,12
11,2
22,2
19,2
5,2
10,2
6,2
4,2
92,1
90,1
25,1
28,25
33,25
29,25
32,25
35,25
30,25
31,30
34,25
27,25
26,25
36,25
71,1
37,1
342,0
322,0
98,0
100,98
102,100
101,100
108,98
106,98
104,98
107,98
105,98
103,98
99,98
344,0
113,0
345,0
