index,parent,child1,child2,name1,name2,common,richness,lengthbr,hxmax,hxmin,hymax,hymin,color
0,-268409852,1,62,"null","null","null",46,16.122314,3.1915207,-0.62788355,3.068643,-1.161871,-16731116
1,0,2,35,"null","null","null",31,15.358249,2.5325916,-1.5425525,3.4890313,-0.37199152,-16731116
2,1,3,26,"null","null","null",17,11.897768,1.4333774,-2.9319215,3.1200035,-0.59051824,-16731116
3,2,4,25,"null","null","null",12,10.5916195,0.4135942,-3.6230328,2.3745208,-1.0522863,-16731116
4,3,5,20,"null","null","null",11,9.671679,0.5419755,-3.4929094,1.7061918,-2.5434449,-16731116
5,4,6,15,"null","null","null",8,7.9959154,0.7291379,-2.8537674,0.5223138,-3.436429,-16731116
6,5,7,12,"null","null","null",5,7.995915,2.33058,-2.2165487,0.48397505,-3.4921427,-16731116
7,6,8,11,"null","null","null",3,4.9203343,3.473517,-1.0891951,0.645913,-2.9070024,-16731116
8,7,9,10,"null","null","null",2,3.675412,3.8167217,-0.41857165,0.7310797,-2.2381573,-16731116
12,6,13,14,"null","null","null",2,3.2635531,0.48358122,-3.756456,1.9383955,-1.6186541,-16731116
15,5,16,19,"null","null","null",3,6.292407,0.8449185,-3.7671375,2.4522824,-0.39556253,-16731116
16,15,17,18,"null","null","null",2,2.0330653,0.5235976,-3.756456,1.9383955,-1.6186541,-16731116
20,4,21,24,"null","null","null",3,4.527114,1.6917245,-2.7746296,3.1313143,-0.35959482,-16731116
21,20,22,23,"null","null","null",2,3.1638136,0.52727723,-3.5245066,2.3807092,-0.665,-16731116
26,2,27,32,"null","null","null",5,7.2684546,3.0657103,-0.28912947,3.2309797,-1.2878677,-16731116
27,26,28,31,"null","null","null",3,1.9311482,2.3408196,-0.8562642,3.8025498,-0.34808123,-16731116
28,27,29,30,"null","null","null",2,1.9311482,1.6917245,-2.1268134,3.5885527,-0.5755019,-16731116
32,26,33,34,"null","null","null",2,2.7388668,2.8755686,-1.1971772,0.31716225,-3.1081505,-16731116
35,1,36,51,"null","null","null",14,13.651816,3.7009745,-0.6717514,1.7316486,-2.3231165,-16731116
36,35,37,50,"null","null","null",8,11.638672,3.2905593,-0.61676085,2.993002,-1.4052767,-16731116
37,36,38,47,"null","null","null",7,8.3532915,2.6331234,-1.4981532,3.4931788,-0.34808123,-16731116
38,37,39,44,"null","null","null",5,6.331621,1.6749309,-2.961269,3.1863706,-0.5755019,-16731116
39,38,40,43,"null","null","null",3,2.7114503,0.52727723,-3.7671375,2.4522824,-0.665,-16731116
40,39,41,42,"null","null","null",2,2.606357,0.5235976,-3.756456,1.9383955,-1.6186541,-16731116
44,38,45,46,"null","null","null",2,1.175951,3.4248652,-0.2750016,2.4441652,-1.5045781,-16731116
47,37,48,49,"null","null","null",2,2.509814,3.7952123,-0.70525765,0.55374324,-2.2791743,-16731116
51,35,52,59,"null","null","null",6,6.5136437,2.1643891,-2.3054042,0.60018003,-3.516667,-16731116
52,51,53,58,"null","null","null",4,2.3238115,3.3591206,-1.1971772,0.63761365,-2.9699712,-16731116
53,52,54,57,"null","null","null",3,1.5692174,3.7661464,-0.39551884,1.2371417,-2.2791743,-16731116
54,53,55,56,"null","null","null",2,1.5692174,3.4248652,-0.6042892,2.4441652,-1.5045781,-12486656
59,51,60,61,"null","null","null",2,1.816105,0.52348053,-3.7907991,2.010226,-1.4433506,-16731116
62,0,63,78,"null","null","null",15,15.467309,3.2514307,-0.9287926,0.33095664,-3.008696,-16731116
63,62,64,73,"null","null","null",8,14.661045,3.5280137,-0.41857076,1.9147083,-2.3703573,-16731116
64,63,65,70,"null","null","null",5,13.539049,3.0657103,-0.61676085,3.2309797,-1.2878677,-16731116
65,64,66,69,"null","null","null",3,8.646205,2.3408196,-0.8562642,3.8025498,-0.34808123,-16731116
66,65,67,68,"null","null","null",2,8.131452,1.6917245,-2.1268134,3.5885527,-0.5755019,-16731116
70,64,71,72,"null","null","null",2,4.1031127,2.8755686,-1.1971772,0.31716225,-3.1081505,-16731116
73,63,74,77,"null","null","null",3,9.112703,1.7924259,-2.1365538,0.60018003,-3.6229587,-16731116
74,73,75,76,"null","null","null",2,2.8684015,2.8755686,-1.1971772,0.63761365,-3.1081505,-12486656
78,62,79,90,"null","null","null",7,12.343301,0.55629253,-2.7521253,0.90259767,-3.4995887,-16731116
79,78,80,89,"null","null","null",6,11.831697,2.1643891,-2.1365538,0.46288577,-3.6629987,-16731116
80,79,81,88,"null","null","null",5,8.795413,3.3591206,-1.1971772,0.63761365,-3.1602027,-16731116
81,80,82,85,"null","null","null",4,7.915596,3.7661464,-0.39551884,1.2371417,-2.5264754,-16731116
82,81,83,84,"null","null","null",2,2.8238122,3.4248652,-0.6042892,2.4441652,-1.5045781,-16731116
85,81,86,87,"null","null","null",2,2.673923,0.90940034,-2.1905565,0.63667953,-3.8270526,-16731116
