index,parent,child1,child2,name1,name2,common,richness,lengthbr,hxmax,hxmin,hymax,hymin,color
0,-268434395,1,125,"null","null","null",746,114.399994,3.4716086,-0.90259933,0.49324417,-2.7780497,-16731116
1,0,2,96,"MICROHYLIDAE","null","Microhylid Frogs",392,77.899994,3.6266332,-0.4628837,2.0824316,-2.1702504,-16731116
2,1,3,91,"null","null","null",377,75.799995,3.1129313,-0.6376127,3.2525864,-1.00327,-16731116
3,2,4,76,"null","null","null",374,74.49999,2.4650185,-1.6620123,3.6276631,-0.39551622,-16731116
4,3,5,45,"null","null","null",366,73.399994,1.3808188,-2.9965081,3.244843,-0.6042876,-16731116
5,4,6,27,"null","null","null",263,68.799995,0.3238794,-3.6018004,2.5519614,-1.21182,-16731116
6,5,7,22,"null","null","null",205,64.7,0.55929744,-3.39391,1.6207746,-2.6721122,-16731116
7,6,8,-268401664,"null","null","null",202,22.5,0.80198634,-2.7202377,0.5171546,-3.4975262,-16731116
8,7,-268406784,9,"null","null","null",116,22.5,2.3613293,-1.9577174,0.50423604,-3.4866838,-16731116
9,8,10,19,"null","null","null",7,8.248073,0.44286594,-3.3444946,1.9094224,-2.543431,-16731116
10,9,11,18,"null","null","null",5,8.248073,0.72911835,-2.660829,0.7546987,-3.436424,-16731116
11,10,12,17,"null","null","null",4,8.248073,2.3305619,-2.0763695,0.48397252,-3.4921467,-16731116
12,11,13,16,"null","null","null",3,8.248073,3.473506,-1.089208,0.6459121,-2.907011,-16731116
13,12,14,15,"null","null","null",2,8.248073,3.8167195,-0.41856888,0.7310578,-2.238163,-16731116
19,9,20,21,"null","null","null",2,8.248073,1.6917348,-2.126794,3.5885613,-0.35959995,-11513776
22,6,23,26,"null","null","null",3,13.353388,1.6001978,-2.9140012,3.120006,-0.31738424,-16731116
23,22,24,25,"null","null","null",2,13.353388,0.4136094,-3.5997503,2.3745227,-0.66423047,-16731116
27,5,-268405760,28,"null","null","null",58,67.5,2.5326,-1.5005674,3.4890275,-0.73706996,-16731116
28,27,29,40,"null","null","null",9,36.373096,3.700976,-0.6717558,1.7065685,-2.3703692,-12486656
29,28,30,39,"null","null","null",6,36.373096,3.290567,-0.6167593,2.9604094,-1.4052896,-12486656
30,29,31,36,"null","null","null",5,36.373096,2.6331298,-1.3545592,3.4508216,-0.34807807,-12486656
31,30,32,35,"null","null","null",3,36.373096,1.6917374,-2.7746086,3.1313152,-0.5754997,-12486656
32,31,33,34,"null","null","null",2,36.373096,0.52729416,-3.5244944,2.3807096,-0.665,-11184866
36,30,37,38,"null","null","null",2,36.373096,3.795209,-0.7052622,0.55371946,-2.2791793,-11184866
40,28,41,44,"null","null","null",3,36.373096,1.7924044,-2.1365607,0.6001846,-3.6229672,-12486656
41,40,42,43,"null","null","null",2,36.373096,2.875552,-1.19719,0.6376126,-3.1081657,-12486656
45,4,46,-268399616,"null","null","null",103,68.6,3.1323981,-0.30319965,3.1734307,-1.1166894,-16731116
46,45,-268402688,47,"null","null","null",54,59.042133,2.4557283,-1.497259,3.6252685,-0.37198845,-12486656
47,46,48,73,"null","null","null",15,40.082653,3.5280132,-0.671756,1.8280936,-2.4606807,-12486656
48,47,49,66,"null","null","null",13,37.964577,3.0657158,-0.6167593,3.118393,-1.2264694,-12486656
49,48,50,65,"null","null","null",9,32.521774,2.3408232,-1.3259904,3.656201,-0.3480779,-12486656
50,49,51,60,"null","null","null",8,32.521774,1.5297194,-2.7374697,3.3983088,-0.5754996,-12486656
51,50,52,57,"null","null","null",5,32.521774,0.33849525,-3.476215,2.727801,-0.81649476,-12486656
52,51,53,56,"null","null","null",3,32.521774,0.52359474,-3.3782682,1.9384072,-2.3110256,-12486656
53,52,54,55,"null","null","null",2,32.521774,0.6580919,-2.7162247,0.86753106,-3.2399724,-12486656
57,51,58,59,"null","null","null",2,32.521774,2.3612099,-0.41842002,3.664683,-0.7950975,-12486656
60,50,61,64,"null","null","null",3,32.521774,3.0981112,-0.2750017,3.0448778,-1.504592,-11184866
61,60,62,63,"null","null","null",2,32.521774,2.3612099,-0.66192484,3.6646829,-0.32387894,-11184866
66,48,67,70,"null","null","null",4,37.964577,3.381466,-1.0122144,0.31716034,-2.9699788,-16731116
67,66,68,69,"null","null","null",2,10.259478,3.7952085,-0.3955158,0.64591235,-2.2791796,-16731116
70,66,71,72,"null","null","null",2,10.259478,0.34452835,-2.854425,0.9791828,-3.1267917,-16731116
73,47,74,75,"null","null","null",2,10.259478,1.0880044,-2.136561,0.6001849,-3.826167,-11184866
76,3,77,88,"null","null","null",8,26.138067,3.6887572,-0.6366839,1.8643913,-2.3868937,-16731116
77,76,78,87,"null","null","null",6,22.521975,3.2311008,-0.62788236,3.0686295,-1.3026878,-16731116
78,77,79,84,"null","null","null",5,20.230238,2.5840416,-1.5287567,3.489027,-0.37198845,-16731116
79,78,80,83,"null","null","null",3,20.230238,1.6001993,-2.9139996,3.120006,-0.5905162,-16731116
80,79,81,82,"null","null","null",2,20.230238,0.41361105,-3.5997496,2.3745227,-0.66423047,-16731116
84,78,85,86,"null","null","null",2,20.230238,3.8167186,-0.671756,0.7310486,-2.2381651,-16731116
88,76,89,90,"null","null","null",2,8.712689,1.2662241,-2.0763717,0.5624019,-3.8140683,-12486656
91,2,92,95,"null","null","null",3,14.031389,3.5548193,-0.9791807,0.3445286,-2.8343034,-16731116
92,91,93,94,"null","null","null",2,14.031389,3.8270519,-0.4410535,0.90937954,-2.1905627,-16731116
96,1,97,124,"null","null","null",15,36.13989,2.390815,-2.0102327,0.52348465,-3.4866858,-12486656
97,96,98,123,"null","null","null",14,35.29865,3.448439,-0.9791807,0.65274733,-2.8752692,-12486656
98,97,99,112,"null","null","null",13,35.29865,3.6887572,-0.4410535,1.8643913,-2.243818,-12486656
99,98,100,111,"null","null","null",7,35.29865,3.2311008,-0.62788236,3.0686295,-1.3026878,-12486656
100,99,101,108,"null","null","null",6,35.29865,2.5840416,-1.6418792,3.489027,-0.37198845,-11184866
101,100,102,107,"null","null","null",4,35.29865,1.6001993,-3.0610588,3.120006,-0.5905162,-12486656
102,101,103,106,"null","null","null",3,35.29865,0.41361105,-3.7909265,2.3745227,-0.66423047,-12486656
103,102,104,105,"null","null","null",2,35.29865,0.54197276,-3.7111826,1.8611755,-1.7914224,-11184866
108,100,109,110,"null","null","null",2,35.29865,3.8167186,-0.671756,0.7310486,-2.2381651,-11184866
112,98,113,120,"null","null","null",6,35.29865,2.3305564,-2.216563,0.5624019,-3.4921482,-16731116
113,112,114,117,"null","null","null",4,35.29865,3.4735022,-0.8707009,0.6459119,-2.907014,-16731116
114,113,115,116,"null","null","null",2,35.29865,3.8167186,-0.41856796,0.7310486,-2.2381651,-16731116
117,113,118,119,"null","null","null",2,35.29865,0.35782766,-2.7162256,0.9025996,-3.2399716,-16731116
120,112,121,122,"null","null","null",2,35.29865,0.48358747,-3.756462,1.9384067,-1.6186283,-11513776
125,0,126,136,"null","null","null",354,99.5,0.8246676,-2.717754,0.8665073,-3.473287,-16731116
126,125,127,135,"null","null","null",323,85.3,2.390815,-1.9835725,0.504236,-3.4551735,-16731116
127,126,128,-268407808,"HYPEROLIIDAE","null","African Wart Frogs, Reed Frogs, Midwife Frogs and more",195,32.1,3.448439,-0.7956033,0.65274733,-2.8343034,-16731116
128,127,129,134,"null","null","null",170,31.275448,3.6887572,-0.4410535,1.9801538,-2.1905627,-16731116
129,128,130,-268400640,"null","null","null",169,31.24002,3.2311008,-0.62788236,3.2191207,-1.1457361,-16731116
130,129,-268404736,131,"null","null","null",129,29.62101,2.5840416,-1.502447,3.6846657,-0.37198845,-16731116
131,130,132,133,"null","null","null",2,4.2114644,3.8167186,-0.671756,0.7310486,-2.2381651,-16731116
135,126,-268408832,-268398592,"ARTHROLEPTIDAE","null","Forest Treefrogs, Night Frogs and more",128,67.0,0.44286638,-3.4026668,1.8172159,-2.6213381,-12486656
136,125,137,180,"null","null","null",31,70.0,0.8210869,-3.5465195,2.6047688,-1.0522668,-16731116
137,136,138,167,"BREVICIPITIDAE","null","null",22,49.899998,0.5419731,-3.393452,1.8248668,-2.5434299,-16731116
138,137,139,156,"null","null","null",15,43.717194,0.6896844,-2.724474,0.67204845,-3.4364238,-16731116
139,138,140,149,"null","null","null",9,43.717194,2.279299,-2.0607529,0.48397216,-3.492148,-16731116
140,139,141,146,"null","null","null",5,43.717194,3.406867,-0.8706999,0.64591193,-2.9070134,-16731116
141,140,142,145,"null","null","null",3,43.717194,3.730092,-0.41856813,1.425092,-2.2381647,-16731116
142,141,143,144,"null","null","null",2,43.717194,3.3284178,-0.6167593,2.59449,-1.4052896,-16731116
146,140,147,148,"null","null","null",2,43.717194,0.35782778,-2.7162247,0.90259945,-3.2399726,-16731116
149,139,150,155,"null","null","null",4,43.717194,0.48358718,-3.405891,1.9384062,-2.6072755,-16731116
150,149,151,154,"null","null","null",3,43.717194,0.658092,-2.7521343,0.8675302,-3.6250958,-16731116
151,150,152,153,"null","null","null",2,43.717194,1.0880071,-2.1365602,0.46288356,-3.826167,-12486656
156,138,157,162,"null","null","null",6,43.717194,0.8449217,-3.4762158,2.7891622,-0.81649756,-16731116
157,156,158,161,"null","null","null",3,43.717194,0.5235951,-3.3782678,1.9384059,-2.3110278,-16731116
158,157,159,160,"null","null","null",2,43.717194,0.658092,-2.7162237,0.8675299,-3.2399733,-16731116
162,156,163,166,"null","null","null",3,43.717194,2.3612096,-0.66483754,3.802748,-0.7950969,-16731116
163,162,164,165,"null","null","null",2,43.717194,1.7788427,-1.9610348,3.6551414,-0.5592975,-12486656
167,137,168,179,"null","null","null",7,31.413649,1.6917357,-2.7374725,3.3983083,-0.35960054,-12486656
168,167,169,176,"null","null","null",6,31.400002,0.33849376,-3.4762158,2.7278008,-0.81649756,-11184866
169,168,170,173,"null","null","null",4,22.379534,0.5235951,-3.3782678,2.0181758,-2.3110278,-11184866
170,169,171,172,"null","null","null",2,22.379534,0.658092,-2.7162237,0.8675299,-3.2399733,-11184866
173,169,174,175,"null","null","null",2,22.379534,1.7788426,-1.961035,3.6551414,-0.401483,-11184866
176,168,177,178,"null","null","null",2,31.4,2.3612096,-0.41842026,3.6646845,-0.7950969,-12486656
180,136,181,192,"","null","Shovelnose Frogs",9,44.789253,2.620214,-1.3259938,3.4931822,-0.7670543,-16731116
181,180,182,189,"null","null","null",6,44.789253,1.6749465,-2.7374723,3.1863828,-0.57549995,-16731116
182,181,183,188,"null","null","null",4,44.789253,0.52729183,-3.4762158,2.4522977,-0.81649756,-16731116
183,182,184,187,"null","null","null",3,44.789253,0.5235951,-3.3782678,1.9384059,-2.3110278,-16731116
184,183,185,186,"null","null","null",2,44.789253,0.658092,-2.7162237,0.8675299,-3.2399733,-16731116
189,181,190,191,"null","null","null",2,44.789253,3.4248767,-0.2750007,2.4441464,-1.5045894,-12486656
192,180,193,196,"null","null","null",3,44.789253,3.7661505,-0.7052617,1.2371192,-2.2791786,-16731116
193,192,194,195,"null","null","null",2,44.789253,3.4248767,-0.6042877,2.4441464,-1.5045893,-16731116
