index,parent,child1,child2,name1,name2,common,richness,lengthbr,hxmax,hxmin,hymax,hymin
0,-268287994,1,156,"null","null","null",145,24.18679,2.4312677,-268287994.6991885,3.6996105,-0.3955179
1,0,2,145,"null","null","null",78,23.394796,1.3321655,-3.0448298,3.3383706,-0.6042887
2,1,3,142,"null","null","null",72,21.6191,0.32388148,-3.6646094,2.6735492,-1.219034
3,2,4,115,"null","null","null",70,19.191216,0.5592989,-3.4755557,1.7338018,-2.6814833
4,3,5,108,"null","null","null",56,17.04955,0.75180197,-2.826377,0.56176186,-3.5096993
5,4,6,107,"null","null","null",52,14.7743845,2.296084,-2.010226,0.5042378,-3.502502
6,5,7,106,"null","null","null",51,13.888288,3.3252785,-0.9791694,0.6527479,-2.8958287
7,6,8,99,"null","null","null",50,13.136178,3.5286388,-0.4410558,1.9450231,-2.2705507
8,7,9,80,"null","null","null",46,11.920112,3.0229423,-0.6278835,3.17344,-1.1457214
9,8,10,79,"null","null","null",36,11.046683,2.3134394,-1.4972792,3.6252685,-0.37199128
10,9,11,74,"null","null","null",35,10.373663,1.4333783,-2.8730674,3.297112,-0.59051806
11,10,12,61,"null","null","null",32,7.678378,0.38598788,-3.5465236,2.6047618,-1.052285
12,11,13,60,"null","null","null",25,5.8863373,0.54197526,-3.3934484,1.8611641,-2.5434442
13,12,14,51,"null","null","null",24,5.8674407,0.6619251,-2.7244682,0.6447661,-3.436429
14,13,15,50,"null","null","null",19,5.101626,2.2184525,-2.0763621,0.48397484,-3.4921432
15,14,16,47,"null","null","null",18,4.9846573,3.327752,-0.87067944,0.64591295,-2.9070032
16,15,17,46,"null","null","null",16,4.54124,3.6272287,-0.4185714,1.8281188,-2.2381577
17,16,18,45,"null","null","null",15,3.4939387,3.1946883,-0.61676115,3.1184103,-1.4052736
18,17,19,36,"null","null","null",14,3.2219849,2.5084915,-1.3385882,3.6562066,-0.34808195
19,18,20,35,"null","null","null",9,2.9039583,1.6917218,-2.753832,3.398305,-0.57550234
20,19,21,32,"null","null","null",8,2.0534139,0.33848113,-3.4974666,2.7277975,-0.95191145
21,20,22,29,"null","null","null",6,1.3909463,0.5235982,-3.4058812,2.0181582,-2.487054
22,21,23,28,"null","null","null",4,0.76223785,0.65809274,-2.752119,0.867511,-3.46879
23,22,24,27,"null","null","null",3,0.5741579,1.7924387,-2.1365497,0.4628873,-3.622954
24,23,25,26,"null","null","null",2,0.25868088,2.8755782,-1.1971695,0.63761425,-3.108142
29,21,30,31,"null","null","null",2,0.25172424,1.7788293,-1.9610618,3.6551313,-0.4014761
32,20,33,34,"null","null","null",2,1.4111494,2.3612065,-0.418422,3.6646938,-0.79509246
36,18,37,44,"null","null","null",5,2.0337164,3.5147946,-0.7052567,1.7809371,-2.279173
37,36,38,43,"null","null","null",4,1.34004,3.0981061,-0.6042896,3.1510963,-1.504575
38,37,39,42,"null","null","null",3,0.9788457,2.3612065,-0.664868,3.8027484,-0.3238832
39,38,40,41,"null","null","null",2,0.38625792,1.7788293,-1.9610618,3.6551313,-0.55930007
47,15,48,49,"null","null","null",2,2.322798,0.35782966,-2.7162046,0.9025972,-3.2399876
51,13,52,57,"null","null","null",5,5.2155905,0.84491885,-3.476213,2.7277985,-0.8165206
52,51,53,56,"null","null","null",3,3.763795,0.52359736,-3.3782544,1.9383965,-2.311049
53,52,54,55,"null","null","null",2,1.4467331,0.65809256,-2.7162046,0.8675156,-3.2399876
57,51,58,59,"null","null","null",2,2.0233579,2.361207,-0.41842157,3.6646912,-0.79509366
61,11,62,69,"null","null","null",7,7.162346,2.6202059,-1.4981518,3.4931793,-0.76705074
62,61,63,68,"null","null","null",4,4.5706115,1.6917254,-2.961268,3.1863718,-0.5755017
63,62,64,67,"null","null","null",3,4.311228,0.5272785,-3.7671375,2.4522836,-0.665
64,63,65,66,"null","null","null",2,2.1708174,0.52359736,-3.7564564,1.9383965,-1.6186526
69,61,70,73,"null","null","null",3,4.617617,3.7661467,-0.705258,1.2371399,-2.2791743
70,69,71,72,"null","null","null",2,2.0945415,3.4248662,-0.60428905,2.4441638,-1.5045791
74,10,75,78,"null","null","null",3,9.181927,3.0657108,-0.28912932,3.1667461,-1.4052775
75,74,76,77,"null","null","null",2,7.0464067,2.3408198,-0.65809166,3.719047,-0.34808096
80,8,81,96,"null","null","null",10,9.556269,3.25143,-0.9287927,0.33095652,-2.9723577
81,80,82,89,"null","null","null",8,6.0665636,3.5280137,-0.41857052,1.9147071,-2.3231168
82,81,83,88,"null","null","null",4,5.650237,3.0657108,-0.6167606,3.230979,-1.4052775
83,82,84,87,"null","null","null",3,4.5496187,2.3408198,-0.856262,3.8025498,-0.34808096
84,83,85,86,"null","null","null",2,0.8927036,1.6917254,-2.1268115,3.5885534,-0.5755017
89,81,90,95,"null","null","null",4,5.119853,2.1815863,-2.1365547,0.6001805,-3.5166664
90,89,91,94,"null","null","null",3,3.6408808,3.3814778,-1.1971784,0.6376136,-2.9699712
91,90,92,93,"null","null","null",2,1.0608039,3.7952118,-0.3955186,0.6459114,-2.2791743
96,80,97,98,"null","null","null",2,3.797764,0.35782912,-2.7162104,0.9025978,-3.239983
99,7,100,103,"null","null","null",4,11.892502,1.9703119,-2.2165534,0.5623976,-3.5523148
100,99,101,102,"null","null","null",2,4.756435,3.0051737,-1.0892006,0.64591265,-2.9852276
103,99,104,105,"null","null","null",2,4.156784,0.48358327,-3.756458,1.9383984,-1.6186465
108,4,109,112,"null","null","null",4,6.8780966,0.8210846,-3.790929,2.7051485,-0.47381967
109,108,110,111,"null","null","null",2,2.2864757,0.54197484,-3.7111773,1.8611662,-1.7914411
112,108,113,114,"null","null","null",2,4.27478,2.3408206,-0.42902395,3.7190466,-0.76705146
115,3,116,135,"null","null","null",14,16.392189,1.4333808,-2.882834,3.374333,-0.3173806
116,115,117,132,"","null","Fish-eagles and Sea-eagles",10,12.644865,0.29949018,-3.5592227,2.7051485,-1.1988084
117,116,118,125,"null","null","null",8,11.487383,0.54197484,-3.409959,1.730665,-2.7339265
118,117,119,122,"null","null","null",4,10.541409,0.661925,-2.745932,0.49050736,-3.6840591
119,118,120,121,"null","null","null",2,0.27411923,1.2662436,-2.076365,0.483974,-3.814066
122,118,123,124,"null","null","null",2,1.759179,0.8449197,-3.5245035,2.3807096,-0.39556193
125,117,126,131,"null","null","null",4,6.7712636,1.6917262,-2.9612668,3.1863725,-0.35959634
126,125,127,130,"null","null","null",3,6.227253,0.5272789,-3.767137,2.4522848,-0.665
127,126,128,129,"null","null","null",2,1.807746,0.5235972,-3.7564566,1.9383972,-1.6186507
132,116,133,134,"null","null","null",2,6.698477,2.3408206,-0.42902395,3.7190466,-0.76705146
135,115,136,139,"null","null","null",4,9.460926,3.0657115,-0.28912896,3.1667447,-1.2878697
136,135,137,138,"null","null","null",2,4.8711457,2.3408206,-0.65809166,3.7190466,-0.34808072
139,135,140,141,"null","null","null",2,1.3855993,2.8755677,-1.1971774,0.31716195,-3.108151
142,2,143,144,"null","null","null",2,6.9129863,2.3134408,-0.4390186,3.7626104,-0.7370672
145,1,146,155,"null","null","null",6,22.239964,3.022944,-0.30320084,3.0686398,-1.3026779
146,145,147,154,"null","null","null",5,15.4603,2.3134408,-1.6418946,3.4890308,-0.37199068
147,146,148,153,"null","null","null",4,14.909105,1.600189,-3.0610695,3.1200047,-0.5905177
148,147,149,152,"null","null","null",3,5.211338,0.4135974,-3.790929,2.374522,-0.66423035
149,148,150,151,"null","null","null",2,2.5734067,0.54197484,-3.7111773,1.8611662,-1.7914411
156,0,157,280,"","null","Sparrowhawks and more",67,22.90838,3.6128294,-0.6366811,1.8644058,-2.2438107
157,156,158,259,"null","null","null",62,22.320486,3.1323915,-0.6278832,3.0686398,-1.1618745
158,157,159,242,"null","null","null",51,22.034208,2.4557223,-1.4707837,3.4890308,-0.37199068
159,158,160,217,"null","null","null",42,20.13179,1.5333138,-2.8386252,3.1200047,-0.5905177
160,159,161,216,"null","null","null",29,18.729969,0.4135974,-3.5017514,2.374522,-1.1122098
161,160,162,191,"null","null","null",28,17.943241,0.54197484,-3.3352463,1.824858,-2.6213484
162,161,163,190,"null","null","null",15,12.005622,0.68969655,-2.6488056,0.75469065,-3.5377076
163,162,164,179,"null","null","null",14,11.811549,2.2793093,-2.0607436,0.483974,-3.6238089
164,163,165,172,"null","null","null",8,9.313799,3.4068704,-0.8866478,0.64591265,-3.0781698
165,164,166,169,"null","null","null",4,6.51974,3.7300863,-0.41857052,1.4251142,-2.4606724
166,165,167,168,"null","null","null",2,0.7746569,3.328405,-0.6167606,2.5945082,-1.4052775
169,165,170,171,"null","null","null",2,2.237149,1.0880251,-2.1365547,0.6001805,-3.8261662
172,164,173,178,"null","null","null",4,4.3459415,0.35782912,-2.7521262,0.9025978,-3.4687884
173,172,174,177,"null","null","null",3,2.4870372,1.7924242,-2.1365547,0.46288556,-3.6229591
174,173,175,176,"null","null","null",2,1.2162149,2.8755672,-1.1971784,0.6376136,-3.108152
179,163,180,189,"null","null","null",6,5.9099336,0.48358327,-3.405886,1.9383984,-2.4241524
180,179,181,188,"null","null","null",5,5.9099336,0.65809244,-2.7521262,0.8675197,-3.3870246
181,180,182,187,"null","null","null",4,5.2575707,2.1815863,-2.1365547,0.46288556,-3.5166664
182,181,183,186,"null","null","null",3,3.4760306,3.3814778,-1.1971784,0.6376136,-2.9699712
183,182,184,185,"null","null","null",2,2.5486305,3.7952118,-0.3955186,0.6459114,-2.2791743
191,161,192,211,"null","null","null",13,12.318212,1.5297068,-2.8080394,3.3983064,-0.35959634
192,191,193,208,"null","null","null",10,8.5132885,0.33848524,-3.5679414,2.727799,-0.95190483
193,192,194,205,"null","null","null",8,4.8138804,0.5235972,-3.4975023,2.0181632,-2.4870493
194,193,195,200,"null","null","null",6,3.0753248,0.6580925,-2.8712273,0.6456994,-3.468789
195,194,196,199,"null","null","null",3,1.8981203,1.7924293,-2.136553,0.46288618,-3.6229572
196,195,197,198,"null","null","null",2,1.4866866,2.875571,-1.1971751,0.6376138,-3.108148
200,194,201,204,"null","null","null",3,3.0753248,0.8665049,-3.7314687,2.5607405,-0.38339588
201,200,202,203,"null","null","null",2,3.0753248,0.5042385,-3.790799,2.0102236,-1.4433553
205,193,206,207,"null","null","null",2,3.409966,1.7788322,-1.961056,3.6551337,-0.4014782
208,192,209,210,"null","null","null",2,2.9471297,2.3612077,-0.41842145,3.6646914,-0.7950939
211,191,212,215,"null","null","null",3,4.455061,3.0981073,-0.2750013,3.0448956,-1.5045784
212,211,213,214,"null","null","null",2,1.5319263,2.3612077,-0.6619245,3.6646914,-0.32388234
217,159,218,233,"null","null","null",13,16.808903,3.2905605,-0.28912896,2.9930007,-1.2264566
218,217,219,230,"null","null","null",8,12.510654,2.6331244,-1.4981501,3.4931793,-0.34808072
219,218,220,225,"null","null","null",6,11.134526,1.5297068,-2.9612668,3.1863725,-0.57550156
220,219,221,224,"null","null","null",3,4.2964706,0.5272789,-3.767137,2.4522848,-0.665
221,220,222,223,"null","null","null",2,2.0384288,0.5235972,-3.7564566,1.9383972,-1.6186507
225,219,226,229,"null","null","null",3,6.0853543,3.0981073,-0.2750013,3.0448956,-1.5045784
226,225,227,228,"null","null","null",2,2.848292,2.3612077,-0.6619245,3.6646914,-0.32388234
230,218,231,232,"null","null","null",2,5.130414,3.7952118,-0.70525837,0.5537423,-2.2791748
233,217,234,241,"null","null","null",5,5.9548106,3.165772,-1.1971774,0.31716195,-2.9699717
234,233,235,240,"null","null","null",4,5.3048587,3.5147939,-0.3955187,1.6992416,-2.2791748
235,234,236,239,"null","null","null",3,3.5050893,3.0981073,-0.6042891,3.0448956,-1.5045784
236,235,237,238,"null","null","null",2,1.4400597,2.3612077,-0.6619245,3.6646914,-0.32388234
242,158,243,256,"null","null","null",9,12.616595,3.528014,-0.6717526,1.8281112,-2.4606729
243,242,244,255,"null","null","null",7,12.616595,3.0657115,-0.61676055,3.1184053,-1.4052784
244,243,245,254,"null","null","null",6,6.4890075,2.3408206,-1.4981501,3.6562052,-0.34808072
245,244,246,253,"null","null","null",5,3.6849616,1.6917262,-2.9612668,3.3983064,-0.57550156
246,245,247,250,"null","null","null",4,1.4844272,0.33848524,-3.767137,2.727799,-0.665
247,246,248,249,"null","null","null",2,1.4844272,0.5235972,-3.7564566,1.9383972,-1.6186507
250,246,251,252,"null","null","null",2,1.4844272,2.3612077,-0.41842145,3.6646914,-0.7950939
256,242,257,258,"null","null","null",2,3.3105323,1.0880258,-2.1365545,0.60018086,-3.8261662
259,157,260,279,"null","null","null",11,16.108454,3.2514293,-1.0892012,0.33095616,-3.0086977
260,259,261,272,"null","null","null",10,13.716048,3.528014,-0.41857028,1.7065854,-2.3703585
261,260,262,271,"null","null","null",6,7.724389,3.0657115,-0.61676055,2.960422,-1.4052784
262,261,263,270,"null","null","null",5,5.097196,2.3408206,-1.3545806,3.4508271,-0.34808072
263,262,264,267,"null","null","null",4,4.511845,1.674933,-2.7746265,3.1313148,-0.57550156
264,263,265,266,"null","null","null",2,1.6174082,0.5272789,-3.524505,2.3807096,-0.665
267,263,268,269,"null","null","null",2,0.13642943,3.424866,-0.2750013,2.4441643,-1.5045784
272,260,273,276,"null","null","null",4,10.494535,1.7924247,-2.3054044,0.60018086,-3.6229587
273,272,274,275,"null","null","null",2,3.2731974,2.8755677,-1.1971774,0.63761365,-3.108151
276,272,277,278,"null","null","null",2,2.6092575,0.5234808,-3.7907987,2.0102253,-1.4433522
280,156,281,286,"null","null","null",5,13.976333,2.3305707,-2.2165542,0.5623986,-3.492145
281,280,282,285,"null","null","null",3,8.737057,3.4735112,-1.0892012,0.6459125,-2.9070072
282,281,283,284,"null","null","null",2,2.6306543,3.8167205,-0.41857028,0.73106873,-2.2381606
286,280,287,288,"null","null","null",2,2.8943446,0.4835837,-3.7564578,1.938399,-1.6186463
