index,parent,child1,child2,name1,name2,common,richness,lengthbr,hxmax,hxmin,hymax,hymin,color
0,-268312569,1,118,"null","null","null",1218,42.228542,2.4650118,-1.6623937,3.6276627,-0.7052587,-16731116
1,0,2,54,"null","null","null",1144,34.879433,1.3321645,-2.9969957,3.2448382,-0.6042888,-16731116
2,1,3,19,"null","null","null",1049,34.736122,0.32388172,-3.6024241,2.5519571,-1.2178503,-16731116
3,2,4,18,"null","null","null",1031,33.21493,0.5592991,-3.3947136,1.6930455,-2.6799438,-16731116
4,3,5,8,"null","null","null",832,31.2272,0.7518035,-2.7212825,0.51714545,-3.507697,-16731116
5,4,6,-268261376,"null","null","null",704,28.762695,2.2960854,-1.9830884,0.50423795,-3.499898,-16731116
6,5,7,-268255232,"null","null","null",558,27.191751,3.3252792,-0.7955922,0.652748,-2.8924432,-16731116
7,6,-268268544,-268252160,"","null","Whiteyes, Babblers, Parrotbills and more",439,25.310085,3.5286388,-0.441056,1.9760431,-2.26615,-16731116
8,4,-268257280,9,"","null","Bulbuls and Tetrakas",128,29.98204,0.8210844,-3.5544672,2.6047633,-1.087885,-16731116
9,8,10,17,"Sylviidae","null","Old World warblers",5,17.32859,2.3408208,-1.4981474,3.4931793,-0.7670516,-12486656
10,9,11,16,"null","null","null",4,14.242109,1.6917281,-2.9612648,3.1863742,-0.5755012,-12486656
11,10,12,15,"null","null","null",3,9.299184,0.5272817,-3.7671363,2.4522867,-0.665,-12486656
12,11,13,14,"null","null","null",2,4.6613283,0.5235968,-3.7564573,1.9383985,-1.6186471,-12486656
18,3,-268269568,-268253184,"null","null","null",199,30.411577,1.5078561,-2.8773634,3.2826333,-0.31738016,-16731116
19,2,20,45,"Sylviidae","null","Old World warblers",18,28.574924,2.4557228,-1.5047891,3.48903,-0.737067,-16731116
20,19,21,38,"null","null","null",13,24.36645,1.4333814,-2.882833,3.1200042,-0.59051764,-16731116
21,20,22,37,"","null","Crombecs",9,20.187466,0.4135989,-3.559222,2.3745215,-1.0522804,-16731116
22,21,23,34,"null","null","null",8,15.505049,0.5419747,-3.4099584,1.9094133,-2.5434403,-16731116
23,22,24,31,"null","null","null",6,13.749157,0.72913146,-2.7459316,0.49050635,-3.4364276,-16731116
24,23,25,30,"null","null","null",4,10.315719,2.330574,-2.0763643,0.48397422,-3.492144,-16731116
25,24,26,29,"null","null","null",3,9.065195,3.4735134,-1.0891994,0.64591277,-2.9070053,-16731116
26,25,27,28,"null","null","null",2,6.1636324,3.816721,-0.41857076,0.7310724,-2.2381592,-16731116
31,23,32,33,"null","null","null",2,8.373881,0.84491944,-3.5245032,2.3807092,-0.39556205,-16731116
34,22,35,36,"null","null","null",2,5.134995,1.6917281,-2.1268067,3.5885556,-0.35959655,-16731116
38,20,39,44,"null","null","null",4,19.36838,3.065712,-0.2891289,3.2309766,-1.4052806,-16731116
39,38,40,43,"null","null","null",3,13.211997,2.3408208,-0.85625637,3.8025498,-0.34808022,-16731116
40,39,41,42,"null","null","null",2,8.305842,1.6917281,-2.1268067,3.5885556,-0.5755012,-16731116
45,19,46,53,"","null","Longbills",5,23.720453,3.5280137,-0.67175275,1.8652921,-2.238161,-16731116
46,45,47,50,"null","null","null",4,16.055534,3.065712,-0.6167603,3.1667423,-1.2878731,-16731116
47,46,48,49,"null","null","null",2,6.5498633,2.3408208,-0.6580918,3.7190452,-0.34808022,-12486656
50,46,51,52,"null","null","null",2,7.5973835,2.8755634,-1.1971815,0.31716168,-3.1081553,-16731116
54,1,55,113,"null","null","null",95,33.870785,3.0229437,-0.303201,3.2137613,-1.1166797,-16731116
55,54,56,112,"","null","Larks and more",92,26.68881,2.3134403,-1.5127466,3.677689,-0.37199056,-16731116
56,55,57,95,"Alaudidae","null","Larks",91,23.449266,1.5333146,-2.8931777,3.365261,-0.59051764,-16731116
57,56,-268258304,58,"null","null","null",82,21.758768,0.39173198,-3.57267,2.6933553,-1.0751618,-16731116
58,57,59,92,"null","null","null",19,19.93434,2.6331253,-1.3802794,3.6925116,-0.7670516,-16731116
59,58,60,85,"null","null","null",17,19.623209,1.5297087,-2.8080366,3.445506,-0.5755012,-16731116
60,59,61,78,"null","null","null",13,15.081703,0.47730488,-3.5679398,2.7891583,-0.9035219,-16731116
61,60,62,77,"null","null","null",9,10.188223,0.5235968,-3.4975019,1.9383985,-2.4241529,-12486656
62,61,63,72,"null","null","null",8,7.886382,0.6580924,-2.8712268,0.6457026,-3.3870258,-12486656
63,62,64,71,"null","null","null",5,6.5283513,2.1815877,-2.1365538,0.46288577,-3.516667,-16731116
64,63,65,68,"null","null","null",4,4.9655876,3.3814788,-1.0121964,0.63761365,-2.9699712,-16731116
65,64,66,67,"null","null","null",2,1.3685288,3.7952123,-0.39551884,0.64591134,-2.2791743,-16731116
68,64,69,70,"null","null","null",2,2.4934022,0.3445301,-2.8544078,0.9791694,-3.1268065,-16731116
72,62,73,76,"null","null","null",3,5.5605206,0.86650527,-3.7314665,2.5607443,-0.38339564,-8572416
73,72,74,75,"null","null","null",2,2.3521056,0.5042378,-3.7907991,2.010226,-1.4433506,-8572416
78,60,79,82,"null","null","null",4,12.57155,2.673549,-0.6648546,3.8027482,-0.7950944,-16731116
79,78,80,81,"null","null","null",2,3.1574411,1.7788353,-1.9610502,3.6551359,-0.5592989,-16731116
82,78,83,84,"null","null","null",2,12.209856,3.76261,-0.7370672,0.4390186,-2.3134408,-16731116
85,59,86,91,"null","null","null",4,5.6167283,3.0981078,-0.27500102,3.1510901,-1.5045819,-16731116
86,85,87,90,"null","null","null",3,4.31131,2.3612075,-0.6648546,3.8027482,-0.32388148,-16731116
87,86,88,89,"null","null","null",2,1.3405123,1.7788353,-1.9610502,3.6551359,-0.5592989,-12486656
92,58,93,94,"","null","Hoopoe-Larks",2,5.625689,3.795211,-0.705259,0.5537361,-2.2791758,-16731116
95,56,96,109,"null","null","null",9,15.38006,3.2905617,-0.2891289,2.9929993,-1.2878731,-16731116
96,95,97,106,"","null","Sparrow-larks",7,9.607365,2.6331253,-1.3260034,3.4931793,-0.34808022,-16731116
97,96,98,105,"null","null","null",5,6.447823,1.6917281,-2.7374778,3.1863742,-0.5755012,-16731116
98,97,99,104,"null","null","null",4,5.622206,0.5272817,-3.4762132,2.4522867,-0.8165151,-16731116
99,98,100,103,"null","null","null",3,3.1383576,0.5235968,-3.3782573,1.9383985,-2.311044,-16731116
100,99,101,102,"null","null","null",2,1.9578094,0.6580924,-2.716209,0.867519,-3.2399843,-16731116
106,96,107,108,"null","null","null",2,2.5199995,3.795211,-0.705259,0.5537361,-2.2791758,-16731116
109,95,110,111,"null","null","null",2,9.153135,2.8755634,-1.1971815,0.31716168,-3.1081553,-16731116
113,54,114,117,"Pycnonotidae","null","Nicators",3,14.603778,3.4735096,-1.0892038,0.3309561,-2.9070082,-16731116
114,113,115,116,"null","null","null",2,10.788183,3.8167202,-0.4185698,0.73106515,-2.238161,-16731116
118,0,119,155,"","null","Tits, Chickadees and more",74,40.57676,3.6887553,-0.63668066,1.9384282,-2.3023288,-16731116
119,118,120,134,"null","null","null",64,36.380978,3.2310948,-0.6278832,3.1648693,-1.1457253,-16731116
120,119,121,131,"Paridae","null","Tits and Chickadees",53,28.027155,2.5840368,-1.5005817,3.6141295,-0.37199056,-16731116
121,120,122,130,"null","null","null",51,21.213272,1.6001897,-2.8773634,3.2826333,-0.59051764,-16731116
122,121,-268262400,123,"null","null","null",50,18.965822,0.29949006,-3.5521116,2.5859394,-1.1122096,-16731116
123,122,124,129,"null","null","null",4,9.147253,2.3408208,-1.3545772,3.4508257,-0.7670516,-16731116
124,123,125,128,"null","null","null",3,5.7871437,1.6917281,-2.7746239,3.1313145,-0.5755012,-16731116
125,124,126,127,"null","null","null",2,2.6727867,0.5272817,-3.5245032,2.3807092,-0.665,-16731116
131,120,132,133,"null","null","null",2,23.652391,3.8167202,-0.67175275,0.73106515,-2.238161,-16731116
134,119,135,154,"Remizidae","null","Penduline-tits",11,30.440546,3.3844748,-1.0892038,0.3309561,-2.9723606,-16731116
135,134,136,147,"null","null","null",10,22.240913,3.700975,-0.4185698,1.7065823,-2.3231192,-16731116
136,135,137,146,"null","null","null",6,15.688252,3.2905617,-0.6167603,2.9604197,-1.4052806,-16731116
137,136,138,143,"null","null","null",5,11.321594,2.6331253,-1.3545772,3.4508257,-0.34808022,-16731116
138,137,139,142,"null","null","null",3,6.715411,1.6917281,-2.7746239,3.1313145,-0.5755012,-16731116
139,138,140,141,"null","null","null",2,4.0980854,0.5272817,-3.5245032,2.3807092,-0.665,-16731116
143,137,144,145,"null","null","null",2,4.009455,3.795211,-0.705259,0.5537361,-2.2791758,-16731116
147,135,148,153,"null","null","null",4,13.3501835,2.1815815,-2.1365566,0.6001816,-3.5166674,-16731116
148,147,149,152,"null","null","null",3,7.4583335,3.381475,-1.1971815,0.6376133,-2.9699733,-16731116
149,148,150,151,"null","null","null",2,4.478501,3.795211,-0.3955179,0.64591163,-2.2791758,-16731116
155,118,156,171,"null","null","null",10,36.26907,2.1597354,-2.216556,0.5623988,-3.6238103,-16731116
156,155,157,170,"null","null","null",8,32.398907,3.2514277,-1.0892038,0.6459124,-3.0781724,-16731116
157,156,158,167,"null","null","null",7,27.701923,3.5280137,-0.4185698,1.9147029,-2.4606745,-16731116
158,157,159,164,"Monarchidae","null","Monarchs",5,16.839151,3.065712,-0.6167603,3.2309766,-1.2878731,-16731116
159,158,160,163,"null","null","null",3,11.762047,2.3408208,-0.85625637,3.8025498,-0.34808022,-16731116
160,159,161,162,"null","null","null",2,3.9996827,1.6917281,-2.1268067,3.5885556,-0.5755012,-16731116
164,158,165,166,"null","null","null",2,5.572076,2.8755634,-1.1971815,0.31716168,-3.1081553,-16731116
167,157,168,169,"Muscicapidae","null","Chats and Old World flycatchers",2,4.9914746,1.0880196,-2.1365566,0.6001816,-3.8261666,-16731116
171,155,172,173,"null","null","null",2,10.76812,0.48358452,-3.7564592,1.9384005,-1.6186413,-16731116
