index,parent,child1,child2,name1,name2,common,richness,lengthbr,hxmax,hxmin,hymax,hymin,color
0,-268258199,1,86,"null","null","null",50,7.769404,0.82467306,-2.677441,0.8665067,-3.4975266,-16731116
1,0,2,59,"ANAS","null","Teals, Shovelers and more",43,7.3707514,2.39082,-1.9868102,0.50423664,-3.486682,-16731116
2,1,3,50,"null","null","null",29,5.766507,3.4484415,-0.80513644,0.6527476,-2.8752637,-16731116
3,2,4,31,"null","null","null",24,4.237943,3.688756,-0.44105458,1.864401,-2.243813,-12486656
4,3,5,20,"null","null","null",14,3.9861689,3.2310967,-0.62788296,3.0686367,-1.1166822,-12486656
5,4,6,17,"null","null","null",8,3.7604358,2.5840383,-1.4436002,3.4890296,-0.37198997,-12486656
6,5,7,14,"null","null","null",6,3.373807,1.5501379,-2.8032897,3.1200051,-0.5905173,-11184866
7,6,8,13,"null","null","null",4,1.5967342,0.4136008,-3.4558184,2.3745222,-0.9977391,-8572416
8,7,9,12,"null","null","null",3,0.5055324,0.5419743,-3.2755356,1.8611686,-2.4725387,-8572416
9,8,10,11,"null","null","null",2,0.35145804,0.6619249,-2.571182,0.7546941,-3.3442578,-11184866
14,6,15,16,"null","null","null",2,0.0364334,3.3284092,-0.28912854,2.5945022,-1.4052815,-16731116
17,5,18,19,"null","null","null",2,2.2223165,3.81672,-0.67175364,0.73106325,-2.2381618,-16731116
20,4,21,28,"null","null","null",6,3.371324,3.251427,-0.9287933,0.33095574,-2.9070091,-16731116
21,20,22,27,"null","null","null",4,1.6882745,3.5280137,-0.41856956,1.8652903,-2.2381618,-16731116
22,21,23,26,"null","null","null",3,1.4953239,3.0657125,-0.6167602,3.1667411,-1.4052815,-16731116
23,22,24,25,"null","null","null",2,1.0939295,2.3408213,-0.6580918,3.719045,-0.34807998,-16731116
28,20,29,30,"null","null","null",2,1.4829396,0.3578286,-2.7162137,0.9025985,-3.2399807,-12486656
31,3,32,49,"null","null","null",10,1.5011221,2.2575555,-2.0763676,0.56239974,-3.492146,-16731116
32,31,33,48,"null","null","null",9,0.8289119,3.3785946,-1.0892045,0.64591235,-2.9070091,-12486656
33,32,34,47,"null","null","null",8,0.6972726,3.6933317,-0.41856956,1.7065808,-2.2381618,-12486656
34,33,35,46,"null","null","null",7,0.6379966,3.2806258,-0.6167602,2.9604187,-1.4052815,-12486656
35,34,36,41,"null","null","null",6,0.5183891,2.6202087,-1.354575,3.4508257,-0.34807998,-12486656
36,35,37,40,"null","null","null",3,0.3608303,1.691729,-2.774622,3.131315,-0.5755011,-16731116
37,36,38,39,"null","null","null",2,0.059385836,0.52728236,-3.524502,2.38071,-0.665,-16731116
41,35,42,45,"null","null","null",3,0.41176412,3.7661476,-0.7052593,1.2371349,-2.2791758,-12486656
42,41,43,44,"null","null","null",2,0.15029441,3.4248686,-0.6042887,2.4441597,-1.5045813,-16731116
50,2,51,56,"null","null","null",5,2.9489632,0.45199895,-2.745932,0.8857578,-3.4827113,-16731116
51,50,52,55,"null","null","null",3,1.5261959,1.970305,-2.0763676,0.48397315,-3.5523176,-16731116
52,51,53,54,"null","null","null",2,0.31647962,3.005169,-1.0892045,0.64591235,-2.9852326,-16731116
56,50,57,58,"null","null","null",2,0.86440635,0.84492064,-3.5245004,2.3807096,-0.39556143,-16731116
59,1,60,81,"null","null","null",14,6.567073,0.44286472,-3.4099588,1.7061995,-2.6213427,-16731116
60,59,61,78,"null","null","null",11,4.4219255,0.66192484,-2.745932,0.49051046,-3.537706,-16731116
61,60,62,73,"null","null","null",9,4.0150223,2.1597342,-2.0484686,0.48397315,-3.6238103,-16731116
62,61,63,72,"null","null","null",6,1.374982,3.251427,-1.0892045,0.64591235,-3.0781732,-16731116
63,62,64,69,"null","null","null",5,1.1884155,3.5280137,-0.41856956,1.8652903,-2.4606752,-16731116
64,63,65,68,"null","null","null",3,0.35014963,3.0657125,-0.6167602,3.1667411,-1.4052815,-16731116
65,64,66,67,"null","null","null",2,0.14892337,2.3408213,-0.6580918,3.719045,-0.34807998,-16731116
69,63,70,71,"null","null","null",2,0.19127333,1.0880204,-2.1365561,0.60018194,-3.8261666,-16731116
73,61,74,77,"null","null","null",3,3.6300128,0.48358494,-3.3782606,1.9384013,-2.3110383,-16731116
74,73,75,76,"null","null","null",2,0.41088653,0.65809226,-2.7162137,0.86752254,-3.2399807,-16731116
78,60,79,80,"null","null","null",2,2.0272954,0.84492064,-3.5245004,2.3807096,-0.39556143,-16731116
81,59,82,85,"null","null","null",3,3.252722,1.691732,-2.774617,3.131315,-0.3595987,-12486656
82,81,83,84,"null","null","null",2,2.5071204,0.5272873,-3.524499,2.3807096,-0.665,-11184866
86,0,87,94,"null","null","null",7,4.801012,0.82108605,-3.455818,2.7422638,-0.9977351,-16731116
87,86,88,91,"TACHYERES","null","Steamerducks",4,0.71244186,0.5419738,-3.2755368,1.9094191,-2.4725354,-16731116
88,87,89,90,"null","null","null",2,0.04667267,0.66192484,-2.5711837,0.7546954,-3.3442564,-16731116
91,87,92,93,"null","null","null",2,0.037651643,1.691732,-2.1267989,3.5885592,-0.3595987,-16731116
94,86,95,98,"null","null","null",3,4.344879,2.3408217,-0.85624695,3.8025503,-0.7670531,-16731116
95,94,96,97,"null","null","null",2,3.0440538,1.6917326,-2.1267982,3.5885592,-0.57550055,-16731116
