index,parent,child1,child2,name1,name2,common,richness,lengthbr,hxmax,hxmin,hymax,hymin,color
0,-268435453,1,190,"Testudines","null","Turtles, Tortoises and Terrapins",233,209.2285,3.4995472,-0.8665072,0.805539,-2.7233973,-11184866
1,0,2,137,"null","null","null",214,162.2443,3.4893112,-0.50423604,2.3659477,-1.9827056,-11184866
2,1,3,132,"null","null","null",187,112.1235,2.8786826,-0.65274733,3.4161112,-0.76731753,-11184866
3,2,4,119,"null","null","null",184,90.98303,2.2438178,-1.9506574,3.646731,-0.44105357,-11184866
4,3,5,114,"null","null","null",177,82.422516,1.1166892,-3.1807752,3.1764662,-0.62788236,-11184866
5,4,6,37,"null","null","null",174,77.2683,0.3719885,-3.634816,2.5130167,-1.4721657,-11184866
6,5,7,25,"null","null","null",135,60.872627,0.5905163,-3.309531,1.4907149,-2.84043,-11184866
7,6,-268243968,8,"null","null","null",75,57.471767,1.1121973,-2.6209052,0.38599873,-3.5041075,-11184866
8,7,9,20,"","null","Neotropical Wood Turtles",9,26.71475,0.76705414,-3.5294893,2.620213,-1.325995,-12486656
9,8,10,19,"null","null","null",6,19.76285,0.57550013,-3.2335815,1.6917346,-2.7374728,-12486656
10,9,11,18,"null","null","null",5,12.92034,0.8165023,-2.513656,0.5272892,-3.4762144,-12486656
11,10,12,15,"null","null","null",4,4.2268014,2.3110323,-2.0181732,0.52359545,-3.3782644,-12486656
12,11,13,14,"null","null","null",2,2.669094,3.2399766,-0.8675265,0.6580921,-2.716219,-12486656
15,11,16,17,"null","null","null",2,2.3234186,0.401482,-3.6551394,1.7788401,-1.9610406,-16777216
20,8,21,24,"null","null","null",3,20.018425,2.2791781,-1.2371211,3.76615,-0.70526135,-12486656
21,20,22,23,"null","null","null",2,11.349647,1.5045888,-2.444148,3.4248753,-0.60428786,-12486656
25,6,-268242944,26,"","null","Tortoises",60,51.538223,1.3110149,-3.1463249,3.1946964,-0.28912768,-11184866
26,25,27,34,"null","null","null",6,39.983986,3.160211,-0.3171607,3.359116,-1.0122108,-11184866
27,26,28,31,"","null","Gopher Tortoises",4,19.916256,2.5264823,-1.2371192,3.766151,-0.3955164,-11184866
28,27,29,30,"null","null","null",2,6.3335195,1.5045897,-2.4441464,3.4248772,-0.60428774,-11184866
31,27,32,33,"null","null","null",2,8.582683,3.827052,-0.6366836,0.909381,-2.190562,-11184866
34,26,35,36,"null","null","null",2,20.4139,3.1267948,-0.97918,0.34452868,-2.8544214,-11184866
37,5,38,113,"null","null","null",39,38.791927,2.2381644,-1.8495796,3.6569135,-0.6717557,-12486656
38,37,39,92,"null","null","null",38,33.99327,1.3110167,-3.1463237,3.2332857,-0.6167594,-12486656
39,38,40,73,"null","null","null",27,17.764652,0.34807813,-3.6925101,2.5586643,-1.343868,-12486656
40,39,41,72,"null","null","null",17,8.893874,0.5754999,-3.4455094,1.6917357,-2.760709,-12486656
41,40,42,67,"null","null","null",16,7.6950607,0.9701148,-2.7891622,0.33849317,-3.5064232,-12486656
42,41,43,66,"null","null","null",13,4.408071,2.5107298,-1.9384052,0.5235952,-3.4175372,-12486656
43,42,44,65,"null","null","null",12,2.154237,3.499585,-0.8675283,0.658092,-2.767274,-12486656
44,43,45,56,"","null","Map Turtles",11,1.2113147,3.6630013,-0.4628839,2.015647,-2.1562426,-12486656
45,44,46,55,"null","null","null",6,0.85237885,3.1602092,-0.6376129,3.1657646,-1.197186,-12486656
46,45,47,52,"null","null","null",5,0.7386313,2.5264807,-1.6992283,3.5147924,-0.3955168,-12486656
47,46,48,51,"null","null","null",3,0.68344235,1.5045863,-3.0448856,3.0981097,-0.6042881,-12486656
48,47,49,50,"null","null","null",2,0.5687201,0.32388037,-3.664687,2.361209,-0.66192466,-12486656
52,46,53,54,"null","null","null",2,0.23850387,3.827052,-0.6366827,0.9093875,-2.1905606,-8572416
56,44,57,64,"null","null","null",5,0.71779364,2.47265,-2.010231,0.523484,-3.4551716,-11184866
57,56,58,61,"null","null","null",4,0.4597754,3.554822,-0.72747266,0.6527475,-2.8343005,-11184866
58,57,59,60,"null","null","null",2,0.18202658,3.827052,-0.44105422,0.9093875,-2.1905606,-8572416
61,57,62,63,"null","null","null",2,0.17742424,0.37080052,-2.5711858,0.88575804,-3.344255,-12486656
67,41,68,71,"null","null","null",3,5.9843507,0.79509676,-3.8027482,2.3612092,-0.66484094,-12486656
68,67,69,70,"null","null","null",2,5.1069984,0.5592977,-3.6551406,1.7788414,-1.9610381,-12486656
73,39,74,91,"null","null","null",10,11.467323,2.2791789,-1.5568547,3.6276631,-0.7052618,-12486656
74,73,75,90,"","null","Cooters",9,1.1914824,1.5045903,-2.8598032,3.244843,-0.6042876,-12486656
75,74,76,83,"null","null","null",8,0.8387264,0.3238794,-3.424084,2.5519614,-1.177318,-11184866
76,75,77,80,"null","null","null",4,0.36714706,0.55929744,-3.1628785,1.7948636,-2.6272595,-12486656
77,76,78,79,"null","null","null",2,0.17014812,0.66423047,-2.4198966,0.6411383,-3.4392178,-12486656
80,76,81,82,"null","null","null",2,0.16683559,1.6001978,-2.2880409,3.5117064,-0.31738424,-16777216
83,75,84,89,"null","null","null",4,0.5044882,2.3134434,-1.5287583,3.4890275,-0.73706996,-8572416
84,83,85,88,"null","null","null",3,0.294973,1.6001987,-2.9140007,3.120006,-0.5905163,-8572416
85,84,86,87,"null","null","null",2,0.15162265,0.4136094,-3.5997503,2.3745227,-0.66423047,-8572416
92,38,93,104,"null","null","null",11,25.097378,3.160212,-0.3171605,3.1657617,-1.0703928,-11184866
93,92,94,101,"null","null","null",6,18.650455,2.5264833,-1.6992202,3.5147917,-0.39551604,-11184866
94,93,95,98,"null","null","null",4,13.211315,1.4209576,-3.044879,3.098111,-0.6042875,-12486656
95,94,96,97,"null","null","null",2,9.780431,0.32387918,-3.6646833,2.3612099,-0.66192484,-12486656
98,94,99,100,"null","null","null",2,2.4075751,3.2227087,-0.30319953,2.7384808,-1.3026884,-16777216
101,93,102,103,"null","null","null",2,9.92743,3.827052,-0.6366841,0.9093783,-2.190563,-11184866
104,92,105,112,"null","null","null",5,20.540035,3.4434726,-0.9791815,0.3445285,-2.9853282,-11184866
105,104,106,109,"","null","Box Turtle",4,13.079395,3.6823015,-0.44105333,1.6104301,-2.3868942,-11184866
106,105,107,108,"null","null","null",2,10.153628,3.2227087,-0.62788224,2.7384808,-1.3026884,-8572416
109,105,110,111,"null","null","null",2,9.92546,1.266223,-2.0763721,0.5624022,-3.814068,-12486656
114,4,115,118,"null","null","null",3,72.800674,2.907014,-0.3309549,3.4735026,-1.0892122,-11184866
115,114,116,117,"","null","Snapping Turtles",2,33.469906,2.238165,-0.7310497,3.8167186,-0.41856802,-11184866
119,3,120,131,"null","null","null",7,68.47615,3.4921482,-0.56240183,2.1597247,-2.0763712,-8572416
120,119,121,128,"null","null","null",6,34.354664,2.907014,-0.6459119,3.251421,-0.87070066,-8572416
121,120,122,127,"null","null","null",4,20.05028,2.238165,-1.8652778,3.5280128,-0.41856802,-8572416
122,121,123,126,"null","null","null",3,16.759008,1.4052893,-3.1667323,3.0657153,-0.6167593,-8572416
123,122,124,125,"","null","Ridley Sea Turtles",2,5.29322,0.34807813,-3.7190413,2.340823,-0.65809214,-8572416
128,120,129,130,"null","null","null",2,21.434278,3.2399716,-0.9025996,0.3578277,-2.7162256,-8572416
132,2,133,136,"null","null","null",3,96.7509,3.6840544,-0.88575864,0.37080014,-2.6608315,-11184866
133,132,134,135,"null","null","null",2,53.853596,3.8140678,-0.48397207,1.2662247,-2.0763712,-12486656
137,1,138,189,"null","null","null",27,150.501,2.6213384,-1.8611743,0.44286627,-3.4007168,-11184866
138,137,139,178,"null","null","null",26,123.28929,3.5377054,-0.6447771,0.6764308,-2.7339182,-11184866
139,138,140,167,"","null","Softshell Turtles",20,76.62409,3.6238143,-0.48397207,2.2620697,-2.0607538,-11184866
140,139,141,160,"null","null","null",14,59.547173,3.0781798,-0.6459119,3.3844695,-0.8866605,-11184866
141,140,142,157,"null","null","null",10,49.96239,2.4606805,-1.8280945,3.7009754,-0.41856802,-11184866
142,141,143,156,"null","null","null",8,39.02822,1.4052893,-3.118394,3.2905664,-0.6167593,-11184866
143,142,144,153,"null","null","null",7,28.767876,0.34807813,-3.6562014,2.6331294,-1.4981346,-11184866
144,143,145,152,"null","null","null",5,20.039267,0.5754999,-3.3983083,1.6917357,-2.9612556,-11184866
145,144,146,149,"null","null","null",4,17.547613,0.665,-2.7278008,0.33849317,-3.7671337,-11184866
146,145,147,148,"null","null","null",2,9.445655,1.6186322,-1.9384052,0.5235952,-3.7564607,-11184866
149,145,150,151,"null","null","null",2,12.841175,0.79509676,-3.6646852,2.3612092,-0.4184203,-11184866
153,143,154,155,"null","null","null",2,5.086345,2.2791789,-0.55372137,3.7952094,-0.7052618,-11184866
157,141,158,159,"null","null","null",2,15.134276,3.826167,-0.6001848,1.0880048,-2.136561,-11184866
160,140,161,166,"null","null","null",4,50.307205,3.4687877,-0.9025996,0.3578277,-2.7521353,-8572416
161,160,162,165,"null","null","null",3,18.397572,3.6229672,-0.46288335,1.792403,-2.136561,-16777216
162,161,163,164,"null","null","null",2,11.7359295,3.1081662,-0.6376126,2.875551,-1.1971906,-16777216
167,139,168,177,"null","null","null",6,55.232124,2.4870381,-1.9384066,0.48358738,-3.405892,-8572416
168,167,169,174,"null","null","null",5,34.293427,3.4687877,-0.58311385,0.6580919,-2.7521353,-8572416
169,168,170,173,"null","null","null",3,10.841583,3.6229672,-0.46288335,1.792403,-2.136561,-8572416
170,169,171,172,"null","null","null",2,7.4629498,3.1081662,-0.6376126,2.875551,-1.1971906,-3014646
174,168,175,176,"null","null","null",2,11.501862,0.38339424,-2.4199004,0.86650753,-3.439216,-11184866
178,138,179,186,"","null","Flap-shell Turtles",6,55.526672,1.0443795,-2.7278008,0.8449218,-3.4974647,-16731116
179,178,180,185,"null","null","null",4,40.477158,2.6072748,-1.9384066,0.523595,-3.405892,-12486656
180,179,181,184,"null","null","null",3,34.689556,3.6250954,-0.86753124,0.6580919,-2.7521353,-12486656
181,180,182,183,"null","null","null",2,25.070833,3.826167,-0.46288335,1.0880048,-2.136561,-12486656
186,178,187,188,"null","null","null",2,26.246212,0.795097,-3.6646843,2.3612094,-0.4184202,-16731116
190,0,191,210,"null","null","null",19,193.93506,1.0522668,-2.6047688,0.82108676,-3.5592165,-11184866
191,190,192,207,"null","null","null",10,141.43204,2.5434296,-1.9094241,0.5419732,-3.409958,-11184866
192,191,193,204,"null","null","null",8,103.70784,3.4364238,-0.49051434,0.6896832,-2.7459316,-11184866
193,192,194,203,"","null","South American River Turtles",6,47.66696,3.4921482,-0.48397207,2.2792978,-2.0763712,-11184866
194,193,195,200,"null","null","null",5,38.977703,2.907014,-0.6459119,3.406866,-0.87070066,-11184866
195,194,196,199,"null","null","null",3,30.271177,2.238165,-1.4250925,3.730091,-0.41856802,-11184866
196,195,197,198,"null","null","null",2,23.908045,1.4052893,-2.5944912,3.3284168,-0.6167593,-11184866
200,194,201,202,"null","null","null",2,27.961458,3.2399716,-0.9025996,0.3578277,-2.7162256,-11184866
204,192,205,206,"null","null","null",2,84.989456,0.3955608,-2.3807096,0.8449218,-3.5244951,-3014646
207,191,208,209,"null","null","null",2,45.44848,0.3596006,-3.588562,1.691736,-2.1267917,-16777216
210,190,211,224,"null","null","null",9,85.041336,0.7670542,-3.4931822,2.633129,-1.3385673,-12486656
211,210,212,223,"null","null","null",7,59.741734,0.57549995,-3.1863828,1.6917357,-2.7538178,-12486656
212,211,213,222,"null","null","null",6,50.206043,0.9518907,-2.4522977,0.5272917,-3.4974647,-12486656
213,212,214,221,"null","null","null",5,45.821636,2.4870386,-1.938406,0.5235951,-3.4058914,-12486656
214,213,215,220,"null","null","null",4,22.089872,3.4687877,-0.8675306,0.658092,-2.7521348,-12486656
215,214,216,219,"null","null","null",3,4.233636,3.6229668,-0.46288353,1.7924047,-2.1365604,-12486656
216,215,217,218,"null","null","null",2,2.1636434,3.1081653,-0.63761264,2.8755522,-1.1971898,-12486656
224,210,225,226,"null","null","null",2,57.103703,2.2791786,-0.5537227,3.795209,-0.7052617,-16777216
