index,parent,child1,child2,name1,name2,common,richness,lengthbr,hxmax,hxmin,hymax,hymin,color
0,-268371862,1,86,"","null","Whistlers and more",44,32.062912,3.528639,-0.44105512,1.9801664,-2.1905584,-16731116
1,0,2,75,"null","null","null",43,26.319292,3.0229437,-0.6278832,3.219129,-1.1166797,-16731116
2,1,3,74,"null","null","null",37,23.533186,2.3134403,-1.4749897,3.684667,-0.37199056,-16731116
3,2,4,71,"null","null","null",36,21.32787,1.5501353,-2.8440938,3.3743324,-0.59051764,-16731116
4,3,5,68,"null","null","null",34,18.353035,0.29949006,-3.508861,2.705148,-1.087885,-16731116
5,4,6,59,"null","null","null",32,16.910887,0.5419747,-3.344489,1.8248582,-2.5897264,-16731116
6,5,7,58,"null","null","null",27,15.03455,0.66192496,-2.6608212,0.7546901,-3.4965997,-16731116
7,6,8,57,"null","null","null",26,13.827809,2.2184484,-2.0763643,0.48397422,-3.5703678,-16731116
8,7,9,50,"null","null","null",25,13.025524,3.32775,-0.8866466,0.64591277,-3.008696,-16731116
9,8,10,45,"null","null","null",21,12.420101,3.6272287,-0.41857076,1.7316486,-2.3703573,-16731116
10,9,11,28,"null","null","null",18,11.568399,3.1946898,-0.61676085,2.993002,-1.2264546,-16731116
11,10,12,21,"null","null","null",9,9.716742,2.508493,-1.3260083,3.4931788,-0.34808123,-16731116
12,11,13,20,"Pachycephalidae","null","Whistlers",5,7.7055364,1.6917245,-2.7374806,3.1863706,-0.5755019,-16731116
13,12,14,19,"null","null","null",4,5.7839136,0.52727723,-3.476213,2.4522824,-0.8165221,-16731116
14,13,15,18,"null","null","null",3,3.8211186,0.5235976,-3.3782535,1.9383955,-2.3110504,-16731116
15,14,16,17,"null","null","null",2,0.7836633,0.6580926,-2.7162032,0.86751455,-3.2399886,-16731116
21,11,22,27,"null","null","null",4,8.554616,3.5147939,-0.70525765,1.6992425,-2.2791743,-16731116
22,21,23,26,"Pachycephalidae","null","Whistlers",3,4.1874638,3.0981069,-0.6042892,3.0448964,-1.5045781,-16731116
23,22,24,25,"null","null","null",2,3.1342664,2.361207,-0.6619245,3.664692,-0.32388246,-16731116
28,10,29,40,"null","null","null",9,7.8984413,3.3079393,-1.0032573,0.31716225,-2.9699712,-16731116
29,28,30,39,"null","null","null",6,4.149911,3.699611,-0.39551884,1.780933,-2.2791743,-16731116
30,29,31,38,"null","null","null",5,3.621026,3.338369,-0.6042892,3.151094,-1.5045781,-16731116
31,30,32,35,"null","null","null",4,2.7938302,2.6735475,-0.6648622,3.8027487,-0.32388246,-16731116
32,31,33,34,"Pachycephalidae","null","Whistlers",2,1.0122871,1.7788317,-1.9610568,3.6551337,-0.5592996,-16731116
35,31,36,37,"null","null","null",2,1.3457859,3.7626114,-0.73706603,0.439019,-2.3134394,-16731116
40,28,41,44,"Pachycephalidae","null","Whistlers",3,5.709205,0.3445301,-2.8342948,0.9791694,-3.5548277,-16731116
41,40,42,43,"null","null","null",2,4.14972,0.90940034,-2.1905565,0.44105583,-3.8270526,-16731116
45,9,46,49,"Pachycephalidae","null","Whistlers",3,5.101213,1.7924259,-2.1365538,0.60018003,-3.6229587,-16731116
46,45,47,48,"null","null","null",2,2.8927774,2.8755686,-1.1971772,0.63761365,-3.1081505,-16731116
50,8,51,54,"Pachycephalidae","null","Whistlers",4,9.35627,0.35782927,-2.7521253,0.90259767,-3.6251023,-16731116
51,50,52,53,"null","null","null",2,3.5858285,1.0880269,-2.1365538,0.46288577,-3.8261664,-16731116
54,50,55,56,"null","null","null",2,5.648515,0.86650527,-3.4392254,2.4198835,-0.38339564,-16731116
59,5,60,67,"Pachycephalidae","null","Whistlers",5,9.6022415,1.6917281,-2.9612648,3.3983066,-0.35959655,-16731116
60,59,61,64,"null","null","null",4,9.6022415,0.3384865,-3.7671363,2.727799,-0.665,-16731116
61,60,62,63,"null","null","null",2,4.172771,0.5235968,-3.7564573,1.9383985,-1.6186471,-16731116
64,60,65,66,"null","null","null",2,3.7577481,2.3612075,-0.41842124,3.6646893,-0.7950944,-16731116
68,4,69,70,"Pachycephalidae","null","Whistlers",2,6.63097,2.3408208,-0.4290239,3.7190452,-0.7670516,-16731116
71,3,72,73,"null","null","null",2,8.348882,3.3284082,-0.2891289,2.5945039,-1.4052806,-11184866
75,1,76,83,"Colluricinclidae","null","Shrike-thrushes and more",6,22.339108,3.2514277,-0.92879295,0.3309561,-2.9070082,-16731116
76,75,77,82,"null","null","null",4,17.24218,3.5280137,-0.4185698,1.8652921,-2.238161,-16731116
77,76,78,81,"null","null","null",3,13.014018,3.065712,-0.6167603,3.1667423,-1.4052806,-16731116
78,77,79,80,"null","null","null",2,10.525399,2.3408208,-0.6580918,3.7190452,-0.34808022,-16731116
83,75,84,85,"null","null","null",2,15.872041,0.35782874,-2.7162147,0.90259826,-3.23998,-16731116
