index,parent,child1,child2,name1,name2,common,richness,lengthbr,hxmax,hxmin,hymax,hymin,color
0,-268274680,1,78,"","null","Crows, Ravens and Jackdaws",44,12.136082,0.47730148,-3.5064235,2.6208591,-0.95357835,-16731116
1,0,2,73,"null","null","null",39,10.585588,0.5235976,-3.4175277,1.799375,-2.4892235,-16731116
2,1,3,70,"null","null","null",36,9.340014,0.6580926,-2.76726,0.5830918,-3.4716134,-16731116
3,2,4,61,"null","null","null",34,8.069502,2.0824518,-2.1562314,0.46288663,-3.626627,-16731116
4,3,5,56,"null","null","null",29,7.225903,3.2525983,-1.0032526,0.637614,-3.112918,-16731116
5,4,6,41,"null","null","null",26,7.2195964,3.6276636,-0.39551976,1.6061935,-2.4650068,-16731116
6,5,7,26,"null","null","null",18,6.1011314,3.2448354,-0.60428977,2.9239287,-1.4246683,-16731116
7,6,8,17,"null","null","null",10,4.0187683,2.5519547,-1.3502693,3.5074296,-0.32388347,-16731116
8,7,9,14,"null","null","null",5,3.3625586,1.7948439,-2.8520827,3.2712164,-0.5593003,-16731116
9,8,10,13,"null","null","null",3,2.7321968,0.64111984,-3.7314699,2.5607355,-0.66423064,-16731116
10,9,11,12,"null","null","null",2,2.0070558,0.5042394,-3.7907968,2.0102203,-1.443365,-16731116
14,8,15,16,"null","null","null",2,1.1469774,3.5116925,-0.31737715,2.2880669,-1.600183,-16731116
17,7,18,23,"null","null","null",5,3.163487,3.4890325,-0.7370647,1.5287865,-2.584033,-16731116
18,17,19,22,"null","null","null",3,2.5758724,3.1200032,-0.5905186,2.9140234,-1.600183,-16731116
19,18,20,21,"null","null","null",2,1.3254973,2.3745208,-0.6642302,3.599762,-0.41359067,-16731116
23,17,24,25,"null","null","null",2,1.7927035,0.7310779,-2.2381577,0.6717503,-3.8167214,-16731116
26,6,27,38,"null","null","null",8,4.6714296,3.0686464,-1.1514357,0.303202,-3.2310905,-16731116
27,26,28,35,"null","null","null",6,3.1006956,3.4890325,-0.37199226,1.6419035,-2.584033,-16731116
28,27,29,34,"null","null","null",4,2.1214502,3.1200032,-0.5905186,3.0610754,-1.600183,-16731116
29,28,30,33,"null","null","null",3,2.1214502,2.3745208,-0.6642302,3.7909296,-0.41359067,-16731116
30,29,31,32,"null","null","null",2,1.5268809,1.8611609,-1.7914538,3.711173,-0.541976,-16731116
35,27,36,37,"null","null","null",2,2.058145,0.7310779,-2.2381577,0.6717503,-3.8167214,-16731116
38,26,39,40,"null","null","null",2,1.7161839,0.33095706,-2.9852223,1.0891962,-3.005179,-16731116
41,5,42,53,"null","null","null",8,4.1700683,2.0426993,-2.3868818,0.6366781,-3.688754,-16731116
42,41,43,50,"null","null","null",6,2.3688316,3.3004153,-1.1514357,0.6278839,-3.2310905,-16731116
43,42,44,47,"null","null","null",4,1.6863382,3.790332,-0.37199226,1.0472816,-2.584033,-16731116
44,43,45,46,"null","null","null",2,1.5345968,3.5116925,-0.5905186,2.2880669,-1.600183,-16731116
47,43,48,49,"null","null","null",2,1.2401477,0.7310779,-2.2381577,0.6717503,-3.8167214,-16731116
50,42,51,52,"null","null","null",2,1.4667968,0.33095706,-2.9852223,1.0891962,-3.005179,-12486656
53,41,54,55,"null","null","null",2,0.6967644,0.56239605,-3.8140655,2.0763621,-1.2662508,-16731116
56,4,57,60,"null","null","null",3,3.164914,0.34453064,-2.834292,0.97916484,-3.5548306,-11184866
57,56,58,59,"null","null","null",2,2.8156016,0.9094076,-2.1905546,0.44105673,-3.8270526,-11184866
61,3,62,69,"null","null","null",5,6.0300984,0.523479,-3.4551668,2.0102232,-2.3870084,-16731116
62,61,63,68,"null","null","null",4,2.8626702,0.6527482,-2.834292,0.97916484,-3.443476,-16731116
63,62,64,67,"null","null","null",3,2.371774,1.6104609,-2.1905546,0.44105673,-3.6822917,-16731116
64,63,65,66,"null","null","null",2,2.15811,2.7385051,-1.3026711,0.6278839,-3.2226896,-16731116
70,2,71,72,"null","null","null",2,1.9818866,0.86650443,-3.439229,2.419877,-0.38339615,-11184866
73,1,74,77,"null","null","null",3,3.409605,1.7788317,-2.6272786,3.1628635,-0.40147734,-16731116
74,73,75,76,"null","null","null",2,1.202587,0.6411245,-3.439229,2.419877,-0.6642306,-16731116
78,0,79,84,"null","null","null",5,6.8284082,2.6735475,-1.1773405,3.4240794,-0.7950933,-16731116
79,78,80,83,"null","null","null",3,4.054874,1.7788317,-2.6272786,3.1628635,-0.5592996,-16731116
80,79,81,82,"null","null","null",2,1.619803,0.6411245,-3.439229,2.419877,-0.6642306,-16731116
84,78,85,86,"null","null","null",2,1.726375,3.7626114,-0.73706603,0.439019,-2.3134394,-16731116
