index,parent,child1,child2,name1,name2,common,richness,lengthbr,hxmax,hxmin,hymax,hymin,color
0,-268241785,1,96,"null","null","null",50,62.7,1.4209546,-2.9770308,3.3192353,-0.60428786,-16731116
1,0,2,65,"null","null","null",48,62.7,0.32387975,-3.5764785,2.6486716,-1.1974791,-16731116
2,1,3,38,"null","null","null",32,62.699997,0.5592977,-3.36099,1.7338085,-2.6534677,-16777216
3,2,4,29,"null","null","null",18,62.699997,0.75179124,-2.6774416,0.5617677,-3.4732869,-16777216
4,3,5,20,"","null","Four-fingered Skinks",13,17.9,2.2960746,-1.9868113,0.50423634,-3.4551716,-16777216
5,4,6,19,"null","null","null",8,17.9,3.325274,-0.9791769,0.6527475,-2.8343005,-16777216
6,5,7,18,"null","null","null",7,17.9,3.5286398,-0.44105422,2.0426855,-2.1905606,-16777216
7,6,8,13,"null","null","null",6,17.9,3.0229464,-0.6278828,3.300408,-1.1166838,-16777216
8,7,9,12,"null","null","null",3,17.9,2.3134422,-1.0472604,3.790334,-0.3719896,-16777216
9,8,10,11,"null","null","null",2,17.9,1.6001931,-2.2880492,3.5117016,-0.59051704,-16777216
13,7,14,17,"null","null","null",3,17.9,3.4735072,-1.0892061,0.33095554,-2.90701,-16777216
14,13,15,16,"null","null","null",2,17.9,3.8167195,-0.41856924,0.7310606,-2.2381625,-16777216
20,4,21,28,"null","null","null",5,17.9,0.4428653,-3.4099586,1.8611718,-2.7339187,-16777216
21,20,22,25,"null","null","null",4,17.9,0.6619248,-2.745932,0.49051154,-3.6840563,-16777216
22,21,23,24,"null","null","null",2,17.9,1.2662337,-2.0763686,0.48397285,-3.8140674,-16777216
25,21,26,27,"null","null","null",2,17.9,0.844921,-3.524499,2.3807096,-0.39556128,-16777216
29,3,30,35,"null","null","null",5,23.9,0.8210864,-3.4558182,2.7051501,-0.9977322,-16777216
30,29,31,34,"null","null","null",3,23.9,0.5419736,-3.2755384,1.8611718,-2.472533,-16777216
31,30,32,33,"null","null","null",2,23.9,0.6619248,-2.5711858,0.7546971,-3.344255,-16777216
35,29,36,37,"null","null","null",2,23.9,2.3408222,-0.4290232,3.7190425,-0.7670536,-16777216
38,2,39,62,"null","null","null",14,18.8,1.5501446,-2.8440874,3.374335,-0.31738362,-16777216
39,38,40,59,"null","null","null",12,18.6,0.29948828,-3.5088606,2.7051506,-1.1121984,-16777216
40,39,41,58,"null","null","null",10,18.5,0.5419733,-3.3444946,1.861173,-2.6213398,-16777216
41,40,42,57,"null","null","null",9,18.300001,0.6619247,-2.660829,0.7546987,-3.5377052,-16777216
42,41,43,56,"null","null","null",8,18.2,2.15973,-2.0763695,0.48397252,-3.623812,-16777216
43,42,44,55,"null","null","null",7,16.0,3.2514246,-1.089208,0.6459121,-3.0781758,-16777216
44,43,45,52,"null","null","null",6,13.0,3.5280137,-0.41856888,1.8652852,-2.4606771,-16777216
45,44,46,49,"null","null","null",4,12.8,3.065714,-0.6167598,3.1667376,-1.2878778,-16777216
46,45,47,48,"null","null","null",2,2.7,2.340822,-0.6580919,3.7190435,-0.34807926,-16777216
49,45,50,51,"null","null","null",2,12.4,2.8755598,-1.197184,0.3171611,-3.108158,-16777216
52,44,53,54,"null","null","null",2,5.8,1.0880151,-2.136558,0.6001831,-3.8261666,-16777216
59,39,60,61,"null","null","null",2,6.8,2.3408225,-0.42902306,3.7190418,-0.76705396,-16777216
62,38,63,64,"null","null","null",2,18.8,3.3284154,-0.28912786,2.5944934,-1.4052874,-16777216
65,1,66,87,"null","null","null",16,62.7,2.455727,-1.4435937,3.7066276,-0.7370695,-16731116
66,65,67,78,"null","null","null",11,62.7,1.4333893,-2.8032854,3.4028852,-0.59051657,-16731116
67,66,68,73,"null","null","null",6,62.7,0.29948807,-3.4558187,2.7422655,-0.9977297,-16731116
68,67,69,72,"","null","Lidless Skinks",3,16.3,0.5419733,-3.2755399,1.861173,-2.4725308,-16777216
69,68,70,71,"null","null","null",2,16.3,0.6619247,-2.571188,0.7546987,-3.3442535,-16777216
73,67,74,77,"null","null","null",3,2.3,2.3408225,-0.8562415,3.8025506,-0.76705396,-16731116
74,73,75,76,"null","null","null",2,2.3,1.6917354,-2.1267936,3.5885613,-0.5755001,-16731116
78,66,79,84,"","null","Shade Skinks",5,13.8,3.0657148,-0.28912774,3.2309718,-1.287883,-16777216
79,78,80,83,"null","null","null",3,13.8,2.3408227,-0.8562393,3.8025513,-0.34807846,-16777216
80,79,81,82,"null","null","null",2,13.8,1.691736,-2.1267915,3.5885625,-0.57549995,-16777216
84,78,85,86,"null","null","null",2,13.8,2.8755538,-1.1971884,0.31716064,-3.1081638,-16777216
87,65,88,93,"","null","Earless Skinks",5,43.4,3.5280135,-0.6717553,1.8652799,-2.4606793,-16777216
88,87,89,92,"null","null","null",3,43.4,3.0657148,-0.61675954,3.1667333,-1.405288,-16777216
89,88,90,91,"null","null","null",2,43.4,2.3408227,-0.6580921,3.7190413,-0.34807846,-16777216
93,87,94,95,"null","null","null",2,43.4,1.0880084,-2.1365597,0.6001841,-3.826167,-16777216
96,0,97,98,"null","null","null",2,34.2,3.2227063,-0.30319986,2.7384841,-1.3026861,-16777216
