index,parent,child1,child2,name1,name2,common,richness,lengthbr,hxmax,hxmin,hymax,hymin,color
0,-268435447,1,58,"TINAMIFORMES","null","Tinamous",47,73.77164,2.3023353,-1.980156,3.6128316,-0.44105375,-16731116
1,0,2,43,"null","null","null",29,63.05831,1.1166875,-3.2191226,3.132397,-0.6278824,-16731116
2,1,3,36,"null","null","null",21,48.92791,0.37198886,-3.6846662,2.455727,-1.5047774,-16731116
3,2,4,21,"null","null","null",17,36.016376,0.59051657,-3.374335,1.5333217,-2.882824,-16731116
4,3,5,18,"null","null","null",9,32.39231,1.1987973,-2.7051506,0.29948834,-3.559218,-16731116
5,4,6,13,"null","null","null",7,28.19932,2.733918,-1.7062011,0.5419735,-3.4099584,-16731116
6,5,7,10,"null","null","null",4,24.510609,3.6840558,-0.49051207,0.6619248,-2.745932,-16731116
7,6,8,9,"null","null","null",2,8.764401,3.8140671,-0.48397276,1.2662327,-2.076369,-16731116
10,6,11,12,"null","null","null",2,9.437234,0.39556122,-2.3807101,0.8449211,-3.5244987,-16731116
13,5,14,17,"null","null","null",3,15.739826,0.35959953,-3.1313152,1.691733,-2.7746155,-16731116
14,13,15,16,"null","null","null",2,9.557413,0.665,-2.3807101,0.52728754,-3.5244987,-16731116
18,4,19,20,"null","null","null",2,8.700712,0.7670537,-3.7190428,2.3408222,-0.42902315,-12486656
21,3,22,29,"null","null","null",8,31.519852,1.226465,-3.2309725,3.2905645,-0.2891279,-16731116
22,21,23,26,"null","null","null",4,29.775894,0.34807888,-3.8025503,2.6331277,-0.8562454,-16731116
23,22,24,25,"null","null","null",2,9.400393,0.57550037,-3.5885596,1.691733,-2.1267972,-16731116
26,22,27,28,"null","null","null",2,28.106533,2.2791777,-0.5537266,3.79521,-0.7052609,-16731116
29,21,30,33,"null","null","null",4,17.605322,2.9699764,-0.3171609,3.38147,-1.0122088,-16731116
30,29,31,32,"null","null","null",2,8.128587,2.2791781,-0.64591205,3.7952096,-0.39551675,-16731116
33,29,34,35,"null","null","null",2,11.057376,3.1267965,-0.9791781,0.34452888,-2.8544197,-16731116
36,2,37,42,"null","null","null",4,19.277973,2.238164,-1.865281,3.5280137,-0.6717552,-16731116
37,36,38,41,"null","null","null",3,12.540295,1.4052877,-3.166734,3.0657148,-0.61675954,-16731116
38,37,39,40,"null","null","null",2,7.1250043,0.34807852,-3.7190418,2.3408225,-0.6580921,-16731116
43,1,44,53,"null","null","null",8,44.70943,2.907013,-0.33095512,3.2514226,-0.9287938,-16731116
44,43,45,52,"null","null","null",5,32.651997,2.2381642,-1.8652804,3.5280132,-0.41856837,-16731116
45,44,46,49,"null","null","null",4,20.978582,1.2878828,-3.166734,3.0657148,-0.6167594,-16731116
46,45,47,48,"null","null","null",2,8.571575,0.34807852,-3.7190418,2.3408225,-0.6580921,-16731116
49,45,50,51,"null","null","null",2,8.92202,3.1081638,-0.3171607,2.875554,-1.1971881,-12486656
53,43,54,57,"null","null","null",3,26.210405,3.6250963,-0.90259933,0.3578279,-2.7521338,-16731116
54,53,55,56,"null","null","null",2,10.997896,3.826167,-0.4628837,1.0880075,-2.13656,-16731116
58,0,59,84,"null","null","null",18,64.65146,3.6238139,-0.56240153,2.262071,-2.060753,-16731116
59,58,60,75,"null","null","null",13,47.124992,3.0781791,-0.64591193,3.3844702,-0.8866597,-16731116
60,59,61,72,"null","null","null",8,29.554497,2.46068,-1.9146922,3.7009757,-0.4185682,-16731116
61,60,62,69,"null","null","null",6,25.617252,1.2878847,-3.2309701,3.2905664,-0.6167594,-16731116
62,61,63,66,"null","null","null",4,16.370823,0.34807813,-3.8025503,2.6331294,-0.85624,-16731116
63,62,64,65,"null","null","null",2,6.4297347,0.5754999,-3.5885615,1.6917357,-2.1267927,-16731116
66,62,67,68,"null","null","null",2,7.808196,2.2791789,-0.55372137,3.7952094,-0.7052618,-16731116
69,61,70,71,"null","null","null",2,7.1389685,3.1081653,-0.3171605,2.8755522,-1.1971898,-12486656
72,60,73,74,"null","null","null",2,11.300635,3.8261669,-0.60018456,1.088006,-2.1365604,-16731116
75,59,76,81,"","null","Nothuras",5,25.852726,3.4687877,-0.90259945,0.3578278,-2.7521348,-16731116
76,75,77,80,"null","null","null",3,14.676197,3.6229668,-0.46288353,1.7924047,-2.1365604,-16731116
77,76,78,79,"null","null","null",2,5.9841743,3.1081653,-0.63761264,2.8755522,-1.1971898,-12486656
81,75,82,83,"null","null","null",2,8.031934,0.38339433,-2.4198992,0.8665074,-3.4392166,-16731116
84,58,85,90,"null","null","null",5,51.020782,2.6072752,-2.018176,0.4835871,-3.4058914,-16731116
85,84,86,89,"null","null","null",3,25.80681,3.6250954,-0.8675306,0.658092,-2.7521348,-16731116
86,85,87,88,"null","null","null",2,15.696655,3.8261669,-0.46288353,1.088006,-2.1365604,-16731116
90,84,91,92,"null","null","null",2,32.581043,0.40148306,-3.6551414,1.7788428,-1.9610348,-16731116
