index,parent,child1,child2,name1,name2,common,richness,lengthbr,hxmax,hxmin,hymax,hymin,color
0,-268019622,1,24,"null","null","null",25,60.903175,3.4309154,-0.91696334,0.34452868,-2.9853263,-11184866
1,0,2,21,"","null","Splayfoot Salamanders",12,36.962864,3.6659758,-0.4410537,1.8643925,-2.3868928,-8572416
2,1,3,14,"null","null","null",10,36.962864,3.2014847,-0.6278824,3.0686307,-1.1166887,-8572416
3,2,4,9,"null","null","null",6,36.962864,2.5455406,-1.5287583,3.4890275,-0.37198862,-8572416
4,3,5,8,"null","null","null",3,36.962864,1.6001987,-2.9140007,3.120006,-0.5905163,-8572416
5,4,6,7,"null","null","null",2,36.962864,0.4136094,-3.5997503,2.3745227,-0.66423047,-8572416
9,3,10,13,"null","null","null",3,36.962864,3.730092,-0.6717558,1.425092,-2.2381647,-8572416
10,9,11,12,"null","null","null",2,36.962864,3.3284178,-0.6167593,2.59449,-1.4052896,-3014646
14,2,15,20,"null","null","null",4,36.962864,3.406867,-1.0892116,0.33095497,-2.9070134,-11184866
15,14,16,19,"null","null","null",3,36.962864,3.730092,-0.41856813,1.425092,-2.2381647,-11184866
16,15,17,18,"null","null","null",2,36.962864,3.3284178,-0.6167593,2.59449,-1.4052896,-12486656
21,1,22,23,"null","null","null",2,36.962864,1.2662255,-2.0763712,0.56240165,-3.8140678,-8572416
24,0,25,40,"","null","Moss Salamanders",13,38.153496,0.6896844,-2.724474,0.8857585,-3.4364238,-11184866
25,24,26,33,"null","null","null",8,38.153496,2.279299,-2.0607529,0.48397216,-3.492148,-12486656
26,25,27,32,"null","null","null",4,38.153496,3.406867,-1.0892116,0.64591193,-2.9070134,-12486656
27,26,28,31,"null","null","null",3,38.153496,3.730092,-0.41856813,1.425092,-2.2381647,-16731116
28,27,29,30,"null","null","null",2,38.153496,3.3284178,-0.6167593,2.59449,-1.4052896,-12486656
33,25,34,39,"null","null","null",4,38.153496,0.48358718,-3.405891,1.9384062,-2.6072755,-11184866
34,33,35,38,"null","null","null",3,38.153496,0.658092,-2.7521343,0.8675302,-3.6250958,-11184866
35,34,36,37,"null","null","null",2,38.153496,1.0880071,-2.1365602,0.46288356,-3.826167,-12486656
40,24,41,46,"null","null","null",5,38.153496,0.8449217,-3.4762158,2.7278008,-0.81649756,-8572416
41,40,42,45,"null","null","null",3,38.153496,0.5235951,-3.3782678,1.9384059,-2.3110278,-8572416
42,41,43,44,"null","null","null",2,38.153496,0.658092,-2.7162237,0.8675299,-3.2399733,-8572416
46,40,47,48,"null","null","null",2,38.153496,2.3612096,-0.41842026,3.6646845,-0.7950969,-11184866
