index,parent,child1,child2,name1,name2,common,richness,lengthbr,hxmax,hxmin,hymax,hymin,color
0,-268435320,1,22,"null","null","null",21,194.90001,2.5434303,-1.8458445,0.44286597,-3.4274492,-12486656
1,0,2,13,"ALYTIDAE","null","Disc-Tongued Frogs",11,146.1,3.436424,-0.52233076,0.6896846,-2.76867,-16731116
2,1,3,10,"null","null","null",6,109.1691,3.492148,-0.48397225,2.279299,-2.216562,-16731116
3,2,4,9,"null","null","null",4,109.1691,2.9070134,-0.64591193,3.4068668,-1.0892115,-16731116
4,3,5,8,"null","null","null",3,109.1691,2.2381644,-1.4250932,3.7300913,-0.4185682,-16731116
5,4,6,7,"null","null","null",2,109.1691,1.4052893,-2.5944912,3.3284168,-0.6167594,-16731116
10,2,11,12,"null","null","null",2,109.1691,1.6186295,-1.938406,0.4835871,-3.7564616,-16731116
13,1,14,21,"null","null","null",5,98.06053,1.0443804,-2.4522977,0.8449216,-3.4974647,-12486656
14,13,15,20,"null","null","null",4,98.06053,2.6072752,-1.938406,0.5235951,-3.4058914,-12486656
15,14,16,19,"null","null","null",3,98.06053,3.6250954,-0.8675306,0.658092,-2.7521348,-16731116
16,15,17,18,"null","null","null",2,98.06053,3.8261669,-0.46288353,1.088006,-2.1365604,-16731116
22,0,23,38,"BOMBINATORIDAE","null","Fire-bellied Toads",10,9.8,0.35960028,-3.4455094,1.6749458,-2.7538183,-12486656
23,22,24,33,"null","null","null",8,8.850282,1.0443819,-2.7891622,0.3384933,-3.4974647,-12486656
24,23,25,32,"null","null","null",5,6.849906,2.6072767,-1.9384054,0.5235952,-3.405891,-12486656
25,24,26,29,"null","null","null",4,6.849906,3.6250963,-0.58311164,0.658092,-2.7521338,-16731116
26,25,27,28,"null","null","null",2,6.849906,3.826167,-0.4628837,1.0880075,-2.13656,-12486656
29,25,30,31,"null","null","null",2,6.849906,0.38339442,-2.419898,0.8665073,-3.439217,-16731116
33,23,34,37,"null","null","null",3,4.6757884,0.79509664,-3.8027484,2.3612094,-0.66483945,-16777216
34,33,35,36,"null","null","null",2,4.6757884,0.5592977,-3.655141,1.7788419,-1.9610364,-16777216
38,22,39,40,"null","null","null",2,2.950094,1.5045888,-2.4441473,3.4248762,-0.27500042,-11184866
