index,parent,child1,child2,name1,name2,common,richness,lengthbr,hxmax,hxmin,hymax,hymin,color
0,-268130297,1,153,"null","null","null",142,66.700005,2.972365,-0.6459121,3.3277442,-0.89573663,-12486656
1,0,2,141,"null","null","null",125,63.4,2.3231227,-1.828089,3.6272297,-0.4185688,-16731116
2,1,3,120,"null","null","null",70,48.399998,1.2264637,-3.1183827,3.194695,-0.6167598,-16731116
3,2,4,89,"null","null","null",59,40.1,0.34807912,-3.6561828,2.5084975,-1.3840487,-16731116
4,3,5,66,"null","null","null",43,31.4,0.5755005,-3.398281,1.6407092,-2.8129406,-16731116
5,4,6,43,"null","null","null",31,31.4,0.9035123,-2.7277656,0.33849132,-3.5743198,-16731116
6,5,7,32,"null","null","null",19,31.4,2.4241447,-1.8475449,0.52359563,-3.505801,-16731116
7,6,8,29,"null","null","null",13,31.400002,3.387022,-0.58310646,0.65809214,-2.8820167,-16777216
8,7,9,26,"null","null","null",11,29.300001,3.5166676,-0.4628845,2.1250098,-2.3054094,-16777216
9,8,10,25,"null","null","null",9,29.1,2.9699745,-0.6376131,3.3079338,-1.1971837,-16777216
10,9,11,24,"null","null","null",8,24.1,2.2791765,-1.6061805,3.69961,-0.3955174,-16777216
11,10,12,23,"null","null","null",7,22.800001,1.5045841,-2.9239213,3.3383713,-0.6042884,-16777216
12,11,13,20,"null","null","null",6,20.400002,0.323881,-3.5074306,2.6735497,-1.350254,-16777216
13,12,14,19,"null","null","null",4,13.900001,0.5592986,-3.2712243,1.778837,-2.852071,-16777216
14,13,15,18,"null","null","null",3,12.1,0.66423047,-2.5607462,0.6411313,-3.7314656,-16777216
15,14,16,17,"null","null","null",2,7.4,1.443347,-2.0102272,0.50423735,-3.7907996,-16777216
20,12,21,22,"null","null","null",2,9.8,2.3134413,-0.43901843,3.762609,-0.7370679,-16777216
26,8,27,28,"null","null","null",2,6.8,1.4433398,-2.0102303,0.5234829,-3.7908006,-16777216
29,7,30,31,"null","null","null",2,31.4,0.3833949,-2.4198928,0.8665066,-3.43922,-16777216
32,6,33,38,"null","null","null",6,31.4,0.40148157,-3.2712276,1.6207708,-2.8520675,-16731116
33,32,34,37,"null","null","null",3,31.4,0.66423047,-2.5607505,0.64113533,-3.731464,-16731116
34,33,35,36,"null","null","null",2,31.4,1.4433398,-2.0102303,0.5042366,-3.7908006,-16731116
38,32,39,42,"null","null","null",3,31.4,1.6001931,-2.9140084,3.1200051,-0.3173825,-16777216
39,38,40,41,"null","null","null",2,31.4,0.4136026,-3.599754,2.3745222,-0.66423035,-16777216
43,5,44,65,"null","null","null",12,31.4,0.79509604,-3.6646082,2.361209,-1.1974823,-16777216
44,43,45,62,"null","null","null",11,31.4,0.55929816,-3.475557,1.7948582,-2.65347,-16777216
45,44,46,57,"null","null","null",9,22.7,0.82173276,-2.8263788,0.41482127,-3.473287,-16777216
46,45,47,56,"null","null","null",6,17.7,2.386998,-2.0102303,0.5042366,-3.455171,-16777216
47,46,48,53,"null","null","null",5,15.0,3.4434729,-0.72747207,0.6527476,-2.8342996,-16777216
48,47,49,52,"null","null","null",3,9.7,3.6822972,-0.44105446,1.6104419,-2.1905599,-16777216
49,48,50,51,"null","null","null",2,5.8,3.2227008,-0.6278829,2.7384906,-1.3026817,-16777216
53,47,54,55,"null","null","null",2,6.1,0.37080067,-2.5711865,0.8857578,-3.3442545,-16777216
57,45,58,61,"null","null","null",3,10.8,0.82108617,-3.7909284,2.3745224,-0.4738081,-16777216
58,57,59,60,"null","null","null",2,6.5,0.54197377,-3.7111807,1.861171,-1.7914307,-16777216
62,44,63,64,"null","null","null",2,31.4,1.6001931,-2.2880492,3.5117016,-0.3173825,-16777216
66,4,67,82,"null","null","null",12,31.4,1.3321686,-2.9239204,3.3478503,-0.27500036,-16731116
67,66,68,77,"null","null","null",8,31.4,0.32388073,-3.5074306,2.6858726,-1.3502524,-16731116
68,67,69,74,"null","null","null",5,31.4,0.5592984,-3.2712252,1.7948565,-2.8520699,-16777216
69,68,70,73,"null","null","null",3,31.4,0.66423047,-2.5607474,0.6411318,-3.7314653,-16777216
70,69,71,72,"null","null","null",2,31.4,1.4433452,-2.0102282,0.5042372,-3.7908,-16777216
74,68,75,76,"null","null","null",2,31.4,1.6001918,-2.2880516,3.5117006,-0.3173819,-16777216
77,67,78,81,"null","null","null",3,31.4,2.3134418,-1.0472633,3.790334,-0.7370682,-16731116
78,77,79,80,"null","null","null",2,31.4,1.6001918,-2.2880516,3.5117006,-0.5905173,-16777216
82,66,83,88,"null","null","null",4,31.4,3.0229454,-0.30320042,3.300409,-1.3026809,-16777216
83,82,84,87,"null","null","null",3,31.4,2.3134418,-1.0472633,3.790334,-0.37198997,-16777216
84,83,85,86,"null","null","null",2,31.4,1.6001918,-2.2880516,3.5117006,-0.5905173,-16777216
89,3,90,115,"null","null","null",16,36.6,2.4621441,-1.6991837,3.514793,-0.7052605,-16777216
90,89,91,112,"null","null","null",13,36.6,1.4209485,-3.0448265,3.0981092,-0.6042883,-16777216
91,90,92,111,"null","null","null",11,36.6,0.32388073,-3.6646085,2.361209,-1.1974847,-16777216
92,91,93,110,"null","null","null",10,14.3,0.5592984,-3.4755564,1.7788378,-2.653472,-16777216
93,92,94,105,"null","null","null",9,14.2,0.8217367,-2.8263779,0.41481906,-3.473288,-16777216
94,93,95,102,"null","null","null",6,13.7,2.387001,-2.120684,0.5042372,-3.4551697,-16777216
95,94,96,101,"null","null","null",4,11.9,3.4434738,-0.9791728,0.65274775,-2.8342974,-16777216
96,95,97,100,"null","null","null",3,2.0,3.6822956,-0.44105512,1.6104476,-2.1905584,-16777216
97,96,98,99,"null","null","null",2,1.8,3.2226973,-0.6278832,2.7384949,-1.3026786,-16777216
102,94,103,104,"null","null","null",2,11.0,0.44286364,-3.711179,1.8611686,-1.7914356,-16777216
105,93,106,109,"null","null","null",3,13.7,0.82108533,-3.7909288,2.3745222,-0.47381365,-16777216
106,105,107,108,"null","null","null",2,9.0,0.5419743,-3.711179,1.8611686,-1.7914356,-16777216
112,90,113,114,"null","null","null",2,1.6,3.2227004,-0.30320042,2.7384913,-1.3026809,-16777216
115,89,116,119,"null","null","null",3,36.6,3.6822972,-0.63668215,1.610443,-2.1905596,-16777216
116,115,117,118,"null","null","null",2,36.6,3.2227004,-0.62788296,2.7384913,-1.3026809,-16777216
120,2,121,136,"null","null","null",11,42.6,2.9699755,-0.31716102,3.1657662,-1.003265,-16777216
121,120,122,135,"null","null","null",8,25.7,2.2791774,-1.606179,3.514793,-0.39551717,-16777216
122,121,123,134,"null","null","null",7,25.7,1.5045848,-2.9239204,3.0981092,-0.6042883,-16777216
123,122,124,133,"null","null","null",6,25.7,0.32388073,-3.5074306,2.361209,-1.3502524,-16777216
124,123,125,130,"null","null","null",5,25.7,0.5592984,-3.2712252,1.7948565,-2.8520699,-16777216
125,124,126,129,"null","null","null",3,25.7,0.66423047,-2.5607474,0.6411318,-3.7314653,-16777216
126,125,127,128,"null","null","null",2,25.7,1.4433452,-2.0102282,0.5042372,-3.7908,-16777216
130,124,131,132,"null","null","null",2,25.7,1.6001918,-2.2880516,3.5117006,-0.3173819,-16777216
136,120,137,140,"null","null","null",3,31.5,3.5548232,-0.979175,0.34452912,-2.8342993,-16777216
137,136,138,139,"null","null","null",2,31.5,3.827052,-0.44105458,0.90939033,-2.1905596,-16777216
141,1,142,152,"null","null","null",55,57.7,3.516668,-0.60018325,2.1250088,-2.136558,-11184866
142,141,-268122112,143,"null","null","null",54,57.7,2.9699755,-0.637613,3.3079333,-1.003265,-11184866
143,142,144,149,"","null","Writhing Skinks",5,34.6,3.4434733,-0.91696286,0.34452912,-2.8342993,-16777216
144,143,145,148,"null","null","null",3,34.6,3.6822972,-0.44105458,1.610443,-2.1905596,-16777216
145,144,146,147,"null","null","null",2,34.6,3.2227004,-0.62788296,2.7384913,-1.3026809,-16777216
149,143,150,151,"null","null","null",2,34.6,0.37080073,-2.5711837,0.8857578,-3.3442564,-16777216
153,0,154,175,"null","null","null",17,56.199997,3.4995854,-0.902599,0.44187438,-2.7725625,-8572416
154,153,155,170,"null","null","null",11,33.899998,3.6630008,-0.46288425,2.0156493,-2.1631186,-8572416
155,154,156,169,"null","null","null",8,18.7,3.160208,-0.637613,3.1657662,-1.1971844,-8572416
156,155,157,166,"","null","Blue-tongued Skinks",7,18.7,2.5264797,-1.5568602,3.514793,-0.39551717,-8572416
157,156,158,165,"null","null","null",5,18.7,1.5045848,-2.859806,3.0981092,-0.6042883,-16777216
158,157,159,164,"null","null","null",4,18.7,0.32388073,-3.424082,2.361209,-1.1773279,-16777216
159,158,160,163,"null","null","null",3,13.700001,0.5592984,-3.162872,1.7788378,-2.6272678,-16777216
160,159,161,162,"null","null","null",2,10.3,0.66423047,-2.4198883,0.6411318,-3.4392228,-16777216
166,156,167,168,"null","null","null",2,18.7,3.827052,-0.63668215,0.90939033,-2.1905596,-8572416
170,154,171,174,"null","null","null",3,33.6,2.1434035,-2.01023,0.52348334,-3.470645,-16777216
171,170,172,173,"null","null","null",2,33.6,3.1267998,-0.979175,0.6527476,-2.8544154,-16777216
175,153,176,181,"null","null","null",6,15.0,0.6343527,-2.8263783,0.8665067,-3.4851904,-16777216
176,175,177,180,"null","null","null",3,15.0,2.1434035,-2.01023,0.50423664,-3.470645,-16777216
177,176,178,179,"null","null","null",2,15.0,3.1267998,-0.979175,0.6527476,-2.8544154,-16777216
181,175,182,185,"null","null","null",3,15.0,0.82108605,-3.7909274,2.3745222,-0.47381002,-16777216
182,181,183,184,"null","null","null",2,15.0,0.5419738,-3.7111793,1.8611706,-1.7914329,-16777216
