index,parent,child1,child2,name1,name2,common,richness,lengthbr,hxmax,hxmin,hymax,hymin,color
0,-268173157,1,40,"null","null","null",23,9.6,2.390818,-1.9270691,0.50423634,-3.486683,-12486656
1,0,2,39,"null","null","null",20,9.6,3.4484403,-0.9791769,0.6527475,-2.8752651,-12486656
2,1,3,28,"null","null","null",19,9.6,3.688756,-0.44105422,1.8643985,-2.2438145,-12486656
3,2,4,23,"null","null","null",13,9.6,3.2310975,-0.6278828,3.0686347,-1.1166838,-12486656
4,3,5,20,"null","null","null",10,9.6,2.5840387,-1.474984,3.489029,-0.3719896,-12486656
5,4,6,17,"null","null","null",8,9.6,1.5501398,-2.84409,3.1200051,-0.59051704,-16731116
6,5,7,16,"null","null","null",6,9.6,0.4136026,-3.5088603,2.3745222,-1.1988022,-16731116
7,6,8,13,"null","null","null",5,9.4,0.541974,-3.3444915,1.9094174,-2.733922,-16731116
8,7,9,12,"null","null","null",3,9.4,0.66192484,-2.660825,0.7546941,-3.6840577,-16731116
9,8,10,11,"null","null","null",2,9.4,1.2662381,-2.076367,0.48397338,-3.8140666,-16731116
13,7,14,15,"null","null","null",2,9.4,1.6917303,-2.1268024,3.5885572,-0.35959825,-11513776
17,5,18,19,"null","null","null",2,9.6,3.3284109,-0.2891283,2.5944998,-1.405283,-16731116
20,4,21,22,"null","null","null",2,9.6,3.8167195,-0.6717541,0.7310606,-2.2381625,-8572416
23,3,24,27,"null","null","null",3,9.6,3.4735072,-1.0892061,0.33095554,-2.90701,-11184866
24,23,25,26,"null","null","null",2,4.4,3.8167195,-0.41856924,0.7310606,-2.2381625,-11184866
28,2,29,38,"null","null","null",6,9.599999,2.2793033,-2.0763686,0.56240034,-3.4921465,-12486656
29,28,30,35,"null","null","null",5,9.4,3.4068682,-0.87069225,0.64591223,-2.90701,-12486656
30,29,31,34,"null","null","null",3,9.4,3.7300887,-0.41856924,1.4251035,-2.2381625,-12486656
31,30,32,33,"null","null","null",2,9.4,3.3284109,-0.61676,2.5944998,-1.405283,-11184866
35,29,36,37,"null","null","null",2,9.4,0.3578284,-2.716216,0.90259874,-3.2399788,-11184866
40,0,41,44,"null","null","null",3,9.6,0.4428653,-3.2755384,1.8611718,-2.472533,-16731116
41,40,42,43,"null","null","null",2,9.6,0.6619248,-2.5711858,0.7546971,-3.344255,-16731116
