index,parent,child1,child2,name1,name2,common,richness,lengthbr,hxmax,hxmin,hymax,hymin,color
0,-268435379,1,52,"null","null","null",27,150.501,2.6213384,-1.8611743,0.44286627,-3.4007168,-11184866
1,0,2,41,"null","null","null",26,123.28929,3.5377054,-0.6447771,0.6764308,-2.7339182,-11184866
2,1,3,30,"","null","Softshell Turtles",20,76.62409,3.6238143,-0.48397207,2.2620697,-2.0607538,-11184866
3,2,4,23,"null","null","null",14,59.547173,3.0781798,-0.6459119,3.3844695,-0.8866605,-11184866
4,3,5,20,"null","null","null",10,49.96239,2.4606805,-1.8280945,3.7009754,-0.41856802,-11184866
5,4,6,19,"null","null","null",8,39.02822,1.4052893,-3.118394,3.2905664,-0.6167593,-11184866
6,5,7,16,"null","null","null",7,28.767876,0.34807813,-3.6562014,2.6331294,-1.4981346,-11184866
7,6,8,15,"null","null","null",5,20.039267,0.5754999,-3.3983083,1.6917357,-2.9612556,-11184866
8,7,9,12,"null","null","null",4,17.547613,0.665,-2.7278008,0.33849317,-3.7671337,-11184866
9,8,10,11,"null","null","null",2,9.445655,1.6186322,-1.9384052,0.5235952,-3.7564607,-11184866
12,8,13,14,"null","null","null",2,12.841175,0.79509676,-3.6646852,2.3612092,-0.4184203,-11184866
16,6,17,18,"null","null","null",2,5.086345,2.2791789,-0.55372137,3.7952094,-0.7052618,-11184866
20,4,21,22,"null","null","null",2,15.134276,3.826167,-0.6001848,1.0880048,-2.136561,-11184866
23,3,24,29,"null","null","null",4,50.307205,3.4687877,-0.9025996,0.3578277,-2.7521353,-8572416
24,23,25,28,"null","null","null",3,18.397572,3.6229672,-0.46288335,1.792403,-2.136561,-16777216
25,24,26,27,"null","null","null",2,11.7359295,3.1081662,-0.6376126,2.875551,-1.1971906,-16777216
30,2,31,40,"null","null","null",6,55.232124,2.4870381,-1.9384066,0.48358738,-3.405892,-8572416
31,30,32,37,"null","null","null",5,34.293427,3.4687877,-0.58311385,0.6580919,-2.7521353,-8572416
32,31,33,36,"null","null","null",3,10.841583,3.6229672,-0.46288335,1.792403,-2.136561,-8572416
33,32,34,35,"null","null","null",2,7.4629498,3.1081662,-0.6376126,2.875551,-1.1971906,-3014646
37,31,38,39,"null","null","null",2,11.501862,0.38339424,-2.4199004,0.86650753,-3.439216,-11184866
41,1,42,49,"","null","Flap-shell Turtles",6,55.526672,1.0443795,-2.7278008,0.8449218,-3.4974647,-16731116
42,41,43,48,"null","null","null",4,40.477158,2.6072748,-1.9384066,0.523595,-3.405892,-12486656
43,42,44,47,"null","null","null",3,34.689556,3.6250954,-0.86753124,0.6580919,-2.7521353,-12486656
44,43,45,46,"null","null","null",2,25.070833,3.826167,-0.46288335,1.0880048,-2.136561,-12486656
49,41,50,51,"null","null","null",2,26.246212,0.795097,-3.6646843,2.3612094,-0.4184202,-16731116
