index,parent,child1,child2,name1,name2,common,richness,lengthbr,hxmax,hxmin,hymax,hymin,color
0,-268241884,1,98,"null","null","null",54,57.7,2.9699755,-0.637613,3.3079333,-1.003265,-11184866
1,0,2,97,"null","null","null",49,36.5,2.2791774,-1.6991837,3.6996102,-0.39551717,-11184866
2,1,3,94,"null","null","null",48,36.5,1.4209485,-3.0448265,3.3383718,-0.6042883,-11184866
3,2,4,91,"null","null","null",46,36.5,0.32388073,-3.6646085,2.6735504,-1.2503619,-11184866
4,3,5,52,"null","null","null",44,36.4,0.5592984,-3.4755564,1.7338045,-2.722212,-11184866
5,4,6,47,"null","null","null",24,36.300003,0.75179744,-2.8263779,0.41481906,-3.5626502,-11184866
6,5,7,26,"null","null","null",21,36.100002,2.29608,-2.023676,0.5042372,-3.5713406,-11184866
7,6,8,17,"null","null","null",10,27.9,3.3252766,-0.76730907,0.65274775,-2.9853194,-11184866
8,7,9,14,"","null","Snow Skinks",5,19.2,3.528639,-0.44105512,2.0262864,-2.386887,-11184866
9,8,10,13,"null","null","null",3,14.9,3.0229437,-0.6278832,3.2790852,-1.3026786,-16777216
10,9,11,12,"null","null","null",2,14.7,2.3134403,-0.65274704,3.7626104,-0.37199056,-16777216
14,8,15,16,"null","null","null",2,8.1,1.2662381,-2.076367,0.5623988,-3.8140666,-11184866
17,7,18,25,"","null","Sunskinks",5,23.8,0.7291248,-2.660825,0.8857573,-3.4364262,-16777216
18,17,19,24,"null","null","null",4,23.8,2.3305678,-2.076367,0.48397338,-3.4921455,-16777216
19,18,20,23,"null","null","null",3,23.8,3.4735096,-1.0892038,0.6459124,-2.9070082,-16777216
20,19,21,22,"null","null","null",2,23.8,3.8167202,-0.4185698,0.73106515,-2.238161,-16777216
26,6,27,38,"null","null","null",11,31.7,0.44286364,-3.4929109,1.7306687,-2.5790417,-16777216
27,26,28,33,"null","null","null",6,31.5,0.6619249,-2.8537698,0.522323,-3.482712,-16777216
28,27,29,32,"","null","Firetail Skinks",3,15.6,1.9703064,-2.076367,0.48397338,-3.5523171,-16777216
29,28,30,31,"null","null","null",2,15.6,3.0051699,-1.0892038,0.6459124,-2.9852314,-16777216
33,27,34,37,"null","null","null",3,15.6,0.8449204,-3.767136,2.4522898,-0.39556158,-16777216
34,33,35,36,"null","null","null",2,15.6,0.52359635,-3.7564592,1.9384005,-1.6186413,-16777216
38,26,39,46,"null","null","null",5,18.3,1.691729,-2.7374768,3.1863751,-0.35959762,-16777216
39,38,40,45,"null","null","null",4,18.3,0.52728236,-3.4762132,2.4522882,-0.8165132,-16777216
40,39,41,44,"null","null","null",3,18.3,0.5235966,-3.3782582,1.9383993,-2.3110423,-16777216
41,40,42,43,"null","null","null",2,18.3,0.6580924,-2.7162104,0.8675197,-3.239983,-16777216
47,5,48,51,"","null","Shining Skinks",3,12.2,0.82108533,-3.7909288,2.3745222,-0.47381365,-16777216
48,47,49,50,"null","null","null",2,12.2,0.5419743,-3.711179,1.8611686,-1.7914356,-16777216
52,4,53,78,"null","null","null",20,21.8,1.4333838,-2.8440921,3.3743334,-0.3173819,-16777216
53,52,54,75,"null","null","null",13,21.8,0.29948944,-3.5088615,2.7051492,-1.0522765,-16777216
54,53,55,74,"null","null","null",11,21.8,0.5419743,-3.3444917,1.8611686,-2.5434372,-16777216
55,54,56,73,"null","null","null",10,21.8,0.67644143,-2.660825,0.7546941,-3.4364262,-16777216
56,55,57,72,"null","null","null",9,21.8,2.2620795,-2.076367,0.48397338,-3.4921455,-16777216
57,56,58,71,"null","null","null",8,21.8,3.3844748,-1.0892038,0.6459124,-2.9070082,-16777216
58,57,59,70,"null","null","null",7,21.8,3.700975,-0.4185698,1.7065823,-2.238161,-16777216
59,58,60,69,"null","null","null",6,21.8,3.2905617,-0.6167603,2.9604197,-1.4052806,-16777216
60,59,61,66,"null","null","null",5,21.8,2.6331253,-1.3545772,3.4508257,-0.34808022,-16777216
61,60,62,65,"null","null","null",3,21.8,1.6917281,-2.7746239,3.1313145,-0.5755012,-16777216
62,61,63,64,"null","null","null",2,21.8,0.5272817,-3.5245032,2.3807092,-0.665,-16777216
66,60,67,68,"null","null","null",2,21.8,3.795211,-0.705259,0.5537361,-2.2791758,-16777216
75,53,76,77,"null","null","null",2,21.8,2.3408213,-0.42902362,3.719045,-0.76705235,-16777216
78,52,79,88,"null","null","null",7,21.8,3.0657125,-0.28912854,2.9604187,-1.2878737,-16777216
79,78,80,87,"null","null","null",5,21.8,2.3408213,-1.354575,3.4508257,-0.34807998,-16777216
80,79,81,84,"null","null","null",4,21.8,1.6749367,-2.774622,3.131315,-0.5755011,-16777216
81,80,82,83,"null","null","null",2,21.8,0.52728236,-3.524502,2.38071,-0.665,-16777216
84,80,85,86,"null","null","null",2,21.8,3.4248686,-0.27500087,2.4441597,-1.5045813,-16777216
88,78,89,90,"null","null","null",2,21.8,2.8755636,-1.1971806,0.31716153,-3.1081548,-16777216
91,3,92,93,"","null","Short-legged Giant Skinks",2,19.6,2.3134418,-0.4390183,3.7626092,-0.7370682,-16777216
94,2,95,96,"null","null","null",2,1.9,3.2227004,-0.30320042,2.7384913,-1.3026809,-16777216
98,0,99,104,"","null","Writhing Skinks",5,34.6,3.4434733,-0.91696286,0.34452912,-2.8342993,-16777216
99,98,100,103,"null","null","null",3,34.6,3.6822972,-0.44105458,1.610443,-2.1905596,-16777216
100,99,101,102,"null","null","null",2,34.6,3.2227004,-0.62788296,2.7384913,-1.3026809,-16777216
104,98,105,106,"null","null","null",2,34.6,0.37080073,-2.5711837,0.8857578,-3.3442564,-16777216
