index,parent,child1,child2,name1,name2,common,richness,lengthbr,hxmax,hxmin,hymax,hymin,color
0,-268335102,1,197,"null","null","null",497,29.4,0.9035123,-2.700683,0.42326963,-3.5127983,-16731116
1,0,2,13,"null","null","null",439,29.4,2.4241447,-1.9051414,0.52359563,-3.4258225,-16731116
2,1,-268382208,3,"null","null","null",235,29.4,3.387022,-0.72600394,0.65809214,-2.7780447,-16731116
3,2,4,10,"null","null","null",112,29.4,0.7901137,-2.7414122,0.8665066,-3.5076966,-16731116
4,3,-268390400,5,"null","null","null",110,29.4,2.3458931,-1.9270685,0.5042366,-3.4999032,-16731116
5,4,6,9,"null","null","null",3,29.4,0.4428649,-3.275539,1.861171,-2.4725335,-12486656
6,5,7,8,"null","null","null",2,5.0,0.66192484,-2.5711865,0.7546976,-3.3442545,-11184866
10,3,11,12,"null","null","null",2,5.0,0.82108617,-3.5997534,2.3745224,-0.40725186,-12486656
13,1,14,82,"null","null","null",204,29.4,0.40148157,-3.4008198,1.6994865,-2.6721158,-16731116
14,13,-268384256,15,"null","null","null",146,29.4,0.7517928,-2.7292204,0.52432394,-3.4975266,-16731116
15,14,16,69,"null","null","null",34,29.4,0.82108617,-3.5723217,2.6209033,-1.0522718,-16731116
16,15,17,66,"null","null","null",27,29.4,0.54197377,-3.426992,1.9094193,-2.5434334,-16731116
17,16,18,45,"null","null","null",25,29.4,0.67643666,-2.7680755,0.6447744,-3.4364245,-16731116
18,17,19,40,"null","null","null",14,29.4,2.2620752,-2.048472,0.48397276,-3.4921463,-16731116
19,18,20,35,"Lemniscomys","null","Striped Grass Mice",11,14.2,3.3844724,-0.88665503,0.64591223,-2.90701,-16731116
20,19,21,34,"null","null","null",8,14.2,3.700975,-0.41856912,1.7065775,-2.2381623,-16731116
21,20,22,31,"null","null","null",7,14.2,3.290563,-0.61675996,2.9604163,-1.2878772,-16731116
22,21,23,28,"null","null","null",5,14.2,2.6331263,-1.3545718,3.4508247,-0.3480795,-16731116
23,22,24,27,"null","null","null",3,14.2,1.6917307,-2.7746193,3.1313148,-0.5755007,-16731116
24,23,25,26,"null","null","null",2,4.5,0.52728534,-3.5245008,2.3807092,-0.665,-16731116
28,22,29,30,"null","null","null",2,14.2,3.79521,-0.70526004,0.55373085,-2.2791767,-16731116
31,21,32,33,"null","null","null",2,14.2,2.875559,-1.1971848,0.31716126,-3.1081588,-12486656
35,19,36,39,"null","null","null",3,14.2,0.35782835,-2.7521315,0.90259886,-3.6250978,-16731116
36,35,37,38,"null","null","null",2,14.2,1.0880142,-2.136558,0.46288425,-3.8261666,-16731116
40,18,41,44,"null","null","null",3,29.4,0.48358572,-3.3782644,1.9384029,-2.3110337,-11184866
41,40,42,43,"Pithecheir","null","null",2,5.0,0.65809214,-2.716219,0.8675264,-3.239977,-11184866
45,17,46,63,"null","null","null",11,29.4,0.8449211,-3.574321,2.7278004,-0.9518948,-12486656
46,45,47,58,"null","null","null",9,15.9,0.52359575,-3.505802,1.7993869,-2.4870417,-12486656
47,46,48,55,"null","null","null",6,15.9,0.65809214,-2.8820179,0.583107,-3.4687872,-16731116
48,47,49,52,"null","null","null",4,9.3,1.7924132,-2.3054104,0.46288425,-3.6229632,-16731116
49,48,50,51,"null","null","null",2,9.3,2.875559,-1.1971848,0.637613,-3.1081588,-16731116
52,48,53,54,"null","null","null",2,9.3,0.52348334,-3.7908015,2.01023,-1.4433393,-16731116
55,47,56,57,"null","null","null",2,4.6,0.8665067,-3.4392204,2.419892,-0.38339478,-11184866
58,46,59,62,"null","null","null",3,15.9,1.7788389,-2.6272664,3.1628733,-0.4014814,-11184866
59,58,60,61,"null","null","null",2,15.9,0.6411331,-3.4392219,2.4198897,-0.66423047,-12486656
63,45,64,65,"null","null","null",2,29.4,2.361209,-0.4184206,3.6646872,-0.7950959,-16731116
66,16,67,68,"null","null","null",2,5.0,1.6917316,-2.1268003,3.5885587,-0.35959888,-12486656
69,15,70,81,"null","null","null",7,29.4,2.340822,-1.3259987,3.5294883,-0.76705325,-12486656
70,69,71,80,"Bunomys","null","Hill Rats",6,13.0,1.6917316,-2.737475,3.2335782,-0.5755006,-12486656
71,70,72,79,"null","null","null",5,13.0,0.5272858,-3.476214,2.5136518,-0.8165077,-12486656
72,71,73,76,"null","null","null",4,13.0,0.52359605,-3.3782613,2.0181699,-2.3110373,-12486656
73,72,74,75,"null","null","null",2,13.0,0.6580922,-2.7162147,0.8675231,-3.23998,-11184866
76,72,77,78,"null","null","null",2,13.0,1.7788374,-1.9610459,3.6551375,-0.40148073,-16731116
82,13,83,162,"null","null","null",58,29.4,1.5187924,-2.8931744,3.2971153,-0.3173825,-16731116
83,82,84,149,"null","null","null",40,29.4,0.29948908,-3.57267,2.6047654,-1.0751562,-16731116
84,83,85,142,"null","null","null",33,29.4,0.541974,-3.427444,1.7306705,-2.573182,-16731116
85,84,86,129,"null","null","null",29,29.400002,0.67644143,-2.768663,0.54959404,-3.475096,-16731116
86,85,87,126,"null","null","null",22,23.0,2.2620795,-2.216556,0.48397338,-3.5424166,-16731116
87,86,88,123,"Apodemus","null","Field Mice",20,16.5,3.3844748,-0.8706895,0.6459124,-2.9723606,-16731116
88,87,89,106,"null","null","null",18,16.5,3.700975,-0.4185698,1.7316434,-2.3231192,-16731116
89,88,90,103,"null","null","null",9,16.5,3.2905617,-0.6167603,2.9929993,-1.2878731,-16731116
90,89,91,100,"null","null","null",7,11.2,2.6331253,-1.4981474,3.4931793,-0.34808022,-16731116
91,90,92,97,"null","null","null",5,11.2,1.6749359,-2.9612648,3.1863742,-0.5755012,-16731116
92,91,93,96,"null","null","null",3,11.2,0.5272817,-3.7671363,2.4522867,-0.665,-16731116
93,92,94,95,"null","null","null",2,11.2,0.5235968,-3.7564573,1.9383985,-1.6186471,-16731116
97,91,98,99,"null","null","null",2,11.2,3.4248688,-0.27500102,2.444159,-1.5045819,-12486656
100,90,101,102,"null","null","null",2,11.2,3.795211,-0.705259,0.5537361,-2.2791758,-16731116
103,89,104,105,"null","null","null",2,3.0,2.8755634,-1.1971815,0.31716168,-3.1081553,-16731116
106,88,107,116,"null","null","null",9,4.8,2.0156536,-2.156239,0.6001816,-3.5166674,-16731116
107,106,108,115,"null","null","null",5,4.8,3.1657686,-1.1971815,0.6376133,-2.9699733,-16731116
108,107,109,114,"null","null","null",4,4.8,3.514793,-0.3955179,1.6992358,-2.2791758,-16731116
109,108,110,113,"null","null","null",3,4.8,3.0981078,-0.6042887,3.0448914,-1.5045819,-16731116
110,109,111,112,"null","null","null",2,4.8,2.3612075,-0.66192454,3.6646893,-0.32388148,-16731116
116,106,117,122,"null","null","null",4,4.8,0.5234822,-3.4551706,2.010228,-2.4726558,-16731116
117,116,118,121,"null","null","null",3,4.8,0.65274775,-2.8342981,0.9791734,-3.5548244,-16731116
118,117,119,120,"null","null","null",2,4.8,0.9093931,-2.1905591,0.4410549,-3.827052,-16731116
123,87,124,125,"","null","Broad-toothed Field Mice",2,4.3,0.35782874,-2.7162147,0.90259826,-3.23998,-16731116
126,86,127,128,"Tokudaia","some","Spiny Rats",2,4.8,0.48358452,-3.7564592,1.9384005,-1.6186413,-8572416
129,85,130,141,"Arvicanthis","null","Grass Rats",7,10.8,0.8449204,-3.497466,2.5136495,-0.95189875,-16731116
130,129,131,138,"null","null","null",6,10.8,0.52359635,-3.405888,2.0181682,-2.4870446,-16731116
131,130,132,137,"null","null","null",4,10.8,0.65809226,-2.752129,0.8675231,-3.4687877,-16731116
132,131,133,136,"null","null","null",3,6.9,1.7924187,-2.1365566,0.4628849,-3.622961,-16731116
133,132,134,135,"null","null","null",2,6.9,2.8755634,-1.1971815,0.6376133,-3.1081553,-16731116
138,130,139,140,"null","null","null",2,10.8,1.7788361,-1.9610482,3.6551366,-0.40148008,-16731116
142,84,143,148,"Berylmys","null","White-toothed Rats",4,10.1,1.6917303,-2.9612625,3.1863766,-0.35959825,-16731116
143,142,144,147,"null","null","null",3,10.1,0.5272839,-3.767136,2.4522898,-0.665,-16731116
144,143,145,146,"null","null","null",2,10.1,0.52359635,-3.7564592,1.9384005,-1.6186413,-11513776
149,83,150,161,"null","null","null",7,29.4,2.3408217,-1.326001,3.4931798,-0.76705277,-16731116
150,149,151,158,"null","null","null",6,29.4,1.6749383,-2.7374768,3.1863766,-0.57550085,-16731116
151,150,152,157,"null","null","null",4,29.4,0.5272839,-3.476215,2.4522898,-0.81650966,-16731116
152,151,153,156,"Bandicota","some","Bandicoot Rats",3,8.0,0.52359635,-3.3782616,1.9384005,-2.3110387,-16731116
153,152,154,155,"null","null","null",2,8.0,0.65809226,-2.7162147,0.8675231,-3.23998,-16731116
158,150,159,160,"Phloeomys","null","null",2,5.0,3.4248698,-0.27500066,2.4441574,-1.5045828,-12486656
162,82,163,194,"null","null","null",18,29.4,3.2578793,-0.2891283,3.1463294,-1.2878759,-16731116
163,162,164,179,"null","null","null",16,29.400002,2.5906374,-1.3385757,3.692511,-0.34807962,-16731116
164,163,165,178,"null","null","null",8,15.1,1.6917303,-2.753824,3.4455068,-0.57550085,-16731116
165,164,166,173,"null","null","null",7,15.1,0.33848858,-3.497466,2.7891593,-1.0443912,-16731116
166,165,167,172,"null","null","null",4,15.1,0.52359635,-3.405888,1.9384005,-2.6072845,-16731116
167,166,168,171,"null","null","null",3,15.1,0.65809226,-2.752129,0.8675231,-3.6250997,-16731116
168,167,169,170,"null","null","null",2,15.1,1.0880196,-2.1365566,0.4628849,-3.8261666,-16731116
173,165,174,177,"null","null","null",3,15.1,2.3612084,-0.66485244,3.8027482,-0.7950951,-16731116
174,173,175,176,"null","null","null",2,15.1,1.7788361,-1.9610482,3.6551366,-0.55929875,-16731116
179,163,180,193,"Hylomyscus","null","null",8,5.0,3.6996105,-0.70525986,1.7809258,-2.2791765,-16731116
180,179,181,188,"null","null","null",7,5.0,3.3383713,-0.6042886,3.1510894,-1.3321667,-12486656
181,180,182,185,"null","null","null",4,5.0,2.6735497,-0.66485244,3.8027482,-0.32388124,-12486656
182,181,183,184,"null","null","null",2,5.0,1.7788361,-1.9610482,3.6551366,-0.55929875,-16731116
185,181,186,187,"null","null","null",2,3.7,3.76261,-0.7370676,0.4390185,-2.3134413,-11184866
188,180,189,192,"null","null","null",3,5.0,3.2790847,-1.3026788,0.30320072,-3.0229447,-12486656
189,188,190,191,"null","null","null",2,5.0,3.76261,-0.37199044,0.6527471,-2.3134413,-12486656
194,162,195,196,"Rhabdomys","null","null",2,5.0,2.8755617,-1.1971824,0.31716132,-3.1081567,-16731116
197,0,198,305,"null","null","null",58,29.4,0.79509604,-3.6036725,2.55196,-1.2118254,-16731116
198,197,199,292,"null","null","null",54,29.4,0.55929816,-3.3963406,1.6207708,-2.6721158,-16731116
199,198,200,257,"null","null","null",47,29.400002,0.82467246,-2.7233973,0.561767,-3.4975266,-16731116
200,199,201,242,"null","null","null",29,29.400002,2.3908195,-2.0236783,0.5042366,-3.4866824,-12486656
201,200,202,229,"null","null","null",21,29.400002,3.448441,-0.8051368,0.6527476,-2.8752642,-16731116
202,201,203,218,"null","null","null",14,19.099998,3.688756,-0.44105446,1.8643999,-2.2438135,-12486656
203,202,204,215,"null","null","null",8,13.9,3.231097,-0.6278829,3.068636,-1.1514497,-12486656
204,203,205,212,"Hybomys","null","null",6,10.7,2.5840385,-1.6418892,3.4890292,-0.37198985,-12486656
205,204,206,211,"null","null","null",4,10.7,1.6001925,-3.0610657,3.1200047,-0.59051716,-11184866
206,205,207,210,"null","null","null",3,10.7,0.4136023,-3.790928,2.3745217,-0.66423035,-12486656
207,206,208,209,"null","null","null",2,10.7,0.5419742,-3.7111783,1.861169,-1.7914364,-11184866
212,204,213,214,"null","null","null",2,10.7,3.81672,-0.67175376,0.73105973,-2.2381623,-16731116
215,203,216,217,"Dephomys","null","null",2,4.1,3.005166,-1.0892072,0.33095568,-2.9852352,-16731116
218,202,219,228,"null","null","null",6,12.0,2.2793026,-2.076369,0.5624,-3.4921463,-12486656
219,218,220,225,"Hydromys","some","Water Rats",5,9.6,3.406868,-0.87069386,0.64591223,-2.90701,-16731116
220,219,221,224,"null","null","null",3,9.6,3.7300892,-0.41856912,1.4251027,-2.2381623,-16731116
221,220,222,223,"null","null","null",2,9.6,3.3284116,-0.61675996,2.594499,-1.4052837,-16777216
225,219,226,227,"null","null","null",2,9.6,0.35782835,-2.716219,0.90259886,-3.239977,-16777216
229,201,230,239,"null","null","null",7,14.1,0.72912025,-2.745932,0.8857578,-3.4364245,-16731116
230,229,231,238,"null","null","null",5,14.1,2.3305638,-2.076369,0.48397276,-3.4921463,-16731116
231,230,232,235,"null","null","null",4,14.1,3.4735074,-0.87069386,0.64591223,-2.90701,-16731116
232,231,233,234,"Bullimus","null","null",2,4.6,3.81672,-0.41856912,0.73105973,-2.2381623,-16731116
235,231,236,237,"Tarsomys","null","null",2,4.6,0.35782835,-2.716219,0.90259886,-3.239977,-12486656
239,229,240,241,"null","null","null",2,14.1,0.8449211,-3.5244987,2.3807101,-0.39556122,-16731116
242,200,243,254,"null","null","null",8,15.1,0.4428649,-3.4929113,1.9094193,-2.5790386,-11184866
243,242,244,249,"null","null","null",6,15.1,0.66192484,-2.8537707,0.5223269,-3.4827113,-12486656
244,243,245,248,"null","null","null",3,7.4,1.9703012,-2.076369,0.48397276,-3.5523193,-11513776
245,244,246,247,"Tateomys","null","null",2,4.1,3.005166,-1.0892072,0.64591223,-2.9852352,-11513776
249,243,250,253,"Margaretamys","null","null",3,7.4,0.8449211,-3.7671354,2.4522934,-0.39556122,-12486656
250,249,251,252,"null","null","null",2,7.4,0.52359575,-3.7564604,1.9384029,-1.6186361,-12486656
254,242,255,256,"Echiothrix","null","null",2,4.6,1.6917316,-2.1268003,3.5885587,-0.35959888,-11184866
257,199,258,289,"null","null","null",18,29.400002,0.82108617,-3.5592191,2.7051501,-1.0522718,-16731116
258,257,259,282,"null","null","null",16,20.1,0.54197377,-3.4099588,1.7306722,-2.5434334,-16731116
259,258,260,279,"Grammomys","some","Thicket Rats",12,16.6,0.68968856,-2.745932,0.49051207,-3.4364245,-16731116
260,259,261,270,"null","null","null",10,16.6,2.2793026,-2.0607495,0.48397276,-3.4921463,-16731116
261,260,262,267,"null","null","null",5,16.6,3.406868,-0.87069386,0.64591223,-2.90701,-12486656
262,261,263,266,"null","null","null",3,16.6,3.7300892,-0.41856912,1.4251027,-2.2381623,-12486656
263,262,264,265,"null","null","null",2,16.6,3.3284116,-0.61675996,2.594499,-1.4052837,-16731116
267,261,268,269,"null","null","null",2,16.6,0.35782835,-2.716219,0.90259886,-3.239977,-11184866
270,260,271,276,"null","null","null",5,16.6,0.48358572,-3.4058893,2.0181713,-2.6072805,-16731116
271,270,272,275,"null","null","null",3,16.6,0.65809214,-2.7521315,0.8675264,-3.6250978,-12486656
272,271,273,274,"null","null","null",2,16.6,1.0880142,-2.136558,0.46288425,-3.8261666,-12486656
276,270,277,278,"null","null","null",2,16.6,1.7788389,-1.9610431,3.6551383,-0.4014814,-16731116
279,259,280,281,"null","null","null",2,4.1,0.8449211,-3.5244987,2.3807101,-0.39556122,-16731116
282,258,283,288,"Thallomys","null","null",4,9.3,1.6917316,-2.9612606,3.186378,-0.35959888,-16731116
283,282,284,287,"null","null","null",3,9.3,0.5272858,-3.7671354,2.4522915,-0.665,-16731116
284,283,285,286,"null","null","null",2,9.3,0.52359605,-3.7564592,1.9384017,-1.6186401,-16731116
289,257,290,291,"Zelotomys","null","Broad-headed Mice",2,5.0,2.340822,-0.42902333,3.7190435,-0.76705325,-16731116
292,198,293,304,"null","null","null",7,29.4,1.6001931,-2.84409,3.1200051,-0.3173825,-12486656
293,292,294,303,"null","null","null",6,13.0,0.4136026,-3.5088603,2.3745222,-1.1988022,-12486656
294,293,295,300,"null","null","null",5,13.0,0.541974,-3.3444915,1.9094174,-2.733922,-12486656
295,294,296,299,"Thamnomys","some","Thicket Rats",3,7.3999996,0.66192484,-2.660825,0.7546941,-3.6840577,-11184866
296,295,297,298,"null","null","null",2,4.1,1.2662381,-2.076367,0.48397338,-3.8140666,-11184866
300,294,301,302,"Oenomys","null","Rufous-nosed Rats",2,4.6,1.6917303,-2.1268024,3.5885572,-0.35959825,-16731116
305,197,306,311,"null","null","null",4,29.4,2.3134422,-1.5287675,3.489029,-0.73706865,-16731116
306,305,307,310,"Sundamys","null","null",3,8.0,1.6001931,-2.9140084,3.1200051,-0.59051704,-12486656
307,306,308,309,"null","null","null",2,8.0,0.4136026,-3.599754,2.3745222,-0.66423035,-12486656
