index,parent,child1,child2,name1,name2,common,richness,lengthbr,hxmax,hxmin,hymax,hymin,color
0,-268318713,1,130,"","null","Antbirds, Ovenbirds and more",1279,55.356842,1.2899941,-3.1082153,3.252845,-0.28912845,-16731116
1,0,2,110,"null","null","null",1227,47.014862,0.34807986,-3.6429617,2.5840933,-1.3495431,-16731116
2,1,3,92,"null","null","null",652,31.24582,0.57550097,-3.381092,1.6407058,-2.768081,-16731116
3,2,4,63,"null","null","null",431,29.475836,0.9527953,-2.70542,0.42326677,-3.5159993,-16731116
4,3,5,-268181504,"null","null","null",416,27.736362,2.4882104,-1.9031482,0.5235962,-3.4299817,-16731116
5,4,6,40,"","null","Ovenbirds, Woodcreepers, Antthrushes",314,23.0129,3.4703038,-0.6975698,0.65809226,-2.783451,-16731116
6,5,-268199936,7,"","null","Ovenbirds, Woodcreepers",302,15.264139,3.6249309,-0.46288514,2.015655,-2.1772757,-16731116
7,6,8,29,"Furnariidae","null","Ovenbirds",17,11.44562,2.29608,-1.9577118,0.5234818,-3.5025048,-16731116
8,7,9,24,"","null","Miners",11,7.5570264,3.3252766,-0.76730907,0.65274775,-2.8958325,-16731116
9,8,10,17,"null","null","null",8,5.6666374,3.528639,-0.44105512,2.0426908,-2.270554,-16731116
10,9,11,16,"null","null","null",4,3.9644253,3.0229437,-0.6278832,3.3004107,-1.3026786,-16731116
11,10,12,15,"null","null","null",3,3.4998002,2.3134403,-1.0472679,3.7903333,-0.37199056,-16731116
12,11,13,14,"null","null","null",2,2.6578379,1.6001897,-2.2880554,3.5116982,-0.59051764,-16731116
17,9,18,21,"null","null","null",4,5.017206,1.9703064,-2.216556,0.5623988,-3.5523171,-16731116
18,17,19,20,"null","null","null",2,4.4059014,3.0051699,-1.0892038,0.6459124,-2.9852314,-12486656
21,17,22,23,"null","null","null",2,2.3774025,0.48358452,-3.7564592,1.9384005,-1.6186413,-16731116
24,8,25,28,"null","null","null",3,4.7388206,0.37080103,-2.660825,0.8857573,-3.6840577,-16731116
25,24,26,27,"null","null","null",2,2.9039066,1.2662381,-2.076367,0.48397338,-3.8140666,-16731116
29,7,30,37,"","null","Leaftossers",6,6.7188025,0.44286364,-3.3444917,1.9094158,-2.5790417,-16731116
30,29,31,36,"null","null","null",4,3.5409322,0.6619249,-2.660825,0.7546941,-3.482712,-16731116
31,30,32,35,"null","null","null",3,3.1279328,1.9703064,-2.076367,0.48397338,-3.5523171,-16731116
32,31,33,34,"null","null","null",2,1.6218127,3.0051699,-1.0892038,0.6459124,-2.9852314,-16731116
37,29,38,39,"null","null","null",2,1.7646812,1.691729,-2.1268048,3.5885563,-0.35959762,-16731116
40,5,41,52,"Formicariidae","null","Antthrushes",12,18.895134,0.8217367,-2.6774402,0.866506,-3.473288,-16731116
41,40,42,51,"null","null","null",6,10.7708645,2.387001,-2.0102282,0.5042372,-3.4551697,-16731116
42,41,43,48,"null","null","null",5,7.6691647,3.4434738,-0.72746766,0.65274775,-2.8342974,-16731116
43,42,44,47,"null","null","null",3,3.2379825,3.6822956,-0.44105512,1.6104476,-2.1905584,-16731116
44,43,45,46,"null","null","null",2,2.2632246,3.2226973,-0.6278832,2.7384949,-1.3026786,-16731116
48,42,49,50,"null","null","null",2,2.8713686,0.37080103,-2.571182,0.8857573,-3.3442578,-16731116
52,40,53,58,"null","null","null",6,10.650139,0.82108533,-3.4558184,2.7422624,-0.9977391,-16731116
53,52,54,57,"null","null","null",3,7.1893334,0.5419743,-3.2755356,1.8611686,-2.4725387,-16731116
54,53,55,56,"null","null","null",2,6.630359,0.6619249,-2.571182,0.7546941,-3.3442578,-16731116
58,52,59,62,"null","null","null",3,3.4797409,2.3408213,-0.8562542,3.8025498,-0.76705235,-16731116
59,58,60,61,"null","null","null",2,0.83640903,1.691729,-2.1268048,3.5885563,-0.5755011,-16731116
63,3,64,85,"","null","Gnateaters and more",15,24.211092,0.7950952,-3.6143339,2.5519586,-1.1974869,-16731116
64,63,65,82,"null","null","null",11,17.626907,0.55929863,-3.4101982,1.7948548,-2.6534734,-16731116
65,64,66,79,"Conopophagidae","null","Gnateaters",9,13.166904,0.8217367,-2.7414122,0.41481906,-3.473288,-16731116
66,65,67,76,"null","null","null",7,9.329129,2.387001,-2.120684,0.5042372,-3.4551697,-16731116
67,66,68,73,"null","null","null",5,8.017424,3.4434738,-0.72746766,0.65274775,-2.8342974,-16731116
68,67,69,72,"null","null","null",3,6.0489826,3.6822956,-0.44105512,1.6104476,-2.1905584,-16731116
69,68,70,71,"null","null","null",2,3.8732271,3.2226973,-0.6278832,2.7384949,-1.3026786,-16731116
73,67,74,75,"null","null","null",2,3.6428146,0.37080103,-2.571182,0.8857573,-3.3442578,-16731116
76,66,77,78,"null","null","null",2,3.624096,0.44286364,-3.711179,1.8611686,-1.7914356,-16731116
79,65,80,81,"null","null","null",2,4.3033047,0.82108533,-3.5997553,2.3745222,-0.4072522,-16731116
82,64,83,84,"Formicariidae","null","Antpittas",2,9.870363,1.6001905,-2.288054,3.5116992,-0.31738126,-16731116
85,63,86,91,"Rhinocryptidae","null","Crescentchests",4,13.447285,2.3134413,-1.5287724,3.48903,-0.7370677,-16731116
86,85,87,90,"null","null","null",3,7.0705366,1.6001905,-2.9140122,3.1200047,-0.59051746,-16731116
87,86,88,89,"null","null","null",2,4.7246666,0.41359925,-3.5997562,2.374522,-0.66423035,-16731116
92,2,93,99,"","null","Antbirds",221,16.900345,1.4246768,-2.9979563,3.3478484,-0.2750008,-16731116
93,92,-268184576,94,"null","null","null",215,15.653997,0.32388148,-3.6036742,2.6858704,-1.221195,-16731116
94,93,95,98,"Thamnophilidae","null","Antbirds and Antshrikes",3,13.658141,2.3134408,-1.0472691,3.7903333,-0.7370672,-16731116
95,94,96,97,"null","null","null",2,8.645844,1.600189,-2.2880564,3.5116978,-0.5905177,-16731116
99,92,100,107,"Thamnophilidae","null","Antwrens",6,7.079312,3.2310944,-0.30320084,3.300411,-1.151444,-12486656
100,99,101,104,"null","null","null",4,2.8446517,2.5840364,-1.0472691,3.7903333,-0.37199068,-16731116
101,100,102,103,"null","null","null",2,1.0076537,1.600189,-2.2880564,3.5116978,-0.5905177,-16731116
104,100,105,106,"null","null","null",2,0.8617617,3.8167205,-0.6717526,0.73106873,-2.2381606,-12486656
107,99,108,109,"null","null","null",2,1.7768683,3.0051725,-1.0892012,0.33095616,-2.9852285,-12486656
110,1,111,-268180480,"null","null","null",575,26.34835,2.4514837,-1.6991885,3.6848876,-0.70525956,-16731116
111,110,112,113,"","null","Tyrant-Flycatchers, Cotingas and  more",458,25.579445,1.3321655,-3.0448298,3.319231,-0.6042887,-16731116
112,111,-268194816,-268178432,"null","null","null",449,25.30104,0.32388148,-3.6646094,2.6486678,-1.2118316,-16731116
113,111,114,123,"Tyrannidae","null","Tyrant-flycatchers",9,18.963966,3.022944,-0.30320084,3.0686398,-1.116679,-16731116
114,113,115,122,"null","null","null",5,9.001203,2.3134408,-1.6418946,3.4890308,-0.37199068,-16731116
115,114,116,121,"null","null","null",4,4.0514965,1.600189,-3.0610695,3.1200047,-0.5905177,-16731116
116,115,117,120,"null","null","null",3,1.4646152,0.4135974,-3.790929,2.374522,-0.66423035,-16731116
117,116,118,119,"null","null","null",2,0.58374286,0.54197484,-3.7111773,1.8611662,-1.7914411,-16731116
123,113,124,129,"null","null","null",4,9.112609,3.40687,-1.0892012,0.33095616,-2.9070072,-12486656
124,123,125,128,"null","null","null",3,4.577089,3.7300868,-0.41857028,1.4251122,-2.2381606,-16731116
125,124,126,127,"null","null","null",2,3.0205555,3.328406,-0.61676055,2.5945067,-1.4052784,-16731116
130,0,131,232,"","null","Broadbills, Pittas, Asities and more",52,40.17624,3.1129246,-0.31716147,3.2966106,-1.1971812,-16731116
131,130,132,207,"null","null","null",51,37.65465,2.4650123,-1.6552951,3.6848876,-0.3955179,-16731116
132,131,133,196,"null","null","null",38,35.47047,1.3321655,-2.9877687,3.319231,-0.6042887,-16731116
133,132,134,173,"Pittidae","null","Pittas",32,20.67286,0.32388148,-3.59043,2.6486678,-1.219034,-16731116
134,133,135,172,"null","null","null",20,17.587402,0.5592989,-3.3791223,1.7788353,-2.6814833,-16731116
135,134,136,161,"null","null","null",19,17.500961,0.8143109,-2.7010136,0.41481674,-3.5096993,-16731116
136,135,137,158,"null","null","null",13,13.516409,2.3773456,-2.1206808,0.5042378,-3.502502,-16731116
137,136,138,157,"null","null","null",11,11.326337,3.4309187,-0.9791694,0.6527479,-2.8958287,-16731116
138,137,139,152,"null","null","null",10,8.469798,3.665971,-0.4410558,1.8644092,-2.2705507,-16731116
139,138,140,151,"null","null","null",7,5.5744996,3.2014742,-0.6278835,3.0686421,-1.3026755,-16731116
140,139,141,146,"null","null","null",6,4.889593,2.5455308,-1.5287797,3.4890313,-0.37199128,-12486656
141,140,142,145,"null","null","null",3,3.7834718,1.6001867,-2.914018,3.1200037,-0.59051806,-16731116
142,141,143,144,"null","null","null",2,3.0298643,0.4135952,-3.599759,2.374521,-0.6642302,-12486656
146,140,147,150,"null","null","null",3,4.2477417,3.7300863,-0.67175174,1.4251142,-2.2381597,-12486656
147,146,148,149,"null","null","null",2,2.6380236,3.328405,-0.6167606,2.5945082,-1.4052775,-12486656
152,138,153,156,"null","null","null",3,5.355889,1.9703119,-2.076365,0.5623976,-3.5523148,-16731116
153,152,154,155,"null","null","null",2,3.225122,3.0051737,-1.0892006,0.64591265,-2.9852276,-12486656
158,136,159,160,"null","null","null",2,3.5562022,0.4428624,-3.7111773,1.8611662,-1.7914411,-16731116
161,135,162,171,"null","null","null",6,13.941706,0.8210846,-3.5088618,2.374522,-1.1988084,-12486656
162,161,163,168,"null","null","null",5,13.472805,0.54197484,-3.3444898,1.9094126,-2.7339265,-12486656
163,162,164,167,"null","null","null",3,7.0933285,0.661925,-2.6608222,0.75469065,-3.6840591,-12486656
164,163,165,166,"null","null","null",2,3.8326933,1.2662436,-2.076365,0.483974,-3.814066,-16731116
168,162,169,170,"null","null","null",2,7.9473066,1.6917262,-2.1268098,3.5885544,-0.35959634,-12486656
173,133,174,193,"null","null","null",12,16.058353,2.5840364,-1.5047903,3.7066278,-0.7370672,-16731116
174,173,175,192,"null","null","null",10,12.446958,1.600189,-2.882834,3.4028807,-0.5905177,-16731116
175,174,176,187,"null","null","null",9,12.376228,0.29949018,-3.5592227,2.742261,-1.0796683,-16731116
176,175,177,186,"null","null","null",6,10.24674,0.54197484,-3.409959,1.8611662,-2.579044,-12486656
177,176,178,183,"null","null","null",5,6.572049,0.661925,-2.745932,0.49050736,-3.482712,-12486656
178,177,179,182,"null","null","null",3,5.3413935,1.9703119,-2.076365,0.483974,-3.5523148,-12486656
179,178,180,181,"null","null","null",2,2.5358176,3.0051737,-1.0892006,0.64591265,-2.9852276,-12486656
183,177,184,185,"null","null","null",2,3.3165689,0.8449197,-3.5245035,2.3807096,-0.39556193,-12486656
187,175,188,191,"null","null","null",3,5.9055753,2.3408206,-0.85626006,3.8025498,-0.76705146,-16731116
188,187,189,190,"null","null","null",2,2.1983328,1.6917262,-2.1268098,3.5885544,-0.57550156,-16731116
193,173,194,195,"null","null","null",2,6.9815135,3.8167205,-0.6717526,0.73106873,-2.2381606,-16731116
196,132,197,202,"Eurylaimidae","null","Broadbills",6,28.089344,3.022944,-0.30320084,3.300411,-1.116679,-16731116
197,196,198,201,"null","null","null",3,13.599029,2.3134408,-1.0472691,3.7903333,-0.37199068,-16731116
198,197,199,200,"null","null","null",2,5.570969,1.600189,-2.2880564,3.5116978,-0.5905177,-16731116
202,196,203,206,"null","null","null",3,10.599687,3.4735112,-1.0892012,0.33095616,-2.9070072,-16731116
203,202,204,205,"null","null","null",2,5.0677433,3.8167205,-0.41857028,0.73106873,-2.2381606,-16731116
207,131,208,225,"null","null","null",13,26.119755,3.6887548,-0.6366811,1.8644058,-2.2705529,-16731116
208,207,209,224,"Eurylaimidae","null","Broadbills",9,21.328476,3.2310944,-0.6278832,3.0686398,-1.3026779,-16731116
209,208,210,221,"null","null","null",8,15.795849,2.5840364,-1.4436038,3.4890308,-0.37199068,-16731116
210,209,211,220,"null","null","null",6,12.255348,1.600189,-2.8032913,3.1200047,-0.5905177,-16731116
211,210,212,219,"null","null","null",5,9.165345,0.4135974,-3.4558175,2.374522,-0.99774426,-16731116
212,211,213,216,"null","null","null",4,8.725642,0.54197484,-3.2755322,1.9094126,-2.472543,-16731116
213,212,214,215,"null","null","null",2,4.780155,0.661925,-2.5711775,0.75469065,-3.3442605,-16731116
216,212,217,218,"null","null","null",2,3.468291,1.6917262,-2.1268098,3.5885544,-0.35959634,-16731116
221,209,222,223,"null","null","null",2,10.37611,3.8167205,-0.6717526,0.73106873,-2.2381606,-16731116
225,207,226,229,"Philepittidae","null","Asities",4,17.248032,1.9703102,-2.2165542,0.5623986,-3.5523152,-16731116
226,225,227,228,"null","null","null",2,7.3333945,3.0051725,-1.0892012,0.6459125,-2.9852285,-12486656
229,225,230,231,"null","null","null",2,7.204316,0.4835837,-3.7564578,1.938399,-1.6186463,-16731116
