index,parent,child1,child2,name1,name2,common,richness,lengthbr,hxmax,hxmin,hymax,hymin,color
0,-268130102,1,84,"","null","Whiptail Lizards",43,54.1,0.4014834,-3.3963406,1.7788435,-2.6534657,-16777216
1,0,2,73,"null","null","null",42,53.899998,0.7901076,-2.7233973,0.4148242,-3.4732869,-16777216
2,1,3,42,"null","null","null",36,50.699997,2.345888,-1.9945879,0.50423574,-3.455174,-16777216
3,2,4,39,"null","null","null",20,48.6,3.3900344,-0.72747934,0.6527473,-2.834304,-16777216
4,3,5,38,"null","null","null",18,44.0,3.612832,-0.44105333,1.993148,-2.190563,-16777216
5,4,6,37,"null","null","null",17,44.0,3.1323986,-0.62788224,3.236014,-1.3026884,-16777216
6,5,7,26,"null","null","null",16,25.7,2.4557288,-1.4749753,3.7066274,-0.37198827,-16777216
7,6,8,21,"null","null","null",10,25.7,1.4333925,-2.8440843,3.4028866,-0.5905161,-16777216
8,7,9,16,"null","null","null",7,25.7,0.29948735,-3.5088606,2.7422671,-1.198791,-16777216
9,8,10,15,"null","null","null",4,25.5,0.54197276,-3.3444967,1.8611755,-2.733913,-16777216
10,9,11,14,"null","null","null",3,22.0,0.66192466,-2.660832,0.75470227,-3.684054,-16777216
11,10,12,13,"null","null","null",2,21.6,1.2662256,-2.0763717,0.4839719,-3.8140678,-16777216
16,8,17,20,"null","null","null",3,25.7,2.3408232,-0.8562355,3.8025508,-0.7670549,-16777216
17,16,18,19,"null","null","null",2,25.7,1.6917381,-2.1267884,3.5885634,-0.5754996,-16777216
21,7,22,25,"null","null","null",3,25.7,3.0657163,-0.28912732,3.16673,-1.4052911,-16777216
22,21,23,24,"null","null","null",2,25.7,2.3408237,-0.65809226,3.71904,-0.3480777,-16777216
26,6,27,34,"null","null","null",6,25.7,3.5280132,-0.6717563,1.8652754,-2.4606814,-16777216
27,26,28,31,"null","null","null",4,17.400002,3.0657163,-0.6167592,3.16673,-1.2878872,-16777216
28,27,29,30,"null","null","null",2,9.7,2.3408237,-0.65809226,3.71904,-0.3480777,-16777216
31,27,32,33,"null","null","null",2,4.8,2.8755498,-1.1971917,0.31716022,-3.1081676,-16777216
34,26,35,36,"null","null","null",2,25.7,1.088003,-2.1365614,0.60018516,-3.8261676,-16777216
39,3,40,41,"null","null","null",2,10.7,0.3708,-2.5711937,0.88575876,-3.34425,-16777216
42,2,43,68,"null","null","null",16,35.699997,0.44286668,-3.4274502,1.7062039,-2.5897171,-16777216
43,42,44,67,"null","null","null",13,35.699997,0.66192466,-2.7686715,0.7547023,-3.4965985,-16777216
44,43,45,64,"null","null","null",12,35.699997,2.159725,-2.216563,0.48397192,-3.570376,-16777216
45,44,46,63,"null","null","null",10,33.1,3.2514215,-1.0892124,0.6459119,-3.00871,-16777216
46,45,47,56,"null","null","null",9,29.8,3.5280132,-0.41856796,1.7065672,-2.37037,-16777216
47,46,48,55,"null","null","null",5,27.7,3.0657158,-0.6167593,2.9604087,-1.4052902,-16777216
48,47,49,54,"null","null","null",4,27.5,2.3408232,-1.3545582,3.4508214,-0.3480779,-16777216
49,48,50,53,"null","null","null",3,10.400001,1.6917381,-2.774608,3.1313152,-0.5754996,-16777216
50,49,51,52,"null","null","null",2,8.6,0.52729416,-3.5244944,2.3807096,-0.665,-16777216
56,46,57,60,"null","null","null",4,29.099998,1.7924029,-2.3054147,0.6001849,-3.6229677,-16777216
57,56,58,59,"null","null","null",2,16.8,2.8755507,-1.1971908,0.6376125,-3.1081667,-16777216
60,56,61,62,"null","null","null",2,19.3,0.52348536,-3.7908027,2.0102339,-1.44333,-16777216
64,44,65,66,"null","null","null",2,35.7,0.48358747,-3.756462,1.9384067,-1.6186283,-16777216
68,42,69,72,"null","null","null",3,20.2,1.6917369,-2.7746093,3.1313152,-0.35960102,-16777216
69,68,70,71,"null","null","null",2,9.6,0.5272931,-3.524495,2.3807096,-0.665,-16777216
73,1,74,83,"null","null","null",6,50.3,0.8210871,-3.559216,2.3745227,-1.1987927,-16777216
74,73,75,82,"null","null","null",5,21.2,0.541973,-3.409958,1.8611748,-2.7339141,-16777216
75,74,76,79,"null","null","null",4,21.2,0.66192466,-2.7459316,0.49051464,-3.6840544,-16777216
76,75,77,78,"null","null","null",2,21.2,1.2662241,-2.0763717,0.483972,-3.8140683,-16777216
79,75,80,81,"null","null","null",2,21.2,0.8449218,-3.5244951,2.38071,-0.3955608,-16777216
