index,parent,child1,child2,name1,name2,common,richness,lengthbr,hxmax,hxmin,hymax,hymin,color
0,-268250043,1,50,"Mimidae","null","Mockingbirds and Thrashers",34,14.971386,1.5297087,-2.763124,3.344543,-0.35959655,-16731116
1,0,2,31,"null","null","null",25,12.305233,0.42326432,-3.5095534,2.657906,-0.9035219,-16731116
2,1,3,30,"null","null","null",15,9.427649,0.5235968,-3.4215996,1.9383985,-2.4241529,-16731116
3,2,4,21,"null","null","null",14,5.049689,0.6580924,-2.772554,0.725999,-3.3870258,-16731116
4,3,5,14,"null","null","null",9,4.4298506,2.0156596,-2.1631112,0.46288577,-3.516667,-12486656
5,4,6,13,"null","null","null",5,4.1048436,3.1657724,-1.1971772,0.63761365,-2.9699712,-16731116
6,5,7,12,"null","null","null",4,3.605702,3.5147939,-0.39551884,1.6992425,-2.2791743,-12486656
7,6,8,11,"null","null","null",3,2.3285031,3.0981069,-0.6042892,3.0448964,-1.5045781,-12486656
8,7,9,10,"null","null","null",2,1.6102483,2.361207,-0.6619245,3.664692,-0.32388246,-16731116
14,4,15,18,"null","null","null",4,3.3733804,0.52348053,-3.4706397,2.1206808,-2.143413,-11184866
15,14,16,17,"null","null","null",2,0.3348631,0.6527479,-2.8544078,0.9791694,-3.1268065,-11184866
18,14,19,20,"null","null","null",2,2.63614,1.8611674,-1.7914399,3.711177,-0.4428624,-11184866
21,3,22,27,"null","null","null",5,3.4240122,0.86650527,-3.48519,2.7414112,-0.6343628,-16731116
22,21,23,26,"null","null","null",3,2.355361,0.5042378,-3.4706397,2.010226,-2.143413,-16731116
23,22,24,25,"null","null","null",2,0.6978389,0.6527479,-2.8544078,0.9791694,-3.1268065,-16731116
27,21,28,29,"null","null","null",2,1.6472015,2.3745215,-0.40725255,3.5997562,-0.8210846,-16731116
31,1,32,41,"null","null","null",10,9.644835,2.5519576,-1.2045312,3.5074303,-0.7950944,-16731116
32,31,33,40,"null","null","null",5,8.036706,1.7788353,-2.6626298,3.2712228,-0.5592989,-16731116
33,32,34,39,"null","null","null",4,7.1998158,0.641129,-3.48519,2.5607443,-0.6642305,-12486656
34,33,35,38,"null","null","null",3,4.5984263,0.5042378,-3.4706397,2.010226,-2.143413,-12486656
35,34,36,37,"null","null","null",2,3.7973597,0.6527479,-2.8544078,0.9791694,-3.1268065,-11184866
41,31,42,47,"null","null","null",5,8.007213,3.48903,-0.7370672,1.5287724,-2.5840373,-16731116
42,41,43,46,"null","null","null",3,6.365301,3.1200044,-0.59051746,2.9140122,-1.6001905,-16731116
43,42,44,45,"null","null","null",2,5.397106,2.3745215,-0.66423035,3.5997562,-0.41359985,-16731116
47,41,48,49,"null","null","null",2,1.2356836,0.7310634,-2.2381618,0.6717531,-3.81672,-12486656
50,0,51,64,"null","null","null",9,11.649855,3.0981078,-0.27500102,2.9239225,-1.4209453,-16731116
51,50,52,63,"null","null","null",7,6.631926,2.3612075,-1.1974893,3.5074303,-0.32388148,-16731116
52,51,53,62,"null","null","null",6,6.185252,1.7788353,-2.6534753,3.2712228,-0.5592989,-16731116
53,52,54,61,"null","null","null",5,4.900514,0.641129,-3.473289,2.5607443,-0.88763,-16731116
54,53,55,60,"null","null","null",4,4.2425,0.5042378,-3.4551682,2.010226,-2.4726603,-16731116
55,54,56,59,"null","null","null",3,3.581897,0.6527479,-2.8342948,0.9791694,-3.5548277,-16731116
56,55,57,58,"null","null","null",2,1.2013997,0.90940034,-2.1905565,0.44105583,-3.8270526,-16731116
64,50,65,66,"null","null","null",2,5.5075283,2.7384934,-1.3026797,0.30320084,-3.2226985,-16731116
