index,parent,child1,child2,name1,name2,common,richness,lengthbr,hxmax,hxmin,hymax,hymin,color
0,-268081152,1,84,"null","null","null",266,47.549374,1.3958904,-3.0006716,3.244841,-0.2750002,-11184866
1,0,2,78,"null","null","null",148,42.556545,0.3238803,-3.607209,2.55196,-1.2275845,-11184866
2,1,3,67,"CRAUGASTORIDAE","null","null",114,40.333736,0.5592979,-3.4009387,1.7338068,-2.6926036,-11184866
3,2,4,14,"null","null","null",108,40.333736,0.7901143,-2.7293751,0.51715165,-3.5241616,-11184866
4,3,-268070912,5,"null","null","null",81,40.333736,2.3458936,-1.9577141,0.50423664,-3.5213075,-11184866
5,4,6,13,"null","null","null",5,40.333736,0.44286472,-3.3444924,1.8611706,-2.579039,-11184866
6,5,7,12,"null","null","null",4,40.333736,0.66192484,-2.6608262,0.7546954,-3.4827113,-12486656
7,6,8,11,"null","null","null",3,40.333736,1.970305,-2.0763676,0.48397315,-3.5523176,-11184866
8,7,9,10,"null","null","null",2,40.333736,3.005169,-1.0892045,0.64591235,-2.9852326,-11184866
14,3,15,54,"null","null","null",27,40.333736,0.82108605,-3.57267,2.6047666,-1.052273,-11184866
15,14,16,35,"null","null","null",20,40.333736,0.5419738,-3.4274445,1.8248627,-2.5434349,-11184866
16,15,17,26,"null","null","null",10,40.333736,0.7291231,-2.768664,0.5495957,-3.4364257,-12486656
17,16,18,23,"null","null","null",5,40.333736,2.3305664,-2.2165565,0.48397315,-3.492146,-12486656
18,17,19,22,"null","null","null",3,40.333736,3.4735088,-1.0892045,0.64591235,-2.9070091,-16731116
19,18,20,21,"null","null","null",2,40.333736,3.81672,-0.41856956,0.73106325,-2.2381618,-16777216
23,17,24,25,"null","null","null",2,40.333736,0.48358494,-3.7564588,1.9384013,-1.618641,-11184866
26,16,27,34,"null","null","null",5,40.333736,0.84492064,-3.4762137,2.5136514,-0.81650865,-12486656
27,26,28,31,"null","null","null",4,40.333736,0.52359617,-3.3782606,2.0181699,-2.3110383,-12486656
28,27,29,30,"null","null","null",2,40.333736,0.65809226,-2.7162137,0.86752254,-3.2399807,-16777216
31,27,32,33,"null","null","null",2,40.333736,1.7788377,-1.9610444,3.6551383,-0.40148056,-12486656
35,15,36,53,"null","null","null",10,40.333736,1.691732,-2.7538214,3.3983073,-0.3595987,-11184866
36,35,37,50,"null","null","null",9,40.333736,0.33849066,-3.4974647,2.7278,-0.9518957,-11184866
37,36,38,45,"null","null","null",7,40.333736,0.5235958,-3.405888,1.7993871,-2.4870424,-8572416
38,37,39,44,"null","null","null",4,40.333736,0.65809214,-2.7521296,0.86752415,-3.4687877,-11184866
39,38,40,43,"null","null","null",3,40.333736,1.7924167,-2.136557,0.46288466,-3.622962,-8572416
40,39,41,42,"null","null","null",2,40.333736,2.8755617,-1.1971824,0.6376132,-3.1081567,-8572416
45,37,46,49,"null","null","null",3,40.333736,1.7788391,-2.6272657,3.1628745,-0.40148115,-8572416
46,45,47,48,"null","null","null",2,40.333736,0.6411346,-3.4392211,2.4198914,-0.66423047,-8572416
50,36,51,52,"null","null","null",2,40.333736,2.361209,-0.41842067,3.6646867,-0.7950958,-11184866
54,14,55,66,"null","null","null",7,40.333736,2.3408217,-1.3385719,3.4931812,-0.7670531,-11184866
55,54,56,65,"null","null","null",6,40.333736,1.6917326,-2.7538207,3.186379,-0.57550055,-11184866
56,55,57,64,"null","null","null",5,40.333736,0.5272873,-3.4974647,2.4522927,-1.0443876,-11184866
57,56,58,63,"null","null","null",4,40.333736,0.5235958,-3.405888,1.9384025,-2.6072817,-11184866
58,57,59,62,"null","null","null",3,40.333736,0.65809214,-2.7521296,0.86752415,-3.6250987,-11184866
59,58,60,61,"null","null","null",2,40.333736,1.0880178,-2.136557,0.46288466,-3.8261664,-16731116
67,2,68,75,"null","null","null",6,40.333736,1.5501426,-3.061063,3.3743343,-0.31738296,-8572416
68,67,69,72,"null","null","null",4,40.333736,0.29948863,-3.7909272,2.7051501,-0.66423047,-8572416
69,68,70,71,"null","null","null",2,40.333736,0.5419736,-3.7111802,1.8611718,-1.7914302,-8572416
72,68,73,74,"null","null","null",2,40.333736,2.3408222,-0.4290232,3.7190425,-0.7670536,-3014646
75,67,76,77,"null","null","null",2,40.333736,3.328414,-0.28912807,2.5944958,-1.4052857,-8572416
78,1,-268071936,79,"null","null","null",34,30.030687,2.5455384,-1.4972649,3.4890285,-0.737069,-8572416
79,78,80,83,"null","null","null",3,30.030687,3.7300909,-0.6717548,1.4250977,-2.2381635,-11184866
80,79,81,82,"null","null","null",2,30.030687,3.328415,-0.61675966,2.5944946,-1.4052866,-11184866
84,0,85,144,"","null","Rain Frogs",118,40.627422,3.166316,-0.3032002,3.206412,-1.1457314,-16777216
85,84,86,108,"null","null","null",94,38.690956,2.4998224,-1.542536,3.6681404,-0.37198934,-16777216
86,85,-268072960,87,"null","null","null",49,38.690956,1.5333216,-2.931909,3.352851,-0.59051675,-16777216
87,86,88,107,"null","null","null",11,38.690956,3.290565,-0.28912795,2.9929967,-1.4052866,-16777216
88,87,89,104,"null","null","null",10,38.690956,2.6331282,-1.3385688,3.4931822,-0.34807882,-16777216
89,88,90,103,"null","null","null",8,38.690956,1.6917348,-2.7538185,3.1863818,-0.5755002,-16777216
90,89,91,102,"null","null","null",7,38.690956,0.52729076,-3.4974642,2.4522963,-0.90350974,-16777216
91,90,92,101,"null","null","null",6,38.690956,0.5235953,-3.4058897,1.9384048,-2.4241428,-16777216
92,91,93,100,"null","null","null",5,38.690956,0.658092,-2.7521324,0.8675277,-3.3870215,-16777216
93,92,94,99,"null","null","null",4,38.690956,2.1815753,-2.1365585,0.462884,-3.5166683,-16777216
94,93,95,98,"null","null","null",3,38.690956,3.381471,-1.1971854,0.63761294,-2.969976,-16777216
95,94,96,97,"null","null","null",2,38.690956,3.7952101,-0.39551693,0.64591193,-2.2791777,-16777216
104,88,105,106,"null","null","null",2,38.690956,3.7952096,-0.7052612,0.553725,-2.2791781,-16777216
108,85,-268073984,109,"null","null","null",45,38.690956,3.6272302,-0.6717548,1.7531219,-2.3532815,-16777216
109,108,110,143,"null","null","null",18,38.690956,2.015647,-2.136559,0.6001835,-3.5845242,-16777216
110,109,111,138,"null","null","null",17,38.690956,3.1657643,-1.0032679,0.6376129,-3.0581887,-16777216
111,110,112,125,"null","null","null",14,38.690956,3.5147924,-0.3955167,1.6061754,-2.3938537,-16777216
112,111,113,124,"null","null","null",7,38.690956,3.0981102,-0.60428786,2.9239182,-1.5045884,-16777216
113,112,114,123,"null","null","null",6,38.690956,2.3612094,-1.3502452,3.5074315,-0.32387987,-16777216
114,113,115,120,"null","null","null",5,38.690956,1.794863,-2.852064,3.2712293,-0.5592977,-16777216
115,114,116,119,"null","null","null",3,38.690956,0.6411381,-3.731463,2.5607526,-0.66423047,-16777216
116,115,117,118,"null","null","null",2,38.690956,0.5042361,-3.7908013,2.0102317,-1.4433361,-16777216
120,114,121,122,"null","null","null",2,38.690956,3.5117059,-0.31738403,2.2880416,-1.6001974,-16777216
125,111,126,135,"null","null","null",7,38.690956,2.0426831,-2.3868918,0.6366831,-3.5286398,-16777216
126,125,127,132,"null","null","null",5,38.690956,3.3004072,-1.1514549,0.62788254,-3.0229475,-16777216
127,126,128,131,"null","null","null",3,38.690956,3.7903357,-0.37198892,1.047252,-2.3134432,-16777216
128,127,129,130,"null","null","null",2,38.690956,3.5117059,-0.5905165,2.2880416,-1.6001974,-16777216
132,126,133,134,"null","null","null",2,38.690956,0.33095515,-2.98524,1.0892103,-3.005162,-16777216
135,125,136,137,"null","null","null",2,38.690956,0.5624012,-3.8140676,2.0763702,-1.2662283,-16777216
138,110,139,142,"null","null","null",3,38.690956,0.34452885,-2.834302,0.9791785,-3.554821,-16777216
139,138,140,141,"null","null","null",2,38.690956,0.9093832,-2.1905615,0.44105393,-3.827052,-16777216
144,84,145,170,"null","null","null",24,27.064487,3.251424,-0.93958795,0.3309554,-2.9723654,-16777216
145,144,146,159,"null","null","null",13,27.064487,3.5280135,-0.41856882,1.7065732,-2.3231235,-16777216
146,145,147,156,"null","null","null",7,27.064487,3.0657144,-0.61675966,2.960413,-1.2878811,-16777216
147,146,148,155,"null","null","null",5,27.064487,2.3408222,-1.3545643,3.4508233,-0.34807882,-16777216
148,147,149,152,"null","null","null",4,27.064487,1.6749449,-2.7746127,3.1313152,-0.5755002,-16777216
149,148,150,151,"null","null","null",2,27.064487,0.52729076,-3.5244966,2.3807096,-0.665,-16777216
152,148,153,154,"null","null","null",2,27.064487,3.4248757,-0.2750001,2.444148,-1.5045884,-16777216
156,146,157,158,"null","null","null",2,27.064487,2.8755558,-1.197187,0.31716084,-3.1081624,-16777216
159,145,160,169,"null","null","null",6,27.064487,2.015647,-2.136559,0.6001835,-3.5166688,-16777216
160,159,161,168,"null","null","null",5,27.064487,3.1657643,-1.197187,0.6376129,-2.969977,-16777216
161,160,162,167,"null","null","null",4,27.064487,3.5147924,-0.3955167,1.699225,-2.2791781,-16777216
162,161,163,166,"null","null","null",3,27.064487,3.0981102,-0.60428786,3.0448825,-1.5045884,-16777216
163,162,164,165,"null","null","null",2,27.064487,2.3612094,-0.6619247,3.664685,-0.32387987,-16777216
170,144,171,186,"null","null","null",11,27.064487,0.44187224,-2.8712282,0.902599,-3.4703035,-16777216
171,170,172,185,"null","null","null",8,27.064487,2.015647,-2.136559,0.46288413,-3.6249347,-16777216
172,171,173,184,"null","null","null",7,27.064487,3.1657643,-1.197187,0.6376129,-3.110722,-16777216
173,172,174,179,"null","null","null",6,27.064487,3.5147924,-0.3955167,1.699225,-2.4621472,-16777216
174,173,175,178,"null","null","null",3,27.064487,3.0981102,-0.60428786,3.0448825,-1.5045884,-16777216
175,174,176,177,"null","null","null",2,27.064487,2.3612094,-0.6619247,3.664685,-0.32387987,-16777216
179,173,180,183,"null","null","null",3,27.064487,1.6104354,-2.1905615,0.6366831,-3.6823,-16777216
180,179,181,182,"null","null","null",2,27.064487,2.7384849,-1.3026857,0.62788254,-3.2227058,-16777216
186,170,187,190,"null","null","null",3,27.064487,0.86650693,-3.731464,2.5607514,-0.3833947,-16777216
187,186,188,189,"null","null","null",2,27.064487,0.5042364,-3.7908013,2.010231,-1.4433374,-16777216
