index,parent,child1,child2,name1,name2,common,richness,lengthbr,hxmax,hxmin,hymax,hymin,color
0,-268166109,1,54,"null","null","null",34,29.4,0.82108617,-3.5723217,2.6209033,-1.0522718,-16731116
1,0,2,51,"null","null","null",27,29.4,0.54197377,-3.426992,1.9094193,-2.5434334,-16731116
2,1,3,30,"null","null","null",25,29.4,0.67643666,-2.7680755,0.6447744,-3.4364245,-16731116
3,2,4,25,"null","null","null",14,29.4,2.2620752,-2.048472,0.48397276,-3.4921463,-16731116
4,3,5,20,"Lemniscomys","null","Striped Grass Mice",11,14.2,3.3844724,-0.88665503,0.64591223,-2.90701,-16731116
5,4,6,19,"null","null","null",8,14.2,3.700975,-0.41856912,1.7065775,-2.2381623,-16731116
6,5,7,16,"null","null","null",7,14.2,3.290563,-0.61675996,2.9604163,-1.2878772,-16731116
7,6,8,13,"null","null","null",5,14.2,2.6331263,-1.3545718,3.4508247,-0.3480795,-16731116
8,7,9,12,"null","null","null",3,14.2,1.6917307,-2.7746193,3.1313148,-0.5755007,-16731116
9,8,10,11,"null","null","null",2,4.5,0.52728534,-3.5245008,2.3807092,-0.665,-16731116
13,7,14,15,"null","null","null",2,14.2,3.79521,-0.70526004,0.55373085,-2.2791767,-16731116
16,6,17,18,"null","null","null",2,14.2,2.875559,-1.1971848,0.31716126,-3.1081588,-12486656
20,4,21,24,"null","null","null",3,14.2,0.35782835,-2.7521315,0.90259886,-3.6250978,-16731116
21,20,22,23,"null","null","null",2,14.2,1.0880142,-2.136558,0.46288425,-3.8261666,-16731116
25,3,26,29,"null","null","null",3,29.4,0.48358572,-3.3782644,1.9384029,-2.3110337,-11184866
26,25,27,28,"Pithecheir","null","null",2,5.0,0.65809214,-2.716219,0.8675264,-3.239977,-11184866
30,2,31,48,"null","null","null",11,29.4,0.8449211,-3.574321,2.7278004,-0.9518948,-12486656
31,30,32,43,"null","null","null",9,15.9,0.52359575,-3.505802,1.7993869,-2.4870417,-12486656
32,31,33,40,"null","null","null",6,15.9,0.65809214,-2.8820179,0.583107,-3.4687872,-16731116
33,32,34,37,"null","null","null",4,9.3,1.7924132,-2.3054104,0.46288425,-3.6229632,-16731116
34,33,35,36,"null","null","null",2,9.3,2.875559,-1.1971848,0.637613,-3.1081588,-16731116
37,33,38,39,"null","null","null",2,9.3,0.52348334,-3.7908015,2.01023,-1.4433393,-16731116
40,32,41,42,"null","null","null",2,4.6,0.8665067,-3.4392204,2.419892,-0.38339478,-11184866
43,31,44,47,"null","null","null",3,15.9,1.7788389,-2.6272664,3.1628733,-0.4014814,-11184866
44,43,45,46,"null","null","null",2,15.9,0.6411331,-3.4392219,2.4198897,-0.66423047,-12486656
48,30,49,50,"null","null","null",2,29.4,2.361209,-0.4184206,3.6646872,-0.7950959,-16731116
51,1,52,53,"null","null","null",2,5.0,1.6917316,-2.1268003,3.5885587,-0.35959888,-12486656
54,0,55,66,"null","null","null",7,29.4,2.340822,-1.3259987,3.5294883,-0.76705325,-12486656
55,54,56,65,"Bunomys","null","Hill Rats",6,13.0,1.6917316,-2.737475,3.2335782,-0.5755006,-12486656
56,55,57,64,"null","null","null",5,13.0,0.5272858,-3.476214,2.5136518,-0.8165077,-12486656
57,56,58,61,"null","null","null",4,13.0,0.52359605,-3.3782613,2.0181699,-2.3110373,-12486656
58,57,59,60,"null","null","null",2,13.0,0.6580922,-2.7162147,0.8675231,-3.23998,-11184866
61,57,62,63,"null","null","null",2,13.0,1.7788374,-1.9610459,3.6551375,-0.40148073,-16731116
