index,parent,child1,child2,name1,name2,common,richness,lengthbr,hxmax,hxmin,hymax,hymin,color
0,-268141510,1,80,"null","null","null",42,16.3,2.5840383,-1.5047851,3.4890296,-0.37198997,-16731116
1,0,2,51,"null","null","null",40,16.3,1.5289009,-2.88283,3.1200051,-0.5905173,-16731116
2,1,3,50,"null","null","null",25,16.3,0.4136008,-3.5592208,2.3745222,-1.0522765,-16731116
3,2,4,43,"","null","Leaf-eared Mice and more",24,10.5,0.5419743,-3.4099588,1.7306687,-2.5434372,-16731116
4,3,5,40,"null","null","null",20,9.5,0.6729623,-2.745932,0.49050963,-3.4364262,-16731116
5,4,6,33,"null","null","null",18,9.3,2.2575567,-2.0484684,0.48397338,-3.4921455,-16731116
6,5,7,26,"null","null","null",14,8.6,3.378595,-0.8866515,0.6459124,-2.9070082,-16731116
7,6,8,25,"null","null","null",10,8.6,3.6933315,-0.4185698,1.7065823,-2.238161,-16731116
8,7,9,24,"null","null","null",9,8.6,3.2806253,-0.6167603,2.9604197,-1.4052806,-16731116
9,8,10,17,"null","null","null",8,8.6,2.620208,-1.3545772,3.4508257,-0.34808022,-16731116
10,9,11,14,"null","null","null",4,8.6,1.6749359,-2.7746239,3.1313145,-0.5755012,-16731116
11,10,12,13,"null","null","null",2,8.6,0.5272817,-3.5245032,2.3807092,-0.665,-16731116
14,10,15,16,"null","null","null",2,8.6,3.4248688,-0.27500102,2.444159,-1.5045819,-16731116
17,9,18,21,"null","null","null",4,8.6,3.7661476,-0.705259,1.2371341,-2.5264778,-16731116
18,17,19,20,"null","null","null",2,8.6,3.4248688,-0.6042887,2.444159,-1.5045819,-16731116
21,17,22,23,"null","null","null",2,2.2,0.9093931,-2.1905591,0.63668096,-3.827052,-16731116
26,6,27,32,"null","null","null",4,8.6,0.35782874,-2.752129,0.90259826,-3.4687877,-16731116
27,26,28,31,"null","null","null",3,8.6,1.7924187,-2.1365566,0.4628849,-3.622961,-16731116
28,27,29,30,"null","null","null",2,8.6,2.8755634,-1.1971815,0.6376133,-3.1081553,-16731116
33,5,34,37,"null","null","null",4,8.6,0.48358452,-3.3782616,2.0181682,-2.3110387,-16731116
34,33,35,36,"null","null","null",2,8.6,0.65809226,-2.7162147,0.8675231,-3.23998,-16731116
37,33,38,39,"null","null","null",2,8.6,1.7788361,-1.9610482,3.6551366,-0.40148008,-16731116
40,4,41,42,"Andalgalomys","null","null",2,2.4,0.8449204,-3.5245008,2.3807096,-0.39556158,-16731116
43,3,44,49,"Graomys","null","null",4,5.4,1.691729,-2.9612634,3.1863751,-0.35959762,-16731116
44,43,45,48,"null","null","null",3,5.4,0.52728236,-3.7671359,2.4522882,-0.665,-16731116
45,44,46,47,"null","null","null",2,2.5,0.5235966,-3.7564578,1.9383993,-1.6186452,-16731116
51,1,52,77,"null","null","null",15,16.3,3.2806258,-0.28912854,3.1184022,-1.2878737,-16731116
52,51,53,72,"null","null","null",13,16.3,2.6202087,-1.3385772,3.6562042,-0.34807998,-16731116
53,52,54,67,"null","null","null",10,16.3,1.5297099,-2.7538245,3.398307,-0.5755011,-16731116
54,53,55,64,"null","null","null",7,11.0,0.33848763,-3.4974651,2.7277994,-1.0443938,-16731116
55,54,56,61,"null","null","null",5,10.3,0.5235966,-3.4058857,2.0181665,-2.6072872,-16731116
56,55,57,60,"Bibimys","null","Crimson-nosed Rats",3,0.2,0.6580924,-2.7521262,0.8675197,-3.6251016,-16731116
57,56,58,59,"null","null","null",2,0.2,1.0880251,-2.1365547,0.46288556,-3.8261662,-16731116
61,55,62,63,"Kunsia","some","Giant Rats",2,3.6,1.7788349,-1.9610509,3.6551359,-0.40147948,-12486656
64,54,65,66,"Scapteromys","null","Swamp Rats",2,3.2,2.3612084,-0.41842112,3.6646895,-0.7950947,-16731116
67,53,68,71,"Chelemys","null","Long-clawed Mice",3,4.9,3.0981085,-0.27500087,3.0448916,-1.5045813,-16731116
68,67,69,70,"null","null","null",2,2.9,2.3612084,-0.66192454,3.6646895,-0.3238816,-12486656
72,52,73,76,"Nesoryzomys","null","Galapagos Mice",3,1.9,3.7661476,-0.7052593,1.2371349,-2.2791758,-11184866
73,72,74,75,"null","null","null",2,1.9,3.4248686,-0.6042887,2.4441597,-1.5045813,-11184866
77,51,78,79,"Sigmodontomys","null","Rice Water Rats",2,3.1,2.8755636,-1.1971806,0.31716153,-3.1081548,-16731116
80,0,81,82,"Scolomys","some","Spiny Mice",2,5.7,3.81672,-0.67175364,0.73106325,-2.2381618,-16731116
