index,parent,child1,child2,name1,name2,common,richness,lengthbr,hxmax,hxmin,hymax,hymin,color
0,-268312508,1,122,"Acanthizidae","null","Thornbills and gerygones",62,30.387299,0.7901181,-2.5370884,0.866506,-3.473288,-16731116
1,0,2,85,"null","null","null",61,23.290846,2.345897,-1.9794713,0.5042372,-3.4551697,-16731116
2,1,3,52,"null","null","null",42,21.392384,3.3900387,-0.79559636,0.65274775,-2.8342974,-16731116
3,2,4,51,"null","null","null",25,20.114492,3.61283,-0.44105512,1.9384282,-2.1905584,-16731116
4,3,5,38,"null","null","null",24,19.052166,3.132392,-0.6278832,3.1648693,-1.1927527,-16731116
5,4,6,31,"null","null","null",17,15.349251,2.4557228,-1.5047891,3.6141295,-0.37199056,-16731116
6,5,7,28,"","null","Scrubwrens",13,14.675968,1.5501353,-2.882833,3.2826333,-0.59051764,-16731116
7,6,8,19,"null","null","null",11,12.16531,0.29949006,-3.559222,2.5859394,-1.0796676,-16731116
8,7,9,18,"null","null","null",6,10.42127,0.5419747,-3.4099584,1.8611665,-2.5790436,-16731116
9,8,10,15,"null","null","null",5,10.277594,0.66192496,-2.7459316,0.49050635,-3.482712,-16731116
10,9,11,14,"null","null","null",3,3.947445,1.9703138,-2.0763643,0.48397422,-3.5523138,-16731116
11,10,12,13,"null","null","null",2,2.3294752,3.005175,-1.0891994,0.64591277,-2.9852262,-16731116
15,9,16,17,"null","null","null",2,3.188494,0.84491944,-3.5245032,2.3807092,-0.39556205,-16731116
19,7,20,27,"null","null","null",5,7.6856456,2.3408208,-1.3545772,3.4508257,-0.7670516,-16731116
20,19,21,24,"null","null","null",4,7.0415406,1.6749359,-2.7746239,3.1313145,-0.5755012,-16731116
21,20,22,23,"null","null","null",2,6.048971,0.5272817,-3.5245032,2.3807092,-0.665,-16731116
24,20,25,26,"null","null","null",2,2.7809348,3.4248688,-0.27500102,2.444159,-1.5045819,-16731116
28,6,29,30,"null","null","null",2,4.479927,3.3284082,-0.2891289,2.5945039,-1.4052806,-16731116
31,5,32,37,"null","null","null",4,10.228502,3.5280137,-0.67175275,1.8652921,-2.238161,-16731116
32,31,33,36,"","null","Mouse-warblers",3,6.03137,3.065712,-0.6167603,3.1667423,-1.4052806,-16731116
33,32,34,35,"null","null","null",2,2.711909,2.3408208,-0.6580918,3.7190452,-0.34808022,-16731116
38,4,39,46,"null","null","null",7,17.464878,3.4068692,-0.92879295,0.3309561,-3.0781724,-16731116
39,38,40,43,"null","null","null",4,13.895601,3.7300878,-0.4185698,1.4251086,-2.4606745,-16731116
40,39,41,42,"null","null","null",2,3.8021898,3.3284082,-0.6167603,2.5945039,-1.4052806,-16731116
43,39,44,45,"null","null","null",2,6.7299657,1.0880196,-2.1365566,0.6001816,-3.8261666,-16731116
46,38,47,50,"null","null","null",3,15.485979,0.35782874,-2.752129,0.90259826,-3.6250997,-16731116
47,46,48,49,"null","null","null",2,11.9079,1.0880196,-2.1365566,0.4628849,-3.8261666,-16731116
52,2,53,78,"null","null","null",17,19.369265,0.59771526,-2.7244716,0.8857573,-3.5377066,-16731116
53,52,54,71,"","null","Thornbills",13,13.885189,2.1597354,-2.0607467,0.48397338,-3.6238103,-16731116
54,53,55,64,"null","null","null",9,11.25683,3.2514277,-0.8866515,0.6459124,-3.0781724,-16731116
55,54,56,61,"null","null","null",5,7.146851,3.5280137,-0.4185698,1.8652921,-2.4606745,-16731116
56,55,57,60,"null","null","null",3,6.5206957,3.065712,-0.6167603,3.1667423,-1.4052806,-16731116
57,56,58,59,"null","null","null",2,4.0451016,2.3408208,-0.6580918,3.7190452,-0.34808022,-16731116
61,55,62,63,"null","null","null",2,2.4868782,1.0880196,-2.1365566,0.6001816,-3.8261666,-16731116
64,54,65,70,"null","null","null",4,6.5563087,0.35782874,-2.752129,0.90259826,-3.4687877,-16731116
65,64,66,69,"null","null","null",3,5.216136,1.7924187,-2.1365566,0.4628849,-3.622961,-16731116
66,65,67,68,"null","null","null",2,2.264733,2.8755634,-1.1971815,0.6376133,-3.1081553,-16731116
71,53,72,77,"null","null","null",4,11.271912,0.48358452,-3.405888,1.9384005,-2.6072845,-16731116
72,71,73,76,"null","null","null",3,8.811403,0.65809226,-2.752129,0.8675231,-3.6250997,-16731116
73,72,74,75,"null","null","null",2,5.0404463,1.0880196,-2.1365566,0.4628849,-3.8261666,-16731116
78,52,79,84,"null","null","null",4,15.571796,0.8449204,-3.476215,2.4522898,-0.81650966,-16731116
79,78,80,83,"","null","Whitefaces",3,11.666771,0.52359635,-3.3782616,1.9384005,-2.3110387,-16731116
80,79,81,82,"null","null","null",2,4.752346,0.65809226,-2.7162147,0.8675231,-3.23998,-16731116
85,1,86,119,"","null","Gerygones",19,17.120977,0.44286364,-3.3934507,1.9094158,-2.6213453,-16731116
86,85,87,106,"null","null","null",17,15.3168545,0.6619249,-2.7244716,0.67204285,-3.5377066,-16731116
87,86,88,99,"null","null","null",10,9.905294,2.1597354,-2.0484684,0.48397338,-3.6238103,-16731116
88,87,89,98,"null","null","null",6,9.625317,3.2514277,-1.0892038,0.6459124,-3.0781724,-16731116
89,88,90,95,"null","null","null",5,9.148836,3.5280137,-0.4185698,1.8652921,-2.4606745,-16731116
90,89,91,94,"null","null","null",3,6.5500026,3.065712,-0.6167603,3.1667423,-1.4052806,-16731116
91,90,92,93,"null","null","null",2,2.7346516,2.3408208,-0.6580918,3.7190452,-0.34808022,-16731116
95,89,96,97,"null","null","null",2,4.296801,1.0880196,-2.1365566,0.6001816,-3.8261666,-16731116
99,87,100,103,"null","null","null",4,8.876991,0.48358452,-3.3782616,2.0181682,-2.3110387,-16731116
100,99,101,102,"null","null","null",2,3.0984492,0.65809226,-2.7162147,0.8675231,-3.23998,-12486656
103,99,104,105,"null","null","null",2,2.7396972,1.7788361,-1.9610482,3.6551366,-0.40148008,-16731116
106,86,107,114,"null","null","null",7,9.572149,0.8449204,-3.476215,2.7891593,-0.81650966,-16731116
107,106,108,111,"null","null","null",4,6.49706,0.52359635,-3.3782616,2.0181682,-2.3110387,-16731116
108,107,109,110,"null","null","null",2,2.4061959,0.65809226,-2.7162147,0.8675231,-3.23998,-16731116
111,107,112,113,"null","null","null",2,2.4176216,1.7788361,-1.9610482,3.6551366,-0.40148008,-16731116
114,106,115,118,"null","null","null",3,3.4249732,2.3612084,-0.66485244,3.8027482,-0.7950951,-16731116
115,114,116,117,"null","null","null",2,2.3278751,1.7788361,-1.9610482,3.6551366,-0.55929875,-16731116
119,85,120,121,"null","null","null",2,2.9052222,1.691729,-2.1268048,3.5885563,-0.35959762,-16731116
