index,parent,child1,child2,name1,name2,common,richness,lengthbr,hxmax,hxmin,hymax,hymin,color
0,-268428209,1,40,"null","null","null",24,22.82215,3.2514277,-0.8866515,0.6459124,-3.022389,-11184866
1,0,2,25,"null","null","null",20,22.82215,3.5280137,-0.4185698,1.8495915,-2.388156,-11184866
2,1,3,24,"null","null","null",12,22.82215,3.065712,-0.6167603,3.1463318,-1.4052806,-11184866
3,2,4,23,"null","null","null",11,22.82215,2.3408208,-1.3385786,3.6925116,-0.34808022,-11184866
4,3,5,20,"null","null","null",10,22.822151,1.6749359,-2.7538254,3.445506,-0.5755012,-11184866
5,4,6,13,"null","null","null",8,22.82215,0.47730488,-3.4974654,2.7891583,-1.0443956,-12486656
6,5,7,12,"null","null","null",4,6.3572254,0.5235968,-3.4058852,1.9383985,-2.6072886,-16731116
7,6,8,11,"null","null","null",3,6.3572254,0.6580924,-2.7521253,0.867519,-3.6251023,-16731116
8,7,9,10,"null","null","null",2,6.3572254,1.0880269,-2.1365538,0.46288577,-3.8261664,-16731116
13,5,14,17,"null","null","null",4,6.3572254,2.673549,-0.6648546,3.8027482,-0.7950944,-11184866
14,13,15,16,"null","null","null",2,6.3572254,1.7788353,-1.9610502,3.6551359,-0.5592989,-11184866
17,13,18,19,"null","null","null",2,6.3572254,3.76261,-0.7370672,0.4390186,-2.3134408,-8572416
20,4,21,22,"null","null","null",2,3.1786127,3.4248688,-0.27500102,2.444159,-1.5045819,-8572416
25,1,26,39,"null","null","null",8,22.82215,2.1643844,-2.1365566,0.6001816,-3.663,-8572416
26,25,27,34,"null","null","null",7,22.82215,3.3591185,-1.0032619,0.6376133,-3.1602058,-11184866
27,26,28,31,"null","null","null",4,22.82215,3.7661476,-0.3955179,1.2371341,-2.5264778,-11184866
28,27,29,30,"null","null","null",2,3.1786127,3.4248688,-0.6042887,2.444159,-1.5045819,-11184866
31,27,32,33,"null","null","null",2,22.82215,0.9093931,-2.1905591,0.63668096,-3.827052,-11184866
34,26,35,38,"null","null","null",3,22.82215,0.34452954,-2.8342981,0.9791734,-3.5548244,-3014646
35,34,36,37,"null","null","null",2,22.82215,0.9093931,-2.1905591,0.4410549,-3.827052,-16777216
40,0,41,46,"null","null","null",4,22.82215,0.35782874,-2.752129,0.90259826,-3.4687877,-11184866
41,40,42,45,"null","null","null",3,22.82215,1.7924187,-2.1365566,0.4628849,-3.622961,-12486656
42,41,43,44,"null","null","null",2,22.82215,2.8755634,-1.1971815,0.6376133,-3.1081553,-11513776
