index,parent,child1,child2,name1,name2,common,richness,lengthbr,hxmax,hxmin,hymax,hymin,color
0,-268096390,1,38,"null","null","null",29,28.374252,2.2575574,-2.105151,0.56239915,-3.62381,-12486656
1,0,2,37,"null","null","null",19,28.374252,3.3785954,-1.0892029,0.6459124,-3.0781722,-12486656
2,1,3,34,"null","null","null",18,28.374252,3.6933312,-0.41856992,1.731644,-2.4606743,-12486656
3,2,4,21,"null","null","null",16,23.363,3.2806249,-0.6167604,2.9929996,-1.3110055,-12486656
4,3,5,14,"null","null","null",9,23.363,2.6202073,-1.3260047,3.4931793,-0.34808034,-12486656
5,4,6,13,"null","null","null",5,23.363,1.6917278,-2.737479,3.1863737,-0.5755013,-16731116
6,5,7,12,"null","null","null",4,23.363,0.52728057,-3.4762144,2.4522865,-0.816515,-16731116
7,6,8,11,"null","null","null",3,23.363,0.5235969,-3.3782585,1.9383984,-2.3110435,-16731116
8,7,9,10,"null","null","null",2,23.363,0.65809244,-2.7162104,0.8675197,-3.239983,-16731116
14,4,15,18,"null","null","null",4,23.363,3.766147,-0.70525885,1.2371379,-2.5264764,-11184866
15,14,16,17,"null","null","null",2,23.363,3.4248672,-0.60428894,2.4441621,-1.5045799,-11184866
18,14,19,20,"null","null","null",2,23.363,0.9093993,-2.1905572,0.63668036,-3.8270524,-12486656
21,3,22,31,"null","null","null",7,23.363,3.1657705,-1.0121982,0.31716174,-3.160204,-11184866
22,21,23,28,"null","null","null",5,23.363,3.5147936,-0.39551836,1.6992391,-2.5264764,-12486656
23,22,24,27,"null","null","null",3,23.363,3.0981078,-0.60428894,3.0448937,-1.5045799,-12486656
24,23,25,26,"null","null","null",2,23.363,2.361208,-0.6619245,3.6646907,-0.32388195,-12486656
28,22,29,30,"null","null","null",2,23.363,0.9093993,-2.1905572,0.63668036,-3.8270524,-16731116
31,21,32,33,"null","null","null",2,23.363,0.3445298,-2.8544085,0.9791695,-3.1268055,-8572416
34,2,35,36,"null","null","null",2,5.84075,1.0880233,-2.1365554,0.6001814,-3.8261666,-12486656
38,0,39,50,"null","null","null",10,19.402552,0.48358428,-3.505798,1.799383,-2.4870453,-11184866
39,38,40,47,"null","null","null",6,19.402552,0.6580923,-2.8820124,0.5830996,-3.4687881,-11184866
40,39,41,44,"null","null","null",4,19.402552,1.7924224,-2.3054059,0.46288532,-3.6229596,-11184866
41,40,42,43,"null","null","null",2,19.402552,2.875566,-1.1971791,0.6376135,-3.1081529,-11184866
44,40,45,46,"null","null","null",2,19.402552,0.52348137,-3.7907991,2.0102262,-1.4433496,-11184866
47,39,48,49,"null","null","null",2,19.402552,0.86650574,-3.4392252,2.4198842,-0.38339537,-3014646
50,38,51,54,"null","null","null",4,19.402552,1.794855,-2.62727,3.162871,-0.4014799,-8572416
51,50,52,53,"null","null","null",2,19.402552,0.6411311,-3.4392238,2.4198866,-0.6642305,-11513776
54,50,55,56,"null","null","null",2,19.402552,3.5117004,-0.31738114,2.2880526,-1.600191,-8572416
