index,parent,child1,child2,name1,name2,common,richness,lengthbr,hxmax,hxmin,hymax,hymin
0,-268344198,1,132,"null","null","null",117,23.514893,3.6583157,-0.6366811,1.980167,-2.2832565
1,0,2,109,"Cotingidae","null","Fruiteaters, Berryeaters and more",66,19.312016,3.1915236,-0.6278832,3.2191296,-1.116679
2,1,3,94,"null","null","null",54,17.839855,2.532594,-1.5005829,3.6846676,-0.37199068
3,2,4,83,"null","null","null",46,16.964037,1.5333138,-2.8773644,3.374333,-0.5905177
4,3,5,80,"null","null","null",40,15.913226,0.29949018,-3.5521123,2.7051485,-1.0751622
5,4,6,79,"null","null","null",38,13.226153,0.54197484,-3.4007156,1.8611662,-2.5731864
6,5,7,64,"null","null","null",37,13.226154,0.6764462,-2.7339156,0.5223193,-3.475097
7,6,8,51,"null","null","null",29,12.524733,2.2620838,-2.0607436,0.483974,-3.5424151
8,7,9,34,"null","null","null",22,12.197099,3.3844771,-0.8866478,0.64591265,-2.9723577
9,8,10,27,"null","null","null",13,11.584243,3.700975,-0.41857052,1.7316476,-2.3231168
10,9,11,26,"null","null","null",9,10.802102,3.2905602,-0.6167606,2.9930017,-1.4052775
11,10,12,23,"null","null","null",8,9.111227,2.6331239,-1.4981518,3.4931793,-0.34808096
12,11,13,18,"null","null","null",6,3.3494565,1.5297059,-2.961268,3.1863718,-0.5755017
13,12,14,17,"null","null","null",3,2.133511,0.5272785,-3.7671375,2.4522836,-0.665
14,13,15,16,"null","null","null",2,1.0367792,0.52359736,-3.7564564,1.9383965,-1.6186526
18,12,19,22,"null","null","null",3,2.0947134,3.0981069,-0.27500144,3.0448952,-1.5045791
19,18,20,21,"null","null","null",2,0.9760785,2.361207,-0.6619245,3.6646912,-0.32388222
23,11,24,25,"null","null","null",2,6.5730743,3.7952118,-0.705258,0.5537415,-2.2791743
27,9,28,33,"","null","Bellbirds",4,9.0628395,2.1815863,-2.1365547,0.6001805,-3.5166664
28,27,29,32,"null","null","null",3,5.058186,3.3814778,-1.1971784,0.6376136,-2.9699712
29,28,30,31,"null","null","null",2,2.9806461,3.7952118,-0.3955186,0.6459114,-2.2791743
34,8,35,48,"null","null","null",9,7.6040764,0.44188368,-2.7521262,0.9025978,-3.3870246
35,34,36,47,"","null","Pihas",7,7.143888,2.0156581,-2.1365547,0.46288556,-3.5166664
36,35,37,44,"null","null","null",6,5.8461246,3.1657712,-1.0121977,0.6376136,-2.9699712
37,36,38,43,"null","null","null",4,3.8751109,3.5147934,-0.3955186,1.6992409,-2.2791743
38,37,39,42,"null","null","null",3,3.0496237,3.0981069,-0.60428905,3.0448952,-1.5045791
39,38,40,41,"null","null","null",2,2.1660461,2.361207,-0.6619245,3.6646912,-0.32388222
44,36,45,46,"null","null","null",2,1.9715886,0.34452996,-2.8544092,0.97917,-3.1268048
48,34,49,50,"null","null","null",2,3.099088,0.8665055,-3.4392257,2.4198828,-0.3833955
51,7,52,63,"null","null","null",7,8.773118,0.48358327,-3.405886,1.9383984,-2.4241524
52,51,53,62,"null","null","null",6,6.0622225,0.65809244,-2.7521262,0.8675197,-3.3870246
53,52,54,61,"null","null","null",5,4.9407134,2.1643877,-2.1365547,0.46288556,-3.5166664
54,53,55,60,"null","null","null",4,3.7551074,3.35912,-1.1971784,0.6376136,-2.9699712
55,54,56,59,"null","null","null",3,2.3278408,3.7661467,-0.3955186,1.2371399,-2.2791743
56,55,57,58,"null","null","null",2,0.17738335,3.4248662,-0.60428905,2.4441638,-1.5045791
64,6,65,78,"","null","Fruitcrows, Umbrellabirds and more",8,11.736401,0.8449197,-3.4974663,2.4522865,-0.90352184
65,64,66,77,"null","null","null",7,8.906983,0.5235969,-3.405886,1.9383984,-2.4241524
66,65,67,76,"null","null","null",6,8.785376,0.65809244,-2.7521262,0.8675197,-3.3870246
67,66,68,75,"null","null","null",5,3.0361154,2.1643877,-2.1365547,0.46288556,-3.5166664
68,67,69,74,"null","null","null",4,2.2850926,3.35912,-1.1971784,0.6376136,-2.9699712
69,68,70,73,"","null","Umbrellabirds",3,1.5060713,3.7661467,-0.3955186,1.2371399,-2.2791743
70,69,71,72,"null","null","null",2,0.7219297,3.4248662,-0.60428905,2.4441638,-1.5045791
80,4,81,82,"null","null","null",2,6.4070034,2.3408206,-0.42902395,3.7190466,-0.76705146
83,3,84,91,"null","null","null",6,14.667359,3.2905605,-0.28912896,3.230978,-1.2878697
84,83,85,88,"null","null","null",4,6.1526937,2.6331244,-0.85626006,3.8025498,-0.34808072
85,84,86,87,"null","null","null",2,2.5811715,1.6917262,-2.1268098,3.5885544,-0.57550156
88,84,89,90,"null","null","null",2,4.385023,3.7952118,-0.70525837,0.5537423,-2.2791748
91,83,92,93,"","null","Berryeaters",2,4.8535056,2.8755677,-1.1971774,0.31716195,-3.108151
94,2,95,108,"null","null","null",8,14.45663,3.7009747,-0.6717526,1.9147055,-2.2381606
95,94,96,103,"null","null","null",7,13.172694,3.2905605,-0.61676055,3.230978,-1.2264566
96,95,97,100,"null","null","null",4,9.862272,2.6331244,-0.85626006,3.8025498,-0.34808072
97,96,98,99,"null","null","null",2,3.7042065,1.6917262,-2.1268098,3.5885544,-0.57550156
100,96,101,102,"null","null","null",2,3.9294374,3.7952118,-0.70525837,0.5537423,-2.2791748
103,95,104,107,"null","null","null",3,6.3837385,3.381478,-1.1971774,0.31716195,-2.9699717
104,103,105,106,"null","null","null",2,2.4667854,3.7952118,-0.3955187,0.6459114,-2.2791748
109,1,110,131,"null","null","null",12,13.435562,3.384476,-1.0892012,0.33095616,-2.9070072
110,109,111,130,"null","null","null",11,11.063189,3.7009747,-0.41857028,1.7316461,-2.2381606
111,110,112,125,"","null","Fruiteaters",10,9.90494,3.2905605,-0.61676055,2.9930007,-1.2264566
112,111,113,122,"null","null","null",7,8.616284,2.6331244,-1.4981501,3.4931793,-0.34808072
113,112,114,119,"null","null","null",5,6.209527,1.674933,-2.9612668,3.1863725,-0.57550156
114,113,115,118,"null","null","null",3,4.5693345,0.5272789,-3.767137,2.4522848,-0.665
115,114,116,117,"null","null","null",2,2.4463375,0.5235972,-3.7564566,1.9383972,-1.6186507
119,113,120,121,"null","null","null",2,2.2898748,3.424866,-0.2750013,2.4441643,-1.5045784
122,112,123,124,"null","null","null",2,2.433109,3.7952118,-0.70525837,0.5537423,-2.2791748
125,111,126,129,"null","null","null",3,4.3016872,3.381478,-1.1971774,0.31716195,-2.9699717
126,125,127,128,"null","null","null",2,2.5200665,3.7952118,-0.3955187,0.6459114,-2.2791748
132,0,133,220,"Pipridae","null","Manakins",51,13.131666,2.2575593,-2.0607443,0.5623986,-3.5808983
133,132,134,187,"null","null","null",44,10.086878,3.3785963,-0.8933769,0.6459125,-3.0223866
134,133,135,172,"null","null","null",27,7.481305,3.693331,-0.41857028,1.8281112,-2.388154
135,134,136,159,"null","null","null",19,6.8102975,3.2806237,-0.61676055,3.1184053,-1.3110039
136,135,137,154,"null","null","null",12,6.23985,2.6202066,-1.3385813,3.6562052,-0.34808072
137,136,138,151,"null","null","null",9,5.424727,1.674933,-2.7538273,3.3983064,-0.57550156
138,137,139,148,"null","null","null",7,4.427754,0.33848524,-3.4974658,2.727799,-1.0443985
139,138,140,145,"null","null","null",5,4.309251,0.5235972,-3.4058843,2.0181632,-2.6072912
140,139,141,144,"null","null","null",3,1.6982752,0.6580925,-2.7521236,0.86751616,-3.6251037
141,140,142,143,"null","null","null",2,1.0882804,1.0880305,-2.136553,0.46288618,-3.8261662
145,139,146,147,"null","null","null",2,3.7412076,1.7788322,-1.961056,3.6551337,-0.4014782
148,138,149,150,"null","null","null",2,1.4190867,2.3612077,-0.41842145,3.6646914,-0.7950939
151,137,152,153,"null","null","null",2,1.0902632,3.424866,-0.2750013,2.4441643,-1.5045784
154,136,155,158,"null","null","null",3,1.2841631,3.7661467,-0.70525837,1.2371405,-2.2791748
155,154,156,157,"null","null","null",2,0.58163553,3.424866,-0.6042891,2.4441643,-1.5045784
159,135,160,167,"null","null","null",7,6.1805496,3.3591201,-1.0032575,0.31716195,-3.160203
160,159,161,164,"null","null","null",4,0.7193527,3.7661467,-0.3955187,1.2371405,-2.5264754
161,160,162,163,"null","null","null",2,0.32434255,3.424866,-0.6042891,2.4441643,-1.5045784
164,160,165,166,"null","null","null",2,0.2244739,0.90940213,-2.1905565,0.63667977,-3.8270524
167,159,168,171,"null","null","null",3,3.7751026,0.34453002,-2.8342943,0.9791679,-3.5548282
168,167,169,170,"null","null","null",2,1.6735916,0.90940213,-2.1905565,0.441056,-3.8270524
172,134,173,186,"null","null","null",8,4.0065894,2.1643882,-2.1365545,0.60018086,-3.6629987
173,172,174,181,"null","null","null",7,3.6208053,3.3591201,-1.0032575,0.63761365,-3.160203
174,173,175,178,"null","null","null",4,2.7665548,3.7661467,-0.3955187,1.2371405,-2.5264754
175,174,176,177,"null","null","null",2,2.3470454,3.424866,-0.6042891,2.4441643,-1.5045784
178,174,179,180,"null","null","null",2,1.8020338,0.90940213,-2.1905565,0.63667977,-3.8270524
181,173,182,185,"null","null","null",3,2.1969254,0.34453002,-2.8342943,0.9791679,-3.5548282
182,181,183,184,"null","null","null",2,1.3246955,0.90940213,-2.1905565,0.441056,-3.8270524
187,133,188,211,"null","null","null",17,9.306476,0.4418844,-2.7672648,0.902598,-3.3870254
188,187,189,202,"null","null","null",12,7.190993,2.0156589,-2.1562352,0.46288565,-3.516667
189,188,190,199,"null","null","null",7,3.3501124,3.165772,-1.0121963,0.63761365,-2.9699717
190,189,191,198,"null","null","null",5,2.9359245,3.5147939,-0.3955187,1.6992416,-2.2791748
191,190,192,195,"null","null","null",4,2.1214437,3.0981073,-0.6042891,3.0448956,-1.4209398
192,191,193,194,"null","null","null",2,0.85519093,2.3612077,-0.6619245,3.6646914,-0.32388234
195,191,196,197,"null","null","null",2,1.0547069,2.7385008,-1.3026739,0.30320135,-3.222693
199,189,200,201,"null","null","null",2,1.4724804,0.34453002,-2.8544066,0.9791679,-3.1268075
202,188,203,210,"null","null","null",5,6.15306,0.5234808,-3.455168,2.0102253,-2.3870053
203,202,204,209,"null","null","null",4,2.9589896,0.652748,-2.8342943,0.9791679,-3.443475
204,203,205,208,"null","null","null",3,1.8124741,1.6104554,-2.1905565,0.441056,-3.6822934
205,204,206,207,"null","null","null",2,0.86169577,2.7385008,-1.3026739,0.62788355,-3.222693
211,187,212,217,"null","null","null",5,8.795417,0.8665054,-3.48519,2.7414112,-0.6343645
212,211,213,216,"null","null","null",3,4.633312,0.50423795,-3.470639,2.0102253,-2.1434145
213,212,214,215,"null","null","null",2,2.9970062,0.652748,-2.8544066,0.9791679,-3.1268075
217,211,218,219,"null","null","null",2,3.8613493,2.3745215,-0.40725267,3.5997572,-0.8210844
220,132,221,230,"null","null","null",7,7.5138607,0.4835837,-3.4058857,2.0181665,-2.424152
221,220,222,229,"null","null","null",5,4.3998346,0.6580924,-2.7521257,0.8675192,-3.3870254
222,221,223,228,"null","null","null",4,3.2995305,2.1815865,-2.1365545,0.46288565,-3.516667
223,222,224,227,"null","null","null",3,1.7367506,3.381478,-1.1971774,0.63761365,-2.9699717
224,223,225,226,"null","null","null",2,1.1202115,3.7952118,-0.3955187,0.6459114,-2.2791748
230,220,231,232,"null","null","null",2,2.5534236,1.7788352,-1.9610496,3.655136,-0.40147927
