index,parent,child1,child2,name1,name2,common,richness,lengthbr,hxmax,hxmin,hymax,hymin,color
0,-268433329,1,24,"null","null","null",22,35.777145,2.4557261,-1.4749813,3.6141286,-0.737069,-16731116
1,0,2,19,"null","null","null",12,28.76145,1.433388,-2.844088,3.282636,-0.59051675,-16731116
2,1,3,12,"null","null","null",9,28.76145,0.29948846,-3.5088606,2.5859418,-1.1987982,-16731116
3,2,4,9,"null","null","null",5,28.76145,0.5419736,-3.3444936,1.9094207,-2.7339187,-16731116
4,3,5,8,"null","null","null",3,28.76145,0.6619248,-2.6608276,0.7546971,-3.6840563,-16731116
5,4,6,7,"null","null","null",2,28.76145,1.2662337,-2.0763686,0.48397285,-3.8140674,-16731116
9,3,10,11,"null","null","null",2,28.76145,1.6917332,-2.1267962,3.58856,-0.35959932,-16731116
12,2,13,18,"null","null","null",4,28.76145,2.3408222,-1.354566,3.4508235,-0.7670536,-16731116
13,12,14,17,"null","null","null",3,28.76145,1.6917341,-2.774614,3.1313152,-0.5755003,-16731116
14,13,15,16,"null","null","null",2,28.76145,0.52728903,-3.5244977,2.3807096,-0.665,-16731116
19,1,20,23,"null","null","null",3,28.76145,3.0657144,-0.28912795,3.1667354,-1.4052866,-12486656
20,19,21,22,"null","null","null",2,28.76145,2.3408222,-0.658092,3.7190423,-0.34807882,-12486656
24,0,25,38,"null","null","null",10,26.651176,3.5280135,-0.6717548,1.7316377,-2.3703663,-12486656
25,24,26,35,"null","null","null",7,26.651176,3.0657144,-0.61675966,2.9929967,-1.2878811,-11184866
26,25,27,34,"null","null","null",5,26.651176,2.3408222,-1.4981369,3.4931822,-0.34807882,-11184866
27,26,28,33,"null","null","null",4,26.651176,1.6917348,-2.961257,3.1863818,-0.5755002,-11184866
28,27,29,32,"null","null","null",3,26.651176,0.52729076,-3.7671342,2.4522963,-0.665,-11184866
29,28,30,31,"null","null","null",2,26.651176,0.5235953,-3.756461,1.9384048,-1.6186329,-11184866
35,25,36,37,"null","null","null",2,26.651176,2.8755558,-1.197187,0.31716084,-3.1081624,-11184866
38,24,39,42,"null","null","null",3,26.651176,1.7924097,-2.136559,0.6001835,-3.6229653,-16731116
39,38,40,41,"null","null","null",2,26.651176,2.8755558,-1.197187,0.6376129,-3.1081624,-16731116
