index,parent,child1,child2,name1,name2,common,richness,lengthbr,hxmax,hxmin,hymax,hymin,color
0,-268108798,1,62,"null","null","null",49,17.494852,0.8246769,-2.7517564,0.57825905,-3.5096998,-12486656
1,0,2,53,"null","null","null",31,17.494852,2.3908234,-1.9868083,0.5042372,-3.5025048,-16731116
2,1,3,48,"null","null","null",26,17.494852,3.448443,-0.76730907,0.65274775,-2.8958325,-16731116
3,2,4,41,"null","null","null",23,14.212488,3.6887553,-0.44105512,1.9384282,-2.270554,-16731116
4,3,5,30,"null","null","null",19,14.212488,3.2310948,-0.6278832,3.1648693,-1.1927527,-16731116
5,4,6,27,"null","null","null",13,14.212488,2.5840368,-1.5047891,3.6141295,-0.37199056,-16731116
6,5,7,24,"null","null","null",11,14.212488,1.5501353,-2.882833,3.2826333,-0.59051764,-16731116
7,6,8,17,"null","null","null",9,14.212488,0.29949006,-3.559222,2.5859394,-1.1988084,-16731116
8,7,9,16,"null","null","null",5,14.212488,0.5419747,-3.4099584,1.8611665,-2.7339268,-16731116
9,8,10,13,"null","null","null",4,14.212488,0.66192496,-2.7459316,0.49050635,-3.6840599,-16731116
10,9,11,12,"null","null","null",2,14.212488,1.2662454,-2.0763643,0.48397422,-3.814066,-16731116
13,9,14,15,"null","null","null",2,14.212488,0.84491944,-3.5245032,2.3807092,-0.39556205,-16731116
17,7,18,23,"null","null","null",4,14.212488,2.3408208,-1.3545772,3.4508257,-0.7670516,-16731116
18,17,19,22,"null","null","null",3,14.212488,1.6917281,-2.7746239,3.1313145,-0.5755012,-16731116
19,18,20,21,"null","null","null",2,14.212488,0.5272817,-3.5245032,2.3807092,-0.665,-11513776
24,6,25,26,"null","null","null",2,14.212488,3.3284082,-0.2891289,2.5945039,-1.4052806,-16731116
27,5,28,29,"null","null","null",2,14.212488,3.8167202,-0.67175275,0.73106515,-2.238161,-16731116
30,4,31,40,"null","null","null",6,14.212488,3.2514277,-1.0892038,0.3309561,-3.0781724,-11184866
31,30,32,37,"null","null","null",5,14.212488,3.5280137,-0.4185698,1.8652921,-2.4606745,-12486656
32,31,33,36,"null","null","null",3,14.212488,3.065712,-0.6167603,3.1667423,-1.4052806,-11184866
33,32,34,35,"null","null","null",2,14.212488,2.3408208,-0.6580918,3.7190452,-0.34808022,-12486656
37,31,38,39,"null","null","null",2,14.212488,1.0880196,-2.1365566,0.6001816,-3.8261666,-16731116
41,3,42,45,"null","null","null",4,14.212488,1.9703064,-2.216556,0.5623988,-3.5523171,-16731116
42,41,43,44,"null","null","null",2,14.212488,3.0051699,-1.0892038,0.6459124,-2.9852314,-16731116
45,41,46,47,"null","null","null",2,14.212488,0.48358452,-3.7564592,1.9384005,-1.6186413,-16731116
48,2,49,52,"null","null","null",3,4.913074,0.37080103,-2.660825,0.8857573,-3.6840577,-16731116
49,48,50,51,"null","null","null",2,4.913074,1.2662381,-2.076367,0.48397338,-3.8140666,-16731116
53,1,54,61,"null","null","null",5,7.1975236,0.44286364,-3.4099588,1.8611686,-2.7339232,-12486656
54,53,55,58,"null","null","null",4,7.1975236,0.6619249,-2.745932,0.49050963,-3.6840577,-12486656
55,54,56,57,"null","null","null",2,7.1975236,1.2662381,-2.076367,0.48397338,-3.8140666,-16731116
58,54,59,60,"null","null","null",2,7.1975236,0.8449204,-3.5245008,2.3807096,-0.39556158,-8572416
62,0,63,92,"null","null","null",18,12.925953,0.82108533,-3.6230302,2.7422624,-1.0522765,-12486656
63,62,64,87,"null","null","null",15,12.925953,0.5419743,-3.4929109,1.7061975,-2.5434372,-11184866
64,63,65,82,"null","null","null",12,12.925953,0.6619249,-2.8537698,0.522323,-3.4364262,-11184866
65,64,66,81,"null","null","null",9,12.925953,2.1597354,-2.076367,0.48397338,-3.4921455,-11184866
66,65,67,76,"null","null","null",8,12.925953,3.2514277,-0.8866515,0.6459124,-2.9070082,-11184866
67,66,68,75,"null","null","null",5,12.925953,3.5280137,-0.4185698,1.8652921,-2.238161,-11184866
68,67,69,72,"null","null","null",4,12.925953,3.065712,-0.6167603,3.1667423,-1.2878731,-11184866
69,68,70,71,"null","null","null",2,12.925953,2.3408208,-0.6580918,3.7190452,-0.34808022,-11184866
72,68,73,74,"null","null","null",2,12.925953,2.8755634,-1.1971815,0.31716168,-3.1081553,-8572416
76,66,77,80,"null","null","null",3,12.925953,0.35782874,-2.752129,0.90259826,-3.6250997,-11513776
77,76,78,79,"null","null","null",2,12.925953,1.0880196,-2.1365566,0.4628849,-3.8261666,-11513776
82,64,83,86,"null","null","null",3,12.925953,0.8449204,-3.767136,2.4522898,-0.39556158,-11184866
83,82,84,85,"null","null","null",2,12.925953,0.52359635,-3.7564592,1.9384005,-1.6186413,-12486656
87,63,88,91,"null","null","null",3,12.925953,1.691729,-2.774622,3.131315,-0.35959762,-11513776
88,87,89,90,"null","null","null",2,12.925953,0.52728236,-3.524502,2.38071,-0.665,-16777216
92,62,93,96,"null","null","null",3,12.925953,2.3408213,-0.8562542,3.8025498,-0.76705235,-16731116
93,92,94,95,"null","null","null",2,12.925953,1.691729,-2.1268048,3.5885563,-0.5755011,-16731116
