index,parent,child1,child2,name1,name2,common,richness,lengthbr,hxmax,hxmin,hymax,hymin,color
0,-268311529,1,182,"Estrildidae","null","Waxbills, grass finches, munias and more",142,14.556274,3.6389208,-0.441056,1.9801723,-2.2705498,-16731116
1,0,2,145,"null","null","null",139,13.625168,3.1663086,-0.62788355,3.219133,-1.1927477,-16731116
2,1,3,110,"null","null","null",72,12.785697,2.4998157,-1.5024695,3.684668,-0.37199152,-16731116
3,2,4,83,"null","null","null",54,11.9112215,1.5333102,-2.8798137,3.3743312,-0.59051824,-16731116
4,3,5,80,"null","null","null",40,10.831791,0.29949108,-3.5552924,2.705147,-1.0522863,-16731116
5,4,6,67,"null","null","null",38,10.591603,0.5419755,-3.4048467,1.8248549,-2.5434449,-16731116
6,5,7,40,"null","null","null",31,9.635764,0.6764535,-2.7392857,0.6447652,-3.436429,-16731116
7,6,8,31,"null","null","null",17,9.635764,2.2620902,-2.0607383,0.48397505,-3.4921427,-16731116
8,7,9,20,"null","null","null",12,6.9817076,3.3844805,-0.944368,0.645913,-2.9070024,-16731116
9,8,10,19,"null","null","null",6,6.0572743,3.7009745,-0.41857165,1.9147136,-2.2381573,-16731116
10,9,11,18,"null","null","null",5,3.8312361,3.2905574,-0.61676127,3.2309828,-1.4052725,-16731116
11,10,12,15,"null","null","null",4,1.8970839,2.6331215,-0.85627186,3.8025494,-0.34808218,-16731116
12,11,13,14,"null","null","null",2,1.2308682,1.691721,-2.1268198,3.5885496,-0.5755025,-16731116
15,11,16,17,"null","null","null",2,1.8970839,3.7952137,-0.70525634,0.5537506,-2.2791727,-16731116
20,8,21,28,"null","null","null",6,6.3455048,0.3578298,-2.8820057,0.90259707,-3.4687893,-16731116
21,20,22,25,"null","null","null",4,3.599073,1.792433,-2.3054006,0.46288663,-3.6229558,-16731116
22,21,23,24,"null","null","null",2,0.99402636,2.8755739,-1.1971728,0.637614,-3.1081457,-16731116
25,21,26,27,"null","null","null",2,1.2038668,0.523479,-3.7907977,2.0102232,-1.4433578,-16731116
28,20,29,30,"null","null","null",2,1.7505921,0.86650443,-3.439229,2.419877,-0.38339615,-16731116
31,7,32,37,"null","null","null",5,5.6535625,0.48358122,-3.4058828,2.0181618,-2.607294,-16731116
32,31,33,36,"null","null","null",3,2.0393658,0.6580926,-2.7521214,0.86751455,-3.6251051,-16731116
33,32,34,35,"null","null","null",2,0.6438333,1.0880342,-2.1365514,0.46288663,-3.8261662,-16731116
37,31,38,39,"null","null","null",2,1.4203252,1.7788317,-1.9610568,3.6551337,-0.40147734,-12486656
40,6,41,64,"null","null","null",14,7.1768117,0.8449185,-3.5095534,2.7277982,-0.90352786,-16731116
41,40,42,57,"null","null","null",12,5.0822287,0.5235976,-3.421596,1.8475332,-2.4241579,-16731116
42,41,43,54,"null","null","null",8,3.6226287,0.6580926,-2.7725487,0.5830918,-3.387028,-16731116
43,42,44,49,"null","null","null",6,2.6549852,2.1815941,-2.1631067,0.46288663,-3.516666,-16731116
44,43,45,48,"null","null","null",3,1.0453515,3.381483,-1.1971728,0.637614,-2.9699686,-16731116
45,44,46,47,"null","null","null",2,0.7231361,3.7952137,-0.39551976,0.6459111,-2.2791727,-16731116
49,43,50,53,"null","null","null",3,1.1014581,0.523479,-3.4706364,2.0102232,-2.14342,-16731116
50,49,51,52,"null","null","null",2,0.23409544,0.6527482,-2.8544023,0.97916484,-3.126811,-16731116
54,42,55,56,"null","null","null",2,1.6271485,0.86650443,-3.439229,2.419877,-0.38339615,-16731116
57,41,58,63,"null","null","null",4,3.7412956,1.7788317,-2.8520777,3.2712197,-0.40147734,-16731116
58,57,59,62,"null","null","null",3,1.1825578,0.6411245,-3.7314677,2.56074,-0.6642306,-16731116
59,58,60,61,"null","null","null",2,0.66504586,0.50423855,-3.7907977,2.0102232,-1.4433578,-16731116
64,40,65,66,"null","null","null",2,1.6421524,2.361207,-0.4184217,3.664692,-0.7950933,-16731116
67,5,68,77,"null","null","null",7,8.135325,1.6749309,-2.7374806,3.398306,-0.35959482,-16731116
68,67,69,74,"null","null","null",5,6.4140882,0.33848345,-3.476213,2.7277982,-0.8165221,-16731116
69,68,70,73,"null","null","null",3,2.4464948,0.5235976,-3.3782535,1.9383955,-2.3110504,-16731116
70,69,71,72,"null","null","null",2,1.1724037,0.6580926,-2.7162032,0.86751455,-3.2399886,-16731116
74,68,75,76,"null","null","null",2,1.6242901,2.361207,-0.4184217,3.664692,-0.7950933,-16731116
77,67,78,79,"null","null","null",2,2.0489428,3.4248652,-0.2750016,2.4441652,-1.5045781,-16731116
80,4,81,82,"null","null","null",2,3.3476088,2.3408196,-0.4290243,3.7190475,-0.7670504,-12486656
83,3,84,105,"null","null","null",14,10.365181,3.2905593,-0.28912947,3.146336,-1.2264546,-16731116
84,83,85,102,"null","null","null",11,8.582186,2.6331234,-1.3385844,3.692513,-0.34808123,-16731116
85,84,86,99,"null","null","null",9,8.024109,1.6749309,-2.7538295,3.445505,-0.5755019,-16731116
86,85,87,94,"null","null","null",7,7.17353,0.33848345,-3.497466,2.789157,-1.044402,-16731116
87,86,88,93,"null","null","null",4,6.9497237,0.5235976,-3.4058828,1.9383955,-2.607294,-16731116
88,87,89,92,"null","null","null",3,6.137478,0.6580926,-2.7521214,0.86751455,-3.6251051,-16731116
89,88,90,91,"null","null","null",2,2.1742687,1.0880342,-2.1365514,0.46288663,-3.8261662,-16731116
94,86,95,98,"null","null","null",3,5.5442395,2.361207,-0.6648622,3.8027487,-0.7950933,-16731116
95,94,96,97,"null","null","null",2,2.330102,1.7788317,-1.9610568,3.6551337,-0.5592996,-16731116
99,85,100,101,"null","null","null",2,7.237576,3.4248652,-0.2750016,2.4441652,-1.5045781,-16731116
102,84,103,104,"null","null","null",2,3.0470712,3.7952123,-0.70525765,0.55374324,-2.2791743,-16731116
105,83,106,109,"null","null","null",3,4.7419057,3.3814788,-1.1971772,0.31716225,-2.9699712,-16731116
106,105,107,108,"null","null","null",2,1.8621502,3.7952123,-0.39551884,0.64591134,-2.2791743,-16731116
110,2,111,136,"null","null","null",18,11.287283,3.6272287,-0.6717514,1.8281144,-2.3231165,-16731116
111,110,112,129,"null","null","null",13,8.994642,3.1946898,-0.61676085,3.1184077,-1.2264546,-16731116
112,111,113,122,"null","null","null",9,6.349431,2.508493,-1.4981532,3.6562061,-0.34808123,-16731116
113,112,114,121,"null","null","null",5,3.2770112,1.6917245,-2.961269,3.398306,-0.5755019,-12486656
114,113,115,118,"null","null","null",4,2.9278188,0.33848345,-3.7671375,2.7277982,-0.665,-12486656
115,114,116,117,"null","null","null",2,1.1718707,0.5235976,-3.756456,1.9383955,-1.6186541,-12486656
118,114,119,120,"null","null","null",2,1.1505159,2.361207,-0.4184217,3.664692,-0.7950933,-12486656
122,112,123,128,"null","null","null",4,3.9773717,3.5147939,-0.70525765,1.6992425,-2.2791743,-16731116
123,122,124,127,"null","null","null",3,3.1321392,3.0981069,-0.6042892,3.0448964,-1.5045781,-16731116
124,123,125,126,"null","null","null",2,1.8268867,2.361207,-0.6619245,3.664692,-0.32388246,-12486656
129,111,130,135,"null","null","null",4,4.8920965,3.3591206,-1.1971772,0.31716225,-2.9699712,-16731116
130,129,131,134,"null","null","null",3,3.525508,3.7661464,-0.39551884,1.2371417,-2.2791743,-12486656
131,130,132,133,"null","null","null",2,1.628225,3.4248652,-0.6042892,2.4441652,-1.5045781,-16731116
136,110,137,144,"null","null","null",5,8.289217,2.1815877,-2.1365538,0.60018003,-3.516667,-16731116
137,136,138,141,"null","null","null",4,5.2088885,3.3814788,-1.0121964,0.63761365,-2.9699712,-16731116
138,137,139,140,"null","null","null",2,1.6837165,3.7952123,-0.39551884,0.64591134,-2.2791743,-16777216
141,137,142,143,"null","null","null",2,1.7825891,0.3445301,-2.8544078,0.9791694,-3.1268065,-16731116
145,1,146,168,"null","null","null",67,12.4406,3.32775,-0.9287926,0.33095664,-3.0781689,-16731116
146,145,147,165,"null","null","null",34,11.292542,3.6272287,-0.41857076,1.7071766,-2.4606717,-16731116
147,146,148,158,"null","null","null",32,10.661855,3.1946898,-0.61676085,2.9611886,-1.2264546,-16731116
148,147,-268299264,149,"null","null","null",28,10.31689,2.508493,-1.380286,3.4518213,-0.34808123,-16731116
149,148,150,157,"null","null","null",5,8.467613,3.5147939,-0.70525765,1.780933,-2.2791743,-16731116
150,149,151,156,"null","null","null",4,1.2213113,3.0981069,-0.6042892,3.151094,-1.5045781,-16731116
151,150,152,155,"null","null","null",3,0.847156,2.361207,-0.6648622,3.8027487,-0.32388246,-16731116
152,151,153,154,"null","null","null",2,0.2263409,1.7788317,-1.9610568,3.6551337,-0.5592996,-16731116
158,147,159,162,"null","null","null",4,7.9580927,3.3814788,-1.0121964,0.31716225,-2.9699712,-16731116
159,158,160,161,"null","null","null",2,5.926083,3.7952123,-0.39551884,0.64591134,-2.2791743,-16731116
162,158,163,164,"null","null","null",2,5.3023887,0.3445301,-2.8544078,0.9791694,-3.1268065,-16731116
165,146,166,167,"null","null","null",2,1.9725777,1.0880269,-2.1365538,0.60018003,-3.8261664,-16731116
168,145,-268298240,169,"null","null","null",33,10.224561,0.5293257,-2.7672644,0.90259767,-3.4995887,-16731116
169,168,170,177,"null","null","null",7,5.689593,0.86650527,-3.473289,2.8263764,-0.88763,-16731116
170,169,171,176,"null","null","null",4,5.019583,0.5042378,-3.4551682,2.010226,-2.4726603,-16731116
171,170,172,175,"null","null","null",3,3.0284963,0.6527479,-2.8342948,0.9791694,-3.5548277,-16731116
172,171,173,174,"null","null","null",2,1.859578,0.90940034,-2.1905565,0.44105583,-3.8270526,-16731116
177,169,178,181,"null","null","null",3,3.2777646,2.3745215,-0.47381783,3.7909281,-0.8210846,-16731116
178,177,179,180,"null","null","null",2,1.4616966,1.8611674,-1.7914399,3.711177,-0.54197454,-16731116
182,0,183,186,"null","null","null",3,9.70732,1.9703138,-2.0763643,0.56239724,-3.5523138,-16731116
183,182,184,185,"null","null","null",2,7.791053,3.005175,-1.0891994,0.64591277,-2.9852262,-16731116
