index,parent,child1,child2,name1,name2,common,richness,lengthbr,hxmax,hxmin,hymax,hymin,color
0,-268241916,1,42,"","null","Wall Lizards, Whiptail Lizards and more",207,157.5,3.5424206,-0.56240183,2.218433,-2.0659308,-16731116
1,0,2,29,"null","null","null",105,80.8,2.9723682,-0.6459119,3.3277416,-0.939591,-16731116
2,1,3,4,"null","null","null",98,48.1,2.3231258,-1.8280945,3.6272297,-0.41856802,-16731116
3,2,-268237824,-268239872,"null","null","null",85,48.0,1.2890222,-3.118394,3.1946974,-0.6167593,-16731116
4,2,5,28,"","null","Wall Lizards and more",13,18.8,3.5166693,-0.6001848,2.1250017,-2.136561,-16731116
5,4,6,25,"null","null","null",12,18.8,2.9699788,-0.6376126,3.307929,-1.0122141,-16731116
6,5,7,24,"null","null","null",10,18.8,2.2791796,-1.6359198,3.6996102,-0.39551586,-16731116
7,6,8,23,"null","null","null",9,18.8,1.5045918,-2.9625895,3.338375,-0.60428745,-16731116
8,7,9,20,"null","null","null",8,15.8,0.323879,-3.5577078,2.6735528,-1.2045189,-16731116
9,8,10,19,"null","null","null",6,14.7,0.5592972,-3.3365903,1.7788439,-2.662622,-16731116
10,9,11,18,"null","null","null",5,13.4,0.66423035,-2.645722,0.64114,-3.4851906,-16731116
11,10,12,15,"null","null","null",4,11.9,2.1433957,-2.1206903,0.50423574,-3.4706488,-16731116
12,11,13,14,"null","null","null",2,11.0,3.1267943,-0.9791801,0.6527473,-2.8544214,-16731116
15,11,16,17,"null","null","null",2,5.7,0.44286656,-3.7111814,1.8611743,-1.7914251,-16731116
20,8,21,22,"null","null","null",2,15.6,2.313444,-0.4390176,3.7626064,-0.7370704,-16731116
25,5,26,27,"null","null","null",2,18.8,3.126792,-0.97918236,0.34452838,-2.8544245,-16777216
29,1,30,37,"null","null","null",7,52.300003,3.38702,-0.9025996,0.56950295,-2.8712287,-12486656
30,29,31,36,"null","null","null",4,35.7,3.5166693,-0.46288335,2.1815689,-2.136561,-12486656
31,30,32,35,"null","null","null",3,35.7,2.9699788,-0.6376126,3.3814664,-1.1971906,-12486656
32,31,33,34,"null","null","null",2,31.3,2.2791796,-0.6459123,3.7952087,-0.39551586,-16731116
37,29,38,41,"","null","Wall Lizards",3,18.1,0.38339424,-2.5607553,0.86650753,-3.7314625,-12486656
38,37,39,40,"null","null","null",2,18.1,1.44333,-2.0102336,0.5042357,-3.7908027,-11184866
42,0,43,93,"null","null","null",102,100.200005,2.510728,-1.903154,0.48358738,-3.41754,-16777216
43,42,44,84,"null","null","null",59,100.100006,3.4995842,-0.7260081,0.6580919,-2.767278,-16777216
44,43,45,75,"null","null","null",54,93.8,3.663003,-0.46288335,2.0156415,-2.1562462,-16777216
45,44,46,70,"null","null","null",49,87.3,3.1602125,-0.6376126,3.165761,-1.0032719,-16777216
46,45,47,67,"null","null","null",46,87.3,2.5264835,-1.6694238,3.5147917,-0.39551586,-16777216
47,46,-268238848,48,"null","null","null",44,72.8,1.3321762,-3.0061445,3.0981112,-0.60428745,-16777216
48,47,49,66,"","null","Spectacled Lizards",10,32.1,3.0229492,-0.30319944,3.0686283,-1.3026892,-16777216
49,48,50,65,"null","null","null",9,29.9,2.3134441,-1.4749742,3.489027,-0.3719881,-16777216
50,49,51,64,"null","null","null",8,23.5,1.6002007,-2.8440835,3.1200066,-0.590516,-16777216
51,50,52,63,"null","null","null",7,13.4,0.41361272,-3.5088603,2.374523,-1.0522618,-16777216
52,51,53,62,"null","null","null",6,11.9,0.5419725,-3.3444977,1.8611767,-2.543426,-16777216
53,52,54,61,"null","null","null",5,11.8,0.72911084,-2.6608334,0.75470394,-3.4364223,-16777216
54,53,55,60,"null","null","null",4,11.7,2.330555,-2.0763726,0.4839716,-3.4921482,-16777216
55,54,56,59,"null","null","null",3,9.5,3.473502,-1.0892128,0.6459118,-2.9070141,-16777216
56,55,57,58,"null","null","null",2,5.5,3.8167186,-0.41856784,0.73104984,-2.238165,-16777216
67,46,68,69,"","null","Spectacled Lizards",2,57.1,3.8270519,-0.6366844,0.90937686,-2.1905634,-16777216
70,45,71,74,"null","null","null",3,25.5,3.5548184,-0.97918236,0.34452838,-2.8343048,-16777216
71,70,72,73,"null","null","null",2,25.5,3.8270519,-0.44105315,0.90937686,-2.1905634,-16777216
75,44,76,81,"null","null","null",5,54.5,2.4726443,-2.1206918,0.52348524,-3.4551742,-16777216
76,75,77,80,"null","null","null",3,30.7,3.5548184,-0.97918236,0.6527473,-2.8343048,-16777216
77,76,78,79,"null","null","null",2,30.7,3.8270519,-0.44105315,0.90937686,-2.1905634,-16777216
81,75,82,83,"null","null","null",2,16.3,0.44286698,-3.7111826,1.8611758,-1.7914215,-16777216
84,43,85,90,"null","null","null",5,40.4,0.6343421,-2.7414126,0.86650753,-3.485192,-16777216
85,84,86,89,"null","null","null",3,40.4,2.143393,-2.0102336,0.5042357,-3.470651,-16777216
86,85,87,88,"null","null","null",2,40.4,3.126792,-0.97918236,0.6527473,-2.8544245,-16777216
90,84,91,92,"null","null","null",2,40.4,0.82108724,-3.5997496,2.3745227,-0.40725136,-16777216
93,42,94,177,"","null","Whiptail Lizards",43,54.1,0.4014834,-3.3963406,1.7788435,-2.6534657,-16777216
94,93,95,166,"null","null","null",42,53.899998,0.7901076,-2.7233973,0.4148242,-3.4732869,-16777216
95,94,96,135,"null","null","null",36,50.699997,2.345888,-1.9945879,0.50423574,-3.455174,-16777216
96,95,97,132,"null","null","null",20,48.6,3.3900344,-0.72747934,0.6527473,-2.834304,-16777216
97,96,98,131,"null","null","null",18,44.0,3.612832,-0.44105333,1.993148,-2.190563,-16777216
98,97,99,130,"null","null","null",17,44.0,3.1323986,-0.62788224,3.236014,-1.3026884,-16777216
99,98,100,119,"null","null","null",16,25.7,2.4557288,-1.4749753,3.7066274,-0.37198827,-16777216
100,99,101,114,"null","null","null",10,25.7,1.4333925,-2.8440843,3.4028866,-0.5905161,-16777216
101,100,102,109,"null","null","null",7,25.7,0.29948735,-3.5088606,2.7422671,-1.198791,-16777216
102,101,103,108,"null","null","null",4,25.5,0.54197276,-3.3444967,1.8611755,-2.733913,-16777216
103,102,104,107,"null","null","null",3,22.0,0.66192466,-2.660832,0.75470227,-3.684054,-16777216
104,103,105,106,"null","null","null",2,21.6,1.2662256,-2.0763717,0.4839719,-3.8140678,-16777216
109,101,110,113,"null","null","null",3,25.7,2.3408232,-0.8562355,3.8025508,-0.7670549,-16777216
110,109,111,112,"null","null","null",2,25.7,1.6917381,-2.1267884,3.5885634,-0.5754996,-16777216
114,100,115,118,"null","null","null",3,25.7,3.0657163,-0.28912732,3.16673,-1.4052911,-16777216
115,114,116,117,"null","null","null",2,25.7,2.3408237,-0.65809226,3.71904,-0.3480777,-16777216
119,99,120,127,"null","null","null",6,25.7,3.5280132,-0.6717563,1.8652754,-2.4606814,-16777216
120,119,121,124,"null","null","null",4,17.400002,3.0657163,-0.6167592,3.16673,-1.2878872,-16777216
121,120,122,123,"null","null","null",2,9.7,2.3408237,-0.65809226,3.71904,-0.3480777,-16777216
124,120,125,126,"null","null","null",2,4.8,2.8755498,-1.1971917,0.31716022,-3.1081676,-16777216
127,119,128,129,"null","null","null",2,25.7,1.088003,-2.1365614,0.60018516,-3.8261676,-16777216
132,96,133,134,"null","null","null",2,10.7,0.3708,-2.5711937,0.88575876,-3.34425,-16777216
135,95,136,161,"null","null","null",16,35.699997,0.44286668,-3.4274502,1.7062039,-2.5897171,-16777216
136,135,137,160,"null","null","null",13,35.699997,0.66192466,-2.7686715,0.7547023,-3.4965985,-16777216
137,136,138,157,"null","null","null",12,35.699997,2.159725,-2.216563,0.48397192,-3.570376,-16777216
138,137,139,156,"null","null","null",10,33.1,3.2514215,-1.0892124,0.6459119,-3.00871,-16777216
139,138,140,149,"null","null","null",9,29.8,3.5280132,-0.41856796,1.7065672,-2.37037,-16777216
140,139,141,148,"null","null","null",5,27.7,3.0657158,-0.6167593,2.9604087,-1.4052902,-16777216
141,140,142,147,"null","null","null",4,27.5,2.3408232,-1.3545582,3.4508214,-0.3480779,-16777216
142,141,143,146,"null","null","null",3,10.400001,1.6917381,-2.774608,3.1313152,-0.5754996,-16777216
143,142,144,145,"null","null","null",2,8.6,0.52729416,-3.5244944,2.3807096,-0.665,-16777216
149,139,150,153,"null","null","null",4,29.099998,1.7924029,-2.3054147,0.6001849,-3.6229677,-16777216
150,149,151,152,"null","null","null",2,16.8,2.8755507,-1.1971908,0.6376125,-3.1081667,-16777216
153,149,154,155,"null","null","null",2,19.3,0.52348536,-3.7908027,2.0102339,-1.44333,-16777216
157,137,158,159,"null","null","null",2,35.7,0.48358747,-3.756462,1.9384067,-1.6186283,-16777216
161,135,162,165,"null","null","null",3,20.2,1.6917369,-2.7746093,3.1313152,-0.35960102,-16777216
162,161,163,164,"null","null","null",2,9.6,0.5272931,-3.524495,2.3807096,-0.665,-16777216
166,94,167,176,"null","null","null",6,50.3,0.8210871,-3.559216,2.3745227,-1.1987927,-16777216
167,166,168,175,"null","null","null",5,21.2,0.541973,-3.409958,1.8611748,-2.7339141,-16777216
168,167,169,172,"null","null","null",4,21.2,0.66192466,-2.7459316,0.49051464,-3.6840544,-16777216
169,168,170,171,"null","null","null",2,21.2,1.2662241,-2.0763717,0.483972,-3.8140683,-16777216
172,168,173,174,"null","null","null",2,21.2,0.8449218,-3.5244951,2.38071,-0.3955608,-16777216
