index,parent,child1,child2,name1,name2,common,richness,lengthbr,hxmax,hxmin,hymax,hymin,color
0,-268423050,1,56,"null","null","null",30,20.572578,2.6331258,-1.3802775,3.451823,-0.34807998,-16731116
1,0,2,51,"null","null","null",28,20.572578,1.5297099,-2.8080351,3.1326115,-0.5755011,-12486656
2,1,3,50,"null","null","null",25,20.572578,0.52728236,-3.567939,2.3823953,-0.90352,-12486656
3,2,4,35,"null","null","null",24,20.572578,0.5235966,-3.4975019,1.8475386,-2.4241512,-12486656
4,3,5,30,"null","null","null",16,20.572578,0.6580924,-2.8712273,0.64570314,-3.3870246,-12486656
5,4,6,21,"null","null","null",13,20.572578,2.1250174,-2.1562362,0.46288556,-3.5166664,-12486656
6,5,7,20,"null","null","null",8,20.572578,3.3079383,-1.1971784,0.6376136,-2.9699712,-12486656
7,6,8,19,"null","null","null",7,20.572578,3.6996105,-0.3955186,1.7809317,-2.2791743,-12486656
8,7,9,16,"null","null","null",6,20.572578,3.3383691,-0.60428905,3.151093,-1.4209412,-12486656
9,8,10,13,"null","null","null",4,20.572578,2.6735477,-0.66486037,3.8027484,-0.32388222,-12486656
10,9,11,12,"null","null","null",2,20.572578,1.7788329,-1.9610553,3.6551342,-0.55929935,-11184866
13,9,14,15,"null","null","null",2,20.572578,3.7626112,-0.7370663,0.43901888,-2.3134398,-16731116
16,8,17,18,"null","null","null",2,20.572578,2.7384977,-1.3026766,0.3032013,-3.222695,-11184866
21,5,22,27,"null","null","null",5,20.572578,0.52348095,-3.4551694,2.12068,-2.4726596,-16731116
22,21,23,26,"null","null","null",3,20.572578,0.652748,-2.834296,0.97917,-3.5548263,-16731116
23,22,24,25,"null","null","null",2,20.572578,0.9093985,-2.1905575,0.4410556,-3.827052,-12486656
27,21,28,29,"null","null","null",2,20.572578,1.8611658,-1.7914433,3.7111764,-0.4428622,-16731116
30,4,31,34,"null","null","null",3,20.572578,0.8665055,-3.731467,2.5607438,-0.3833955,-12486656
31,30,32,33,"null","null","null",2,20.572578,0.5042379,-3.7907996,2.0102258,-1.4433501,-11184866
35,3,36,45,"null","null","null",8,20.572578,1.6207665,-2.6534765,3.2712226,-0.40147948,-16731116
36,35,37,44,"null","null","null",5,20.572578,0.6411278,-3.47329,2.5607438,-0.8876296,-16731116
37,36,38,43,"null","null","null",4,20.572578,0.5042379,-3.4551694,2.0102258,-2.4726596,-16731116
38,37,39,42,"null","null","null",3,20.572578,0.652748,-2.834296,0.97917,-3.5548263,-16731116
39,38,40,41,"null","null","null",2,20.572578,0.9093985,-2.1905575,0.4410556,-3.827052,-16731116
45,35,46,49,"null","null","null",3,20.572578,3.1200044,-0.3173804,2.914015,-1.6001886,-11184866
46,45,47,48,"null","null","null",2,20.572578,2.3745217,-0.66423035,3.5997577,-0.41359687,-12486656
51,1,52,55,"null","null","null",3,20.572578,3.0981085,-0.27500087,3.0448916,-1.5045813,-16731116
52,51,53,54,"null","null","null",2,20.572578,2.3612084,-0.66192454,3.6646895,-0.3238816,-16731116
56,0,57,58,"null","null","null",2,20.572578,3.7952113,-0.7052593,0.55373704,-2.2791758,-16731116
