index,parent,child1,child2,name1,name2,common,richness,lengthbr,hxmax,hxmin,hymax,hymin,color
0,-268435428,1,190,"null","null","null",292,32.140755,0.80200016,-2.7293725,0.866505,-3.5096998,-16731116
1,0,2,86,"","null","Weavers, Waxbills and more",278,23.283802,2.361341,-1.9945749,0.50423795,-3.5025015,-16731116
2,1,3,47,"","null","Waxbills and more",162,20.307995,3.4101114,-0.7673043,0.652748,-2.8958278,-16731116
3,2,4,42,"Estrildidae","null","Waxbills, grass finches, munias and more",142,14.556274,3.6389208,-0.441056,1.9801723,-2.2705498,-16731116
4,3,5,41,"null","null","null",139,13.625168,3.1663086,-0.62788355,3.219133,-1.1927477,-16731116
5,4,-268410880,6,"null","null","null",72,12.785697,2.4998157,-1.5024695,3.684668,-0.37199152,-16731116
6,5,7,32,"null","null","null",18,11.287283,3.6272287,-0.6717514,1.8281144,-2.3231165,-16731116
7,6,8,25,"null","null","null",13,8.994642,3.1946898,-0.61676085,3.1184077,-1.2264546,-16731116
8,7,9,18,"null","null","null",9,6.349431,2.508493,-1.4981532,3.6562061,-0.34808123,-16731116
9,8,10,17,"null","null","null",5,3.2770112,1.6917245,-2.961269,3.398306,-0.5755019,-12486656
10,9,11,14,"null","null","null",4,2.9278188,0.33848345,-3.7671375,2.7277982,-0.665,-12486656
11,10,12,13,"null","null","null",2,1.1718707,0.5235976,-3.756456,1.9383955,-1.6186541,-12486656
14,10,15,16,"null","null","null",2,1.1505159,2.361207,-0.4184217,3.664692,-0.7950933,-12486656
18,8,19,24,"null","null","null",4,3.9773717,3.5147939,-0.70525765,1.6992425,-2.2791743,-16731116
19,18,20,23,"null","null","null",3,3.1321392,3.0981069,-0.6042892,3.0448964,-1.5045781,-16731116
20,19,21,22,"null","null","null",2,1.8268867,2.361207,-0.6619245,3.664692,-0.32388246,-12486656
25,7,26,31,"null","null","null",4,4.8920965,3.3591206,-1.1971772,0.31716225,-2.9699712,-16731116
26,25,27,30,"null","null","null",3,3.525508,3.7661464,-0.39551884,1.2371417,-2.2791743,-12486656
27,26,28,29,"null","null","null",2,1.628225,3.4248652,-0.6042892,2.4441652,-1.5045781,-16731116
32,6,33,40,"null","null","null",5,8.289217,2.1815877,-2.1365538,0.60018003,-3.516667,-16731116
33,32,34,37,"null","null","null",4,5.2088885,3.3814788,-1.0121964,0.63761365,-2.9699712,-16731116
34,33,35,36,"null","null","null",2,1.6837165,3.7952123,-0.39551884,0.64591134,-2.2791743,-16777216
37,33,38,39,"null","null","null",2,1.7825891,0.3445301,-2.8544078,0.9791694,-3.1268065,-16731116
41,4,-268411904,-268412928,"null","null","null",67,12.4406,3.32775,-0.9287926,0.33095664,-3.0781689,-16731116
42,3,43,46,"null","null","null",3,9.70732,1.9703138,-2.0763643,0.56239724,-3.5523138,-16731116
43,42,44,45,"null","null","null",2,7.791053,3.005175,-1.0891994,0.64591277,-2.9852262,-16731116
47,2,48,85,"Viduidae","null","Indigobirds and more",20,17.649971,0.6764475,-2.6608212,0.8857566,-3.5377078,-16731116
48,47,49,84,"null","null","null",19,8.089175,2.262085,-2.0763643,0.48397422,-3.6238084,-16731116
49,48,50,67,"null","null","null",18,7.0556297,3.3844776,-0.89572597,0.64591277,-3.0781689,-16731116
50,49,51,64,"null","null","null",9,5.9981537,3.7009745,-0.41857076,1.9147083,-2.4606717,-16731116
51,50,52,59,"null","null","null",7,3.0583158,3.2905593,-0.61676085,3.2309797,-1.2264546,-16731116
52,51,53,56,"null","null","null",4,1.4040265,2.6331234,-0.8562642,3.8025498,-0.34808123,-16731116
53,52,54,55,"null","null","null",2,0.72860557,1.6917245,-2.1268134,3.5885527,-0.5755019,-16731116
56,52,57,58,"null","null","null",2,0.4448474,3.7952123,-0.70525765,0.55374324,-2.2791743,-16731116
59,51,60,63,"null","null","null",3,3.0583155,3.3814788,-1.1971772,0.31716225,-2.9699712,-16731116
60,59,61,62,"null","null","null",2,1.6364824,3.7952123,-0.39551884,0.64591134,-2.2791743,-16731116
64,50,65,66,"null","null","null",2,5.464499,1.0880269,-2.1365538,0.60018003,-3.8261664,-16731116
67,49,68,83,"null","null","null",9,2.8143313,0.44188523,-2.772554,0.90259767,-3.3870258,-16731116
68,67,69,78,"null","null","null",8,1.8459303,2.0156596,-2.1631112,0.46288577,-3.516667,-16731116
69,68,70,77,"null","null","null",5,1.1216972,3.1657724,-1.1971772,0.63761365,-2.9699712,-16731116
70,69,71,76,"null","null","null",4,1.1115861,3.5147939,-0.39551884,1.6992425,-2.2791743,-16731116
71,70,72,75,"null","null","null",3,0.98738134,3.0981069,-0.6042892,3.0448964,-1.5045781,-16731116
72,71,73,74,"null","null","null",2,0.6634301,2.361207,-0.6619245,3.664692,-0.32388246,-16731116
78,68,79,82,"null","null","null",3,1.0960917,0.52348053,-3.4706397,2.010226,-2.143413,-16731116
79,78,80,81,"null","null","null",2,0.25171793,0.6527479,-2.8544078,0.9791694,-3.1268065,-16731116
86,1,87,189,"","null","Weavers and more",116,20.614347,0.44286197,-3.4274406,1.8611665,-2.5959573,-16731116
87,86,88,170,"null","null","null",115,17.145432,0.6658766,-2.7686582,0.59724087,-3.5046997,-16731116
88,87,89,167,"null","null","null",105,15.45816,2.2483428,-2.2165523,0.48397422,-3.5808978,-16731116
89,88,90,110,"null","null","null",103,12.462193,3.3666127,-0.9062344,0.64591277,-3.0223851,-16731116
90,89,-268413952,91,"Ploceidae","null","Weavers and more",74,12.049755,3.67775,-0.41857076,1.790672,-2.3881528,-16731116
91,90,92,109,"null","null","null",10,8.906283,2.1250188,-2.1365538,0.60018003,-3.6629987,-16731116
92,91,93,106,"null","null","null",9,7.1140323,3.3079393,-1.0121964,0.63761365,-3.1602027,-16731116
93,92,94,103,"null","null","null",7,6.474126,3.699611,-0.39551884,1.780933,-2.5264754,-16731116
94,93,95,102,"null","null","null",5,4.341702,3.338369,-0.6042892,3.151094,-1.5045781,-12486656
95,94,96,99,"null","null","null",4,3.9228034,2.6735475,-0.6648622,3.8027487,-0.32388246,-16731116
96,95,97,98,"null","null","null",2,1.7301776,1.7788317,-1.9610568,3.6551337,-0.5592996,-16731116
99,95,100,101,"null","null","null",2,1.4929736,3.7626114,-0.73706603,0.439019,-2.3134394,-12486656
103,93,104,105,"null","null","null",2,1.4500571,0.90940034,-2.1905565,0.63667953,-3.8270526,-16731116
106,92,107,108,"null","null","null",2,1.5254202,0.3445301,-2.8544078,0.9791694,-3.1268065,-16731116
110,89,111,144,"null","null","null",29,10.478708,0.44188523,-2.7961977,0.90259767,-3.4716115,-16731116
111,110,112,143,"Ploceidae","null","Weavers and more",17,7.5740514,2.0156596,-2.1365538,0.46288577,-3.6266284,-16731116
112,111,113,142,"null","null","null",16,6.8153253,3.1657724,-1.1971772,0.63761365,-3.1129212,-16731116
113,112,114,129,"null","null","null",15,5.136767,3.5147939,-0.39551884,1.6061882,-2.4650097,-16731116
114,113,115,128,"null","null","null",8,4.401502,3.0981069,-0.6042892,2.9239256,-1.5045781,-16731116
115,114,116,127,"null","null","null",7,3.8616555,2.361207,-1.2045364,3.50743,-0.32388246,-16731116
116,115,117,124,"null","null","null",6,3.6203938,1.7948487,-2.6626332,3.2712197,-0.5592996,-16731116
117,116,118,123,"null","null","null",4,2.3082666,0.6411245,-3.48519,2.56074,-0.6642306,-16731116
118,117,119,122,"null","null","null",3,1.5888604,0.50423855,-3.4706364,2.0102232,-2.14342,-16731116
119,118,120,121,"null","null","null",2,1.0611619,0.6527482,-2.8544023,0.97916484,-3.126811,-16731116
124,116,125,126,"null","null","null",2,1.7041625,3.5116959,-0.31737888,2.2880604,-1.6001867,-16731116
129,113,130,139,"null","null","null",7,3.5989563,2.042694,-2.3868847,0.63667953,-3.6887546,-16731116
130,129,131,138,"null","null","null",5,3.048969,3.3004124,-1.3026755,0.6278835,-3.2310927,-16731116
131,130,132,135,"null","null","null",4,1.5336249,3.7903328,-0.37199128,1.0472739,-2.584035,-16731116
132,131,133,134,"null","null","null",2,1.0017074,3.5116959,-0.59051806,2.2880604,-1.6001867,-16731116
135,131,136,137,"null","null","null",2,0.8571787,0.73107064,-2.2381597,0.6717517,-3.8167205,-16731116
139,129,140,141,"null","null","null",2,2.964599,0.5623976,-3.814066,2.0763648,-1.2662436,-16731116
144,110,145,160,"null","null","null",12,8.404949,0.86650527,-3.5626507,2.6774383,-0.75180197,-16731116
145,144,146,157,"null","null","null",8,5.5283628,0.5042378,-3.5713387,2.1206808,-2.296084,-16731116
146,145,147,156,"Ploceidae","null","Weavers and more",6,4.719333,0.6527479,-2.9853163,0.9791694,-3.3252785,-12486656
147,146,148,153,"null","null","null",5,3.1227999,2.026291,-2.3868847,0.44105583,-3.5286388,-12486656
148,147,149,152,"null","null","null",3,1.2129865,3.2790883,-1.3026755,0.6278835,-3.0229423,-12486656
149,148,150,151,"null","null","null",2,0.7462361,3.7626114,-0.37199128,0.6527469,-2.3134394,-11184866
153,147,154,155,"null","null","null",2,0.90494025,0.5623976,-3.814066,2.0763648,-1.2662436,-12486656
157,145,158,159,"Passeridae","null","Sparrows, snowfinches and more",2,2.1389356,1.8611674,-1.7914399,3.711177,-0.4428624,-16731116
160,144,161,166,"Ploceidae","null","Weavers and more",4,6.4230504,2.3745215,-0.9977424,3.4558167,-0.8210846,-16731116
161,160,162,165,"null","null","null",3,5.40465,1.8611674,-2.4725418,3.2755322,-0.54197454,-16731116
162,161,163,164,"null","null","null",2,2.173326,0.75469124,-3.3442605,2.5711775,-0.66192496,-16731116
167,88,168,169,"Ploceidae","null","Weavers and more",2,1.8278217,0.48358285,-3.7564573,1.9383985,-1.6186471,-16731116
170,87,171,182,"null","null","null",10,14.608006,0.84491944,-3.5743203,2.6208618,-0.95190215,-16731116
171,170,172,181,"null","null","null",6,9.975225,0.5235968,-3.5057967,1.9383985,-2.4870472,-16731116
172,171,173,180,"null","null","null",5,5.6480794,0.6580924,-2.88201,0.867519,-3.4687886,-16731116
173,172,174,177,"Passeridae","null","Sparrows, snowfinches and more",4,5.191987,1.7924259,-2.3054042,0.46288577,-3.6229587,-16731116
174,173,175,176,"null","null","null",2,1.6088073,2.8755686,-1.1971772,0.63761365,-3.1081505,-16731116
177,173,178,179,"null","null","null",2,1.4813198,0.52348053,-3.7907991,2.010226,-1.4433506,-16731116
182,170,183,188,"null","null","null",4,6.6243906,2.3612075,-1.1773334,3.4240808,-0.7950944,-16731116
183,182,184,187,"Passeridae","null","Sparrows, snowfinches and more",3,5.319643,1.7788353,-2.6272726,3.1628685,-0.5592989,-16731116
184,183,185,186,"null","null","null",2,3.3452194,0.641129,-3.4392254,2.4198835,-0.6642305,-16731116
190,0,191,216,"","null","Accentors and Olive Warbler",14,31.403227,0.8210844,-3.57267,2.3745215,-1.0522804,-16731116
191,190,192,211,"Prunellidae","null","Accentors",13,20.072681,0.5419747,-3.4274406,1.7061951,-2.5434403,-16731116
192,191,193,208,"null","null","null",10,9.870407,0.66192496,-2.7686582,0.49050635,-3.4364276,-16731116
193,192,194,205,"null","null","null",8,8.717422,2.1597412,-2.2165523,0.48397422,-3.492144,-16731116
194,193,195,202,"null","null","null",6,7.4443874,3.2514307,-0.8706838,0.64591277,-2.9070053,-16731116
195,194,196,201,"null","null","null",4,5.1153398,3.5280137,-0.41857076,1.8652986,-2.2381592,-16731116
196,195,197,200,"null","null","null",3,2.4165096,3.0657103,-0.61676085,3.166747,-1.4052767,-16731116
197,196,198,199,"null","null","null",2,0.41478586,2.3408196,-0.65809155,3.7190475,-0.34808123,-16731116
202,194,203,204,"null","null","null",2,5.257223,0.35782927,-2.716209,0.90259767,-3.2399843,-16731116
205,193,206,207,"null","null","null",2,4.162765,0.48358285,-3.7564573,1.9383985,-1.6186471,-16731116
208,192,209,210,"null","null","null",2,4.876153,0.84491944,-3.5245032,2.3807092,-0.39556205,-16731116
211,191,212,215,"null","null","null",3,8.462193,1.6917281,-2.7746239,3.1313145,-0.35959655,-16731116
212,211,213,214,"null","null","null",2,4.7347703,0.5272817,-3.5245032,2.3807092,-0.665,-16731116
