index,parent,child1,child2,name1,name2,common,richness,lengthbr,hxmax,hxmin,hymax,hymin,color
0,-268116985,1,-268045312,"null","null","null",1913,138.39574,3.0079136,-0.33095512,3.365131,-0.9287938,-16731116
1,0,2,-268046336,"","null","True Frogs, Shrub Frogs and more",1167,81.7,2.3693352,-1.8165414,3.6758342,-0.41856837,-12486656
2,1,3,-268047360,"null","null","null",1116,78.1,1.2264667,-3.1033735,3.2578819,-0.6167594,-12486656
3,2,4,147,"null","null","null",1047,74.2,0.34807852,-3.6366732,2.5906398,-1.3463266,-12486656
4,3,5,-268050432,"null","null","null",1036,72.799995,0.57550013,-3.3729208,1.6279933,-2.7639039,-12486656
5,4,6,-268053504,"null","null","null",887,69.399994,0.9527895,-2.694797,0.44798142,-3.5105748,-12486656
6,5,7,-268059648,"null","null","null",734,67.7,2.4882057,-1.9383584,0.52359545,-3.422933,-12486656
7,6,8,138,"null","null","null",428,62.099995,3.470302,-0.7165938,0.6580921,-2.7742887,-12486656
8,7,9,131,"RHACOPHORIDAE","null","Shrub Frogs",272,45.299995,3.6249325,-0.46288425,2.1293228,-2.1562414,-12486656
9,8,10,116,"null","null","null",268,45.181824,3.1107192,-0.637613,3.3135417,-1.003265,-12486656
10,9,11,111,"null","null","null",260,44.940155,2.4621441,-1.5987651,3.706901,-0.39551717,-12486656
11,10,12,110,"null","null","null",257,25.5,1.4059317,-2.9142823,3.3478503,-0.6042883,-12486656
12,11,13,105,"null","null","null",159,23.244822,0.32388073,-3.494901,2.6858726,-1.2224512,-11184866
13,12,14,86,"null","null","null",156,23.15747,0.5592984,-3.2549367,1.6207696,-2.6859283,-11184866
14,13,15,85,"null","null","null",146,22.853666,0.7901181,-2.5395722,0.6411318,-3.5154815,-11184866
15,14,16,32,"null","null","null",145,22.82215,2.345897,-1.9827005,0.5042372,-3.5100212,-11184866
16,15,17,18,"null","null","null",118,22.82215,3.3900387,-0.7997942,0.65274775,-2.9056044,-11184866
17,16,-268025856,-268027904,"null","null","null",72,22.82215,3.61283,-0.44105512,1.993161,-2.2832575,-11184866
18,16,-268026880,19,"null","null","null",46,22.82215,0.59771526,-2.7339165,0.8857573,-3.4364262,-11184866
19,18,20,29,"null","null","null",7,22.82215,0.8449204,-3.497466,2.7277997,-1.0443912,-8572416
20,19,21,26,"null","null","null",5,7.38051,0.52359635,-3.405888,2.0181682,-2.6072845,-8572416
21,20,22,25,"null","null","null",3,7.38051,0.65809226,-2.752129,0.8675231,-3.6250997,-8572416
22,21,23,24,"null","null","null",2,7.38051,1.0880196,-2.1365566,0.4628849,-3.8261666,-8572416
26,20,27,28,"null","null","null",2,7.38051,1.7788361,-1.9610482,3.6551366,-0.40148008,-8572416
29,19,30,31,"null","null","null",2,22.82215,2.3612084,-0.41842097,3.6646888,-0.7950951,-11513776
32,15,33,72,"null","null","null",27,22.82215,0.44286364,-3.400716,1.7306687,-2.6213453,-11184866
33,32,34,57,"null","null","null",20,22.82215,0.6619249,-2.7339165,0.522323,-3.5377066,-11184866
34,33,35,50,"null","null","null",12,22.82215,2.1597354,-2.0484684,0.48397338,-3.6238103,-11184866
35,34,36,45,"null","null","null",8,22.822151,3.2514277,-0.8866515,0.6459124,-3.0781724,-11184866
36,35,37,42,"null","null","null",5,22.822151,3.5280137,-0.4185698,1.8652921,-2.4606745,-8572416
37,36,38,41,"null","null","null",3,5.037982,3.065712,-0.6167603,3.1667423,-1.4052806,-8572416
38,37,39,40,"null","null","null",2,5.037982,2.3408208,-0.6580918,3.7190452,-0.34808022,-8572416
42,36,43,44,"null","null","null",2,3.1786127,1.0880196,-2.1365566,0.6001816,-3.8261666,-8572416
45,35,46,49,"null","null","null",3,5.037982,0.35782874,-2.752129,0.90259826,-3.6250997,-11184866
46,45,47,48,"null","null","null",2,5.037982,1.0880196,-2.1365566,0.4628849,-3.8261666,-11184866
50,34,51,54,"null","null","null",4,6.3572254,0.48358452,-3.3782616,2.0181682,-2.3110387,-12486656
51,50,52,53,"null","null","null",2,6.3572254,0.65809226,-2.7162147,0.8675231,-3.23998,-16731116
54,50,55,56,"null","null","null",2,6.3572254,1.7788361,-1.9610482,3.6551366,-0.40148008,-12486656
57,33,58,71,"null","null","null",8,22.82215,0.8449204,-3.497466,2.4522898,-0.90351766,-11184866
58,57,59,70,"null","null","null",7,22.82215,0.52359635,-3.405888,1.9384005,-2.424149,-11184866
59,58,60,69,"null","null","null",6,8.216595,0.65809226,-2.752129,0.8675231,-3.3870234,-11184866
60,59,61,68,"null","null","null",5,8.216595,2.1643844,-2.1365566,0.4628849,-3.5166674,-8572416
61,60,62,67,"null","null","null",4,8.216595,3.3591185,-1.1971815,0.6376133,-2.9699733,-8572416
62,61,63,66,"null","null","null",3,8.216595,3.7661476,-0.3955179,1.2371341,-2.2791758,-8572416
63,62,64,65,"null","null","null",2,8.216595,3.4248688,-0.6042887,2.444159,-1.5045819,-8572416
72,32,73,84,"null","null","null",7,22.82215,1.691729,-2.7538245,3.1863751,-0.35959762,-16777036
73,72,74,83,"null","null","null",6,22.82215,0.52728236,-3.4974651,2.4522882,-1.0443938,-16777036
74,73,75,82,"null","null","null",5,7.38051,0.5235966,-3.4058857,1.9383993,-2.6072872,-16777036
75,74,76,79,"null","null","null",4,7.38051,0.6580924,-2.7521262,0.58309823,-3.6251016,-16777036
76,75,77,78,"null","null","null",2,7.38051,1.0880251,-2.1365547,0.46288556,-3.8261662,-16777036
79,75,80,81,"null","null","null",2,7.38051,0.8665055,-3.4392257,2.4198828,-0.3833955,-16777036
86,13,87,100,"null","null","null",10,10.559123,1.4333838,-2.88283,3.1200051,-0.3173819,-16731116
87,86,88,99,"null","null","null",7,10.559123,0.4136008,-3.5592208,2.3745222,-1.198804,-12486656
88,87,89,96,"null","null","null",6,10.559123,0.5419743,-3.4099588,1.9094158,-2.7339232,-12486656
89,88,90,93,"null","null","null",4,10.559123,0.6619249,-2.745932,0.49050963,-3.6840577,-12486656
90,89,91,92,"null","null","null",2,10.559123,1.2662381,-2.076367,0.48397338,-3.8140666,-11184866
93,89,94,95,"null","null","null",2,10.559123,0.8449204,-3.5245008,2.3807096,-0.39556158,-16731116
96,88,97,98,"null","null","null",2,10.559123,1.691729,-2.1268048,3.5885563,-0.35959762,-16731116
100,86,101,104,"null","null","null",3,10.559123,3.0657125,-0.28912854,3.1667411,-1.4052815,-16731116
101,100,102,103,"null","null","null",2,10.559123,2.3408213,-0.6580918,3.719045,-0.34807998,-11513776
105,12,106,109,"null","null","null",3,5.037982,2.3134418,-1.0472633,3.790334,-0.7370682,-12486656
106,105,107,108,"null","null","null",2,5.037982,1.6001918,-2.2880516,3.5117006,-0.5905173,-12486656
110,11,-268028928,-268024832,"null","null","null",98,21.163876,3.1889126,-0.30320042,3.173435,-1.1679624,-16731116
111,10,112,115,"null","null","null",3,8.860453,3.6822972,-0.63668215,1.610443,-2.1905596,-16731116
112,111,113,114,"null","null","null",2,8.860453,3.2227004,-0.62788296,2.7384913,-1.3026809,-16731116
116,9,117,128,"null","null","null",8,16.77097,3.325275,-0.91696286,0.34452912,-2.8342993,-16777216
117,116,118,127,"null","null","null",6,14.450776,3.5286393,-0.44105458,1.864401,-2.1905596,-16777216
118,117,119,126,"null","null","null",5,14.450776,3.0229454,-0.62788296,3.0686367,-1.3026809,-16777216
119,118,120,125,"null","null","null",4,14.450776,2.3134418,-1.52877,3.4890296,-0.37198997,-16777216
120,119,121,124,"null","null","null",3,14.450776,1.6001918,-2.9140103,3.1200051,-0.5905173,-16777216
121,120,122,123,"null","null","null",2,14.450776,0.4136008,-3.5997553,2.3745222,-0.66423035,-16777216
128,116,129,130,"null","null","null",2,5.5903234,0.37080073,-2.5711837,0.8857578,-3.3442564,-16777216
131,8,132,137,"null","null","null",4,11.180647,2.4726522,-2.01023,0.52348334,-3.455171,-16731116
132,131,133,136,"null","null","null",3,11.180647,3.5548232,-0.979175,0.6527476,-2.8342993,-16731116
133,132,134,135,"null","null","null",2,11.180647,3.827052,-0.44105458,0.90939033,-2.1905596,-16731116
138,7,139,-268060672,"MANTELLIDAE","null","null",156,47.5,0.7517934,-2.7202373,0.8665067,-3.513351,-16731116
139,138,-268061696,140,"null","null","null",103,45.4,2.2960765,-1.9577141,0.50423664,-3.5072536,-12486656
140,139,141,146,"null","null","null",4,13.579599,0.44286472,-3.3444924,1.8611706,-2.7339203,-16731116
141,140,142,145,"null","null","null",3,10.761578,0.66192484,-2.6608262,0.7546954,-3.6840568,-12486656
142,141,143,144,"null","null","null",2,10.761578,1.2662363,-2.0763676,0.48397315,-3.8140664,-16731116
147,3,148,163,"null","null","null",11,25.56947,2.4621477,-1.6061746,3.6996102,-0.70526135,-11184866
148,147,149,162,"null","null","null",8,25.56947,1.5045888,-2.9239175,3.3383737,-0.60428786,-11184866
149,148,150,159,"null","null","null",7,25.56947,0.32387975,-3.507431,2.6735516,-1.2045227,-11184866
150,149,151,158,"null","null","null",5,25.56947,0.5592977,-3.2712283,1.7788414,-2.6626244,-11184866
151,150,152,157,"null","null","null",4,25.56947,0.66423047,-2.5607514,0.6411365,-3.4851904,-8572416
152,151,153,156,"null","null","null",3,25.56947,2.1434007,-2.010231,0.50423634,-3.4706461,-3014646
153,152,154,155,"null","null","null",2,25.56947,3.126798,-0.9791769,0.6527475,-2.8544173,-3014646
159,149,160,161,"null","null","null",2,25.56947,2.313443,-0.4390179,3.7626073,-0.7370695,-8572416
163,147,164,167,"null","null","null",3,25.56947,3.6823003,-0.63668334,1.6104344,-2.1905618,-11184866
164,163,165,166,"null","null","null",2,25.56947,3.2227063,-0.6278825,2.7384841,-1.3026861,-11184866
