index,parent,child1,child2,name1,name2,common,richness,lengthbr,hxmax,hxmin,hymax,hymin,color
0,-268178342,1,40,"null","null","null",23,18.6,0.541973,-3.4007165,1.7062032,-2.621338,-16731116
1,0,2,23,"null","null","null",20,14.2,0.6619247,-2.7339177,0.6720482,-3.5377047,-16731116
2,1,3,18,"Paraxerus","null","African Bush Squirrels",11,10.7,2.1597278,-2.048474,0.48397225,-3.6238127,-16731116
3,2,4,13,"null","null","null",8,10.7,3.2514234,-0.8866574,0.645912,-3.0781772,-16731116
4,3,5,10,"null","null","null",5,10.7,3.5280132,-0.41856855,1.865283,-2.4606783,-16731116
5,4,6,9,"null","null","null",3,10.7,3.0657144,-0.61675966,3.166736,-1.4052861,-12486656
6,5,7,8,"null","null","null",2,10.7,2.3408225,-0.658092,3.7190428,-0.34807888,-12486656
10,4,11,12,"null","null","null",2,10.7,1.0880123,-2.1365585,0.6001837,-3.8261666,-16731116
13,3,14,17,"null","null","null",3,10.7,0.35782802,-2.7521324,0.9025992,-3.6250968,-16731116
14,13,15,16,"null","null","null",2,10.7,1.0880123,-2.1365585,0.462884,-3.8261666,-16731116
18,2,19,22,"null","null","null",3,10.7,0.48358673,-3.3782651,1.9384048,-2.3110309,-16731116
19,18,20,21,"null","null","null",2,10.7,0.658092,-2.7162204,0.8675277,-3.239976,-16731116
23,1,24,35,"Funisciurus","null","African Striped Squirrels",9,12.3,0.8449216,-3.4974642,2.7891622,-1.0443827,-16731116
24,23,25,30,"null","null","null",6,12.3,0.5235953,-3.4058897,1.799391,-2.6072779,-16731116
25,24,26,29,"null","null","null",3,12.3,0.658092,-2.7521324,0.8675277,-3.6250968,-16731116
26,25,27,28,"null","null","null",2,12.3,1.0880123,-2.1365585,0.462884,-3.8261666,-16731116
30,24,31,34,"null","null","null",3,12.3,1.7788415,-2.627261,3.162878,-0.40148243,-16731116
31,30,32,33,"null","null","null",2,12.3,0.6411381,-3.439218,2.4198961,-0.66423047,-16731116
35,23,36,39,"null","null","null",3,12.3,2.3612094,-0.6648392,3.8027482,-0.79509664,-16731116
36,35,37,38,"null","null","null",2,12.3,1.7788422,-1.9610362,3.6551409,-0.5592977,-16731116
40,0,41,44,"null","null","null",3,12.8,1.691736,-2.7746105,3.1313152,-0.3596006,-16731116
41,40,42,43,"Protoxerus","null","null",2,5.5,0.5272925,-3.5244956,2.3807096,-0.665,-16731116
