index,parent,child1,child2,name1,name2,common,richness,lengthbr,hxmax,hxmin,hymax,hymin,color
0,-268341191,1,102,"null","null","null",54,16.760305,3.3277493,-0.8866478,0.64591265,-2.9955559,-16731116
1,0,2,65,"null","null","null",51,12.292726,3.6272287,-0.41857052,1.7906708,-2.3532743,-16731116
2,1,3,58,"null","null","null",32,9.141211,3.1946905,-0.6167606,3.0697317,-1.2264555,-16731116
3,2,4,41,"","null","Tody-tyrants, Pygmy Tyrants and more",28,8.889539,2.5084934,-1.3385825,3.5929284,-0.34808096,-16731116
4,3,5,36,"null","null","null",19,8.889539,1.5297059,-2.753828,3.3160458,-0.5755017,-16731116
5,4,6,29,"null","null","null",16,8.582088,0.33848423,-3.4974656,2.6208599,-0.9701315,-16731116
6,5,7,26,"null","null","null",12,8.582088,0.52359736,-3.4058833,2.0181627,-2.5107431,-16731116
7,6,8,23,"null","null","null",10,5.6655126,0.65809256,-2.7521224,0.58309335,-3.49959,-16731116
8,7,9,22,"null","null","null",8,4.3599453,2.0156643,-2.136552,0.46288642,-3.6629975,-16731116
9,8,10,21,"null","null","null",7,2.9611826,3.1657753,-1.1971738,0.6376139,-3.1602,-16731116
10,9,11,18,"null","null","null",6,2.5483055,3.5147946,-0.39551952,1.6992477,-2.5264733,-16731116
11,10,12,15,"null","null","null",4,2.076638,3.0981061,-0.6042896,3.0449004,-1.4209359,-16731116
12,11,13,14,"null","null","null",2,0.99255085,2.3612065,-0.66192436,3.6646938,-0.3238832,-16731116
15,11,16,17,"null","null","null",2,0.787263,2.7385035,-1.3026721,0.30320185,-3.2226908,-16731116
18,10,19,20,"null","null","null",2,1.2684808,0.9094058,-2.190555,0.63667846,-3.8270524,-16731116
23,7,24,25,"null","null","null",2,0.18371266,0.86650467,-3.439228,2.4198787,-0.383396,-16731116
26,6,27,28,"null","null","null",2,2.3734908,1.7788329,-1.9610553,3.6551342,-0.40147778,-12486656
29,5,30,35,"null","null","null",4,4.8093734,2.361207,-1.1773386,3.4240797,-0.79509366,-16731116
30,29,31,34,"null","null","null",3,3.203935,1.7788329,-2.627277,3.1628647,-0.55929935,-16731116
31,30,32,33,"null","null","null",2,2.2354677,0.6411255,-3.439228,2.4198787,-0.6642306,-16731116
36,4,37,40,"null","null","null",3,5.6392174,3.0981069,-0.27500144,3.0448952,-1.5045791,-12486656
37,36,38,39,"null","null","null",2,2.4883342,2.361207,-0.6619245,3.6646912,-0.32388222,-16731116
41,3,42,55,"null","null","null",9,7.051695,3.5147934,-0.705258,1.5568674,-2.526476,-16731116
42,41,43,50,"null","null","null",7,5.2196226,3.0981069,-0.60428905,2.8598094,-1.3321626,-16731116
43,42,44,49,"null","null","null",4,3.504128,2.361207,-1.1773386,3.4240797,-0.32388222,-16731116
44,43,45,48,"null","null","null",3,1.6112634,1.7788329,-2.627277,3.1628647,-0.55929935,-16731116
45,44,46,47,"null","null","null",2,1.3831564,0.6411255,-3.439228,2.4198787,-0.6642306,-16731116
50,42,51,54,"null","null","null",3,2.6482692,3.2790875,-1.3026766,0.3032013,-3.022943,-16731116
51,50,52,53,"null","null","null",2,1.6660209,3.7626112,-0.37199104,0.6527469,-2.3134398,-16731116
55,41,56,57,"null","null","null",2,2.2829523,0.9093985,-2.1905575,0.6366799,-3.827052,-16731116
58,2,59,62,"null","null","null",4,5.8113627,3.3814778,-1.0121977,0.3171621,-2.9699712,-16731116
59,58,60,61,"null","null","null",2,2.3642566,3.7952118,-0.3955186,0.6459114,-2.2791743,-16731116
62,58,63,64,"null","null","null",2,2.188135,0.34452996,-2.8544092,0.97917,-3.1268048,-16731116
65,1,66,89,"null","null","null",19,8.21192,2.0156581,-2.1562362,0.6001805,-3.5845203,-16731116
66,65,67,88,"null","null","null",12,7.626448,3.1657712,-1.1971784,0.6376136,-3.0581813,-16731116
67,66,68,81,"null","null","null",11,7.626448,3.5147934,-0.3955186,1.5568674,-2.3938475,-16731116
68,67,69,76,"null","null","null",7,5.9637213,3.0981069,-0.60428905,2.8598094,-1.3321626,-16731116
69,68,70,75,"null","null","null",4,4.5796533,2.361207,-1.1773386,3.4240797,-0.32388222,-16731116
70,69,71,74,"null","null","null",3,3.988034,1.7788329,-2.627277,3.1628647,-0.55929935,-16731116
71,70,72,73,"null","null","null",2,1.1806047,0.6411255,-3.439228,2.4198787,-0.6642306,-16731116
76,68,77,80,"null","null","null",3,1.8171967,3.2790875,-1.3026766,0.3032013,-3.022943,-16731116
77,76,78,79,"null","null","null",2,0.3021618,3.7626112,-0.37199104,0.6527469,-2.3134398,-16731116
81,67,82,87,"null","null","null",4,3.8700614,2.0262897,-2.1905575,0.6366799,-3.5286388,-16731116
82,81,83,86,"null","null","null",3,2.830346,3.2790875,-1.3026766,0.6278834,-3.022943,-16731116
83,82,84,85,"null","null","null",2,1.2178799,3.7626112,-0.37199104,0.6527469,-2.3134398,-16731116
89,65,90,101,"null","null","null",7,4.942234,0.52348095,-3.4551694,2.0102258,-2.296084,-16731116
90,89,91,100,"null","null","null",6,3.84442,0.652748,-2.834296,0.97917,-3.3252778,-16731116
91,90,92,99,"null","null","null",5,3.4907174,2.0426931,-2.1905575,0.4410556,-3.5286388,-16731116
92,91,93,98,"null","null","null",4,2.0666366,3.300412,-1.3026766,0.6278834,-3.022943,-16731116
93,92,94,97,"null","null","null",3,1.752178,3.790333,-0.37199104,1.0472718,-2.3134398,-16731116
94,93,95,96,"null","null","null",2,1.752178,3.5116968,-0.5905179,2.2880588,-1.6001878,-16731116
102,0,103,106,"null","null","null",3,11.277349,0.35782912,-2.7521262,0.9025978,-3.6251016,-16731116
103,102,104,105,"null","null","null",2,3.6527572,1.0880251,-2.1365547,0.46288556,-3.8261662,-12486656
