index,parent,child1,child2,name1,name2,common,richness,lengthbr,hxmax,hxmin,hymax,hymin,color
0,-268077978,1,44,"null","null","null",43,32.030594,3.6272292,-0.41856992,1.8281087,-2.3712356,-16777216
1,0,2,29,"null","null","null",22,32.030594,3.1946921,-0.6167604,3.1184037,-1.3110055,-16777216
2,1,3,20,"null","null","null",14,32.030594,2.5084949,-1.3385797,3.6562047,-0.34808034,-16777216
3,2,4,17,"null","null","null",9,32.030594,1.6749347,-2.7538266,3.3983068,-0.5755013,-16777216
4,3,5,14,"null","null","null",7,32.030594,0.3384863,-3.4974663,2.7277992,-1.0443957,-16777216
5,4,6,11,"null","null","null",5,32.030594,0.5235969,-3.405886,2.018165,-2.6072884,-16777216
6,5,7,10,"null","null","null",3,32.030594,0.65809244,-2.7521262,0.8675197,-3.6251016,-16777216
7,6,8,9,"null","null","null",2,32.030594,1.0880251,-2.1365547,0.46288556,-3.8261662,-16777216
11,5,12,13,"null","null","null",2,32.030594,1.7788337,-1.9610533,3.6551347,-0.40147883,-16777216
14,4,15,16,"null","null","null",2,32.030594,2.361208,-0.4184213,3.6646907,-0.79509425,-16777216
17,3,18,19,"null","null","null",2,32.030594,3.4248672,-0.27500108,2.4441621,-1.5045799,-16777216
20,2,21,26,"null","null","null",5,32.030594,3.5147936,-0.70525885,1.6992391,-2.5264764,-16777216
21,20,22,25,"null","null","null",3,32.030594,3.0981078,-0.60428894,3.0448937,-1.5045799,-16777216
22,21,23,24,"null","null","null",2,32.030594,2.361208,-0.6619245,3.6646907,-0.32388195,-16777216
26,20,27,28,"null","null","null",2,32.030594,0.9093993,-2.1905572,0.63668036,-3.8270524,-16777216
29,1,30,43,"null","null","null",8,32.030594,3.1657705,-1.1971791,0.31716174,-3.160204,-16777216
30,29,31,40,"null","null","null",7,32.030594,3.5147936,-0.39551836,1.556866,-2.5264764,-16777216
31,30,32,39,"null","null","null",5,32.030594,3.0981078,-0.60428894,2.8598087,-1.5045799,-16777216
32,31,33,38,"null","null","null",4,32.030594,2.361208,-1.1773367,3.4240801,-0.32388195,-16777216
33,32,34,37,"null","null","null",3,32.030594,1.7788337,-2.6272755,3.162866,-0.55929923,-16777216
34,33,35,36,"null","null","null",2,32.030594,0.64112616,-3.439227,2.4198804,-0.6642306,-16777216
40,30,41,42,"null","null","null",2,32.030594,0.9093993,-2.1905572,0.63668036,-3.8270524,-16777216
44,0,45,66,"null","null","null",21,32.030594,2.0156565,-2.2078679,0.6001814,-3.62493,-16777216
45,44,46,59,"null","null","null",11,32.030594,3.1657705,-1.0032592,0.6376135,-3.1107142,-16777216
46,45,47,54,"null","null","null",7,32.030594,3.5147936,-0.39551836,1.7809302,-2.4621396,-16777216
47,46,48,53,"null","null","null",4,32.030594,3.0981078,-0.60428894,3.151092,-1.5045799,-16777216
48,47,49,52,"null","null","null",3,32.030594,2.361208,-0.66485816,3.8027484,-0.32388195,-16777216
49,48,50,51,"null","null","null",2,32.030594,1.7788337,-1.9610533,3.6551347,-0.55929923,-16777216
54,46,55,58,"null","null","null",3,32.030594,1.6104523,-2.1905572,0.63668036,-3.6822944,-16777216
55,54,56,57,"null","null","null",2,32.030594,2.7384984,-1.3026757,0.62788343,-3.2226949,-16777216
59,45,60,65,"null","null","null",4,32.030594,0.3445298,-2.8342955,0.9791695,-3.4434745,-16777216
60,59,61,64,"null","null","null",3,32.030594,1.6104523,-2.1905572,0.4410557,-3.6822944,-16777216
61,60,62,63,"null","null","null",2,32.030594,2.7384984,-1.3026757,0.62788343,-3.2226949,-16777216
66,44,67,82,"null","null","null",10,32.030594,0.52348137,-3.5713391,2.1206813,-2.2960832,-16777216
67,66,68,81,"null","null","null",8,32.030594,0.65274787,-2.985317,0.9791695,-3.3252783,-16777216
68,67,69,78,"null","null","null",7,32.030594,2.0426936,-2.3868852,0.4410557,-3.528639,-16777216
69,68,70,75,"null","null","null",5,32.030594,3.3004122,-1.1514412,0.62788343,-3.022943,-16777216
70,69,71,74,"null","null","null",3,32.030594,3.7903328,-0.37199116,1.047273,-2.31344,-16777216
71,70,72,73,"null","null","null",2,32.030594,3.5116963,-0.590518,2.2880597,-1.6001872,-16777216
75,69,76,77,"null","null","null",2,32.030594,0.33095643,-2.9852262,1.089199,-3.005175,-16777216
78,68,79,80,"null","null","null",2,32.030594,0.56239784,-3.814066,2.0763643,-1.2662452,-16777216
82,66,83,84,"null","null","null",2,32.030594,1.8611672,-1.7914393,3.7111776,-0.44286263,-16777216
