index,parent,child1,child2,name1,name2,common,richness,lengthbr,hxmax,hxmin,hymax,hymin,color
0,-268128253,1,36,"null","null","null",23,49.0,0.401482,-3.3609893,1.7338068,-2.7222097,-8572416
1,0,2,25,"null","null","null",18,39.300003,0.7517934,-2.677441,0.57826155,-3.5626497,-8572416
2,1,3,24,"null","null","null",12,35.5,2.2960765,-2.01023,0.50423664,-3.571342,-8572416
3,2,4,19,"","null","Water Skinks",11,31.0,3.325275,-0.7673116,0.6527476,-2.9853218,-8572416
4,3,5,16,"null","null","null",8,31.0,3.5286393,-0.44105458,1.864401,-2.3868887,-8572416
5,4,6,15,"null","null","null",6,31.0,3.0229454,-0.62788296,3.0686367,-1.3026809,-16777216
6,5,7,14,"null","null","null",5,22.5,2.3134418,-1.6418905,3.4890296,-0.37198997,-16777216
7,6,8,13,"null","null","null",4,19.400002,1.6001918,-3.0610669,3.1200051,-0.5905173,-16777216
8,7,9,12,"null","null","null",3,17.2,0.4136008,-3.7909288,2.3745222,-0.66423035,-16777216
9,8,10,11,"null","null","null",2,14.0,0.5419743,-3.711179,1.8611686,-1.7914356,-16777216
16,4,17,18,"null","null","null",2,31.0,1.2662363,-2.0763676,0.56239974,-3.8140664,-8572416
19,3,20,23,"null","null","null",3,31.0,0.37080073,-2.6608262,0.8857578,-3.6840568,-8572416
20,19,21,22,"null","null","null",2,31.0,1.2662363,-2.0763676,0.48397315,-3.8140664,-8572416
25,1,26,31,"null","null","null",6,31.800001,0.82108605,-3.455818,2.7422638,-0.9977351,-16777216
26,25,27,30,"null","null","null",3,30.9,0.5419738,-3.2755368,1.8611706,-2.4725354,-16777216
27,26,28,29,"null","null","null",2,30.9,0.66192484,-2.5711837,0.7546954,-3.3442564,-16777216
31,25,32,35,"null","null","null",3,31.6,2.3408217,-0.85624695,3.8025503,-0.7670531,-16777216
32,31,33,34,"null","null","null",2,13.9,1.6917326,-2.1267982,3.5885592,-0.57550055,-16777216
36,0,37,44,"null","null","null",5,15.3,1.600195,-3.061063,3.3743343,-0.31738296,-16777216
37,36,38,41,"null","null","null",4,15.3,0.29948863,-3.7909272,2.7051501,-0.66423047,-16777216
38,37,39,40,"null","null","null",2,15.3,0.5419736,-3.7111802,1.8611718,-1.7914302,-16777216
41,37,42,43,"null","null","null",2,15.3,2.3408222,-0.4290232,3.7190425,-0.7670536,-16777216
