index,parent,child1,child2,name1,name2,common,richness,lengthbr,hxmax,hxmin,hymax,hymin,color
0,-268200848,1,48,"Cotingidae","null","Cotingas",31,20.447964,2.4557223,-1.5005829,3.7066278,-0.7370672,-16731116
1,0,2,43,"null","null","null",24,17.546923,1.4333808,-2.8773644,3.4028807,-0.5905177,-16731116
2,1,3,38,"null","null","null",21,13.816542,0.29949018,-3.5521123,2.742261,-1.1122098,-16731116
3,2,4,37,"null","null","null",18,13.06555,0.54197484,-3.4007156,1.8611662,-2.6213484,-16731116
4,3,5,24,"","null","Becards",17,11.484436,0.661925,-2.7339156,0.6720401,-3.5377076,-16731116
5,4,6,17,"null","null","null",10,9.087765,2.1597397,-2.0607436,0.483974,-3.6238089,-16731116
6,5,7,16,"null","null","null",6,4.213782,3.25143,-1.0892006,0.64591265,-3.0781698,-16731116
7,6,8,13,"null","null","null",5,2.295509,3.5280137,-0.41857052,1.8652972,-2.4606724,-16731116
8,7,9,12,"null","null","null",3,1.0064201,3.0657108,-0.6167606,3.1667461,-1.4052775,-12486656
9,8,10,11,"null","null","null",2,0.5629291,2.3408198,-0.65809166,3.719047,-0.34808096,-12486656
13,7,14,15,"null","null","null",2,1.0307972,1.0880251,-2.1365547,0.6001805,-3.8261662,-16731116
17,5,18,23,"null","null","null",4,4.4502454,0.48358327,-3.405886,1.9383984,-2.6072884,-16731116
18,17,19,22,"null","null","null",3,2.7575653,0.65809244,-2.7521262,0.8675197,-3.6251016,-16731116
19,18,20,21,"null","null","null",2,1.0316793,1.0880251,-2.1365547,0.46288556,-3.8261662,-16731116
24,4,25,32,"null","null","null",7,9.087876,0.8449197,-3.4974663,2.7891583,-1.0443957,-16731116
25,24,26,31,"null","null","null",4,5.419931,0.5235969,-3.405886,1.9383984,-2.6072884,-16731116
26,25,27,30,"null","null","null",3,4.601604,0.65809244,-2.7521262,0.8675197,-3.6251016,-16731116
27,26,28,29,"null","null","null",2,3.0484614,1.0880251,-2.1365547,0.46288556,-3.8261662,-16731116
32,24,33,36,"null","null","null",3,4.611626,2.361208,-0.66485816,3.8027484,-0.79509425,-16731116
33,32,34,35,"null","null","null",2,1.2301251,1.7788337,-1.9610533,3.6551347,-0.55929923,-16731116
38,2,39,42,"","null","Tityras",3,10.6638565,2.3408206,-0.85626006,3.8025498,-0.76705146,-16731116
39,38,40,41,"null","null","null",2,3.2984867,1.6917262,-2.1268098,3.5885544,-0.57550156,-16731116
43,1,44,47,"","null","Purpletufts",3,5.78877,3.0657115,-0.28912896,3.1667447,-1.4052784,-16731116
44,43,45,46,"null","null","null",2,3.8325438,2.3408206,-0.65809166,3.7190466,-0.34808072,-16731116
48,0,49,56,"null","null","null",7,14.70859,3.528014,-0.6717526,1.8652952,-2.3703585,-16731116
49,48,50,53,"null","null","null",4,11.810711,3.0657115,-0.61676055,3.1667447,-1.2878697,-16731116
50,49,51,52,"null","null","null",2,4.369837,2.3408206,-0.65809166,3.7190466,-0.34808072,-16731116
53,49,54,55,"null","null","null",2,3.1503484,2.8755677,-1.1971774,0.31716195,-3.108151,-16731116
56,48,57,60,"","null","Schiffornis",3,10.035894,1.7924247,-2.1365545,0.60018086,-3.6229587,-16731116
57,56,58,59,"null","null","null",2,4.940268,2.8755677,-1.1971774,0.63761365,-3.108151,-16731116
