index,parent,child1,child2,name1,name2,common,richness,lengthbr,hxmax,hxmin,hymax,hymin,color
0,-268371889,1,52,"Laniidae","null","Shrikes",29,14.804089,1.5297087,-2.8080366,3.1497989,-0.5755012,-16731116
1,0,2,51,"null","null","null",26,11.516783,0.5272817,-3.5679398,2.4047387,-0.9701271,-16731116
2,1,3,32,"null","null","null",25,10.702291,0.5235968,-3.4975019,1.8765858,-2.5107396,-16731116
3,2,4,27,"null","null","null",15,9.933184,0.6580924,-2.8712268,0.6457026,-3.4995887,-16731116
4,3,5,18,"null","null","null",12,9.342298,2.0156596,-2.156235,0.46288577,-3.6629987,-16731116
5,4,6,17,"null","null","null",7,6.9699945,3.1657724,-1.1971772,0.63761365,-3.1602027,-16731116
6,5,7,14,"null","null","null",6,5.4204273,3.5147939,-0.39551884,1.780933,-2.5264754,-16731116
7,6,8,13,"null","null","null",4,3.2162454,3.0981069,-0.6042892,3.151094,-1.5045781,-16731116
8,7,9,12,"null","null","null",3,1.9310102,2.361207,-0.6648622,3.8027487,-0.32388246,-16731116
9,8,10,11,"null","null","null",2,1.5101099,1.7788317,-1.9610568,3.6551337,-0.5592996,-16731116
14,6,15,16,"null","null","null",2,2.4455574,0.90940034,-2.1905565,0.63667953,-3.8270526,-16731116
18,4,19,24,"null","null","null",5,8.207408,0.52348053,-3.4551682,2.1206808,-2.4726603,-16731116
19,18,20,23,"null","null","null",3,5.238912,0.6527479,-2.8342948,0.9791694,-3.5548277,-16731116
20,19,21,22,"null","null","null",2,5.144074,0.90940034,-2.1905565,0.44105583,-3.8270526,-16731116
24,18,25,26,"null","null","null",2,5.3085194,1.8611674,-1.7914399,3.711177,-0.4428624,-16731116
27,3,28,31,"null","null","null",3,5.3574595,0.86650527,-3.7314665,2.5607443,-0.38339564,-16731116
28,27,29,30,"null","null","null",2,3.2079155,0.5042378,-3.7907991,2.010226,-1.4433506,-16731116
32,2,33,46,"null","null","null",10,8.972532,1.6207669,-2.6534753,3.3365808,-0.40147904,-16731116
33,32,34,45,"null","null","null",7,4.112485,0.641129,-3.473289,2.6457095,-0.82174075,-16731116
34,33,35,42,"null","null","null",6,3.2790732,0.5042378,-3.4551682,2.1206808,-2.3870044,-12486656
35,34,36,41,"null","null","null",4,2.210476,0.6527479,-2.8342948,0.9791694,-3.443475,-12486656
36,35,37,40,"null","null","null",3,1.5561016,1.6104532,-2.1905565,0.44105583,-3.6822941,-12486656
37,36,38,39,"null","null","null",2,1.3773462,2.7384992,-1.3026755,0.6278835,-3.2226942,-16731116
42,34,43,44,"null","null","null",2,1.7878637,1.8611674,-1.7914399,3.711177,-0.4428624,-12486656
46,32,47,50,"null","null","null",3,5.2189865,3.1200044,-0.3173806,2.9140122,-1.6001905,-16731116
47,46,48,49,"null","null","null",2,3.3072913,2.3745215,-0.66423035,3.5997562,-0.41359985,-16731116
52,0,53,56,"null","null","null",3,4.763531,3.0981078,-0.27500102,3.0448914,-1.5045819,-16731116
53,52,54,55,"null","null","null",2,2.2840269,2.3612075,-0.66192454,3.6646893,-0.32388148,-16731116
