index,parent,child1,child2,name1,name2,common,richness,lengthbr,hxmax,hxmin,hymax,hymin,color
0,-268162991,1,88,"null","null","null",89,25.900002,2.345892,-2.023679,0.50423634,-3.486683,-16731116
1,0,2,85,"null","null","null",44,25.900002,3.3900363,-0.72747266,0.6527475,-2.8752651,-16731116
2,1,3,62,"null","null","null",42,25.900002,3.6128306,-0.44105422,1.938422,-2.2438145,-16731116
3,2,4,53,"null","null","null",30,25.9,3.1323948,-0.6278828,3.1648655,-1.192757,-16731116
4,3,5,36,"","some","Pipistrelles",25,16.0,2.4557252,-1.5127412,3.6141288,-0.3719896,-16731116
5,4,6,29,"null","null","null",16,14.0,1.4333854,-2.8931744,3.282635,-0.59051704,-16731116
6,5,7,22,"null","null","null",12,9.2,0.29948908,-3.57267,2.5859408,-1.0522747,-16731116
7,6,8,21,"null","null","null",8,7.9,0.541974,-3.427444,1.8611698,-2.543436,-16731116
8,7,9,18,"null","null","null",7,7.8,0.7291248,-2.768663,0.49050963,-3.4364262,-16731116
9,8,10,15,"null","null","null",5,7.8,2.3305678,-2.216556,0.48397338,-3.4921455,-16731116
10,9,11,14,"null","null","null",3,7.8,3.4735096,-1.0892038,0.6459124,-2.9070082,-16731116
11,10,12,13,"null","null","null",2,7.8,3.8167202,-0.4185698,0.73106515,-2.238161,-16731116
15,9,16,17,"null","null","null",2,7.8,0.48358452,-3.7564592,1.9384005,-1.6186413,-16731116
18,8,19,20,"null","null","null",2,7.8,0.8449204,-3.5245008,2.3807096,-0.39556158,-16731116
22,6,23,28,"null","null","null",4,6.6,2.3408217,-1.3545724,3.4508247,-0.76705277,-16731116
23,22,24,27,"null","null","null",3,6.6,1.6917303,-2.7746198,3.1313148,-0.57550085,-16731116
24,23,25,26,"null","null","null",2,3.1,0.5272839,-3.5245008,2.3807096,-0.665,-16731116
29,5,30,33,"null","null","null",4,12.7,3.0657134,-0.2891283,3.1667395,-1.2878759,-16731116
30,29,31,32,"null","null","null",2,12.7,2.3408217,-0.6580919,3.7190442,-0.34807962,-16731116
33,29,34,35,"null","null","null",2,4.6,2.8755617,-1.1971824,0.31716132,-3.1081567,-16731116
36,4,37,50,"null","null","null",9,16.0,3.5280137,-0.6717541,1.7316403,-2.4606762,-16731116
37,36,38,49,"null","null","null",7,12.4,3.0657134,-0.61676,2.9929976,-1.405283,-16731116
38,37,39,48,"null","null","null",6,12.4,2.3408217,-1.4981438,3.4931798,-0.34807962,-16731116
39,38,40,45,"null","null","null",5,12.4,1.6749383,-2.9612625,3.1863766,-0.57550085,-12486656
40,39,41,44,"null","null","null",3,12.4,0.5272839,-3.767136,2.4522898,-0.665,-16731116
41,40,42,43,"null","null","null",2,4.1,0.52359635,-3.7564592,1.9384005,-1.6186413,-16731116
45,39,46,47,"null","null","null",2,12.4,3.4248698,-0.27500066,2.4441574,-1.5045828,-8572416
50,36,51,52,"null","null","null",2,4.4,1.0880178,-2.136557,0.60018253,-3.8261664,-16731116
53,3,54,61,"null","null","null",5,12.0,3.4068682,-1.0892061,0.33095554,-3.0781746,-16731116
54,53,55,58,"Scotorepens","some","Broad-nosed Bats",4,9.8,3.7300887,-0.41856924,1.4251035,-2.4606762,-16731116
55,54,56,57,"null","null","null",2,4.5,3.3284109,-0.61676,2.5944998,-1.405283,-16731116
58,54,59,60,"null","null","null",2,4.5,1.0880178,-2.136557,0.60018253,-3.8261664,-16731116
62,2,63,82,"null","null","null",12,25.900002,2.159732,-2.216558,0.56240034,-3.4921465,-16731116
63,62,64,75,"null","null","null",10,25.900002,3.2514257,-0.8866538,0.64591223,-2.90701,-16731116
64,63,65,74,"Histiotus","null","null",6,13.299999,3.5280137,-0.41856924,1.9146993,-2.2381625,-16731116
65,64,66,71,"null","null","null",5,13.299999,3.0657134,-0.61676,3.2309744,-1.2878759,-16731116
66,65,67,70,"null","null","null",3,13.299999,2.3408217,-0.8562515,3.8025498,-0.34807962,-16731116
67,66,68,69,"null","null","null",2,4.9,1.6917303,-2.1268024,3.5885572,-0.57550085,-16731116
71,65,72,73,"null","null","null",2,4.9,2.8755617,-1.1971824,0.31716132,-3.1081567,-16731116
75,63,76,81,"null","null","null",4,10.3,0.3578284,-2.7521296,0.90259874,-3.4687877,-16731116
76,75,77,80,"null","null","null",3,10.3,1.7924167,-2.136557,0.46288466,-3.622962,-12486656
77,76,78,79,"null","null","null",2,10.3,2.8755617,-1.1971824,0.6376132,-3.1081567,-11184866
82,62,83,84,"null","null","null",2,5.2,0.48358554,-3.7564592,1.9384025,-1.6186383,-16731116
85,1,86,87,"null","null","null",2,25.9,0.37080052,-2.5711858,0.88575804,-3.344255,-16731116
88,0,89,152,"null","null","null",45,25.900002,0.4428653,-3.4929109,1.8458424,-2.5434332,-16731116
89,88,90,147,"null","null","null",32,25.900002,0.6764376,-2.85377,0.52232623,-3.4364252,-16731116
90,89,91,142,"null","null","null",29,25.900002,2.2620761,-2.0484705,0.48397285,-3.4921465,-16731116
91,90,92,121,"null","null","null",26,25.9,3.3844728,-0.8866538,0.64591223,-2.90701,-16731116
92,91,93,120,"Lasiurus","null","null",15,11.2,3.700975,-0.41856924,1.8495879,-2.2381625,-16731116
93,92,94,113,"null","null","null",14,11.2,3.290563,-0.61676,3.1463294,-1.2264614,-16731116
94,93,95,110,"null","null","null",10,8.4,2.6331265,-1.3385757,3.692511,-0.34807962,-16731116
95,94,96,109,"null","null","null",8,5.0,1.6917303,-2.753824,3.4455068,-0.57550085,-16731116
96,95,97,104,"null","null","null",7,4.8,0.33848858,-3.497466,2.7891593,-1.0443912,-16731116
97,96,98,103,"null","null","null",4,4.8,0.52359635,-3.405888,1.9384005,-2.6072845,-12486656
98,97,99,102,"null","null","null",3,4.8,0.65809226,-2.752129,0.8675231,-3.6250997,-16731116
99,98,100,101,"null","null","null",2,4.8,1.0880196,-2.1365566,0.4628849,-3.8261666,-16731116
104,96,105,108,"null","null","null",3,4.8,2.3612084,-0.66485244,3.8027482,-0.7950951,-16731116
105,104,106,107,"null","null","null",2,4.8,1.7788361,-1.9610482,3.6551366,-0.55929875,-16731116
110,94,111,112,"null","null","null",2,8.4,3.7952108,-0.70525986,0.5537342,-2.2791765,-16731116
113,93,114,117,"null","null","null",4,8.4,3.381474,-1.0122025,0.31716132,-2.969974,-16731116
114,113,115,116,"null","null","null",2,3.9,3.7952108,-0.39551765,0.64591175,-2.2791765,-12486656
117,113,118,119,"null","null","null",2,3.9,0.34452942,-2.8544126,0.9791729,-3.126802,-16731116
121,91,122,141,"null","null","null",11,25.9,0.44187784,-2.7521296,0.90259874,-3.4995866,-16731116
122,121,123,140,"null","null","null",10,14.7,2.0156527,-2.136557,0.46288466,-3.6630003,-16731116
123,122,124,137,"Nyctophilus","some","Long-eared Bats",9,7.1,3.1657681,-1.0122025,0.6376132,-3.1602066,-16731116
124,123,125,134,"null","null","null",7,7.1,3.5147932,-0.39551765,1.7809258,-2.5264785,-16731116
125,124,126,131,"null","null","null",5,7.1,3.0981088,-0.6042886,3.1510894,-1.420946,-16731116
126,125,127,130,"null","null","null",3,7.1,2.3612084,-0.66485244,3.8027482,-0.32388124,-16731116
127,126,128,129,"null","null","null",2,3.5,1.7788361,-1.9610482,3.6551366,-0.55929875,-16731116
131,125,132,133,"null","null","null",2,7.1,2.7384944,-1.3026788,0.30320072,-3.2226982,-16731116
134,124,135,136,"null","null","null",2,7.1,0.9093939,-2.190559,0.63668144,-3.827052,-16731116
137,123,138,139,"null","null","null",2,7.1,0.34452942,-2.8544126,0.9791729,-3.126802,-11513776
142,90,143,146,"Arielulus","null","null",3,8.2,0.48358554,-3.378262,1.9384025,-2.3110356,-12486656
143,142,144,145,"null","null","null",2,8.2,0.65809214,-2.716216,0.86752415,-3.2399788,-16731116
147,89,148,151,"null","null","null",3,8.2,0.844921,-3.7671347,2.4522927,-0.39556128,-16731116
148,147,149,150,"null","null","null",2,8.2,0.5235958,-3.7564592,1.9384025,-1.6186383,-16731116
152,88,153,172,"null","null","null",13,25.900002,1.5297143,-2.7538197,3.4455087,-0.35959932,-16731116
153,152,154,167,"null","null","null",10,11.3,0.33849168,-3.4974644,2.7891612,-1.0443852,-16731116
154,153,155,162,"null","null","null",7,10.6,0.5235956,-3.405889,1.799389,-2.60728,-16731116
155,154,156,159,"null","null","null",4,10.6,0.6580921,-2.7521312,0.5831063,-3.625098,-16731116
156,155,157,158,"null","null","null",2,4.0,1.0880151,-2.136558,0.46288437,-3.8261666,-16731116
159,155,160,161,"null","null","null",2,4.0,0.8665067,-3.4392211,2.4198914,-0.38339484,-16777216
162,154,163,166,"null","null","null",3,10.6,1.7788403,-2.6272633,3.1628761,-0.4014818,-16777216
163,162,164,165,"null","null","null",2,10.6,0.6411363,-3.4392195,2.4198937,-0.66423047,-16777216
167,153,168,171,"null","null","null",3,6.9,2.361209,-0.6648422,3.8027482,-0.79509616,-16777216
168,167,169,170,"null","null","null",2,6.9,1.7788409,-1.9610388,3.6551402,-0.5592979,-16777216
172,152,173,176,"null","null","null",3,8.2,3.0981097,-0.27500018,3.0448842,-1.5045869,-16777216
173,172,174,175,"null","null","null",2,4.9,2.361209,-0.6619247,3.6646857,-0.32388026,-16777216
