index,parent,child1,child2,name1,name2,common,richness,lengthbr,hxmax,hxmin,hymax,hymin,color
0,-268059583,1,28,"null","null","null",21,11.9,2.1597278,-2.0607517,0.48397225,-3.5424194,-16731116
1,0,2,19,"null","null","null",14,11.9,3.2514234,-0.8866574,0.645912,-2.9723659,-12486656
2,1,3,12,"null","null","null",9,11.9,3.5280132,-0.41856855,1.9146957,-2.3231235,-12486656
3,2,4,9,"null","null","null",5,11.9,3.0657144,-0.61675966,3.2309725,-1.28788,-12486656
4,3,5,8,"null","null","null",3,11.9,2.3408225,-0.8562454,3.8025503,-0.34807888,-16731116
5,4,6,7,"null","null","null",2,11.9,1.691733,-2.1267972,3.5885596,-0.57550037,-16731116
9,3,10,11,"null","null","null",2,11.9,2.875558,-1.1971854,0.3171609,-3.10816,-11184866
12,2,13,18,"null","null","null",4,11.9,2.1815753,-2.1365585,0.6001837,-3.5166683,-12486656
13,12,14,17,"null","null","null",3,11.9,3.381471,-1.1971854,0.63761294,-2.969976,-12486656
14,13,15,16,"null","null","null",2,11.9,3.7952101,-0.39551693,0.64591193,-2.2791777,-12486656
19,1,20,25,"null","null","null",5,11.9,0.35782802,-2.7521324,0.9025992,-3.4687867,-16731116
20,19,21,24,"null","null","null",3,11.9,1.7924114,-2.1365585,0.462884,-3.6229634,-16731116
21,20,22,23,"null","null","null",2,11.9,2.875558,-1.1971854,0.63761294,-3.10816,-12486656
25,19,26,27,"null","null","null",2,11.9,0.86650693,-3.4392195,2.4198937,-0.38339463,-16731116
28,0,29,36,"null","null","null",7,11.9,0.48358673,-3.4058897,1.799391,-2.487039,-16731116
29,28,30,35,"null","null","null",4,11.9,0.658092,-2.7521324,0.8675277,-3.4687867,-16731116
30,29,31,34,"null","null","null",3,11.9,1.7924114,-2.1365585,0.462884,-3.6229634,-16731116
31,30,32,33,"null","null","null",2,11.9,2.875558,-1.1971854,0.63761294,-3.10816,-16731116
36,28,37,40,"null","null","null",3,11.9,1.7788415,-2.627261,3.162878,-0.40148243,-16731116
37,36,38,39,"null","null","null",2,11.9,0.6411381,-3.439218,2.4198961,-0.66423047,-16731116
