index,parent,child1,child2,name1,name2,common,richness,lengthbr,hxmax,hxmin,hymax,hymin,color
0,-268301307,1,196,"null","null","null",183,52.59404,3.6659722,-0.63668156,1.9703859,-2.2788086,-11184866
1,0,2,171,"null","null","null",98,52.59404,3.2014773,-0.6278831,3.2064157,-1.1457258,-11184866
2,1,3,164,"null","null","null",85,52.59404,2.5455337,-1.5005803,3.668141,-0.37199032,-11184866
3,2,4,123,"null","null","null",81,52.59404,1.5333152,-2.8773625,3.352849,-0.59051746,-11184866
4,3,5,108,"null","null","null",60,52.59404,0.38599122,-3.5521114,2.6772194,-1.0751604,-11184866
5,4,6,101,"null","null","null",52,52.59404,0.54197454,-3.4007154,1.7306666,-2.5731852,-11184866
6,5,7,88,"null","null","null",48,52.59404,0.66192496,-2.7339156,0.64476943,-3.475097,-11184866
7,6,8,83,"null","null","null",41,31.62499,2.1597397,-2.0484648,0.483974,-3.5424151,-11184866
8,7,9,46,"null","null","null",38,31.62499,3.25143,-0.8866478,0.64591265,-2.9723577,-11184866
9,8,10,31,"null","null","null",19,31.62499,3.5280137,-0.41857052,1.7316476,-2.3231168,-11184866
10,9,11,22,"null","null","null",11,31.62499,3.0657108,-0.6167606,2.9930017,-1.2264555,-11184866
11,10,12,21,"null","null","null",6,31.62499,2.3408198,-1.3260071,3.4931793,-0.34808096,-11184866
12,11,13,20,"null","null","null",5,31.62499,1.6917254,-2.73748,3.1863718,-0.5755017,-11184866
13,12,14,19,"null","null","null",4,31.62499,0.5272785,-3.476213,2.4522836,-0.8165206,-8572416
14,13,15,18,"null","null","null",3,31.62499,0.52359736,-3.3782544,1.9383965,-2.311049,-8572416
15,14,16,17,"null","null","null",2,31.62499,0.65809256,-2.7162046,0.8675156,-3.2399876,-11184866
22,10,23,30,"null","null","null",5,31.62499,3.1657712,-1.1971784,0.3171621,-2.9699712,-11184866
23,22,24,29,"null","null","null",4,31.62499,3.5147934,-0.3955186,1.6992409,-2.2791743,-11184866
24,23,25,28,"null","null","null",3,31.62499,3.0981069,-0.60428905,3.0448952,-1.5045791,-8572416
25,24,26,27,"null","null","null",2,31.62499,2.361207,-0.6619245,3.6646912,-0.32388222,-8572416
31,9,32,39,"null","null","null",8,31.62499,2.1815863,-2.1562362,0.6001805,-3.5166664,-11184866
32,31,33,36,"null","null","null",4,31.62499,3.3814778,-1.0121977,0.6376136,-2.9699712,-12486656
33,32,34,35,"null","null","null",2,31.62499,3.7952118,-0.3955186,0.6459114,-2.2791743,-16731116
36,32,37,38,"null","null","null",2,31.62499,0.34452996,-2.8544092,0.97917,-3.1268048,-11184866
39,31,40,45,"null","null","null",4,31.62499,0.52348095,-3.4551694,2.0102258,-2.4726596,-11184866
40,39,41,44,"null","null","null",3,31.62499,0.652748,-2.834296,0.97917,-3.5548263,-8572416
41,40,42,43,"null","null","null",2,31.62499,0.9093985,-2.1905575,0.4410556,-3.827052,-8572416
46,8,47,80,"null","null","null",19,31.62499,0.5260062,-2.7521262,0.9025978,-3.4392202,-11184866
47,46,48,79,"null","null","null",17,31.62499,2.1250174,-2.1365547,0.46288556,-3.5845203,-11184866
48,47,49,76,"null","null","null",16,31.62499,3.3079383,-1.0121977,0.6376136,-3.0581813,-11184866
49,48,50,67,"null","null","null",14,31.62499,3.6996105,-0.3955186,1.6061871,-2.3938475,-12486656
50,49,51,64,"null","null","null",9,31.62499,3.3383691,-0.60428905,2.923925,-1.4209412,-11184866
51,50,52,61,"null","null","null",7,31.62499,2.6735477,-1.2045348,3.50743,-0.32388222,-11184866
52,51,53,60,"null","null","null",5,31.62499,1.7788329,-2.662632,3.2712202,-0.55929935,-11184866
53,52,54,59,"null","null","null",4,31.62499,0.6411255,-3.4851897,2.5607407,-0.6642306,-11184866
54,53,55,58,"null","null","null",3,31.62499,0.50423837,-3.4706368,2.0102236,-2.1434178,-11184866
55,54,56,57,"null","null","null",2,31.62499,0.6527481,-2.8544035,0.979166,-3.1268096,-11184866
61,51,62,63,"null","null","null",2,31.62499,3.7626112,-0.7370663,0.43901888,-2.3134398,-12486656
64,50,65,66,"null","null","null",2,31.62499,2.7384977,-1.3026766,0.3032013,-3.222695,-16731116
67,49,68,73,"null","null","null",5,31.62499,2.0262897,-2.3868856,0.6366799,-3.5286388,-12486656
68,67,69,72,"null","null","null",3,31.62499,3.2790875,-1.3026766,0.6278834,-3.022943,-12486656
69,68,70,71,"null","null","null",2,31.62499,3.7626112,-0.37199104,0.6527469,-2.3134398,-12486656
73,67,74,75,"null","null","null",2,31.62499,0.562398,-3.8140666,2.0763648,-1.2662427,-12486656
76,48,77,78,"null","null","null",2,31.62499,0.34452996,-2.8544092,0.97917,-3.1268048,-3014646
80,46,81,82,"null","null","null",2,31.62499,0.8665055,-3.4392257,2.4198828,-0.3833955,-11184866
83,7,84,87,"null","null","null",3,31.62499,0.48358327,-3.3782585,1.9383984,-2.3110435,-8572416
84,83,85,86,"null","null","null",2,31.62499,0.65809244,-2.7162104,0.8675197,-3.239983,-8572416
88,6,89,98,"null","null","null",7,16.571482,0.8449197,-3.4974663,2.7277992,-1.0443957,-16777216
89,88,90,95,"null","null","null",5,16.571482,0.5235969,-3.405886,2.018165,-2.6072884,-16777216
90,89,91,94,"null","null","null",3,16.571482,0.65809244,-2.7521262,0.8675197,-3.6251016,-16777216
91,90,92,93,"null","null","null",2,16.571482,1.0880251,-2.1365547,0.46288556,-3.8261662,-16777216
95,89,96,97,"null","null","null",2,16.571482,1.7788337,-1.9610533,3.6551347,-0.40147883,-16777216
98,88,99,100,"null","null","null",2,16.571482,2.361208,-0.4184213,3.6646907,-0.79509425,-16777216
101,5,102,107,"null","null","null",4,11.805761,1.6917278,-2.9612656,3.1863737,-0.35959697,-16777216
102,101,103,106,"null","null","null",3,11.805761,0.52728057,-3.767137,2.4522865,-0.665,-16777216
103,102,104,105,"null","null","null",2,11.805761,0.5235969,-3.756458,1.9383984,-1.6186465,-16777216
108,4,109,118,"null","null","null",8,17.708643,2.6202073,-1.4981482,3.6562047,-0.76705194,-3014646
109,108,110,117,"null","null","null",5,17.708643,1.6917278,-2.9612656,3.3983068,-0.5755013,-16777216
110,109,111,114,"null","null","null",4,17.708643,0.3384863,-3.767137,2.7277992,-0.665,-16777216
111,110,112,113,"null","null","null",2,17.708643,0.5235969,-3.756458,1.9383984,-1.6186465,-16777216
114,110,115,116,"null","null","null",2,17.708643,2.361208,-0.4184213,3.6646907,-0.79509425,-16777216
118,108,119,122,"null","null","null",3,17.708643,3.766147,-0.70525885,1.2371379,-2.2791753,-3014646
119,118,120,121,"null","null","null",2,17.708643,3.4248672,-0.60428894,2.4441621,-1.5045799,-16777216
123,3,124,153,"null","null","null",21,52.594036,3.2905612,-0.28912875,3.1184037,-1.2264582,-8572416
124,123,125,150,"null","null","null",15,23.061909,2.633125,-1.3385797,3.6562047,-0.34808034,-8572416
125,124,126,139,"null","null","null",13,23.061909,1.5297084,-2.7538266,3.3983068,-0.5755013,-8572416
126,125,127,136,"null","null","null",7,23.061909,0.3384863,-3.4974663,2.7277992,-1.0443957,-8572416
127,126,128,133,"null","null","null",5,23.061909,0.5235969,-3.405886,2.018165,-2.6072884,-8572416
128,127,129,132,"null","null","null",3,23.061909,0.65809244,-2.7521262,0.8675197,-3.6251016,-8572416
129,128,130,131,"null","null","null",2,23.061909,1.0880251,-2.1365547,0.46288556,-3.8261662,-16777216
133,127,134,135,"null","null","null",2,23.061909,1.7788337,-1.9610533,3.6551347,-0.40147883,-16777216
136,126,137,138,"null","null","null",2,23.061909,2.361208,-0.4184213,3.6646907,-0.79509425,-16777216
139,125,140,147,"null","null","null",6,23.061909,3.0981078,-0.27500108,2.8598087,-1.420942,-16777216
140,139,141,146,"null","null","null",4,23.061909,2.361208,-1.1773367,3.4240801,-0.32388195,-16777216
141,140,142,145,"null","null","null",3,23.061909,1.7788337,-2.6272755,3.162866,-0.55929923,-16777216
142,141,143,144,"null","null","null",2,23.061909,0.64112616,-3.439227,2.4198804,-0.6642306,-16777216
147,139,148,149,"null","null","null",2,23.061909,2.7384984,-1.3026757,0.30320114,-3.2226949,-16777216
150,124,151,152,"null","null","null",2,23.061909,3.7952118,-0.70525885,0.55373955,-2.2791753,-16777216
153,123,154,161,"null","null","null",6,15.258725,3.1657705,-1.0121982,0.31716174,-2.9699724,-16777216
154,153,155,160,"null","null","null",4,15.258725,3.5147936,-0.39551836,1.6992391,-2.2791753,-16777216
155,154,156,159,"null","null","null",3,15.258725,3.0981078,-0.60428894,3.0448937,-1.5045799,-16777216
156,155,157,158,"null","null","null",2,15.258725,2.361208,-0.6619245,3.6646907,-0.32388195,-16777216
161,153,162,163,"null","null","null",2,15.258725,0.3445298,-2.8544085,0.9791695,-3.1268055,-16777216
164,2,165,168,"null","null","null",4,11.805761,3.7300873,-0.6717531,1.4251093,-2.4606743,-16777216
165,164,166,167,"null","null","null",2,11.805761,3.3284078,-0.6167604,2.5945044,-1.40528,-16777216
168,164,169,170,"null","null","null",2,11.805761,1.0880233,-2.1365554,0.6001814,-3.8261666,-16777216
171,1,172,191,"null","null","null",13,21.843254,3.2514281,-0.9287931,0.33095595,-2.9723601,-8572416
172,171,173,184,"null","null","null",10,21.843254,3.5280137,-0.41856992,1.7065829,-2.323119,-8572416
173,172,174,181,"null","null","null",6,21.843254,3.0657122,-0.6167604,2.9604201,-1.2878717,-16777216
174,173,175,180,"null","null","null",4,21.843254,2.340821,-1.354578,3.4508262,-0.34808034,-16777216
175,174,176,179,"null","null","null",3,21.843254,1.6917278,-2.7746243,3.1313148,-0.5755013,-16777216
176,175,177,178,"null","null","null",2,21.843254,0.52728057,-3.5245035,2.3807096,-0.665,-16777216
181,173,182,183,"null","null","null",2,21.843254,2.875566,-1.1971791,0.31716174,-3.1081529,-16777216
184,172,185,190,"null","null","null",4,21.843254,2.1815846,-2.1365554,0.6001814,-3.516667,-8572416
185,184,186,189,"null","null","null",3,21.843254,3.3814769,-1.1971791,0.6376135,-2.9699724,-16777216
186,185,187,188,"null","null","null",2,21.843254,3.7952118,-0.39551836,0.6459115,-2.2791753,-16777216
191,171,192,195,"null","null","null",3,21.843254,0.3578288,-2.7521274,0.90259826,-3.625101,-16777216
192,191,193,194,"null","null","null",2,21.843254,1.0880233,-2.1365554,0.46288532,-3.8261666,-16777216
196,0,197,300,"null","null","null",85,52.594036,2.2184439,-2.105151,0.56239915,-3.5708878,-16777216
197,196,198,283,"null","null","null",52,52.594036,3.3277478,-0.9395838,0.6459124,-3.0093732,-16777216
198,197,199,242,"null","null","null",43,32.030594,3.6272292,-0.41856992,1.8281087,-2.3712356,-16777216
199,198,200,227,"null","null","null",22,32.030594,3.1946921,-0.6167604,3.1184037,-1.3110055,-16777216
200,199,201,218,"null","null","null",14,32.030594,2.5084949,-1.3385797,3.6562047,-0.34808034,-16777216
201,200,202,215,"null","null","null",9,32.030594,1.6749347,-2.7538266,3.3983068,-0.5755013,-16777216
202,201,203,212,"null","null","null",7,32.030594,0.3384863,-3.4974663,2.7277992,-1.0443957,-16777216
203,202,204,209,"null","null","null",5,32.030594,0.5235969,-3.405886,2.018165,-2.6072884,-16777216
204,203,205,208,"null","null","null",3,32.030594,0.65809244,-2.7521262,0.8675197,-3.6251016,-16777216
205,204,206,207,"null","null","null",2,32.030594,1.0880251,-2.1365547,0.46288556,-3.8261662,-16777216
209,203,210,211,"null","null","null",2,32.030594,1.7788337,-1.9610533,3.6551347,-0.40147883,-16777216
212,202,213,214,"null","null","null",2,32.030594,2.361208,-0.4184213,3.6646907,-0.79509425,-16777216
215,201,216,217,"null","null","null",2,32.030594,3.4248672,-0.27500108,2.4441621,-1.5045799,-16777216
218,200,219,224,"null","null","null",5,32.030594,3.5147936,-0.70525885,1.6992391,-2.5264764,-16777216
219,218,220,223,"null","null","null",3,32.030594,3.0981078,-0.60428894,3.0448937,-1.5045799,-16777216
220,219,221,222,"null","null","null",2,32.030594,2.361208,-0.6619245,3.6646907,-0.32388195,-16777216
224,218,225,226,"null","null","null",2,32.030594,0.9093993,-2.1905572,0.63668036,-3.8270524,-16777216
227,199,228,241,"null","null","null",8,32.030594,3.1657705,-1.1971791,0.31716174,-3.160204,-16777216
228,227,229,238,"null","null","null",7,32.030594,3.5147936,-0.39551836,1.556866,-2.5264764,-16777216
229,228,230,237,"null","null","null",5,32.030594,3.0981078,-0.60428894,2.8598087,-1.5045799,-16777216
230,229,231,236,"null","null","null",4,32.030594,2.361208,-1.1773367,3.4240801,-0.32388195,-16777216
231,230,232,235,"null","null","null",3,32.030594,1.7788337,-2.6272755,3.162866,-0.55929923,-16777216
232,231,233,234,"null","null","null",2,32.030594,0.64112616,-3.439227,2.4198804,-0.6642306,-16777216
238,228,239,240,"null","null","null",2,32.030594,0.9093993,-2.1905572,0.63668036,-3.8270524,-16777216
242,198,243,264,"null","null","null",21,32.030594,2.0156565,-2.2078679,0.6001814,-3.62493,-16777216
243,242,244,257,"null","null","null",11,32.030594,3.1657705,-1.0032592,0.6376135,-3.1107142,-16777216
244,243,245,252,"null","null","null",7,32.030594,3.5147936,-0.39551836,1.7809302,-2.4621396,-16777216
245,244,246,251,"null","null","null",4,32.030594,3.0981078,-0.60428894,3.151092,-1.5045799,-16777216
246,245,247,250,"null","null","null",3,32.030594,2.361208,-0.66485816,3.8027484,-0.32388195,-16777216
247,246,248,249,"null","null","null",2,32.030594,1.7788337,-1.9610533,3.6551347,-0.55929923,-16777216
252,244,253,256,"null","null","null",3,32.030594,1.6104523,-2.1905572,0.63668036,-3.6822944,-16777216
253,252,254,255,"null","null","null",2,32.030594,2.7384984,-1.3026757,0.62788343,-3.2226949,-16777216
257,243,258,263,"null","null","null",4,32.030594,0.3445298,-2.8342955,0.9791695,-3.4434745,-16777216
258,257,259,262,"null","null","null",3,32.030594,1.6104523,-2.1905572,0.4410557,-3.6822944,-16777216
259,258,260,261,"null","null","null",2,32.030594,2.7384984,-1.3026757,0.62788343,-3.2226949,-16777216
264,242,265,280,"null","null","null",10,32.030594,0.52348137,-3.5713391,2.1206813,-2.2960832,-16777216
265,264,266,279,"null","null","null",8,32.030594,0.65274787,-2.985317,0.9791695,-3.3252783,-16777216
266,265,267,276,"null","null","null",7,32.030594,2.0426936,-2.3868852,0.4410557,-3.528639,-16777216
267,266,268,273,"null","null","null",5,32.030594,3.3004122,-1.1514412,0.62788343,-3.022943,-16777216
268,267,269,272,"null","null","null",3,32.030594,3.7903328,-0.37199116,1.047273,-2.31344,-16777216
269,268,270,271,"null","null","null",2,32.030594,3.5116963,-0.590518,2.2880597,-1.6001872,-16777216
273,267,274,275,"null","null","null",2,32.030594,0.33095643,-2.9852262,1.089199,-3.005175,-16777216
276,266,277,278,"null","null","null",2,32.030594,0.56239784,-3.814066,2.0763643,-1.2662452,-16777216
280,264,281,282,"null","null","null",2,32.030594,1.8611672,-1.7914393,3.7111776,-0.44286263,-16777216
283,197,284,293,"null","null","null",9,18.711689,0.55628955,-2.8712275,0.90259826,-3.3870244,-16777216
284,283,285,292,"null","null","null",5,18.711689,2.1643865,-2.1365554,0.46288532,-3.516667,-16777216
285,284,286,291,"null","null","null",4,18.711689,3.3591194,-1.1971791,0.6376135,-2.9699724,-16777216
286,285,287,290,"null","null","null",3,18.711689,3.766147,-0.39551836,1.2371379,-2.2791753,-16777216
287,286,288,289,"null","null","null",2,18.711689,3.4248672,-0.60428894,2.4441621,-1.5045799,-16777216
293,283,294,297,"null","null","null",4,18.711689,0.86650574,-3.7314663,2.7414114,-0.38339537,-16777216
294,293,295,296,"null","null","null",2,18.711689,0.50423765,-3.7907991,2.0102262,-1.4433496,-16777216
297,293,298,299,"null","null","null",2,18.711689,2.3745217,-0.4072525,3.5997562,-0.82108474,-16777216
300,196,301,344,"null","null","null",33,52.594036,0.48358428,-3.505798,1.9093062,-2.42415,-16777216
301,300,302,325,"null","null","null",22,52.594036,0.6580923,-2.8820124,0.76376307,-3.3870244,-16777216
302,301,303,322,"null","null","null",12,21.161606,2.0156565,-2.3054059,0.46288532,-3.516667,-16777216
303,302,304,315,"null","null","null",10,21.161606,3.1657705,-1.0032592,0.6376135,-2.9699724,-16777216
304,303,305,314,"null","null","null",6,21.161606,3.5147936,-0.39551836,1.7809302,-2.2791753,-16777216
305,304,306,311,"null","null","null",5,21.161606,3.0981078,-0.60428894,3.151092,-1.420942,-16777216
306,305,307,310,"null","null","null",3,21.161606,2.361208,-0.66485816,3.8027484,-0.32388195,-16777216
307,306,308,309,"null","null","null",2,21.161606,1.7788337,-1.9610533,3.6551347,-0.55929923,-16777216
311,305,312,313,"null","null","null",2,21.161606,2.7384984,-1.3026757,0.30320114,-3.2226949,-16777216
315,303,316,319,"null","null","null",4,21.161606,0.3445298,-2.8342955,0.91696227,-3.554827,-16777216
316,315,317,318,"null","null","null",2,21.161606,0.9093993,-2.1905572,0.4410557,-3.8270524,-16777216
319,315,320,321,"null","null","null",2,21.161606,0.88575685,-3.3442616,2.571176,-0.37080136,-16777216
322,302,323,324,"null","null","null",2,21.161606,0.52348137,-3.7907991,2.0102262,-1.4433496,-16777216
325,301,326,339,"null","null","null",10,19.608946,0.86650574,-3.473289,2.826377,-0.8217398,-16777216
326,325,327,336,"null","null","null",7,19.608946,0.50423765,-3.4551687,2.1206813,-2.3870034,-16777216
327,326,328,333,"null","null","null",5,19.608946,0.65274787,-2.8342955,0.7274631,-3.4434745,-16777216
328,327,329,332,"null","null","null",3,19.608946,1.6104523,-2.1905572,0.4410557,-3.6822944,-16777216
329,328,330,331,"null","null","null",2,19.608946,2.7384984,-1.3026757,0.62788343,-3.2226949,-16777216
333,327,334,335,"null","null","null",2,19.608946,0.88575685,-3.3442616,2.571176,-0.37080136,-16777216
336,326,337,338,"null","null","null",2,19.608946,1.8611672,-1.7914393,3.7111776,-0.44286263,-16777216
339,325,340,343,"null","null","null",3,19.608946,2.3745217,-0.47381705,3.7909286,-0.82108474,-16777216
340,339,341,342,"null","null","null",2,19.608946,1.8611678,-1.7914387,3.7111776,-0.5419746,-16777216
344,300,345,362,"null","null","null",11,20.420612,1.794855,-2.6534739,3.4101977,-0.4014799,-16777216
345,344,346,359,"null","null","null",9,20.420612,0.4148181,-3.4732885,2.7414117,-0.8876263,-16777216
346,345,347,354,"null","null","null",7,20.420612,0.50423735,-3.4551694,1.9270635,-2.472657,-16777216
347,346,348,351,"null","null","null",4,20.420612,0.6527478,-2.8342967,0.7274654,-3.5548258,-16777216
348,347,349,350,"null","null","null",2,20.420612,0.90939677,-2.190558,0.44105536,-3.827052,-16777216
351,347,352,353,"null","null","null",2,20.420612,0.8857571,-3.3442602,2.5711784,-0.37080115,-16777216
354,346,355,358,"null","null","null",3,20.420612,1.8611684,-2.472539,3.2755346,-0.44286323,-16777216
355,354,356,357,"null","null","null",2,20.420612,0.7546934,-3.3442583,2.5711806,-0.6619249,-16777216
359,345,360,361,"null","null","null",2,20.420612,2.3745217,-0.4072523,3.5997553,-0.8210851,-16777216
362,344,363,364,"null","null","null",2,20.420612,3.5117004,-0.31738114,2.2880526,-1.600191,-16777216
