index,parent,child1,child2,name1,name2,common,richness,lengthbr,hxmax,hxmin,hymax,hymin,color
0,-268093437,1,102,"null","null","null",53,34.321754,3.1889112,-0.6278831,3.1807811,-1.1514461,-12486656
1,0,2,63,"null","null","null",51,34.321754,2.5291977,-1.5047874,3.6348162,-0.37199032,-12486656
2,1,3,44,"null","null","null",31,34.321754,1.5288991,-2.8828318,3.3095264,-0.59051746,-12486656
3,2,4,25,"null","null","null",21,34.321754,0.38599122,-3.5592217,2.6209002,-1.052279,-16731116
4,3,5,18,"null","null","null",11,34.321754,0.54197454,-3.4099588,1.7306666,-2.5434394,-16731116
5,4,6,15,"null","null","null",7,34.321754,0.68969655,-2.745932,0.49050736,-3.4364274,-16731116
6,5,7,14,"null","null","null",5,34.321754,2.2793093,-2.076365,0.483974,-3.4921446,-16731116
7,6,8,13,"null","null","null",4,34.321754,3.4068704,-1.0892006,0.64591265,-2.9070063,-16731116
8,7,9,12,"null","null","null",3,7.545467,3.7300863,-0.41857052,1.4251142,-2.2381597,-16731116
9,8,10,11,"null","null","null",2,7.545467,3.328405,-0.6167606,2.5945082,-1.4052775,-16731116
15,5,16,17,"null","null","null",2,4.7606597,0.8449197,-3.5245035,2.3807096,-0.39556193,-16731116
18,4,19,24,"null","null","null",4,9.521319,1.6917278,-2.9612656,3.1863737,-0.35959697,-16731116
19,18,20,23,"null","null","null",3,9.521319,0.52728057,-3.767137,2.4522865,-0.665,-16731116
20,19,21,22,"null","null","null",2,9.521319,0.5235969,-3.756458,1.9383984,-1.6186465,-16731116
25,3,26,39,"null","null","null",10,34.321754,2.6202073,-1.3385797,3.5294862,-0.76705194,-12486656
26,25,27,38,"null","null","null",7,34.321754,1.6917278,-2.7538266,3.233573,-0.5755013,-12486656
27,26,28,37,"null","null","null",6,12.306127,0.52728057,-3.4974663,2.5136454,-1.0443957,-12486656
28,27,29,34,"null","null","null",5,12.306127,0.5235969,-3.405886,2.018165,-2.6072884,-12486656
29,28,30,33,"null","null","null",3,12.306127,0.65809244,-2.7521262,0.8675197,-3.6251016,-11184866
30,29,31,32,"null","null","null",2,12.306127,1.0880251,-2.1365547,0.46288556,-3.8261662,-11184866
34,28,35,36,"null","null","null",2,12.306127,1.7788337,-1.9610533,3.6551347,-0.40147883,-16731116
39,25,40,43,"null","null","null",3,7.545467,3.766147,-0.70525885,1.2371379,-2.2791753,-16731116
40,39,41,42,"null","null","null",2,7.545467,3.4248672,-0.60428894,2.4441621,-1.5045799,-16731116
44,2,45,60,"null","null","null",10,34.321754,3.2806249,-0.28912875,2.9929996,-1.2878717,-12486656
45,44,46,55,"null","null","null",8,34.321754,2.6202073,-1.3260047,3.4931793,-0.34808034,-12486656
46,45,47,54,"null","null","null",5,11.053909,1.6917278,-2.737479,3.1863737,-0.5755013,-12486656
47,46,48,53,"null","null","null",4,11.053909,0.52728057,-3.4762144,2.4522865,-0.816515,-11184866
48,47,49,52,"null","null","null",3,11.053909,0.5235969,-3.3782585,1.9383984,-2.3110435,-12486656
49,48,50,51,"null","null","null",2,11.053909,0.65809244,-2.7162104,0.8675197,-3.239983,-11184866
55,45,56,59,"null","null","null",3,34.321754,3.766147,-0.70525885,1.2371379,-2.2791753,-11184866
56,55,57,58,"null","null","null",2,4.7606597,3.4248672,-0.60428894,2.4441621,-1.5045799,-12486656
60,44,61,62,"null","null","null",2,34.321754,2.875566,-1.1971791,0.31716174,-3.1081529,-11513776
63,1,64,91,"null","null","null",20,34.321754,3.6933312,-0.6717531,1.8281087,-2.323119,-12486656
64,63,65,82,"null","null","null",14,18.12552,3.2806249,-0.6167604,3.1184037,-1.2264582,-16731116
65,64,66,75,"null","null","null",9,18.12552,2.6202073,-1.4981482,3.6562047,-0.34808034,-16731116
66,65,67,74,"null","null","null",5,18.12552,1.6917278,-2.9612656,3.3983068,-0.5755013,-16731116
67,66,68,71,"null","null","null",4,18.12552,0.3384863,-3.767137,2.7277992,-0.665,-16731116
68,67,69,70,"null","null","null",2,18.12552,0.5235969,-3.756458,1.9383984,-1.6186465,-16731116
71,67,72,73,"null","null","null",2,18.12552,2.361208,-0.4184213,3.6646907,-0.79509425,-16731116
75,65,76,79,"null","null","null",4,18.12552,3.766147,-0.70525885,1.2371379,-2.5264764,-16731116
76,75,77,78,"null","null","null",2,18.12552,3.4248672,-0.60428894,2.4441621,-1.5045799,-11513776
79,75,80,81,"null","null","null",2,18.12552,0.9093993,-2.1905572,0.63668036,-3.8270524,-16731116
82,64,83,88,"null","null","null",5,18.12552,3.3591194,-1.0121982,0.31716174,-2.9699724,-16731116
83,82,84,87,"null","null","null",3,18.12552,3.766147,-0.39551836,1.2371379,-2.2791753,-16731116
84,83,85,86,"null","null","null",2,18.12552,3.4248672,-0.60428894,2.4441621,-1.5045799,-16731116
88,82,89,90,"null","null","null",2,18.12552,0.3445298,-2.8544085,0.9791695,-3.1268055,-11513776
91,63,92,99,"null","null","null",6,34.321754,2.1643865,-2.3054059,0.6001814,-3.516667,-11184866
92,91,93,98,"null","null","null",4,9.521319,3.3591194,-1.1971791,0.6376135,-2.9699724,-8572416
93,92,94,97,"null","null","null",3,9.521319,3.766147,-0.39551836,1.2371379,-2.2791753,-8572416
94,93,95,96,"null","null","null",2,9.521319,3.4248672,-0.60428894,2.4441621,-1.5045799,-3014646
99,91,100,101,"null","null","null",2,4.7606597,0.52348137,-3.7907991,2.0102262,-1.4433496,-16731116
102,0,103,104,"null","null","null",2,34.321754,3.0051708,-1.0892029,0.33095595,-2.9852307,-12486656
