index,parent,child1,child2,name1,name2,common,richness,lengthbr,hxmax,hxmin,hymax,hymin,color
0,-268285948,1,102,"null","null","null",86,47.56791,3.5166674,-0.4628849,2.1163013,-2.1856325,-16731116
1,0,2,93,"null","null","null",51,39.086628,2.9699736,-0.6376133,3.2966106,-1.0032616,-16731116
2,1,3,92,"null","null","null",46,37.735954,2.279176,-1.6470408,3.6848876,-0.3955179,-16731116
3,2,4,63,"null","null","null",45,34.291782,1.3808088,-2.977038,3.319231,-0.6042887,-16731116
4,3,5,44,"null","null","null",30,26.925648,0.32388148,-3.5764802,2.6486678,-1.1974893,-16731116
5,4,6,35,"null","null","null",20,22.077454,0.5592989,-3.3609874,1.6207671,-2.6534753,-16731116
6,5,7,28,"null","null","null",15,19.828064,0.75180197,-2.6774383,0.41481674,-3.473289,-16731116
7,6,8,27,"null","null","null",11,15.74334,2.296084,-2.010226,0.5042378,-3.4551682,-16731116
8,7,9,26,"null","null","null",10,11.21021,3.3252785,-0.9791694,0.6527479,-2.8342948,-16731116
9,8,10,25,"null","null","null",9,10.712402,3.5286388,-0.4410558,1.8644092,-2.1905565,-16731116
10,9,11,24,"null","null","null",8,9.691184,3.0229423,-0.6278835,3.0686421,-1.3026755,-16731116
11,10,12,23,"null","null","null",7,7.296545,2.3134394,-1.4749937,3.4890313,-0.37199128,-16731116
12,11,13,22,"null","null","null",6,5.988053,1.6001867,-2.8440962,3.1200037,-0.59051806,-16731116
13,12,14,21,"null","null","null",5,3.7624674,0.4135952,-3.508861,2.374521,-1.198813,-16731116
14,13,15,20,"null","null","null",4,3.0599608,0.54197526,-3.3444867,1.8611641,-2.7339306,-16731116
15,14,16,19,"null","null","null",3,2.0139232,0.6619251,-2.660818,0.75468683,-3.6840615,-16731116
16,15,17,18,"null","null","null",2,1.4966236,1.2662508,-2.0763621,0.48397484,-3.8140655,-16731116
28,6,29,34,"null","null","null",4,11.796887,0.8210846,-3.4558175,2.374522,-0.99774426,-16731116
29,28,30,33,"null","null","null",3,4.9481125,0.54197484,-3.2755322,1.8611662,-2.472543,-16731116
30,29,31,32,"null","null","null",2,2.1762362,0.661925,-2.5711775,0.75469065,-3.3442605,-16731116
35,5,36,41,"null","null","null",5,17.99583,1.550134,-3.0610695,3.1200047,-0.3173806,-16731116
36,35,37,40,"","null","Long-tailed Cuckoos",3,11.524225,0.4135974,-3.790929,2.374522,-0.66423035,-16731116
37,36,38,39,"null","null","null",2,3.852844,0.54197484,-3.7111773,1.8611662,-1.7914411,-16731116
41,35,42,43,"","null","Drongo Cuckoos",2,1.478698,3.328406,-0.28912896,2.5945067,-1.4052784,-16731116
44,4,45,60,"null","null","null",10,21.153597,2.5840364,-1.4749908,3.7066278,-0.7370672,-16731116
45,44,46,59,"null","null","null",8,16.528671,1.600189,-2.8440948,3.4028807,-0.5905177,-16731116
46,45,47,54,"null","null","null",7,14.76497,0.29949018,-3.5088618,2.742261,-1.1988084,-16731116
47,46,48,53,"null","null","null",4,7.4947634,0.54197484,-3.3444898,1.8611662,-2.7339265,-16731116
48,47,49,52,"null","null","null",3,4.8426867,0.661925,-2.6608222,0.75469065,-3.6840591,-16731116
49,48,50,51,"null","null","null",2,1.819228,1.2662436,-2.076365,0.483974,-3.814066,-16731116
54,46,55,58,"null","null","null",3,8.427439,2.3408206,-0.85626006,3.8025498,-0.76705146,-16731116
55,54,56,57,"null","null","null",2,6.807133,1.6917262,-2.1268098,3.5885544,-0.57550156,-16731116
60,44,61,62,"null","null","null",2,8.49859,3.8167205,-0.6717526,0.73106873,-2.2381606,-16731116
63,3,64,91,"null","null","null",15,29.37153,3.1323915,-0.30320084,3.0686398,-1.3026779,-16731116
64,63,65,80,"null","null","null",14,25.825058,2.4557223,-1.5127478,3.4890308,-0.37199068,-16731116
65,64,66,79,"","null","Bronze-cuckoos",8,16.932161,1.600189,-2.8931787,3.1200047,-0.5905177,-16731116
66,65,67,78,"null","null","null",7,15.975899,0.4135974,-3.572671,2.374522,-1.0796683,-16731116
67,66,68,77,"null","null","null",6,15.433535,0.54197484,-3.4274416,1.8611662,-2.579044,-16731116
68,67,69,76,"null","null","null",5,14.29896,0.661925,-2.7686596,0.75469065,-3.482712,-16731116
69,68,70,73,"null","null","null",4,8.316585,1.9703119,-2.2165534,0.483974,-3.5523148,-16731116
70,69,71,72,"null","null","null",2,4.8787684,3.0051737,-1.0892006,0.64591265,-2.9852276,-16731116
73,69,74,75,"null","null","null",2,0.9447366,0.48358327,-3.756458,1.9383984,-1.6186465,-16731116
80,64,81,88,"null","null","null",6,23.027416,3.528014,-0.6717526,1.8652952,-2.4606729,-16731116
81,80,82,85,"null","null","null",4,14.317506,3.0657115,-0.61676055,3.1667447,-1.2878697,-16731116
82,81,83,84,"null","null","null",2,6.468442,2.3408206,-0.65809166,3.7190466,-0.34808072,-16731116
85,81,86,87,"null","null","null",2,2.1933994,2.8755677,-1.1971774,0.31716195,-3.108151,-16731116
88,80,89,90,"null","null","null",2,9.31421,1.0880258,-2.1365545,0.60018086,-3.8261662,-16731116
93,1,94,99,"","null","Koels",5,36.241287,3.443474,-0.9169625,0.34452954,-2.834297,-16731116
94,93,95,98,"null","null","null",3,21.054916,3.6822953,-0.44105524,1.6104487,-2.1905582,-16731116
95,94,96,97,"null","null","null",2,6.9294505,3.222697,-0.6278832,2.7384958,-1.3026779,-16731116
99,93,100,101,"null","null","null",2,10.86947,0.3708011,-2.5711792,0.8857572,-3.3442597,-16731116
102,0,103,170,"null","null","null",35,45.505074,2.2960806,-2.010228,0.5234822,-3.5213058,-16731116
103,102,104,169,"null","null","null",34,42.20022,3.3252769,-0.9791716,0.65274775,-2.9202738,-16731116
104,103,105,140,"null","null","null",33,34.20135,3.528639,-0.44105524,1.9931613,-2.3023279,-16731116
105,104,106,135,"null","null","null",18,31.096544,3.022944,-0.6278832,3.2360222,-1.116679,-16731116
106,105,107,134,"null","null","null",15,27.239777,2.3134408,-1.5047903,3.7066278,-0.37199068,-16731116
107,106,108,127,"null","null","null",14,18.30003,1.4333808,-2.882834,3.4028807,-0.5905177,-16731116
108,107,109,122,"null","null","null",10,12.932811,0.29949018,-3.5592227,2.742261,-1.0522809,-16731116
109,108,110,121,"null","null","null",7,11.053523,0.54197484,-3.409959,1.8611662,-2.5434406,-16731116
110,109,111,118,"null","null","null",6,9.159664,0.72912955,-2.745932,0.49050736,-3.4364274,-16731116
111,110,112,117,"","null","Lizard-cuckoos",4,6.4766846,2.3305721,-2.076365,0.483974,-3.4921446,-16731116
112,111,113,116,"null","null","null",3,4.932597,3.4735122,-1.0892006,0.64591265,-2.9070063,-16731116
113,112,114,115,"null","null","null",2,2.868344,3.8167205,-0.41857052,0.73107064,-2.2381597,-16731116
118,110,119,120,"null","null","null",2,4.417516,0.8449197,-3.5245035,2.3807096,-0.39556193,-12486656
122,108,123,126,"null","null","null",3,8.413571,2.3408206,-0.85626006,3.8025498,-0.76705146,-16731116
123,122,124,125,"null","null","null",2,0.87461686,1.6917262,-2.1268098,3.5885544,-0.57550156,-12486656
127,107,128,133,"null","null","null",4,15.222666,3.0657115,-0.28912896,3.230978,-1.4052784,-16731116
128,127,129,132,"null","null","null",3,7.492169,2.3408206,-0.85626006,3.8025498,-0.34808072,-16731116
129,128,130,131,"null","null","null",2,2.857828,1.6917262,-2.1268098,3.5885544,-0.57550156,-16731116
135,105,136,139,"null","null","null",3,25.516169,3.4735112,-1.0892012,0.33095616,-2.9070072,-16731116
136,135,137,138,"null","null","null",2,2.6683824,3.8167205,-0.41857028,0.73106873,-2.2381606,-16731116
140,104,141,162,"null","null","null",15,31.054436,2.1597385,-2.0607443,0.5623986,-3.6238089,-16731116
141,140,142,157,"","null","Malkohas",11,27.942616,3.2514293,-0.8866485,0.6459125,-3.0781703,-16731116
142,141,143,154,"null","null","null",8,21.032516,3.528014,-0.41857028,1.7065854,-2.4606729,-16731116
143,142,144,151,"null","null","null",6,13.7833,3.0657115,-0.61676055,2.960422,-1.2878697,-16731116
144,143,145,150,"null","null","null",4,9.504331,2.3408206,-1.3545806,3.4508271,-0.34808072,-12486656
145,144,146,149,"null","null","null",3,8.067085,1.6917262,-2.7746265,3.1313148,-0.57550156,-16731116
146,145,147,148,"null","null","null",2,5.680921,0.5272789,-3.524505,2.3807096,-0.665,-16731116
151,143,152,153,"null","null","null",2,9.287299,2.8755677,-1.1971774,0.31716195,-3.108151,-16731116
154,142,155,156,"null","null","null",2,17.48614,1.0880258,-2.1365545,0.60018086,-3.8261662,-16731116
157,141,158,161,"null","null","null",3,24.005795,0.357829,-2.7521257,0.902598,-3.625102,-16731116
158,157,159,160,"null","null","null",2,15.034683,1.0880258,-2.1365545,0.46288565,-3.8261662,-16731116
162,140,163,168,"null","null","null",4,21.497807,0.4835837,-3.4058857,1.938399,-2.607288,-16731116
163,162,164,167,"null","null","null",3,17.670092,0.6580924,-2.7521257,0.8675192,-3.625102,-16731116
164,163,165,166,"null","null","null",2,3.8302324,1.0880258,-2.1365545,0.46288565,-3.8261662,-16731116
