index,parent,child1,child2,name1,name2,common,richness,lengthbr,hxmax,hxmin,hymax,hymin,color
0,-268359492,1,182,"null","null","null",178,31.528437,3.0869665,-0.6376134,3.252592,-1.0291054,-16731116
1,0,2,113,"Meliphagidae","null","Honeyeaters",91,30.66237,2.4312673,-1.6991903,3.6276627,-0.39551812,-16731116
2,1,3,66,"null","null","null",56,29.208466,1.4246762,-3.044831,3.2448382,-0.6042888,-16731116
3,2,4,35,"null","null","null",32,26.520876,0.32388172,-3.66461,2.5519571,-1.2503675,-16731116
4,3,5,24,"null","null","null",16,23.489594,0.5592991,-3.4755552,1.6207659,-2.7222161,-16731116
5,4,6,19,"null","null","null",10,19.700562,0.7518035,-2.8263764,0.41481584,-3.5626512,-16731116
6,5,7,18,"null","null","null",7,15.734097,2.2960854,-2.010225,0.50423795,-3.5713387,-16731116
7,6,8,17,"null","null","null",6,10.9372225,3.3252792,-0.9791683,0.652748,-2.9853158,-16731116
8,7,9,14,"null","null","null",5,9.886145,3.5286388,-0.441056,2.026293,-2.3868842,-16731116
9,8,10,13,"null","null","null",3,7.2495804,3.022942,-0.62788355,3.2790897,-1.3026744,-16731116
10,9,11,12,"null","null","null",2,3.266893,2.3134391,-0.6527468,3.7626119,-0.37199152,-16731116
14,8,15,16,"null","null","null",2,2.5683668,1.2662454,-2.0763643,0.56239724,-3.814066,-16731116
19,5,20,23,"null","null","null",3,4.8588066,0.8210844,-3.7909286,2.3745215,-0.4738196,-16731116
20,19,21,22,"null","null","null",2,4.8588066,0.5419747,-3.7111769,1.8611665,-1.7914414,-16731116
24,4,25,32,"null","null","null",6,16.19405,1.5501353,-2.8032904,3.1200042,-0.31738016,-12486656
25,24,26,31,"null","null","null",4,11.985873,0.4135989,-3.4558165,2.3745215,-0.9977443,-12486656
26,25,27,30,"null","null","null",3,6.6642704,0.5419747,-3.2755313,1.8611665,-2.4725435,-11184866
27,26,28,29,"null","null","null",2,2.865439,0.66192496,-2.571176,0.7546901,-3.3442616,-8572416
32,24,33,34,"null","null","null",2,5.109445,3.3284082,-0.2891289,2.5945039,-1.4052806,-16731116
35,3,36,65,"null","null","null",16,15.486012,2.3134403,-1.4749897,3.48903,-0.737067,-16731116
36,35,37,58,"null","null","null",15,14.007604,1.4333814,-2.8440938,3.1200042,-0.59051764,-16731116
37,36,38,57,"null","null","null",11,11.182275,0.4135989,-3.508861,2.3745215,-1.0522804,-16731116
38,37,39,50,"null","null","null",10,8.802572,0.5419747,-3.344489,1.7306662,-2.5434403,-16731116
39,38,40,49,"null","null","null",6,7.988693,0.72913146,-2.6608212,0.7546901,-3.4364276,-16731116
40,39,41,48,"null","null","null",5,5.545408,2.330574,-2.0763643,0.48397422,-3.492144,-16731116
41,40,42,45,"null","null","null",4,5.545408,3.4735134,-0.8706838,0.64591277,-2.9070053,-16731116
42,41,43,44,"null","null","null",2,2.1193652,3.816721,-0.41857076,0.7310724,-2.2381592,-16731116
45,41,46,47,"null","null","null",2,1.51569,0.35782927,-2.716209,0.90259767,-3.2399843,-16731116
50,38,51,56,"null","null","null",4,5.835766,1.6917281,-2.9612648,3.1863742,-0.35959655,-16731116
51,50,52,55,"null","null","null",3,4.12029,0.5272817,-3.7671363,2.4522867,-0.665,-16731116
52,51,53,54,"null","null","null",2,2.6716917,0.5235968,-3.7564573,1.9383985,-1.6186471,-16731116
58,36,59,64,"null","null","null",4,11.382948,3.065712,-0.2891289,3.2309766,-1.4052806,-16731116
59,58,60,63,"null","null","null",3,8.933031,2.3408208,-0.85625637,3.8025498,-0.34808022,-16731116
60,59,61,62,"null","null","null",2,3.2676432,1.6917281,-2.1268067,3.5885556,-0.5755012,-16731116
66,2,67,98,"null","null","null",24,25.200626,3.2310948,-0.303201,3.236022,-1.1166797,-16731116
67,66,68,95,"","null","Friarbirds",16,16.763988,2.5840368,-1.4749897,3.7066278,-0.37199056,-16731116
68,67,69,86,"null","null","null",14,15.287435,1.4333814,-2.8440938,3.4028811,-0.59051764,-16731116
69,68,70,81,"null","null","null",9,12.709061,0.29949006,-3.508861,2.7422612,-1.0796676,-16731116
70,69,71,78,"null","null","null",6,8.157519,0.5419747,-3.344489,1.9094133,-2.5790436,-16731116
71,70,72,77,"null","null","null",4,5.675086,0.66192496,-2.6608212,0.7546901,-3.482712,-16731116
72,71,73,76,"null","null","null",3,5.033395,1.9703138,-2.0763643,0.48397422,-3.5523138,-16731116
73,72,74,75,"null","null","null",2,3.2994134,3.005175,-1.0891994,0.64591277,-2.9852262,-16731116
78,70,79,80,"null","null","null",2,2.8660042,1.6917281,-2.1268067,3.5885556,-0.35959655,-16731116
81,69,82,85,"null","null","null",3,4.9391003,2.3408208,-0.85625637,3.8025498,-0.7670516,-16731116
82,81,83,84,"null","null","null",2,3.1827297,1.6917281,-2.1268067,3.5885556,-0.5755012,-12486656
86,68,87,92,"null","null","null",5,8.129723,3.065712,-0.2891289,3.2309766,-1.2878731,-16731116
87,86,88,91,"null","null","null",3,4.612008,2.3408208,-0.85625637,3.8025498,-0.34808022,-16731116
88,87,89,90,"null","null","null",2,4.110016,1.6917281,-2.1268067,3.5885556,-0.5755012,-16731116
92,86,93,94,"null","null","null",2,3.2547705,2.8755634,-1.1971815,0.31716168,-3.1081553,-16731116
95,67,96,97,"null","null","null",2,3.030827,3.8167202,-0.67175275,0.73106515,-2.238161,-16731116
98,66,99,106,"null","null","null",8,23.607084,3.2514277,-0.92879295,0.3309561,-2.9070082,-16731116
99,98,100,105,"null","null","null",4,12.771065,3.5280137,-0.4185698,1.8652921,-2.238161,-16731116
100,99,101,104,"null","null","null",3,7.038201,3.065712,-0.6167603,3.1667423,-1.4052806,-16731116
101,100,102,103,"null","null","null",2,3.9483716,2.3408208,-0.6580918,3.7190452,-0.34808022,-16731116
106,98,107,112,"null","null","null",4,19.190895,0.35782874,-2.752129,0.90259826,-3.4687877,-16731116
107,106,108,111,"null","null","null",3,10.142848,1.7924187,-2.1365566,0.4628849,-3.622961,-16731116
108,107,109,110,"","null","Myzas",2,4.1252494,2.8755634,-1.1971815,0.6376133,-3.1081553,-16731116
113,1,114,181,"null","null","null",35,27.116615,3.61283,-0.63668066,1.9450188,-2.1905584,-16731116
114,113,115,176,"null","null","null",34,24.94168,3.132392,-0.6278832,3.173437,-1.1166797,-16731116
115,114,116,169,"","null","Myzomelas",31,20.223019,2.4557228,-1.4707823,3.625268,-0.37199056,-16731116
116,115,117,168,"null","null","null",27,20.223019,1.6001897,-2.838624,3.2971134,-0.59051764,-16731116
117,116,118,149,"null","null","null",26,19.226686,0.38599098,-3.5017502,2.6047633,-1.0522804,-16731116
118,117,119,138,"null","null","null",16,18.209139,0.5419747,-3.3352451,1.8248582,-2.5434403,-16731116
119,118,120,137,"null","null","null",10,8.046132,0.689698,-2.6488042,0.7546901,-3.4364276,-16731116
120,119,121,130,"null","null","null",9,7.5362535,2.2793105,-2.0607424,0.48397422,-3.492144,-16731116
121,120,122,127,"null","null","null",5,5.888435,3.4068708,-0.8706838,0.64591277,-2.9070053,-16731116
122,121,123,126,"null","null","null",3,4.391363,3.7300858,-0.41857076,1.425116,-2.2381592,-16731116
123,122,124,125,"null","null","null",2,4.391363,3.328404,-0.61676085,2.5945096,-1.4052767,-16731116
127,121,128,129,"null","null","null",2,2.4782624,0.35782927,-2.716209,0.90259767,-3.2399843,-12486656
130,120,131,136,"null","null","null",4,4.5944543,0.48358285,-3.4058852,1.9383985,-2.6072886,-16731116
131,130,132,135,"null","null","null",3,2.0900903,0.6580924,-2.7521253,0.867519,-3.6251023,-16731116
132,131,133,134,"null","null","null",2,2.0900903,1.0880269,-2.1365538,0.46288577,-3.8261664,-16731116
138,118,139,146,"null","null","null",6,11.578114,1.6749359,-2.9612648,3.3983066,-0.35959655,-16731116
139,138,140,143,"null","null","null",4,9.053303,0.3384865,-3.7671363,2.727799,-0.665,-16731116
140,139,141,142,"null","null","null",2,2.8801842,0.5235968,-3.7564573,1.9383985,-1.6186471,-16731116
143,139,144,145,"null","null","null",2,8.79924,2.3612075,-0.41842124,3.6646893,-0.7950944,-16731116
146,138,147,148,"null","null","null",2,3.1426022,3.4248688,-0.27500102,2.444159,-1.5045819,-16731116
149,117,150,161,"null","null","null",10,13.717772,2.620208,-1.4981474,3.4931793,-0.7670516,-16731116
150,149,151,156,"null","null","null",6,10.892185,1.5297087,-2.9612648,3.1863742,-0.5755012,-16731116
151,150,152,155,"null","null","null",3,6.8970337,0.5272817,-3.7671363,2.4522867,-0.665,-16731116
152,151,153,154,"null","null","null",2,3.1174533,0.5235968,-3.7564573,1.9383985,-1.6186471,-16731116
156,150,157,160,"null","null","null",3,5.731066,3.0981078,-0.27500102,3.0448914,-1.5045819,-16731116
157,156,158,159,"null","null","null",2,3.386807,2.3612075,-0.66192454,3.6646893,-0.32388148,-16731116
161,149,162,165,"null","null","null",4,9.38268,3.7661476,-0.705259,1.2371341,-2.5264778,-16731116
162,161,163,164,"null","null","null",2,3.1007535,3.4248688,-0.6042887,2.444159,-1.5045819,-16731116
165,161,166,167,"null","null","null",2,3.6051521,0.9093931,-2.1905591,0.63668096,-3.827052,-16731116
169,115,170,175,"null","null","null",4,11.605737,3.5280137,-0.67175275,1.8652921,-2.238161,-16731116
170,169,171,174,"null","null","null",3,11.146903,3.065712,-0.6167603,3.1667423,-1.4052806,-16731116
171,170,172,173,"null","null","null",2,3.1561208,2.3408208,-0.6580918,3.7190452,-0.34808022,-16731116
176,114,177,180,"null","null","null",3,10.799352,3.4735096,-1.0892038,0.3309561,-2.9070082,-16731116
177,176,178,179,"null","null","null",2,6.495876,3.8167202,-0.4185698,0.73106515,-2.238161,-16731116
182,0,183,340,"null","null","null",87,28.98957,3.4250278,-0.91696227,0.36643028,-2.8924477,-16731116
183,182,184,307,"null","null","null",79,28.290604,3.6583157,-0.44105512,1.9703875,-2.2661538,-16731116
184,183,185,300,"null","null","null",62,28.055494,3.1915236,-0.6278832,3.2064166,-1.1166797,-16731116
185,184,186,275,"null","null","null",58,26.720058,2.5325942,-1.4674752,3.668141,-0.37199056,-16731116
186,185,187,250,"Meliphagidae","null","Honeyeaters",45,19.841452,1.5288985,-2.8343248,3.3528485,-0.59051764,-16731116
187,186,188,231,"null","null","null",32,16.909636,0.38599098,-3.4961612,2.6772187,-1.087885,-16731116
188,187,189,220,"null","null","null",22,15.2963,0.5419747,-3.3279796,1.7516437,-2.5897264,-16731116
189,188,190,219,"null","null","null",16,14.822308,0.66192496,-2.639359,0.7546901,-3.4965997,-16731116
190,189,191,212,"null","null","null",15,11.525791,2.1597412,-2.0484633,0.48397422,-3.5703678,-16731116
191,190,192,207,"","null","Melidectes",11,9.421611,3.2514307,-0.8866466,0.64591277,-3.008696,-16731116
192,191,193,202,"null","null","null",8,7.83706,3.5280137,-0.41857076,1.9147083,-2.3703573,-16731116
193,192,194,199,"null","null","null",5,6.1723194,3.0657103,-0.61676085,3.2309797,-1.2878677,-16731116
194,193,195,198,"null","null","null",3,3.648625,2.3408196,-0.8562642,3.8025498,-0.34808123,-16731116
195,194,196,197,"null","null","null",2,2.1367753,1.6917245,-2.1268134,3.5885527,-0.5755019,-16731116
199,193,200,201,"null","null","null",2,2.4419234,2.8755686,-1.1971772,0.31716225,-3.1081505,-16731116
202,192,203,206,"null","null","null",3,2.69739,1.7924259,-2.1365538,0.60018003,-3.6229587,-16731116
203,202,204,205,"null","null","null",2,2.201996,2.8755686,-1.1971772,0.63761365,-3.1081505,-16731116
207,191,208,211,"null","null","null",3,3.502511,0.35782927,-2.7521253,0.90259767,-3.6251023,-16731116
208,207,209,210,"null","null","null",2,1.5084215,1.0880269,-2.1365538,0.46288577,-3.8261664,-16731116
212,190,213,216,"null","null","null",4,8.960506,0.48358285,-3.3782573,2.0181658,-2.311044,-16731116
213,212,214,215,"null","null","null",2,1.0143987,0.6580924,-2.716209,0.867519,-3.2399843,-16731116
216,212,217,218,"null","null","null",2,3.7961621,1.7788353,-1.9610502,3.6551359,-0.40147904,-12486656
220,188,221,230,"null","null","null",6,10.462744,1.6917281,-2.7374778,3.233574,-0.35959655,-16731116
221,220,222,229,"null","null","null",5,9.143002,0.5272817,-3.4762132,2.5136464,-0.8165151,-16731116
222,221,223,226,"null","null","null",4,5.8853965,0.5235968,-3.3782573,2.0181658,-2.311044,-16731116
223,222,224,225,"null","null","null",2,3.9402094,0.6580924,-2.716209,0.867519,-3.2399843,-16731116
226,222,227,228,"null","null","null",2,3.056485,1.7788353,-1.9610502,3.6551359,-0.40147904,-16731116
231,187,232,243,"null","null","null",10,13.882535,2.620208,-1.4981474,3.6562042,-0.7670516,-16731116
232,231,233,240,"null","null","null",6,7.6112113,1.6749359,-2.9612648,3.3983066,-0.5755012,-16731116
233,232,234,237,"null","null","null",4,6.361394,0.3384865,-3.7671363,2.727799,-0.665,-16731116
234,233,235,236,"null","null","null",2,3.388243,0.5235968,-3.7564573,1.9383985,-1.6186471,-16731116
237,233,238,239,"null","null","null",2,2.6382642,2.3612075,-0.41842124,3.6646893,-0.7950944,-16731116
240,232,241,242,"null","null","null",2,2.7061367,3.4248688,-0.27500102,2.444159,-1.5045819,-12486656
243,231,244,247,"null","null","null",4,10.406595,3.7661476,-0.705259,1.2371341,-2.5264778,-16731116
244,243,245,246,"null","null","null",2,3.730789,3.4248688,-0.6042887,2.444159,-1.5045819,-16731116
247,243,248,249,"null","null","null",2,5.064557,0.9093931,-2.1905591,0.63668096,-3.827052,-16731116
250,186,251,270,"null","null","null",13,17.14852,3.2806253,-0.2891289,3.1184032,-1.2264589,-16731116
251,250,252,263,"null","null","null",10,10.742928,2.620208,-1.4981474,3.6562042,-0.34808022,-16731116
252,251,253,260,"null","null","null",6,9.091581,1.6749359,-2.9612648,3.3983066,-0.5755012,-16731116
253,252,254,257,"null","null","null",4,8.131337,0.3384865,-3.7671363,2.727799,-0.665,-16731116
254,253,255,256,"null","null","null",2,5.494673,0.5235968,-3.7564573,1.9383985,-1.6186471,-16731116
257,253,258,259,"null","null","null",2,4.2194853,2.3612075,-0.41842124,3.6646893,-0.7950944,-16731116
260,252,261,262,"null","null","null",2,5.375687,3.4248688,-0.27500102,2.444159,-1.5045819,-16731116
263,251,264,267,"null","null","null",4,8.270157,3.7661476,-0.705259,1.2371341,-2.5264778,-16731116
264,263,265,266,"null","null","null",2,4.556174,3.4248688,-0.6042887,2.444159,-1.5045819,-16731116
267,263,268,269,"null","null","null",2,5.0882425,0.9093931,-2.1905591,0.63668096,-3.827052,-16731116
270,250,271,274,"null","null","null",3,9.931188,3.381475,-1.1971815,0.31716168,-2.9699733,-16731116
271,270,272,273,"null","null","null",2,7.3824162,3.795211,-0.3955179,0.64591163,-2.2791758,-16731116
275,185,276,291,"null","null","null",13,25.460945,3.700975,-0.67175275,1.7316434,-2.3231192,-16731116
276,275,277,288,"Meliphagidae","null","Honeyeaters",8,23.084774,3.2905617,-0.6167603,2.9929993,-1.2878731,-16731116
277,276,278,285,"null","null","null",6,22.682232,2.6331253,-1.4981474,3.4931793,-0.34808022,-16731116
278,277,279,284,"null","null","null",4,19.689844,1.6917281,-2.9612648,3.1863742,-0.5755012,-16731116
279,278,280,283,"null","null","null",3,6.8597655,0.5272817,-3.7671363,2.4522867,-0.665,-16731116
280,279,281,282,"null","null","null",2,0.35292953,0.5235968,-3.7564573,1.9383985,-1.6186471,-16731116
285,277,286,287,"null","null","null",2,7.6176515,3.795211,-0.705259,0.5537361,-2.2791758,-16731116
288,276,289,290,"null","null","null",2,3.921933,2.8755634,-1.1971815,0.31716168,-3.1081553,-16731116
291,275,292,297,"null","null","null",5,21.394638,2.1815815,-2.305408,0.6001816,-3.5166674,-16731116
292,291,293,296,"null","null","null",3,11.213258,3.381475,-1.1971815,0.6376133,-2.9699733,-16731116
293,292,294,295,"null","null","null",2,5.259665,3.795211,-0.3955179,0.64591163,-2.2791758,-12486656
297,291,298,299,"Meliphagidae","null","Honeyeaters",2,3.8403583,0.5234822,-3.7908006,2.010228,-1.4433446,-16731116
300,184,301,304,"Meliphagidae","null","Honeyeaters",4,18.762226,3.4735096,-0.92879295,0.3309561,-2.9070082,-16731116
301,300,302,303,"null","null","null",2,11.954422,3.8167202,-0.4185698,0.73106515,-2.238161,-16731116
304,300,305,306,"null","null","null",2,3.2431056,0.35782874,-2.7162147,0.90259826,-3.23998,-16731116
307,183,308,331,"Meliphagidae","null","Honeyeaters",17,24.670776,2.2620795,-2.0607467,0.5623988,-3.5424166,-16731116
308,307,309,326,"null","null","null",12,24.013578,3.3844748,-0.8866515,0.6459124,-2.9723606,-16731116
309,308,310,319,"null","null","null",9,22.601048,3.700975,-0.4185698,1.9147029,-2.3231192,-16731116
310,309,311,318,"null","null","null",5,11.396259,3.2905617,-0.6167603,3.2309766,-1.4052806,-16731116
311,310,312,315,"null","null","null",4,7.0461216,2.6331253,-0.85625637,3.8025498,-0.34808022,-16731116
312,311,313,314,"null","null","null",2,5.302174,1.6917281,-2.1268067,3.5885556,-0.5755012,-16731116
315,311,316,317,"null","null","null",2,5.8939676,3.795211,-0.705259,0.5537361,-2.2791758,-16731116
319,309,320,325,"null","null","null",4,14.45194,2.1815815,-2.1365566,0.6001816,-3.5166674,-16731116
320,319,321,324,"null","null","null",3,7.8284035,3.381475,-1.1971815,0.6376133,-2.9699733,-16731116
321,320,322,323,"null","null","null",2,3.3323348,3.795211,-0.3955179,0.64591163,-2.2791758,-16731116
326,308,327,330,"null","null","null",3,21.449724,0.35782874,-2.752129,0.90259826,-3.6250997,-16731116
327,326,328,329,"null","null","null",2,13.001346,1.0880196,-2.1365566,0.4628849,-3.8261666,-16731116
331,307,332,337,"null","null","null",5,17.2346,0.48358452,-3.405888,2.0181682,-2.6072845,-16731116
332,331,333,336,"null","null","null",3,8.03744,0.65809226,-2.752129,0.8675231,-3.6250997,-16731116
333,332,334,335,"null","null","null",2,3.2005167,1.0880196,-2.1365566,0.4628849,-3.8261666,-16731116
337,331,338,339,"null","null","null",2,8.817604,1.7788361,-1.9610482,3.6551366,-0.40148008,-16731116
340,182,341,354,"Meliphagidae","null","Honeyeaters",8,23.831844,0.59771526,-2.660825,0.8857573,-3.4364262,-16731116
341,340,342,353,"null","null","null",7,20.223272,2.1597354,-2.076367,0.48397338,-3.4921455,-16731116
342,341,343,350,"null","null","null",6,15.196471,3.2514277,-0.8706895,0.6459124,-2.9070082,-16731116
343,342,344,349,"null","null","null",4,14.141487,3.5280137,-0.4185698,1.8652921,-2.238161,-16731116
344,343,345,348,"null","null","null",3,7.350711,3.065712,-0.6167603,3.1667423,-1.4052806,-16731116
345,344,346,347,"null","null","null",2,4.284852,2.3408208,-0.6580918,3.7190452,-0.34808022,-16731116
350,342,351,352,"null","null","null",2,3.3926694,0.35782874,-2.7162147,0.90259826,-3.23998,-16731116
