index,parent,child1,child2,name1,name2,common,richness,lengthbr,hxmax,hxmin,hymax,hymin,color
0,-268297209,1,28,"null","null","null",27,7.5470524,3.2514338,-0.8909296,0.645913,-2.9723532,-16731116
1,0,2,17,"null","null","null",14,6.7744265,3.528014,-0.41857165,1.7316535,-2.3231132,-16731116
2,1,3,16,"null","null","null",8,6.233941,3.0657086,-0.61676127,2.9930046,-1.4052725,-16731116
3,2,4,15,"null","null","null",7,5.0353584,2.3408184,-1.4981592,3.493178,-0.34808218,-16731116
4,3,5,10,"null","null","null",6,4.8925056,1.5297012,-2.9612732,3.186367,-0.5755025,-16731116
5,4,6,9,"null","null","null",3,2.4757583,0.52727246,-3.767139,2.452278,-0.665,-16731116
6,5,7,8,"null","null","null",2,1.7745821,0.5235983,-3.7564542,1.9383926,-1.6186615,-16731116
10,4,11,14,"null","null","null",3,2.3524263,3.098106,-0.27500218,3.0449016,-1.5045741,-16731116
11,10,12,13,"null","null","null",2,0.9192939,2.3612065,-0.66192436,3.6646943,-0.32388347,-16731116
17,1,18,25,"null","null","null",6,5.561272,2.164394,-2.3054006,0.60017854,-3.516666,-16731116
18,17,19,24,"null","null","null",4,2.7684343,3.3591228,-1.1971728,0.637614,-2.9699686,-16731116
19,18,20,23,"null","null","null",3,1.7327332,3.7661452,-0.39551976,1.2371495,-2.2791727,-16731116
20,19,21,22,"null","null","null",2,1.2264938,3.4248614,-0.60428977,2.4441714,-1.5045741,-12486656
25,17,26,27,"null","null","null",2,1.7667509,0.523479,-3.7907977,2.0102232,-1.4433578,-16731116
28,0,29,44,"null","null","null",13,6.3735476,0.44189167,-2.7617693,0.90259707,-3.387028,-16731116
29,28,30,43,"null","null","null",8,4.9374623,2.0156658,-2.1365514,0.46288663,-3.516666,-16731116
30,29,31,38,"null","null","null",7,4.3929763,3.1657763,-1.0032526,0.637614,-2.9699686,-16731116
31,30,32,37,"null","null","null",4,3.270145,3.5147948,-0.39551976,1.6992495,-2.2791727,-16731116
32,31,33,36,"null","null","null",3,3.0493858,3.098106,-0.60428977,3.0449016,-1.5045741,-16731116
33,32,34,35,"null","null","null",2,2.495726,2.3612065,-0.66192436,3.6646943,-0.32388347,-16731116
38,30,39,42,"null","null","null",3,2.890533,0.34453064,-2.834292,0.97916484,-3.5548306,-12486656
39,38,40,41,"null","null","null",2,1.4322119,0.9094076,-2.1905546,0.44105673,-3.8270526,-16731116
44,28,45,50,"null","null","null",5,3.6715221,0.86650443,-3.48519,2.7414107,-0.6343703,-16731116
45,44,46,49,"null","null","null",3,0.8947714,0.50423855,-3.4706364,2.0102232,-2.14342,-16731116
46,45,47,48,"null","null","null",2,0.24609995,0.6527482,-2.8544023,0.97916484,-3.126811,-16731116
50,44,51,52,"null","null","null",2,1.656889,2.374521,-0.40725303,3.599759,-0.82108366,-16731116
