index,parent,child1,child2,name1,name2,common,richness,lengthbr,hxmax,hxmin,hymax,hymin,color
0,-268296186,1,84,"","null","Terns and Noddies",45,21.731606,3.5845218,-0.6001822,2.0156538,-2.1631153,-16731116
1,0,2,77,"null","null","null",42,19.53238,3.0581841,-0.6376133,3.1657689,-1.0032616,-16731116
2,1,3,66,"null","null","null",38,15.1377945,2.3938498,-1.6470408,3.5147934,-0.3955179,-16731116
3,2,4,57,"null","null","null",32,13.713933,1.4246768,-2.977038,3.0981085,-0.6042887,-16731116
4,3,5,56,"null","null","null",27,11.771593,0.32388148,-3.5764802,2.3612084,-1.2503662,-16731116
5,4,6,49,"null","null","null",26,10.345747,0.5592989,-3.3609874,1.6207671,-2.7222152,-16731116
6,5,7,40,"null","null","null",22,9.003824,0.75180197,-2.6774383,0.56176186,-3.5626507,-16731116
7,6,8,35,"null","null","null",17,7.9878216,2.296084,-1.9270607,0.5042378,-3.5713387,-16731116
8,7,9,26,"null","null","null",14,6.7072954,3.3252785,-0.8051321,0.6527479,-2.9853163,-16731116
9,8,10,23,"null","null","null",9,6.401226,3.5286388,-0.4410558,1.8644092,-2.3868847,-16731116
10,9,11,18,"null","null","null",7,4.3576937,3.0229423,-0.6278835,3.0686421,-1.1166763,-16731116
11,10,12,17,"null","null","null",4,3.7679596,2.3134394,-1.5287797,3.4890313,-0.37199128,-16731116
12,11,13,16,"null","null","null",3,1.4913447,1.6001867,-2.914018,3.1200037,-0.59051806,-16731116
13,12,14,15,"null","null","null",2,0.9692277,0.4135952,-3.599759,2.374521,-0.6642302,-16731116
18,10,19,22,"null","null","null",3,2.9246173,3.4735122,-1.0892006,0.33095652,-2.9070063,-16731116
19,18,20,21,"null","null","null",2,2.3849208,3.8167205,-0.41857052,0.73107064,-2.2381597,-16731116
23,9,24,25,"null","null","null",2,3.4421232,1.2662436,-2.076365,0.5623976,-3.814066,-16731116
26,8,27,32,"null","null","null",5,2.5550516,0.45200622,-2.745932,0.88575673,-3.482712,-16731116
27,26,28,31,"null","null","null",3,1.6410362,1.9703119,-2.076365,0.483974,-3.5523148,-16731116
28,27,29,30,"null","null","null",2,1.0019397,3.0051737,-1.0892006,0.64591265,-2.9852276,-16731116
32,26,33,34,"null","null","null",2,0.97420377,0.8449197,-3.5245035,2.3807096,-0.39556193,-16731116
35,7,36,39,"null","null","null",3,4.6089625,0.4428624,-3.2755322,1.8611662,-2.472543,-16731116
36,35,37,38,"null","null","null",2,2.9929688,0.661925,-2.5711775,0.75469065,-3.3442605,-16731116
40,6,41,46,"null","null","null",5,5.1985016,0.8210846,-3.4558175,2.7051485,-0.99774426,-12486656
41,40,42,45,"null","null","null",3,4.002547,0.54197484,-3.2755322,1.8611662,-2.472543,-16731116
42,41,43,44,"null","null","null",2,1.7837106,0.661925,-2.5711775,0.75469065,-3.3442605,-16731116
46,40,47,48,"null","null","null",2,1.9340795,2.3408206,-0.42902395,3.7190466,-0.76705146,-8572416
49,5,50,55,"null","null","null",4,8.231156,1.600189,-3.0610695,3.1200047,-0.3173806,-16731116
50,49,51,54,"null","null","null",3,6.3535776,0.4135974,-3.790929,2.374522,-0.66423035,-16731116
51,50,52,53,"null","null","null",2,2.4219608,0.54197484,-3.7111773,1.8611662,-1.7914411,-16731116
57,3,58,65,"null","null","null",5,5.2169647,3.2310944,-0.30320084,3.300411,-1.3026779,-16731116
58,57,59,62,"null","null","null",4,4.3734107,2.5840364,-1.0472691,3.7903333,-0.37199068,-16731116
59,58,60,61,"null","null","null",2,2.8659503,1.600189,-2.2880564,3.5116978,-0.5905177,-16731116
62,58,63,64,"null","null","null",2,2.6528542,3.8167205,-0.6717526,0.73106873,-2.2381606,-12486656
66,2,67,76,"null","null","null",6,8.862632,3.528639,-0.6366811,1.8644058,-2.1905582,-16731116
67,66,68,75,"null","null","null",5,8.719092,3.022944,-0.6278832,3.0686398,-1.3026779,-16731116
68,67,69,74,"null","null","null",4,8.719092,2.3134408,-1.5287752,3.4890308,-0.37199068,-16731116
69,68,70,73,"null","null","null",3,6.309862,1.600189,-2.9140143,3.1200047,-0.5905177,-16731116
70,69,71,72,"null","null","null",2,3.0228765,0.4135974,-3.5997574,2.374522,-0.66423035,-16731116
77,1,78,81,"null","null","null",4,8.374913,3.554825,-0.9169625,0.34452954,-2.834297,-16731116
78,77,79,80,"null","null","null",2,0.42993918,3.8270519,-0.44105524,0.9093958,-2.1905582,-16731116
81,77,82,83,"null","null","null",2,4.0080037,0.3708011,-2.5711792,0.8857572,-3.3442597,-16731116
84,0,85,88,"null","null","null",3,17.768494,2.1434085,-2.010228,0.5234822,-3.470642,-16731116
85,84,86,87,"null","null","null",2,8.38438,3.1268032,-0.9791716,0.65274775,-2.8544111,-16731116
