index,parent,child1,child2,name1,name2,common,richness,lengthbr,hxmax,hxmin,hymax,hymin,color
0,-268175241,1,120,"","null","New World Monkeys",117,23.599998,2.431274,-1.6730485,3.6848884,-0.7052618,-12486656
1,0,2,115,"null","null","null",60,20.5,1.3321747,-3.010855,3.3192363,-0.6042876,-12486656
2,1,3,86,"null","null","null",57,20.5,0.3238794,-3.6204515,2.6486726,-1.21182,-12486656
3,2,4,75,"null","null","null",42,20.5,0.55929744,-3.4181561,1.6207746,-2.6721122,-12486656
4,3,5,42,"null","null","null",36,16.1,0.82466877,-2.7517576,0.5087874,-3.4975262,-12486656
5,4,6,35,"null","null","null",19,14.8,2.3908165,-1.9577174,0.50423604,-3.4866838,-12486656
6,5,7,34,"null","null","null",15,13.0,3.4484398,-0.9791784,0.6527474,-2.8752668,-12486656
7,6,8,19,"Callithrix","null","Marmosets",14,5.7999997,3.6887565,-0.4410539,2.0426836,-2.2438157,-12486656
8,7,9,16,"null","null","null",6,1.5,3.2310987,-0.6278826,3.3004072,-1.1514524,-12486656
9,8,10,13,"null","null","null",4,1.3000001,2.5840397,-1.0472577,3.7903345,-0.37198922,-16731116
10,9,11,12,"null","null","null",2,1.2,1.6001946,-2.288047,3.511703,-0.5905168,-16731116
13,9,14,15,"null","null","null",2,1.2,3.8167195,-0.6717546,0.7310578,-2.238163,-16731116
16,8,17,18,"null","null","null",2,1.3,3.0051646,-1.089208,0.33095533,-2.9852366,-11184866
19,7,20,33,"null","null","null",8,4.7,2.15973,-2.0763695,0.56240094,-3.4921467,-16777216
20,19,21,30,"null","null","null",7,2.2,3.2514246,-0.8706944,0.6459121,-2.907011,-16777216
21,20,22,29,"null","null","null",5,2.0,3.5280137,-0.41856888,1.9146976,-2.238163,-16777216
22,21,23,28,"null","null","null",4,2.0,3.065714,-0.6167598,3.2309737,-1.4052846,-16777216
23,22,24,27,"null","null","null",3,2.0,2.340822,-0.85624886,3.8025503,-0.34807926,-16777216
24,23,25,26,"null","null","null",2,2.0,1.6917316,-2.1268003,3.5885587,-0.5755006,-16777216
30,20,31,32,"null","null","null",2,2.0,0.3578282,-2.7162182,0.902599,-3.2399771,-16777216
35,5,36,41,"Leontopithecus","null","Lion Tamarins",4,1.7,0.44286594,-3.3444946,1.861173,-2.7339165,-8572416
36,35,37,40,"null","null","null",3,1.5,0.6619247,-2.660829,0.7546987,-3.684055,-8572416
37,36,38,39,"null","null","null",2,1.4,1.2662308,-2.0763695,0.48397252,-3.8140671,-8572416
42,4,43,66,"Saguinus","null","Tamarins",17,8.8,0.82108676,-3.6230273,2.585942,-1.0522685,-16731116
43,42,44,65,"null","null","null",12,8.8,0.5419733,-3.4929113,1.861173,-2.543431,-12486656
44,43,45,58,"null","null","null",11,6.8,0.68968713,-2.8537707,0.6447752,-3.436424,-12486656
45,44,46,53,"null","null","null",7,6.6000004,2.2793014,-2.0484724,0.48397252,-3.4921467,-12486656
46,45,47,52,"null","null","null",4,4.8,3.4068673,-1.089208,0.6459121,-2.907011,-16731116
47,46,48,51,"null","null","null",3,3.6,3.7300892,-0.41856888,1.4251008,-2.238163,-16731116
48,47,49,50,"null","null","null",2,2.2,3.3284123,-0.6167598,2.5944977,-1.4052846,-16731116
53,45,54,57,"null","null","null",3,3.2,0.48358613,-3.3782637,1.9384036,-2.311033,-11184866
54,53,55,56,"null","null","null",2,0.8,0.6580921,-2.7162182,0.8675258,-3.2399771,-11184866
58,44,59,62,"null","null","null",4,5.1000004,0.84492123,-3.7671347,2.7278004,-0.39556107,-12486656
59,58,60,61,"null","null","null",2,2.4,0.5235956,-3.7564604,1.9384036,-1.6186355,-12486656
62,58,63,64,"null","null","null",2,2.4,2.361209,-0.41842052,3.6646857,-0.79509616,-12486656
66,42,67,72,"null","null","null",5,7.3,2.6331286,-1.3545635,3.4508228,-0.76705396,-16731116
67,66,68,71,"null","null","null",3,4.5,1.6917354,-2.7746122,3.1313152,-0.5755001,-16731116
68,67,69,70,"null","null","null",2,2.7,0.52729076,-3.5244966,2.3807096,-0.665,-16731116
72,66,73,74,"null","null","null",2,2.8,3.7952094,-0.70526147,0.5537235,-2.2791781,-16731116
75,3,76,85,"null","null","null",6,20.5,1.6001978,-2.844086,3.120006,-0.31738424,-11184866
76,75,77,84,"null","null","null",5,20.5,0.4136094,-3.5088603,2.3745227,-1.1987934,-11184866
77,76,78,83,"","some","Titi Monkeys",4,10.8,0.541973,-3.3444955,1.8611743,-2.7339146,-11184866
78,77,79,82,"null","null","null",3,10.8,0.6619247,-2.6608305,0.7547004,-3.6840544,-12486656
79,78,80,81,"null","null","null",2,10.8,1.2662282,-2.0763705,0.48397225,-3.8140674,-12486656
86,2,87,110,"null","null","null",15,20.5,2.5455406,-1.4749773,3.7066274,-0.73706996,-16731116
87,86,88,101,"null","null","null",12,18.0,1.4333911,-2.8440855,3.402886,-0.5905163,-16731116
88,87,89,96,"Cebus","null","Capuchins",7,7.5,0.2994877,-3.5088603,2.7422664,-1.1987934,-16731116
89,88,90,95,"null","null","null",4,7.3,0.541973,-3.3444955,1.8611743,-2.7339146,-12486656
90,89,91,94,"null","null","null",3,7.3,0.6619247,-2.6608305,0.7547004,-3.6840544,-12486656
91,90,92,93,"null","null","null",2,7.3,1.2662282,-2.0763705,0.48397225,-3.8140674,-11184866
96,88,97,100,"null","null","null",3,3.1,2.3408232,-0.85623825,3.8025508,-0.76705444,-16731116
97,96,98,99,"null","null","null",2,2.8,1.6917368,-2.1267908,3.5885625,-0.57549983,-16731116
101,87,102,107,"Saimiri","null","Squirrel Monkeys",5,3.0,3.0657158,-0.28912753,3.2309704,-1.2878852,-12486656
102,101,103,106,"null","null","null",3,1.6,2.3408232,-0.8562365,3.802551,-0.34807807,-12486656
103,102,104,105,"null","null","null",2,1.6,1.6917374,-2.126789,3.5885634,-0.5754997,-16731116
107,101,108,109,"null","null","null",2,2.8,2.875552,-1.19719,0.31716043,-3.1081657,-12486656
110,86,111,114,"","some","Night Monkeys",3,20.5,3.730092,-0.6717558,1.425092,-2.2381647,-16731116
111,110,112,113,"null","null","null",2,20.5,3.3284178,-0.6167593,2.59449,-1.4052896,-16731116
115,1,116,119,"","some","Night Monkeys",3,20.5,3.0229487,-0.30319965,3.2790754,-1.3026878,-16731116
116,115,117,118,"null","null","null",2,20.5,2.3134437,-0.65274763,3.7626066,-0.37198845,-16731116
120,0,121,-268142592,"null","null","null",57,22.3,3.612832,-0.6366839,1.9384155,-2.3023362,-12486656
121,120,122,163,"null","null","null",33,19.8,3.1323981,-0.62788236,3.1648612,-1.1927632,-16731116
122,121,123,154,"","some","Titi Monkeys",21,11.7,2.4557283,-1.5127336,3.614128,-0.37198845,-16731116
123,122,124,145,"null","null","null",16,11.5,1.4333917,-2.8931694,3.2826371,-0.5905162,-16731116
124,123,125,136,"null","null","null",11,10.9,0.29948753,-3.5726705,2.585943,-1.0796533,-12486656
125,124,126,135,"null","null","null",6,7.8,0.54197276,-3.4274497,1.8611755,-2.5790339,-16731116
126,125,127,134,"null","null","null",5,7.8,0.66192466,-2.768671,0.75470227,-3.482711,-16731116
127,126,128,131,"null","null","null",4,7.8,1.9702942,-2.2165625,0.4839719,-3.5523224,-16731116
128,127,129,130,"null","null","null",2,7.8,3.005161,-1.0892112,0.6459119,-2.9852405,-16731116
131,127,132,133,"null","null","null",2,7.8,0.48358735,-3.7564616,1.938406,-1.6186303,-16731116
136,124,137,144,"null","null","null",5,7.0,2.3408232,-1.3545582,3.4508214,-0.7670549,-12486656
137,136,138,141,"null","null","null",4,7.0,1.6749496,-2.774608,3.1313152,-0.5754996,-12486656
138,137,139,140,"null","null","null",2,2.8,0.52729416,-3.5244944,2.3807096,-0.665,-16731116
141,137,142,143,"null","null","null",2,7.0,3.424879,-0.2750017,2.4441426,-1.504592,-8572416
145,123,146,153,"null","null","null",5,7.3,3.0657158,-0.2891274,2.9604087,-1.4052902,-16731116
146,145,147,152,"null","null","null",4,6.1,2.3408232,-1.3545582,3.4508214,-0.3480779,-16731116
147,146,148,151,"null","null","null",3,4.4,1.6917381,-2.774608,3.1313152,-0.5754996,-16731116
148,147,149,150,"null","null","null",2,4.4,0.52729416,-3.5244944,2.3807096,-0.665,-12486656
154,122,155,160,"null","null","null",5,3.0,3.5280132,-0.671756,1.8652767,-2.4606807,-16731116
155,154,156,159,"null","null","null",3,2.8,3.0657158,-0.6167593,3.1667309,-1.4052902,-16731116
156,155,157,158,"null","null","null",2,2.2,2.3408232,-0.6580922,3.7190404,-0.3480779,-16731116
160,154,161,162,"null","null","null",2,2.8,1.0880044,-2.136561,0.6001849,-3.826167,-16731116
163,121,164,177,"","null","Saki and more",12,10.0,3.3844695,-0.9287939,0.33095488,-3.0781798,-12486656
164,163,165,174,"null","null","null",7,6.9,3.700976,-0.41856796,1.9146909,-2.4606807,-11184866
165,164,166,173,"Chiropotes","null","null",5,6.7,3.290567,-0.6167593,3.2309694,-1.4052902,-11184866
166,165,167,170,"null","null","null",4,5.9,2.6331298,-0.8562355,3.8025508,-0.3480779,-11184866
167,166,168,169,"null","null","null",2,5.9,1.6917381,-2.1267884,3.5885634,-0.5754996,-12486656
170,166,171,172,"null","null","null",2,5.9,3.7952085,-0.7052624,0.55371827,-2.2791796,-3014646
174,164,175,176,"Cacajao","null","null",2,3.0,1.0880044,-2.136561,0.6001849,-3.826167,-12486656
177,163,178,183,"Pithecia","null","null",5,8.5,0.35782766,-2.7521353,0.9025996,-3.468788,-16731116
178,177,179,182,"null","null","null",3,5.4,1.7924029,-2.136561,0.4628833,-3.6229677,-16731116
179,178,180,181,"null","null","null",2,5.4,2.8755507,-1.1971908,0.6376125,-3.1081667,-16731116
183,177,184,185,"null","null","null",2,8.5,0.86650765,-3.4392157,2.4199004,-0.3833942,-16731116
