index,parent,child1,child2,name1,name2,common,richness,lengthbr,hxmax,hxmin,hymax,hymin,color
0,-268435321,1,60,"","null","Burrowing Toad, Surinam Toads and more",31,189.4,1.0878747,-2.3745224,0.82108665,-3.572672,-16731116
1,0,2,51,"PIPIDAE","null","null",30,121.399994,2.589719,-1.7306767,0.5419733,-3.4274492,-16731116
2,1,3,38,"null","null","null",25,116.899994,3.4965992,-0.64477646,0.67643225,-2.76867,-16731116
3,2,4,35,"null","null","null",18,40.2,3.5703754,-0.48397225,2.262071,-2.216562,-16731116
4,3,5,28,"null","null","null",16,38.561844,3.008709,-0.64591193,3.3844702,-0.8866597,-16731116
5,4,6,21,"null","null","null",12,38.561844,2.3703687,-1.8280952,3.7009757,-0.4185682,-16731116
6,5,7,20,"null","null","null",8,28.921383,1.4052893,-3.118394,3.2905664,-0.6167594,-16731116
7,6,8,17,"null","null","null",7,28.921383,0.34807813,-3.6562014,2.6331294,-1.4981346,-12486656
8,7,9,16,"null","null","null",5,28.921383,0.5754999,-3.3983083,1.6917357,-2.9612556,-16731116
9,8,10,13,"null","null","null",4,28.921383,0.665,-2.7278008,0.33849317,-3.7671337,-16731116
10,9,11,12,"null","null","null",2,28.921383,1.6186322,-1.9384052,0.5235952,-3.7564607,-16731116
13,9,14,15,"null","null","null",2,28.921383,0.79509676,-3.6646852,2.3612092,-0.4184203,-16731116
17,7,18,19,"null","null","null",2,28.921383,2.2791789,-0.55372137,3.7952094,-0.7052618,-11184866
21,5,22,25,"null","null","null",4,19.280922,3.6229668,-0.60018456,1.7924047,-2.3054137,-12486656
22,21,23,24,"null","null","null",2,19.280922,3.1081653,-0.63761264,2.8755522,-1.1971898,-16731116
25,21,26,27,"null","null","null",2,19.280922,1.4433315,-2.0102332,0.52348495,-3.7908025,-12486656
28,4,29,34,"null","null","null",4,19.280922,3.4687877,-0.90259945,0.3578278,-2.7521348,-16731116
29,28,30,33,"null","null","null",3,19.280922,3.6229668,-0.46288353,1.7924047,-2.1365604,-16731116
30,29,31,32,"null","null","null",2,19.280922,3.1081653,-0.63761264,2.8755522,-1.1971898,-16731116
35,3,36,37,"null","null","null",2,9.640461,1.6186295,-1.938406,0.4835871,-3.7564616,-16731116
38,2,39,48,"","null","Surinam Toads",7,70.66967,0.9518907,-2.7278006,0.8449216,-3.4974647,-16731116
39,38,40,47,"null","null","null",5,58.449997,2.4870386,-1.938406,0.5235951,-3.4058914,-16731116
40,39,41,46,"null","null","null",4,50.34609,3.4687877,-0.8675306,0.658092,-2.7521348,-16731116
41,40,42,45,"null","null","null",3,39.89833,3.6229668,-0.46288353,1.7924047,-2.1365604,-16731116
42,41,43,44,"null","null","null",2,25.173044,3.1081653,-0.63761264,2.8755522,-1.1971898,-16731116
48,38,49,50,"null","null","null",2,25.173044,0.7950969,-3.6646845,2.3612094,-0.41842026,-12486656
51,1,52,59,"null","null","null",5,57.44617,0.35960028,-3.186382,1.6917354,-2.7374728,-16731116
52,51,53,58,"","null","African Dwarf Frogs",4,49.481438,0.8164985,-2.4522967,0.5272911,-3.4762156,-16731116
53,52,54,57,"null","null","null",3,49.481438,2.3110285,-1.9384054,0.5235952,-3.3782673,-16731116
54,53,55,56,"null","null","null",2,49.481438,3.2399735,-0.86752975,0.658092,-2.7162232,-11513776
