index,parent,child1,child2,name1,name2,common,richness,lengthbr,hxmax,hxmin,hymax,hymin,color
0,-268108703,1,50,"null","null","null",27,16.607365,0.54197454,-3.4099588,1.9094138,-2.5731852,-16731116
1,0,2,47,"null","null","null",25,16.607365,0.6764462,-2.745932,0.49050736,-3.475097,-16731116
2,1,3,38,"null","null","null",23,16.607365,2.2620838,-2.0607436,0.483974,-3.5424151,-16731116
3,2,4,33,"null","null","null",18,16.607365,3.3844771,-0.8866478,0.64591265,-2.9723577,-16731116
4,3,5,22,"null","null","null",15,16.607365,3.700975,-0.41857052,1.828113,-2.3231168,-16731116
5,4,6,21,"null","null","null",9,16.607365,3.2905602,-0.6167606,3.1184065,-1.4052775,-16731116
6,5,7,18,"null","null","null",8,16.607365,2.6331239,-1.4981518,3.6562057,-0.34808096,-16731116
7,6,8,15,"null","null","null",6,16.607365,1.6749322,-2.961268,3.3983064,-0.5755017,-16731116
8,7,9,12,"null","null","null",4,16.607365,0.33848423,-3.7671375,2.7277985,-0.665,-16731116
9,8,10,11,"null","null","null",2,16.607365,0.52359736,-3.7564564,1.9383965,-1.6186526,-16731116
12,8,13,14,"null","null","null",2,16.607365,2.361207,-0.41842157,3.6646912,-0.79509366,-12486656
15,7,16,17,"null","null","null",2,16.607365,3.4248662,-0.27500144,2.4441638,-1.5045791,-16731116
18,6,19,20,"null","null","null",2,16.607365,3.7952118,-0.705258,0.5537415,-2.2791743,-16731116
22,4,23,30,"null","null","null",6,16.607365,2.1643877,-2.3054051,0.6001805,-3.5166664,-16731116
23,22,24,29,"null","null","null",4,16.607365,3.35912,-1.1971784,0.6376136,-2.9699712,-16731116
24,23,25,28,"null","null","null",3,16.607365,3.7661467,-0.3955186,1.2371399,-2.2791743,-16731116
25,24,26,27,"null","null","null",2,16.607365,3.4248662,-0.60428905,2.4441638,-1.5045791,-16731116
30,22,31,32,"null","null","null",2,16.607365,0.52348095,-3.7907996,2.0102258,-1.4433501,-11513776
33,3,34,37,"null","null","null",3,16.607365,0.35782912,-2.7521262,0.9025978,-3.6251016,-11184866
34,33,35,36,"null","null","null",2,16.607365,1.0880251,-2.1365547,0.46288556,-3.8261662,-11184866
38,2,39,44,"null","null","null",5,16.607365,0.48358327,-3.405886,2.018165,-2.6072884,-3014646
39,38,40,43,"null","null","null",3,16.607365,0.65809244,-2.7521262,0.8675197,-3.6251016,-3014646
40,39,41,42,"null","null","null",2,16.607365,1.0880251,-2.1365547,0.46288556,-3.8261662,-3014646
44,38,45,46,"null","null","null",2,16.607365,1.7788337,-1.9610533,3.6551347,-0.40147883,-11513776
47,1,48,49,"null","null","null",2,16.607365,0.8449197,-3.5245035,2.3807096,-0.39556193,-16731116
50,0,51,52,"null","null","null",2,16.607365,1.6917278,-2.1268075,3.5885549,-0.35959697,-16731116
