index,parent,child1,child2,name1,name2,common,richness,lengthbr,hxmax,hxmin,hymax,hymin,color
0,-268371959,1,140,"Monarchidae","null","Monarchs",88,15.787727,3.612829,-0.441056,1.9450241,-2.2785738,-16731116
1,0,2,137,"null","null","null",70,14.239117,3.132389,-0.62788355,3.1734405,-1.1514399,-16731116
2,1,3,98,"null","null","null",68,13.234268,2.4557202,-1.5005884,3.625268,-0.37199152,-16731116
3,2,4,79,"null","null","null",48,10.459783,1.5333102,-2.8773685,3.2971113,-0.59051824,-12486656
4,3,5,68,"null","null","null",38,8.387802,0.39172834,-3.5521135,2.6047611,-1.112215,-12486656
5,4,6,63,"null","null","null",32,6.406355,0.5419755,-3.4007142,1.7061918,-2.6213522,-12486656
6,5,7,42,"null","null","null",29,6.172739,0.66192514,-2.7339134,0.6447652,-3.5377088,-12486656
7,6,8,37,"null","null","null",18,5.4334755,2.1597466,-2.0484586,0.48397505,-3.6238062,-12486656
8,7,9,28,"null","null","null",15,4.934,3.2514338,-0.88664174,0.645913,-3.078165,-12486656
9,8,10,25,"null","null","null",10,4.250179,3.528014,-0.41857165,1.7316535,-2.4606688,-16731116
10,9,11,20,"null","null","null",8,3.3660922,3.0657086,-0.61676127,2.9930046,-1.2264501,-12486656
11,10,12,19,"","null","Shrikebills",5,2.8117614,2.3408184,-1.4981592,3.493178,-0.34808218,-12486656
12,11,13,18,"null","null","null",4,2.596262,1.691721,-2.9612732,3.186367,-0.5755025,-16731116
13,12,14,17,"null","null","null",3,1.5659636,0.52727246,-3.767139,2.452278,-0.665,-12486656
14,13,15,16,"null","null","null",2,0.93138415,0.5235983,-3.7564542,1.9383926,-1.6186615,-16731116
20,10,21,24,"null","null","null",3,1.9574025,3.381483,-1.1971728,0.3171628,-2.9699686,-12486656
21,20,22,23,"null","null","null",2,0.94537115,3.7952137,-0.39551976,0.6459111,-2.2791727,-16731116
25,9,26,27,"null","null","null",2,1.5486243,1.0880342,-2.1365514,0.60017854,-3.8261662,-16731116
28,8,29,34,"null","null","null",5,4.8250155,0.3578298,-2.7521214,0.90259707,-3.4687893,-8572416
29,28,30,33,"null","null","null",3,2.7560568,1.792433,-2.1365514,0.46288663,-3.6229558,-8572416
30,29,31,32,"null","null","null",2,2.0666597,2.8755739,-1.1971728,0.637614,-3.1081457,-8572416
34,28,35,36,"null","null","null",2,4.067274,0.86650443,-3.439229,2.419877,-0.38339615,-8572416
37,7,38,41,"null","null","null",3,3.0705986,0.48358122,-3.3782535,1.9383955,-2.3110504,-8572416
38,37,39,40,"null","null","null",2,2.358081,0.6580926,-2.7162032,0.86751455,-3.2399886,-8572416
42,6,43,60,"null","null","null",11,3.5973983,0.8449185,-3.497466,2.7277982,-0.90352786,-12486656
43,42,44,57,"null","null","null",9,3.1271584,0.5235976,-3.4058828,2.0181618,-2.4241579,-16731116
44,43,45,54,"null","null","null",7,2.518073,0.6580926,-2.7521214,0.5830918,-3.387028,-16731116
45,44,46,53,"null","null","null",5,2.0275238,2.1815941,-2.1365514,0.46288663,-3.516666,-16731116
46,45,47,50,"null","null","null",4,1.7069104,3.381483,-1.0121906,0.637614,-2.9699686,-16731116
47,46,48,49,"null","null","null",2,0.92320734,3.7952137,-0.39551976,0.6459111,-2.2791727,-16731116
50,46,51,52,"null","null","null",2,1.1275222,0.34453064,-2.8544023,0.97916484,-3.126811,-16731116
54,44,55,56,"null","null","null",2,1.9833181,0.86650443,-3.439229,2.419877,-0.38339615,-12486656
57,43,58,59,"null","null","null",2,1.4056994,1.7788317,-1.9610568,3.6551337,-0.40147734,-11184866
60,42,61,62,"null","null","null",2,2.653581,2.361207,-0.4184217,3.664692,-0.7950933,-11184866
63,5,64,67,"null","null","null",3,3.0737262,1.6917245,-2.7746296,3.1313143,-0.35959482,-12486656
64,63,65,66,"null","null","null",2,1.847823,0.52727723,-3.5245066,2.3807092,-0.665,-16731116
68,4,69,76,"null","null","null",6,5.134345,2.6331234,-1.4981532,3.4931788,-0.7670504,-16731116
69,68,70,75,"null","null","null",4,2.9703481,1.6917245,-2.961269,3.1863706,-0.5755019,-16731116
70,69,71,74,"null","null","null",3,1.9946167,0.52727723,-3.7671375,2.4522824,-0.665,-12486656
71,70,72,73,"null","null","null",2,1.2274401,0.5235976,-3.756456,1.9383955,-1.6186541,-12486656
76,68,77,78,"null","null","null",2,1.8007119,3.7952123,-0.70525765,0.55374324,-2.2791743,-16731116
79,3,80,91,"null","null","null",10,8.249162,3.2905593,-0.28912947,2.993002,-1.2264546,-16731116
80,79,81,88,"null","null","null",6,6.729781,2.6331234,-1.4981532,3.4931788,-0.34808123,-16731116
81,80,82,87,"null","null","null",4,6.0372887,1.6917245,-2.961269,3.1863706,-0.5755019,-16731116
82,81,83,86,"null","null","null",3,3.4542704,0.52727723,-3.7671375,2.4522824,-0.665,-16731116
83,82,84,85,"null","null","null",2,2.4273005,0.5235976,-3.756456,1.9383955,-1.6186541,-16731116
88,80,89,90,"null","null","null",2,2.0364025,3.7952123,-0.70525765,0.55374324,-2.2791743,-12486656
91,79,92,97,"null","null","null",4,2.7715201,3.3591206,-1.1971772,0.31716225,-2.9699712,-16731116
92,91,93,96,"null","null","null",3,2.1521916,3.7661464,-0.39551884,1.2371417,-2.2791743,-16731116
93,92,94,95,"null","null","null",2,0.46479028,3.4248652,-0.6042892,2.4441652,-1.5045781,-16731116
98,2,99,132,"null","null","null",20,12.377861,3.5280137,-0.6717514,1.7531317,-2.3703573,-16731116
99,98,100,119,"null","null","null",17,10.028627,3.0657103,-0.61676085,3.0209303,-1.311002,-16731116
100,99,101,118,"null","null","null",10,6.8739944,2.3408196,-1.3385844,3.5294857,-0.34808123,-16731116
101,100,102,115,"null","null","null",9,6.1095934,1.6749309,-2.7538295,3.2335696,-0.5755019,-16731116
102,101,103,114,"null","null","null",7,6.109593,0.52727723,-3.497466,2.513641,-0.9519073,-16731116
103,102,104,111,"null","null","null",6,4.861043,0.5235976,-3.4058828,2.0181618,-2.487051,-16731116
104,103,105,110,"null","null","null",4,4.0702357,0.6580926,-2.7521214,0.86751455,-3.4687893,-16731116
105,104,106,109,"null","null","null",3,2.3664548,1.792433,-2.1365514,0.46288663,-3.6229558,-16731116
106,105,107,108,"null","null","null",2,1.3783739,2.8755739,-1.1971728,0.637614,-3.1081457,-16731116
111,103,112,113,"null","null","null",2,3.1170678,1.7788317,-1.9610568,3.6551337,-0.40147734,-16731116
115,101,116,117,"null","null","null",2,1.9632151,3.4248652,-0.2750016,2.4441652,-1.5045781,-16731116
119,99,120,127,"null","null","null",7,6.2333007,3.3591206,-1.0032573,0.31716225,-3.1602027,-16731116
120,119,121,124,"null","null","null",4,3.6076484,3.7661464,-0.39551884,1.2371417,-2.5264754,-16731116
121,120,122,123,"null","null","null",2,1.9638058,3.4248652,-0.6042892,2.4441652,-1.5045781,-16731116
124,120,125,126,"null","null","null",2,1.9755639,0.90940034,-2.1905565,0.63667953,-3.8270526,-12486656
127,119,128,131,"null","null","null",3,2.4221606,0.3445301,-2.8342948,0.9791694,-3.5548277,-16731116
128,127,129,130,"null","null","null",2,1.6375035,0.90940034,-2.1905565,0.44105583,-3.8270526,-16731116
132,98,133,136,"null","null","null",3,6.0616035,1.7924259,-2.1365538,0.60018003,-3.6229587,-16731116
133,132,134,135,"null","null","null",2,2.5188882,2.8755686,-1.1971772,0.63761365,-3.1081505,-16731116
137,1,138,139,"null","null","null",2,4.7819304,3.005175,-1.0891994,0.33095664,-2.9852262,-16731116
140,0,141,172,"null","null","null",18,12.201796,2.1597412,-2.2165523,0.56239724,-3.5703678,-16731116
141,140,142,167,"null","null","null",16,8.741825,3.2514307,-0.8866466,0.64591277,-3.008696,-16731116
142,141,143,162,"","null","Paradise-Flycatchers",13,7.0721574,3.5280137,-0.41857076,1.7316486,-2.3703573,-16731116
143,142,144,153,"null","null","null",10,6.0759573,3.0657103,-0.61676085,2.993002,-1.2264546,-16731116
144,143,145,152,"null","null","null",5,3.5010366,2.3408196,-1.4981532,3.4931788,-0.34808123,-16731116
145,144,146,151,"null","null","null",4,3.5010366,1.6917245,-2.961269,3.1863706,-0.5755019,-16731116
146,145,147,150,"null","null","null",3,3.2499094,0.52727723,-3.7671375,2.4522824,-0.665,-16731116
147,146,148,149,"null","null","null",2,1.7663606,0.5235976,-3.756456,1.9383955,-1.6186541,-12486656
153,143,154,159,"null","null","null",5,4.8852215,3.3591206,-1.0121964,0.31716225,-2.9699712,-16731116
154,153,155,158,"null","null","null",3,1.7622603,3.7661464,-0.39551884,1.2371417,-2.2791743,-12486656
155,154,156,157,"null","null","null",2,1.7142895,3.4248652,-0.6042892,2.4441652,-1.5045781,-11184866
159,153,160,161,"null","null","null",2,1.4403975,0.3445301,-2.8544078,0.9791694,-3.1268065,-16731116
162,142,163,166,"null","null","null",3,3.0673258,1.7924259,-2.1365538,0.60018003,-3.6229587,-16731116
163,162,164,165,"null","null","null",2,1.7805355,2.8755686,-1.1971772,0.63761365,-3.1081505,-16731116
167,141,168,171,"null","null","null",3,7.293363,0.35782927,-2.7521253,0.90259767,-3.6251023,-12486656
168,167,169,170,"null","null","null",2,2.88311,1.0880269,-2.1365538,0.46288577,-3.8261664,-12486656
172,140,173,174,"null","null","null",2,4.184954,0.48358285,-3.7564573,1.9383985,-1.6186471,-16731116
