index,parent,child1,child2,name1,name2,common,richness,lengthbr,hxmax,hxmin,hymax,hymin,color
0,-268062581,1,168,"null","null","null",99,45.012005,3.325275,-0.7997961,0.6527476,-2.902007,-12486656
1,0,2,137,"null","null","null",84,43.402557,3.5286393,-0.44105458,1.9450151,-2.2785797,-16731116
2,1,3,120,"null","null","null",68,41.332657,3.0229454,-0.62788296,3.173435,-1.192755,-16731116
3,2,4,119,"null","null","null",59,39.94197,2.3134418,-1.5005782,3.6252675,-0.37198997,-16731116
4,3,5,70,"null","null","null",58,39.77452,1.4907085,-2.877361,3.2971144,-0.5905173,-16731116
5,4,6,59,"null","null","null",33,34.250427,0.39173377,-3.5521111,2.6047645,-1.0522765,-12486656
6,5,7,38,"null","null","null",27,34.250427,0.5419743,-3.400716,1.7516463,-2.5434372,-12486656
7,6,8,27,"null","null","null",16,27.159199,0.6896925,-2.7339165,0.522323,-3.4364262,-16731116
8,7,9,20,"null","null","null",10,27.159199,2.279306,-2.0607467,0.48397338,-3.4921455,-12486656
9,8,10,15,"null","null","null",6,27.159199,3.4068692,-0.8866515,0.6459124,-2.9070082,-12486656
10,9,11,14,"null","null","null",3,27.159199,3.7300878,-0.4185698,1.4251086,-2.238161,-12486656
11,10,12,13,"null","null","null",2,27.159199,3.3284082,-0.6167603,2.5945039,-1.4052806,-12486656
15,9,16,19,"null","null","null",3,27.159199,0.35782874,-2.752129,0.90259826,-3.6250997,-11184866
16,15,17,18,"null","null","null",2,27.159199,1.0880196,-2.1365566,0.4628849,-3.8261666,-11184866
20,8,21,26,"null","null","null",4,27.159199,0.48358452,-3.405888,1.9384005,-2.6072845,-16731116
21,20,22,25,"null","null","null",3,27.159199,0.65809226,-2.752129,0.8675231,-3.6250997,-12486656
22,21,23,24,"null","null","null",2,27.159199,1.0880196,-2.1365566,0.4628849,-3.8261666,-12486656
27,7,28,37,"null","null","null",6,27.159199,0.8449204,-3.497466,2.4522898,-0.95189875,-16731116
28,27,29,36,"null","null","null",5,27.159199,0.52359635,-3.405888,1.9384005,-2.4870446,-16731116
29,28,30,35,"null","null","null",4,27.159199,0.65809226,-2.752129,0.8675231,-3.4687877,-16731116
30,29,31,34,"null","null","null",3,27.159199,1.7924187,-2.1365566,0.4628849,-3.622961,-16731116
31,30,32,33,"null","null","null",2,27.159199,2.8755634,-1.1971815,0.6376133,-3.1081553,-16731116
38,6,39,54,"null","null","null",11,34.250427,1.5297099,-2.8129437,3.2335749,-0.35959762,-12486656
39,38,40,53,"null","null","null",8,20.3694,0.52728236,-3.5743203,2.5136476,-0.95190084,-12486656
40,39,41,50,"null","null","null",7,20.3694,0.5235966,-3.5057974,2.0181665,-2.4870462,-12486656
41,40,42,49,"null","null","null",5,20.3694,0.6580924,-2.8820112,0.8675197,-3.4687884,-12486656
42,41,43,46,"null","null","null",4,20.3694,1.7924242,-2.3054051,0.46288556,-3.6229591,-12486656
43,42,44,45,"null","null","null",2,20.3694,2.8755672,-1.1971784,0.6376136,-3.108152,-12486656
46,42,47,48,"null","null","null",2,20.3694,0.52348095,-3.7907996,2.0102258,-1.4433501,-12486656
50,40,51,52,"null","null","null",2,20.3694,1.7788349,-1.9610509,3.6551359,-0.40147948,-16731116
54,38,55,58,"null","null","null",3,10.761578,3.0981085,-0.27500087,3.0448916,-1.5045813,-11184866
55,54,56,57,"null","null","null",2,10.761578,2.3612084,-0.66192454,3.6646895,-0.3238816,-11184866
59,5,60,67,"null","null","null",6,34.250427,2.6331258,-1.4981455,3.4931798,-0.76705235,-12486656
60,59,61,66,"null","null","null",4,13.579599,1.691729,-2.9612634,3.1863751,-0.5755011,-12486656
61,60,62,65,"null","null","null",3,13.579599,0.52728236,-3.7671359,2.4522882,-0.665,-12486656
62,61,63,64,"null","null","null",2,13.579599,0.5235966,-3.7564578,1.9383993,-1.6186452,-12486656
67,59,68,69,"null","null","null",2,6.7897997,3.7952113,-0.7052593,0.55373704,-2.2791758,-12486656
70,4,71,102,"null","null","null",25,31.530853,3.194693,-0.28912854,3.1184022,-1.3110075,-16731116
71,70,72,89,"null","null","null",16,31.530853,2.5084958,-1.326002,3.6562042,-0.34807998,-16731116
72,71,73,82,"null","null","null",9,21.523157,1.5297099,-2.7374768,3.398307,-0.5755011,-12486656
73,72,74,79,"null","null","null",5,21.523157,0.33848763,-3.4762132,2.7277994,-0.8165132,-16731116
74,73,75,78,"null","null","null",3,21.523157,0.5235966,-3.3782582,1.9383993,-2.3110423,-16731116
75,74,76,77,"null","null","null",2,21.523157,0.6580924,-2.7162104,0.8675197,-3.239983,-16731116
79,73,80,81,"null","null","null",2,21.523157,2.3612084,-0.41842112,3.6646895,-0.7950947,-16731116
82,72,83,88,"null","null","null",4,21.523157,3.0981085,-0.27500087,3.1510909,-1.5045813,-11184866
83,82,84,87,"null","null","null",3,21.523157,2.3612084,-0.6648554,3.8027484,-0.3238816,-8572416
84,83,85,86,"null","null","null",2,21.523157,1.7788349,-1.9610509,3.6551359,-0.559299,-8572416
89,71,90,97,"null","null","null",7,19.061378,3.5147934,-0.7052593,1.6992364,-2.462141,-16731116
90,89,91,94,"null","null","null",4,19.061378,3.0981085,-0.6042887,3.0448916,-1.420944,-16731116
91,90,92,93,"null","null","null",2,19.061378,2.3612084,-0.66192454,3.6646895,-0.3238816,-16731116
94,90,95,96,"null","null","null",2,19.061378,2.7384965,-1.3026772,0.30320093,-3.2226965,-16731116
97,89,98,101,"null","null","null",3,19.061378,1.6104498,-2.190558,0.63668084,-3.6822953,-16731116
98,97,99,100,"null","null","null",2,19.061378,2.7384965,-1.3026772,0.6278833,-3.2226965,-16731116
102,70,103,112,"null","null","null",9,31.530853,3.165769,-1.003261,0.31716153,-3.1602054,-16731116
103,102,104,109,"null","null","null",5,15.765427,3.5147934,-0.395518,1.6992364,-2.5264773,-16731116
104,103,105,108,"null","null","null",3,15.765427,3.0981085,-0.6042887,3.0448916,-1.5045813,-16731116
105,104,106,107,"null","null","null",2,15.765427,2.3612084,-0.66192454,3.6646895,-0.3238816,-16731116
109,103,110,111,"null","null","null",2,15.765427,0.90939677,-2.190558,0.63668084,-3.827052,-16731116
112,102,113,118,"null","null","null",4,31.530853,0.34452963,-2.8342967,0.97917116,-3.4434743,-16731116
113,112,114,117,"null","null","null",3,31.530853,1.6104498,-2.190558,0.44105536,-3.6822953,-16731116
114,113,115,116,"null","null","null",2,6.7897997,2.7384965,-1.3026772,0.6278833,-3.2226965,-16731116
120,2,121,134,"null","null","null",9,21.523157,3.251427,-0.9287933,0.33095574,-3.0781732,-12486656
121,120,122,131,"null","null","null",7,21.523157,3.5280137,-0.41856956,1.9147013,-2.4606752,-16731116
122,121,123,128,"null","null","null",5,21.523157,3.0657125,-0.6167602,3.2309756,-1.2878737,-12486656
123,122,124,127,"null","null","null",3,21.523157,2.3408213,-0.8562542,3.8025498,-0.34807998,-16731116
124,123,125,126,"null","null","null",2,21.523157,1.691729,-2.1268048,3.5885563,-0.5755011,-16731116
128,122,129,130,"null","null","null",2,21.523157,2.8755636,-1.1971806,0.31716153,-3.1081548,-11184866
131,121,132,133,"null","null","null",2,21.523157,1.0880204,-2.1365561,0.60018194,-3.8261666,-16731116
134,120,135,136,"null","null","null",2,21.523157,0.3578286,-2.7162137,0.9025985,-3.2399807,-11184866
137,1,138,167,"null","null","null",16,43.402557,2.2620783,-2.0763676,0.56239974,-3.5703707,-16731116
138,137,139,158,"null","null","null",15,26.527006,3.384474,-0.886652,0.64591235,-3.0087013,-16731116
139,138,140,151,"null","null","null",10,22.555227,3.700975,-0.41856956,1.9147013,-2.3703616,-16731116
140,139,141,148,"null","null","null",6,22.555227,3.2905622,-0.6167602,3.2309756,-1.2878737,-16731116
141,140,142,145,"null","null","null",4,22.555227,2.6331258,-0.8562542,3.8025498,-0.34807998,-16731116
142,141,143,144,"null","null","null",2,22.555227,1.691729,-2.1268048,3.5885563,-0.5755011,-16731116
145,141,146,147,"null","null","null",2,22.555227,3.7952113,-0.7052593,0.55373704,-2.2791758,-16731116
148,140,149,150,"null","null","null",2,22.555227,2.8755636,-1.1971806,0.31716153,-3.1081548,-16731116
151,139,152,155,"null","null","null",4,22.555227,1.7924193,-2.305407,0.60018194,-3.6229608,-16731116
152,151,153,154,"null","null","null",2,22.555227,2.8755636,-1.1971806,0.63761336,-3.1081548,-16731116
155,151,156,157,"null","null","null",2,22.555227,0.52348197,-3.7907996,2.0102274,-1.443347,-11513776
158,138,159,164,"null","null","null",5,15.765427,0.3578286,-2.7521284,0.9025985,-3.468788,-16731116
159,158,160,163,"null","null","null",3,15.765427,1.7924193,-2.1365561,0.46288502,-3.6229608,-16731116
160,159,161,162,"null","null","null",2,15.765427,2.8755636,-1.1971806,0.63761336,-3.1081548,-16731116
164,158,165,166,"null","null","null",2,15.765427,0.866506,-3.4392238,2.4198866,-0.3833952,-16731116
168,0,169,188,"null","null","null",15,26.527004,0.5977137,-2.7339163,0.8857578,-3.4364257,-11184866
169,168,170,181,"null","null","null",10,26.527004,2.1597342,-2.0607471,0.48397315,-3.492146,-12486656
170,169,171,178,"null","null","null",6,26.527004,3.251427,-0.87069,0.64591235,-2.9070091,-12486656
171,170,172,177,"null","null","null",4,13.579599,3.5280137,-0.41856956,1.8652903,-2.2381618,-12486656
172,171,173,176,"null","null","null",3,13.579599,3.0657125,-0.6167602,3.1667411,-1.4052815,-11184866
173,172,174,175,"null","null","null",2,13.579599,2.3408213,-0.6580918,3.719045,-0.34807998,-11184866
178,170,179,180,"null","null","null",2,26.527004,0.3578286,-2.7162137,0.9025985,-3.2399807,-11184866
181,169,182,187,"null","null","null",4,13.579599,0.48358494,-3.4058871,1.9384013,-2.607284,-11184866
182,181,183,186,"null","null","null",3,13.579599,0.65809226,-2.7521284,0.86752254,-3.6251001,-12486656
183,182,184,185,"null","null","null",2,13.579599,1.0880204,-2.1365561,0.46288502,-3.8261666,-12486656
188,168,189,196,"null","null","null",5,15.765427,0.84492064,-3.497465,2.452291,-1.04439,-8572416
189,188,190,195,"null","null","null",4,15.765427,0.52359617,-3.4058871,1.9384013,-2.607284,-8572416
190,189,191,194,"null","null","null",3,15.765427,0.65809226,-2.7521284,0.86752254,-3.6251001,-8572416
191,190,192,193,"null","null","null",2,15.765427,1.0880204,-2.1365561,0.46288502,-3.8261666,-8572416
