index,parent,child1,child2,name1,name2,common,richness,lengthbr,hxmax,hxmin,hymax,hymin,color
0,-268433369,1,144,"null","null","null",285,39.606026,3.4250267,-0.81371665,0.6527476,-2.920277,-16731116
1,0,2,127,"null","null","null",212,32.399998,3.6583166,-0.44105458,1.9639479,-2.3023305,-16731116
2,1,3,120,"null","null","null",203,32.137608,3.1915257,-0.62788296,3.1980479,-1.1166822,-16731116
3,2,4,117,"null","null","null",199,32.137608,2.5325959,-1.5005782,3.6572645,-0.37198997,-16731116
4,3,5,101,"null","null","null",145,30.102411,1.533317,-2.877361,3.3387103,-0.5905173,-16731116
5,4,6,-268422144,"null","null","null",88,27.081745,0.33634257,-3.5521111,2.6588392,-1.075158,-16731116
6,5,7,86,"null","null","null",48,23.415455,0.5419743,-3.400716,1.7516463,-2.5731833,-12486656
7,6,8,67,"null","null","null",40,22.31266,0.6619249,-2.7339165,0.5972444,-3.475096,-12486656
8,7,9,48,"null","null","null",30,22.31266,2.218443,-2.105152,0.48397338,-3.5424166,-12486656
9,8,10,41,"null","null","null",20,22.31266,3.3277473,-0.8866515,0.6459124,-2.9723606,-12486656
10,9,11,32,"null","null","null",16,22.31266,3.6272292,-0.4185698,1.7316434,-2.3231192,-12486656
11,10,12,29,"null","null","null",11,22.31266,3.1946921,-0.6167603,2.9929993,-1.2878731,-16731116
12,11,13,22,"null","null","null",9,22.31266,2.5084949,-1.4981474,3.4931793,-0.34808022,-16731116
13,12,14,19,"null","null","null",5,22.31266,1.6749359,-2.9612648,3.1863742,-0.5755012,-16731116
14,13,15,18,"null","null","null",3,22.31266,0.5272817,-3.7671363,2.4522867,-0.665,-16731116
15,14,16,17,"null","null","null",2,22.31266,0.5235968,-3.7564573,1.9383985,-1.6186471,-16731116
19,13,20,21,"null","null","null",2,22.31266,3.4248688,-0.27500102,2.444159,-1.5045819,-16731116
22,12,23,28,"null","null","null",4,22.31266,3.514793,-0.705259,1.6992358,-2.2791758,-16731116
23,22,24,27,"null","null","null",3,22.31266,3.0981078,-0.6042887,3.0448914,-1.5045819,-16731116
24,23,25,26,"null","null","null",2,22.31266,2.3612075,-0.66192454,3.6646893,-0.32388148,-16731116
29,11,30,31,"null","null","null",2,22.31266,2.8755634,-1.1971815,0.31716168,-3.1081553,-8572416
32,10,33,40,"null","null","null",5,22.31266,2.1643844,-2.1365566,0.6001816,-3.5166674,-12486656
33,32,34,39,"null","null","null",4,22.31266,3.3591185,-1.1971815,0.6376133,-2.9699733,-12486656
34,33,35,38,"null","null","null",3,22.31266,3.7661476,-0.3955179,1.2371341,-2.2791758,-11184866
35,34,36,37,"null","null","null",2,22.31266,3.4248688,-0.6042887,2.444159,-1.5045819,-11184866
41,9,42,47,"null","null","null",4,22.31266,0.35782874,-2.752129,0.90259826,-3.4687877,-12486656
42,41,43,46,"null","null","null",3,22.31266,1.7924187,-2.1365566,0.4628849,-3.622961,-11184866
43,42,44,45,"null","null","null",2,22.31266,2.8755634,-1.1971815,0.6376133,-3.1081553,-11184866
48,8,49,60,"null","null","null",10,22.31266,0.48358452,-3.5057998,1.8475401,-2.4870446,-12486656
49,48,50,57,"null","null","null",6,22.31266,0.65809226,-2.8820148,0.5831027,-3.4687877,-11184866
50,49,51,54,"null","null","null",4,22.31266,1.7924187,-2.305408,0.4628849,-3.622961,-12486656
51,50,52,53,"null","null","null",2,22.31266,2.8755634,-1.1971815,0.6376133,-3.1081553,-12486656
54,50,55,56,"null","null","null",2,22.31266,0.5234822,-3.7908006,2.010228,-1.4433446,-12486656
57,49,58,59,"null","null","null",2,22.31266,0.8665061,-3.439223,2.4198875,-0.38339514,-3014646
60,48,61,66,"null","null","null",4,22.31266,1.7788361,-2.852072,3.2712235,-0.40148008,-12486656
61,60,62,65,"null","null","null",3,22.31266,0.64112955,-3.731466,2.5607452,-0.6642305,-11184866
62,61,63,64,"null","null","null",2,22.31266,0.50423753,-3.7907994,2.0102267,-1.4433489,-11184866
67,7,68,77,"null","null","null",10,22.31266,0.8449204,-3.497466,2.620863,-1.0443912,-12486656
68,67,69,74,"null","null","null",5,22.31266,0.52359635,-3.405888,2.0181682,-2.6072845,-12486656
69,68,70,73,"null","null","null",3,22.31266,0.65809226,-2.752129,0.8675231,-3.6250997,-16731116
70,69,71,72,"null","null","null",2,22.31266,1.0880196,-2.1365566,0.4628849,-3.8261666,-11513776
74,68,75,76,"null","null","null",2,22.31266,1.7788361,-1.9610482,3.6551366,-0.40148008,-11184866
77,67,78,83,"null","null","null",5,22.31266,2.6735497,-1.1773314,3.424081,-0.7950951,-12486656
78,77,79,82,"null","null","null",3,22.31266,1.7788361,-2.627271,3.1628695,-0.55929875,-12486656
79,78,80,81,"null","null","null",2,22.31266,0.64112955,-3.4392245,2.419885,-0.6642305,-16731116
83,77,84,85,"null","null","null",2,22.31266,3.76261,-0.7370676,0.4390185,-2.3134413,-16731116
86,6,87,96,"null","null","null",8,12.577769,1.5297099,-2.7374768,3.2335749,-0.35959762,-16731116
87,86,88,95,"null","null","null",5,12.577769,0.52728236,-3.4762132,2.5136476,-0.8165132,-16731116
88,87,89,92,"null","null","null",4,12.577769,0.5235966,-3.3782582,2.0181665,-2.3110423,-16731116
89,88,90,91,"null","null","null",2,12.577769,0.6580924,-2.7162104,0.8675197,-3.239983,-12486656
92,88,93,94,"null","null","null",2,12.577769,1.7788349,-1.9610509,3.6551359,-0.40147948,-16731116
96,86,97,100,"null","null","null",3,12.577769,3.0981085,-0.27500087,3.0448916,-1.5045813,-16731116
97,96,98,99,"null","null","null",2,12.577769,2.3612084,-0.66192454,3.6646895,-0.3238816,-16731116
101,4,-268419072,102,"null","null","null",57,24.454914,3.2905622,-0.28912854,3.086589,-1.2264597,-16731116
102,101,103,110,"null","null","null",8,12.577769,3.165769,-1.003261,0.31716153,-2.969973,-12486656
103,102,104,109,"null","null","null",4,12.577769,3.5147934,-0.395518,1.6992364,-2.2791758,-16731116
104,103,105,108,"null","null","null",3,12.577769,3.0981085,-0.6042887,3.0448916,-1.5045813,-16731116
105,104,106,107,"null","null","null",2,12.577769,2.3612084,-0.66192454,3.6646895,-0.3238816,-16731116
110,102,111,114,"null","null","null",4,12.577769,0.34452963,-2.8342967,0.9169625,-3.5548258,-11184866
111,110,112,113,"null","null","null",2,12.577769,0.90939677,-2.190558,0.44105536,-3.827052,-12486656
114,110,115,116,"null","null","null",2,12.577769,0.8857571,-3.3442602,2.5711784,-0.37080115,-8572416
117,3,118,-268417024,"null","null","null",54,24.127882,3.700975,-0.67175364,1.7071706,-2.32312,-16731116
118,117,-268420096,119,"null","null","null",31,20.770912,3.2905622,-0.6167602,2.9611857,-1.4052815,-16731116
120,2,121,126,"null","null","null",4,8.3851795,3.406869,-1.0892045,0.33095574,-2.9070091,-12486656
121,120,122,125,"null","null","null",3,8.3851795,3.7300882,-0.41856956,1.4251064,-2.2381618,-12486656
122,121,123,124,"null","null","null",2,8.3851795,3.3284092,-0.6167602,2.5945022,-1.4052815,-11184866
127,1,128,143,"null","null","null",9,13.290195,2.1597342,-2.0763676,0.56239974,-3.6238103,-12486656
128,127,129,138,"null","null","null",8,12.577769,3.251427,-0.886652,0.64591235,-3.0781732,-12486656
129,128,130,135,"null","null","null",5,12.577769,3.5280137,-0.41856956,1.8652903,-2.4606752,-12486656
130,129,131,134,"null","null","null",3,12.577769,3.0657125,-0.6167602,3.1667411,-1.4052815,-12486656
131,130,132,133,"null","null","null",2,12.577769,2.3408213,-0.6580918,3.719045,-0.34807998,-12486656
135,129,136,137,"null","null","null",2,12.577769,1.0880204,-2.1365561,0.60018194,-3.8261666,-12486656
138,128,139,142,"null","null","null",3,12.577769,0.3578286,-2.7521284,0.9025985,-3.6251001,-12486656
139,138,140,141,"null","null","null",2,12.577769,1.0880204,-2.1365561,0.46288502,-3.8261666,-12486656
144,0,145,189,"null","null","null",73,30.062517,0.6729609,-2.7652376,0.8857578,-3.4750957,-16731116
145,144,146,188,"null","null","null",50,27.410877,2.2575555,-2.0763676,0.48397315,-3.542417,-16777216
146,145,147,185,"null","null","null",49,27.410877,3.3785946,-0.87069,0.64591235,-2.9723616,-16777216
147,146,148,176,"null","null","null",47,27.410877,3.6933317,-0.41856956,1.8036348,-2.32312,-16777216
148,147,-268421120,149,"null","null","null",42,27.410877,3.2806258,-0.6167602,3.086589,-1.2656643,-16777216
149,148,150,175,"null","null","null",14,27.410877,3.165769,-1.1971806,0.31716153,-3.0581837,-16777216
150,149,151,164,"null","null","null",13,27.410877,3.5147934,-0.395518,1.6061835,-2.3938494,-16777216
151,150,152,163,"null","null","null",7,27.410877,3.0981085,-0.6042887,2.923923,-1.5045813,-16777216
152,151,153,162,"null","null","null",6,27.410877,2.3612084,-1.2045329,3.5074303,-0.3238816,-16777216
153,152,154,161,"null","null","null",5,27.410877,1.7788349,-2.6626315,3.2712226,-0.559299,-16777216
154,153,155,160,"null","null","null",4,27.410877,0.6411278,-3.4851913,2.5607438,-0.6642305,-16777216
155,154,156,159,"null","null","null",3,27.410877,0.5042379,-3.4706411,2.0102258,-2.1434124,-16777216
156,155,157,158,"null","null","null",2,27.410877,0.652748,-2.8544092,0.97917,-3.1268048,-16777216
164,150,165,174,"null","null","null",6,27.410877,2.042692,-2.190558,0.63668084,-3.5286393,-16777216
165,164,166,171,"null","null","null",5,27.410877,3.3004115,-1.1514432,0.6278833,-3.022944,-16777216
166,165,167,170,"null","null","null",3,27.410877,3.7903333,-0.3719908,1.04727,-2.3134406,-16777216
167,166,168,169,"null","null","null",2,27.410877,3.5116975,-0.59051776,2.2880573,-1.6001886,-16777216
171,165,172,173,"null","null","null",2,27.410877,0.33095622,-2.985228,1.0892007,-3.0051732,-16777216
176,147,177,184,"null","null","null",5,27.410877,2.1643848,-2.1365561,0.60018194,-3.5166674,-16777216
177,176,178,183,"null","null","null",4,27.410877,3.359119,-1.1971806,0.63761336,-2.969973,-16777216
178,177,179,182,"null","null","null",3,27.410877,3.7661476,-0.395518,1.2371349,-2.2791758,-16777216
179,178,180,181,"null","null","null",2,27.410877,3.4248686,-0.6042887,2.4441597,-1.5045813,-16777216
185,146,186,187,"null","null","null",2,27.410877,0.3578286,-2.7162137,0.9025985,-3.2399807,-16777216
189,144,190,192,"null","null","null",23,21.969873,0.84492064,-3.5679376,2.452291,-0.95279443,-16731116
190,189,-268418048,191,"null","null","null",22,21.658407,0.52359617,-3.4975019,1.9384013,-2.4882097,-16777216
