index,parent,child1,child2,name1,name2,common,richness,lengthbr,hxmax,hxmin,hymax,hymin,color
0,-268279761,1,151,"null","null","null",151,28.295065,0.38599098,-3.5521116,2.592259,-1.087885,-16731116
1,0,2,128,"Corvidae","null","Corvids",119,23.206032,0.5419747,-3.4007149,1.8458359,-2.5897264,-16731116
2,1,3,113,"null","null","null",107,22.260948,0.66192496,-2.7339149,0.67203933,-3.4965997,-16731116
3,2,4,106,"","null","Magpies and Jays",99,20.71314,2.2184484,-2.0607424,0.48397422,-3.5703678,-16731116
4,3,5,33,"null","null","null",95,19.60069,3.32775,-0.91102684,0.64591277,-3.008696,-16731116
5,4,6,28,"null","null","null",58,17.527151,3.6272287,-0.41857076,1.790672,-2.3703573,-16731116
6,5,7,19,"null","null","null",55,16.947102,3.1946898,-0.61676085,3.0697324,-1.2264546,-16731116
7,6,8,12,"null","null","null",50,16.406061,2.508493,-1.3438845,3.5929284,-0.34808123,-16731116
8,7,-268273664,9,"null","null","null",46,14.007334,1.6749309,-2.7607198,3.316045,-0.5755019,-16731116
9,8,10,11,"","null","Nutcrackers",2,5.26188,3.4248652,-0.2750016,2.4441652,-1.5045781,-16731116
12,7,13,18,"null","null","null",4,14.436899,3.5147939,-0.70525765,1.6992425,-2.2791743,-12486656
13,12,14,17,"null","null","null",3,2.9775841,3.0981069,-0.6042892,3.0448964,-1.5045781,-16731116
14,13,15,16,"null","null","null",2,0.38132623,2.361207,-0.6619245,3.664692,-0.32388246,-16731116
19,6,20,27,"null","null","null",5,14.118547,3.1657724,-1.1971772,0.31716225,-2.9699712,-16731116
20,19,21,26,"null","null","null",4,7.48111,3.5147939,-0.39551884,1.6992425,-2.2791743,-16731116
21,20,22,25,"null","null","null",3,6.2419224,3.0981069,-0.6042892,3.0448964,-1.5045781,-16731116
22,21,23,24,"null","null","null",2,2.324484,2.361207,-0.6619245,3.664692,-0.32388246,-16731116
28,5,29,32,"null","null","null",3,10.468185,1.7924259,-2.1365538,0.60018003,-3.6229587,-16731116
29,28,30,31,"null","null","null",2,4.060228,2.8755686,-1.1971772,0.63761365,-3.1081505,-16731116
33,4,34,89,"null","null","null",37,17.475801,0.49325967,-2.8069808,0.90259767,-3.3870258,-16731116
34,33,35,74,"null","null","null",28,15.903418,2.0824463,-2.2078662,0.46288577,-3.516667,-16731116
35,34,36,59,"null","null","null",20,11.274159,3.2525952,-1.0306057,0.63761365,-2.9699712,-16731116
36,35,37,58,"null","null","null",12,8.093604,3.6276634,-0.39551884,1.6694461,-2.2791743,-16731116
37,36,38,57,"null","null","null",11,7.2992167,3.2448373,-0.6042892,3.006161,-1.5045781,-16731116
38,37,39,50,"null","null","null",10,5.821092,2.5519564,-1.2045364,3.614336,-0.32388246,-16731116
39,38,40,49,"null","null","null",6,4.492054,1.7788317,-2.6626332,3.4101973,-0.5592996,-16731116
40,39,41,46,"null","null","null",5,3.471494,0.4148134,-3.48519,2.7414107,-0.6642306,-16731116
41,40,42,45,"null","null","null",3,3.0192142,0.50423855,-3.4706364,2.0102232,-2.14342,-16731116
42,41,43,44,"null","null","null",2,1.9133521,0.6527482,-2.8544023,0.97916484,-3.126811,-16731116
46,40,47,48,"null","null","null",2,1.2866404,2.374521,-0.40725303,3.599759,-0.82108366,-16731116
50,38,51,56,"null","null","null",4,3.9921167,3.4890313,-0.73706603,1.5287797,-2.3134394,-16731116
51,50,52,55,"null","null","null",3,2.8782108,3.1200037,-0.59051806,2.914018,-1.6001867,-16731116
52,51,53,54,"null","null","null",2,2.1653216,2.374521,-0.6642302,3.599759,-0.4135952,-16731116
59,35,60,71,"null","null","null",8,5.591965,0.40943408,-2.8958287,0.9169619,-3.3252785,-16731116
60,59,61,66,"null","null","null",6,4.815661,2.026291,-2.2705507,0.44105583,-3.5286388,-16731116
61,60,62,65,"null","null","null",3,3.725751,3.2790883,-1.3026755,0.6278835,-3.0229423,-16731116
62,61,63,64,"null","null","null",2,1.5533928,3.7626114,-0.37199128,0.6527469,-2.3134394,-16731116
66,60,67,70,"null","null","null",3,4.000134,0.5623976,-3.5523148,2.0763648,-1.9703121,-16731116
67,66,68,69,"null","null","null",2,3.9814885,0.64591265,-2.9852276,1.0892005,-3.0051742,-16731116
71,59,72,73,"null","null","null",2,3.4847994,0.88575673,-3.3442605,2.5711775,-0.37080142,-16731116
74,34,75,86,"null","null","null",8,14.107901,0.52348053,-3.5713387,2.1206808,-2.296084,-16731116
75,74,76,85,"null","null","null",6,12.208369,0.6527479,-2.9853163,0.9791694,-3.3252785,-16731116
76,75,77,82,"null","null","null",5,6.8621697,2.026291,-2.3868847,0.44105583,-3.5286388,-16731116
77,76,78,81,"null","null","null",3,3.8715897,3.2790883,-1.3026755,0.6278835,-3.0229423,-12486656
78,77,79,80,"null","null","null",2,1.8758894,3.7626114,-0.37199128,0.6527469,-2.3134394,-16731116
82,76,83,84,"null","null","null",2,5.299363,0.5623976,-3.814066,2.0763648,-1.2662436,-16731116
86,74,87,88,"null","null","null",2,8.423806,1.8611674,-1.7914399,3.711177,-0.4428624,-16731116
89,33,90,99,"null","null","null",9,13.835129,0.86650527,-3.473289,2.8263764,-0.88763,-16731116
90,89,91,96,"null","null","null",5,9.903041,0.5042378,-3.4551682,2.1206808,-2.4726603,-16731116
91,90,92,95,"null","null","null",3,8.037596,0.6527479,-2.8342948,0.9791694,-3.5548277,-16731116
92,91,93,94,"null","null","null",2,5.2243,0.90940034,-2.1905565,0.44105583,-3.8270526,-16731116
96,90,97,98,"null","null","null",2,7.6469955,1.8611674,-1.7914399,3.711177,-0.4428624,-16731116
99,89,100,103,"null","null","null",4,7.918091,2.7051485,-0.47381783,3.7909281,-0.8210846,-12486656
100,99,101,102,"null","null","null",2,2.8510141,1.8611674,-1.7914399,3.711177,-0.54197454,-16731116
103,99,104,105,"null","null","null",2,5.759022,3.719045,-0.76705194,0.4290238,-2.3408208,-11184866
106,3,107,112,"null","null","null",4,19.14984,0.48358285,-3.4058852,1.9383985,-2.6072886,-16731116
107,106,108,111,"null","null","null",3,12.934623,0.6580924,-2.7521253,0.867519,-3.6251023,-16731116
108,107,109,110,"null","null","null",2,3.2693148,1.0880269,-2.1365538,0.46288577,-3.8261664,-12486656
113,2,114,123,"","null","Magpies",8,13.622704,0.84491944,-3.4974654,2.7891583,-0.95190215,-16731116
114,113,115,122,"null","null","null",5,8.569927,0.5235968,-3.4058852,1.9383985,-2.4870472,-16731116
115,114,116,121,"null","null","null",4,4.816901,0.6580924,-2.7521253,0.867519,-3.4687886,-16731116
116,115,117,120,"null","null","null",3,3.9979508,1.7924259,-2.1365538,0.46288577,-3.6229587,-16731116
117,116,118,119,"null","null","null",2,2.0782888,2.8755686,-1.1971772,0.63761365,-3.1081505,-16731116
123,113,124,127,"null","null","null",3,6.8771453,2.3612075,-0.6648546,3.8027482,-0.7950944,-16731116
124,123,125,126,"null","null","null",2,2.810059,1.7788353,-1.9610502,3.6551359,-0.5592989,-16731116
128,1,129,148,"","null","Coughs and Treepies",12,19.596678,1.6749359,-2.7538254,3.445506,-0.35959655,-16731116
129,128,130,141,"","null","Treepies",10,16.545395,0.47730488,-3.4974654,2.7891583,-0.9035219,-16731116
130,129,131,140,"null","null","null",6,10.51402,0.5235968,-3.4058852,1.9383985,-2.4241529,-16731116
131,130,132,139,"null","null","null",5,6.9564347,0.6580924,-2.7521253,0.867519,-3.3870258,-16731116
132,131,133,138,"null","null","null",4,6.13026,2.1815877,-2.1365538,0.46288577,-3.516667,-16731116
133,132,134,137,"null","null","null",3,4.178808,3.3814788,-1.1971772,0.63761365,-2.9699712,-16731116
134,133,135,136,"null","null","null",2,2.3137248,3.7952123,-0.39551884,0.64591134,-2.2791743,-16731116
141,129,142,145,"null","null","null",4,11.765256,2.673549,-0.6648546,3.8027482,-0.7950944,-16731116
142,141,143,144,"null","null","null",2,8.315385,1.7788353,-1.9610502,3.6551359,-0.5592989,-16731116
145,141,146,147,"null","null","null",2,4.538212,3.76261,-0.7370672,0.4390186,-2.3134408,-16731116
148,128,149,150,"","null","Coughs",2,10.730971,3.4248688,-0.27500102,2.444159,-1.5045819,-16731116
151,0,152,209,"null","null","null",32,25.675781,2.620208,-1.3802794,3.4650445,-0.7670516,-16731116
152,151,153,204,"Laniidae","null","Shrikes",29,14.804089,1.5297087,-2.8080366,3.1497989,-0.5755012,-16731116
153,152,154,203,"null","null","null",26,11.516783,0.5272817,-3.5679398,2.4047387,-0.9701271,-16731116
154,153,155,184,"null","null","null",25,10.702291,0.5235968,-3.4975019,1.8765858,-2.5107396,-16731116
155,154,156,179,"null","null","null",15,9.933184,0.6580924,-2.8712268,0.6457026,-3.4995887,-16731116
156,155,157,170,"null","null","null",12,9.342298,2.0156596,-2.156235,0.46288577,-3.6629987,-16731116
157,156,158,169,"null","null","null",7,6.9699945,3.1657724,-1.1971772,0.63761365,-3.1602027,-16731116
158,157,159,166,"null","null","null",6,5.4204273,3.5147939,-0.39551884,1.780933,-2.5264754,-16731116
159,158,160,165,"null","null","null",4,3.2162454,3.0981069,-0.6042892,3.151094,-1.5045781,-16731116
160,159,161,164,"null","null","null",3,1.9310102,2.361207,-0.6648622,3.8027487,-0.32388246,-16731116
161,160,162,163,"null","null","null",2,1.5101099,1.7788317,-1.9610568,3.6551337,-0.5592996,-16731116
166,158,167,168,"null","null","null",2,2.4455574,0.90940034,-2.1905565,0.63667953,-3.8270526,-16731116
170,156,171,176,"null","null","null",5,8.207408,0.52348053,-3.4551682,2.1206808,-2.4726603,-16731116
171,170,172,175,"null","null","null",3,5.238912,0.6527479,-2.8342948,0.9791694,-3.5548277,-16731116
172,171,173,174,"null","null","null",2,5.144074,0.90940034,-2.1905565,0.44105583,-3.8270526,-16731116
176,170,177,178,"null","null","null",2,5.3085194,1.8611674,-1.7914399,3.711177,-0.4428624,-16731116
179,155,180,183,"null","null","null",3,5.3574595,0.86650527,-3.7314665,2.5607443,-0.38339564,-16731116
180,179,181,182,"null","null","null",2,3.2079155,0.5042378,-3.7907991,2.010226,-1.4433506,-16731116
184,154,185,198,"null","null","null",10,8.972532,1.6207669,-2.6534753,3.3365808,-0.40147904,-16731116
185,184,186,197,"null","null","null",7,4.112485,0.641129,-3.473289,2.6457095,-0.82174075,-16731116
186,185,187,194,"null","null","null",6,3.2790732,0.5042378,-3.4551682,2.1206808,-2.3870044,-12486656
187,186,188,193,"null","null","null",4,2.210476,0.6527479,-2.8342948,0.9791694,-3.443475,-12486656
188,187,189,192,"null","null","null",3,1.5561016,1.6104532,-2.1905565,0.44105583,-3.6822941,-12486656
189,188,190,191,"null","null","null",2,1.3773462,2.7384992,-1.3026755,0.6278835,-3.2226942,-16731116
194,186,195,196,"null","null","null",2,1.7878637,1.8611674,-1.7914399,3.711177,-0.4428624,-12486656
198,184,199,202,"null","null","null",3,5.2189865,3.1200044,-0.3173806,2.9140122,-1.6001905,-16731116
199,198,200,201,"null","null","null",2,3.3072913,2.3745215,-0.66423035,3.5997562,-0.41359985,-16731116
204,152,205,208,"null","null","null",3,4.763531,3.0981078,-0.27500102,3.0448914,-1.5045819,-16731116
205,204,206,207,"null","null","null",2,2.2840269,2.3612075,-0.66192454,3.6646893,-0.32388148,-16731116
209,151,210,213,"null","null","null",3,9.629992,3.7661476,-0.705259,1.2371341,-2.2791758,-16731116
210,209,211,212,"Laniidae","null","Shrikes",2,3.9776528,3.4248688,-0.6042887,2.444159,-1.5045819,-16731116
