index,parent,child1,child2,name1,name2,common,richness,lengthbr,hxmax,hxmin,hymax,hymin,color
0,-268241919,1,131,"","null","Geckos and Legless Lizards",174,134.19998,1.0751492,-2.6772218,0.82108676,-3.552108,-16731116
1,0,2,112,"","null","Geckos",103,134.1,2.5731766,-1.7883086,0.5419732,-3.4007168,-16731116
2,1,3,81,"null","null","null",93,117.6,3.475095,-0.6137149,0.6619247,-2.7339182,-16731116
3,2,4,34,"null","null","null",77,111.7,3.5424206,-0.48397207,2.218433,-2.0659308,-16731116
4,3,-268217344,5,"null","null","null",53,111.7,2.9723682,-0.6459119,3.3277416,-0.88859326,-16731116
5,4,6,21,"null","null","null",15,111.7,3.470302,-0.9025996,0.44186652,-2.7564838,-16731116
6,5,7,20,"null","null","null",8,111.7,3.624936,-0.46288335,2.0156415,-2.136561,-16777216
7,6,8,19,"null","null","null",7,111.7,3.1107254,-0.6376126,3.165761,-1.1971906,-16777216
8,7,9,14,"null","null","null",6,111.7,2.4621503,-1.699219,3.5147917,-0.39551586,-16777216
9,8,10,13,"","null","Dwarf Geckos",3,29.3,1.5045918,-3.0448782,3.0981112,-0.60428745,-16777216
10,9,11,12,"null","null","null",2,29.3,0.323879,-3.6646833,2.3612099,-0.66192484,-16777216
14,8,15,18,"","null","Croaking Geckos",3,29.3,3.682302,-0.6366844,1.6104288,-2.1905634,-16777216
15,14,16,17,"null","null","null",2,29.3,3.2227097,-0.6278822,2.7384799,-1.3026892,-16777216
21,5,22,33,"null","null","null",7,111.7,0.7517853,-2.5607553,0.86650753,-3.4732869,-16731116
22,21,23,32,"null","null","null",6,111.7,2.2960691,-2.0102336,0.5042357,-3.4551742,-16731116
23,22,24,31,"null","null","null",5,111.7,3.325271,-0.97918236,0.6527473,-2.8343048,-16731116
24,23,25,30,"null","null","null",4,111.7,3.52864,-0.44105315,2.0262702,-2.1905634,-16731116
25,24,26,29,"null","null","null",3,111.7,3.0229492,-0.6278822,3.2790737,-1.3026892,-16731116
26,25,27,28,"","null","Bent-toed Geckos",2,18.5,2.3134441,-0.6527477,3.7626061,-0.3719881,-16731116
34,3,35,76,"null","null","null",24,111.700005,2.510728,-1.799394,0.48358738,-3.41754,-16731116
35,34,36,65,"null","null","null",21,111.7,3.4995842,-0.7637715,0.6580919,-2.767278,-16731116
36,35,37,58,"null","null","null",15,111.7,3.663003,-0.46288335,2.0156415,-2.1562462,-16731116
37,36,38,49,"null","null","null",11,111.7,3.1602125,-0.6376126,3.165761,-1.0032719,-16731116
38,37,39,46,"null","null","null",6,111.7,2.5264835,-1.7809141,3.5147917,-0.39551586,-12486656
39,38,40,45,"null","null","null",4,111.7,1.5045918,-3.1510818,3.0981112,-0.60428745,-16731116
40,39,41,44,"","null","False Geckos",3,29.3,0.323879,-3.8027477,2.3612099,-0.6648351,-16731116
41,40,42,43,"null","null","null",2,29.3,0.5592972,-3.6551423,1.7788439,-1.961033,-16731116
46,38,47,48,"","null","Marbled Geckos",2,18.5,3.8270519,-0.6366844,0.90937686,-2.1905634,-11184866
49,37,50,57,"null","null","null",5,111.7,3.325271,-0.97918236,0.40941346,-2.8343048,-16731116
50,49,51,56,"null","null","null",4,111.7,3.52864,-0.44105315,2.0262702,-2.1905634,-16731116
51,50,52,55,"","null","Scaly-toed Geckos",3,29.3,3.0229492,-0.6278822,3.2790737,-1.3026892,-16731116
52,51,53,54,"null","null","null",2,29.3,2.3134441,-0.6527477,3.7626061,-0.3719881,-16731116
58,36,59,64,"null","null","null",4,111.7,2.4726443,-2.0102336,0.52348524,-3.4551742,-16777216
59,58,60,63,"","null","Wonder Geckos",3,35.6,3.5548184,-0.97918236,0.6527473,-2.8343048,-16777216
60,59,61,62,"null","null","null",2,35.4,3.8270519,-0.44105315,0.90937686,-2.1905634,-16777216
65,35,66,71,"","null","Leaf-toed Geckos",6,47.7,0.6343421,-2.8263803,0.86650753,-3.485192,-16731116
66,65,67,70,"null","null","null",3,47.7,2.143393,-2.0102336,0.5042357,-3.470651,-16731116
67,66,68,69,"null","null","null",2,47.7,3.126792,-0.97918236,0.6527473,-2.8544245,-16731116
71,65,72,75,"null","null","null",3,47.7,0.82108724,-3.790927,2.3745227,-0.4737985,-16777216
72,71,73,74,"null","null","null",2,47.7,0.5419729,-3.7111826,1.8611754,-1.7914221,-16777216
76,34,77,80,"","null","Calling Geckos",3,88.8,0.4014834,-3.1628807,1.7788435,-2.6272578,-16731116
77,76,78,79,"null","null","null",2,88.8,0.66423035,-2.4198995,0.64114004,-3.4392164,-16731116
81,2,82,99,"null","null","null",16,88.2,0.97011274,-2.6579108,0.8449218,-3.4974647,-16731116
82,81,83,96,"null","null","null",9,88.0,2.510728,-2.018177,0.523595,-3.405892,-16731116
83,82,84,95,"null","null","null",7,63.8,3.4995842,-0.86753124,0.6580919,-2.7521353,-16731116
84,83,85,94,"null","null","null",6,59.1,3.663003,-0.46288335,2.164375,-2.136561,-16731116
85,84,86,93,"null","null","null",5,50.1,3.1602125,-0.6376126,3.3591144,-1.1971906,-16731116
86,85,87,90,"null","null","null",4,43.899998,2.5264835,-1.2371151,3.7661512,-0.39551586,-16731116
87,86,88,89,"null","null","null",2,27.3,1.5045918,-2.4441433,3.4248786,-0.60428745,-16731116
90,86,91,92,"null","null","null",2,43.3,3.8270519,-0.6366844,0.90937686,-2.1905634,-16777216
96,82,97,98,"","null","Scaly-eyed Geckos",2,22.7,0.4014834,-3.6551423,1.7788435,-1.9610333,-16777216
99,81,100,109,"","null","Dwarf Geckos",7,46.8,0.795097,-3.507432,2.6735525,-1.3502436,-16777216
100,99,101,106,"null","null","null",5,46.8,0.55929744,-3.271231,1.7948642,-2.852063,-16777216
101,100,102,105,"null","null","null",3,46.8,0.66423047,-2.5607548,0.6411398,-3.731463,-16777216
102,101,103,104,"null","null","null",2,46.8,1.4433315,-2.0102332,0.50423586,-3.7908025,-16777216
106,100,107,108,"null","null","null",2,46.8,1.6001984,-2.2880404,3.5117066,-0.31738454,-16777216
109,99,110,111,"null","null","null",2,46.8,2.3134434,-0.43901774,3.762607,-0.73707,-16777216
112,1,113,130,"null","null","null",10,115.3,0.3596006,-3.3160524,1.691736,-2.7538173,-16731116
113,112,114,123,"null","null","null",9,101.7,1.0443803,-2.6208677,0.33849376,-3.4974644,-16731116
114,113,115,120,"","null","Banded Geckos",5,57.4,2.6072752,-2.018176,0.52359504,-3.4058914,-16731116
115,114,116,119,"null","null","null",3,43.8,3.6250954,-0.8675306,0.658092,-2.7521348,-16731116
116,115,117,118,"null","null","null",2,28.5,3.8261669,-0.46288353,1.088006,-2.1365604,-16731116
120,114,121,122,"null","null","null",2,27.6,0.40148306,-3.6551414,1.7788428,-1.9610348,-16777216
123,113,124,129,"null","null","null",4,72.49999,0.7950969,-3.4240851,2.3612094,-1.1773181,-11184866
124,123,125,128,"null","null","null",3,64.399994,0.5592975,-3.1628795,1.7788424,-2.6272593,-16777216
125,124,126,127,"null","null","null",2,35.6,0.66423047,-2.419898,0.64113885,-3.439217,-16777216
131,0,-268216320,132,"null","null","null",71,100.59999,0.7670542,-3.6562014,2.5084991,-1.3577752,-12486656
132,131,133,166,"PYGOPODIDAE","null","Legless Lizards",28,54.200005,2.4650178,-1.606174,3.514792,-0.7052617,-12486656
133,132,134,163,"null","null","null",17,54.2,1.4209553,-2.9239175,3.0981104,-0.60428774,-11184866
134,133,135,162,"null","null","null",15,54.2,0.3238796,-3.5074317,2.3612094,-1.2118211,-11184866
135,134,136,161,"null","null","null",14,37.3,0.5592975,-3.2712302,1.7788424,-2.6721132,-11184866
136,135,137,160,"null","null","null",13,37.300003,0.7517878,-2.5607538,0.64113885,-3.4975274,-11184866
137,136,138,159,"null","null","null",12,37.300003,2.2960713,-2.0102327,0.504236,-3.4866858,-11184866
138,137,139,156,"null","null","null",11,34.9,3.325272,-0.72747827,0.65274733,-2.8752692,-11184866
139,138,140,149,"null","null","null",9,24.8,3.5286403,-0.4410535,2.0426807,-2.243818,-11184866
140,139,141,146,"null","null","null",5,24.8,3.0229487,-0.62788236,3.3004057,-1.1514577,-11184866
141,140,142,145,"null","null","null",3,14.299999,2.3134437,-1.0472484,3.7903361,-0.37198845,-16777216
142,141,143,144,"null","null","null",2,7.2,1.6001993,-2.2880385,3.5117075,-0.5905162,-16777216
146,140,147,148,"null","null","null",2,16.7,3.0051594,-1.0892124,0.33095488,-2.9852424,-11184866
149,139,150,155,"null","null","null",4,17.5,2.3305564,-2.0763717,0.5624019,-3.4921482,-16777216
150,149,151,154,"null","null","null",3,16.9,3.4735022,-1.0892124,0.6459119,-2.907014,-16777216
151,150,152,153,"null","null","null",2,12.0,3.8167186,-0.41856796,0.7310486,-2.2381651,-16777216
156,138,157,158,"null","null","null",2,24.5,0.37080008,-2.5711927,0.88575864,-3.3442507,-11184866
163,133,164,165,"null","null","null",2,23.1,3.2227068,-0.30319977,2.738484,-1.3026865,-16777216
166,132,167,186,"null","null","null",11,44.100002,3.688757,-0.6366836,1.8643929,-2.1905622,-12486656
167,166,168,185,"null","null","null",10,44.000004,3.2311,-0.6278824,3.068631,-1.3026865,-12486656
168,167,169,182,"null","null","null",9,43.800003,2.584041,-1.4435936,3.4890277,-0.3719887,-12486656
169,168,170,177,"null","null","null",7,29.7,1.4333901,-2.803286,3.120006,-0.59051645,-12486656
170,169,171,176,"null","null","null",4,29.7,0.41360873,-3.45582,2.3745227,-0.99772674,-12486656
171,170,172,175,"null","null","null",3,22.0,0.5419731,-3.2755427,1.8611742,-2.4725277,-12486656
172,171,173,174,"null","null","null",2,21.5,0.6619247,-2.5711918,0.75470114,-3.3442512,-12486656
177,169,178,181,"null","null","null",3,17.1,3.0657153,-0.28912765,3.1667328,-1.4052887,-16777216
178,177,179,180,"null","null","null",2,6.8,2.340823,-0.65809214,3.7190413,-0.34807834,-16777216
182,168,183,184,"","null","Scalyfoots",2,16.4,3.816719,-0.67175555,0.7310517,-2.2381644,-16777216
