index,parent,child1,child2,name1,name2,common,richness,lengthbr,hxmax,hxmin,hymax,hymin,color
0,-268228604,1,62,"","null","Boas, Pythons, Earth Snakes and more",44,0.0,3.5845256,-0.6001848,2.1250017,-2.1772854,-12486656
1,0,2,59,"null","null","null",31,0.0,3.0581915,-0.6376126,3.307929,-1.0122141,-12486656
2,1,3,38,"null","null","null",29,0.0,2.393856,-1.6061704,3.6996102,-0.39551586,-12486656
3,2,4,37,"null","null","null",18,0.0,1.5045918,-2.9239151,3.338375,-0.60428745,-16777216
4,3,5,34,"null","null","null",17,0.0,0.323879,-3.507431,2.6735528,-1.2503523,-16777216
5,4,6,33,"null","null","null",15,0.0,0.5592972,-3.271231,1.7788439,-2.7222054,-16777216
6,5,7,32,"null","null","null",14,0.0,0.82466626,-2.5607548,0.64114,-3.562649,-16777216
7,6,8,31,"","null","Earth Snakes",13,0.0,2.3908143,-2.010233,0.50423574,-3.5713449,-16777216
8,7,9,30,"null","null","null",12,0.0,3.4484386,-0.9791801,0.6527473,-2.9853263,-16777216
9,8,10,27,"null","null","null",11,0.0,3.6887565,-0.44105357,1.864394,-2.3868926,-16777216
10,9,11,26,"null","null","null",9,0.0,3.2310996,-0.6278824,3.0686321,-1.3026856,-16777216
11,10,12,23,"null","null","null",8,0.0,2.5840404,-1.6418834,3.4890285,-0.37198886,-16777216
12,11,13,18,"null","null","null",6,0.0,1.4333884,-3.0610616,3.1200058,-0.59051657,-16777216
13,12,14,17,"null","null","null",3,0.0,0.41360605,-3.790927,2.3745227,-0.66423047,-16777216
14,13,15,16,"null","null","null",2,0.0,0.5419735,-3.7111802,1.8611722,-1.7914294,-16777216
18,12,19,22,"null","null","null",3,0.0,3.0657144,-0.2891279,3.166736,-1.4052861,-16777216
19,18,20,21,"null","null","null",2,0.0,2.3408225,-0.658092,3.7190428,-0.34807888,-16777216
23,11,24,25,"null","null","null",2,0.0,3.816719,-0.6717552,0.7310552,-2.238164,-16777216
27,9,28,29,"null","null","null",2,0.0,1.2662282,-2.0763705,0.56240153,-3.8140674,-16777216
34,4,35,36,"null","null","null",2,0.0,2.313444,-0.4390176,3.7626064,-0.7370704,-16777216
38,2,39,58,"null","null","null",11,0.0,3.52864,-0.6366844,1.9801514,-2.1905634,-12486656
39,38,40,57,"null","null","null",10,0.0,3.0229492,-0.6278822,3.2191193,-1.3026892,-12486656
40,39,41,56,"null","null","null",9,0.0,2.3134441,-1.4749742,3.6846652,-0.3719881,-12486656
41,40,42,55,"null","null","null",8,0.0,1.6002007,-2.8440835,3.3743362,-0.590516,-12486656
42,41,43,52,"null","null","null",7,0.0,0.29948714,-3.5088603,2.7051516,-1.1987886,-12486656
43,42,44,49,"null","null","null",5,0.0,0.5419725,-3.3444977,1.9094278,-2.733911,-16777216
44,43,45,48,"null","null","null",3,0.0,0.6619246,-2.6608334,0.75470394,-3.684053,-16777216
45,44,46,47,"null","null","null",2,0.0,1.2662228,-2.0763726,0.4839716,-3.814068,-16777216
49,43,50,51,"null","null","null",2,0.0,1.6917387,-2.1267867,3.5885649,-0.35960186,-16777216
52,42,53,54,"null","null","null",2,0.0,2.3408237,-0.4290226,3.7190394,-0.76705533,-12486656
59,1,60,61,"null","null","null",2,0.0,3.126792,-0.97918236,0.34452838,-2.8544245,-8572416
62,0,63,86,"null","null","null",13,0.0,2.2960691,-2.0102336,0.52348524,-3.5025122,-12486656
63,62,64,83,"null","null","null",12,0.0,3.325271,-0.72748053,0.6527473,-2.895844,-12486656
64,63,65,76,"null","null","null",10,0.0,3.52864,-0.44105315,1.8643892,-2.2705646,-16731116
65,64,66,75,"null","null","null",6,0.0,3.0229492,-0.6278822,3.0686283,-1.3026892,-16777216
66,65,67,74,"null","null","null",5,0.0,2.3134441,-1.6418772,3.489027,-0.3719881,-16777216
67,66,68,73,"null","null","null",4,0.0,1.6002007,-3.0610573,3.1200066,-0.590516,-16777216
68,67,69,72,"null","null","null",3,0.0,0.41361272,-3.7909262,2.374523,-0.66423047,-16777216
69,68,70,71,"null","null","null",2,0.0,0.5419725,-3.711183,1.8611767,-1.7914197,-16777216
76,64,77,80,"null","null","null",4,0.0,1.9702901,-2.2165644,0.5624025,-3.5523252,-16731116
77,76,78,79,"null","null","null",2,0.0,3.0051577,-1.0892141,0.64591175,-2.9852443,-16731116
80,76,81,82,"null","null","null",2,0.0,0.4835881,-3.7564626,1.9384077,-1.6186256,-11184866
83,63,84,85,"null","null","null",2,0.0,0.3707999,-2.5711951,0.8857589,-3.3442495,-11184866
