index,parent,child1,child2,name1,name2,common,richness,lengthbr,hxmax,hxmin,hymax,hymin,color
0,-268435427,1,76,"Passeridae","null","Sparrows, Snowfinches and more",39,25.130558,2.377347,-2.010225,0.5234802,-3.4866781,-16731116
1,0,2,53,"null","null","null",38,19.94496,3.4309192,-0.7955922,0.652748,-2.875257,-16731116
2,1,3,46,"null","null","null",26,12.417696,3.6659708,-0.441056,1.938434,-2.2438078,-16731116
3,2,4,43,"null","null","null",22,8.632125,3.2014735,-0.62788355,3.1648731,-1.1514399,-16731116
4,3,5,38,"null","null","null",20,7.4885244,2.54553,-1.4749951,3.6141305,-0.37199152,-16731116
5,4,6,27,"null","null","null",17,5.616982,1.5333102,-2.8440971,3.2826324,-0.59051824,-16731116
6,5,7,18,"null","null","null",11,5.257326,0.39172834,-3.508861,2.5859382,-1.1988146,-16731116
7,6,8,13,"null","null","null",6,4.433633,0.5419755,-3.3444862,1.7061918,-2.7339318,-16731116
8,7,9,12,"null","null","null",3,3.9616191,0.66192514,-2.6608171,0.7546856,-3.684062,-16731116
9,8,10,11,"null","null","null",2,2.1302812,1.2662525,-2.0763617,0.48397505,-3.814065,-16731116
13,7,14,17,"null","null","null",3,3.4499834,1.6917245,-2.7746296,3.1313143,-0.35959482,-16731116
14,13,15,16,"null","null","null",2,2.095797,0.52727723,-3.5245066,2.3807092,-0.665,-16731116
18,6,19,24,"null","null","null",5,3.2878885,2.6331234,-1.3545845,3.4508276,-0.7670504,-16731116
19,18,20,23,"null","null","null",3,2.4850311,1.6917245,-2.7746296,3.1313143,-0.5755019,-16731116
20,19,21,22,"null","null","null",2,1.870729,0.52727723,-3.5245066,2.3807092,-0.665,-16731116
24,18,25,26,"null","null","null",2,2.0463877,3.7952123,-0.70525765,0.55374324,-2.2791743,-16731116
27,5,28,35,"null","null","null",6,4.6648436,3.2905593,-0.28912947,3.2309797,-1.2878677,-16731116
28,27,29,32,"null","null","null",4,2.4197655,2.6331234,-0.8562642,3.8025498,-0.34808123,-16731116
29,28,30,31,"null","null","null",2,1.9780413,1.6917245,-2.1268134,3.5885527,-0.5755019,-16731116
32,28,33,34,"null","null","null",2,1.9287643,3.7952123,-0.70525765,0.55374324,-2.2791743,-16731116
35,27,36,37,"null","null","null",2,2.076143,2.8755686,-1.1971772,0.31716225,-3.1081505,-16731116
38,4,39,42,"null","null","null",3,5.030888,3.7300858,-0.6717514,1.425116,-2.2381592,-16731116
39,38,40,41,"null","null","null",2,2.643169,3.328404,-0.61676085,2.5945096,-1.4052767,-16731116
43,3,44,45,"null","null","null",2,2.9896276,3.005175,-1.0891994,0.33095664,-2.9852262,-12486656
46,2,47,52,"null","null","null",4,6.861189,2.330574,-2.0763643,0.56239724,-3.492144,-16731116
47,46,48,51,"null","null","null",3,4.6985083,3.4735134,-1.0891994,0.64591277,-2.9070053,-16731116
48,47,49,50,"null","null","null",2,2.472135,3.816721,-0.41857076,0.7310724,-2.2381592,-16731116
53,1,54,69,"null","null","null",12,16.960926,0.5977216,-2.7244692,0.8857566,-3.5377078,-16731116
54,53,55,68,"null","null","null",8,14.672734,2.1597412,-2.0763643,0.48397422,-3.6238084,-16731116
55,54,56,67,"null","null","null",7,10.322283,3.2514307,-1.0891994,0.64591277,-3.0781689,-16731116
56,55,57,64,"null","null","null",6,8.61676,3.5280137,-0.41857076,1.9147083,-2.4606717,-16731116
57,56,58,63,"null","null","null",4,6.7964306,3.0657103,-0.61676085,3.2309797,-1.4052767,-16731116
58,57,59,62,"null","null","null",3,6.6825933,2.3408196,-0.8562642,3.8025498,-0.34808123,-16731116
59,58,60,61,"null","null","null",2,0.907093,1.6917245,-2.1268134,3.5885527,-0.5755019,-16731116
64,56,65,66,"null","null","null",2,3.0313814,1.0880269,-2.1365538,0.60018003,-3.8261664,-16731116
69,53,70,75,"null","null","null",4,10.020206,0.84491944,-3.4762132,2.4522867,-0.8165151,-16731116
70,69,71,74,"null","null","null",3,9.369272,0.5235968,-3.3782573,1.9383985,-2.311044,-16731116
71,70,72,73,"null","null","null",2,5.2653337,0.6580924,-2.716209,0.867519,-3.2399843,-16731116
