index,parent,child1,child2,name1,name2,common,richness,lengthbr,hxmax,hxmin,hymax,hymin,color
0,-268360589,1,44,"null","null","null",33,52.594036,0.48358428,-3.505798,1.9093062,-2.42415,-16777216
1,0,2,25,"null","null","null",22,52.594036,0.6580923,-2.8820124,0.76376307,-3.3870244,-16777216
2,1,3,22,"null","null","null",12,21.161606,2.0156565,-2.3054059,0.46288532,-3.516667,-16777216
3,2,4,15,"null","null","null",10,21.161606,3.1657705,-1.0032592,0.6376135,-2.9699724,-16777216
4,3,5,14,"null","null","null",6,21.161606,3.5147936,-0.39551836,1.7809302,-2.2791753,-16777216
5,4,6,11,"null","null","null",5,21.161606,3.0981078,-0.60428894,3.151092,-1.420942,-16777216
6,5,7,10,"null","null","null",3,21.161606,2.361208,-0.66485816,3.8027484,-0.32388195,-16777216
7,6,8,9,"null","null","null",2,21.161606,1.7788337,-1.9610533,3.6551347,-0.55929923,-16777216
11,5,12,13,"null","null","null",2,21.161606,2.7384984,-1.3026757,0.30320114,-3.2226949,-16777216
15,3,16,19,"null","null","null",4,21.161606,0.3445298,-2.8342955,0.91696227,-3.554827,-16777216
16,15,17,18,"null","null","null",2,21.161606,0.9093993,-2.1905572,0.4410557,-3.8270524,-16777216
19,15,20,21,"null","null","null",2,21.161606,0.88575685,-3.3442616,2.571176,-0.37080136,-16777216
22,2,23,24,"null","null","null",2,21.161606,0.52348137,-3.7907991,2.0102262,-1.4433496,-16777216
25,1,26,39,"null","null","null",10,19.608946,0.86650574,-3.473289,2.826377,-0.8217398,-16777216
26,25,27,36,"null","null","null",7,19.608946,0.50423765,-3.4551687,2.1206813,-2.3870034,-16777216
27,26,28,33,"null","null","null",5,19.608946,0.65274787,-2.8342955,0.7274631,-3.4434745,-16777216
28,27,29,32,"null","null","null",3,19.608946,1.6104523,-2.1905572,0.4410557,-3.6822944,-16777216
29,28,30,31,"null","null","null",2,19.608946,2.7384984,-1.3026757,0.62788343,-3.2226949,-16777216
33,27,34,35,"null","null","null",2,19.608946,0.88575685,-3.3442616,2.571176,-0.37080136,-16777216
36,26,37,38,"null","null","null",2,19.608946,1.8611672,-1.7914393,3.7111776,-0.44286263,-16777216
39,25,40,43,"null","null","null",3,19.608946,2.3745217,-0.47381705,3.7909286,-0.82108474,-16777216
40,39,41,42,"null","null","null",2,19.608946,1.8611678,-1.7914387,3.7111776,-0.5419746,-16777216
44,0,45,62,"null","null","null",11,20.420612,1.794855,-2.6534739,3.4101977,-0.4014799,-16777216
45,44,46,59,"null","null","null",9,20.420612,0.4148181,-3.4732885,2.7414117,-0.8876263,-16777216
46,45,47,54,"null","null","null",7,20.420612,0.50423735,-3.4551694,1.9270635,-2.472657,-16777216
47,46,48,51,"null","null","null",4,20.420612,0.6527478,-2.8342967,0.7274654,-3.5548258,-16777216
48,47,49,50,"null","null","null",2,20.420612,0.90939677,-2.190558,0.44105536,-3.827052,-16777216
51,47,52,53,"null","null","null",2,20.420612,0.8857571,-3.3442602,2.5711784,-0.37080115,-16777216
54,46,55,58,"null","null","null",3,20.420612,1.8611684,-2.472539,3.2755346,-0.44286323,-16777216
55,54,56,57,"null","null","null",2,20.420612,0.7546934,-3.3442583,2.5711806,-0.6619249,-16777216
59,45,60,61,"null","null","null",2,20.420612,2.3745217,-0.4072523,3.5997553,-0.8210851,-16777216
62,44,63,64,"null","null","null",2,20.420612,3.5117004,-0.31738114,2.2880526,-1.600191,-16777216
