index,parent,child1,child2,name1,name2,common,richness,lengthbr,hxmax,hxmin,hymax,hymin,color
0,-268184483,1,68,"null","null","null",57,9.969473,0.661925,-2.7652373,0.49125552,-3.4965994,-16731116
1,0,2,63,"","null","Antshrikes",34,9.616348,2.2184467,-2.0484648,0.483974,-3.5703683,-16731116
2,1,3,50,"null","null","null",31,7.070935,3.3277493,-0.93958163,0.64591265,-3.008697,-16731116
3,2,4,45,"null","null","null",24,6.5188103,3.6272287,-0.41857052,1.828113,-2.370358,-16731116
4,3,5,42,"null","null","null",21,6.287376,3.1946905,-0.6167606,3.1184065,-1.2878692,-16731116
5,4,6,35,"null","null","null",19,5.3959775,2.5084934,-1.3385825,3.6562057,-0.34808096,-16731116
6,5,7,32,"null","null","null",15,4.6658807,1.6749322,-2.753828,3.3983064,-0.5755017,-16731116
7,6,8,29,"null","null","null",13,4.2317424,0.33848423,-3.4974656,2.7277985,-0.9035262,-16731116
8,7,9,20,"null","null","null",11,3.8436246,0.52359736,-3.4058833,1.8475344,-2.4241562,-16731116
9,8,10,19,"null","null","null",6,3.3580904,0.65809256,-2.7521224,0.8675156,-3.3870273,-16731116
10,9,11,18,"null","null","null",5,3.278889,2.1815925,-2.136552,0.46288642,-3.516666,-16731116
11,10,12,15,"null","null","null",4,3.0364122,3.381482,-1.012192,0.6376139,-2.9699693,-16731116
12,11,13,14,"null","null","null",2,1.9437599,3.7952132,-0.39551952,0.6459111,-2.279173,-16731116
15,11,16,17,"null","null","null",2,1.4105248,0.3445305,-2.8544035,0.979166,-3.1268096,-12486656
20,8,21,26,"null","null","null",5,2.9144497,1.79485,-2.8520768,3.2712202,-0.40147778,-16731116
21,20,22,25,"null","null","null",3,1.8364418,0.6411255,-3.7314677,2.5607407,-0.6642306,-16731116
22,21,23,24,"null","null","null",2,0.745356,0.50423837,-3.7907982,2.0102236,-1.4433559,-16731116
26,20,27,28,"null","null","null",2,1.4604719,3.5116968,-0.3173793,2.2880588,-1.6001878,-16731116
29,7,30,31,"null","null","null",2,0.48759013,2.361207,-0.41842157,3.6646912,-0.79509366,-16731116
32,6,33,34,"null","null","null",2,1.5131118,3.4248662,-0.27500144,2.4441638,-1.5045791,-16731116
35,5,36,41,"null","null","null",4,4.794304,3.5147934,-0.705258,1.6992409,-2.2791743,-16731116
36,35,37,40,"null","null","null",3,4.1532326,3.0981069,-0.60428905,3.0448952,-1.5045791,-16731116
37,36,38,39,"null","null","null",2,3.9244707,2.361207,-0.6619245,3.6646912,-0.32388222,-16731116
42,4,43,44,"null","null","null",2,4.7564507,2.8755672,-1.1971784,0.3171621,-3.108152,-16731116
45,3,46,49,"null","null","null",3,4.719912,1.7924242,-2.1365547,0.6001805,-3.6229591,-16731116
46,45,47,48,"null","null","null",2,2.9568386,2.8755672,-1.1971784,0.6376136,-3.108152,-16731116
50,2,51,58,"null","null","null",7,3.8626509,0.5695207,-2.8712273,0.9025978,-3.3870246,-16731116
51,50,52,57,"null","null","null",4,2.7760618,2.1815863,-2.1365547,0.46288556,-3.5166664,-16731116
52,51,53,56,"null","null","null",3,1.8320816,3.3814778,-1.1971784,0.6376136,-2.9699712,-16731116
53,52,54,55,"null","null","null",2,0.45109412,3.7952118,-0.3955186,0.6459114,-2.2791743,-16731116
58,50,59,62,"null","null","null",3,3.6405284,0.8665055,-3.731467,2.5607438,-0.3833955,-16731116
59,58,60,61,"null","null","null",2,1.4881103,0.5042379,-3.7907996,2.0102258,-1.4433501,-16731116
63,1,64,67,"null","null","null",3,9.23122,0.48358327,-3.3782585,1.9383984,-2.3110435,-16731116
64,63,65,66,"null","null","null",2,2.6121702,0.65809244,-2.7162104,0.8675197,-3.239983,-16731116
68,0,69,112,"","null","Antwrens and Antvireos",23,9.388477,0.8449197,-3.5679402,2.3823931,-0.9701275,-16731116
69,68,70,99,"null","null","null",22,8.030232,0.5235969,-3.497502,1.8475369,-2.5107398,-16731116
70,69,71,92,"","null","Antwrens, Bushbirds and Antbirds",15,5.6267653,0.65809244,-2.8712273,0.726,-3.4995885,-16731116
71,70,72,87,"null","null","null",11,4.912245,2.0156581,-2.1631126,0.46288556,-3.6629992,-16731116
72,71,73,82,"null","null","null",8,3.8230765,3.1657712,-1.0032585,0.6376136,-3.1602035,-16731116
73,72,74,79,"null","null","null",5,2.5908647,3.5147934,-0.3955186,1.6992409,-2.526476,-12486656
74,73,75,78,"null","null","null",3,1.5829725,3.0981069,-0.60428905,3.0448952,-1.5045791,-12486656
75,74,76,77,"null","null","null",2,1.1273595,2.361207,-0.6619245,3.6646912,-0.32388222,-16731116
79,73,80,81,"null","null","null",2,0.25174284,0.9093985,-2.1905575,0.6366799,-3.827052,-12486656
82,72,83,86,"null","null","null",3,3.21388,0.34452996,-2.834296,0.97917,-3.5548263,-16731116
83,82,84,85,"null","null","null",2,1.3599854,0.9093985,-2.1905575,0.4410556,-3.827052,-16731116
87,71,88,91,"null","null","null",3,2.884406,0.52348095,-3.4706411,2.0102258,-2.1434124,-12486656
88,87,89,90,"null","null","null",2,1.6736412,0.652748,-2.8544092,0.97917,-3.1268048,-16731116
92,70,93,96,"null","null","null",4,4.3269377,0.8665055,-3.731467,2.7414117,-0.3833955,-16731116
93,92,94,95,"null","null","null",2,1.7595284,0.5042379,-3.7907996,2.0102258,-1.4433501,-16731116
96,92,97,98,"null","null","null",2,1.5520765,2.3745217,-0.4072526,3.5997577,-0.8210845,-16731116
99,69,100,107,"null","null","null",7,5.521133,1.6207652,-2.6626318,3.2712216,-0.40147883,-16731116
100,99,101,106,"null","null","null",4,4.535907,0.64112616,-3.4851902,2.5607424,-0.6642306,-16731116
101,100,102,105,"null","null","null",3,4.074173,0.5042381,-3.4706383,2.0102248,-2.1434164,-16731116
102,101,103,104,"null","null","null",2,1.5326211,0.65274805,-2.8544052,0.9791667,-3.1268086,-12486656
107,99,108,111,"null","null","null",3,3.140287,3.1200042,-0.31737974,2.9140172,-1.6001872,-16731116
108,107,109,110,"null","null","null",2,1.5787039,2.3745217,-0.66423035,3.5997589,-0.41359526,-12486656
