index,parent,child1,child2,name1,name2,common,richness,lengthbr,hxmax,hxmin,hymax,hymin,color
0,-268206063,1,158,"null","null","null",80,29.400002,1.5045848,-2.995384,3.3117251,-0.27500036,-16731116
1,0,2,101,"null","null","null",79,29.400002,0.32388073,-3.6003332,2.6389093,-1.2118273,-16731116
2,1,3,86,"null","null","null",50,29.400002,0.5592984,-3.3919988,1.7338045,-2.6721172,-16731116
3,2,4,51,"null","null","null",42,29.400002,0.75179744,-2.717753,0.5171489,-3.497527,-16731116
4,3,5,50,"null","null","null",24,29.4,2.29608,-2.0102282,0.5042372,-3.48668,-16731116
5,4,6,47,"null","null","null",23,14.5,3.3252766,-0.72746766,0.65274775,-2.8752608,-16731116
6,5,7,38,"","null","Vlei Rats",21,14.2,3.528639,-0.44105512,1.8644047,-2.2438111,-16731116
7,6,8,25,"null","null","null",16,14.2,3.0229437,-0.6278832,3.0686388,-1.1166797,-16731116
8,7,9,24,"null","null","null",9,14.2,2.3134403,-1.5047891,3.48903,-0.37199056,-16731116
9,8,10,21,"null","null","null",8,14.2,1.5501353,-2.882833,3.1200042,-0.59051764,-16731116
10,9,11,20,"null","null","null",6,14.2,0.4135989,-3.559222,2.3745215,-1.1988084,-16731116
11,10,12,19,"null","null","null",5,8.3,0.5419747,-3.4099584,1.8611665,-2.7339268,-16731116
12,11,13,16,"null","null","null",4,8.3,0.66192496,-2.7459316,0.49050635,-3.6840599,-16731116
13,12,14,15,"null","null","null",2,8.3,1.2662454,-2.0763643,0.48397422,-3.814066,-16731116
16,12,17,18,"null","null","null",2,8.3,0.84491944,-3.5245032,2.3807092,-0.39556205,-16777216
21,9,22,23,"null","null","null",2,14.2,3.3284082,-0.2891289,2.5945039,-1.4052806,-16731116
25,7,26,33,"null","null","null",7,14.2,3.2514277,-0.92879295,0.3309561,-2.9070082,-12486656
26,25,27,32,"null","null","null",4,14.2,3.5280137,-0.4185698,1.8652921,-2.238161,-16731116
27,26,28,31,"null","null","null",3,14.2,3.065712,-0.6167603,3.1667423,-1.4052806,-12486656
28,27,29,30,"null","null","null",2,3.6,2.3408208,-0.6580918,3.7190452,-0.34808022,-16731116
33,25,34,37,"null","null","null",3,5.7,0.35782874,-2.752129,0.90259826,-3.6250997,-12486656
34,33,35,36,"null","null","null",2,5.7,1.0880196,-2.1365566,0.4628849,-3.8261666,-8572416
38,6,39,46,"null","null","null",5,14.2,2.279306,-2.076367,0.5623988,-3.4921455,-12486656
39,38,40,45,"null","null","null",4,14.2,3.4068692,-1.0892038,0.6459124,-2.9070082,-12486656
40,39,41,44,"null","null","null",3,5.7,3.7300878,-0.4185698,1.4251086,-2.238161,-12486656
41,40,42,43,"null","null","null",2,5.7,3.3284082,-0.6167603,2.5945039,-1.4052806,-12486656
47,5,48,49,"Parotomys","null","Whistling Rats",2,13.7,0.37080103,-2.571182,0.8857573,-3.3442578,-16731116
51,3,52,71,"null","null","null",18,8.8,0.82108533,-3.5465224,2.6047645,-1.0522765,-16731116
52,51,53,68,"null","null","null",10,3.8,0.5419743,-3.3934507,1.9094158,-2.5434372,-12486656
53,52,54,61,"null","null","null",8,3.5,0.7291248,-2.7244716,0.522323,-3.4364262,-12486656
54,53,55,60,"","some","Shrew Mice",4,3.3,2.3305678,-2.076367,0.48397338,-3.4921455,-11184866
55,54,56,59,"Crunomys","null","null",3,2.4,3.4735096,-1.0892038,0.6459124,-2.9070082,-11184866
56,55,57,58,"null","null","null",2,2.4,3.8167202,-0.4185698,0.73106515,-2.238161,-11184866
61,53,62,67,"Chrotomys","null","null",4,2.9,0.8449204,-3.476215,2.4522898,-0.81650966,-16731116
62,61,63,66,"null","null","null",3,0.8,0.52359635,-3.3782616,1.9384005,-2.3110387,-16731116
63,62,64,65,"null","null","null",2,0.8,0.65809226,-2.7162147,0.8675231,-3.23998,-16731116
68,52,69,70,"Rhynchomys","null","null",2,2.6,1.691729,-2.1268048,3.5885563,-0.35959762,-12486656
71,51,72,85,"Apomys","null","Apomys",8,3.9,2.3408213,-1.3385772,3.4931798,-0.76705235,-16731116
72,71,73,82,"null","null","null",7,3.9,1.6749367,-2.7538245,3.1863751,-0.5755011,-16731116
73,72,74,81,"null","null","null",5,3.9,0.52728236,-3.4974651,2.4522882,-1.0443938,-16731116
74,73,75,80,"null","null","null",4,3.9,0.5235966,-3.4058857,1.9383993,-2.6072872,-16731116
75,74,76,79,"null","null","null",3,3.9,0.6580924,-2.7521262,0.8675197,-3.6251016,-16731116
76,75,77,78,"null","null","null",2,3.9,1.0880251,-2.1365547,0.46288556,-3.8261662,-16731116
82,72,83,84,"null","null","null",2,3.9,3.4248686,-0.27500087,2.4441597,-1.5045813,-16731116
86,2,87,96,"null","null","null",8,15.1,1.4333838,-2.8032897,3.3743334,-0.3173819,-12486656
87,86,88,93,"null","null","null",5,15.1,0.29948944,-3.4558184,2.7051492,-0.9977391,-11184866
88,87,89,92,"Crateromys","null","null",3,7.4,0.5419743,-3.2755356,1.8611686,-2.4725387,-8572416
89,88,90,91,"null","null","null",2,7.4,0.6619249,-2.571182,0.7546941,-3.3442578,-8572416
93,87,94,95,"Carpomys","null","null",2,4.6,2.3408213,-0.42902362,3.719045,-0.76705235,-16731116
96,86,97,100,"Batomys","null","null",3,7.4,3.0657125,-0.28912854,3.1667411,-1.4052815,-16731116
97,96,98,99,"null","null","null",2,7.4,2.3408213,-0.6580918,3.719045,-0.34807998,-16731116
101,1,102,131,"null","null","null",29,29.400002,2.4557242,-1.4749868,3.6846669,-0.7370682,-16731116
102,101,103,120,"null","null","null",15,29.400002,1.4333838,-2.8440921,3.3743334,-0.5905173,-16731116
103,102,104,117,"null","null","null",9,17.300001,0.29948944,-3.5088615,2.7051492,-1.0796645,-16731116
104,103,105,112,"null","null","null",7,16.2,0.5419743,-3.3444917,1.7061975,-2.5790417,-16731116
105,104,106,111,"null","null","null",4,16.2,0.6619249,-2.660825,0.7546941,-3.482712,-16731116
106,105,107,110,"null","null","null",3,16.2,1.9703064,-2.076367,0.48397338,-3.5523171,-16731116
107,106,108,109,"null","null","null",2,16.2,3.0051699,-1.0892038,0.6459124,-2.9852314,-16731116
112,104,113,116,"null","null","null",3,16.2,1.691729,-2.774622,3.131315,-0.35959762,-16731116
113,112,114,115,"null","null","null",2,16.2,0.52728236,-3.524502,2.38071,-0.665,-16731116
117,103,118,119,"","null","Narrow-headed Rats",2,10.5,2.3408213,-0.42902362,3.719045,-0.76705235,-16731116
120,102,121,130,"null","null","null",6,29.4,3.0657125,-0.28912854,2.9929988,-1.4052815,-16731116
121,120,122,129,"","some","Swamp Rats",5,11.7,2.3408213,-1.4981455,3.4931798,-0.34807998,-16731116
122,121,123,128,"null","null","null",4,11.7,1.691729,-2.9612634,3.1863751,-0.5755011,-16731116
123,122,124,127,"null","null","null",3,11.7,0.52728236,-3.7671359,2.4522882,-0.665,-16731116
124,123,125,126,"null","null","null",2,11.7,0.5235966,-3.7564578,1.9383993,-1.6186452,-16731116
131,101,132,145,"null","null","null",14,29.4,3.5280137,-0.67175364,1.7316424,-2.32312,-16731116
132,131,133,142,"Taeromys","null","Taeromys",7,14.1,3.0657125,-0.6167602,2.9929988,-1.2878737,-16731116
133,132,134,141,"null","null","null",5,14.1,2.3408213,-1.4981455,3.4931798,-0.34807998,-16731116
134,133,135,140,"null","null","null",4,14.1,1.691729,-2.9612634,3.1863751,-0.5755011,-16731116
135,134,136,139,"null","null","null",3,14.1,0.52728236,-3.7671359,2.4522882,-0.665,-16731116
136,135,137,138,"null","null","null",2,14.1,0.5235966,-3.7564578,1.9383993,-1.6186452,-11513776
142,132,143,144,"null","null","null",2,4.6,2.8755636,-1.1971806,0.31716153,-3.1081548,-11513776
145,131,146,157,"null","null","null",7,29.4,2.1643848,-2.1365561,0.60018194,-3.5166674,-16731116
146,145,147,152,"Leopoldamys","null","null",6,13.0,3.359119,-1.003261,0.63761336,-2.969973,-16731116
147,146,148,151,"null","null","null",3,13.0,3.7661476,-0.395518,1.2371349,-2.2791758,-12486656
148,147,149,150,"null","null","null",2,13.0,3.4248686,-0.6042887,2.4441597,-1.5045813,-8572416
152,146,153,156,"null","null","null",3,7.4,0.34452963,-2.8342967,0.97917116,-3.5548258,-16731116
153,152,154,155,"null","null","null",2,7.4,0.90939677,-2.190558,0.44105536,-3.827052,-16731116
