index,parent,child1,child2,name1,name2,common,richness,lengthbr,hxmax,hxmin,hymax,hymin,color
0,-268401648,1,180,"null","null","null",143,20.739492,0.66192496,-2.7350602,0.613705,-3.5046997,-16731116
1,0,2,95,"null","null","null",90,19.231985,2.2184484,-2.1051474,0.48397422,-3.5808978,-16731116
2,1,3,72,"","null","Prinias, Tailorbirds and more",47,18.946331,3.32775,-0.94437313,0.64591277,-3.0223851,-16731116
3,2,4,49,"null","null","null",35,16.164503,3.6272287,-0.41857076,1.8281144,-2.3881528,-16731116
4,3,5,34,"null","null","null",23,13.9293,3.1946898,-0.61676085,3.1184077,-1.311002,-16731116
5,4,6,21,"null","null","null",15,9.449867,2.508493,-1.3385844,3.6562061,-0.34808123,-16731116
6,5,7,20,"null","null","null",8,8.345913,1.6917245,-2.7538295,3.398306,-0.5755019,-16731116
7,6,8,17,"null","null","null",7,5.794913,0.33848345,-3.497466,2.7277982,-0.9519073,-16731116
8,7,9,16,"Cisticolidae","null","Cisticolas and more",5,4.578105,0.5235976,-3.4058828,1.9383955,-2.487051,-16731116
9,8,10,15,"null","null","null",4,2.971534,0.6580926,-2.7521214,0.86751455,-3.4687893,-16731116
10,9,11,14,"null","null","null",3,2.971534,1.792433,-2.1365514,0.46288663,-3.6229558,-16731116
11,10,12,13,"null","null","null",2,2.1332607,2.8755739,-1.1971728,0.637614,-3.1081457,-16731116
17,7,18,19,"null","null","null",2,2.9798875,2.361207,-0.4184217,3.664692,-0.7950933,-16731116
21,5,22,31,"Cisticolidae","null","Cisticolas and more",7,6.2623434,3.5147939,-0.70525765,1.5568684,-2.5264754,-16731116
22,21,23,30,"null","null","null",5,4.130105,3.0981069,-0.6042892,2.8598099,-1.5045781,-16731116
23,22,24,29,"null","null","null",4,2.8176942,2.361207,-1.1773405,3.4240794,-0.32388246,-16731116
24,23,25,28,"null","null","null",3,2.8176942,1.7788317,-2.6272786,3.1628635,-0.5592996,-16731116
25,24,26,27,"null","null","null",2,2.0315773,0.6411245,-3.439229,2.419877,-0.6642306,-16731116
31,21,32,33,"null","null","null",2,2.2482524,0.90940034,-2.1905565,0.63667953,-3.8270526,-16731116
34,4,35,46,"Cisticolidae","null","Cisticolas and more",8,11.906845,3.1657724,-1.0121964,0.31716225,-3.1602027,-16731116
35,34,36,43,"null","null","null",6,7.58707,3.5147939,-0.39551884,1.780933,-2.5264754,-16731116
36,35,37,42,"null","null","null",4,7.0410743,3.0981069,-0.6042892,3.151094,-1.5045781,-16731116
37,36,38,41,"null","null","null",3,3.8731973,2.361207,-0.6648622,3.8027487,-0.32388246,-16731116
38,37,39,40,"null","null","null",2,2.3988926,1.7788317,-1.9610568,3.6551337,-0.5592996,-16731116
43,35,44,45,"null","null","null",2,2.611015,0.90940034,-2.1905565,0.63667953,-3.8270526,-12486656
46,34,47,48,"null","null","null",2,3.6120691,0.3445301,-2.8544078,0.9791694,-3.1268065,-16731116
49,3,50,67,"Sylviidae","null","Old World warblers",12,12.143369,2.0156596,-2.1631112,0.60018003,-3.6629987,-16731116
50,49,51,60,"null","null","null",9,7.7946987,3.1657724,-1.0032573,0.63761365,-3.1602027,-16731116
51,50,52,57,"null","null","null",5,4.7478333,3.5147939,-0.39551884,1.6992425,-2.5264754,-16731116
52,51,53,56,"null","null","null",3,3.5995016,3.0981069,-0.6042892,3.0448964,-1.5045781,-16731116
53,52,54,55,"null","null","null",2,1.8508425,2.361207,-0.6619245,3.664692,-0.32388246,-16731116
57,51,58,59,"null","null","null",2,2.351009,0.90940034,-2.1905565,0.63667953,-3.8270526,-16731116
60,50,61,64,"null","null","null",4,4.7982006,0.3445301,-2.8342948,0.9169619,-3.5548277,-16731116
61,60,62,63,"null","null","null",2,1.9511855,0.90940034,-2.1905565,0.44105583,-3.8270526,-16731116
64,60,65,66,"null","null","null",2,2.0543518,0.88575673,-3.3442605,2.5711775,-0.37080142,-16731116
67,49,68,71,"null","null","null",3,4.924106,0.52348053,-3.4706397,2.010226,-2.143413,-16731116
68,67,69,70,"null","null","null",2,3.0489857,0.6527479,-2.8544078,0.9791694,-3.1268065,-16731116
72,2,73,84,"null","null","null",12,13.694477,0.56952226,-2.88201,0.90259767,-3.3870258,-16731116
73,72,74,81,"null","null","null",6,12.266665,2.1815877,-2.3054042,0.46288577,-3.516667,-16731116
74,73,75,78,"null","null","null",4,6.9858627,3.3814788,-1.0121964,0.63761365,-2.9699712,-12486656
75,74,76,77,"Sylviidae","null","Old World warblers",2,2.8106904,3.7952123,-0.39551884,0.64591134,-2.2791743,-11184866
78,74,79,80,"Cisticolidae","null","Cisticolas and more",2,5.807056,0.3445301,-2.8544078,0.9791694,-3.1268065,-16731116
81,73,82,83,"Cisticolidae","null","Cisticolas and more",2,4.1460238,0.52348053,-3.7907991,2.010226,-1.4433506,-16731116
84,72,85,94,"Cisticolidae","null","Cisticolas and more",6,7.746169,0.86650527,-3.473289,2.5607443,-0.82174075,-16731116
85,84,86,93,"null","null","null",5,5.474913,0.5042378,-3.4551682,2.010226,-2.3870044,-16731116
86,85,87,92,"null","null","null",4,3.323603,0.6527479,-2.8342948,0.9791694,-3.443475,-16731116
87,86,88,91,"null","null","null",3,3.0846817,1.6104532,-2.1905565,0.44105583,-3.6822941,-16731116
88,87,89,90,"null","null","null",2,1.5597813,2.7384992,-1.3026755,0.6278835,-3.2226942,-12486656
95,1,96,159,"null","null","null",43,16.093962,0.48358285,-3.5057967,1.9093044,-2.4241529,-16731116
96,95,97,146,"null","null","null",32,15.481328,0.6580924,-2.88201,0.6457026,-3.3870258,-16731116
97,96,98,143,"Cisticolidae","null","Cisticolas and more",25,14.937178,2.0824463,-2.3054042,0.46288577,-3.516667,-16731116
98,97,99,136,"null","null","null",23,12.925639,3.2525952,-1.0032573,0.63761365,-2.9699712,-16731116
99,98,100,135,"null","null","null",19,11.657036,3.6276634,-0.39551884,1.6061882,-2.2791743,-16731116
100,99,101,126,"null","null","null",18,10.458012,3.2448373,-0.6042892,2.9239256,-1.3321614,-16731116
101,100,102,115,"null","null","null",13,8.359941,2.5519564,-1.1974955,3.50743,-0.32388246,-16731116
102,101,103,112,"null","null","null",7,6.8605337,1.7948487,-2.6534798,3.2712197,-0.5592996,-16731116
103,102,104,111,"null","null","null",5,3.9448442,0.6411245,-3.4732904,2.56074,-0.8876363,-12486656
104,103,105,110,"null","null","null",4,3.2512097,0.50423855,-3.4551668,2.0102232,-2.4726658,-12486656
105,104,106,109,"null","null","null",3,1.1513847,0.6527482,-2.834292,0.97916484,-3.5548306,-11184866
106,105,107,108,"null","null","null",2,1.1513847,0.9094076,-2.1905546,0.44105673,-3.8270526,-11184866
112,102,113,114,"null","null","null",2,2.62873,3.5116959,-0.31737888,2.2880604,-1.6001867,-16731116
115,101,116,123,"null","null","null",6,5.6897955,3.4890313,-0.73706603,1.5287797,-2.584035,-16731116
116,115,117,120,"null","null","null",4,3.214769,3.1200037,-0.59051806,2.914018,-1.5501313,-16731116
117,116,118,119,"null","null","null",2,2.0043728,2.374521,-0.6642302,3.599759,-0.4135952,-16731116
120,116,121,122,"null","null","null",2,1.8274989,2.5945082,-1.4052775,0.28912932,-3.328405,-12486656
123,115,124,125,"null","null","null",2,1.2986267,0.73107064,-2.2381597,0.6717517,-3.8167205,-16731116
126,100,127,132,"null","null","null",5,6.9259186,3.3004124,-1.1514413,0.30320144,-3.0229423,-16731116
127,126,128,131,"null","null","null",3,3.9586756,3.7903328,-0.37199128,1.0472739,-2.3134394,-16731116
128,127,129,130,"null","null","null",2,2.7521615,3.5116959,-0.59051806,2.2880604,-1.6001867,-16731116
132,126,133,134,"null","null","null",2,2.606945,0.33095652,-2.9852276,1.0892005,-3.0051742,-11184866
136,98,137,142,"null","null","null",4,6.238971,0.3445301,-2.8342948,0.9791694,-3.443475,-16731116
137,136,138,141,"null","null","null",3,3.617773,1.6104532,-2.1905565,0.44105583,-3.6822941,-12486656
138,137,139,140,"null","null","null",2,2.2714083,2.7384992,-1.3026755,0.6278835,-3.2226942,-12486656
143,97,144,145,"null","null","null",2,4.7963057,0.52348053,-3.7907991,2.010226,-1.4433506,-16731116
146,96,147,158,"null","null","null",7,13.015257,0.86650527,-3.473289,2.5607443,-0.75180197,-16731116
147,146,148,157,"Cisticolidae","null","Cisticolas and more",6,11.088218,0.5042378,-3.4551682,2.010226,-2.296084,-16731116
148,147,149,156,"null","null","null",5,8.2656555,0.6527479,-2.8342948,0.9791694,-3.3252785,-16731116
149,148,150,155,"null","null","null",4,5.6268616,2.026291,-2.1905565,0.44105583,-3.5286388,-16731116
150,149,151,154,"null","null","null",3,4.740616,3.2790883,-1.3026755,0.6278835,-3.0229423,-16731116
151,150,152,153,"null","null","null",2,2.9285486,3.7626114,-0.37199128,0.6527469,-2.3134394,-16731116
159,95,160,177,"","null","Eremomelas",11,11.929909,1.7948534,-2.6534753,3.4101975,-0.40147904,-16731116
160,159,161,174,"null","null","null",9,8.558729,0.4148165,-3.473289,2.7414112,-0.82174075,-16731116
161,160,162,171,"null","null","null",7,8.136477,0.5042378,-3.4551682,2.1206808,-2.3870044,-16731116
162,161,163,168,"null","null","null",5,7.0389833,0.6527479,-2.8342948,0.7274634,-3.443475,-16731116
163,162,164,167,"null","null","null",3,4.389728,1.6104532,-2.1905565,0.44105583,-3.6822941,-16731116
164,163,165,166,"null","null","null",2,1.9548355,2.7384992,-1.3026755,0.6278835,-3.2226942,-16731116
168,162,169,170,"null","null","null",2,2.2258978,0.88575673,-3.3442605,2.5711775,-0.37080142,-16731116
171,161,172,173,"Sylviidae","null","Old World warblers",2,2.120231,1.8611674,-1.7914399,3.711177,-0.4428624,-12486656
174,160,175,176,"Sylviidae","null","Old World warblers",2,1.969234,2.3745215,-0.40725255,3.5997562,-0.8210846,-16731116
177,159,178,179,"Sylviidae","null","Old World warblers",2,2.53933,3.5116992,-0.3173806,2.288054,-1.6001905,-16731116
180,0,181,270,"null","null","null",53,18.161114,0.84491944,-3.500043,2.657906,-0.9344065,-16731116
181,180,182,245,"Cisticolidae","null","Cisticolas and more",45,14.768396,0.5235968,-3.409236,1.9383522,-2.4643028,-16731116
182,181,183,224,"null","null","null",32,10.675752,0.6580924,-2.7564812,0.6277479,-3.439221,-16731116
183,182,184,223,"null","null","null",21,10.111083,2.0156596,-2.1365538,0.46288577,-3.5845203,-16731116
184,183,185,216,"null","null","null",20,8.724848,3.1657724,-1.0032573,0.63761365,-3.0581808,-16731116
185,184,186,201,"null","null","null",16,7.9206915,3.5147939,-0.39551884,1.5568684,-2.393847,-16731116
186,185,187,196,"null","null","null",8,5.9540114,3.0981069,-0.6042892,2.8598099,-1.3321614,-16731116
187,186,188,195,"null","null","null",5,4.7869015,2.361207,-1.1773405,3.4240794,-0.32388246,-16731116
188,187,189,192,"null","null","null",4,4.0160794,1.7948487,-2.6272786,3.1628635,-0.5592996,-16731116
189,188,190,191,"null","null","null",2,1.8332651,0.6411245,-3.439229,2.419877,-0.6642306,-16731116
192,188,193,194,"null","null","null",2,1.5236235,3.5116959,-0.31737888,2.2880604,-1.6001867,-16731116
196,186,197,200,"null","null","null",3,3.0690045,3.2790883,-1.3026755,0.30320144,-3.0229423,-12486656
197,196,198,199,"null","null","null",2,1.6702269,3.7626114,-0.37199128,0.6527469,-2.3134394,-12486656
201,185,202,209,"null","null","null",8,6.3952293,2.026291,-2.2705507,0.63667953,-3.5286388,-16731116
202,201,203,206,"null","null","null",4,5.7052145,3.2790883,-1.1514413,0.6278835,-3.0229423,-16731116
203,202,204,205,"null","null","null",2,1.7338302,3.7626114,-0.37199128,0.6527469,-2.3134394,-16731116
206,202,207,208,"null","null","null",2,2.0923905,0.33095652,-2.9852276,1.0892005,-3.0051742,-16731116
209,201,210,213,"null","null","null",4,4.802895,0.5623976,-3.5523148,2.2165532,-1.9703121,-16731116
210,209,211,212,"null","null","null",2,1.6673571,0.64591265,-2.9852276,1.0892005,-3.0051742,-16731116
213,209,214,215,"null","null","null",2,2.007784,1.9383993,-1.6186453,3.7564578,-0.48358327,-16731116
216,184,217,222,"null","null","null",4,6.3922176,0.3445301,-2.8342948,0.9791694,-3.443475,-16731116
217,216,218,221,"null","null","null",3,4.1113124,1.6104532,-2.1905565,0.44105583,-3.6822941,-16731116
218,217,219,220,"null","null","null",2,2.5094595,2.7384992,-1.3026755,0.6278835,-3.2226942,-16731116
224,182,225,244,"null","null","null",11,10.016114,0.86650527,-3.473289,2.5203462,-0.75180197,-16731116
225,224,226,237,"null","null","null",10,8.308571,0.5042378,-3.4551682,1.9577084,-2.296084,-16731116
226,225,227,234,"null","null","null",6,6.6608553,0.6527479,-2.8342948,0.7274634,-3.3252785,-16731116
227,226,228,233,"null","null","null",4,5.4158316,2.026291,-2.1905565,0.44105583,-3.5286388,-16731116
228,227,229,232,"null","null","null",3,2.4221292,3.2790883,-1.3026755,0.6278835,-3.0229423,-16731116
229,228,230,231,"null","null","null",2,2.1580262,3.7626114,-0.37199128,0.6527469,-2.3134394,-16731116
234,226,235,236,"null","null","null",2,2.0729523,0.88575673,-3.3442605,2.5711775,-0.37080142,-16731116
237,225,238,243,"null","null","null",4,6.5553217,1.8611674,-2.7339253,3.3444893,-0.4428624,-16731116
238,237,239,242,"null","null","null",3,3.5317862,0.75469124,-3.6840591,2.660822,-0.66192496,-16731116
239,238,240,241,"null","null","null",2,1.2939764,0.483974,-3.814066,2.0763648,-1.2662436,-16731116
245,181,246,269,"null","null","null",13,8.44944,1.7788353,-2.6534753,3.4755552,-0.40147904,-16731116
246,245,247,264,"null","null","null",12,6.623459,0.4148165,-3.473289,2.8263764,-0.75180197,-16731116
247,246,248,257,"null","null","null",9,5.4301414,0.5042378,-3.4551682,1.9577084,-2.296084,-16731116
248,247,249,256,"null","null","null",5,4.095465,0.6527479,-2.8342948,0.9791694,-3.3252785,-16731116
249,248,250,255,"null","null","null",4,3.3987403,2.026291,-2.1905565,0.44105583,-3.5286388,-16731116
250,249,251,254,"null","null","null",3,2.890312,3.2790883,-1.3026755,0.6278835,-3.0229423,-16731116
251,250,252,253,"null","null","null",2,0.84878254,3.7626114,-0.37199128,0.6527469,-2.3134394,-16731116
257,247,258,263,"null","null","null",4,4.479069,1.8611674,-2.7339253,3.3444893,-0.4428624,-16731116
258,257,259,262,"null","null","null",3,3.7217197,0.75469124,-3.6840591,2.660822,-0.66192496,-16731116
259,258,260,261,"null","null","null",2,1.5226074,0.483974,-3.814066,2.0763648,-1.2662436,-16731116
264,246,265,268,"null","null","null",3,4.3251047,2.3745215,-0.47381783,3.7909281,-0.8210846,-16731116
265,264,266,267,"null","null","null",2,1.620349,1.8611674,-1.7914399,3.711177,-0.54197454,-16731116
270,180,271,284,"null","null","null",8,15.923282,2.3612075,-1.2045312,3.5074303,-0.7950944,-16731116
271,270,272,279,"null","null","null",7,14.875008,1.6207669,-2.6626298,3.2712228,-0.5592989,-16731116
272,271,273,278,"Cisticolidae","null","Cisticolas and more",4,11.921067,0.641129,-3.48519,2.5607443,-0.6642305,-16731116
273,272,274,277,"null","null","null",3,8.329229,0.5042378,-3.4706397,2.010226,-2.143413,-16731116
274,273,275,276,"null","null","null",2,3.3423805,0.6527479,-2.8544078,0.9791694,-3.1268065,-16731116
279,271,280,283,"Sylviidae","null","Old World warblers",3,14.404259,3.1200044,-0.3173806,2.9140122,-1.6001905,-12486656
280,279,281,282,"null","null","null",2,2.6576228,2.3745215,-0.66423035,3.5997562,-0.41359985,-16731116
