index,parent,child1,child2,name1,name2,common,richness,lengthbr,hxmax,hxmin,hymax,hymin,color
0,-268268530,1,106,"null","null","null",69,13.211344,3.5845213,-0.46288514,2.015655,-2.2078693,-16731116
1,0,2,103,"null","null","null",53,11.978487,3.0581832,-0.6376134,3.1657696,-1.0122006,-16731116
2,1,3,94,"null","null","null",51,10.970975,2.393849,-1.6694413,3.5147934,-0.39551812,-16731116
3,2,4,77,"null","null","null",46,8.617995,1.4115124,-3.0061576,3.0981078,-0.6042888,-16731116
4,3,5,76,"null","null","null",37,7.875556,0.32388172,-3.6143346,2.3612075,-1.2275933,-16731116
5,4,6,69,"null","null","null",36,7.495804,0.5592991,-3.4101975,1.6207659,-2.6926098,-16731116
6,5,7,66,"null","null","null",32,7.0192513,0.82468283,-2.7414112,0.41481584,-3.5241628,-16731116
7,6,8,61,"null","null","null",30,6.835175,2.3908284,-1.9270597,0.50423795,-3.5213037,-16731116
8,7,9,44,"null","null","null",27,6.1851826,3.448445,-0.8152318,0.652748,-2.9202704,-16731116
9,8,10,27,"null","null","null",18,6.1851826,3.6887543,-0.441056,1.8644108,-2.3023252,-16731116
10,9,11,20,"null","null","null",9,3.416378,3.2310922,-0.62788355,3.068643,-1.116675,-16731116
11,10,12,17,"null","null","null",5,2.5121226,2.5840344,-1.5287814,3.4890313,-0.37199152,-16731116
12,11,13,16,"null","null","null",3,1.0847478,1.6001859,-2.914019,3.1200035,-0.59051824,-16731116
13,12,14,15,"","null","Streamertails",2,1.0847478,0.4135942,-3.5997598,2.3745208,-0.6642302,-16731116
17,11,18,19,"null","null","null",2,0.98390627,3.816721,-0.6717514,0.7310724,-2.2381592,-11184866
20,10,21,24,"null","null","null",4,3.1923442,3.4735134,-0.9287926,0.33095664,-2.9070053,-16731116
21,20,22,23,"null","null","null",2,2.2504961,3.816721,-0.41857076,0.7310724,-2.2381592,-16731116
24,20,25,26,"null","null","null",2,0.7331354,0.35782927,-2.716209,0.90259767,-3.2399843,-16731116
27,9,28,43,"null","null","null",9,5.548002,2.2793105,-2.0763643,0.56239724,-3.6238084,-16731116
28,27,29,36,"null","null","null",8,5.3495665,3.4068708,-0.8866466,0.64591277,-3.0781689,-16731116
29,28,30,33,"null","null","null",4,2.7024171,3.7300858,-0.41857076,1.425116,-2.4606717,-16731116
30,29,31,32,"null","null","null",2,1.862173,3.328404,-0.61676085,2.5945096,-1.4052767,-16731116
33,29,34,35,"null","null","null",2,1.1068112,1.0880269,-2.1365538,0.60018003,-3.8261664,-16731116
36,28,37,42,"null","null","null",4,4.2598,0.35782927,-2.7521253,0.90259767,-3.4687886,-16731116
37,36,38,41,"null","null","null",3,3.2302015,1.7924259,-2.1365538,0.46288577,-3.6229587,-16731116
38,37,39,40,"null","null","null",2,2.2854226,2.8755686,-1.1971772,0.63761365,-3.1081505,-16731116
44,8,45,60,"null","null","null",9,4.553718,0.5977216,-2.7686582,0.8857566,-3.4364276,-16731116
45,44,46,57,"null","null","null",8,4.0898395,2.1597412,-2.2165523,0.48397422,-3.492144,-16731116
46,45,47,54,"null","null","null",6,3.1713858,3.2514307,-0.8706838,0.64591277,-2.9070053,-16731116
47,46,48,53,"null","null","null",4,1.7886066,3.5280137,-0.41857076,1.8652986,-2.2381592,-12486656
48,47,49,52,"null","null","null",3,1.1081537,3.0657103,-0.61676085,3.166747,-1.4052767,-12486656
49,48,50,51,"null","null","null",2,0.536282,2.3408196,-0.65809155,3.7190475,-0.34808123,-11184866
54,46,55,56,"null","null","null",2,2.0897958,0.35782927,-2.716209,0.90259767,-3.2399843,-16731116
57,45,58,59,"null","null","null",2,1.4153796,0.48358285,-3.7564573,1.9383985,-1.6186471,-16731116
61,7,62,65,"null","null","null",3,4.149271,0.44286197,-3.2755313,1.8611665,-2.4725435,-16731116
62,61,63,64,"null","null","null",2,1.7828301,0.66192496,-2.571176,0.7546901,-3.3442616,-16731116
66,6,67,68,"null","null","null",2,1.810681,0.8210844,-3.5997567,2.3745215,-0.40725267,-12486656
69,5,70,75,"null","null","null",4,1.8211981,1.6001897,-3.061069,3.1200042,-0.31738016,-16731116
70,69,71,74,"null","null","null",3,1.1444643,0.4135989,-3.7909286,2.3745215,-0.66423035,-16731116
71,70,72,73,"null","null","null",2,0.5674957,0.5419747,-3.7111769,1.8611665,-1.7914414,-16731116
77,3,78,93,"null","null","null",9,7.081541,3.2014766,-0.303201,3.0686388,-1.3026786,-16731116
78,77,79,88,"null","null","null",8,6.544756,2.5455332,-1.6418939,3.48903,-0.37199056,-16731116
79,78,80,85,"null","null","null",5,2.9086778,1.5501353,-3.061069,3.1200042,-0.59051764,-16731116
80,79,81,84,"null","null","null",3,2.2024012,0.4135989,-3.7909286,2.3745215,-0.66423035,-12486656
81,80,82,83,"null","null","null",2,2.2024012,0.5419747,-3.7111769,1.8611665,-1.7914414,-12486656
85,79,86,87,"null","null","null",2,1.4961157,3.3284082,-0.2891289,2.5945039,-1.4052806,-16731116
88,78,89,92,"null","null","null",3,2.4155045,3.7300878,-0.67175275,1.4251086,-2.238161,-16731116
89,88,90,91,"null","null","null",2,1.0679837,3.3284082,-0.6167603,2.5945039,-1.4052806,-16731116
94,2,95,102,"null","null","null",5,8.428095,3.528639,-0.63668066,2.0262864,-2.1905584,-16731116
95,94,96,99,"null","null","null",4,7.527552,3.0229437,-0.6278832,3.2790852,-1.1514455,-16731116
96,95,97,98,"null","null","null",2,2.257038,2.3134403,-0.65274704,3.7626104,-0.37199056,-16731116
99,95,100,101,"null","null","null",2,5.0877614,3.0051699,-1.0892038,0.3309561,-2.9852314,-16731116
103,1,104,105,"null","null","null",2,4.4258533,3.126803,-0.9791728,0.3445297,-2.8544118,-16731116
106,0,107,122,"null","null","null",16,7.8924475,2.29608,-1.9577118,0.5234818,-3.5713406,-16731116
107,106,108,119,"null","null","null",8,5.8391523,3.3252766,-0.72746766,0.65274775,-2.9853194,-16731116
108,107,109,116,"","null","Woodnymphs",6,3.424379,3.528639,-0.44105512,2.0426908,-2.386887,-16731116
109,108,110,115,"null","null","null",4,2.1758533,3.0229437,-0.6278832,3.3004107,-1.3026786,-16731116
110,109,111,114,"null","null","null",3,1.1885706,2.3134403,-1.0472679,3.7903333,-0.37199056,-16731116
111,110,112,113,"null","null","null",2,1.0200865,1.6001897,-2.2880554,3.5116982,-0.59051764,-16731116
116,108,117,118,"null","null","null",2,1.1298981,1.2662381,-2.076367,0.5623988,-3.8140666,-16731116
119,107,120,121,"","null","Plumeleteers",2,4.3828063,0.37080103,-2.571182,0.8857573,-3.3442578,-16731116
122,106,123,130,"null","null","null",8,5.0400257,0.44286364,-3.3444917,1.7306687,-2.5790417,-12486656
123,122,124,129,"null","null","null",4,2.7812645,0.6619249,-2.660825,0.7546941,-3.482712,-12486656
124,123,125,128,"null","null","null",3,1.2986877,1.9703064,-2.076367,0.48397338,-3.5523171,-12486656
125,124,126,127,"null","null","null",2,0.872967,3.0051699,-1.0892038,0.6459124,-2.9852314,-12486656
130,122,131,136,"null","null","null",4,2.3711557,1.691729,-2.9612634,3.1863751,-0.35959762,-16731116
131,130,132,135,"null","null","null",3,0.9547316,0.52728236,-3.7671359,2.4522882,-0.665,-16731116
132,131,133,134,"null","null","null",2,0.58797985,0.5235966,-3.7564578,1.9383993,-1.6186452,-16731116
