index,parent,child1,child2,name1,name2,common,richness,lengthbr,hxmax,hxmin,hymax,hymin
0,-268322652,1,180,"LEIUPERIDAE and LEPTODACTYLIDAE","null","null",150,50.5,3.1051369,-0.6376132,3.292167,-268322652.070384
1,0,2,157,"null","null","null",90,45.351612,2.4548876,-1.6730592,3.6791124,-0.39551753
2,1,3,146,"LEPTODACTYLIDAE","null","null",78,43.909363,1.332167,-3.010863,3.3117242,-0.60428846
3,2,4,127,"null","null","null",72,43.102646,0.32388112,-3.6204545,2.6389084,-1.2190323
4,3,5,96,"null","null","null",62,41.59558,0.55929863,-3.4181552,1.7464912,-2.6814826
5,4,6,55,"null","null","null",46,41.59558,0.75179744,-2.7517564,0.5171489,-3.5096998
6,5,7,46,"null","null","null",25,32.44164,2.29608,-1.9577118,0.5042372,-3.5025048
7,6,8,45,"null","null","null",20,32.44164,3.3252766,-0.9791728,0.65274775,-2.8958325
8,7,9,40,"null","null","null",19,32.44164,3.528639,-0.44105512,1.8644047,-2.270554
9,8,10,25,"null","null","null",16,32.44164,3.0229437,-0.6278832,3.0686388,-1.1927527
10,9,11,24,"null","null","null",8,32.44164,2.3134403,-1.5047891,3.48903,-0.37199056
11,10,12,23,"null","null","null",7,32.44164,1.6001897,-2.882833,3.1200042,-0.59051764
12,11,13,22,"null","null","null",6,32.44164,0.4135989,-3.559222,2.3745215,-1.1988084
13,12,14,21,"null","null","null",5,32.44164,0.5419747,-3.4099584,1.8611665,-2.7339268
14,13,15,18,"null","null","null",4,32.44164,0.66192496,-2.7459316,0.49050635,-3.6840599
15,14,16,17,"null","null","null",2,32.44164,1.2662454,-2.0763643,0.48397422,-3.814066
18,14,19,20,"null","null","null",2,32.44164,0.84491944,-3.5245032,2.3807092,-0.39556205
25,9,26,37,"null","null","null",8,32.44164,3.2514277,-0.92879295,0.3309561,-3.0781724
26,25,27,34,"null","null","null",6,32.44164,3.5280137,-0.4185698,1.9147029,-2.4606745
27,26,28,33,"null","null","null",4,32.44164,3.065712,-0.6167603,3.2309766,-1.4052806
28,27,29,32,"null","null","null",3,32.44164,2.3408208,-0.85625637,3.8025498,-0.34808022
29,28,30,31,"null","null","null",2,32.44164,1.6917281,-2.1268067,3.5885556,-0.5755012
34,26,35,36,"null","null","null",2,32.44164,1.0880196,-2.1365566,0.6001816,-3.8261666
37,25,38,39,"null","null","null",2,32.44164,0.35782874,-2.7162147,0.90259826,-3.23998
40,8,41,44,"null","null","null",3,32.44164,1.9703064,-2.076367,0.5623988,-3.5523171
41,40,42,43,"null","null","null",2,32.44164,3.0051699,-1.0892038,0.6459124,-2.9852314
46,6,47,54,"null","null","null",5,32.44164,0.44286364,-3.3444917,1.8611686,-2.5790417
47,46,48,53,"null","null","null",4,32.44164,0.6619249,-2.660825,0.7546941,-3.482712
48,47,49,52,"null","null","null",3,32.44164,1.9703064,-2.076367,0.48397338,-3.5523171
49,48,50,51,"null","null","null",2,32.44164,3.0051699,-1.0892038,0.6459124,-2.9852314
55,5,56,83,"null","null","null",21,30.68441,0.82108533,-3.6230302,2.6047645,-1.0522765
56,55,57,70,"null","null","null",14,26.597904,0.5419743,-3.4929109,1.7306687,-2.5434372
57,56,58,65,"null","null","null",7,26.597904,0.7291248,-2.8537698,0.522323,-3.4364262
58,57,59,64,"null","null","null",4,26.597904,2.3305678,-2.076367,0.48397338,-3.4921455
59,58,60,63,"null","null","null",3,26.597904,3.4735096,-1.0892038,0.6459124,-2.9070082
60,59,61,62,"null","null","null",2,26.597904,3.8167202,-0.4185698,0.73106515,-2.238161
65,57,66,69,"null","null","null",3,26.597904,0.8449204,-3.767136,2.4522898,-0.39556158
66,65,67,68,"null","null","null",2,26.597904,0.52359635,-3.7564592,1.9384005,-1.6186413
70,56,71,78,"null","null","null",7,26.597904,1.5297099,-2.7374768,3.1863751,-0.35959762
71,70,72,77,"null","null","null",4,26.597904,0.52728236,-3.4762132,2.4522882,-0.8165132
72,71,73,76,"null","null","null",3,26.597904,0.5235966,-3.3782582,1.9383993,-2.3110423
73,72,74,75,"null","null","null",2,26.597904,0.6580924,-2.7162104,0.8675197,-3.239983
78,70,79,82,"null","null","null",3,26.597904,3.0981085,-0.27500087,3.0448916,-1.5045813
79,78,80,81,"null","null","null",2,26.597904,2.3612084,-0.66192454,3.6646895,-0.3238816
83,55,84,93,"null","null","null",7,19.611977,2.6331258,-1.326002,3.4931798,-0.76705235
84,83,85,92,"null","null","null",5,19.611977,1.691729,-2.7374768,3.1863751,-0.5755011
85,84,86,91,"null","null","null",4,13.971854,0.52728236,-3.4762132,2.4522882,-0.8165132
86,85,87,90,"null","null","null",3,13.971854,0.5235966,-3.3782582,1.9383993,-2.3110423
87,86,88,89,"null","null","null",2,13.971854,0.6580924,-2.7162104,0.8675197,-3.239983
93,83,94,95,"null","null","null",2,6.985927,3.7952113,-0.7052593,0.55373704,-2.2791758
96,4,97,122,"null","null","null",16,27.943708,1.4333824,-2.873063,3.4028814,-0.31738126
97,96,98,117,"null","null","null",13,27.943708,0.29948983,-3.5465224,2.7422614,-1.052279
98,97,99,116,"null","null","null",10,27.943708,0.54197454,-3.3934495,1.8611674,-2.5434394
99,98,100,109,"null","null","null",9,27.943708,0.68969655,-2.7244701,0.5223193,-3.4364274
100,99,101,108,"null","null","null",5,27.943708,2.2793093,-2.076365,0.483974,-3.4921446
101,100,102,107,"null","null","null",4,27.943708,3.4068704,-1.0892006,0.64591265,-2.9070063
102,101,103,106,"null","null","null",3,27.943708,3.7300863,-0.41857052,1.4251142,-2.2381597
103,102,104,105,"null","null","null",2,27.943708,3.328405,-0.6167606,2.5945082,-1.4052775
109,99,110,115,"null","null","null",4,27.943708,0.8449197,-3.4762144,2.4522865,-0.816515
110,109,111,114,"null","null","null",3,27.943708,0.5235969,-3.3782585,1.9383984,-2.3110435
111,110,112,113,"null","null","null",2,27.943708,0.65809244,-2.7162104,0.8675197,-3.239983
117,97,118,121,"null","null","null",3,27.943708,2.340821,-0.8562573,3.8025494,-0.76705194
118,117,119,120,"null","null","null",2,27.943708,1.6917278,-2.1268075,3.5885549,-0.5755013
122,96,123,126,"null","null","null",3,27.943708,3.0657122,-0.28912875,3.1667428,-1.40528
123,122,124,125,"null","null","null",2,27.943708,2.340821,-0.6580918,3.7190456,-0.34808034
127,3,128,145,"null","null","null",10,23.206747,2.3134413,-1.4749882,3.684667,-0.7370677
128,127,129,142,"null","null","null",9,22.144865,1.550136,-2.8440928,3.3743331,-0.59051746
129,128,130,139,"null","null","null",7,22.144865,0.29948983,-3.5088608,2.7051487,-1.1988066
130,129,131,136,"null","null","null",5,22.144865,0.54197454,-3.3444896,1.9094138,-2.7339253
131,130,132,135,"null","null","null",3,22.144865,0.66192496,-2.6608222,0.75469065,-3.6840591
132,131,133,134,"null","null","null",2,22.144865,1.2662436,-2.076365,0.483974,-3.814066
136,130,137,138,"null","null","null",2,22.144865,1.6917278,-2.1268075,3.5885549,-0.35959697
139,129,140,141,"null","null","null",2,22.144865,2.340821,-0.4290238,3.7190456,-0.76705194
142,128,143,144,"null","null","null",2,22.144865,3.3284078,-0.28912875,2.5945044,-1.40528
146,2,147,156,"null","null","null",6,18.05836,3.0229447,-0.30320063,3.0686378,-1.3026792
147,146,148,155,"null","null","null",5,16.22082,2.3134413,-1.641892,3.48903,-0.37199032
148,147,149,154,"null","null","null",4,16.22082,1.6001905,-3.0610676,3.1200047,-0.59051746
149,148,150,153,"null","null","null",3,16.22082,0.41359925,-3.7909281,2.374522,-0.66423035
150,149,151,152,"null","null","null",2,16.22082,0.54197454,-3.711177,1.8611674,-1.7914399
157,1,158,171,"null","null","null",12,25.044287,3.6659722,-0.63668156,1.8644031,-2.2438118
158,157,159,170,"null","null","null",7,25.044287,3.2014773,-0.6278831,3.0686378,-1.3026792
159,158,160,165,"null","null","null",6,25.044287,2.5455337,-1.5287724,3.48903,-0.37199032
160,159,161,164,"null","null","null",3,25.044287,1.6001905,-2.9140122,3.1200047,-0.59051746
161,160,162,163,"null","null","null",2,25.044287,0.41359925,-3.5997562,2.374522,-0.66423035
165,159,166,169,"null","null","null",3,25.044287,3.7300873,-0.6717531,1.4251093,-2.238161
166,165,167,168,"null","null","null",2,25.044287,3.3284078,-0.6167604,2.5945044,-1.40528
171,157,172,179,"null","null","null",5,25.044287,2.3305688,-2.0763667,0.56239915,-3.4921455
172,171,173,176,"null","null","null",4,25.044287,3.4735103,-0.87068796,0.6459124,-2.9070082
173,172,174,175,"null","null","null",2,25.044287,3.8167205,-0.41856992,0.731066,-2.238161
176,172,177,178,"null","null","null",2,25.044287,0.3578288,-2.7162118,0.90259826,-3.2399821
180,0,181,274,"null","null","null",60,38.399998,3.3900375,-0.9169626,0.3512603,-2.98532
181,180,182,271,"null","null","null",47,36.109726,3.6128297,-0.4410549,1.950667,-2.3868876
182,181,183,270,"null","null","null",45,35.70189,3.1323924,-0.6278831,3.1807811,-1.3026792
183,182,184,259,"null","null","null",44,35.70189,2.4557233,-1.5005803,3.6348162,-0.37199032
184,183,185,254,"null","null","null",38,34.116158,1.4333824,-2.8773625,3.3095264,-0.59051746
185,184,186,223,"null","null","null",35,34.116158,0.38599122,-3.5521114,2.6209002,-1.052279
186,185,187,216,"null","null","null",19,34.116158,0.54197454,-3.4007154,1.7306666,-2.5434394
187,186,188,207,"null","null","null",15,34.116158,0.6764462,-2.7339156,0.5223193,-3.4364274
188,187,189,206,"null","null","null",10,21.595463,2.2620838,-2.076365,0.483974,-3.4921446
189,188,190,201,"null","null","null",9,21.595463,3.3844771,-0.8866478,0.64591265,-2.9070063
190,189,191,200,"null","null","null",6,21.595463,3.700975,-0.41857052,1.9147071,-2.2381597
191,190,192,199,"null","null","null",5,21.595463,3.2905602,-0.6167606,3.230979,-1.4052775
192,191,193,196,"null","null","null",4,21.595463,2.6331239,-0.856262,3.8025498,-0.34808096
193,192,194,195,"null","null","null",2,21.595463,1.6917254,-2.1268115,3.5885534,-0.5755017
196,192,197,198,"null","null","null",2,21.595463,3.7952118,-0.705258,0.5537415,-2.2791743
201,189,202,205,"null","null","null",3,21.595463,0.35782912,-2.7521262,0.9025978,-3.6251016
202,201,203,204,"null","null","null",2,21.595463,1.0880251,-2.1365547,0.46288556,-3.8261662
207,187,208,215,"null","null","null",5,15.094581,0.8449197,-3.4974663,2.4522865,-1.0443957
208,207,209,214,"null","null","null",4,15.094581,0.5235969,-3.405886,1.9383984,-2.6072884
209,208,210,213,"null","null","null",3,15.094581,0.65809244,-2.7521262,0.8675197,-3.6251016
210,209,211,212,"null","null","null",2,15.094581,1.0880251,-2.1365547,0.46288556,-3.8261662
216,186,217,222,"null","null","null",4,13.001764,1.6917278,-2.9612656,3.1863737,-0.35959697
217,216,218,221,"null","null","null",3,13.001764,0.52728057,-3.767137,2.4522865,-0.665
218,217,219,220,"null","null","null",2,13.001764,0.5235969,-3.756458,1.9383984,-1.6186465
223,185,224,249,"null","null","null",16,34.116158,2.6202073,-1.3802803,3.5294862,-0.76705194
224,223,225,242,"null","null","null",13,34.116158,1.5297084,-2.8080373,3.233573,-0.5755013
225,224,226,241,"null","null","null",9,20.60731,0.52728057,-3.5679402,2.5136454,-0.9519027
226,225,227,238,"null","null","null",8,20.60731,0.5235969,-3.497502,2.018165,-2.4870474
227,226,228,233,"null","null","null",6,20.60731,0.65809244,-2.8712273,0.64570314,-3.4687884
228,227,229,232,"null","null","null",3,20.60731,1.7924242,-2.1365547,0.46288556,-3.6229591
229,228,230,231,"null","null","null",2,20.60731,2.8755672,-1.1971784,0.6376136,-3.108152
233,227,234,237,"null","null","null",3,20.60731,0.8665055,-3.731467,2.5607438,-0.3833955
234,233,235,236,"null","null","null",2,20.60731,0.5042379,-3.7907996,2.0102258,-1.4433501
238,226,239,240,"null","null","null",2,20.60731,1.7788337,-1.9610533,3.6551347,-0.40147883
242,224,243,248,"null","null","null",4,13.001764,3.0981078,-0.27500108,3.151092,-1.5045799
243,242,244,247,"null","null","null",3,13.001764,2.361208,-0.66485816,3.8027484,-0.32388195
244,243,245,246,"null","null","null",2,13.001764,1.7788337,-1.9610533,3.6551347,-0.55929923
249,223,250,253,"null","null","null",3,10.303655,3.766147,-0.70525885,1.2371379,-2.2791753
250,249,251,252,"null","null","null",2,10.303655,3.4248672,-0.60428894,2.4441621,-1.5045799
254,184,255,258,"null","null","null",3,10.303655,3.0657122,-0.28912875,3.1667428,-1.40528
255,254,256,257,"null","null","null",2,10.303655,2.340821,-0.6580918,3.7190456,-0.34808034
259,183,260,265,"null","null","null",6,16.804537,3.5280137,-0.6717531,1.8652927,-2.3703601
260,259,261,264,"null","null","null",3,16.804537,3.0657122,-0.6167604,3.1667428,-1.40528
261,260,262,263,"null","null","null",2,16.804537,2.340821,-0.6580918,3.7190456,-0.34808034
265,259,266,269,"null","null","null",3,16.804537,1.7924224,-2.1365554,0.6001814,-3.6229596
266,265,267,268,"null","null","null",2,16.804537,2.875566,-1.1971791,0.6376135,-3.1081529
271,181,272,273,"null","null","null",2,6.500882,1.2662389,-2.0763667,0.56239915,-3.8140662
274,180,275,298,"null","null","null",13,24.056122,0.5977162,-2.6393633,0.88575745,-3.5377066
275,274,276,293,"null","null","null",12,23.305418,2.1597364,-2.048467,0.4839735,-3.62381
276,275,277,288,"null","null","null",9,23.305418,3.2514281,-0.88665044,0.6459124,-3.0781722
277,276,278,285,"null","null","null",6,23.305418,3.5280137,-0.41856992,1.9147032,-2.4606743
278,277,279,284,"null","null","null",4,23.305418,3.0657122,-0.6167604,3.2309766,-1.40528
279,278,280,283,"null","null","null",3,23.305418,2.340821,-0.8562573,3.8025494,-0.34808034
280,279,281,282,"null","null","null",2,23.305418,1.6917278,-2.1268075,3.5885549,-0.5755013
285,277,286,287,"null","null","null",2,23.305418,1.0880233,-2.1365554,0.6001814,-3.8261666
288,276,289,292,"null","null","null",3,23.305418,0.3578288,-2.7521274,0.90259826,-3.625101
289,288,290,291,"null","null","null",2,23.305418,1.0880233,-2.1365554,0.46288532,-3.8261666
293,275,294,297,"null","null","null",3,23.305418,0.48358428,-3.3782592,1.9384001,-2.3110406
294,293,295,296,"null","null","null",2,23.305418,0.6580923,-2.7162118,0.8675207,-3.2399821
