index,parent,child1,child2,name1,name2,common,richness,lengthbr,hxmax,hxmin,hymax,hymin,color
0,-268318715,1,168,"PSITTACIFORMES","null","Parrots",354,55.64285,2.972362,-0.33095568,3.3785942,-0.9287933,-16731116
1,0,2,127,"null","null","null",351,42.66796,2.3231204,-1.7999148,3.6933317,-0.41856945,-16731116
2,1,3,66,"null","null","null",330,30.353537,1.2899941,-3.0817537,3.2806263,-0.61676013,-16731116
3,2,4,61,"null","null","null",169,27.721304,0.34807986,-3.6085618,2.620209,-1.3438773,-16731116
4,3,5,33,"null","null","null",166,26.62253,0.57550097,-3.3363721,1.5949239,-2.7607152,-16731116
5,4,6,19,"null","null","null",121,26.01374,0.9035172,-2.647284,0.4619112,-3.506424,-16731116
6,5,7,-268211200,"null","null","null",84,25.15339,2.4241488,-1.9093072,0.5235962,-3.4175334,-16731116
7,6,8,18,"null","null","null",59,16.979536,3.3870237,-0.86752254,0.65809226,-2.7672682,-16731116
8,7,-268214272,9,"null","null","null",58,15.9176655,3.516667,-0.46288514,2.0824416,-2.1562378,-16731116
9,8,10,15,"","null","Fig-Parrots",5,3.6366735,2.472656,-2.120684,0.5234818,-3.4551697,-16731116
10,9,11,14,"null","null","null",3,2.6516736,3.5548253,-0.9791728,0.65274775,-2.8342974,-16731116
11,10,12,13,"null","null","null",2,2.2128181,3.8270524,-0.44105512,0.9093949,-2.1905584,-16731116
15,9,16,17,"null","null","null",2,1.6716778,0.44286364,-3.711179,1.8611686,-1.7914356,-16731116
19,5,-268212224,20,"null","null","null",37,24.39463,0.7950952,-3.483528,2.6389084,-1.1974869,-16731116
20,19,21,32,"null","null","null",7,18.168304,2.3134413,-1.4436011,3.684667,-0.7370677,-16731116
21,20,22,31,"null","null","null",6,8.06668,1.6001905,-2.8032897,3.3743331,-0.59051746,-16731116
22,21,23,28,"null","null","null",5,4.4234753,0.29948983,-3.4558167,2.7051487,-0.9977424,-16731116
23,22,24,27,"null","null","null",3,1.8914027,0.54197454,-3.2755322,1.8611674,-2.4725418,-12486656
24,23,25,26,"null","null","null",2,1.189419,0.66192496,-2.5711775,0.75469065,-3.3442605,-11184866
28,22,29,30,"null","null","null",2,1.5399293,2.340821,-0.4290238,3.7190456,-0.76705194,-16731116
33,4,34,50,"null","null","null",45,23.074062,1.3321655,-2.9055347,3.2448392,-0.2750008,-16731116
34,33,-268210176,35,"null","null","null",39,21.440578,0.32388148,-3.4835262,2.551958,-1.2118316,-16731116
35,34,36,47,"null","null","null",8,9.342722,2.5840364,-1.6418946,3.4890308,-0.7370672,-16731116
36,35,37,42,"null","null","null",6,8.422703,1.4333808,-3.0610695,3.1200047,-0.5905177,-16731116
37,36,38,41,"","null","King-Parrots",3,3.8081677,0.4135974,-3.790929,2.374522,-0.66423035,-16731116
38,37,39,40,"null","null","null",2,1.5216777,0.54197484,-3.7111773,1.8611662,-1.7914411,-16731116
42,36,43,46,"null","null","null",3,7.640696,3.0657115,-0.28912896,3.1667447,-1.4052784,-12486656
43,42,44,45,"null","null","null",2,3.0747466,2.3408206,-0.65809166,3.7190466,-0.34808072,-12486656
47,35,48,49,"null","null","null",2,3.3852656,3.8167205,-0.6717526,0.73106873,-2.2381606,-16731116
50,33,51,58,"","null","Pygmy-Parrots",6,6.8829646,3.022944,-0.30320084,3.0686398,-1.151444,-16731116
51,50,52,57,"null","null","null",4,1.9933815,2.3134408,-1.5287752,3.4890308,-0.37199068,-16731116
52,51,53,56,"null","null","null",3,1.7357521,1.600189,-2.9140143,3.1200047,-0.5905177,-16731116
53,52,54,55,"null","null","null",2,0.42199653,0.4135974,-3.5997574,2.374522,-0.66423035,-16731116
58,50,59,60,"null","null","null",2,1.37026,3.0051725,-1.0892012,0.33095616,-2.9852285,-16731116
61,3,62,65,"null","null","null",3,24.499178,2.279176,-1.237134,3.7661476,-0.70525956,-16731116
62,61,63,64,"null","null","null",2,7.3650575,1.5045818,-2.444159,3.4248688,-0.6042887,-16731116
66,2,67,108,"","null","Parrotlets, Parakeets, Macaws and more",161,28.981733,3.1129246,-0.31716147,3.2525918,-1.0032616,-16731116
67,66,68,83,"null","null","null",151,25.303204,2.4650123,-1.6533189,3.6276631,-0.3955179,-16731116
68,67,69,-268209152,"null","null","null",138,24.51452,1.3808088,-2.9851995,3.2448392,-0.6042887,-16731116
69,68,-268213248,70,"null","null","null",74,23.386112,0.32388148,-3.5870903,2.551958,-1.2275922,-16731116
70,69,71,78,"","null","Parrotlets",7,11.488411,2.5455327,-1.5287752,3.4890308,-0.7370672,-16731116
71,70,72,75,"null","null","null",4,4.650957,1.550134,-2.9140143,3.1200047,-0.5905177,-16731116
72,71,73,74,"null","null","null",2,1.3402232,0.4135974,-3.5997574,2.374522,-0.66423035,-16731116
75,71,76,77,"null","null","null",2,1.283675,3.328406,-0.28912896,2.5945067,-1.4052784,-16731116
78,70,79,82,"null","null","null",3,4.383556,3.7300868,-0.6717526,1.4251122,-2.2381606,-16731116
79,78,80,81,"null","null","null",2,2.682321,3.328406,-0.61676055,2.5945067,-1.4052784,-12486656
83,67,84,99,"","null","Parrotlets",13,19.001188,3.6887548,-0.6366811,1.8644058,-2.2438107,-16731116
84,83,85,98,"null","null","null",8,12.187605,3.2310944,-0.6278832,3.0686398,-1.3026779,-12486656
85,84,86,95,"null","null","null",7,8.124128,2.5840364,-1.6418946,3.4890308,-0.37199068,-16731116
86,85,87,92,"null","null","null",5,6.0638742,1.550134,-3.0610695,3.1200047,-0.5905177,-16731116
87,86,88,91,"null","null","null",3,4.4315524,0.4135974,-3.790929,2.374522,-0.66423035,-12486656
88,87,89,90,"null","null","null",2,2.0097473,0.54197484,-3.7111773,1.8611662,-1.7914411,-11184866
92,86,93,94,"null","null","null",2,2.458564,3.328406,-0.28912896,2.5945067,-1.4052784,-16731116
95,85,96,97,"null","null","null",2,2.304746,3.8167205,-0.6717526,0.73106873,-2.2381606,-12486656
99,83,100,105,"null","null","null",5,10.352437,2.3305707,-2.2165542,0.5623986,-3.492145,-16731116
100,99,101,104,"null","null","null",3,5.3423843,3.4735112,-1.0892012,0.6459125,-2.9070072,-16731116
101,100,102,103,"null","null","null",2,2.1810467,3.8167205,-0.41857028,0.73106873,-2.2381606,-16731116
105,99,106,107,"null","null","null",2,8.758431,0.4835837,-3.7564578,1.938399,-1.6186463,-16731116
108,66,109,126,"null","null","null",10,11.420773,3.4309173,-0.9791716,0.34452954,-2.834297,-16731116
109,108,110,125,"null","null","null",9,8.855324,3.6659718,-0.44105524,1.8644058,-2.1905582,-16731116
110,109,111,124,"null","null","null",8,7.4725046,3.2014763,-0.6278832,3.0686398,-1.3026779,-16731116
111,110,112,119,"null","null","null",7,5.9108515,2.5455327,-1.6418946,3.4890308,-0.37199068,-16731116
112,111,113,118,"null","null","null",4,4.4182425,1.600189,-3.0610695,3.1200047,-0.5905177,-16731116
113,112,114,117,"null","null","null",3,2.7897034,0.4135974,-3.790929,2.374522,-0.66423035,-16731116
114,113,115,116,"null","null","null",2,1.713638,0.54197484,-3.7111773,1.8611662,-1.7914411,-16731116
119,111,120,123,"null","null","null",3,2.792292,3.7300868,-0.6717526,1.4251122,-2.2381606,-16731116
120,119,121,122,"null","null","null",2,2.0031135,3.328406,-0.61676055,2.5945067,-1.4052784,-16731116
127,1,128,157,"","null","Cockatoos, Corellas and more",21,30.523348,3.5166674,-0.6001822,2.0156538,-2.1562386,-12486656
128,127,129,156,"null","null","null",15,27.346735,2.9699736,-0.6376133,3.1657689,-1.1971812,-12486656
129,128,130,155,"null","null","null",14,24.229923,2.279176,-1.6470408,3.5147934,-0.3955179,-12486656
130,129,131,154,"null","null","null",13,18.470682,1.5045818,-2.977038,3.0981085,-0.6042887,-12486656
131,130,132,153,"null","null","null",12,12.773895,0.32388148,-3.5764802,2.3612084,-1.1974893,-12486656
132,131,133,152,"null","null","null",11,12.168981,0.5592989,-3.3609874,1.7788353,-2.6534753,-12486656
133,132,134,143,"null","null","null",10,11.103535,0.82174075,-2.6774383,0.41481674,-3.473289,-12486656
134,133,135,142,"null","null","null",5,9.280687,2.3870044,-2.010226,0.5042378,-3.4551682,-12486656
135,134,136,141,"null","null","null",4,8.788834,3.443475,-0.9791694,0.6527479,-2.8342948,-12486656
136,135,137,140,"null","null","null",3,5.1526103,3.6822941,-0.4410558,1.6104531,-2.1905565,-16731116
137,136,138,139,"null","null","null",2,3.55915,3.2226942,-0.6278835,2.7384992,-1.3026755,-16731116
143,133,144,151,"null","null","null",5,7.1296644,0.8210846,-3.4558175,2.374522,-0.99774426,-12486656
144,143,145,148,"null","null","null",4,6.47995,0.54197484,-3.2755322,1.9094126,-2.472543,-11184866
145,144,146,147,"null","null","null",2,2.1221497,0.661925,-2.5711775,0.75469065,-3.3442605,-11184866
148,144,149,150,"null","null","null",2,4.9686594,1.6917262,-2.1268098,3.5885544,-0.35959634,-11184866
157,127,158,167,"null","null","null",6,21.567055,2.3870018,-2.010228,0.5234822,-3.4551697,-12486656
158,157,159,164,"","null","Black-cockatoos",5,14.367514,3.443474,-0.72746617,0.65274775,-2.834297,-12486656
159,158,160,163,"null","null","null",3,4.9309406,3.6822953,-0.44105524,1.6104487,-2.1905582,-12486656
160,159,161,162,"null","null","null",2,0.50162655,3.222697,-0.6278832,2.7384958,-1.3026779,-12486656
164,158,165,166,"null","null","null",2,5.5839057,0.3708011,-2.5711792,0.8857572,-3.3442597,-12486656
168,0,169,172,"","null","New Zealand Parrots",3,25.088125,3.6250997,-0.9025985,0.35782853,-2.752129,-8572416
169,168,170,171,"null","null","null",2,2.5894682,3.8261666,-0.4628849,1.0880196,-2.1365566,-11184866
