index,parent,child1,child2,name1,name2,common,richness,lengthbr,hxmax,hxmin,hymax,hymin,color
0,-268019621,1,46,"","null","Brook Salamanders",26,50.87707,2.9699779,-0.6376127,3.2525864,-1.00327,-12486656
1,0,2,45,"null","null","null",23,50.87707,2.2791789,-1.6061726,3.6276631,-0.39551622,-12486656
2,1,3,32,"null","null","null",22,50.87707,1.4246867,-2.9239163,3.244843,-0.6042876,-12486656
3,2,4,23,"null","null","null",15,50.87707,0.3238794,-3.5074313,2.5519614,-1.197477,-12486656
4,3,5,16,"null","null","null",10,50.87707,0.55929744,-3.2712297,1.6207746,-2.6534662,-12486656
5,4,6,15,"null","null","null",6,50.87707,0.8217292,-2.5607533,0.6411383,-3.4732866,-12486656
6,5,7,14,"null","null","null",5,50.87707,2.386995,-2.010232,0.50423604,-3.4551725,-12486656
7,6,8,13,"null","null","null",4,50.87707,3.4434721,-0.9791784,0.6527474,-2.834302,-16731116
8,7,9,12,"null","null","null",3,50.87707,3.6822987,-0.4410539,1.6104374,-2.1905615,-16731116
9,8,10,11,"null","null","null",2,50.87707,3.2227035,-0.6278826,2.738487,-1.302684,-12486656
16,4,17,22,"null","null","null",4,50.87707,1.6001978,-3.06106,3.120006,-0.31738424,-12486656
17,16,18,21,"null","null","null",3,50.87707,0.4136094,-3.7909265,2.3745227,-0.66423047,-12486656
18,17,19,20,"null","null","null",2,50.87707,0.541973,-3.7111814,1.8611743,-1.7914251,-12486656
23,3,24,31,"null","null","null",5,50.87707,2.3134434,-1.6418805,3.4890275,-0.73706996,-12486656
24,23,25,30,"null","null","null",4,50.87707,1.6001987,-3.0610595,3.120006,-0.5905163,-12486656
25,24,26,29,"null","null","null",3,50.87707,0.4136094,-3.7909265,2.3745227,-0.66423047,-11184866
26,25,27,28,"null","null","null",2,50.87707,0.541973,-3.7111814,1.8611743,-1.7914251,-11184866
32,2,33,42,"null","null","null",7,50.87707,3.2311008,-0.30319965,3.0686295,-1.1514577,-12486656
33,32,34,39,"null","null","null",5,50.87707,2.5840416,-1.5287567,3.489027,-0.37198845,-12486656
34,33,35,38,"null","null","null",3,50.87707,1.6001993,-2.9139996,3.120006,-0.5905162,-12486656
35,34,36,37,"null","null","null",2,50.87707,0.41361105,-3.5997496,2.3745227,-0.66423047,-12486656
39,33,40,41,"null","null","null",2,50.87707,3.8167186,-0.671756,0.7310486,-2.2381651,-12486656
42,32,43,44,"null","null","null",2,50.87707,3.0051594,-1.0892124,0.33095488,-2.9852424,-11184866
46,0,47,50,"null","null","null",3,50.87707,3.5548193,-0.9791807,0.3445286,-2.8343034,-12486656
47,46,48,49,"null","null","null",2,50.87707,3.8270519,-0.4410535,0.90937954,-2.1905627,-11184866
