index,parent,child1,child2,name1,name2,common,richness,lengthbr,hxmax,hxmin,hymax,hymin,color
0,-268066812,1,60,"null","null","null",31,28.948883,0.8210856,-3.5726695,2.374522,-1.1122043,-16731116
1,0,2,43,"null","null","null",30,26.283241,0.5419741,-3.427443,1.8248615,-2.6213443,-16731116
2,1,3,26,"null","null","null",21,19.253815,0.6619249,-2.768662,0.6720425,-3.5377066,-12486656
3,2,4,23,"null","null","null",12,13.687647,2.1597364,-2.2165554,0.4839735,-3.62381,-12486656
4,3,5,20,"null","null","null",10,9.8918915,3.2514281,-0.87068796,0.6459124,-3.0781722,-12486656
5,4,6,17,"null","null","null",8,8.610303,3.5280137,-0.41856992,1.9147032,-2.4606743,-12486656
6,5,7,12,"null","null","null",6,7.176544,3.0657122,-0.6167604,3.2309766,-1.2264582,-11184866
7,6,8,11,"null","null","null",3,3.0528433,2.340821,-0.8562573,3.8025494,-0.34808034,-12486656
8,7,9,10,"null","null","null",2,2.3620396,1.6917278,-2.1268075,3.5885549,-0.5755013,-8572416
12,6,13,16,"null","null","null",3,5.1141443,3.3814769,-1.1971791,0.31716174,-2.9699724,-11184866
13,12,14,15,"null","null","null",2,2.4449008,3.7952118,-0.39551836,0.6459115,-2.2791753,-11184866
17,5,18,19,"null","null","null",2,2.4987795,1.0880233,-2.1365554,0.6001814,-3.8261666,-12486656
20,4,21,22,"null","null","null",2,2.370041,0.3578288,-2.7162118,0.90259826,-3.2399821,-16731116
23,3,24,25,"null","null","null",2,5.0099697,0.48358428,-3.7564583,1.9384001,-1.6186436,-16731116
26,2,27,38,"null","null","null",9,14.576434,0.8449203,-3.4974654,2.7891593,-1.0443926,-12486656
27,26,28,33,"null","null","null",6,9.804468,0.5235964,-3.4058867,1.799383,-2.607286,-12486656
28,27,29,32,"null","null","null",3,5.1739445,0.6580923,-2.7521274,0.8675207,-3.625101,-16731116
29,28,30,31,"null","null","null",2,3.3870232,1.0880233,-2.1365554,0.46288532,-3.8261666,-12486656
33,27,34,37,"null","null","null",3,4.3577657,1.7788364,-2.62727,3.162871,-0.4014799,-11184866
34,33,35,36,"null","null","null",2,2.8871129,0.6411311,-3.4392238,2.4198866,-0.6642305,-12486656
38,26,39,42,"null","null","null",3,3.8016264,2.3612082,-0.6648511,3.8027484,-0.79509497,-16731116
39,38,40,41,"null","null","null",2,1.3537467,1.778837,-1.9610467,3.6551373,-0.55929863,-16731116
43,1,44,57,"null","null","null",9,18.888823,1.6749393,-2.7538228,3.3983073,-0.35959804,-16731116
44,43,45,54,"","null","Bush hens, Waterhens and more",7,13.864901,0.33848935,-3.497465,2.7278,-1.04439,-16731116
45,44,46,51,"null","null","null",5,10.196452,0.52359617,-3.4058871,2.0181699,-2.607284,-16731116
46,45,47,50,"null","null","null",3,6.5010214,0.65809226,-2.7521284,0.86752254,-3.6251001,-16731116
47,46,48,49,"null","null","null",2,3.9485893,1.0880204,-2.1365561,0.46288502,-3.8261666,-16731116
51,45,52,53,"null","null","null",2,3.9788017,1.7788377,-1.9610444,3.6551383,-0.40148056,-12486656
54,44,55,56,"null","null","null",2,4.1208835,2.3612084,-0.41842085,3.6646879,-0.7950953,-16731116
57,43,58,59,"null","null","null",2,3.6416922,3.4248714,-0.27500063,2.4441552,-1.5045838,-12486656
