index,parent,child1,child2,name1,name2,common,richness,lengthbr,hxmax,hxmin,hymax,hymin,color
0,-268335097,1,70,"null","null","null",60,60.903175,3.1129305,-0.3171607,3.2525868,-1.0703907,-11184866
1,0,2,47,"null","null","null",35,52.885628,2.4650178,-1.6694274,3.6276631,-0.3955164,-11184866
2,1,3,44,"","null","Worm Salamanders",23,46.640324,1.4209557,-3.006147,3.2448428,-0.60428774,-12486656
3,2,4,31,"null","null","null",21,46.640324,0.32387957,-3.61433,2.5519614,-1.197477,-12486656
4,3,5,24,"null","null","null",14,46.640324,0.55929744,-3.4101982,1.6207746,-2.6534662,-11184866
5,4,6,21,"null","null","null",10,46.640324,0.88761616,-2.7414126,0.41482306,-3.4732866,-12486656
6,5,7,14,"null","null","null",8,46.640324,2.4726481,-1.9577174,0.50423604,-3.4551725,-11184866
7,6,8,11,"null","null","null",4,46.640324,3.554821,-0.7274748,0.6527474,-2.834302,-11184866
8,7,9,10,"null","null","null",2,46.640324,3.827052,-0.4410539,0.90938497,-2.1905615,-12486656
11,7,12,13,"null","null","null",2,46.640324,0.37080032,-2.571188,0.8857583,-3.3442535,-8572416
14,6,15,20,"null","null","null",4,46.640324,0.44286594,-3.3444946,1.861173,-2.7339165,-11184866
15,14,16,19,"null","null","null",3,46.640324,0.6619247,-2.660829,0.7546987,-3.684055,-12486656
16,15,17,18,"null","null","null",2,46.640324,1.2662308,-2.0763695,0.48397252,-3.8140671,-12486656
21,5,22,23,"null","null","null",2,46.640324,0.82108676,-3.5997515,2.3745224,-0.40725157,-16731116
24,4,25,28,"null","null","null",4,46.640324,1.5501465,-2.9140012,3.120006,-0.31738424,-11184866
25,24,26,27,"null","null","null",2,46.640324,0.4136094,-3.5997503,2.3745227,-0.66423047,-12486656
28,24,29,30,"null","null","null",2,46.640324,3.328417,-0.28912765,2.594491,-1.4052889,-8572416
31,3,32,41,"null","null","null",7,46.640324,2.5840416,-1.4435918,3.4890275,-0.73706996,-16731116
32,31,33,40,"null","null","null",5,46.640324,1.6001987,-2.8032844,3.120006,-0.5905163,-12486656
33,32,34,39,"null","null","null",4,46.640324,0.4136094,-3.455819,2.3745227,-0.9977267,-12486656
34,33,35,38,"null","null","null",3,46.640324,0.541973,-3.2755415,1.8611743,-2.472528,-12486656
35,34,36,37,"null","null","null",2,46.640324,0.6619247,-2.5711904,0.7547004,-3.3442519,-11184866
41,31,42,43,"null","null","null",2,46.640324,3.816719,-0.6717558,0.73104995,-2.2381647,-16731116
44,2,45,46,"null","null","null",2,46.640324,3.2227073,-0.30319974,2.7384832,-1.3026869,-8572416
47,1,48,59,"null","null","null",12,36.962864,3.6887572,-0.6366836,1.8643925,-2.2438173,-8572416
48,47,49,58,"","null","Bromeliad Salamanders",6,26.652334,3.2311006,-0.6278824,3.0686307,-1.3026869,-11184866
49,48,50,55,"null","null","null",5,26.652334,2.5840416,-1.5287583,3.4890275,-0.37198862,-8572416
50,49,51,54,"null","null","null",3,26.652334,1.6001987,-2.9140007,3.120006,-0.5905163,-8572416
51,50,52,53,"null","null","null",2,26.652334,0.4136094,-3.5997503,2.3745227,-0.66423047,-8572416
55,49,56,57,"null","null","null",2,26.652334,3.816719,-0.6717558,0.73104995,-2.2381647,-11184866
59,47,60,69,"","null","Hidden Salamanders",6,26.652334,2.1597261,-2.0763712,0.56240165,-3.492148,-8572416
60,59,61,68,"null","null","null",5,26.652334,3.2514222,-1.0892116,0.64591193,-2.9070134,-8572416
61,60,62,67,"null","null","null",4,26.652334,3.5280137,-0.41856813,1.8652778,-2.2381647,-8572416
62,61,63,66,"null","null","null",3,26.652334,3.0657158,-0.6167593,3.1667316,-1.4052896,-8572416
63,62,64,65,"null","null","null",2,26.652334,2.3408232,-0.65809214,3.7190406,-0.34807807,-8572416
70,0,71,94,"null","null","null",25,60.903175,3.4309154,-0.91696334,0.34452868,-2.9853263,-11184866
71,70,72,91,"","null","Splayfoot Salamanders",12,36.962864,3.6659758,-0.4410537,1.8643925,-2.3868928,-8572416
72,71,73,84,"null","null","null",10,36.962864,3.2014847,-0.6278824,3.0686307,-1.1166887,-8572416
73,72,74,79,"null","null","null",6,36.962864,2.5455406,-1.5287583,3.4890275,-0.37198862,-8572416
74,73,75,78,"null","null","null",3,36.962864,1.6001987,-2.9140007,3.120006,-0.5905163,-8572416
75,74,76,77,"null","null","null",2,36.962864,0.4136094,-3.5997503,2.3745227,-0.66423047,-8572416
79,73,80,83,"null","null","null",3,36.962864,3.730092,-0.6717558,1.425092,-2.2381647,-8572416
80,79,81,82,"null","null","null",2,36.962864,3.3284178,-0.6167593,2.59449,-1.4052896,-3014646
84,72,85,90,"null","null","null",4,36.962864,3.406867,-1.0892116,0.33095497,-2.9070134,-11184866
85,84,86,89,"null","null","null",3,36.962864,3.730092,-0.41856813,1.425092,-2.2381647,-11184866
86,85,87,88,"null","null","null",2,36.962864,3.3284178,-0.6167593,2.59449,-1.4052896,-12486656
91,71,92,93,"null","null","null",2,36.962864,1.2662255,-2.0763712,0.56240165,-3.8140678,-8572416
94,70,95,110,"","null","Moss Salamanders",13,38.153496,0.6896844,-2.724474,0.8857585,-3.4364238,-11184866
95,94,96,103,"null","null","null",8,38.153496,2.279299,-2.0607529,0.48397216,-3.492148,-12486656
96,95,97,102,"null","null","null",4,38.153496,3.406867,-1.0892116,0.64591193,-2.9070134,-12486656
97,96,98,101,"null","null","null",3,38.153496,3.730092,-0.41856813,1.425092,-2.2381647,-16731116
98,97,99,100,"null","null","null",2,38.153496,3.3284178,-0.6167593,2.59449,-1.4052896,-12486656
103,95,104,109,"null","null","null",4,38.153496,0.48358718,-3.405891,1.9384062,-2.6072755,-11184866
104,103,105,108,"null","null","null",3,38.153496,0.658092,-2.7521343,0.8675302,-3.6250958,-11184866
105,104,106,107,"null","null","null",2,38.153496,1.0880071,-2.1365602,0.46288356,-3.826167,-12486656
110,94,111,116,"null","null","null",5,38.153496,0.8449217,-3.4762158,2.7278008,-0.81649756,-8572416
111,110,112,115,"null","null","null",3,38.153496,0.5235951,-3.3782678,1.9384059,-2.3110278,-8572416
112,111,113,114,"null","null","null",2,38.153496,0.658092,-2.7162237,0.8675299,-3.2399733,-8572416
116,110,117,118,"null","null","null",2,38.153496,2.3612096,-0.41842026,3.6646845,-0.7950969,-11184866
