index,parent,child1,child2,name1,name2,common,richness,lengthbr,hxmax,hxmin,hymax,hymin,color
0,-268257198,1,36,"null","null","null",23,17.661507,0.6580924,-2.7672644,0.6457026,-3.439221,-16731116
1,0,2,27,"null","null","null",18,14.780698,2.0156596,-2.156235,0.46288577,-3.5845203,-16731116
2,1,3,26,"null","null","null",13,8.644916,3.1657724,-1.1971772,0.63761365,-3.0581808,-16731116
3,2,4,17,"null","null","null",12,8.494825,3.5147939,-0.39551884,1.6061882,-2.393847,-16731116
4,3,5,16,"null","null","null",7,6.2827854,3.0981069,-0.6042892,2.9239256,-1.5045781,-16731116
5,4,6,15,"null","null","null",6,3.0827825,2.361207,-1.3502631,3.50743,-0.32388246,-16731116
6,5,7,12,"null","null","null",5,2.7667158,1.7948487,-2.8520777,3.2712197,-0.5592996,-16731116
7,6,8,11,"null","null","null",3,2.1289406,0.6411245,-3.7314677,2.56074,-0.6642306,-16731116
8,7,9,10,"null","null","null",2,1.3840631,0.50423855,-3.7907977,2.0102232,-1.4433578,-12486656
12,6,13,14,"null","null","null",2,1.7845201,3.5116959,-0.31737888,2.2880604,-1.6001867,-16731116
17,3,18,23,"null","null","null",5,7.505843,2.026291,-2.3868847,0.63667953,-3.5286388,-16731116
18,17,19,22,"null","null","null",3,5.126377,3.2790883,-1.3026755,0.6278835,-3.0229423,-16731116
19,18,20,21,"null","null","null",2,5.0793023,3.7626114,-0.37199128,0.6527469,-2.3134394,-16731116
23,17,24,25,"null","null","null",2,5.9386377,0.5623976,-3.814066,2.0763648,-1.2662436,-12486656
27,1,28,33,"null","null","null",5,13.601532,0.52348053,-3.4551682,2.1206808,-2.4726603,-16731116
28,27,29,32,"null","null","null",3,10.738489,0.6527479,-2.8342948,0.9791694,-3.5548277,-16731116
29,28,30,31,"null","null","null",2,3.4380996,0.90940034,-2.1905565,0.44105583,-3.8270526,-16731116
33,27,34,35,"null","null","null",2,4.522045,1.8611674,-1.7914399,3.711177,-0.4428624,-16731116
36,0,37,44,"null","null","null",5,11.874264,0.86650527,-3.473289,2.5607443,-0.88763,-16731116
37,36,38,43,"null","null","null",4,9.727198,0.5042378,-3.4551682,2.010226,-2.4726603,-16731116
38,37,39,42,"null","null","null",3,5.564426,0.6527479,-2.8342948,0.9791694,-3.5548277,-16731116
39,38,40,41,"null","null","null",2,3.4819872,0.90940034,-2.1905565,0.44105583,-3.8270526,-16731116
