index,parent,child1,child2,name1,name2,common,richness,lengthbr,hxmax,hxmin,hymax,hymin,color
0,-268195734,1,84,"null","null","null",70,16.3,3.2310967,-0.62788296,3.0686367,-1.1457276,-16731116
1,0,2,81,"null","null","null",42,16.3,2.5840383,-1.5047851,3.4890296,-0.37198997,-16731116
2,1,3,52,"null","null","null",40,16.3,1.5289009,-2.88283,3.1200051,-0.5905173,-16731116
3,2,4,51,"null","null","null",25,16.3,0.4136008,-3.5592208,2.3745222,-1.0522765,-16731116
4,3,5,44,"","null","Leaf-eared Mice and more",24,10.5,0.5419743,-3.4099588,1.7306687,-2.5434372,-16731116
5,4,6,41,"null","null","null",20,9.5,0.6729623,-2.745932,0.49050963,-3.4364262,-16731116
6,5,7,34,"null","null","null",18,9.3,2.2575567,-2.0484684,0.48397338,-3.4921455,-16731116
7,6,8,27,"null","null","null",14,8.6,3.378595,-0.8866515,0.6459124,-2.9070082,-16731116
8,7,9,26,"null","null","null",10,8.6,3.6933315,-0.4185698,1.7065823,-2.238161,-16731116
9,8,10,25,"null","null","null",9,8.6,3.2806253,-0.6167603,2.9604197,-1.4052806,-16731116
10,9,11,18,"null","null","null",8,8.6,2.620208,-1.3545772,3.4508257,-0.34808022,-16731116
11,10,12,15,"null","null","null",4,8.6,1.6749359,-2.7746239,3.1313145,-0.5755012,-16731116
12,11,13,14,"null","null","null",2,8.6,0.5272817,-3.5245032,2.3807092,-0.665,-16731116
15,11,16,17,"null","null","null",2,8.6,3.4248688,-0.27500102,2.444159,-1.5045819,-16731116
18,10,19,22,"null","null","null",4,8.6,3.7661476,-0.705259,1.2371341,-2.5264778,-16731116
19,18,20,21,"null","null","null",2,8.6,3.4248688,-0.6042887,2.444159,-1.5045819,-16731116
22,18,23,24,"null","null","null",2,2.2,0.9093931,-2.1905591,0.63668096,-3.827052,-16731116
27,7,28,33,"null","null","null",4,8.6,0.35782874,-2.752129,0.90259826,-3.4687877,-16731116
28,27,29,32,"null","null","null",3,8.6,1.7924187,-2.1365566,0.4628849,-3.622961,-16731116
29,28,30,31,"null","null","null",2,8.6,2.8755634,-1.1971815,0.6376133,-3.1081553,-16731116
34,6,35,38,"null","null","null",4,8.6,0.48358452,-3.3782616,2.0181682,-2.3110387,-16731116
35,34,36,37,"null","null","null",2,8.6,0.65809226,-2.7162147,0.8675231,-3.23998,-16731116
38,34,39,40,"null","null","null",2,8.6,1.7788361,-1.9610482,3.6551366,-0.40148008,-16731116
41,5,42,43,"Andalgalomys","null","null",2,2.4,0.8449204,-3.5245008,2.3807096,-0.39556158,-16731116
44,4,45,50,"Graomys","null","null",4,5.4,1.691729,-2.9612634,3.1863751,-0.35959762,-16731116
45,44,46,49,"null","null","null",3,5.4,0.52728236,-3.7671359,2.4522882,-0.665,-16731116
46,45,47,48,"null","null","null",2,2.5,0.5235966,-3.7564578,1.9383993,-1.6186452,-16731116
52,2,53,78,"null","null","null",15,16.3,3.2806258,-0.28912854,3.1184022,-1.2878737,-16731116
53,52,54,73,"null","null","null",13,16.3,2.6202087,-1.3385772,3.6562042,-0.34807998,-16731116
54,53,55,68,"null","null","null",10,16.3,1.5297099,-2.7538245,3.398307,-0.5755011,-16731116
55,54,56,65,"null","null","null",7,11.0,0.33848763,-3.4974651,2.7277994,-1.0443938,-16731116
56,55,57,62,"null","null","null",5,10.3,0.5235966,-3.4058857,2.0181665,-2.6072872,-16731116
57,56,58,61,"Bibimys","null","Crimson-nosed Rats",3,0.2,0.6580924,-2.7521262,0.8675197,-3.6251016,-16731116
58,57,59,60,"null","null","null",2,0.2,1.0880251,-2.1365547,0.46288556,-3.8261662,-16731116
62,56,63,64,"Kunsia","some","Giant Rats",2,3.6,1.7788349,-1.9610509,3.6551359,-0.40147948,-12486656
65,55,66,67,"Scapteromys","null","Swamp Rats",2,3.2,2.3612084,-0.41842112,3.6646895,-0.7950947,-16731116
68,54,69,72,"Chelemys","null","Long-clawed Mice",3,4.9,3.0981085,-0.27500087,3.0448916,-1.5045813,-16731116
69,68,70,71,"null","null","null",2,2.9,2.3612084,-0.66192454,3.6646895,-0.3238816,-12486656
73,53,74,77,"Nesoryzomys","null","Galapagos Mice",3,1.9,3.7661476,-0.7052593,1.2371349,-2.2791758,-11184866
74,73,75,76,"null","null","null",2,1.9,3.4248686,-0.6042887,2.4441597,-1.5045813,-11184866
78,52,79,80,"Sigmodontomys","null","Rice Water Rats",2,3.1,2.8755636,-1.1971806,0.31716153,-3.1081548,-16731116
81,1,82,83,"Scolomys","some","Spiny Mice",2,5.7,3.81672,-0.67175364,0.73106325,-2.2381618,-16731116
84,0,85,116,"null","null","null",28,16.3,3.384474,-0.94437885,0.33095574,-2.9723616,-16731116
85,84,86,105,"Rhipidomys","some","Climbing Mice",16,8.1,3.700975,-0.41856956,1.7316424,-2.32312,-16731116
86,85,87,104,"null","null","null",10,8.1,3.2905622,-0.6167602,2.9929988,-1.4052815,-16731116
87,86,88,101,"null","null","null",9,8.1,2.6331258,-1.326002,3.4931798,-0.34807998,-16731116
88,87,89,96,"null","null","null",7,8.1,1.5297099,-2.7374768,3.1863751,-0.5755011,-16731116
89,88,90,95,"null","null","null",4,8.1,0.52728236,-3.4762132,2.4522882,-0.8165132,-16731116
90,89,91,94,"null","null","null",3,4.1,0.5235966,-3.3782582,1.9383993,-2.3110423,-16731116
91,90,92,93,"null","null","null",2,4.1,0.6580924,-2.7162104,0.8675197,-3.239983,-16731116
96,88,97,100,"null","null","null",3,8.1,3.0981085,-0.27500087,3.0448916,-1.5045813,-16731116
97,96,98,99,"null","null","null",2,8.1,2.3612084,-0.66192454,3.6646895,-0.3238816,-16731116
101,87,102,103,"null","null","null",2,8.1,3.7952113,-0.7052593,0.55373704,-2.2791758,-16731116
105,85,106,113,"null","null","null",6,8.1,2.1643848,-2.305407,0.60018194,-3.5166674,-16731116
106,105,107,112,"null","null","null",4,8.1,3.359119,-1.1971806,0.63761336,-2.969973,-16731116
107,106,108,111,"null","null","null",3,8.1,3.7661476,-0.395518,1.2371349,-2.2791758,-16731116
108,107,109,110,"null","null","null",2,2.6,3.4248686,-0.6042887,2.4441597,-1.5045813,-16731116
113,105,114,115,"null","null","null",2,8.1,0.52348197,-3.7907996,2.0102274,-1.443347,-16731116
116,84,117,136,"null","null","null",12,16.3,0.44187987,-2.8820138,0.9025985,-3.387024,-16731116
117,116,118,133,"null","null","null",10,16.3,2.0156546,-2.305407,0.46288502,-3.5166674,-16731116
118,117,119,128,"null","null","null",8,16.3,3.165769,-1.003261,0.63761336,-2.969973,-16731116
119,118,120,127,"Nectomys","null","null",5,7.2,3.5147934,-0.395518,1.7809281,-2.2791758,-16731116
120,119,121,126,"null","null","null",4,7.2,3.0981085,-0.6042887,3.1510909,-1.5045813,-16731116
121,120,122,125,"null","null","null",3,4.6,2.3612084,-0.6648554,3.8027484,-0.3238816,-16731116
122,121,123,124,"null","null","null",2,4.6,1.7788349,-1.9610509,3.6551359,-0.559299,-16731116
128,118,129,132,"Delomys","null","null",3,5.7,0.34452963,-2.8342967,0.97917116,-3.5548258,-16731116
129,128,130,131,"null","null","null",2,3.1,0.90939677,-2.190558,0.44105536,-3.827052,-16731116
133,117,134,135,"null","null","null",2,16.3,0.52348197,-3.7907996,2.0102274,-1.443347,-11184866
136,116,137,138,"Thalpomys","null","null",2,3.1,0.866506,-3.4392238,2.4198866,-0.3833952,-16731116
