index,parent,child1,child2,name1,name2,common,richness,lengthbr,hxmax,hxmin,hymax,hymin,color
0,-268032925,1,24,"null","null","null",22,19.8,3.3844717,-0.9443828,0.6459121,-2.9723644,-16731116
1,0,2,17,"null","null","null",12,15.2,3.700975,-0.41856888,1.7065759,-2.3231223,-16731116
2,1,3,12,"null","null","null",8,8.1,3.2905638,-0.6167598,2.9604154,-1.2264631,-16731116
3,2,4,9,"null","null","null",5,5.5,2.6331272,-1.35457,3.4508245,-0.34807926,-12486656
4,3,5,8,"Choeroniscus","null","null",3,5.1,1.6917316,-2.774618,3.1313152,-0.5755006,-16731116
5,4,6,7,"null","null","null",2,5.1,0.5272858,-3.5244997,2.38071,-0.665,-12486656
9,3,10,11,"null","null","null",2,0.5,3.7952104,-0.70526034,0.55373156,-2.279177,-12486656
12,2,13,16,"null","null","null",3,6.0,3.3814723,-1.197184,0.3171611,-2.969975,-16731116
13,12,14,15,"null","null","null",2,3.7,3.7952104,-0.3955173,0.6459119,-2.279177,-16731116
17,1,18,23,"Anoura","null","Tailless Bats",4,8.7,2.1815777,-2.136558,0.6001831,-3.5166678,-16731116
18,17,19,22,"null","null","null",3,8.7,3.3814723,-1.197184,0.63761306,-2.969975,-16731116
19,18,20,21,"null","null","null",2,8.7,3.7952104,-0.3955173,0.6459119,-2.279177,-16731116
24,0,25,38,"null","null","null",10,15.7,0.44187522,-2.8820171,0.902599,-3.387022,-16731116
25,24,26,35,"null","null","null",7,14.4,2.0156503,-2.3054097,0.46288437,-3.5166678,-16731116
26,25,27,34,"Glossophaga","some","Long-tongued Bats",5,7.4,3.1657667,-1.197184,0.63761306,-2.969975,-16731116
27,26,28,33,"null","null","null",4,7.4,3.514793,-0.3955173,1.6992316,-2.279177,-16731116
28,27,29,32,"null","null","null",3,5.9,3.0981092,-0.60428834,3.0448883,-1.5045842,-16731116
29,28,30,31,"null","null","null",2,5.9,2.3612087,-0.6619246,3.664688,-0.32388085,-16731116
35,25,36,37,"Monophyllus","null","null",2,6.5,0.52348316,-3.7908006,2.0102296,-1.4433415,-16731116
38,24,39,42,"Leptonycteris","null","null",3,7.2,0.8665067,-3.7314644,2.5607495,-0.38339484,-11184866
39,38,40,41,"null","null","null",2,4.6,0.50423676,-3.7908006,2.0102296,-1.4433415,-11184866
