index,parent,child1,child2,name1,name2,common,richness,lengthbr,hxmax,hxmin,hymax,hymin,color
0,-268043157,1,34,"null","null","null",21,18.498089,2.2620697,-2.0607538,0.483972,-3.4921482,-16731116
1,0,2,27,"null","null","null",17,17.214205,3.3844695,-0.88666075,0.6459119,-2.907014,-16731116
2,1,3,26,"","null","Running Frogs",13,15.5842705,3.700976,-0.41856796,1.849578,-2.2381651,-16731116
3,2,4,25,"null","null","null",12,15.5842705,3.290567,-0.6167593,3.1463227,-1.4052902,-16731116
4,3,5,22,"null","null","null",11,15.5842705,2.6331298,-1.3385634,3.6925101,-0.3480779,-16731116
5,4,6,19,"null","null","null",9,15.5842705,1.6749496,-2.7538147,3.4455104,-0.5754996,-16731116
6,5,7,14,"null","null","null",7,15.5842705,0.33849525,-3.4974635,2.789163,-1.0443783,-16731116
7,6,8,13,"null","null","null",4,15.5842705,0.52359474,-3.4058914,1.9384072,-2.607274,-16731116
8,7,9,12,"null","null","null",3,15.5842705,0.6580919,-2.752135,0.86753106,-3.6250951,-16731116
9,8,10,11,"null","null","null",2,15.5842705,1.088007,-2.1365604,0.46288338,-3.8261669,-12486656
14,6,15,18,"null","null","null",3,15.5842705,2.3612099,-0.6648334,3.802748,-0.7950975,-16731116
15,14,16,17,"null","null","null",2,15.5842705,1.7788447,-1.9610311,3.6551428,-0.55929714,-12486656
19,5,20,21,"null","null","null",2,15.5842705,3.424879,-0.2750017,2.4441426,-1.504592,-16731116
22,4,23,24,"null","null","null",2,15.5842705,3.7952085,-0.7052624,0.55371827,-2.2791796,-16731116
27,1,28,33,"null","null","null",4,17.214205,0.35782766,-2.7521353,0.9025996,-3.468788,-16731116
28,27,29,32,"null","null","null",3,6.675013,1.7924029,-2.136561,0.4628833,-3.6229677,-16731116
29,28,30,31,"","null","Common Striped Frogs",2,4.2114644,2.8755507,-1.1971908,0.6376125,-3.1081667,-16731116
34,0,35,40,"","null","African Striped Frogs",4,8.422929,0.48358747,-3.405892,1.9384067,-2.6072745,-16731116
35,34,36,39,"null","null","null",3,8.422929,0.6580919,-2.7521353,0.8675311,-3.6250954,-16731116
36,35,37,38,"null","null","null",2,8.422929,1.0880057,-2.1365607,0.46288338,-3.8261673,-12486656
