index,parent,child1,child2,name1,name2,common,richness,lengthbr,hxmax,hxmin,hymax,hymin,color
0,-268396468,1,56,"","null","Darwin's Frogs and more",33,40.504204,3.2310956,-0.30320063,3.1648684,-1.1166805,-12486656
1,0,2,53,"null","null","null",28,40.504204,2.5840373,-1.5127451,3.6141295,-0.37199032,-16731116
2,1,3,52,"null","null","null",26,37.742405,1.6001905,-2.8931768,3.2826343,-0.59051746,-16731116
3,2,4,43,"null","null","null",25,37.742405,0.39173245,-3.57267,2.5859401,-1.112208,-16731116
4,3,5,30,"null","null","null",20,37.742405,0.54197454,-3.4274414,1.8248591,-2.6213472,-16731116
5,4,6,29,"null","null","null",13,37.742405,0.66192496,-2.7686596,0.75469065,-3.5377076,-12486656
6,5,7,26,"null","null","null",12,37.742405,2.1597397,-2.2165534,0.483974,-3.6238089,-12486656
7,6,8,21,"null","null","null",10,37.742405,3.25143,-0.8866478,0.64591265,-3.0781698,-12486656
8,7,9,18,"null","null","null",7,37.742405,3.5280137,-0.41857052,1.9147071,-2.4606724,-12486656
9,8,10,15,"null","null","null",5,37.742405,3.0657108,-0.6167606,3.230979,-1.2878692,-11184866
10,9,11,14,"null","null","null",3,37.742405,2.3408198,-0.856262,3.8025498,-0.34808096,-11513776
11,10,12,13,"null","null","null",2,37.742405,1.6917254,-2.1268115,3.5885534,-0.5755017,-11513776
15,9,16,17,"null","null","null",2,37.742405,2.8755672,-1.1971784,0.3171621,-3.108152,-11184866
18,8,19,20,"null","null","null",2,37.742405,1.0880251,-2.1365547,0.6001805,-3.8261662,-12486656
21,7,22,25,"null","null","null",3,37.742405,0.35782912,-2.7521262,0.9025978,-3.6251016,-11513776
22,21,23,24,"null","null","null",2,37.742405,1.0880251,-2.1365547,0.46288556,-3.8261662,-11513776
26,6,27,28,"null","null","null",2,37.742405,0.48358327,-3.756458,1.9383984,-1.6186465,-12486656
30,4,31,40,"null","null","null",7,37.742405,1.6749347,-2.737479,3.3983068,-0.35959697,-16731116
31,30,32,37,"null","null","null",5,37.742405,0.3384863,-3.4762144,2.7277992,-0.816515,-16731116
32,31,33,36,"null","null","null",3,37.742405,0.5235969,-3.3782585,1.9383984,-2.3110435,-16731116
33,32,34,35,"null","null","null",2,37.742405,0.65809244,-2.7162104,0.8675197,-3.239983,-16731116
37,31,38,39,"null","null","null",2,37.742405,2.361208,-0.4184213,3.6646907,-0.79509425,-16731116
40,30,41,42,"null","null","null",2,37.742405,3.4248672,-0.27500108,2.4441621,-1.5045799,-11513776
43,3,44,49,"null","null","null",5,37.742405,2.633125,-1.354578,3.4508262,-0.76705194,-16731116
44,43,45,48,"null","null","null",3,37.742405,1.6917278,-2.7746243,3.1313148,-0.5755013,-11513776
45,44,46,47,"null","null","null",2,37.742405,0.52728057,-3.5245035,2.3807096,-0.665,-11513776
49,43,50,51,"null","null","null",2,37.742405,3.7952118,-0.70525885,0.55373955,-2.2791753,-16731116
53,1,54,55,"null","null","null",2,8.029548,3.8167205,-0.6717531,0.731066,-2.238161,-16731116
56,0,57,62,"null","null","null",5,40.504204,3.4068694,-0.9287931,0.33095595,-2.9070082,-11184866
57,56,58,61,"null","null","null",3,12.726532,3.7300873,-0.41856992,1.4251093,-2.238161,-12486656
58,57,59,60,"null","null","null",2,12.726532,3.3284078,-0.6167604,2.5945044,-1.40528,-12486656
62,56,63,64,"","null","Darwin's Frogs",2,8.029548,0.3578288,-2.7162118,0.90259826,-3.2399821,-8572416
