index,parent,child1,child2,name1,name2,common,richness,lengthbr,hxmax,hxmin,hymax,hymin,color
0,-268307335,1,42,"null","null","null",32,4.2917776,1.6406958,-2.8129518,3.316043,-0.5755025,-16731116
1,0,2,33,"null","null","null",21,3.860048,0.4772979,-3.574321,2.6208568,-0.90353423,-16731116
2,1,3,28,"null","null","null",16,3.4661906,0.5235983,-3.505791,1.7993698,-2.4241629,-16731116
3,2,4,25,"null","null","null",13,2.6694732,0.6580928,-2.8820014,0.58308595,-3.3870301,-16731116
4,3,5,22,"null","null","null",11,1.6351626,2.1250305,-2.3053973,0.46288753,-3.516665,-16731116
5,4,6,19,"null","null","null",9,0.7119652,3.3079462,-1.0121849,0.63761437,-2.9699662,-12486656
6,5,7,18,"null","null","null",7,0.28335518,3.6996117,-0.39552075,1.5568774,-2.279171,-12486656
7,6,8,17,"null","null","null",6,0.24972577,3.3383656,-0.60429025,2.8598142,-1.5045701,-12486656
8,7,9,14,"null","null","null",5,0.20506233,2.6735446,-1.1773553,3.4240763,-0.32388446,-12486656
9,8,10,13,"null","null","null",3,0.12760596,1.7788249,-2.6272912,3.1628542,-0.5593009,-16731116
10,9,11,12,"null","null","null",2,0.08067168,0.6411151,-3.4392366,2.4198647,-0.6642307,-12486656
14,8,15,16,"null","null","null",2,0.15566404,3.7626147,-0.7370634,0.43901977,-2.313437,-12486656
19,5,20,21,"null","null","null",2,0.23680153,0.34453118,-2.8543968,0.9791603,-3.1268158,-12486656
22,4,23,24,"null","null","null",2,0.72783375,0.5234773,-3.7907968,2.0102203,-1.443365,-16731116
25,3,26,27,"null","null","null",2,1.4775115,0.8665037,-3.4392328,2.4198709,-0.38339666,-16731116
28,2,29,32,"null","null","null",3,2.193861,1.7788285,-2.627285,3.162859,-0.40147567,-16731116
29,28,30,31,"null","null","null",2,1.2738622,0.64111984,-3.4392328,2.4198709,-0.66423064,-16731116
33,1,34,39,"null","null","null",5,2.311537,2.673546,-1.1773479,3.424078,-0.7950922,-16731116
34,33,35,38,"null","null","null",3,2.0403247,1.7788285,-2.627285,3.162859,-0.5593003,-16731116
35,34,36,37,"null","null","null",2,0.6146901,0.64111984,-3.4392328,2.4198709,-0.66423064,-16731116
39,33,40,41,"null","null","null",2,0.8615104,3.762613,-0.7370647,0.43901938,-2.3134382,-16731116
42,0,43,56,"null","null","null",11,3.714017,3.3478436,-0.27500218,2.859812,-1.3321574,-16731116
43,42,44,51,"null","null","null",7,3.2474241,2.6858656,-1.1773479,3.424078,-0.32388347,-16731116
44,43,45,48,"null","null","null",4,2.867787,1.7948439,-2.627285,3.162859,-0.5593003,-12486656
45,44,46,47,"null","null","null",2,0.58937234,0.64111984,-3.4392328,2.4198709,-0.66423064,-12486656
48,44,49,50,"null","null","null",2,1.3164533,3.5116925,-0.31737715,2.2880669,-1.600183,-12486656
51,43,52,55,"null","null","null",3,1.8522242,3.790332,-0.7370647,1.0472816,-2.3134382,-16731116
52,51,53,54,"null","null","null",2,1.6243345,3.5116925,-0.5905186,2.2880669,-1.600183,-16731116
56,42,57,60,"null","null","null",4,1.9136169,3.279093,-1.1514357,0.303202,-3.0229406,-12486656
57,56,58,59,"null","null","null",2,0.26907533,3.762613,-0.37199226,0.6527467,-2.3134382,-16731116
60,56,61,62,"null","null","null",2,0.76565146,0.33095706,-2.9852223,1.0891962,-3.005179,-11184866
