index,parent,child1,child2,name1,name2,common,richness,lengthbr,hxmax,hxmin,hymax,hymin
0,-268371954,1,194,"null","null","null",112,29.4,2.296076,-268371954.9536076,0.5042366,-3.4866824
1,0,2,137,"null","null","null",97,29.4,3.3252745,-0.7771543,0.6527476,-2.8752642
2,1,3,122,"null","null","null",68,29.4,3.5286393,-0.44105446,1.9384234,-2.2438135
3,2,4,117,"null","null","null",60,29.4,3.0229454,-0.6278829,3.1648664,-1.116683
4,3,5,116,"null","null","null",57,29.4,2.3134413,-1.49727,3.614129,-0.37198985
5,4,6,105,"null","null","null",56,9.7,1.4333843,-2.8730607,3.2826345,-0.59051716
6,5,7,56,"null","null","null",50,9.7,0.33634323,-3.5465214,2.5859404,-1.0751576
7,6,8,53,"null","null","null",25,9.7,0.5419742,-3.3934498,1.9094168,-2.5731833
8,7,9,46,"null","null","null",23,5.9,0.67644286,-2.7244706,0.5223225,-3.4750965
9,8,10,41,"null","null","null",19,5.9,2.2620807,-2.048467,0.48397362,-3.542416
10,9,11,34,"null","null","null",16,5.9,3.3844752,-0.8866502,0.6459125,-2.9723597
11,10,12,23,"null","null","null",12,5.9,3.7009747,-0.41857004,1.7065837,-2.3231184
12,11,13,22,"null","null","null",6,5.9,3.290561,-0.61676043,2.9604206,-1.4052795
13,12,14,19,"null","null","null",5,5.9,2.6331246,-1.3545787,3.4508262,-0.3480805
14,13,15,18,"null","null","null",3,5.9,1.6917273,-2.774625,3.1313143,-0.5755014
15,14,16,17,"null","null","null",2,5.9,0.5272807,-3.5245037,2.3807092,-0.665
19,13,20,21,"null","null","null",2,5.9,3.7952113,-0.7052587,0.553738,-2.2791753
23,11,24,31,"null","null","null",6,5.9,2.181583,-2.3054068,0.6001812,-3.516667
24,23,25,28,"null","null","null",4,5.9,3.3814757,-1.0122006,0.6376134,-2.9699726
25,24,26,27,"null","null","null",2,5.9,3.7952113,-0.39551812,0.6459116,-2.2791753
28,24,29,30,"null","null","null",2,2.4,0.3445297,-2.8544118,0.9791728,-3.126803
31,23,32,33,"null","null","null",2,5.9,0.5234817,-3.7908,2.010228,-1.4433452
34,10,35,40,"null","null","null",4,5.9,0.3578289,-2.752128,0.90259814,-3.4687881
35,34,36,39,"null","null","null",3,5.9,1.7924204,-2.1365557,0.46288514,-3.6229606
36,35,37,38,"null","null","null",2,5.9,2.8755643,-1.1971804,0.6376134,-3.1081543
41,9,42,45,"null","null","null",3,5.9,0.48358405,-3.3782601,1.9384009,-2.311039
42,41,43,44,"null","null","null",2,5.9,0.65809226,-2.7162132,0.86752254,-3.239981
46,8,47,52,"null","null","null",4,5.9,0.84492016,-3.4762135,2.4522903,-0.81650966
47,46,48,51,"null","null","null",3,5.9,0.5235962,-3.3782601,1.9384009,-2.311039
48,47,49,50,"null","null","null",2,2.4,0.65809226,-2.7162132,0.86752254,-3.239981
53,7,54,55,"null","null","null",2,9.7,1.6917307,-2.1268017,3.5885577,-0.3595978
56,6,57,84,"null","null","null",25,9.7,2.5084963,-1.3840508,3.4508247,-0.76705253
57,56,58,75,"null","null","null",14,9.7,1.5297117,-2.812942,3.1313148,-0.5755007
58,57,59,74,"null","null","null",9,9.7,0.52728534,-3.5743203,2.3807092,-0.9518985
59,58,60,69,"null","null","null",8,9.5,0.5235962,-3.5057988,1.7993844,-2.4870446
60,59,61,68,"null","null","null",5,9.5,0.65809226,-2.8820133,0.86752254,-3.4687881
61,60,62,65,"null","null","null",4,9.5,1.7924204,-2.3054068,0.46288514,-3.6229606
62,61,63,64,"null","null","null",2,9.5,2.8755643,-1.1971804,0.6376134,-3.1081543
65,61,66,67,"null","null","null",2,9.5,0.5234817,-3.7908,2.010228,-1.4433452
69,59,70,73,"null","null","null",3,9.5,1.778838,-2.6272678,3.162872,-0.40148032
70,69,71,72,"null","null","null",2,9.5,0.64113253,-3.4392228,2.4198883,-0.66423047
75,57,76,81,"","null","Xanthurus Rats",5,9.5,3.0981088,-0.2750006,3.1510878,-1.4209492
76,75,77,80,"null","null","null",3,9.5,2.3612084,-0.6648486,3.8027482,-0.32388073
77,76,78,79,"null","null","null",2,3.0,1.778838,-1.9610449,3.655138,-0.5592984
81,75,82,83,"null","null","null",2,9.5,2.7384892,-1.3026826,0.30320042,-3.222702
84,56,85,104,"null","null","null",11,9.5,3.5147924,-0.70526004,1.6061789,-2.2791767
85,84,86,101,"null","null","null",10,9.5,3.0981088,-0.6042883,2.9239202,-1.4209492
86,85,87,100,"null","null","null",8,9.5,2.3612084,-1.2045276,3.5074303,-0.32388073
87,86,88,95,"null","null","null",7,9.5,1.6207695,-2.6626277,3.271225,-0.5592984
88,87,89,94,"null","null","null",4,9.5,0.64113253,-3.4851904,2.5607471,-0.66423047
89,88,90,93,"null","null","null",3,9.5,0.5042372,-3.4706426,2.010228,-2.143408
90,89,91,92,"null","null","null",2,9.5,0.65274775,-2.8544118,0.9791728,-3.126803
95,87,96,99,"null","null","null",3,9.5,3.120005,-0.3173819,2.9140084,-1.6001934
96,95,97,98,"null","null","null",2,9.5,2.3745217,-0.66423035,3.599754,-0.41360343
101,85,102,103,"null","null","null",2,9.5,2.7384892,-1.3026826,0.30320042,-3.222702
105,5,106,113,"null","null","null",6,9.7,3.065713,-0.28912845,2.9604163,-1.2878772
106,105,107,112,"null","null","null",4,9.7,2.3408213,-1.3545718,3.4508247,-0.3480795
107,106,108,111,"null","null","null",3,9.7,1.6917307,-2.7746193,3.1313148,-0.5755007
108,107,109,110,"null","null","null",2,9.7,0.52728534,-3.5245008,2.3807092,-0.665
113,105,114,115,"null","null","null",2,9.7,2.875559,-1.1971848,0.31716126,-3.1081588
117,3,118,121,"Vandeleuria","null","null",3,8.0,3.4735074,-1.0892072,0.33095568,-2.90701
118,117,119,120,"null","null","null",2,4.6,3.81672,-0.41856912,0.73105973,-2.2381623
122,2,123,134,"null","null","null",8,29.4,2.1597314,-2.216559,0.5624,-3.4921463
123,122,124,131,"Dasymys","some","Shaggy Rats and Marsh Rats",6,6.5,3.2514253,-0.87069386,0.64591223,-2.90701
124,123,125,130,"null","null","null",4,6.5,3.5280132,-0.41856912,1.8652868,-2.2381623
125,124,126,129,"null","null","null",3,6.5,3.065713,-0.61675996,3.1667385,-1.4052837
126,125,127,128,"null","null","null",2,3.9,2.3408213,-0.6580919,3.7190437,-0.3480795
131,123,132,133,"null","null","null",2,6.5,0.35782835,-2.716219,0.90259886,-3.239977
134,122,135,136,"Hadromys","null","null",2,5.0,0.48358572,-3.7564604,1.9384029,-1.6186361
137,1,138,193,"null","null","null",29,29.4,0.5977107,-2.6829715,0.8857578,-3.4364245
138,137,139,172,"null","null","null",28,29.4,2.1597314,-2.1051552,0.48397276,-3.4921463
139,138,140,163,"Maxomys","null","Rajah Rats",17,20.5,3.2514253,-0.88665503,0.64591223,-2.90701
140,139,141,162,"null","null","null",12,20.5,3.5280132,-0.41856912,1.8281031,-2.2381623
141,140,142,159,"null","null","null",11,20.5,3.065713,-0.61675996,3.1183996,-1.2878772
142,141,143,158,"null","null","null",9,20.5,2.3408213,-1.3259995,3.6562033,-0.3480795
143,142,144,153,"null","null","null",8,20.5,1.5297117,-2.7374754,3.3983073,-0.5755007
144,143,145,150,"null","null","null",5,20.5,0.33848894,-3.4762135,2.7277994,-0.81650966
145,144,146,149,"null","null","null",3,20.5,0.5235962,-3.3782601,1.9384009,-2.311039
146,145,147,148,"null","null","null",2,20.5,0.65809226,-2.7162132,0.86752254,-3.239981
150,144,151,152,"null","null","null",2,20.5,2.3612084,-0.4184209,3.6646876,-0.7950952
153,143,154,157,"null","null","null",3,20.5,3.0981088,-0.2750006,3.0448873,-1.504585
154,153,155,156,"null","null","null",2,20.5,2.3612084,-0.6619246,3.6646876,-0.32388073
159,141,160,161,"null","null","null",2,20.5,2.875559,-1.1971848,0.31716126,-3.1081588
163,139,164,169,"null","null","null",5,20.5,0.35782835,-2.7521315,0.90259886,-3.4687872
164,163,165,168,"null","null","null",3,20.5,1.7924132,-2.136558,0.46288425,-3.6229632
165,164,166,167,"null","null","null",2,20.5,2.875559,-1.1971848,0.637613,-3.1081588
169,163,170,171,"null","null","null",2,20.5,0.8665067,-3.4392204,2.419892,-0.38339478
172,138,173,188,"null","null","null",11,17.4,0.48358572,-3.505802,1.7993869,-2.424145
173,172,174,185,"null","null","null",8,13.9,0.65809214,-2.8820179,0.583107,-3.3870215
174,173,175,182,"Chiropodomys","null","Pencil-tailed Tree Mice",6,10.7,2.1643806,-2.3054104,0.46288425,-3.5166678
175,174,176,181,"null","null","null",4,10.7,3.3591168,-1.1971848,0.637613,-2.969975
176,175,177,180,"null","null","null",3,10.7,3.7661486,-0.39551717,1.2371283,-2.2791767
177,176,178,179,"null","null","null",2,10.7,3.424872,-0.6042883,2.4441543,-1.504585
182,174,183,184,"null","null","null",2,10.7,0.52348334,-3.7908015,2.01023,-1.4433393
185,173,186,187,"Hapalomys","null","Marmoset Rats",2,4.1,0.8665067,-3.4392204,2.419892,-0.38339478
188,172,189,192,"Haeromys","null","Ranee Mice",3,7.4,1.7788389,-2.6272664,3.1628733,-0.4014814
189,188,190,191,"null","null","null",2,7.4,0.6411331,-3.4392219,2.4198897,-0.66423047
194,0,195,220,"null","null","null",15,29.4,0.4428649,-3.3352518,1.9094193,-2.5434334
195,194,196,219,"null","null","null",13,29.4,0.66192484,-2.6488132,0.7546976,-3.4364245
196,195,197,210,"null","null","null",12,29.400002,2.1597314,-2.0607495,0.48397276,-3.4921463
197,196,198,205,"null","null","null",7,14.1,3.2514253,-0.88665503,0.64591223,-2.90701
198,197,199,204,"Millardia","null","null",4,9.3,3.5280132,-0.41856912,1.8652868,-2.2381623
199,198,200,203,"null","null","null",3,9.3,3.065713,-0.61675996,3.1667385,-1.4052837
200,199,201,202,"null","null","null",2,9.3,2.3408213,-0.6580919,3.7190437,-0.3480795
205,197,206,209,"null","null","null",3,7.4,0.35782835,-2.7521315,0.90259886,-3.6250978
206,205,207,208,"null","null","null",2,7.4,1.0880142,-2.136558,0.46288425,-3.8261666
210,196,211,216,"Pogonomys","null","null",5,11.7,0.48358572,-3.4058893,2.0181713,-2.6072805
211,210,212,215,"null","null","null",3,11.7,0.65809214,-2.7521315,0.8675264,-3.6250978
212,211,213,214,"null","null","null",2,4.6,1.0880142,-2.136558,0.46288425,-3.8261666
216,210,217,218,"null","null","null",2,11.7,1.7788389,-1.9610431,3.6551383,-0.4014814
220,194,221,222,"Nesokia","some","Bandicoot Rats",2,5.0,1.6917316,-2.1268003,3.5885587,-0.35959888
