index,parent,child1,child2,name1,name2,common,richness,lengthbr,hxmax,hxmin,hymax,hymin,color
0,-268435448,1,180,"","null","Flamingos, Petrels and more",1028,74.7999,0.73706913,-3.660741,2.5455377,-1.5005729,-16731116
1,0,2,-268279808,"null","null","null",1025,74.490074,0.5905168,-3.3432317,1.5187943,-2.877357,-16731116
2,1,3,-268285952,"null","null","null",674,71.450775,1.0832765,-2.6647167,0.36994445,-3.5521092,-16731116
3,2,4,-268286976,"null","null","null",351,66.54263,2.5837395,-1.8248634,0.5419737,-3.4007158,-16731116
4,3,5,171,"null","null","null",328,65.786224,3.4888225,-0.52232486,0.66586816,-2.7339165,-16731116
5,4,6,76,"null","null","null",323,63.83472,3.560262,-0.4839731,2.2483351,-2.0677686,-12486656
6,5,7,39,"null","null","null",177,62.693157,2.9955602,-0.64591235,3.3666086,-0.8957326,-16731116
7,6,8,29,"null","null","null",158,59.78437,2.353278,-1.8495896,3.6777506,-0.41856945,-16731116
8,7,9,10,"PELECANIFORMES","null","null",106,59.154827,1.2890127,-3.1463308,3.260371,-0.61676013,-16731116
9,8,-268269568,-268272640,"","null","Ibises, Herons and more",96,51.64743,0.34807986,-3.692512,2.593877,-1.3441877,-16731116
10,8,11,26,"","null","Pelicans, Shoebill and Hamerkop",10,50.370888,3.1107163,-0.31716147,3.1657689,-1.0122011,-16731116
11,10,12,21,"Pelecanidae","null","Pelicans",8,37.41894,2.4621415,-1.7809272,3.5147934,-0.3955179,-16731116
12,11,13,18,"null","null","null",5,27.926052,1.4209446,-3.1510901,3.0981085,-0.6042887,-16731116
13,12,14,17,"null","null","null",3,17.136196,0.32388148,-3.8027482,2.3612084,-0.6648546,-16731116
14,13,15,16,"null","null","null",2,14.03293,0.5592989,-3.6551359,1.7788353,-1.9610502,-16731116
18,12,19,20,"null","null","null",2,12.075511,3.222697,-0.30320084,2.7384958,-1.3026779,-16731116
21,11,22,25,"null","null","null",3,17.489887,3.6822953,-0.6366811,1.6104487,-2.1905582,-16731116
22,21,23,24,"null","null","null",2,12.326175,3.222697,-0.6278832,2.7384958,-1.3026779,-12486656
26,10,27,28,"null","null","null",2,48.9142,3.1268032,-0.9791716,0.34452954,-2.8544111,-12486656
29,7,-268271616,30,"SULIFORMES","null","Cormorants, Anhingas, Gannets and Frigatebirds",52,53.6858,3.5845218,-0.6001822,2.0156538,-2.1562386,-16731116
30,29,31,36,"Fregatidae","null","Frigatebirds",5,22.454329,2.4726562,-2.120683,0.5234822,-3.4551697,-12486656
31,30,32,35,"null","null","null",3,12.853287,3.554825,-0.9791716,0.65274775,-2.834297,-16731116
32,31,33,34,"null","null","null",2,6.8150125,3.8270519,-0.44105524,0.9093958,-2.1905582,-12486656
36,30,37,38,"null","null","null",2,9.851847,0.44286343,-3.7111778,1.8611681,-1.791438,-11184866
39,6,40,59,"CICONIIFORMES","null","Storks",19,29.43468,3.3870234,-0.9025985,0.44187915,-2.7725587,-16731116
40,39,41,54,"null","null","null",10,23.476477,3.5166674,-0.4628849,2.0156538,-2.1631153,-12486656
41,40,42,49,"null","null","null",7,21.833416,2.9699736,-0.6376133,3.1657689,-1.0032616,-16731116
42,41,43,48,"null","null","null",4,20.05217,2.279176,-1.6992357,3.5147934,-0.3955179,-16731116
43,42,44,47,"null","null","null",3,13.048439,1.5045818,-3.0448914,3.0981085,-0.6042887,-12486656
44,43,45,46,"null","null","null",2,3.312882,0.32388148,-3.6646893,2.3612084,-0.66192454,-12486656
49,41,50,53,"null","null","null",3,9.790797,3.554825,-0.9791716,0.34452954,-2.834297,-12486656
50,49,51,52,"null","null","null",2,4.1506367,3.8270519,-0.44105524,0.9093958,-2.1905582,-12486656
54,40,55,58,"null","null","null",3,19.719477,2.1434085,-2.010228,0.5234822,-3.470642,-12486656
55,54,56,57,"null","null","null",2,8.625997,3.1268032,-0.9791716,0.65274775,-2.8544111,-12486656
59,39,60,73,"null","null","null",9,22.44744,0.8217374,-2.741412,0.8665061,-3.4732883,-16731116
60,59,61,68,"null","null","null",7,22.136475,2.3870018,-1.9270635,0.50423723,-3.4551697,-16731116
61,60,62,67,"null","null","null",4,11.132975,3.443474,-0.9791716,0.65274775,-2.834297,-16731116
62,61,63,66,"null","null","null",3,6.837877,3.6822953,-0.44105524,1.6104487,-2.1905582,-12486656
63,62,64,65,"null","null","null",2,1.4520166,3.222697,-0.6278832,2.7384958,-1.3026779,-12486656
68,60,69,72,"null","null","null",3,19.963554,0.44286343,-3.2755337,1.8611681,-2.4725404,-16731116
69,68,70,71,"null","null","null",2,15.453856,0.66192496,-2.5711792,0.7546917,-3.3442597,-16731116
73,59,74,75,"","null","Openbills",2,9.950308,0.8210852,-3.5997555,2.3745217,-0.40725225,-16731116
76,5,77,136,"null","null","null",146,63.19433,2.489214,-1.9093078,0.48358512,-3.4216845,-12486656
77,76,78,109,"PROCELLARIIFORMES","null","Albatrosses, Shearwaters and Petrels",128,58.508244,3.4716098,-0.6457069,0.6580922,-2.772665,-12486656
78,77,79,94,"null","null","null",114,53.84655,3.6266298,-0.4628849,2.1163013,-2.1562386,-12486656
79,78,80,-268288000,"null","null","null",106,52.259537,3.1129246,-0.6376133,3.2966106,-1.0703824,-12486656
80,79,-268270592,81,"null","null","null",84,38.39816,2.4650123,-1.5920384,3.6848876,-0.3955179,-12486656
81,80,82,91,"Procellariidae","null","Petrels and shearwaters",7,16.51009,3.6887548,-0.6366811,2.0426912,-2.3868866,-16731116
82,81,83,90,"null","null","null",5,12.415823,3.2310944,-0.6278832,3.300411,-1.3026779,-16731116
83,82,84,87,"null","null","null",4,9.928724,2.5840364,-1.0472691,3.7903333,-0.37199068,-16731116
84,83,85,86,"null","null","null",2,1.9462731,1.600189,-2.2880564,3.5116978,-0.5905177,-16731116
87,83,88,89,"","null","Fulmars",2,5.797032,3.8167205,-0.6717526,0.73106873,-2.2381606,-16731116
91,81,92,93,"null","null","null",2,12.506089,1.2662416,-2.0763655,0.5623986,-3.8140664,-16731116
94,78,95,104,"Hydrobatidae","null","Storm-petrels",8,31.007374,2.3870018,-1.9270635,0.5234822,-3.4551697,-12486656
95,94,96,101,"null","null","null",5,28.695957,3.443474,-0.72746617,0.65274775,-2.834297,-16731116
96,95,97,100,"null","null","null",3,21.83561,3.6822953,-0.44105524,1.6104487,-2.1905582,-12486656
97,96,98,99,"null","null","null",2,6.268109,3.222697,-0.6278832,2.7384958,-1.3026779,-12486656
101,95,102,103,"null","null","null",2,19.588474,0.3708011,-2.5711792,0.8857572,-3.3442597,-16731116
104,94,105,108,"null","null","null",3,13.76203,0.44286343,-3.2755337,1.8611681,-2.4725404,-11184866
105,104,106,107,"null","null","null",2,4.7248764,0.66192496,-2.5711792,0.7546917,-3.3442597,-3014646
109,77,110,135,"Hydrobatidae","null","Storm-petrels",14,34.868683,0.75179815,-2.560747,0.8665061,-3.5096993,-16731116
110,109,111,134,"null","null","null",13,34.24221,2.2960806,-2.010228,0.50423723,-3.5025039,-16731116
111,110,112,125,"null","null","null",12,30.09799,3.3252769,-0.7673078,0.65274775,-2.8958313,-16731116
112,111,113,120,"null","null","null",7,28.570984,3.528639,-0.44105524,2.026287,-2.2705529,-16731116
113,112,114,117,"null","null","null",4,18.011429,3.022944,-0.6278832,3.2790856,-1.151444,-16731116
114,113,115,116,"null","null","null",2,12.663047,2.3134408,-0.65274704,3.7626104,-0.37199068,-16731116
117,113,118,119,"null","null","null",2,7.4216347,3.0051725,-1.0892012,0.33095616,-2.9852285,-16731116
120,112,121,124,"null","null","null",3,21.787771,1.9703102,-2.0763655,0.5623986,-3.5523152,-16731116
121,120,122,123,"null","null","null",2,5.109823,3.0051725,-1.0892012,0.6459125,-2.9852285,-16731116
125,111,126,133,"null","null","null",5,20.366167,0.7291279,-2.6608229,0.8857572,-3.436427,-12486656
126,125,127,132,"null","null","null",4,17.286594,2.3305707,-2.0763655,0.4839738,-3.492145,-16731116
127,126,128,131,"null","null","null",3,10.386788,3.4735112,-1.0892012,0.6459125,-2.9070072,-12486656
128,127,129,130,"null","null","null",2,7.022414,3.8167205,-0.41857028,0.73106873,-2.2381606,-12486656
136,76,137,166,"SPHENISCIFORMES","null","Penguins",18,25.368214,0.40148073,-3.410198,1.6207691,-2.6534727,-12486656
137,136,138,163,"null","null","null",15,22.813522,0.82467735,-2.741412,0.41481847,-3.4732883,-12486656
138,137,139,154,"null","null","null",13,16.345844,2.3908236,-1.986808,0.50423723,-3.4551697,-11184866
139,138,140,153,"null","null","null",8,8.526309,3.4484427,-0.9791716,0.65274775,-2.834297,-11184866
140,139,141,152,"null","null","null",7,5.2295523,3.6887548,-0.44105524,2.0426912,-2.1905582,-11184866
141,140,142,149,"null","null","null",6,4.339863,3.2310944,-0.6278832,3.300411,-1.151444,-11184866
142,141,143,146,"null","null","null",4,3.80732,2.5840364,-1.0472691,3.7903333,-0.37199068,-11184866
143,142,144,145,"null","null","null",2,1.3272468,1.600189,-2.2880564,3.5116978,-0.5905177,-11184866
146,142,147,148,"null","null","null",2,0.7485412,3.8167205,-0.6717526,0.73106873,-2.2381606,-11184866
149,141,150,151,"","null","Rockhopper Penguins",2,1.7037979,3.0051725,-1.0892012,0.33095616,-2.9852285,-11184866
154,138,155,162,"null","null","null",5,13.278975,0.44286343,-3.4099588,1.8611681,-2.7339242,-12486656
155,154,156,159,"null","null","null",4,2.8844824,0.66192496,-2.7459319,0.49050808,-3.6840587,-11184866
156,155,157,158,"null","null","null",2,1.8739723,1.2662416,-2.0763655,0.4839738,-3.8140664,-11184866
159,155,160,161,"null","null","null",2,1.7508434,0.8449199,-3.5245025,2.3807096,-0.3955618,-11184866
163,137,164,165,"null","null","null",2,6.521263,0.8210852,-3.5997555,2.3745217,-0.40725225,-16731116
166,136,167,170,"null","null","null",3,16.841621,1.6001921,-2.9140093,3.120005,-0.31738168,-16731116
167,166,168,169,"null","null","null",2,7.3289566,0.4136024,-3.5997543,2.374522,-0.66423035,-16731116
171,4,172,179,"GAVIIFORMES","null","Loons or divers",5,45.33664,1.044389,-2.4522915,0.84492064,-3.4974651,-16731116
172,171,173,178,"null","null","null",4,20.239452,2.607283,-1.9384017,0.52359605,-3.4058878,-16731116
173,172,174,177,"null","null","null",3,12.363854,3.6250997,-0.8675231,0.6580922,-2.752129,-16731116
174,173,175,176,"null","null","null",2,4.709838,3.8261666,-0.4628849,1.0880196,-2.1365566,-16731116
180,0,181,184,"PHAETHONTIFORMES","null","Tropicbirds",3,25.522482,2.2381635,-1.4250985,3.7300901,-0.6717546,-16731116
181,180,182,183,"null","null","null",2,11.380577,1.4052863,-2.5944955,3.328414,-0.6167597,-16731116
