index,parent,child1,child2,name1,name2,common,richness,lengthbr,hxmax,hxmin,hymax,hymin,color
0,-268162979,1,110,"null","null","null",59,10.799999,3.2014802,-0.6278828,3.2137578,-1.1166838,-16731116
1,0,2,105,"null","null","null",55,10.8,2.5455363,-1.511542,3.6776888,-0.3719896,-16731116
2,1,3,104,"null","null","null",52,10.8,1.6001931,-2.8916152,3.3652627,-0.59051704,-16731116
3,2,4,89,"null","null","null",51,10.8,0.29948908,-3.5706432,2.693357,-1.0878799,-16731116
4,3,5,76,"null","null","null",43,10.8,0.541974,-3.424809,1.7306705,-2.5897229,-16731116
5,4,6,45,"null","null","null",36,10.6,0.66192484,-2.7652378,0.6137085,-3.496599,-16731116
6,5,7,28,"null","null","null",20,10.6,2.1597354,-2.0607467,0.48397338,-3.5703702,-16731116
7,6,8,25,"null","null","null",11,10.6,3.2514277,-0.8706895,0.6459124,-3.0087004,-12486656
8,7,9,18,"null","null","null",9,8.3,3.5280137,-0.4185698,1.9147029,-2.3703609,-12486656
9,8,10,15,"null","null","null",5,8.3,3.065712,-0.6167603,3.2309766,-1.2878731,-12486656
10,9,11,14,"null","null","null",3,8.3,2.3408208,-0.85625637,3.8025498,-0.34808022,-12486656
11,10,12,13,"null","null","null",2,8.3,1.6917281,-2.1268067,3.5885556,-0.5755012,-12486656
15,9,16,17,"null","null","null",2,8.3,2.8755634,-1.1971815,0.31716168,-3.1081553,-12486656
18,8,19,22,"null","null","null",4,8.3,1.7924187,-2.305408,0.6001816,-3.622961,-12486656
19,18,20,21,"null","null","null",2,8.3,2.8755634,-1.1971815,0.6376133,-3.1081553,-16731116
22,18,23,24,"null","null","null",2,8.3,0.5234822,-3.7908006,2.010228,-1.4433446,-11184866
25,7,26,27,"null","null","null",2,2.9,0.35782874,-2.7162147,0.90259826,-3.23998,-16731116
28,6,29,44,"null","null","null",9,10.599999,0.48358452,-3.405888,1.9384005,-2.424149,-16731116
29,28,30,41,"null","null","null",8,9.9,0.65809226,-2.752129,0.5831027,-3.3870234,-16731116
30,29,31,40,"null","null","null",6,8.5,2.0156536,-2.1365566,0.4628849,-3.5166674,-16731116
31,30,32,39,"null","null","null",5,8.5,3.1657686,-1.1971815,0.6376133,-2.9699733,-16731116
32,31,33,38,"null","null","null",4,5.6,3.514793,-0.3955179,1.6992358,-2.2791758,-12486656
33,32,34,37,"null","null","null",3,5.6,3.0981078,-0.6042887,3.0448914,-1.5045819,-12486656
34,33,35,36,"null","null","null",2,5.6,2.3612075,-0.66192454,3.6646893,-0.32388148,-11184866
41,29,42,43,"null","null","null",2,2.8,0.8665061,-3.439223,2.4198875,-0.38339514,-11513776
45,5,46,67,"null","null","null",16,10.6,0.8449204,-3.5679388,2.657907,-0.90351766,-16731116
46,45,47,66,"null","null","null",11,10.6,0.52359635,-3.4975023,1.9384005,-2.424149,-16731116
47,46,48,59,"null","null","null",10,5.8,0.65809226,-2.8712277,0.72600245,-3.3870234,-16731116
48,47,49,58,"null","null","null",6,5.8,2.1643844,-2.1365566,0.4628849,-3.5166674,-16731116
49,48,50,55,"null","null","null",5,5.8,3.3591185,-1.0122019,0.6376133,-2.9699733,-16731116
50,49,51,54,"null","null","null",3,5.8,3.7661476,-0.3955179,1.2371341,-2.2791758,-16731116
51,50,52,53,"null","null","null",2,2.3,3.4248688,-0.6042887,2.444159,-1.5045819,-16731116
55,49,56,57,"null","null","null",2,5.8,0.34452954,-2.854413,0.9791734,-3.1268015,-16731116
59,47,60,63,"null","null","null",4,5.8,0.8665061,-3.731466,2.741412,-0.38339514,-16731116
60,59,61,62,"null","null","null",2,5.8,0.50423723,-3.7908006,2.010228,-1.4433446,-16731116
63,59,64,65,"null","null","null",2,5.8,2.3745222,-0.40725225,3.5997555,-0.8210852,-16777216
67,45,68,75,"null","null","null",5,1.8,2.3612084,-1.3502553,3.5074306,-0.7950951,-16731116
68,67,69,74,"null","null","null",4,1.8,1.7788361,-2.852072,3.2712235,-0.55929875,-16731116
69,68,70,73,"null","null","null",3,1.5,0.64112955,-3.731466,2.5607452,-0.6642305,-16731116
70,69,71,72,"null","null","null",2,1.5,0.50423753,-3.7907994,2.0102267,-1.4433489,-16731116
76,4,77,86,"null","null","null",7,10.8,1.6749383,-2.753824,3.1863766,-0.35959825,-16731116
77,76,78,85,"null","null","null",5,10.8,0.5272839,-3.497466,2.4522898,-1.0443912,-16731116
78,77,79,84,"null","null","null",4,10.8,0.52359635,-3.405888,1.9384005,-2.6072845,-16731116
79,78,80,83,"null","null","null",3,10.8,0.65809226,-2.752129,0.8675231,-3.6250997,-16731116
80,79,81,82,"null","null","null",2,3.8,1.0880196,-2.1365566,0.4628849,-3.8261666,-16731116
86,76,87,88,"null","null","null",2,10.8,3.4248698,-0.27500066,2.4441574,-1.5045828,-16731116
89,3,90,103,"null","null","null",8,10.799999,2.3408217,-1.326001,3.692511,-0.76705277,-16731116
90,89,91,102,"null","null","null",7,6.2,1.6917303,-2.7374768,3.4455068,-0.57550085,-16731116
91,90,92,97,"null","null","null",6,6.2,0.33848858,-3.476215,2.7891593,-0.81650966,-16731116
92,91,93,96,"null","null","null",3,6.2,0.52359635,-3.3782616,1.9384005,-2.3110387,-16731116
93,92,94,95,"null","null","null",2,3.0,0.65809226,-2.7162147,0.8675231,-3.23998,-16731116
97,91,98,101,"null","null","null",3,6.2,2.3612084,-0.66485244,3.8027482,-0.7950951,-12486656
98,97,99,100,"null","null","null",2,3.0,1.7788361,-1.9610482,3.6551366,-0.55929875,-16731116
105,1,106,109,"null","null","null",3,10.8,3.7300887,-0.6717541,1.4251035,-2.2381625,-16731116
106,105,107,108,"Cistugo","null","null",2,1.1,3.3284109,-0.61676,2.5944998,-1.405283,-16731116
110,0,111,116,"null","null","null",4,10.799999,3.4068682,-1.0892061,0.33095554,-2.90701,-12486656
111,110,112,115,"null","null","null",3,8.2,3.7300887,-0.41856924,1.4251035,-2.2381625,-12486656
112,111,113,114,"null","null","null",2,8.2,3.3284109,-0.61676,2.5944998,-1.405283,-12486656
