index,parent,child1,child2,name1,name2,common,richness,lengthbr,hxmax,hxmin,hymax,hymin
0,-268317693,1,140,"null","null","null",109,21.0,3.4101064,-0.7619753,0.6527474,-2.8752668
1,0,2,129,"null","null","null",70,19.017647,3.6389232,-0.4410539,1.9703794,-2.2438157
2,1,3,124,"null","null","null",64,18.616514,3.1663158,-0.6278826,3.2064116,-1.1166855
3,2,4,87,"null","null","null",61,18.40161,2.4998221,-1.4749827,3.6681404,-0.37198922
4,3,5,52,"null","null","null",42,16.731026,1.4333868,-2.8440897,3.352851,-0.5905168
5,4,6,33,"null","null","null",24,16.731026,0.38599563,-3.5088615,2.6772213,-1.0522718
6,5,7,22,"null","null","null",14,16.731026,0.54197377,-3.3444939,1.7306722,-2.5434334
7,6,8,21,"null","null","null",8,16.731026,0.66192484,-2.660828,0.7546976,-3.4364245
8,7,9,20,"null","null","null",7,16.731026,2.1597314,-2.076369,0.48397276,-3.4921463
9,8,10,17,"null","null","null",6,16.731026,3.2514253,-0.87069386,0.64591223,-2.90701
10,9,11,16,"null","null","null",4,16.731026,3.5280132,-0.41856912,1.8652868,-2.2381623
11,10,12,15,"null","null","null",3,16.731026,3.065713,-0.61675996,3.1667385,-1.4052837
12,11,13,14,"null","null","null",2,16.731026,2.3408213,-0.6580919,3.7190437,-0.3480795
17,9,18,19,"null","null","null",2,16.731026,0.35782835,-2.716219,0.90259886,-3.239977
22,6,23,30,"null","null","null",6,16.731026,1.6749403,-2.737475,3.186378,-0.35959888
23,22,24,29,"null","null","null",4,16.731026,0.5272858,-3.476214,2.4522915,-0.8165077
24,23,25,28,"null","null","null",3,16.731026,0.52359605,-3.3782613,1.9384017,-2.3110373
25,24,26,27,"null","null","null",2,16.731026,0.6580922,-2.7162147,0.8675231,-3.23998
30,22,31,32,"null","null","null",2,16.731026,3.4248714,-0.27500045,2.4441552,-1.5045842
33,5,34,47,"null","null","null",10,16.731026,2.6202106,-1.4981414,3.6562035,-0.76705325
34,33,35,42,"null","null","null",7,16.731026,1.5297128,-2.9612606,3.3983078,-0.5755006
35,34,36,39,"null","null","null",4,16.731026,0.33848977,-3.7671354,2.7278001,-0.665
36,35,37,38,"null","null","null",2,16.731026,0.52359605,-3.7564592,1.9384017,-1.6186401
39,35,40,41,"null","null","null",2,16.731026,2.3612087,-0.4184208,3.664688,-0.79509544
42,34,43,46,"null","null","null",3,16.731026,3.0981092,-0.27500045,3.0448883,-1.5045842
43,42,44,45,"null","null","null",2,16.731026,2.3612087,-0.6619246,3.664688,-0.32388085
47,33,48,51,"null","null","null",3,16.731026,3.7661486,-0.70526034,1.2371293,-2.279177
48,47,49,50,"null","null","null",2,16.731026,3.4248714,-0.60428834,2.4441552,-1.5045842
52,4,53,86,"null","null","null",18,16.731026,3.065714,-0.2891281,3.0865865,-1.4052846
53,52,54,85,"null","null","null",17,16.731026,2.340822,-1.3385733,3.614847,-0.34807926
54,53,55,82,"null","null","null",16,16.731026,1.6749403,-2.753822,3.3445444,-0.5755006
55,54,56,71,"null","null","null",14,16.731026,0.33848977,-3.4974651,2.657908,-0.9518968
56,55,57,66,"null","null","null",8,16.731026,0.52359605,-3.4058878,1.7993848,-2.4870431
57,56,58,63,"null","null","null",5,16.731026,0.6580922,-2.752129,0.5831027,-3.4687877
58,57,59,62,"null","null","null",3,16.731026,1.7924187,-2.1365566,0.4628849,-3.622961
59,58,60,61,"null","null","null",2,16.731026,2.8755634,-1.1971815,0.6376133,-3.1081553
63,57,64,65,"null","null","null",2,16.731026,0.8665061,-3.439223,2.4198875,-0.38339514
66,56,67,70,"null","null","null",3,16.731026,1.7788374,-2.6272686,3.1628714,-0.40148073
67,66,68,69,"null","null","null",2,16.731026,0.64113134,-3.439223,2.4198875,-0.66423047
71,55,72,81,"null","null","null",6,16.731026,2.3612087,-1.2045289,3.5074308,-0.79509544
72,71,73,80,"null","null","null",5,16.731026,1.7788374,-2.662629,3.271225,-0.55929846
73,72,74,79,"null","null","null",4,16.731026,0.64113134,-3.4851913,2.560747,-0.66423047
74,73,75,78,"null","null","null",3,16.731026,0.50423723,-3.4706435,2.010228,-2.1434073
75,74,76,77,"null","null","null",2,16.731026,0.65274775,-2.854413,0.9791734,-3.1268015
82,54,83,84,"null","null","null",2,16.731026,3.4248714,-0.27500045,2.4441552,-1.5045842
87,3,88,119,"null","null","null",19,13.180267,3.6272297,-0.6717546,1.8495855,-2.3703642
88,87,89,118,"null","null","null",16,12.41101,3.1946948,-0.6167598,3.146328,-1.4052846
89,88,90,111,"null","null","null",15,12.41101,2.5084972,-1.3385733,3.6925108,-0.34807926
90,89,91,108,"null","null","null",11,12.41101,1.6749403,-2.753822,3.4455075,-0.5755006
91,90,92,103,"null","null","null",9,12.41101,0.33848977,-3.4974651,2.7891603,-0.9518968
92,91,93,102,"null","null","null",6,12.41101,0.52359605,-3.4058878,1.9384017,-2.4870431
93,92,94,99,"null","null","null",5,12.41101,0.6580922,-2.752129,0.5831027,-3.4687877
94,93,95,98,"null","null","null",3,12.41101,1.7924187,-2.1365566,0.4628849,-3.622961
95,94,96,97,"null","null","null",2,12.41101,2.8755634,-1.1971815,0.6376133,-3.1081553
99,93,100,101,"null","null","null",2,12.41101,0.8665061,-3.439223,2.4198875,-0.38339514
103,91,104,107,"null","null","null",3,12.41101,2.3612087,-0.66484976,3.8027482,-0.79509544
104,103,105,106,"null","null","null",2,12.41101,1.7788374,-1.9610459,3.6551375,-0.55929846
108,90,109,110,"null","null","null",2,12.41101,3.4248714,-0.27500045,2.4441552,-1.5045842
111,89,112,117,"null","null","null",4,12.41101,3.514793,-0.70526034,1.6992316,-2.279177
112,111,113,116,"null","null","null",3,12.41101,3.0981092,-0.60428834,3.0448883,-1.5045842
113,112,114,115,"null","null","null",2,12.41101,2.3612087,-0.6619246,3.664688,-0.32388085
119,87,120,123,"null","null","null",3,4.917746,1.7924141,-2.136558,0.6001831,-3.6229625
120,119,121,122,"null","null","null",2,4.917746,2.8755598,-1.197184,0.63761306,-3.108158
124,2,125,128,"null","null","null",3,4.917746,3.473506,-1.089208,0.33095533,-2.907011
125,124,126,127,"null","null","null",2,4.917746,3.8167195,-0.41856888,0.7310578,-2.238163
129,1,130,139,"null","null","null",6,8.020498,2.2793014,-2.0763695,0.56240094,-3.4921467
130,129,131,136,"null","null","null",5,8.020498,3.4068673,-0.8706944,0.6459121,-2.907011
131,130,132,135,"null","null","null",3,8.020498,3.7300892,-0.41856888,1.4251008,-2.238163
132,131,133,134,"null","null","null",2,8.020498,3.3284123,-0.6167598,2.5944977,-1.4052846
136,130,137,138,"null","null","null",2,8.020498,0.3578282,-2.7162182,0.902599,-3.2399771
140,0,141,216,"null","null","null",39,16.399294,0.6428689,-2.6488142,0.8857583,-3.4750948
141,140,142,201,"null","null","null",38,16.28302,2.2184377,-2.0607502,0.48397252,-3.5424185
142,141,143,200,"null","null","null",30,15.224867,3.3277445,-1.089208,0.6459121,-2.9723644
143,142,144,191,"null","null","null",29,15.224867,3.6272297,-0.41856888,1.7316387,-2.3231223
144,143,145,178,"null","null","null",24,14.226004,3.1946948,-0.6167598,2.992997,-1.2264631
145,144,146,169,"null","null","null",17,14.226004,2.5084972,-1.3385733,3.4931805,-0.34807926
146,145,147,164,"null","null","null",12,14.226004,1.5297128,-2.753822,3.186378,-0.5755006
147,146,148,163,"null","null","null",9,14.226004,0.5272858,-3.4974651,2.4522915,-0.9035156
148,147,149,162,"null","null","null",8,14.226004,0.52359605,-3.4058878,1.9384017,-2.4241476
149,148,150,161,"null","null","null",7,14.226004,0.6580922,-2.752129,0.8675231,-3.3870234
150,149,151,160,"null","null","null",6,14.226004,2.0156536,-2.1365566,0.4628849,-3.5166674
151,150,152,159,"null","null","null",5,14.226004,3.1657686,-1.1971815,0.6376133,-2.9699733
152,151,153,158,"null","null","null",4,14.226004,3.514793,-0.3955179,1.6992358,-2.2791758
153,152,154,157,"null","null","null",3,14.226004,3.0981078,-0.6042887,3.0448914,-1.5045819
154,153,155,156,"null","null","null",2,14.226004,2.3612075,-0.66192454,3.6646893,-0.32388148
164,146,165,168,"null","null","null",3,14.226004,3.0981092,-0.27500045,3.0448883,-1.5045842
165,164,166,167,"null","null","null",2,14.226004,2.3612087,-0.6619246,3.664688,-0.32388085
169,145,170,177,"null","null","null",5,14.226004,3.514793,-0.70526034,1.7809238,-2.279177
170,169,171,176,"null","null","null",4,14.226004,3.0981092,-0.60428834,3.1510882,-1.5045842
171,170,172,175,"null","null","null",3,14.226004,2.3612087,-0.66484976,3.8027482,-0.32388085
172,171,173,174,"null","null","null",2,14.226004,1.7788374,-1.9610459,3.6551375,-0.55929846
178,144,179,186,"null","null","null",7,14.226004,3.1657667,-1.0032645,0.3171611,-2.969975
179,178,180,185,"null","null","null",4,14.226004,3.514793,-0.3955173,1.6992316,-2.279177
180,179,181,184,"null","null","null",3,14.226004,3.0981092,-0.60428834,3.0448883,-1.5045842
181,180,182,183,"null","null","null",2,14.226004,2.3612087,-0.6619246,3.664688,-0.32388085
186,178,187,190,"null","null","null",3,14.226004,0.3445292,-2.834299,0.9791745,-3.5548234
187,186,188,189,"null","null","null",2,14.226004,0.90939116,-2.1905596,0.44105467,-3.8270519
191,143,192,197,"null","null","null",5,7.204368,2.1815777,-2.3054097,0.6001831,-3.5166678
192,191,193,196,"null","null","null",3,7.204368,3.3814723,-1.197184,0.63761306,-2.969975
193,192,194,195,"null","null","null",2,7.204368,3.7952104,-0.3955173,0.6459119,-2.279177
197,191,198,199,"null","null","null",2,7.204368,0.52348316,-3.7908006,2.0102296,-1.4433415
201,141,202,213,"null","null","null",8,9.308257,0.48358613,-3.405889,2.018173,-2.4241445
202,201,203,210,"null","null","null",6,9.308257,0.6580921,-2.7521312,0.5831063,-3.387022
203,202,204,209,"null","null","null",4,9.308257,2.1815777,-2.136558,0.46288437,-3.5166678
204,203,205,208,"null","null","null",3,9.308257,3.3814723,-1.197184,0.63761306,-2.969975
205,204,206,207,"null","null","null",2,9.308257,3.7952104,-0.3955173,0.6459119,-2.279177
210,202,211,212,"null","null","null",2,9.308257,0.8665067,-3.4392211,2.4198914,-0.38339484
213,201,214,215,"null","null","null",2,9.308257,1.7788403,-1.9610395,3.6551402,-0.4014818
