index,parent,child1,child2,name1,name2,common,richness,lengthbr,hxmax,hxmin,hymax,hymin,color
0,-268081019,1,177,"COLUMBIFORMES","null","Doves and pigeons",306,32.726788,0.9535667,-2.6885962,0.48278463,-3.5299244,-16731116
1,0,2,110,"null","null","null",289,30.086452,2.489214,-1.9128442,0.52359605,-3.4480848,-16731116
2,1,3,43,"null","null","null",172,28.698517,3.4716098,-0.70804787,0.6580922,-2.8069854,-16731116
3,2,4,30,"null","null","null",138,27.972801,3.6266298,-0.4628849,2.1163013,-2.20787,-16731116
4,3,5,23,"null","null","null",131,27.605421,3.1129246,-0.6376133,3.2966106,-1.0032616,-16731116
5,4,6,8,"null","null","null",127,27.309612,2.4650123,-1.6470408,3.6848876,-0.3955179,-16731116
6,5,7,-268076032,"null","null","null",119,26.385445,1.3321655,-2.977038,3.319231,-0.6042887,-16731116
7,6,-268077056,-268075008,"","null","Fruit doves, Blue pigeons and more",96,23.247116,0.32388148,-3.5764802,2.6486678,-1.219034,-16731116
8,5,9,20,"null","null","null",8,19.520657,3.6887548,-0.6366811,1.8644058,-2.3868866,-16731116
9,8,10,19,"null","null","null",6,15.300582,3.2310944,-0.6278832,3.0686398,-1.3026779,-16731116
10,9,11,16,"","null","Wood-doves",5,13.5422125,2.5840364,-1.5287752,3.4890308,-0.37199068,-16731116
11,10,12,15,"null","null","null",3,7.1069384,1.600189,-2.9140143,3.1200047,-0.5905177,-16731116
12,11,13,14,"null","null","null",2,2.9311907,0.4135974,-3.5997574,2.374522,-0.66423035,-16731116
16,10,17,18,"null","null","null",2,7.7157063,3.8167205,-0.6717526,0.73106873,-2.2381606,-16731116
20,8,21,22,"null","null","null",2,12.212773,1.2662416,-2.0763655,0.5623986,-3.8140664,-16731116
23,4,24,29,"","null","Brown-doves",4,15.673243,3.443474,-0.9791716,0.34452954,-2.834297,-12486656
24,23,25,28,"null","null","null",3,7.403285,3.6822953,-0.44105524,1.6104487,-2.1905582,-12486656
25,24,26,27,"null","null","null",2,4.9715734,3.222697,-0.6278832,2.7384958,-1.3026779,-12486656
30,3,31,42,"null","null","null",7,26.465027,2.2960806,-2.010228,0.5234822,-3.5713403,-12486656
31,30,32,41,"null","null","null",6,26.106337,3.3252769,-0.9791716,0.65274775,-2.9853187,-12486656
32,31,33,38,"null","null","null",5,24.698093,3.528639,-0.44105524,2.026287,-2.3868866,-11184866
33,32,34,37,"","null","Crowned-pigeons",3,8.579902,3.022944,-0.6278832,3.2790856,-1.3026779,-11184866
34,33,35,36,"null","null","null",2,2.9010704,2.3134408,-0.65274704,3.7626104,-0.37199068,-11184866
38,32,39,40,"null","null","null",2,22.759768,1.2662416,-2.0763655,0.5623986,-3.8140664,-11184866
43,2,44,95,"","null","Bleeding heart doves, Ground-doves and more",34,25.302593,0.7901188,-2.7010143,0.8665061,-3.5096993,-12486656
44,43,45,92,"null","null","null",26,21.90944,2.3458974,-2.120683,0.50423723,-3.5025039,-16731116
45,44,46,83,"null","null","null",24,21.90944,3.3900387,-0.805134,0.65274775,-2.8958313,-16731116
46,45,47,76,"null","null","null",19,20.093376,3.6128294,-0.44105524,1.980167,-2.2705529,-16731116
47,46,48,75,"null","null","null",15,18.835657,3.1323915,-0.6278832,3.2191296,-1.3026779,-16731116
48,47,49,64,"null","null","null",14,17.282331,2.4557223,-1.4436038,3.6846676,-0.37199068,-16731116
49,48,50,59,"null","null","null",8,15.507271,1.4333808,-2.8032913,3.374333,-0.5905177,-16731116
50,49,51,56,"null","null","null",5,10.406962,0.29949018,-3.4558175,2.7051485,-0.99774426,-16731116
51,50,52,55,"null","null","null",3,5.0732136,0.54197484,-3.2755322,1.8611662,-2.472543,-16731116
52,51,53,54,"null","null","null",2,3.3709643,0.661925,-2.5711775,0.75469065,-3.3442605,-16731116
56,50,57,58,"null","null","null",2,3.0497928,2.3408206,-0.42902395,3.7190466,-0.76705146,-16731116
59,49,60,63,"null","null","null",3,7.805969,3.0657115,-0.28912896,3.1667447,-1.4052784,-16731116
60,59,61,62,"null","null","null",2,2.987459,2.3408206,-0.65809166,3.7190466,-0.34808072,-16731116
64,48,65,74,"null","null","null",6,16.091967,3.528014,-0.6717526,1.9147055,-2.2381606,-16731116
65,64,66,71,"null","null","null",5,14.779808,3.0657115,-0.61676055,3.230978,-1.2878697,-16731116
66,65,67,70,"","null","Bronzewings",3,7.754344,2.3408206,-0.85626006,3.8025498,-0.34808072,-16731116
67,66,68,69,"null","null","null",2,3.2997167,1.6917262,-2.1268098,3.5885544,-0.57550156,-16731116
71,65,72,73,"","null","Rock pigeons",2,5.1651745,2.8755677,-1.1971774,0.31716195,-3.108151,-16731116
76,46,77,80,"null","null","null",4,8.5300045,1.9703102,-2.2165542,0.5623986,-3.5523152,-12486656
77,76,78,79,"null","null","null",2,3.776343,3.0051725,-1.0892012,0.6459125,-2.9852285,-11184866
80,76,81,82,"null","null","null",2,4.284945,0.4835837,-3.7564578,1.938399,-1.6186463,-16731116
83,45,84,89,"null","null","null",5,12.264147,0.45200443,-2.7459319,0.8857572,-3.4827118,-12486656
84,83,85,88,"null","null","null",3,4.877551,1.9703102,-2.0763655,0.4839738,-3.5523152,-12486656
85,84,86,87,"null","null","null",2,3.469579,3.0051725,-1.0892012,0.6459125,-2.9852285,-12486656
89,83,90,91,"","null","Bronzewings",2,4.028868,0.8449199,-3.5245025,2.3807096,-0.3955618,-12486656
92,44,93,94,"null","null","null",2,3.1489887,0.44286343,-3.7111778,1.8611681,-1.791438,-8572416
95,43,96,103,"null","null","null",8,18.145279,0.8210852,-3.5088606,2.5859404,-1.198805,-11184866
96,95,97,102,"null","null","null",4,9.458851,0.5419744,-3.34449,1.8611681,-2.7339242,-11184866
97,96,98,101,"null","null","null",3,7.033538,0.66192496,-2.6608229,0.7546917,-3.6840587,-11184866
98,97,99,100,"null","null","null",2,3.920564,1.2662416,-2.0763655,0.4839738,-3.8140664,-11184866
103,95,104,109,"null","null","null",4,6.478723,2.3408213,-1.354574,3.4508257,-0.76705223,-11184866
104,103,105,108,"null","null","null",3,4.7737308,1.6917299,-2.7746208,3.1313148,-0.57550097,-11184866
105,104,106,107,"null","null","null",2,3.7680006,0.52728385,-3.5245016,2.3807096,-0.665,-12486656
110,1,111,-268078080,"null","null","null",117,26.297495,0.40148073,-3.418155,1.7338041,-2.672118,-16731116
111,110,112,144,"null","null","null",82,19.767288,0.7901188,-2.7517562,0.5782587,-3.4975271,-16731116
112,111,-268079104,113,"null","null","null",65,19.215912,2.3458974,-2.0236752,0.50423723,-3.48668,-16731116
113,112,114,143,"null","null","null",16,12.687164,0.44286343,-3.4929104,1.8611681,-2.6213458,-16731116
114,113,115,138,"","null","Cuckoo-doves",15,12.354972,0.66192496,-2.853769,0.5223205,-3.5377069,-16731116
115,114,116,135,"null","null","null",12,9.137722,2.1597385,-2.2165542,0.4839738,-3.6238089,-16731116
116,115,117,128,"null","null","null",10,8.305105,3.2514293,-0.8866485,0.6459125,-3.0781703,-16731116
117,116,118,125,"null","null","null",6,6.301111,3.528014,-0.41857028,1.9147055,-2.4606729,-16731116
118,117,119,124,"null","null","null",4,3.848939,3.0657115,-0.61676055,3.230978,-1.4052784,-16731116
119,118,120,123,"null","null","null",3,1.7931039,2.3408206,-0.85626006,3.8025498,-0.34808072,-16731116
120,119,121,122,"null","null","null",2,0.18963708,1.6917262,-2.1268098,3.5885544,-0.57550156,-16731116
125,117,126,127,"null","null","null",2,2.3979871,1.0880258,-2.1365545,0.60018086,-3.8261662,-16731116
128,116,129,134,"null","null","null",4,4.813946,0.357829,-2.7521257,0.902598,-3.4687881,-16731116
129,128,130,133,"null","null","null",3,3.4340372,1.7924247,-2.1365545,0.46288565,-3.6229587,-16731116
130,129,131,132,"null","null","null",2,1.5401171,2.8755677,-1.1971774,0.63761365,-3.108151,-16731116
135,115,136,137,"null","null","null",2,3.680811,0.4835837,-3.7564578,1.938399,-1.6186463,-16731116
138,114,139,142,"null","null","null",3,6.5256557,0.8449199,-3.7671363,2.4522877,-0.3955618,-16731116
139,138,140,141,"null","null","null",2,2.5988464,0.5235967,-3.7564578,1.938399,-1.6186463,-12486656
144,111,145,172,"null","null","null",17,12.020327,0.8210852,-3.62303,2.7422624,-1.079665,-16731116
145,144,146,161,"null","null","null",14,8.961081,0.5419744,-3.4929104,1.8248601,-2.579042,-16731116
146,145,147,154,"null","null","null",8,8.102586,0.66192496,-2.853769,0.64477015,-3.4827118,-16731116
147,146,148,151,"null","null","null",4,6.257254,1.9703102,-2.2165542,0.4839738,-3.5523152,-16731116
148,147,149,150,"null","null","null",2,1.1849167,3.0051725,-1.0892012,0.6459125,-2.9852285,-16731116
151,147,152,153,"null","null","null",2,2.3917336,0.4835837,-3.7564578,1.938399,-1.6186463,-12486656
154,146,155,158,"null","null","null",4,5.217401,0.8449199,-3.7671363,2.7277994,-0.3955618,-16731116
155,154,156,157,"null","null","null",2,1.7684913,0.5235967,-3.7564578,1.938399,-1.6186463,-16731116
158,154,159,160,"null","null","null",2,1.8959606,2.361208,-0.41842118,3.6646895,-0.7950946,-16731116
161,145,162,171,"null","null","null",6,4.278516,1.6917292,-2.7374768,3.398307,-0.3595974,-16731116
162,161,163,168,"null","null","null",5,4.0643535,0.33848816,-3.4762135,2.7277994,-0.81651133,-16731116
163,162,164,167,"null","null","null",3,2.661605,0.5235964,-3.3782592,1.9384001,-2.3110406,-16731116
164,163,165,166,"null","null","null",2,1.0155823,0.6580923,-2.7162118,0.8675207,-3.2399821,-12486656
168,162,169,170,"null","null","null",2,2.5570197,2.3612082,-0.418421,3.6646886,-0.79509497,-16731116
172,144,173,176,"null","null","null",3,3.7046132,2.3408213,-0.8562528,3.8025503,-0.76705223,-16731116
173,172,174,175,"null","null","null",2,1.6532704,1.6917299,-2.1268032,3.588557,-0.57550097,-16731116
177,0,178,205,"","null","Ground doves",17,21.028494,0.79509544,-3.5764797,2.685872,-1.2503628,-16731116
178,177,179,204,"null","null","null",14,17.722925,0.55929846,-3.3609884,1.7788374,-2.7222128,-16731116
179,178,180,197,"null","null","null",13,16.697449,0.75179815,-2.6774395,0.41481847,-3.5626504,-16731116
180,179,181,196,"null","null","null",9,12.560055,2.2960806,-2.010228,0.50423723,-3.5713403,-16731116
181,180,182,191,"null","null","null",8,10.924637,3.3252769,-0.7673078,0.65274775,-2.9853187,-16731116
182,181,183,188,"null","null","null",5,6.71502,3.528639,-0.44105524,2.026287,-2.3868866,-16731116
183,182,184,187,"null","null","null",3,3.5760965,3.022944,-0.6278832,3.2790856,-1.3026779,-16731116
184,183,185,186,"null","null","null",2,1.2301997,2.3134408,-0.65274704,3.7626104,-0.37199068,-16731116
188,182,189,190,"null","null","null",2,2.306438,1.2662416,-2.0763655,0.5623986,-3.8140664,-16731116
191,181,192,195,"null","null","null",3,5.7224917,0.3708011,-2.6608229,0.8857572,-3.6840587,-12486656
192,191,193,194,"null","null","null",2,2.2943134,1.2662416,-2.0763655,0.4839738,-3.8140664,-11184866
197,179,198,203,"null","null","null",4,11.531829,0.8210852,-3.4558172,2.3745217,-0.9977406,-16731116
198,197,199,202,"null","null","null",3,7.667777,0.5419744,-3.2755337,1.8611681,-2.4725404,-16731116
199,198,200,201,"null","null","null",2,3.214205,0.66192496,-2.5711792,0.7546917,-3.3442597,-16731116
205,177,206,209,"null","null","null",3,9.658016,2.3134415,-1.0472617,3.7903342,-0.73706806,-12486656
206,205,207,208,"null","null","null",2,4.0206404,1.600193,-2.28805,3.5117013,-0.59051716,-11184866
