index,parent,child1,child2,name1,name2,common,richness,lengthbr,hxmax,hxmin,hymax,hymin,color
0,-268392431,1,88,"null","null","null",77,12.893732,2.5938716,-1.3802929,3.6148486,-0.34808218,-16731116
1,0,2,69,"null","null","null",44,12.148415,1.6364839,-2.808047,3.3445392,-0.5755025,-16731116
2,1,3,48,"null","null","null",34,9.953133,0.42325735,-3.567945,2.6579018,-0.90353423,-16731116
3,2,4,33,"null","null","null",23,7.748433,0.5235983,-3.497502,1.9092977,-2.4241629,-16731116
4,3,5,28,"null","null","null",15,7.1032643,0.6580928,-2.8712258,0.6456924,-3.3870301,-16731116
5,4,6,21,"null","null","null",12,6.1904926,2.0156717,-2.1562276,0.46288753,-3.516665,-16731116
6,5,7,16,"null","null","null",8,4.0098667,3.1657798,-1.003248,0.63761437,-2.9699662,-16731116
7,6,8,15,"null","null","null",5,1.6520483,3.5147953,-0.39552075,1.6992564,-2.279171,-16731116
8,7,9,12,"null","null","null",4,1.2065742,3.0981045,-0.60429025,3.0449069,-1.4209293,-16731116
9,8,10,11,"null","null","null",2,0.67264444,2.3612056,-0.6619241,3.6646967,-0.32388446,-16731116
12,8,13,14,"null","null","null",2,0.73416436,2.7385106,-1.3026669,0.30320257,-3.2226853,-16731116
16,6,17,20,"null","null","null",3,1.5174775,0.34453118,-2.8342886,0.9791603,-3.5548334,-16731116
17,16,18,19,"null","null","null",2,0.76880693,0.9094149,-2.1905525,0.44105762,-3.8270528,-16731116
21,5,22,27,"null","null","null",4,5.6985035,0.5234773,-3.455165,2.0102203,-2.4726713,-16731116
22,21,23,26,"null","null","null",3,3.2507215,0.65274847,-2.8342886,0.9791603,-3.5548334,-16731116
23,22,24,25,"null","null","null",2,1.7861435,0.9094149,-2.1905525,0.44105762,-3.8270528,-16731116
28,4,29,32,"null","null","null",3,3.2853398,0.8665037,-3.7314699,2.5607355,-0.38339666,-16731116
29,28,30,31,"null","null","null",2,1.5094918,0.5042394,-3.7907968,2.0102203,-1.443365,-12486656
33,3,34,47,"null","null","null",8,7.137655,1.7788285,-2.653484,3.4101968,-0.40147567,-16731116
34,33,35,44,"null","null","null",7,3.183851,0.4148103,-3.4732916,2.7414103,-0.8217515,-16731116
35,34,36,43,"null","null","null",5,1.4068325,0.5042394,-3.455165,2.0102203,-2.3870127,-16731116
36,35,37,42,"null","null","null",4,1.1869296,0.65274847,-2.8342886,0.9791603,-3.4434772,-16731116
37,36,38,41,"null","null","null",3,1.09047,1.6104681,-2.1905525,0.44105762,-3.6822896,-16731116
38,37,39,40,"null","null","null",2,0.73180306,2.7385106,-1.3026669,0.6278843,-3.2226853,-16731116
44,34,45,46,"null","null","null",2,1.523133,2.3745208,-0.4072535,3.599762,-0.8210826,-11184866
48,2,49,60,"null","null","null",11,8.26795,2.5519547,-1.1975012,3.5074296,-0.7950922,-16731116
49,48,50,59,"null","null","null",6,5.8605595,1.7788285,-2.653484,3.2712164,-0.5593003,-16731116
50,49,51,58,"null","null","null",5,5.8605595,0.64111984,-3.4732916,2.5607355,-0.88764274,-16731116
51,50,52,57,"null","null","null",4,5.470912,0.5042394,-3.455165,2.0102203,-2.4726713,-16731116
52,51,53,56,"null","null","null",3,3.2953672,0.65274847,-2.8342886,0.9791603,-3.5548334,-16731116
53,52,54,55,"null","null","null",2,1.6392885,0.9094149,-2.1905525,0.44105762,-3.8270528,-16731116
60,48,61,66,"null","null","null",5,4.9478965,3.4890325,-0.7370647,1.5287865,-2.584033,-16731116
61,60,62,65,"null","null","null",3,4.1256223,3.1200032,-0.5905186,2.9140234,-1.600183,-16731116
62,61,63,64,"null","null","null",2,1.744525,2.3745208,-0.6642302,3.599762,-0.41359067,-16731116
66,60,67,68,"null","null","null",2,1.3662981,0.7310779,-2.2381577,0.6717503,-3.8167214,-16731116
69,1,70,81,"null","null","null",10,8.468602,3.338367,-0.27500218,2.859812,-1.3321574,-12486656
70,69,71,78,"null","null","null",6,4.1030226,2.673546,-1.1773479,3.424078,-0.32388347,-12486656
71,70,72,75,"null","null","null",4,2.4667418,1.7948439,-2.627285,3.162859,-0.5593003,-12486656
72,71,73,74,"null","null","null",2,1.3620504,0.64111984,-3.4392328,2.4198709,-0.66423064,-11184866
75,71,76,77,"null","null","null",2,1.7120826,3.5116925,-0.31737715,2.2880669,-1.600183,-12486656
78,70,79,80,"null","null","null",2,1.3908687,3.762613,-0.7370647,0.43901938,-2.3134382,-16731116
81,69,82,87,"null","null","null",4,2.204078,3.3004153,-1.3026711,0.303202,-3.0229406,-12486656
82,81,83,86,"null","null","null",3,2.204078,3.790332,-0.37199226,1.0472816,-2.3134382,-12486656
83,82,84,85,"null","null","null",2,0.689051,3.5116925,-0.5905186,2.2880669,-1.600183,-12486656
88,0,89,128,"null","null","null",33,11.350093,3.7069008,-0.70525634,1.6694529,-2.4548802,-16731116
89,88,90,111,"null","null","null",20,7.43803,3.3478436,-0.60428977,3.006166,-1.3321574,-16731116
90,89,91,106,"null","null","null",11,5.1591163,2.6858656,-1.2045417,3.614338,-0.32388347,-16731116
91,90,92,101,"null","null","null",8,4.627859,1.6207597,-2.6626368,3.4101968,-0.5593003,-16731116
92,91,93,98,"null","null","null",5,3.849778,0.4148103,-3.4851902,2.7414103,-0.66423064,-12486656
93,92,94,97,"null","null","null",3,2.0251708,0.5042394,-3.470633,2.0102203,-2.143427,-12486656
94,93,95,96,"null","null","null",2,1.0063046,0.65274847,-2.8543968,0.9791603,-3.1268158,-11184866
98,92,99,100,"null","null","null",2,0.9660981,2.3745208,-0.4072535,3.599762,-0.8210826,-16731116
101,91,102,105,"null","null","null",3,2.0646675,3.1200032,-0.31737715,2.9140234,-1.600183,-16731116
102,101,103,104,"null","null","null",2,1.0975599,2.3745208,-0.6642302,3.599762,-0.41359067,-12486656
106,90,107,110,"null","null","null",3,2.4024432,3.790332,-0.7370647,1.0472816,-2.3134382,-16731116
107,106,108,109,"null","null","null",2,1.3321084,3.5116925,-0.5905186,2.2880669,-1.600183,-16731116
111,89,112,127,"null","null","null",9,5.757786,3.0686464,-1.3026711,0.303202,-3.0229406,-16731116
112,111,113,126,"null","null","null",8,5.0787625,3.4890325,-0.37199226,1.4436108,-2.3134382,-16731116
113,112,114,123,"null","null","null",7,4.625305,3.1200032,-0.5905186,2.8032947,-1.5501263,-16731116
114,113,115,122,"null","null","null",5,4.546475,2.3745208,-0.9977571,3.4558146,-0.41359067,-16731116
115,114,116,119,"null","null","null",4,2.2997744,1.9094055,-2.4725547,3.2755237,-0.541976,-16731116
116,115,117,118,"null","null","null",2,2.029052,0.754682,-3.3442686,2.5711656,-0.6619252,-16731116
119,115,120,121,"null","null","null",2,1.4251951,3.5885506,-0.35959354,2.1268184,-1.6917218,-16731116
123,113,124,125,"null","null","null",2,1.8370227,2.5945141,-1.4052734,0.28912988,-3.328401,-16731116
128,88,129,152,"null","null","null",13,5.6361737,1.8644158,-2.1905546,0.6366781,-3.6659696,-16731116
129,128,130,147,"null","null","null",12,3.432063,3.0686464,-1.1166716,0.6278839,-3.2014709,-16731116
130,129,131,142,"null","null","null",9,3.3291404,3.4890325,-0.37199226,1.4436108,-2.5455275,-16731116
131,130,132,139,"null","null","null",6,2.9176714,3.1200032,-0.5905186,2.8032947,-1.5501263,-16731116
132,131,133,138,"null","null","null",4,2.115387,2.3745208,-0.9977571,3.4558146,-0.41359067,-16731116
133,132,134,137,"null","null","null",3,1.4363534,1.8611609,-2.4725547,3.2755237,-0.541976,-16731116
134,133,135,136,"null","null","null",2,1.2168328,0.754682,-3.3442686,2.5711656,-0.6619252,-16731116
139,131,140,141,"null","null","null",2,1.4897411,2.5945141,-1.4052734,0.28912988,-3.328401,-16731116
142,130,143,146,"null","null","null",3,3.3291404,1.4251217,-2.2381577,0.6717503,-3.7300844,-16731116
143,142,144,145,"null","null","null",2,2.0782785,2.5945141,-1.4052734,0.61676115,-3.328401,-16731116
147,129,148,151,"null","null","null",3,2.327965,0.33095706,-2.9070032,1.0891962,-3.4735157,-16731116
148,147,149,150,"null","null","null",2,1.1995536,0.7310779,-2.2381577,0.4185714,-3.8167214,-12486656
