index,parent,child1,child2,name1,name2,common,richness,lengthbr,hxmax,hxmin,hymax,hymin
0,-268337976,1,178,"null","null","null",100,38.805107,0.44286406,-3.424809,1.7883023,-2.5434365
1,0,2,111,"","null","Snouted Treefrogs",89,37.823143,0.6619249,-2.7652373,0.6273476,-3.4364264
2,1,3,84,"null","null","null",55,33.76748,2.2184439,-2.1014638,0.4839735,-3.4921455
3,2,4,65,"null","null","null",41,33.76748,3.3277478,-0.9395838,0.6459124,-2.9070082
4,3,5,64,"null","null","null",31,33.76748,3.6272292,-0.41856992,1.7065829,-2.238161
5,4,6,43,"null","null","null",30,33.76748,3.1946921,-0.6167604,2.9604201,-1.2264582
6,5,7,26,"null","null","null",19,33.76748,2.5084949,-1.3840561,3.4508262,-0.34808034
7,6,8,25,"null","null","null",10,33.76748,1.6917278,-2.8129458,3.1313148,-0.5755013
8,7,9,24,"null","null","null",9,33.76748,0.52728057,-3.5743215,2.3807096,-0.9519027
9,8,10,19,"null","null","null",8,33.76748,0.5235969,-3.5057976,1.799379,-2.4870474
10,9,11,18,"null","null","null",5,33.76748,0.65809244,-2.8820112,0.8675197,-3.4687884
11,10,12,15,"null","null","null",4,33.76748,1.7924242,-2.3054051,0.46288556,-3.6229591
12,11,13,14,"null","null","null",2,33.76748,2.8755672,-1.1971784,0.6376136,-3.108152
15,11,16,17,"null","null","null",2,33.76748,0.52348095,-3.7907996,2.0102258,-1.4433501
19,9,20,23,"null","null","null",3,33.76748,1.7788337,-2.6272755,3.162866,-0.40147883
20,19,21,22,"null","null","null",2,33.76748,0.64112616,-3.439227,2.4198804,-0.6642306
26,6,27,36,"null","null","null",9,33.76748,3.5147936,-0.70525885,1.7809302,-2.3938484
27,26,28,33,"null","null","null",5,33.76748,3.0981078,-0.60428894,3.151092,-1.420942
28,27,29,32,"null","null","null",3,33.76748,2.361208,-0.66485816,3.8027484,-0.32388195
29,28,30,31,"null","null","null",2,33.76748,1.7788337,-1.9610533,3.6551347,-0.55929923
33,27,34,35,"null","null","null",2,33.76748,2.7384984,-1.3026757,0.30320114,-3.2226949
36,26,37,42,"null","null","null",4,33.76748,2.0262904,-2.1905572,0.63668036,-3.528639
37,36,38,41,"null","null","null",3,33.76748,3.279088,-1.3026757,0.62788343,-3.022943
38,37,39,40,"null","null","null",2,33.76748,3.7626114,-0.37199116,0.6527469,-2.31344
43,5,44,61,"null","null","null",11,33.76748,3.3135457,-1.0121982,0.31716174,-2.9699724
44,43,45,60,"null","null","null",9,33.76748,3.706901,-0.39551836,1.556866,-2.2791753
45,44,46,57,"null","null","null",8,33.76748,3.3478475,-0.60428894,2.8598087,-1.420942
46,45,47,52,"null","null","null",6,33.76748,2.6858692,-1.1773367,3.4240801,-0.32388195
47,46,48,51,"null","null","null",3,33.76748,1.7788337,-2.6272755,3.162866,-0.55929923
48,47,49,50,"null","null","null",2,33.76748,0.64112616,-3.439227,2.4198804,-0.6642306
52,46,53,56,"null","null","null",3,33.76748,3.7903328,-0.7370666,1.047273,-2.31344
53,52,54,55,"null","null","null",2,33.76748,3.5116963,-0.590518,2.2880597,-1.6001872
57,45,58,59,"null","null","null",2,33.76748,2.7384984,-1.3026757,0.30320114,-3.2226949
61,43,62,63,"null","null","null",2,33.76748,0.3445298,-2.8544085,0.9791695,-3.1268055
65,3,66,79,"null","null","null",10,33.76748,0.4418819,-2.8712275,0.90259826,-3.3870244
66,65,67,78,"null","null","null",7,33.76748,2.0156565,-2.1365554,0.46288532,-3.516667
67,66,68,75,"null","null","null",6,33.76748,3.1657705,-1.0121982,0.6376135,-2.9699724
68,67,69,74,"null","null","null",4,33.76748,3.5147936,-0.39551836,1.6992391,-2.2791753
69,68,70,73,"null","null","null",3,33.76748,3.0981078,-0.60428894,3.0448937,-1.5045799
70,69,71,72,"null","null","null",2,33.76748,2.361208,-0.6619245,3.6646907,-0.32388195
75,67,76,77,"null","null","null",2,33.76748,0.3445298,-2.8544085,0.9791695,-3.1268055
79,65,80,83,"null","null","null",3,33.76748,0.86650574,-3.7314663,2.5607448,-0.38339537
80,79,81,82,"null","null","null",2,33.76748,0.50423765,-3.7907991,2.0102262,-1.4433496
84,2,85,104,"null","null","null",14,33.76748,0.48358428,-3.497502,1.8475403,-2.42415
85,84,86,99,"null","null","null",10,33.76748,0.6580923,-2.8712275,0.6457044,-3.3870244
86,85,87,94,"null","null","null",7,33.76748,2.1815846,-2.163113,0.46288532,-3.516667
87,86,88,91,"null","null","null",4,33.76748,3.3814769,-1.0121982,0.6376135,-2.9699724
88,87,89,90,"null","null","null",2,33.76748,3.7952118,-0.39551836,0.6459115,-2.2791753
91,87,92,93,"null","null","null",2,33.76748,0.3445298,-2.8544085,0.9791695,-3.1268055
94,86,95,98,"null","null","null",3,33.76748,0.52348137,-3.4706407,2.0102262,-2.1434119
95,94,96,97,"null","null","null",2,33.76748,0.65274787,-2.8544085,0.9791695,-3.1268055
99,85,100,103,"null","null","null",3,33.76748,0.86650574,-3.7314663,2.5607448,-0.38339537
100,99,101,102,"null","null","null",2,33.76748,0.50423765,-3.7907991,2.0102262,-1.4433496
104,84,105,110,"null","null","null",4,33.76748,1.7788364,-2.8520713,3.2712245,-0.4014799
105,104,106,109,"null","null","null",3,33.76748,0.6411311,-3.7314653,2.5607462,-0.6642305
106,105,107,108,"null","null","null",2,33.76748,0.50423735,-3.7907996,2.0102274,-1.443347
111,1,112,149,"null","null","null",34,29.7146,0.8449203,-3.5679388,2.6885958,-0.95279616
112,111,113,148,"null","null","null",19,29.7146,0.5235964,-3.497502,1.9384001,-2.488211
113,112,114,143,"null","null","null",18,29.7146,0.6580923,-2.8712275,0.6457044,-3.4703035
114,113,115,132,"null","null","null",15,29.7146,2.0156565,-2.1562366,0.46288532,-3.62493
115,114,116,127,"null","null","null",9,29.7146,3.1657705,-1.0032592,0.6376135,-3.1107142
116,115,117,122,"null","null","null",6,29.7146,3.5147936,-0.39551836,1.6992391,-2.4621396
117,116,118,121,"null","null","null",3,29.7146,3.0981078,-0.60428894,3.0448937,-1.5045799
118,117,119,120,"null","null","null",2,29.7146,2.361208,-0.6619245,3.6646907,-0.32388195
122,116,123,126,"null","null","null",3,29.7146,1.6104523,-2.1905572,0.63668036,-3.6822944
123,122,124,125,"null","null","null",2,29.7146,2.7384984,-1.3026757,0.62788343,-3.2226949
127,115,128,131,"null","null","null",3,29.7146,0.3445298,-2.8342955,0.9791695,-3.554827
128,127,129,130,"null","null","null",2,29.7146,0.9093993,-2.1905572,0.4410557,-3.8270524
132,114,133,142,"null","null","null",6,29.7146,0.52348137,-3.4551687,2.0102262,-2.3870034
133,132,134,139,"null","null","null",5,29.7146,0.65274787,-2.8342955,0.7274631,-3.4434745
134,133,135,138,"null","null","null",3,29.7146,1.6104523,-2.1905572,0.4410557,-3.6822944
135,134,136,137,"null","null","null",2,29.7146,2.7384984,-1.3026757,0.62788343,-3.2226949
139,133,140,141,"null","null","null",2,29.7146,0.88575685,-3.3442616,2.571176,-0.37080136
143,113,144,147,"null","null","null",3,29.7146,0.86650574,-3.7314663,2.5607448,-0.38339537
144,143,145,146,"null","null","null",2,29.7146,0.50423765,-3.7907991,2.0102262,-1.4433496
149,111,150,175,"null","null","null",15,29.7146,2.6735494,-1.1974871,3.57648,-0.79509497
150,149,151,170,"null","null","null",13,29.7146,1.6207688,-2.6534734,3.3609881,-0.55929863
151,150,152,161,"null","null","null",10,29.7146,0.56176347,-3.4732885,2.6774392,-0.8217379
152,151,153,160,"null","null","null",5,29.7146,0.50423735,-3.4551694,2.0102274,-2.387002
153,152,154,159,"null","null","null",4,29.7146,0.6527478,-2.8342967,0.97917116,-3.4434743
154,153,155,158,"null","null","null",3,29.7146,1.6104498,-2.190558,0.44105536,-3.6822953
155,154,156,157,"null","null","null",2,29.7146,2.7384965,-1.3026772,0.6278833,-3.2226965
161,151,162,167,"null","null","null",5,29.7146,2.705149,-0.9977391,3.4558177,-0.8210851
162,161,163,166,"null","null","null",3,29.7146,1.8611691,-2.4725385,3.2755344,-0.5419743
163,162,164,165,"null","null","null",2,29.7146,0.7546934,-3.3442583,2.5711806,-0.6619249
167,161,168,169,"null","null","null",2,29.7146,3.7190447,-0.7670523,0.42902368,-2.340821
170,150,171,174,"null","null","null",3,29.7146,3.1200051,-0.31738147,2.9140103,-1.6001917
171,170,172,173,"null","null","null",2,29.7146,2.3745222,-0.66423035,3.5997548,-0.41360193
175,149,176,177,"null","null","null",2,29.7146,3.7626095,-0.73706764,0.4390185,-2.3134413
178,0,179,198,"","null","Lime Treefrogs",11,20.205675,1.6917305,-2.7538228,3.316049,-0.35959804
179,178,180,191,"null","null","null",10,20.205675,0.33848935,-3.497465,2.6208642,-0.9518976
180,179,181,190,"null","null","null",6,20.205675,0.52359617,-3.4058871,1.9384013,-2.4870439
181,180,182,187,"null","null","null",5,20.205675,0.65809226,-2.7521284,0.5831018,-3.468788
182,181,183,186,"null","null","null",3,20.205675,1.7924193,-2.1365561,0.46288502,-3.6229608
183,182,184,185,"null","null","null",2,20.205675,2.8755636,-1.1971806,0.63761336,-3.1081548
187,181,188,189,"null","null","null",2,20.205675,0.866506,-3.4392238,2.4198866,-0.3833952
191,179,192,197,"null","null","null",4,20.205675,2.3612084,-1.1773275,3.4240825,-0.7950953
192,191,193,196,"null","null","null",3,20.205675,1.7788385,-2.6272674,3.1628726,-0.5592984
193,192,194,195,"null","null","null",2,20.205675,0.6411329,-3.4392223,2.419889,-0.66423047
