index,parent,child1,child2,name1,name2,common,richness,lengthbr,hxmax,hxmin,hymax,hymin,color
0,-268322814,1,172,"","null","Darwin's Frogs and more",122,51.6,2.3938508,-1.6631298,3.627663,-0.70526004,-16731116
1,0,2,107,"CYCLORAMPHIDAE","null","null",86,51.6,1.4246784,-2.9979548,3.2448397,-0.60428846,-12486656
2,1,3,58,"null","null","null",53,45.99261,0.32388112,-3.603674,2.5519586,-1.1974869,-12486656
3,2,4,57,"null","null","null",28,38.600887,0.55929863,-3.3963404,1.7788366,-2.6534734,-16731116
4,3,5,38,"null","null","null",27,38.179596,0.75179744,-2.7233968,0.41481906,-3.473288,-16731116
5,4,6,23,"null","null","null",17,32.820477,2.29608,-1.9945794,0.5042372,-3.4551697,-16731116
6,5,7,20,"null","null","null",9,32.820477,3.3252766,-0.72746766,0.65274775,-2.8342974,-16731116
7,6,8,19,"null","null","null",7,32.820477,3.528639,-0.44105512,2.0426908,-2.1905584,-16731116
8,7,9,14,"null","null","null",6,32.820477,3.0229437,-0.6278832,3.3004107,-1.1166797,-16731116
9,8,10,13,"null","null","null",3,32.820477,2.3134403,-1.0472679,3.7903333,-0.37199056,-16731116
10,9,11,12,"null","null","null",2,32.820477,1.6001897,-2.2880554,3.5116982,-0.59051764,-16731116
14,8,15,18,"null","null","null",3,32.820477,3.4735096,-1.0892038,0.3309561,-2.9070082,-16731116
15,14,16,17,"null","null","null",2,32.820477,3.8167202,-0.4185698,0.73106515,-2.238161,-12486656
20,6,21,22,"null","null","null",2,32.820477,0.37080103,-2.571182,0.8857573,-3.3442578,-16731116
23,5,24,35,"null","null","null",8,32.820477,0.44286364,-3.427444,1.9094158,-2.5790417,-16731116
24,23,25,32,"null","null","null",6,32.820477,0.6619249,-2.768663,0.49050963,-3.482712,-16731116
25,24,26,29,"null","null","null",4,32.820477,1.9703064,-2.216556,0.48397338,-3.5523171,-16731116
26,25,27,28,"null","null","null",2,32.820477,3.0051699,-1.0892038,0.6459124,-2.9852314,-16731116
29,25,30,31,"null","null","null",2,32.820477,0.48358452,-3.7564592,1.9384005,-1.6186413,-16731116
32,24,33,34,"null","null","null",2,32.820477,0.8449204,-3.5245008,2.3807096,-0.39556158,-16731116
35,23,36,37,"null","null","null",2,32.820477,1.691729,-2.1268048,3.5885563,-0.35959762,-16731116
38,4,39,56,"null","null","null",10,26.67358,0.82108533,-3.5592208,2.3745222,-1.0522765,-16731116
39,38,40,55,"null","null","null",9,26.67358,0.5419743,-3.4099588,1.8611686,-2.5434372,-16731116
40,39,41,52,"null","null","null",8,26.67358,0.6896925,-2.745932,0.49050963,-3.4364262,-16731116
41,40,42,51,"null","null","null",6,26.67358,2.279306,-2.076367,0.48397338,-3.4921455,-16731116
42,41,43,48,"null","null","null",5,26.67358,3.4068692,-0.8706895,0.6459124,-2.9070082,-16731116
43,42,44,47,"null","null","null",3,26.67358,3.7300878,-0.4185698,1.4251086,-2.238161,-16731116
44,43,45,46,"null","null","null",2,26.67358,3.3284082,-0.6167603,2.5945039,-1.4052806,-16731116
48,42,49,50,"null","null","null",2,26.67358,0.35782874,-2.7162147,0.90259826,-3.23998,-11513776
52,40,53,54,"null","null","null",2,26.67358,0.8449204,-3.5245008,2.3807096,-0.39556158,-12486656
58,2,59,106,"null","null","null",25,37.288063,2.3134413,-1.5127451,3.48903,-0.7370677,-11184866
59,58,60,91,"null","null","null",24,36.815174,1.5333152,-2.8931768,3.1200047,-0.59051746,-11184866
60,59,61,90,"null","null","null",16,32.11819,0.41359925,-3.57267,2.374522,-1.052279,-11184866
61,60,62,85,"null","null","null",15,32.11819,0.54197454,-3.4274414,1.7061961,-2.5434394,-11184866
62,61,63,74,"null","null","null",12,32.11819,0.68969655,-2.7686596,0.5223193,-3.4364274,-11184866
63,62,64,71,"null","null","null",6,32.11819,2.2793093,-2.2165534,0.483974,-3.4921446,-11184866
64,63,65,70,"null","null","null",4,32.11819,3.4068704,-1.0892006,0.64591265,-2.9070063,-11184866
65,64,66,69,"null","null","null",3,32.11819,3.7300863,-0.41857052,1.4251142,-2.2381597,-12486656
66,65,67,68,"null","null","null",2,32.11819,3.328405,-0.6167606,2.5945082,-1.4052775,-12486656
71,63,72,73,"null","null","null",2,32.11819,0.48358327,-3.756458,1.9383984,-1.6186465,-11513776
74,62,75,84,"null","null","null",6,32.11819,0.8449197,-3.4974663,2.4522865,-1.0443957,-11184866
75,74,76,83,"null","null","null",5,32.11819,0.5235969,-3.405886,1.9383984,-2.6072884,-11184866
76,75,77,80,"null","null","null",4,32.11819,0.65809244,-2.7521262,0.58309823,-3.6251016,-16731116
77,76,78,79,"null","null","null",2,32.11819,1.0880251,-2.1365547,0.46288556,-3.8261662,-16731116
80,76,81,82,"null","null","null",2,32.11819,0.8665055,-3.4392257,2.4198828,-0.3833955,-11513776
85,61,86,89,"null","null","null",3,32.11819,1.6917278,-2.7746243,3.1313148,-0.35959697,-11513776
86,85,87,88,"null","null","null",2,32.11819,0.52728057,-3.5245035,2.3807096,-0.665,-11513776
91,59,92,101,"null","null","null",8,24.088644,3.2905612,-0.28912875,2.9604201,-1.2264582,-12486656
92,91,93,98,"null","null","null",5,18.644033,2.633125,-1.354578,3.4508262,-0.34808034,-11184866
93,92,94,97,"null","null","null",3,18.644033,1.6917278,-2.7746243,3.1313148,-0.5755013,-12486656
94,93,95,96,"null","null","null",2,18.644033,0.52728057,-3.5245035,2.3807096,-0.665,-12486656
98,92,99,100,"null","null","null",2,18.644033,3.7952118,-0.70525885,0.55373955,-2.2791753,-8572416
101,91,102,105,"null","null","null",3,12.726532,3.3814769,-1.1971791,0.31716174,-2.9699724,-12486656
102,101,103,104,"null","null","null",2,12.726532,3.7952118,-0.39551836,0.6459115,-2.2791753,-11184866
107,1,108,163,"","null","Darwin's Frogs and more",33,40.504204,3.2310956,-0.30320063,3.1648684,-1.1166805,-12486656
108,107,109,160,"null","null","null",28,40.504204,2.5840373,-1.5127451,3.6141295,-0.37199032,-16731116
109,108,110,159,"null","null","null",26,37.742405,1.6001905,-2.8931768,3.2826343,-0.59051746,-16731116
110,109,111,150,"null","null","null",25,37.742405,0.39173245,-3.57267,2.5859401,-1.112208,-16731116
111,110,112,137,"null","null","null",20,37.742405,0.54197454,-3.4274414,1.8248591,-2.6213472,-16731116
112,111,113,136,"null","null","null",13,37.742405,0.66192496,-2.7686596,0.75469065,-3.5377076,-12486656
113,112,114,133,"null","null","null",12,37.742405,2.1597397,-2.2165534,0.483974,-3.6238089,-12486656
114,113,115,128,"null","null","null",10,37.742405,3.25143,-0.8866478,0.64591265,-3.0781698,-12486656
115,114,116,125,"null","null","null",7,37.742405,3.5280137,-0.41857052,1.9147071,-2.4606724,-12486656
116,115,117,122,"null","null","null",5,37.742405,3.0657108,-0.6167606,3.230979,-1.2878692,-11184866
117,116,118,121,"null","null","null",3,37.742405,2.3408198,-0.856262,3.8025498,-0.34808096,-11513776
118,117,119,120,"null","null","null",2,37.742405,1.6917254,-2.1268115,3.5885534,-0.5755017,-11513776
122,116,123,124,"null","null","null",2,37.742405,2.8755672,-1.1971784,0.3171621,-3.108152,-11184866
125,115,126,127,"null","null","null",2,37.742405,1.0880251,-2.1365547,0.6001805,-3.8261662,-12486656
128,114,129,132,"null","null","null",3,37.742405,0.35782912,-2.7521262,0.9025978,-3.6251016,-11513776
129,128,130,131,"null","null","null",2,37.742405,1.0880251,-2.1365547,0.46288556,-3.8261662,-11513776
133,113,134,135,"null","null","null",2,37.742405,0.48358327,-3.756458,1.9383984,-1.6186465,-12486656
137,111,138,147,"null","null","null",7,37.742405,1.6749347,-2.737479,3.3983068,-0.35959697,-16731116
138,137,139,144,"null","null","null",5,37.742405,0.3384863,-3.4762144,2.7277992,-0.816515,-16731116
139,138,140,143,"null","null","null",3,37.742405,0.5235969,-3.3782585,1.9383984,-2.3110435,-16731116
140,139,141,142,"null","null","null",2,37.742405,0.65809244,-2.7162104,0.8675197,-3.239983,-16731116
144,138,145,146,"null","null","null",2,37.742405,2.361208,-0.4184213,3.6646907,-0.79509425,-16731116
147,137,148,149,"null","null","null",2,37.742405,3.4248672,-0.27500108,2.4441621,-1.5045799,-11513776
150,110,151,156,"null","null","null",5,37.742405,2.633125,-1.354578,3.4508262,-0.76705194,-16731116
151,150,152,155,"null","null","null",3,37.742405,1.6917278,-2.7746243,3.1313148,-0.5755013,-11513776
152,151,153,154,"null","null","null",2,37.742405,0.52728057,-3.5245035,2.3807096,-0.665,-11513776
156,150,157,158,"null","null","null",2,37.742405,3.7952118,-0.70525885,0.55373955,-2.2791753,-16731116
160,108,161,162,"null","null","null",2,8.029548,3.8167205,-0.6717531,0.731066,-2.238161,-16731116
163,107,164,169,"null","null","null",5,40.504204,3.4068694,-0.9287931,0.33095595,-2.9070082,-11184866
164,163,165,168,"null","null","null",3,12.726532,3.7300873,-0.41856992,1.4251093,-2.238161,-12486656
165,164,166,167,"null","null","null",2,12.726532,3.3284078,-0.6167604,2.5945044,-1.40528,-12486656
169,163,170,171,"","null","Darwin's Frogs",2,8.029548,0.3578288,-2.7162118,0.90259826,-3.2399821,-8572416
172,0,173,224,"HYLODIDAE","null","null",36,29.03568,3.5286393,-0.63668156,1.8644031,-2.3023295,-16731116
173,172,174,213,"null","null","null",26,26.398926,3.0229447,-0.6278831,3.0686378,-1.1166805,-16731116
174,173,175,212,"null","null","null",20,24.273104,2.3134413,-1.5425444,3.48903,-0.37199032,-16731116
175,174,176,203,"null","null","null",19,24.273104,1.4333824,-2.9319158,3.1200047,-0.59051746,-16731116
176,175,177,202,"null","null","null",14,21.383123,0.41359925,-3.6230307,2.374522,-1.052279,-16731116
177,176,178,193,"null","null","null",13,21.383123,0.54197454,-3.4929104,1.8248591,-2.5434394,-16731116
178,177,179,188,"null","null","null",8,21.383123,0.68969655,-2.8537693,0.5223193,-3.4364274,-16731116
179,178,180,187,"null","null","null",5,21.383123,2.2793093,-2.076365,0.483974,-3.4921446,-16731116
180,179,181,186,"null","null","null",4,21.383123,3.4068704,-1.0892006,0.64591265,-2.9070063,-16731116
181,180,182,185,"null","null","null",3,21.383123,3.7300863,-0.41857052,1.4251142,-2.2381597,-16731116
182,181,183,184,"null","null","null",2,21.383123,3.328405,-0.6167606,2.5945082,-1.4052775,-16731116
188,178,189,192,"null","null","null",3,21.383123,0.8449197,-3.767137,2.4522865,-0.39556193,-11513776
189,188,190,191,"null","null","null",2,21.383123,0.5235969,-3.756458,1.9383984,-1.6186465,-11513776
193,177,194,201,"null","null","null",5,21.383123,1.6917278,-2.9612656,3.3983068,-0.35959697,-16731116
194,193,195,198,"null","null","null",4,21.383123,0.3384863,-3.767137,2.7277992,-0.665,-16731116
195,194,196,197,"null","null","null",2,21.383123,0.5235969,-3.756458,1.9383984,-1.6186465,-16731116
198,194,199,200,"null","null","null",2,21.383123,2.361208,-0.4184213,3.6646907,-0.79509425,-11513776
203,175,204,211,"null","null","null",5,24.273104,3.0657122,-0.28912875,2.9604201,-1.40528,-16731116
204,203,205,210,"null","null","null",4,11.232534,2.340821,-1.354578,3.4508262,-0.34808034,-16731116
205,204,206,209,"null","null","null",3,11.232534,1.6917278,-2.7746243,3.1313148,-0.5755013,-16731116
206,205,207,208,"null","null","null",2,11.232534,0.52728057,-3.5245035,2.3807096,-0.665,-16731116
213,173,214,221,"null","null","null",6,14.51784,3.2514281,-0.9287931,0.33095595,-2.9070082,-16731116
214,213,215,220,"null","null","null",4,14.51784,3.5280137,-0.41856992,1.8652927,-2.238161,-16731116
215,214,216,219,"null","null","null",3,14.51784,3.0657122,-0.6167604,3.1667428,-1.40528,-16731116
216,215,217,218,"null","null","null",2,14.51784,2.340821,-0.6580918,3.7190456,-0.34808034,-16731116
221,213,222,223,"null","null","null",2,14.51784,0.3578288,-2.7162118,0.90259826,-3.2399821,-11513776
224,172,225,240,"null","null","null",10,18.656837,2.1597364,-2.2165554,0.56239915,-3.62381,-16731116
225,224,226,239,"null","null","null",8,18.656837,3.2514281,-1.0892029,0.6459124,-3.0781722,-16731116
226,225,227,236,"null","null","null",7,15.766856,3.5280137,-0.41856992,1.7065829,-2.4606743,-16731116
227,226,228,235,"null","null","null",5,15.766856,3.0657122,-0.6167604,2.9604201,-1.40528,-16731116
228,227,229,234,"null","null","null",4,15.766856,2.340821,-1.354578,3.4508262,-0.34808034,-16731116
229,228,230,233,"null","null","null",3,15.766856,1.6917278,-2.7746243,3.1313148,-0.5755013,-16731116
230,229,231,232,"null","null","null",2,15.766856,0.52728057,-3.5245035,2.3807096,-0.665,-16731116
236,226,237,238,"null","null","null",2,15.766856,1.0880233,-2.1365554,0.6001814,-3.8261666,-11513776
240,224,241,242,"null","null","null",2,5.616267,0.48358428,-3.7564583,1.9384001,-1.6186436,-11513776
