index,parent,child1,child2,name1,name2,common,richness,lengthbr,hxmax,hxmin,hymax,hymin,color
0,-268258256,1,188,"","null","Rain Frogs",118,40.627422,3.166316,-0.3032002,3.206412,-1.1457314,-16777216
1,0,2,99,"null","null","null",94,38.690956,2.4998224,-1.542536,3.6681404,-0.37198934,-16777216
2,1,3,78,"null","null","null",49,38.690956,1.5333216,-2.931909,3.352851,-0.59051675,-16777216
3,2,4,61,"null","null","null",38,38.690956,0.33634627,-3.6230278,2.6772213,-1.1121998,-16777216
4,3,5,42,"null","null","null",29,38.690956,0.5419736,-3.4929109,1.7516522,-2.621341,-16777216
5,4,6,37,"null","null","null",19,38.690956,0.6619248,-2.85377,0.52232623,-3.5377054,-16777216
6,5,7,24,"null","null","null",16,38.690956,2.159732,-2.0607486,0.48397285,-3.6238112,-16777216
7,6,8,19,"null","null","null",9,38.690956,3.2514257,-0.8866538,0.64591223,-3.0781746,-16777216
8,7,9,16,"null","null","null",6,38.690956,3.5280137,-0.41856924,1.9146993,-2.4606762,-16777216
9,8,10,15,"null","null","null",4,38.690956,3.0657134,-0.61676,3.2309744,-1.405283,-16777216
10,9,11,14,"null","null","null",3,38.690956,2.3408217,-0.8562515,3.8025498,-0.34807962,-16777216
11,10,12,13,"null","null","null",2,38.690956,1.6917303,-2.1268024,3.5885572,-0.57550085,-16777216
16,8,17,18,"null","null","null",2,38.690956,1.0880178,-2.136557,0.60018253,-3.8261664,-16777216
19,7,20,23,"null","null","null",3,38.690956,0.3578284,-2.7521296,0.90259874,-3.6250987,-16777216
20,19,21,22,"null","null","null",2,38.690956,1.0880178,-2.136557,0.46288466,-3.8261664,-16777216
24,6,25,34,"null","null","null",7,38.690956,0.48358554,-3.405888,2.0181713,-2.4870424,-16777216
25,24,26,31,"null","null","null",5,38.690956,0.65809214,-2.7521296,0.583104,-3.4687877,-16777216
26,25,27,30,"null","null","null",3,38.690956,1.7924167,-2.136557,0.46288466,-3.622962,-16777216
27,26,28,29,"null","null","null",2,38.690956,2.8755617,-1.1971824,0.6376132,-3.1081567,-16777216
31,25,32,33,"null","null","null",2,38.690956,0.86650634,-3.4392223,2.419889,-0.38339502,-16777216
34,24,35,36,"null","null","null",2,38.690956,1.7788391,-1.9610422,3.6551392,-0.40148115,-16777216
37,5,38,41,"null","null","null",3,38.690956,0.844921,-3.7671347,2.4522927,-0.39556128,-16777216
38,37,39,40,"null","null","null",2,38.690956,0.5235958,-3.7564592,1.9384025,-1.6186383,-16777216
42,4,43,58,"null","null","null",10,38.690956,1.6749431,-2.8129396,3.233581,-0.35959932,-16777216
43,42,44,57,"null","null","null",8,38.690956,0.52728903,-3.57432,2.5136554,-0.95189375,-16777216
44,43,45,54,"null","null","null",7,38.690956,0.5235956,-3.5058014,2.018173,-2.487041,-16777216
45,44,46,53,"null","null","null",5,38.690956,0.6580921,-2.8820171,0.8675258,-3.4687872,-16777216
46,45,47,50,"null","null","null",4,38.690956,1.7924141,-2.3054097,0.46288437,-3.6229625,-16777216
47,46,48,49,"null","null","null",2,38.690956,2.8755598,-1.197184,0.63761306,-3.108158,-16777216
50,46,51,52,"null","null","null",2,38.690956,0.52348316,-3.7908006,2.0102296,-1.4433415,-16777216
54,44,55,56,"null","null","null",2,38.690956,1.7788403,-1.9610395,3.6551402,-0.4014818,-16777216
58,42,59,60,"null","null","null",2,38.690956,3.4248743,-0.27500018,2.4441504,-1.5045869,-16777216
61,3,62,71,"null","null","null",9,38.690956,2.508498,-1.4981381,3.6562026,-0.7670536,-16777216
62,61,63,70,"null","null","null",5,38.690956,1.6917341,-2.961258,3.398308,-0.5755003,-16777216
63,62,64,67,"null","null","null",4,38.690956,0.33849168,-3.7671347,2.7278004,-0.665,-16777216
64,63,65,66,"null","null","null",2,38.690956,0.5235956,-3.7564604,1.9384036,-1.6186355,-16777216
67,63,68,69,"null","null","null",2,38.690956,2.361209,-0.41842052,3.6646857,-0.79509616,-16777216
71,61,72,77,"null","null","null",4,38.690956,3.5147924,-0.70526093,1.6992261,-2.2791777,-16777216
72,71,73,76,"null","null","null",3,38.690956,3.09811,-0.604288,3.0448835,-1.5045875,-16777216
73,72,74,75,"null","null","null",2,38.690956,2.3612092,-0.6619247,3.6646852,-0.32388005,-16777216
78,2,79,98,"null","null","null",11,38.690956,3.290565,-0.28912795,2.9929967,-1.4052866,-16777216
79,78,80,95,"null","null","null",10,38.690956,2.6331282,-1.3385688,3.4931822,-0.34807882,-16777216
80,79,81,94,"null","null","null",8,38.690956,1.6917348,-2.7538185,3.1863818,-0.5755002,-16777216
81,80,82,93,"null","null","null",7,38.690956,0.52729076,-3.4974642,2.4522963,-0.90350974,-16777216
82,81,83,92,"null","null","null",6,38.690956,0.5235953,-3.4058897,1.9384048,-2.4241428,-16777216
83,82,84,91,"null","null","null",5,38.690956,0.658092,-2.7521324,0.8675277,-3.3870215,-16777216
84,83,85,90,"null","null","null",4,38.690956,2.1815753,-2.1365585,0.462884,-3.5166683,-16777216
85,84,86,89,"null","null","null",3,38.690956,3.381471,-1.1971854,0.63761294,-2.969976,-16777216
86,85,87,88,"null","null","null",2,38.690956,3.7952101,-0.39551693,0.64591193,-2.2791777,-16777216
95,79,96,97,"null","null","null",2,38.690956,3.7952096,-0.7052612,0.553725,-2.2791781,-16777216
99,1,100,153,"null","null","null",45,38.690956,3.6272302,-0.6717548,1.7531219,-2.3532815,-16777216
100,99,101,130,"null","null","null",27,38.690956,3.194696,-0.61675966,3.0209262,-1.2890189,-16777216
101,100,102,123,"null","null","null",15,38.690956,2.5084984,-1.3385688,3.5294905,-0.34807882,-16777216
102,101,103,118,"null","null","null",11,38.690956,1.5297158,-2.7538185,3.2335827,-0.5755002,-16777216
103,102,104,117,"null","null","null",8,38.690956,0.52729076,-3.4974642,2.5136576,-0.90350974,-16777216
104,103,105,114,"null","null","null",7,38.690956,0.5235953,-3.4058897,2.0181746,-2.4241428,-16777216
105,104,106,113,"null","null","null",5,38.690956,0.658092,-2.7521324,0.8675277,-3.3870215,-16777216
106,105,107,112,"null","null","null",4,38.690956,2.1815753,-2.1365585,0.462884,-3.5166683,-16777216
107,106,108,111,"null","null","null",3,38.690956,3.381471,-1.1971854,0.63761294,-2.969976,-16777216
108,107,109,110,"null","null","null",2,38.690956,3.7952101,-0.39551693,0.64591193,-2.2791777,-16777216
114,104,115,116,"null","null","null",2,38.690956,1.7788415,-1.9610368,3.6551409,-0.40148243,-16777216
118,102,119,122,"null","null","null",3,38.690956,3.0981102,-0.2750001,3.0448825,-1.5045884,-16777216
119,118,120,121,"null","null","null",2,38.690956,2.3612094,-0.6619247,3.664685,-0.32387987,-16777216
123,101,124,129,"null","null","null",4,38.690956,3.5147924,-0.7052612,1.699225,-2.2791781,-16777216
124,123,125,128,"null","null","null",3,38.690956,3.0981102,-0.60428786,3.0448825,-1.5045884,-16777216
125,124,126,127,"null","null","null",2,38.690956,2.3612094,-0.6619247,3.664685,-0.32387987,-16777216
130,100,131,148,"null","null","null",12,38.690956,3.1657643,-1.0032679,0.31716084,-3.110722,-16777216
131,130,132,141,"null","null","null",9,38.690956,3.5147924,-0.3955167,1.7809191,-2.4621472,-16777216
132,131,133,138,"null","null","null",5,38.690956,3.0981102,-0.60428786,3.151085,-1.4209539,-16777216
133,132,134,137,"null","null","null",3,38.690956,2.3612094,-0.6648392,3.8027482,-0.32387987,-16777216
134,133,135,136,"null","null","null",2,38.690956,1.7788422,-1.9610362,3.6551409,-0.5592977,-16777216
138,132,139,140,"null","null","null",2,38.690956,2.7384849,-1.3026857,0.30319992,-3.2227058,-16777216
141,131,142,145,"null","null","null",4,38.690956,1.6104354,-2.3868918,0.6366831,-3.6823,-16777216
142,141,143,144,"null","null","null",2,38.690956,2.7384849,-1.3026857,0.62788254,-3.2227058,-16777216
145,141,146,147,"null","null","null",2,38.690956,0.5624012,-3.8140676,2.0763702,-1.2662283,-16777216
148,130,149,152,"null","null","null",3,38.690956,0.34452885,-2.834302,0.9791785,-3.554821,-16777216
149,148,150,151,"null","null","null",2,38.690956,0.9093832,-2.1905615,0.44105393,-3.827052,-16777216
153,99,154,187,"null","null","null",18,38.690956,2.015647,-2.136559,0.6001835,-3.5845242,-16777216
154,153,155,182,"null","null","null",17,38.690956,3.1657643,-1.0032679,0.6376129,-3.0581887,-16777216
155,154,156,169,"null","null","null",14,38.690956,3.5147924,-0.3955167,1.6061754,-2.3938537,-16777216
156,155,157,168,"null","null","null",7,38.690956,3.0981102,-0.60428786,2.9239182,-1.5045884,-16777216
157,156,158,167,"null","null","null",6,38.690956,2.3612094,-1.3502452,3.5074315,-0.32387987,-16777216
158,157,159,164,"null","null","null",5,38.690956,1.794863,-2.852064,3.2712293,-0.5592977,-16777216
159,158,160,163,"null","null","null",3,38.690956,0.6411381,-3.731463,2.5607526,-0.66423047,-16777216
160,159,161,162,"null","null","null",2,38.690956,0.5042361,-3.7908013,2.0102317,-1.4433361,-16777216
164,158,165,166,"null","null","null",2,38.690956,3.5117059,-0.31738403,2.2880416,-1.6001974,-16777216
169,155,170,179,"null","null","null",7,38.690956,2.0426831,-2.3868918,0.6366831,-3.5286398,-16777216
170,169,171,176,"null","null","null",5,38.690956,3.3004072,-1.1514549,0.62788254,-3.0229475,-16777216
171,170,172,175,"null","null","null",3,38.690956,3.7903357,-0.37198892,1.047252,-2.3134432,-16777216
172,171,173,174,"null","null","null",2,38.690956,3.5117059,-0.5905165,2.2880416,-1.6001974,-16777216
176,170,177,178,"null","null","null",2,38.690956,0.33095515,-2.98524,1.0892103,-3.005162,-16777216
179,169,180,181,"null","null","null",2,38.690956,0.5624012,-3.8140676,2.0763702,-1.2662283,-16777216
182,154,183,186,"null","null","null",3,38.690956,0.34452885,-2.834302,0.9791785,-3.554821,-16777216
183,182,184,185,"null","null","null",2,38.690956,0.9093832,-2.1905615,0.44105393,-3.827052,-16777216
188,0,189,214,"null","null","null",24,27.064487,3.251424,-0.93958795,0.3309554,-2.9723654,-16777216
189,188,190,203,"null","null","null",13,27.064487,3.5280135,-0.41856882,1.7065732,-2.3231235,-16777216
190,189,191,200,"null","null","null",7,27.064487,3.0657144,-0.61675966,2.960413,-1.2878811,-16777216
191,190,192,199,"null","null","null",5,27.064487,2.3408222,-1.3545643,3.4508233,-0.34807882,-16777216
192,191,193,196,"null","null","null",4,27.064487,1.6749449,-2.7746127,3.1313152,-0.5755002,-16777216
193,192,194,195,"null","null","null",2,27.064487,0.52729076,-3.5244966,2.3807096,-0.665,-16777216
196,192,197,198,"null","null","null",2,27.064487,3.4248757,-0.2750001,2.444148,-1.5045884,-16777216
200,190,201,202,"null","null","null",2,27.064487,2.8755558,-1.197187,0.31716084,-3.1081624,-16777216
203,189,204,213,"null","null","null",6,27.064487,2.015647,-2.136559,0.6001835,-3.5166688,-16777216
204,203,205,212,"null","null","null",5,27.064487,3.1657643,-1.197187,0.6376129,-2.969977,-16777216
205,204,206,211,"null","null","null",4,27.064487,3.5147924,-0.3955167,1.699225,-2.2791781,-16777216
206,205,207,210,"null","null","null",3,27.064487,3.0981102,-0.60428786,3.0448825,-1.5045884,-16777216
207,206,208,209,"null","null","null",2,27.064487,2.3612094,-0.6619247,3.664685,-0.32387987,-16777216
214,188,215,230,"null","null","null",11,27.064487,0.44187224,-2.8712282,0.902599,-3.4703035,-16777216
215,214,216,229,"null","null","null",8,27.064487,2.015647,-2.136559,0.46288413,-3.6249347,-16777216
216,215,217,228,"null","null","null",7,27.064487,3.1657643,-1.197187,0.6376129,-3.110722,-16777216
217,216,218,223,"null","null","null",6,27.064487,3.5147924,-0.3955167,1.699225,-2.4621472,-16777216
218,217,219,222,"null","null","null",3,27.064487,3.0981102,-0.60428786,3.0448825,-1.5045884,-16777216
219,218,220,221,"null","null","null",2,27.064487,2.3612094,-0.6619247,3.664685,-0.32387987,-16777216
223,217,224,227,"null","null","null",3,27.064487,1.6104354,-2.1905615,0.6366831,-3.6823,-16777216
224,223,225,226,"null","null","null",2,27.064487,2.7384849,-1.3026857,0.62788254,-3.2227058,-16777216
230,214,231,234,"null","null","null",3,27.064487,0.86650693,-3.731464,2.5607514,-0.3833947,-16777216
231,230,232,233,"null","null","null",2,27.064487,0.5042364,-3.7908013,2.010231,-1.4433374,-16777216
