index,parent,child1,child2,name1,name2,common,richness,lengthbr,hxmax,hxmin,hymax,hymin,color
0,-268250038,1,42,"Sittidae","null","Nuthatches and Wallcreeper",24,19.955467,3.065712,-0.2891289,3.0865903,-1.2264589,-16731116
1,0,2,41,"null","null","null",21,15.20955,2.3408208,-1.3419558,3.6148477,-0.34808022,-16731116
2,1,3,36,"null","null","null",20,13.423363,1.5297087,-2.758216,3.344543,-0.5755012,-16731116
3,2,4,25,"null","null","null",17,10.859592,0.3384865,-3.5031729,2.657906,-0.9035219,-16731116
4,3,5,20,"null","null","null",11,10.859592,0.5235968,-3.4133048,1.7993804,-2.4241529,-12486656
5,4,6,13,"null","null","null",8,7.1569023,0.6580924,-2.7617707,0.6457026,-3.3870258,-12486656
6,5,7,12,"null","null","null",4,5.2329125,2.1815877,-2.1365538,0.46288577,-3.516667,-16731116
7,6,8,11,"null","null","null",3,1.5912702,3.3814788,-1.1971772,0.63761365,-2.9699712,-16731116
8,7,9,10,"null","null","null",2,1.1998464,3.7952123,-0.39551884,0.64591134,-2.2791743,-12486656
13,5,14,19,"null","null","null",4,3.8615162,0.86650527,-3.48519,2.5607443,-0.6343628,-12486656
14,13,15,18,"null","null","null",3,1.9747621,0.5042378,-3.4706397,2.010226,-2.143413,-12486656
15,14,16,17,"null","null","null",2,0.2785068,0.6527479,-2.8544078,0.9791694,-3.1268065,-12486656
20,4,21,24,"null","null","null",3,7.0798597,1.7788353,-2.6272726,3.1628685,-0.40147904,-12486656
21,20,22,23,"null","null","null",2,2.782948,0.641129,-3.4392254,2.4198835,-0.6642305,-12486656
25,3,26,35,"null","null","null",6,6.274901,2.3612075,-1.3502572,3.5074303,-0.7950944,-16731116
26,25,27,32,"null","null","null",5,5.269397,1.7948534,-2.8520734,3.2712228,-0.5592989,-16731116
27,26,28,31,"null","null","null",3,3.1600277,0.641129,-3.7314665,2.5607443,-0.6642305,-16731116
28,27,29,30,"null","null","null",2,1.7972109,0.5042378,-3.7907991,2.010226,-1.4433506,-16731116
32,26,33,34,"null","null","null",2,1.5882018,3.5116992,-0.3173806,2.288054,-1.6001905,-16731116
36,2,37,40,"null","null","null",3,9.671654,3.0981078,-0.27500102,3.0448914,-1.5045819,-16731116
37,36,38,39,"null","null","null",2,4.086261,2.3612075,-0.66192454,3.6646893,-0.32388148,-16731116
42,0,43,46,"null","null","null",3,5.8643446,3.381475,-1.1971815,0.31716168,-2.9699733,-16731116
43,42,44,45,"null","null","null",2,0.6140067,3.795211,-0.3955179,0.64591163,-2.2791758,-16731116
