index,parent,child1,child2,name1,name2,common,richness,lengthbr,hxmax,hxmin,hymax,hymin,color
0,-268009469,1,66,"null","null","null",47,63.4,2.6213403,-1.788307,0.54197335,-3.4099581,-16731116
1,0,2,63,"null","null","null",33,57.576645,3.537706,-0.4905132,0.6764332,-2.7459316,-16731116
2,1,3,42,"null","null","null",31,57.576645,3.6238136,-0.48397237,2.2620718,-2.105158,-16731116
3,2,4,27,"null","null","null",20,57.576645,3.0781784,-0.645912,3.3844705,-0.93958956,-16731116
4,3,5,24,"null","null","null",12,57.576645,2.4606795,-1.7316349,3.7009754,-0.41856837,-16731116
5,4,6,17,"null","null","null",10,57.576645,1.2264667,-2.9929948,3.2905655,-0.6167594,-16731116
6,5,7,14,"null","null","null",6,57.576645,0.34807852,-3.493181,2.6331284,-1.4981368,-16731116
7,6,8,13,"null","null","null",4,57.576645,0.57550013,-3.1863809,1.6917346,-2.9612572,-16731116
8,7,9,12,"null","null","null",3,57.576645,0.665,-2.452295,0.5272892,-3.7671342,-16731116
9,8,10,11,"null","null","null",2,57.576645,1.6186348,-1.938404,0.52359545,-3.7564602,-11513776
14,6,15,16,"null","null","null",2,57.576645,2.2791781,-0.55372405,3.7952094,-0.70526135,-11513776
17,5,18,21,"null","null","null",4,57.576645,2.9699774,-0.3171607,3.3814683,-1.0122108,-16731116
18,17,19,20,"null","null","null",2,57.576645,2.2791786,-0.6459122,3.795209,-0.3955164,-16731116
21,17,22,23,"null","null","null",2,57.576645,3.1267948,-0.97918,0.34452868,-2.8544214,-11513776
24,4,25,26,"null","null","null",2,57.576645,3.826167,-0.6001842,1.0880075,-2.13656,-11513776
27,3,28,35,"null","null","null",8,57.576645,3.3870208,-0.90259933,0.56950545,-2.8712282,-16731116
28,27,29,34,"null","null","null",4,57.576645,3.516669,-0.4628837,2.1815712,-2.13656,-16731116
29,28,30,33,"null","null","null",3,57.576645,2.9699779,-0.6376127,3.381468,-1.1971889,-11513776
30,29,31,32,"null","null","null",2,57.576645,2.2791789,-0.6459122,3.7952094,-0.39551622,-11513776
35,27,36,39,"null","null","null",4,57.576645,0.38339442,-2.7414122,0.8665073,-3.7314634,-11513776
36,35,37,38,"null","null","null",2,57.576645,1.4433327,-2.0102327,0.504236,-3.7908025,-11513776
39,35,40,41,"null","null","null",2,57.576645,0.8210869,-3.5997505,2.3745227,-0.40725154,-11513776
42,2,43,56,"null","null","null",11,57.576645,2.424142,-1.799392,0.48358673,-3.505804,-16731116
43,42,44,53,"null","null","null",7,57.576645,3.3870208,-0.58311164,0.658092,-2.882021,-16731116
44,43,45,50,"null","null","null",5,57.576645,3.516669,-0.4628837,2.1815712,-2.3054132,-16731116
45,44,46,49,"null","null","null",3,57.576645,2.9699779,-0.6376127,3.381468,-1.1971889,-16731116
46,45,47,48,"null","null","null",2,57.576645,2.2791789,-0.6459122,3.7952094,-0.39551622,-16731116
50,44,51,52,"null","null","null",2,57.576645,1.4433327,-2.0102327,0.52348465,-3.7908025,-16731116
53,43,54,55,"null","null","null",2,57.576645,0.38339442,-2.419898,0.8665073,-3.439217,-11513776
56,42,57,60,"null","null","null",4,57.576645,0.40148276,-3.1628788,1.7948631,-2.62726,-16731116
57,56,58,59,"null","null","null",2,57.576645,0.66423047,-2.419897,0.6411384,-3.4392178,-11513776
60,56,61,62,"null","null","null",2,57.576645,1.6001973,-2.288042,3.5117059,-0.31738403,-16731116
63,1,64,65,"null","null","null",2,57.576645,0.395561,-2.3807096,0.84492147,-3.5244963,-16731116
66,0,67,90,"null","null","null",14,50.6,0.35959998,-3.3160512,1.6749449,-2.808027,-16731116
67,66,68,83,"null","null","null",12,50.6,0.95189273,-2.6208668,0.33849257,-3.5679355,-16731116
68,67,69,80,"null","null","null",8,39.8702,2.4870405,-2.0181746,0.52359533,-3.497502,-16731116
69,68,70,75,"null","null","null",6,39.8702,3.4687884,-0.6457132,0.658092,-2.8712282,-16731116
70,69,71,74,"null","null","null",3,39.8702,3.6229663,-0.46288383,1.7924073,-2.1365595,-16731116
71,70,72,73,"null","null","null",2,39.8702,3.1081638,-0.63761276,2.875554,-1.1971881,-16731116
75,69,76,79,"null","null","null",3,39.8702,0.38339454,-2.5607529,0.8665072,-3.7314634,-11513776
76,75,77,78,"null","null","null",2,39.8702,1.4433341,-2.010232,0.5042361,-3.790802,-11513776
80,68,81,82,"null","null","null",2,39.8702,0.40148243,-3.6551409,1.7788416,-1.9610372,-11513776
83,67,84,89,"null","null","null",4,50.6,0.7950965,-3.4240842,2.3612092,-1.177321,-16731116
84,83,85,88,"null","null","null",3,21.064257,0.5592978,-3.1628776,1.7788413,-2.6272616,-16731116
85,84,86,87,"null","null","null",2,21.064257,0.66423047,-2.4198956,0.64113706,-3.4392185,-16731116
90,66,91,92,"null","null","null",2,50.6,1.504588,-2.4441488,3.4248753,-0.2750001,-16731116
