index,parent,child1,child2,name1,name2,common,richness,lengthbr,hxmax,hxmin,hymax,hymin,color
0,-268020658,1,100,"null","null","null",55,59.500004,2.393856,-1.6730456,3.6276627,-0.39551586,-16731116
1,0,2,95,"null","null","null",50,59.300003,1.3321762,-3.010853,3.2448435,-0.60428745,-16731116
2,1,3,80,"null","null","null",47,49.800003,0.323879,-3.6204505,2.551962,-1.2118179,-16731116
3,2,4,69,"null","null","null",39,46.600002,0.5592972,-3.4181561,1.6207758,-2.6721106,-16731116
4,3,5,38,"null","null","null",33,45.100002,0.7517865,-2.7517576,0.5171561,-3.4975257,-16777216
5,4,6,37,"null","null","null",17,35.7,2.2960706,-2.010233,0.50423574,-3.4866846,-16777216
6,5,7,34,"null","null","null",16,29.4,3.3252718,-0.7274771,0.6527473,-2.875268,-16777216
7,6,8,27,"null","null","null",14,24.0,3.5286398,-0.44105357,1.864394,-2.2438169,-16777216
8,7,9,18,"null","null","null",10,24.0,3.0229478,-0.6278824,3.0686321,-1.1166872,-16777216
9,8,10,17,"null","null","null",5,21.699999,2.3134432,-1.5287621,3.4890285,-0.37198886,-16777216
10,9,11,14,"null","null","null",4,19.8,1.5501437,-2.914004,3.1200058,-0.59051657,-16777216
11,10,12,13,"null","null","null",2,13.5,0.41360605,-3.599752,2.3745227,-0.66423047,-16777216
14,10,15,16,"null","null","null",2,16.1,3.328414,-0.2891279,2.5944955,-1.4052861,-16777216
18,8,19,26,"null","null","null",5,11.0,3.2514234,-1.0892096,0.33095512,-2.9070122,-16777216
19,18,20,25,"null","null","null",4,10.7,3.5280132,-0.41856855,1.865283,-2.238164,-16777216
20,19,21,24,"null","null","null",3,7.0,3.0657144,-0.61675966,3.166736,-1.4052861,-16777216
21,20,22,23,"null","null","null",2,6.1,2.3408225,-0.658092,3.7190428,-0.34807888,-16777216
27,7,28,33,"null","null","null",4,12.8,2.3305597,-2.0763705,0.56240153,-3.4921474,-16777216
28,27,29,32,"null","null","null",3,12.599999,3.4735045,-1.0892096,0.645912,-2.9070122,-16777216
29,28,30,31,"null","null","null",2,12.2,3.816719,-0.41856855,0.7310552,-2.238164,-16777216
34,6,35,36,"null","null","null",2,16.5,0.37080014,-2.5711904,0.88575864,-3.3442519,-16777216
38,4,39,56,"null","null","null",16,44.2,0.8210871,-3.6230264,2.6047692,-1.0796554,-16777216
39,38,40,53,"null","null","null",9,42.0,0.541973,-3.492911,1.9094243,-2.5790353,-16777216
40,39,41,48,"null","null","null",7,30.1,0.6619247,-2.8537707,0.52233005,-3.4827113,-16777216
41,40,42,45,"null","null","null",4,28.800001,1.9702971,-2.216561,0.48397225,-3.5523214,-16777216
42,41,43,44,"null","null","null",2,23.7,3.0051632,-1.0892096,0.645912,-2.9852386,-16777216
45,41,46,47,"null","null","null",2,26.2,0.48358673,-3.756461,1.9384048,-1.6186329,-16777216
48,40,49,52,"null","null","null",3,21.1,0.8449216,-3.7671342,2.4522963,-0.3955609,-16777216
49,48,50,51,"null","null","null",2,18.1,0.5235953,-3.756461,1.9384048,-1.6186329,-16777216
53,39,54,55,"null","null","null",2,21.5,1.691736,-2.1267915,3.5885625,-0.3596006,-16777216
56,38,57,68,"null","null","null",7,35.9,2.3408232,-1.4981337,3.4931822,-0.76705444,-16777216
57,56,58,63,"null","null","null",6,22.9,1.529718,-2.9612546,3.1863832,-0.57549983,-16777216
58,57,59,62,"null","null","null",3,20.1,0.5272925,-3.7671337,2.452298,-0.665,-16777216
59,58,60,61,"null","null","null",2,14.3,0.523595,-3.7564616,1.938406,-1.6186303,-16777216
63,57,64,67,"null","null","null",3,15.0,3.098111,-0.27500108,3.0448797,-1.5045905,-16777216
64,63,65,66,"null","null","null",2,8.2,2.3612099,-0.66192484,3.6646838,-0.3238793,-16777216
69,3,70,79,"null","null","null",6,45.1,1.6001993,-2.803284,3.120006,-0.3173849,-16731116
70,69,71,78,"null","null","null",5,41.0,0.41361105,-3.4558191,2.3745227,-0.9977241,-16731116
71,70,72,75,"null","null","null",4,17.800001,0.54197276,-3.2755432,1.9094259,-2.4725258,-16731116
72,71,73,74,"null","null","null",2,17.6,0.66192466,-2.5711925,0.75470227,-3.3442504,-16731116
75,71,76,77,"null","null","null",2,17.6,1.6917374,-2.126789,3.5885634,-0.35960123,-16777216
80,2,81,94,"null","null","null",8,41.4,2.313444,-1.4749753,3.489027,-0.7370704,-16777216
81,80,82,93,"null","null","null",7,37.2,1.6002,-2.8440843,3.1200063,-0.5905161,-16777216
82,81,83,92,"null","null","null",6,34.0,0.41361105,-3.5088606,2.3745227,-1.198791,-16777216
83,82,84,89,"null","null","null",5,33.8,0.54197276,-3.3444967,1.9094259,-2.733913,-16777216
84,83,85,88,"null","null","null",3,17.5,0.66192466,-2.660832,0.75470227,-3.684054,-16777216
85,84,86,87,"null","null","null",2,9.9,1.2662256,-2.0763717,0.4839719,-3.8140678,-16777216
89,83,90,91,"null","null","null",2,3.6,1.6917374,-2.126789,3.5885634,-0.35960123,-16777216
95,1,96,99,"null","null","null",3,24.7,3.0229492,-0.30319944,3.2790737,-1.3026892,-16777216
96,95,97,98,"null","null","null",2,11.4,2.3134441,-0.6527477,3.7626061,-0.3719881,-16777216
100,0,101,108,"null","null","null",5,59.300003,3.52864,-0.6366844,2.0262702,-2.1905634,-16777216
101,100,102,105,"null","null","null",4,41.7,3.0229492,-0.6278822,3.2790737,-1.1514597,-16777216
102,101,103,104,"null","null","null",2,8.8,2.3134441,-0.6527477,3.7626061,-0.3719881,-16777216
105,101,106,107,"null","null","null",2,39.4,3.0051577,-1.0892141,0.33095467,-2.9852443,-16777216
