index,parent,child1,child2,name1,name2,common,richness,lengthbr,hxmax,hxmin,hymax,hymin
0,-268285942,1,179,"null","null","null",292,16.3,2.4650147,-268285942.6649046,3.514793,-0.39551717
1,0,2,132,"null","null","null",214,16.3,1.3321686,-3.0002637,3.0981092,-0.6042883
2,1,3,131,"null","null","null",190,16.3,0.32388073,-3.6066768,2.361209,-1.2275882
3,2,4,130,"null","null","null",189,16.3,0.5592984,-3.4002454,1.7788378,-2.6926062
4,3,-268386304,5,"null","null","null",188,16.3,0.8246769,-2.7284737,0.5171489,-3.5241625
5,4,6,121,"null","null","null",63,16.3,0.82108533,-3.5706444,2.6047645,-1.075158
6,5,7,116,"null","null","null",58,16.3,0.5419743,-3.4248092,1.7061975,-2.5731833
7,6,8,87,"null","null","null",55,16.3,0.6619249,-2.7652378,0.6137085,-3.475096
8,7,9,80,"null","null","null",40,16.3,2.218443,-2.0607467,0.48397338,-3.5424166
9,8,10,77,"","some","Rice Rats and more",36,7.6,3.3277473,-0.8706895,0.6459124,-2.9723606
10,9,11,70,"null","null","null",34,7.6,3.6272292,-0.4185698,1.8495915,-2.3231192
11,10,12,57,"null","null","null",30,7.6,3.1946921,-0.6167603,3.1463318,-1.3110067
12,11,13,42,"null","null","null",23,7.6,2.5084949,-1.3385786,3.6925116,-0.34808022
13,12,14,37,"null","null","null",15,7.6,1.5297087,-2.7538254,3.445506,-0.5755012
14,13,15,30,"null","null","null",12,7.6,0.47730488,-3.4974654,2.7891583,-0.95190215
15,14,16,25,"null","null","null",8,7.6,0.5235968,-3.4058852,1.7993804,-2.4870472
16,15,17,22,"null","null","null",5,7.6,0.6580924,-2.7521253,0.5830978,-3.4687886
17,16,18,21,"null","null","null",3,7.6,1.7924259,-2.1365538,0.46288577,-3.6229587
18,17,19,20,"null","null","null",2,7.6,2.8755686,-1.1971772,0.63761365,-3.1081505
22,16,23,24,"null","null","null",2,7.6,0.86650527,-3.4392254,2.4198835,-0.38339564
25,15,26,29,"null","null","null",3,7.6,1.7788353,-2.6272726,3.1628685,-0.40147904
26,25,27,28,"null","null","null",2,7.6,0.641129,-3.4392254,2.4198835,-0.6642305
30,14,31,34,"null","null","null",4,7.6,2.673549,-0.6648546,3.8027482,-0.7950944
31,30,32,33,"null","null","null",2,7.6,1.7788353,-1.9610502,3.6551359,-0.5592989
34,30,35,36,"null","null","null",2,7.6,3.76261,-0.7370672,0.4390186,-2.3134408
37,13,38,41,"null","null","null",3,7.6,3.0981078,-0.27500102,3.0448914,-1.5045819
38,37,39,40,"null","null","null",2,7.6,2.3612075,-0.66192454,3.6646893,-0.32388148
42,12,43,54,"null","null","null",8,7.6,3.514793,-0.705259,1.6061829,-2.5264778
43,42,44,53,"null","null","null",6,7.6,3.0981078,-0.6042887,2.9239225,-1.5045819
44,43,45,52,"null","null","null",5,7.6,2.3612075,-1.3502572,3.5074303,-0.32388148
45,44,46,51,"null","null","null",4,7.6,1.7788353,-2.8520734,3.2712228,-0.5592989
46,45,47,50,"null","null","null",3,3.8,0.641129,-3.7314665,2.5607443,-0.6642305
47,46,48,49,"null","null","null",2,3.8,0.5042378,-3.7907991,2.010226,-1.4433506
54,42,55,56,"null","null","null",2,7.6,0.9093931,-2.1905591,0.63668096,-3.827052
57,11,58,65,"null","null","null",7,7.6,3.3591185,-1.0032619,0.31716168,-3.1602058
58,57,59,62,"null","null","null",4,7.6,3.7661476,-0.3955179,1.2371341,-2.5264778
59,58,60,61,"null","null","null",2,7.6,3.4248688,-0.6042887,2.444159,-1.5045819
62,58,63,64,"null","null","null",2,7.6,0.9093931,-2.1905591,0.63668096,-3.827052
65,57,66,69,"null","null","null",3,7.6,0.34452954,-2.8342981,0.9791734,-3.5548244
66,65,67,68,"null","null","null",2,7.6,0.9093931,-2.1905591,0.4410549,-3.827052
70,10,71,76,"null","null","null",4,7.6,2.1815815,-2.1365566,0.6001816,-3.5166674
71,70,72,75,"null","null","null",3,7.6,3.381475,-1.1971815,0.6376133,-2.9699733
72,71,73,74,"null","null","null",2,2.4,3.795211,-0.3955179,0.64591163,-2.2791758
77,9,78,79,"null","null","null",2,7.6,0.35782874,-2.7162147,0.90259826,-3.23998
80,8,81,86,"Euneomys","null","null",4,6.2,0.48358452,-3.405888,1.9384005,-2.6072845
81,80,82,85,"","null","Chinchilla Mice",3,6.2,0.65809226,-2.752129,0.8675231,-3.6250997
82,81,83,84,"null","null","null",2,6.2,1.0880196,-2.1365566,0.4628849,-3.8261666
87,7,88,107,"Oecomys","some","Rice Rats and more",15,4.3999996,0.8449204,-3.5679388,2.657907,-0.90351766
88,87,89,102,"null","null","null",10,4.3999996,0.52359635,-3.4975023,1.7993828,-2.424149
89,88,90,97,"null","null","null",7,4.4,0.65809226,-2.8712277,0.6457069,-3.3870234
90,89,91,96,"null","null","null",4,4.4,2.1815815,-2.1365566,0.4628849,-3.5166674
91,90,92,95,"null","null","null",3,4.4,3.381475,-1.1971815,0.6376133,-2.9699733
92,91,93,94,"null","null","null",2,4.4,3.795211,-0.3955179,0.64591163,-2.2791758
97,89,98,101,"null","null","null",3,4.4,0.8665061,-3.731466,2.560747,-0.38339514
98,97,99,100,"null","null","null",2,2.3,0.50423723,-3.7908006,2.010228,-1.4433446
102,88,103,106,"null","null","null",3,4.3999996,1.7788361,-2.627271,3.1628695,-0.40148008
103,102,104,105,"null","null","null",2,2.3,0.64112955,-3.4392245,2.419885,-0.6642305
107,87,108,115,"null","null","null",5,4.4,2.3612084,-1.3502553,3.5074306,-0.7950951
108,107,109,114,"null","null","null",4,4.4,1.7788361,-2.852072,3.2712235,-0.55929875
109,108,110,113,"null","null","null",3,4.4,0.64112955,-3.731466,2.5607452,-0.6642305
110,109,111,112,"null","null","null",2,4.4,0.50423753,-3.7907994,2.0102267,-1.4433489
116,6,117,120,"null","null","null",3,16.3,1.691729,-2.774622,3.131315,-0.35959762
117,116,118,119,"Zygodontomys","null","Cane Mice",2,3.1,0.52728236,-3.524502,2.38071,-0.665
121,5,122,129,"null","null","null",5,3.6000001,2.3408213,-1.4981455,3.4931798,-0.76705235
122,121,123,128,"","some","Marsh Rats",4,0.2,1.691729,-2.9612634,3.1863751,-0.5755011
123,122,124,127,"null","null","null",3,0.2,0.52728236,-3.7671359,2.4522882,-0.665
124,123,125,126,"null","null","null",2,0.2,0.5235966,-3.7564578,1.9383993,-1.6186452
132,1,133,166,"null","null","null",24,16.3,3.0229454,-0.30320042,3.2191267,-1.1618787
133,132,134,165,"null","null","null",17,16.3,2.3134418,-1.5047851,3.6846669,-0.37198997
134,133,135,158,"Oligoryzomys","null","Pygmy Rice Rats and more",16,5.0,1.4333838,-2.88283,3.3743334,-0.5905173
135,134,136,155,"null","null","null",12,5.0,0.29948944,-3.5592208,2.7051492,-1.0522765
136,135,137,148,"null","null","null",10,5.0,0.5419743,-3.4099588,1.7061975,-2.5434372
137,136,138,145,"null","null","null",6,5.0,0.7291248,-2.745932,0.49050963,-3.4364262
138,137,139,144,"null","null","null",4,5.0,2.3305678,-2.076367,0.48397338,-3.4921455
139,138,140,143,"null","null","null",3,5.0,3.4735096,-1.0892038,0.6459124,-2.9070082
140,139,141,142,"null","null","null",2,5.0,3.8167202,-0.4185698,0.73106515,-2.238161
145,137,146,147,"null","null","null",2,5.0,0.8449204,-3.5245008,2.3807096,-0.39556158
148,136,149,152,"null","null","null",4,5.0,1.6749367,-2.774622,3.131315,-0.35959762
149,148,150,151,"null","null","null",2,5.0,0.52728236,-3.524502,2.38071,-0.665
152,148,153,154,"null","null","null",2,5.0,3.4248686,-0.27500087,2.4441597,-1.5045813
155,135,156,157,"null","null","null",2,5.0,2.3408213,-0.42902362,3.719045,-0.76705235
158,134,159,164,"null","null","null",4,5.0,3.0657125,-0.28912854,3.2309756,-1.4052815
159,158,160,163,"null","null","null",3,5.0,2.3408213,-0.8562542,3.8025498,-0.34807998
160,159,161,162,"null","null","null",2,2.3,1.691729,-2.1268048,3.5885563,-0.5755011
166,132,167,178,"null","null","null",7,16.3,3.251427,-1.0892045,0.33095574,-3.0087013
167,166,168,173,"null","null","null",6,16.3,3.5280137,-0.41856956,1.8652903,-2.3703616
168,167,169,172,"null","null","null",3,16.3,3.0657125,-0.6167602,3.1667411,-1.4052815
169,168,170,171,"null","null","null",2,3.1,2.3408213,-0.6580918,3.719045,-0.34807998
173,167,174,177,"null","null","null",3,16.3,1.7924193,-2.1365561,0.60018194,-3.6229608
174,173,175,176,"Reithrodon","null","null",2,3.1,2.8755636,-1.1971806,0.63761336,-3.1081548
179,0,180,319,"null","null","null",78,16.3,3.688756,-0.63668215,1.864401,-2.243813
180,179,181,264,"null","null","null",70,16.3,3.2310967,-0.62788296,3.0686367,-1.1457276
181,180,182,261,"null","null","null",42,16.3,2.5840383,-1.5047851,3.4890296,-0.37198997
182,181,183,232,"null","null","null",40,16.3,1.5289009,-2.88283,3.1200051,-0.5905173
183,182,184,231,"null","null","null",25,16.3,0.4136008,-3.5592208,2.3745222,-1.0522765
184,183,185,224,"","null","Leaf-eared Mice and more",24,10.5,0.5419743,-3.4099588,1.7306687,-2.5434372
185,184,186,221,"null","null","null",20,9.5,0.6729623,-2.745932,0.49050963,-3.4364262
186,185,187,214,"null","null","null",18,9.3,2.2575567,-2.0484684,0.48397338,-3.4921455
187,186,188,207,"null","null","null",14,8.6,3.378595,-0.8866515,0.6459124,-2.9070082
188,187,189,206,"null","null","null",10,8.6,3.6933315,-0.4185698,1.7065823,-2.238161
189,188,190,205,"null","null","null",9,8.6,3.2806253,-0.6167603,2.9604197,-1.4052806
190,189,191,198,"null","null","null",8,8.6,2.620208,-1.3545772,3.4508257,-0.34808022
191,190,192,195,"null","null","null",4,8.6,1.6749359,-2.7746239,3.1313145,-0.5755012
192,191,193,194,"null","null","null",2,8.6,0.5272817,-3.5245032,2.3807092,-0.665
195,191,196,197,"null","null","null",2,8.6,3.4248688,-0.27500102,2.444159,-1.5045819
198,190,199,202,"null","null","null",4,8.6,3.7661476,-0.705259,1.2371341,-2.5264778
199,198,200,201,"null","null","null",2,8.6,3.4248688,-0.6042887,2.444159,-1.5045819
202,198,203,204,"null","null","null",2,2.2,0.9093931,-2.1905591,0.63668096,-3.827052
207,187,208,213,"null","null","null",4,8.6,0.35782874,-2.752129,0.90259826,-3.4687877
208,207,209,212,"null","null","null",3,8.6,1.7924187,-2.1365566,0.4628849,-3.622961
209,208,210,211,"null","null","null",2,8.6,2.8755634,-1.1971815,0.6376133,-3.1081553
214,186,215,218,"null","null","null",4,8.6,0.48358452,-3.3782616,2.0181682,-2.3110387
215,214,216,217,"null","null","null",2,8.6,0.65809226,-2.7162147,0.8675231,-3.23998
218,214,219,220,"null","null","null",2,8.6,1.7788361,-1.9610482,3.6551366,-0.40148008
221,185,222,223,"Andalgalomys","null","null",2,2.4,0.8449204,-3.5245008,2.3807096,-0.39556158
224,184,225,230,"Graomys","null","null",4,5.4,1.691729,-2.9612634,3.1863751,-0.35959762
225,224,226,229,"null","null","null",3,5.4,0.52728236,-3.7671359,2.4522882,-0.665
226,225,227,228,"null","null","null",2,2.5,0.5235966,-3.7564578,1.9383993,-1.6186452
232,182,233,258,"null","null","null",15,16.3,3.2806258,-0.28912854,3.1184022,-1.2878737
233,232,234,253,"null","null","null",13,16.3,2.6202087,-1.3385772,3.6562042,-0.34807998
234,233,235,248,"null","null","null",10,16.3,1.5297099,-2.7538245,3.398307,-0.5755011
235,234,236,245,"null","null","null",7,11.0,0.33848763,-3.4974651,2.7277994,-1.0443938
236,235,237,242,"null","null","null",5,10.3,0.5235966,-3.4058857,2.0181665,-2.6072872
237,236,238,241,"Bibimys","null","Crimson-nosed Rats",3,0.2,0.6580924,-2.7521262,0.8675197,-3.6251016
238,237,239,240,"null","null","null",2,0.2,1.0880251,-2.1365547,0.46288556,-3.8261662
242,236,243,244,"Kunsia","some","Giant Rats",2,3.6,1.7788349,-1.9610509,3.6551359,-0.40147948
245,235,246,247,"Scapteromys","null","Swamp Rats",2,3.2,2.3612084,-0.41842112,3.6646895,-0.7950947
248,234,249,252,"Chelemys","null","Long-clawed Mice",3,4.9,3.0981085,-0.27500087,3.0448916,-1.5045813
249,248,250,251,"null","null","null",2,2.9,2.3612084,-0.66192454,3.6646895,-0.3238816
253,233,254,257,"Nesoryzomys","null","Galapagos Mice",3,1.9,3.7661476,-0.7052593,1.2371349,-2.2791758
254,253,255,256,"null","null","null",2,1.9,3.4248686,-0.6042887,2.4441597,-1.5045813
258,232,259,260,"Sigmodontomys","null","Rice Water Rats",2,3.1,2.8755636,-1.1971806,0.31716153,-3.1081548
261,181,262,263,"Scolomys","some","Spiny Mice",2,5.7,3.81672,-0.67175364,0.73106325,-2.2381618
264,180,265,296,"null","null","null",28,16.3,3.384474,-0.94437885,0.33095574,-2.9723616
265,264,266,285,"Rhipidomys","some","Climbing Mice",16,8.1,3.700975,-0.41856956,1.7316424,-2.32312
266,265,267,284,"null","null","null",10,8.1,3.2905622,-0.6167602,2.9929988,-1.4052815
267,266,268,281,"null","null","null",9,8.1,2.6331258,-1.326002,3.4931798,-0.34807998
268,267,269,276,"null","null","null",7,8.1,1.5297099,-2.7374768,3.1863751,-0.5755011
269,268,270,275,"null","null","null",4,8.1,0.52728236,-3.4762132,2.4522882,-0.8165132
270,269,271,274,"null","null","null",3,4.1,0.5235966,-3.3782582,1.9383993,-2.3110423
271,270,272,273,"null","null","null",2,4.1,0.6580924,-2.7162104,0.8675197,-3.239983
276,268,277,280,"null","null","null",3,8.1,3.0981085,-0.27500087,3.0448916,-1.5045813
277,276,278,279,"null","null","null",2,8.1,2.3612084,-0.66192454,3.6646895,-0.3238816
281,267,282,283,"null","null","null",2,8.1,3.7952113,-0.7052593,0.55373704,-2.2791758
285,265,286,293,"null","null","null",6,8.1,2.1643848,-2.305407,0.60018194,-3.5166674
286,285,287,292,"null","null","null",4,8.1,3.359119,-1.1971806,0.63761336,-2.969973
287,286,288,291,"null","null","null",3,8.1,3.7661476,-0.395518,1.2371349,-2.2791758
288,287,289,290,"null","null","null",2,2.6,3.4248686,-0.6042887,2.4441597,-1.5045813
293,285,294,295,"null","null","null",2,8.1,0.52348197,-3.7907996,2.0102274,-1.443347
296,264,297,316,"null","null","null",12,16.3,0.44187987,-2.8820138,0.9025985,-3.387024
297,296,298,313,"null","null","null",10,16.3,2.0156546,-2.305407,0.46288502,-3.5166674
298,297,299,308,"null","null","null",8,16.3,3.165769,-1.003261,0.63761336,-2.969973
299,298,300,307,"Nectomys","null","null",5,7.2,3.5147934,-0.395518,1.7809281,-2.2791758
300,299,301,306,"null","null","null",4,7.2,3.0981085,-0.6042887,3.1510909,-1.5045813
301,300,302,305,"null","null","null",3,4.6,2.3612084,-0.6648554,3.8027484,-0.3238816
302,301,303,304,"null","null","null",2,4.6,1.7788349,-1.9610509,3.6551359,-0.559299
308,298,309,312,"Delomys","null","null",3,5.7,0.34452963,-2.8342967,0.97917116,-3.5548258
309,308,310,311,"null","null","null",2,3.1,0.90939677,-2.190558,0.44105536,-3.827052
313,297,314,315,"null","null","null",2,16.3,0.52348197,-3.7907996,2.0102274,-1.443347
316,296,317,318,"Thalpomys","null","null",2,3.1,0.866506,-3.4392238,2.4198866,-0.3833952
319,179,320,329,"","null","Bolo Mice",8,3.8,2.279305,-2.0484686,0.56239974,-3.492146
320,319,321,326,"null","null","null",5,3.8,3.406869,-0.87069,0.64591235,-2.9070091
321,320,322,325,"null","null","null",3,3.8,3.7300882,-0.41856956,1.4251064,-2.2381618
322,321,323,324,"null","null","null",2,2.3,3.3284092,-0.6167602,2.5945022,-1.4052815
326,320,327,328,"null","null","null",2,2.3,0.3578286,-2.7162137,0.9025985,-3.2399807
329,319,330,333,"null","null","null",3,3.8,0.48358494,-3.3782606,1.9384013,-2.3110383
330,329,331,332,"null","null","null",2,3.8,0.65809226,-2.7162137,0.86752254,-3.2399807
