index,parent,child1,child2,name1,name2,common,richness,lengthbr,hxmax,hxmin,hymax,hymin,color
0,-268081104,1,40,"null","null","null",30,44.17607,0.6619249,-2.7339165,0.49050963,-3.4364262,-16777216
1,0,2,25,"null","null","null",20,44.17607,2.1597354,-2.105152,0.48397338,-3.4921455,-16777216
2,1,3,22,"null","null","null",12,44.17607,3.2514277,-0.8706895,0.6459124,-2.9070082,-16777216
3,2,4,21,"null","null","null",10,44.17607,3.5280137,-0.4185698,1.7065823,-2.238161,-16777216
4,3,5,14,"null","null","null",9,44.17607,3.065712,-0.6167603,2.9604197,-1.2264589,-16777216
5,4,6,13,"null","null","null",5,44.17607,2.3408208,-1.3545772,3.4508257,-0.34808022,-16777216
6,5,7,10,"null","null","null",4,44.17607,1.6749359,-2.7746239,3.1313145,-0.5755012,-16777216
7,6,8,9,"null","null","null",2,44.17607,0.5272817,-3.5245032,2.3807092,-0.665,-16777216
10,6,11,12,"null","null","null",2,44.17607,3.4248688,-0.27500102,2.444159,-1.5045819,-16777216
14,4,15,20,"null","null","null",4,44.17607,3.3591185,-1.1971815,0.31716168,-2.9699733,-16777216
15,14,16,19,"null","null","null",3,44.17607,3.7661476,-0.3955179,1.2371341,-2.2791758,-16777216
16,15,17,18,"null","null","null",2,44.17607,3.4248688,-0.6042887,2.444159,-1.5045819,-16777216
22,2,23,24,"null","null","null",2,44.17607,0.35782874,-2.7162147,0.90259826,-3.23998,-16777216
25,1,26,35,"null","null","null",8,44.17607,0.48358452,-3.5057998,1.7993828,-2.4870446,-16777216
26,25,27,34,"null","null","null",5,44.17607,0.65809226,-2.8820148,0.8675231,-3.4687877,-16777216
27,26,28,31,"null","null","null",4,44.17607,1.7924187,-2.305408,0.4628849,-3.622961,-16777216
28,27,29,30,"null","null","null",2,44.17607,2.8755634,-1.1971815,0.6376133,-3.1081553,-16777216
31,27,32,33,"null","null","null",2,44.17607,0.5234822,-3.7908006,2.010228,-1.4433446,-16777216
35,25,36,39,"null","null","null",3,44.17607,1.7788361,-2.627271,3.1628695,-0.40148008,-16777216
36,35,37,38,"null","null","null",2,44.17607,0.64112955,-3.4392245,2.419885,-0.6642305,-16777216
40,0,41,58,"null","null","null",10,44.17607,0.8449204,-3.497466,2.3807096,-0.95189875,-16777216
41,40,42,51,"null","null","null",9,44.17607,0.52359635,-3.405888,1.7993828,-2.4870446,-16777216
42,41,43,48,"null","null","null",5,44.17607,0.65809226,-2.752129,0.5831027,-3.4687877,-16777216
43,42,44,47,"null","null","null",3,44.17607,1.7924187,-2.1365566,0.4628849,-3.622961,-16777216
44,43,45,46,"null","null","null",2,44.17607,2.8755634,-1.1971815,0.6376133,-3.1081553,-16777216
48,42,49,50,"null","null","null",2,44.17607,0.8665061,-3.439223,2.4198875,-0.38339514,-16777216
51,41,52,55,"null","null","null",4,44.17607,1.794854,-2.627271,3.1628695,-0.40148008,-16777216
52,51,53,54,"null","null","null",2,44.17607,0.64112955,-3.4392245,2.419885,-0.6642305,-16777216
55,51,56,57,"null","null","null",2,44.17607,3.5116987,-0.31738102,2.2880547,-1.6001899,-16777216
