index,parent,child1,child2,name1,name2,common,richness,lengthbr,hxmax,hxmin,hymax,hymin,color
0,-268163061,1,82,"null","null","null",68,25.9,2.45489,-1.6552887,3.6605623,-0.3955168,-16731116
1,0,2,81,"null","null","null",41,25.9,1.5045863,-2.9877641,3.2876103,-0.6042881,-16731116
2,1,3,46,"null","null","null",40,14.7,0.32388037,-3.590429,2.6075597,-1.2503595,-16731116
3,2,4,39,"null","null","null",22,14.5,0.55929816,-3.3791242,1.6207708,-2.7222104,-16731116
4,3,5,28,"Kerivoula","null","Woolly Bats and more",18,7.8,0.7517928,-2.701016,0.41482127,-3.5626497,-16731116
5,4,6,27,"null","null","null",12,7.8,2.296076,-2.0102303,0.5042366,-3.5713425,-16731116
6,5,7,18,"null","null","null",11,7.8,3.3252745,-0.815241,0.6527476,-2.9853225,-16731116
7,6,8,15,"null","null","null",6,7.8,3.5286393,-0.44105446,2.0426865,-2.3868895,-16731116
8,7,9,14,"null","null","null",4,7.7999997,3.0229454,-0.6278829,3.3004084,-1.3026817,-16731116
9,8,10,13,"null","null","null",3,7.7999997,2.3134413,-1.0472622,3.7903337,-0.37198985,-16731116
10,9,11,12,"null","null","null",2,2.6,1.6001925,-2.2880507,3.5117006,-0.59051716,-16731116
15,7,16,17,"null","null","null",2,7.8,1.2662327,-2.076369,0.5624,-3.8140671,-16731116
18,6,19,26,"null","null","null",5,7.8,0.45199513,-2.7686665,0.8857578,-3.4827113,-16731116
19,18,20,23,"null","null","null",4,7.8,1.9703012,-2.216559,0.48397276,-3.5523193,-16731116
20,19,21,22,"null","null","null",2,7.8,3.005166,-1.0892072,0.64591223,-2.9852352,-12486656
23,19,24,25,"null","null","null",2,7.8,0.48358572,-3.7564604,1.9384029,-1.6186361,-16731116
28,4,29,38,"null","null","null",6,7.8,0.82108617,-3.5088615,2.3745224,-1.0796604,-16731116
29,28,30,37,"null","null","null",5,7.8,0.54197377,-3.3444939,1.861171,-2.5790386,-16731116
30,29,31,36,"null","null","null",4,7.8,0.66192484,-2.660828,0.7546976,-3.4827113,-16731116
31,30,32,35,"null","null","null",3,7.8,1.9703012,-2.076369,0.48397276,-3.5523193,-16731116
32,31,33,34,"null","null","null",2,7.8,3.005166,-1.0892072,0.64591223,-2.9852352,-16731116
39,3,40,43,"Phoniscus","null","null",4,7.5,1.5501398,-2.9140084,3.1200051,-0.3173825,-16731116
40,39,41,42,"null","null","null",2,7.5,0.4136026,-3.599754,2.3745222,-0.66423035,-12486656
43,39,44,45,"null","null","null",2,7.5,3.3284109,-0.2891283,2.5944998,-1.405283,-16731116
46,2,47,78,"null","null","null",18,10.9,2.5840387,-1.474984,3.6141288,-0.73706865,-16731116
47,46,48,77,"Murina","some","Tube-nosed Bats",16,10.8,1.6001931,-2.84409,3.282635,-0.59051704,-16731116
48,47,49,68,"null","null","null",15,10.7,0.39173508,-3.5088603,2.5859408,-1.0522747,-16731116
49,48,50,63,"null","null","null",10,7.7,0.541974,-3.3444915,1.7061986,-2.543436,-16731116
50,49,51,62,"null","null","null",7,7.7,0.66192484,-2.660825,0.7546941,-3.4364262,-16731116
51,50,52,61,"null","null","null",6,7.7,2.1597354,-2.076367,0.48397338,-3.4921455,-12486656
52,51,53,60,"null","null","null",5,7.7,3.2514277,-1.0892038,0.6459124,-2.9070082,-12486656
53,52,54,59,"null","null","null",4,7.7,3.5280137,-0.4185698,1.8652921,-2.238161,-11184866
54,53,55,58,"null","null","null",3,3.9,3.065712,-0.6167603,3.1667423,-1.4052806,-16731116
55,54,56,57,"null","null","null",2,2.5,2.3408208,-0.6580918,3.7190452,-0.34808022,-16731116
63,49,64,67,"null","null","null",3,7.7,1.6917303,-2.7746198,3.1313148,-0.35959825,-16731116
64,63,65,66,"null","null","null",2,7.7,0.5272839,-3.5245008,2.3807096,-0.665,-16731116
68,48,69,74,"null","null","null",5,6.1,2.6331265,-1.3545724,3.4508247,-0.76705277,-12486656
69,68,70,73,"null","null","null",3,6.1,1.6917303,-2.7746198,3.1313148,-0.57550085,-16731116
70,69,71,72,"null","null","null",2,6.1,0.5272839,-3.5245008,2.3807096,-0.665,-12486656
74,68,75,76,"null","null","null",2,6.1,3.7952108,-0.70525986,0.5537342,-2.2791765,-12486656
78,46,79,80,"Harpiocephalus","null","null",2,3.2,3.8167195,-0.6717541,0.7310606,-2.2381625,-16731116
82,0,83,114,"null","null","null",27,25.900002,3.6659732,-0.6366827,1.9801602,-2.2438145,-16731116
83,82,84,113,"null","null","null",16,25.900002,3.2014802,-0.6278828,3.2191253,-1.3026825,-16731116
84,83,85,106,"null","null","null",15,25.900002,2.5455363,-1.5127412,3.6846666,-0.3719896,-16731116
85,84,86,105,"Glauconycteris","null","null",11,6.7,1.6001931,-2.8931744,3.374334,-0.59051704,-16731116
86,85,87,102,"null","null","null",10,6.7,0.29948908,-3.57267,2.7051497,-1.0796628,-16731116
87,86,88,99,"null","null","null",8,6.7,0.541974,-3.427444,1.9094174,-2.5790405,-16731116
88,87,89,96,"null","null","null",6,6.7,0.66192484,-2.768663,0.49050963,-3.482712,-16731116
89,88,90,93,"null","null","null",4,6.7,1.9703064,-2.216556,0.48397338,-3.5523171,-16731116
90,89,91,92,"null","null","null",2,3.9,3.0051699,-1.0892038,0.6459124,-2.9852314,-16731116
93,89,94,95,"null","null","null",2,6.7,0.48358452,-3.7564592,1.9384005,-1.6186413,-11513776
96,88,97,98,"null","null","null",2,3.9,0.8449204,-3.5245008,2.3807096,-0.39556158,-16731116
99,87,100,101,"null","null","null",2,6.7,1.6917303,-2.1268024,3.5885572,-0.35959825,-16731116
102,86,103,104,"null","null","null",2,6.7,2.3408217,-0.42902347,3.7190442,-0.76705277,-16731116
106,84,107,110,"Laephotis","null","null",4,10.3,3.7300887,-0.6717541,1.4251035,-2.4606762,-16731116
107,106,108,109,"null","null","null",2,10.3,3.3284109,-0.61676,2.5944998,-1.405283,-16731116
110,106,111,112,"null","null","null",2,10.3,1.0880178,-2.136557,0.60018253,-3.8261664,-16731116
114,82,115,132,"null","null","null",11,25.900002,2.2620761,-2.216558,0.56240034,-3.4921465,-16731116
115,114,116,127,"Vespadelus","null","null",9,10.4,3.3844728,-0.8866538,0.64591223,-2.90701,-16731116
116,115,117,126,"null","null","null",6,10.4,3.700975,-0.41856924,1.9146993,-2.2381625,-16731116
117,116,118,125,"null","null","null",5,10.4,3.290563,-0.61676,3.2309744,-1.405283,-16731116
118,117,119,122,"null","null","null",4,8.7,2.6331265,-0.8562515,3.8025498,-0.34807962,-16731116
119,118,120,121,"null","null","null",2,8.7,1.6917303,-2.1268024,3.5885572,-0.57550085,-16731116
122,118,123,124,"null","null","null",2,8.7,3.7952108,-0.70525986,0.5537342,-2.2791765,-16731116
127,115,128,131,"null","null","null",3,10.4,0.3578284,-2.7521296,0.90259874,-3.6250987,-16731116
128,127,129,130,"null","null","null",2,10.4,1.0880178,-2.136557,0.46288466,-3.8261664,-16731116
132,114,133,134,"Tylonycteris","null","null",2,5.2,0.48358554,-3.7564592,1.9384025,-1.6186383,-16731116
