index,parent,child1,child2,name1,name2,common,richness,lengthbr,hxmax,hxmin,hymax,hymin,color
0,-268215290,1,26,"null","null","null",25,23.77839,0.40148032,-3.4101982,1.7464912,-2.6814826,-16731116
1,0,2,23,"","null","Hanging-Parrots",13,10.807,0.75179744,-2.7414122,0.41481906,-3.5096998,-16731116
2,1,3,22,"null","null","null",11,7.160334,2.29608,-2.0102282,0.5042372,-3.5025048,-16731116
3,2,4,15,"null","null","null",10,5.563986,3.3252766,-0.76730907,0.65274775,-2.8958325,-16731116
4,3,5,10,"null","null","null",6,4.2589836,3.528639,-0.44105512,2.0262864,-2.270554,-16731116
5,4,6,9,"null","null","null",3,2.2879014,3.0229437,-0.6278832,3.2790852,-1.3026786,-16731116
6,5,7,8,"null","null","null",2,1.5012566,2.3134403,-0.65274704,3.7626104,-0.37199056,-16731116
10,4,11,14,"null","null","null",3,2.6288967,1.9703064,-2.076367,0.5623988,-3.5523171,-16731116
11,10,12,13,"null","null","null",2,2.22924,3.0051699,-1.0892038,0.6459124,-2.9852314,-16731116
15,3,16,21,"null","null","null",4,2.4037223,0.45200062,-2.660825,0.8857573,-3.482712,-16731116
16,15,17,20,"null","null","null",3,1.6678382,1.9703064,-2.076367,0.48397338,-3.5523171,-12486656
17,16,18,19,"null","null","null",2,0.74978524,3.0051699,-1.0892038,0.6459124,-2.9852314,-16731116
23,1,24,25,"null","null","null",2,2.415658,0.82108533,-3.5997553,2.3745222,-0.4072522,-16731116
26,0,27,44,"null","null","null",12,21.894257,1.4333824,-2.8440928,3.4028814,-0.31738126,-16731116
27,26,28,39,"","null","Lovebirds",9,16.46574,0.29948983,-3.5088608,2.7422614,-1.0796664,-16731116
28,27,29,36,"null","null","null",6,6.8210464,0.54197454,-3.3444896,1.9094138,-2.579043,-16731116
29,28,30,35,"null","null","null",4,1.2501041,0.66192496,-2.6608222,0.75469065,-3.482712,-12486656
30,29,31,34,"null","null","null",3,0.73706007,1.9703119,-2.076365,0.483974,-3.5523148,-12486656
31,30,32,33,"null","null","null",2,0.36439356,3.0051737,-1.0892006,0.64591265,-2.9852276,-12486656
36,28,37,38,"null","null","null",2,2.5929215,1.6917278,-2.1268075,3.5885549,-0.35959697,-16731116
39,27,40,43,"null","null","null",3,13.649285,2.340821,-0.8562573,3.8025494,-0.76705194,-16731116
40,39,41,42,"null","null","null",2,10.5156145,1.6917278,-2.1268075,3.5885549,-0.5755013,-16731116
44,26,45,48,"null","null","null",3,13.243001,3.0657122,-0.28912875,3.1667428,-1.40528,-12486656
45,44,46,47,"null","null","null",2,8.853061,2.340821,-0.6580918,3.7190456,-0.34808034,-11184866
