index,parent,child1,child2,name1,name2,common,richness,lengthbr,hxmax,hxmin,hymax,hymin,color
0,-268061587,1,117,"null","null","null",286,59.500004,2.4548945,-1.6552804,3.7069025,-0.39551586,-12486656
1,0,2,102,"null","null","null",201,48.300003,1.3321762,-2.987758,3.347855,-0.60428745,-12486656
2,1,3,97,"null","null","null",193,26.800001,0.323879,-3.590427,2.685877,-1.2118179,-12486656
3,2,4,82,"null","null","null",190,26.7,0.5592972,-3.379125,1.7242631,-2.6721106,-12486656
4,3,5,37,"Bovidae","null","Bovids",138,26.5,0.7517865,-2.7010174,0.5493574,-3.4975257,-12486656
5,4,6,32,"null","null","null",115,21.8,2.2960706,-1.9270728,0.50423574,-3.4866846,-12486656
6,5,7,15,"null","null","null",112,21.8,3.3252718,-0.75777984,0.6527473,-2.875268,-12486656
7,6,-268054528,8,"null","null","null",103,21.8,3.5286398,-0.44105357,1.980156,-2.2438169,-12486656
8,7,9,14,"null","null","null",4,21.8,2.3305597,-2.0763705,0.56240153,-3.4921474,-12486656
9,8,10,13,"Procapra","null","null",3,5.7,3.4735045,-1.0892096,0.645912,-2.9070122,-12486656
10,9,11,12,"null","null","null",2,5.7,3.816719,-0.41856855,0.7310552,-2.238164,-12486656
15,6,16,31,"null","null","null",9,19.699999,0.68968534,-2.6393716,0.88575864,-3.4364238,-16731116
16,15,17,26,"null","null","null",8,19.199999,2.2793,-2.048474,0.48397225,-3.4921474,-16731116
17,16,18,23,"Kobus","null","null",5,15.599999,3.406867,-0.8706966,0.645912,-2.9070122,-16731116
18,17,19,22,"null","null","null",3,15.2,3.7300901,-0.41856855,1.425098,-2.238164,-12486656
19,18,20,21,"null","null","null",2,10.8,3.328414,-0.61675966,2.5944955,-1.4052861,-12486656
23,17,24,25,"null","null","null",2,0.2,0.35782802,-2.7162204,0.9025992,-3.239976,-16731116
26,16,27,30,"Redunca","null","null",3,9.0,0.48358673,-3.3782651,1.9384048,-2.3110309,-16731116
27,26,28,29,"null","null","null",2,6.9,0.658092,-2.7162204,0.8675277,-3.239976,-16731116
32,5,33,36,"null","null","null",3,21.8,0.44286656,-3.2755415,1.8611743,-2.472528,-16731116
33,32,34,35,"null","null","null",2,21.8,0.6619247,-2.5711904,0.7547004,-3.3442519,-16731116
37,4,38,59,"","null","Cows, Bison, Ox and more",23,21.300001,0.8210871,-3.5088603,2.6772223,-1.0522664,-12486656
38,37,39,56,"null","null","null",11,20.8,0.541973,-3.3444955,1.9094243,-2.5434296,-16731116
39,38,40,55,"null","null","null",9,17.0,0.6619247,-2.6608305,0.7547004,-3.4364238,-16731116
40,39,41,54,"null","null","null",8,17.0,2.1597278,-2.0763705,0.48397225,-3.4921474,-16731116
41,40,42,49,"null","null","null",7,17.0,3.2514234,-0.8866574,0.645912,-2.9070122,-16731116
42,41,43,48,"null","null","null",4,17.0,3.5280132,-0.41856855,1.865283,-2.238164,-16731116
43,42,44,47,"null","null","null",3,9.5,3.0657144,-0.61675966,3.166736,-1.4052861,-16731116
44,43,45,46,"null","null","null",2,6.9,2.3408225,-0.658092,3.7190428,-0.34807888,-16731116
49,41,50,53,"null","null","null",3,8.0,0.35782802,-2.7521324,0.9025992,-3.6250968,-16731116
50,49,51,52,"Taurotragus","null","null",2,5.3,1.0880123,-2.1365585,0.462884,-3.8261666,-16777216
56,38,57,58,"null","null","null",2,6.3,1.691736,-2.1267915,3.5885625,-0.3596006,-12486656
59,37,60,73,"null","null","null",12,18.6,2.5084996,-1.3259921,3.6562014,-0.76705444,-11184866
60,59,61,70,"null","null","null",7,5.6,1.6749479,-2.7374706,3.3983083,-0.57549983,-11184866
61,60,62,67,"null","null","null",5,5.5,0.33849406,-3.4762144,2.7278008,-0.8164975,-11184866
62,61,63,66,"null","null","null",3,3.9,0.523595,-3.3782663,1.938406,-2.311028,-12486656
63,62,64,65,"Bison","null","null",2,3.7,0.658092,-2.7162223,0.8675292,-3.239974,-12486656
67,61,68,69,"null","null","null",2,3.2,2.3612094,-0.4184202,3.6646843,-0.795097,-3014646
70,60,71,72,"null","null","null",2,4.9,3.4248781,-0.27500108,2.4441447,-1.5045905,-8572416
73,59,74,81,"null","null","null",5,12.0,3.514792,-0.70526195,1.6992209,-2.2791789,-11184866
74,73,75,78,"Bubalus","null","null",4,3.2,3.098111,-0.6042876,3.0448797,-1.4209569,-8572416
75,74,76,77,"null","null","null",2,3.2,2.3612099,-0.66192484,3.6646838,-0.3238793,-8572416
78,74,79,80,"null","null","null",2,3.2,2.7384815,-1.3026879,0.30319962,-3.2227082,-3014646
82,3,83,84,"null","null","null",52,26.5,1.5333256,-2.931904,3.3528523,-0.3173849,-12486656
83,82,-268052480,-268051456,"Cervidae","null","Deer, Moose and more",45,17.7,0.3363502,-3.6230254,2.6772227,-1.1121936,-12486656
84,82,85,96,"Moschidae","null","Musk Deer",7,10.9,3.290567,-0.2891274,2.9929938,-1.4052902,-11184866
85,84,86,93,"null","null","null",6,6.7,2.6331298,-1.4981315,3.4931822,-0.3480779,-8572416
86,85,87,92,"null","null","null",4,1.4000001,1.6917381,-2.9612532,3.1863844,-0.5754996,-8572416
87,86,88,91,"null","null","null",3,1.2,0.52729416,-3.7671332,2.4522996,-0.665,-8572416
88,87,89,90,"null","null","null",2,1.2,0.52359474,-3.756462,1.9384072,-1.6186279,-8572416
93,85,94,95,"null","null","null",2,3.6,3.7952085,-0.7052624,0.55371827,-2.2791796,-8572416
97,2,98,101,"null","null","null",3,20.2,2.313444,-1.0472472,3.790336,-0.7370704,-16731116
98,97,99,100,"Giraffidae","null","null",2,7.8,1.6002,-2.2880378,3.5117078,-0.5905161,-16731116
102,1,103,116,"Tragulidae","null","Mouse deer",8,20.3,3.0229492,-0.30319944,3.0686283,-1.3026892,-16731116
103,102,104,115,"null","null","null",7,20.3,2.3134441,-1.6418772,3.489027,-0.3719881,-16731116
104,103,105,110,"Tragulus","null","null",6,12.7,1.4333931,-3.0610573,3.1200066,-0.590516,-12486656
105,104,106,109,"null","null","null",3,9.5,0.41361272,-3.7909262,2.374523,-0.66423047,-16731116
106,105,107,108,"null","null","null",2,9.5,0.5419725,-3.711183,1.8611767,-1.7914197,-16731116
110,104,111,114,"null","null","null",3,9.5,3.0657163,-0.2891272,3.1667287,-1.4052919,-12486656
111,110,112,113,"null","null","null",2,9.5,2.3408237,-0.65809226,3.7190394,-0.34807754,-16731116
117,0,118,194,"null","null","null",85,52.700005,3.6659763,-0.6366844,1.9639375,-2.3868947,-12486656
118,117,119,169,"CETACEA","null","Whales, Dolphins and Porpoises",83,52.200005,3.2014863,-0.6278822,3.1980412,-1.1927651,-12486656
119,118,120,164,"ODONTOCETI","null","Toothed Whales",70,51.500004,2.5455422,-1.5047698,3.6572638,-0.3719881,-16731116
120,119,121,161,"null","null","null",67,49.800003,1.5501502,-2.8828177,3.3387146,-0.590516,-16731116
121,120,-268053504,122,"null","null","null",65,49.600002,0.33635163,-3.5592148,2.6588435,-1.0926604,-16731116
122,121,123,148,"Ziphiidae","null","Beaked Whales",20,31.6,2.5085008,-1.3385615,3.6148458,-0.76705533,-16731116
123,122,124,143,"null","null","null",13,31.6,1.5297208,-2.7538135,3.3445482,-0.57549936,-11513776
124,123,125,134,"null","null","null",10,31.6,0.33849633,-3.4974632,2.6579123,-1.0443758,-11513776
125,124,126,131,"null","null","null",5,31.6,0.5235944,-3.4058924,2.0181794,-2.607272,-11513776
126,125,127,130,"null","null","null",3,31.6,0.6580918,-2.7521365,0.86753273,-3.6250942,-11513776
127,126,128,129,"null","null","null",2,31.6,1.0880041,-2.1365614,0.46288306,-3.826167,-11513776
131,125,132,133,"null","null","null",2,31.6,1.7788453,-1.9610294,3.6551437,-0.4014843,-11513776
134,124,135,142,"null","null","null",5,31.6,2.36121,-1.3502386,3.507432,-0.7950978,-11513776
135,134,136,141,"null","null","null",4,31.6,1.778846,-2.852059,3.271233,-0.5592969,-11513776
136,135,137,140,"null","null","null",3,31.6,0.6411433,-3.7314613,2.5607576,-0.66423035,-11513776
137,136,138,139,"null","null","null",2,7.9,0.50423527,-3.790803,2.0102348,-1.4433283,-11513776
143,123,144,147,"null","null","null",3,31.6,3.0981116,-0.27500236,3.0448759,-1.5045936,-11513776
144,143,145,146,"null","null","null",2,31.6,2.3612103,-0.6619249,3.664682,-0.3238786,-11513776
148,122,149,158,"null","null","null",7,31.6,3.514791,-0.7052629,1.7809122,-2.526485,-16731116
149,148,150,155,"null","null","null",5,31.6,3.0981116,-0.60428715,3.1510808,-1.4209609,-16731116
150,149,151,154,"null","null","null",3,31.6,2.3612103,-0.6648286,3.8027484,-0.3238786,-16731116
151,150,152,153,"null","null","null",2,31.6,1.7788466,-1.9610267,3.655145,-0.5592968,-16731116
155,149,156,157,"null","null","null",2,31.6,2.7384772,-1.302691,0.30319917,-3.2227116,-11513776
158,148,159,160,"null","null","null",2,31.6,0.9093736,-2.1905642,0.636685,-3.827052,-16731116
161,120,162,163,"Platanistidae","null","null",2,2.4,3.3284197,-0.2891272,2.5944867,-1.4052919,-8572416
164,119,165,168,"Physeteridae","null","Sperm Whales",3,37.300003,3.7300925,-0.6717566,1.4250877,-2.2381659,-11513776
165,164,166,167,"Kogia","null","null",2,21.1,3.3284197,-0.61675906,2.5944867,-1.4052919,-11513776
169,118,170,185,"MYSTICETI","null","Great Whales",13,34.7,3.2514203,-0.928794,0.33095467,-3.0781813,-12486656
170,169,171,182,"null","null","null",8,26.2,3.5280132,-0.4185676,1.7065644,-2.460682,-12486656
171,170,172,179,"null","null","null",6,25.3,3.0657163,-0.61675906,2.9604065,-1.2878882,-12486656
172,171,173,178,"null","null","null",4,25.3,2.3408237,-1.3545554,3.4508204,-0.34807754,-12486656
173,172,174,177,"null","null","null",3,24.7,1.6917396,-2.7746055,3.1313152,-0.57549936,-11184866
174,173,175,176,"null","null","null",2,24.7,0.52729595,-3.524493,2.3807096,-0.665,-12486656
179,171,180,181,"null","null","null",2,9.8,2.8755488,-1.1971924,0.31716013,-3.1081684,-8572416
182,170,183,184,"null","null","null",2,8.6,1.0880016,-2.1365619,0.60018545,-3.8261676,-16731116
185,169,186,193,"null","null","null",5,31.7,0.5695002,-2.7521367,0.9025998,-3.387019,-12486656
186,185,187,192,"Balaenidae","null","null",4,11.2,2.1815662,-2.1365619,0.462883,-3.5166698,-12486656
187,186,188,191,"Eubalaena","null","null",3,4.8,3.3814647,-1.1971924,0.63761246,-2.9699798,-11184866
188,187,189,190,"null","null","null",2,4.6,3.795208,-0.39551544,0.6459124,-2.27918,-8572416
194,117,195,196,"Hippopotamidae","null","null",2,12.7,1.2662215,-2.0763724,0.5624025,-3.8140683,-11184866
