index,parent,child1,child2,name1,name2,common,richness,lengthbr,hxmax,hxmin,hymax,hymin,color
0,-268350463,1,127,"null","null","null",575,26.34835,2.4514837,-1.6991885,3.6848876,-0.70525956,-16731116
1,0,2,110,"","null","Tyrant-Flycatchers, Cotingas and  more",458,25.579445,1.3321655,-3.0448298,3.319231,-0.6042887,-16731116
2,1,3,96,"null","null","null",449,25.30104,0.32388148,-3.6646094,2.6486678,-1.2118316,-16731116
3,2,4,95,"null","null","null",418,24.978918,0.5592989,-3.4755557,1.7788353,-2.6721203,-16731116
4,3,5,90,"null","null","null",417,23.93837,0.75180197,-2.826377,0.41481674,-3.4975276,-16731116
5,4,6,55,"Tyrannidae","null","Tyrant-flycatchers",414,23.061657,2.296084,-1.9845346,0.5042378,-3.4866786,-16731116
6,5,7,40,"null","null","null",311,21.9216,3.3252785,-0.8152332,0.6527479,-2.875258,-16731116
7,6,8,25,"null","null","null",303,17.393192,3.5286388,-0.4410558,1.9660134,-2.2438087,-16731116
8,7,9,24,"null","null","null",295,16.392855,3.0229423,-0.6278835,3.2007275,-1.1679562,-16731116
9,8,10,23,"null","null","null",199,15.245147,2.3134394,-1.5024674,3.6607423,-0.37199128,-16731116
10,9,11,15,"null","null","null",198,14.3757105,1.4333783,-2.879812,3.3432283,-0.59051806,-16731116
11,10,12,13,"null","null","null",127,13.623723,0.2994908,-3.5552917,2.6647131,-1.1122136,-16731116
12,11,-268335104,-268334080,"null","null","null",98,12.845412,0.54197526,-3.4048467,1.8172045,-2.6213515,-16731116
13,11,-268338176,14,"null","null","null",29,12.616288,2.3408198,-1.3457351,3.6280699,-0.76705074,-16731116
15,10,-268337152,16,"null","null","null",71,12.330537,3.0657108,-0.28912932,3.0865932,-1.2264555,-16731116
16,15,17,22,"null","null","null",4,9.789601,3.35912,-1.1971784,0.3171621,-2.9699712,-16731116
17,16,18,21,"null","null","null",3,7.7568054,3.7661467,-0.3955186,1.2371399,-2.2791743,-16731116
18,17,19,20,"null","null","null",2,4.1608076,3.4248662,-0.60428905,2.4441638,-1.5045791,-16731116
24,8,-268336128,-268331008,"","null","Tyrannulets, Elaenias and more",96,14.892584,3.3844771,-0.9287927,0.33095652,-3.022386,-16731116
25,7,26,35,"null","null","null",8,12.145321,2.1597397,-2.0484648,0.5623976,-3.4921446,-16731116
26,25,27,34,"null","null","null",5,9.605434,3.25143,-1.0892006,0.64591265,-2.9070063,-16731116
27,26,28,33,"null","null","null",4,9.40431,3.5280137,-0.41857052,1.8652972,-2.2381597,-16731116
28,27,29,32,"null","null","null",3,5.706266,3.0657108,-0.6167606,3.1667461,-1.4052775,-16731116
29,28,30,31,"null","null","null",2,0.9044391,2.3408198,-0.65809166,3.719047,-0.34808096,-16731116
35,25,36,39,"null","null","null",3,6.9887304,0.48358327,-3.3782585,1.9383984,-2.3110435,-16731116
36,35,37,38,"null","null","null",2,6.3676634,0.65809244,-2.7162104,0.8675197,-3.239983,-16731116
40,6,41,54,"null","null","null",8,18.808744,0.68969655,-2.7686596,0.88575673,-3.4364274,-16731116
41,40,42,51,"","null","Spadebills",7,15.670404,2.2793093,-2.2165534,0.483974,-3.4921446,-16731116
42,41,43,48,"null","null","null",5,9.638437,3.4068704,-0.8706852,0.64591265,-2.9070063,-16731116
43,42,44,47,"null","null","null",3,4.6482725,3.7300863,-0.41857052,1.4251142,-2.2381597,-16731116
44,43,45,46,"null","null","null",2,2.2314444,3.328405,-0.6167606,2.5945082,-1.4052775,-16731116
48,42,49,50,"null","null","null",2,4.6328893,0.35782912,-2.7162104,0.9025978,-3.239983,-12486656
51,41,52,53,"null","null","null",2,2.4355881,0.48358327,-3.756458,1.9383984,-1.6186465,-16731116
55,5,56,89,"","null","Pygmy-Tyrants, Flatbills and more",103,21.97663,0.4428624,-3.4048483,1.8611662,-2.5837455,-16731116
56,55,57,79,"null","null","null",102,18.896715,0.661925,-2.739288,0.5972413,-3.4888237,-16731116
57,56,-268332032,58,"null","null","null",65,18.010635,2.2184467,-2.0607436,0.483974,-3.5602598,-16731116
58,57,59,78,"","null","Flatbills",11,16.41018,0.48358327,-3.405886,1.9383984,-2.4241524,-16731116
59,58,60,75,"null","null","null",10,12.756945,0.65809244,-2.7521262,0.58309823,-3.3870246,-16731116
60,59,61,74,"null","null","null",8,9.503522,2.0156581,-2.1365547,0.46288556,-3.5166664,-16731116
61,60,62,71,"null","null","null",7,7.0824203,3.1657712,-1.0121977,0.6376136,-2.9699712,-16731116
62,61,63,70,"null","null","null",5,4.485215,3.5147934,-0.3955186,1.6992409,-2.2791743,-16731116
63,62,64,67,"null","null","null",4,3.5498903,3.0981069,-0.60428905,3.0448952,-1.4209412,-16731116
64,63,65,66,"null","null","null",2,1.8714826,2.361207,-0.6619245,3.6646912,-0.32388222,-16731116
67,63,68,69,"null","null","null",2,0.9611184,2.7384977,-1.3026766,0.3032013,-3.222695,-16731116
71,61,72,73,"null","null","null",2,1.9689077,0.34452996,-2.8544092,0.97917,-3.1268048,-16731116
75,59,76,77,"null","null","null",2,2.765282,0.8665055,-3.4392257,2.4198828,-0.3833955,-16731116
79,56,-268329984,80,"null","null","null",37,17.594345,0.8449197,-3.5095546,2.620861,-0.90352184,-16731116
80,79,81,86,"null","null","null",5,13.917648,2.6735487,-1.1773367,3.4240801,-0.79509425,-16731116
81,80,82,85,"null","null","null",3,6.2031226,1.7788337,-2.6272755,3.162866,-0.55929923,-16731116
82,81,83,84,"null","null","null",2,2.7990007,0.64112616,-3.439227,2.4198804,-0.6642306,-16731116
86,80,87,88,"","null","Antpipits",2,5.185262,3.7626114,-0.7370666,0.4390188,-2.31344,-16731116
90,4,91,94,"Pipridae","null","Piprites",3,17.42076,0.8210846,-3.790929,2.374522,-0.47381967,-16731116
91,90,92,93,"null","null","null",2,4.6533127,0.54197484,-3.7111773,1.8611662,-1.7914411,-12486656
96,2,-268333056,97,"Cotingidae","null","Cotingas",31,20.447964,2.4557223,-1.5005829,3.7066278,-0.7370672,-16731116
97,96,98,105,"null","null","null",7,14.70859,3.528014,-0.6717526,1.8652952,-2.3703585,-16731116
98,97,99,102,"null","null","null",4,11.810711,3.0657115,-0.61676055,3.1667447,-1.2878697,-16731116
99,98,100,101,"null","null","null",2,4.369837,2.3408206,-0.65809166,3.7190466,-0.34808072,-16731116
102,98,103,104,"null","null","null",2,3.1503484,2.8755677,-1.1971774,0.31716195,-3.108151,-16731116
105,97,106,109,"","null","Schiffornis",3,10.035894,1.7924247,-2.1365545,0.60018086,-3.6229587,-16731116
106,105,107,108,"null","null","null",2,4.940268,2.8755677,-1.1971774,0.63761365,-3.108151,-16731116
110,1,111,120,"Tyrannidae","null","Tyrant-flycatchers",9,18.963966,3.022944,-0.30320084,3.0686398,-1.116679,-16731116
111,110,112,119,"null","null","null",5,9.001203,2.3134408,-1.6418946,3.4890308,-0.37199068,-16731116
112,111,113,118,"null","null","null",4,4.0514965,1.600189,-3.0610695,3.1200047,-0.5905177,-16731116
113,112,114,117,"null","null","null",3,1.4646152,0.4135974,-3.790929,2.374522,-0.66423035,-16731116
114,113,115,116,"null","null","null",2,0.58374286,0.54197484,-3.7111773,1.8611662,-1.7914411,-16731116
120,110,121,126,"null","null","null",4,9.112609,3.40687,-1.0892012,0.33095616,-2.9070072,-12486656
121,120,122,125,"null","null","null",3,4.577089,3.7300868,-0.41857028,1.4251122,-2.2381606,-16731116
122,121,123,124,"null","null","null",2,3.0205555,3.328406,-0.61676055,2.5945067,-1.4052784,-16731116
127,0,128,152,"null","null","null",117,23.514893,3.6583157,-0.6366811,1.980167,-2.2832565,-16731116
128,127,-268340224,129,"Cotingidae","null","Fruiteaters, Berryeaters and more",66,19.312016,3.1915236,-0.6278832,3.2191296,-1.116679,-16731116
129,128,130,151,"null","null","null",12,13.435562,3.384476,-1.0892012,0.33095616,-2.9070072,-16731116
130,129,131,150,"null","null","null",11,11.063189,3.7009747,-0.41857028,1.7316461,-2.2381606,-16731116
131,130,132,145,"","null","Fruiteaters",10,9.90494,3.2905605,-0.61676055,2.9930007,-1.2264566,-16731116
132,131,133,142,"null","null","null",7,8.616284,2.6331244,-1.4981501,3.4931793,-0.34808072,-16731116
133,132,134,139,"null","null","null",5,6.209527,1.674933,-2.9612668,3.1863725,-0.57550156,-16731116
134,133,135,138,"null","null","null",3,4.5693345,0.5272789,-3.767137,2.4522848,-0.665,-16731116
135,134,136,137,"null","null","null",2,2.4463375,0.5235972,-3.7564566,1.9383972,-1.6186507,-16731116
139,133,140,141,"null","null","null",2,2.2898748,3.424866,-0.2750013,2.4441643,-1.5045784,-16731116
142,132,143,144,"null","null","null",2,2.433109,3.7952118,-0.70525837,0.5537423,-2.2791748,-16731116
145,131,146,149,"null","null","null",3,4.3016872,3.381478,-1.1971774,0.31716195,-2.9699717,-16731116
146,145,147,148,"null","null","null",2,2.5200665,3.7952118,-0.3955187,0.6459114,-2.2791748,-16731116
152,127,-268339200,153,"Pipridae","null","Manakins",51,13.131666,2.2575593,-2.0607443,0.5623986,-3.5808983,-16731116
153,152,154,163,"null","null","null",7,7.5138607,0.4835837,-3.4058857,2.0181665,-2.424152,-16731116
154,153,155,162,"null","null","null",5,4.3998346,0.6580924,-2.7521257,0.8675192,-3.3870254,-16731116
155,154,156,161,"null","null","null",4,3.2995305,2.1815865,-2.1365545,0.46288565,-3.516667,-16731116
156,155,157,160,"null","null","null",3,1.7367506,3.381478,-1.1971774,0.63761365,-2.9699717,-16731116
157,156,158,159,"null","null","null",2,1.1202115,3.7952118,-0.3955187,0.6459114,-2.2791748,-16731116
163,153,164,165,"null","null","null",2,2.5534236,1.7788352,-1.9610496,3.655136,-0.40147927,-16731116
