index,parent,child1,child2,name1,name2,common,richness,lengthbr,hxmax,hxmin,hymax,hymin,color
0,-268352398,1,26,"null","null","null",23,44.17607,3.3844748,-0.8885864,0.6459124,-3.0781724,-16777216
1,0,2,23,"null","null","null",13,44.17607,3.700975,-0.4185698,1.7316434,-2.4606745,-16777216
2,1,3,20,"null","null","null",11,44.17607,3.2905617,-0.6167603,2.9929993,-1.2878731,-16777216
3,2,4,17,"null","null","null",9,44.17607,2.6331253,-1.3385786,3.4931793,-0.34808022,-16777216
4,3,5,16,"null","null","null",7,44.17607,1.6917281,-2.7538254,3.1863742,-0.5755012,-16777216
5,4,6,15,"null","null","null",6,44.17607,0.5272817,-3.4974654,2.4522867,-0.95190215,-16777216
6,5,7,14,"null","null","null",5,44.17607,0.5235968,-3.4058852,1.9383985,-2.4870472,-16777216
7,6,8,13,"null","null","null",4,44.17607,0.6580924,-2.7521253,0.867519,-3.4687886,-16777216
8,7,9,12,"null","null","null",3,44.17607,1.7924259,-2.1365538,0.46288577,-3.6229587,-16777216
9,8,10,11,"null","null","null",2,44.17607,2.8755686,-1.1971772,0.63761365,-3.1081505,-16777216
17,3,18,19,"null","null","null",2,44.17607,3.795211,-0.705259,0.5537361,-2.2791758,-16777216
20,2,21,22,"null","null","null",2,44.17607,2.8755634,-1.1971815,0.31716168,-3.1081553,-16777216
23,1,24,25,"null","null","null",2,44.17607,1.0880196,-2.1365566,0.6001816,-3.8261666,-16777216
26,0,27,36,"null","null","null",10,44.17607,0.5695158,-2.7564826,0.90259826,-3.3870234,-16777216
27,26,28,35,"null","null","null",5,44.17607,2.1815815,-2.1365566,0.4628849,-3.5166674,-16777216
28,27,29,32,"null","null","null",4,44.17607,3.381475,-1.0122019,0.6376133,-2.9699733,-16777216
29,28,30,31,"null","null","null",2,44.17607,3.795211,-0.3955179,0.64591163,-2.2791758,-16777216
32,28,33,34,"null","null","null",2,44.17607,0.34452954,-2.854413,0.9791734,-3.1268015,-16777216
36,26,37,44,"null","null","null",5,44.17607,0.8665061,-3.473289,2.560747,-0.8876252,-16777216
37,36,38,43,"null","null","null",4,44.17607,0.50423723,-3.4551706,2.010228,-2.4726558,-16777216
38,37,39,42,"null","null","null",3,44.17607,0.65274775,-2.8342981,0.9791734,-3.5548244,-16777216
39,38,40,41,"null","null","null",2,44.17607,0.9093931,-2.1905591,0.4410549,-3.827052,-16777216
