index,parent,child1,child2,name1,name2,common,richness,lengthbr,hxmax,hxmin,hymax,hymin,color
0,-268061688,1,201,"null","null","null",220,25.9,3.466999,-0.7637689,0.658092,-2.7834573,-16731116
1,0,2,120,"null","null","null",127,25.9,3.6206398,-0.4628839,2.1019013,-2.1772807,-16731116
2,1,3,85,"null","null","null",86,25.9,3.1051393,-0.6376129,3.2778952,-1.0214732,-16731116
3,2,4,-268035072,"null","null","null",68,25.9,2.45489,-1.6552887,3.6605623,-0.3955168,-16731116
4,3,5,84,"null","null","null",41,25.9,1.5045863,-2.9877641,3.2876103,-0.6042881,-16731116
5,4,6,49,"null","null","null",40,14.7,0.32388037,-3.590429,2.6075597,-1.2503595,-16731116
6,5,7,42,"null","null","null",22,14.5,0.55929816,-3.3791242,1.6207708,-2.7222104,-16731116
7,6,8,31,"Kerivoula","null","Woolly Bats and more",18,7.8,0.7517928,-2.701016,0.41482127,-3.5626497,-16731116
8,7,9,30,"null","null","null",12,7.8,2.296076,-2.0102303,0.5042366,-3.5713425,-16731116
9,8,10,21,"null","null","null",11,7.8,3.3252745,-0.815241,0.6527476,-2.9853225,-16731116
10,9,11,18,"null","null","null",6,7.8,3.5286393,-0.44105446,2.0426865,-2.3868895,-16731116
11,10,12,17,"null","null","null",4,7.7999997,3.0229454,-0.6278829,3.3004084,-1.3026817,-16731116
12,11,13,16,"null","null","null",3,7.7999997,2.3134413,-1.0472622,3.7903337,-0.37198985,-16731116
13,12,14,15,"null","null","null",2,2.6,1.6001925,-2.2880507,3.5117006,-0.59051716,-16731116
18,10,19,20,"null","null","null",2,7.8,1.2662327,-2.076369,0.5624,-3.8140671,-16731116
21,9,22,29,"null","null","null",5,7.8,0.45199513,-2.7686665,0.8857578,-3.4827113,-16731116
22,21,23,26,"null","null","null",4,7.8,1.9703012,-2.216559,0.48397276,-3.5523193,-16731116
23,22,24,25,"null","null","null",2,7.8,3.005166,-1.0892072,0.64591223,-2.9852352,-12486656
26,22,27,28,"null","null","null",2,7.8,0.48358572,-3.7564604,1.9384029,-1.6186361,-16731116
31,7,32,41,"null","null","null",6,7.8,0.82108617,-3.5088615,2.3745224,-1.0796604,-16731116
32,31,33,40,"null","null","null",5,7.8,0.54197377,-3.3444939,1.861171,-2.5790386,-16731116
33,32,34,39,"null","null","null",4,7.8,0.66192484,-2.660828,0.7546976,-3.4827113,-16731116
34,33,35,38,"null","null","null",3,7.8,1.9703012,-2.076369,0.48397276,-3.5523193,-16731116
35,34,36,37,"null","null","null",2,7.8,3.005166,-1.0892072,0.64591223,-2.9852352,-16731116
42,6,43,46,"Phoniscus","null","null",4,7.5,1.5501398,-2.9140084,3.1200051,-0.3173825,-16731116
43,42,44,45,"null","null","null",2,7.5,0.4136026,-3.599754,2.3745222,-0.66423035,-12486656
46,42,47,48,"null","null","null",2,7.5,3.3284109,-0.2891283,2.5944998,-1.405283,-16731116
49,5,50,81,"null","null","null",18,10.9,2.5840387,-1.474984,3.6141288,-0.73706865,-16731116
50,49,51,80,"Murina","some","Tube-nosed Bats",16,10.8,1.6001931,-2.84409,3.282635,-0.59051704,-16731116
51,50,52,71,"null","null","null",15,10.7,0.39173508,-3.5088603,2.5859408,-1.0522747,-16731116
52,51,53,66,"null","null","null",10,7.7,0.541974,-3.3444915,1.7061986,-2.543436,-16731116
53,52,54,65,"null","null","null",7,7.7,0.66192484,-2.660825,0.7546941,-3.4364262,-16731116
54,53,55,64,"null","null","null",6,7.7,2.1597354,-2.076367,0.48397338,-3.4921455,-12486656
55,54,56,63,"null","null","null",5,7.7,3.2514277,-1.0892038,0.6459124,-2.9070082,-12486656
56,55,57,62,"null","null","null",4,7.7,3.5280137,-0.4185698,1.8652921,-2.238161,-11184866
57,56,58,61,"null","null","null",3,3.9,3.065712,-0.6167603,3.1667423,-1.4052806,-16731116
58,57,59,60,"null","null","null",2,2.5,2.3408208,-0.6580918,3.7190452,-0.34808022,-16731116
66,52,67,70,"null","null","null",3,7.7,1.6917303,-2.7746198,3.1313148,-0.35959825,-16731116
67,66,68,69,"null","null","null",2,7.7,0.5272839,-3.5245008,2.3807096,-0.665,-16731116
71,51,72,77,"null","null","null",5,6.1,2.6331265,-1.3545724,3.4508247,-0.76705277,-12486656
72,71,73,76,"null","null","null",3,6.1,1.6917303,-2.7746198,3.1313148,-0.57550085,-16731116
73,72,74,75,"null","null","null",2,6.1,0.5272839,-3.5245008,2.3807096,-0.665,-12486656
77,71,78,79,"null","null","null",2,6.1,3.7952108,-0.70525986,0.5537342,-2.2791765,-12486656
81,49,82,83,"Harpiocephalus","null","null",2,3.2,3.8167195,-0.6717541,0.7310606,-2.2381625,-16731116
85,2,86,117,"null","null","null",18,25.9,3.325274,-0.9169631,0.3445289,-2.8752651,-16731116
86,85,87,110,"null","null","null",16,25.9,3.5286398,-0.44105422,1.8643985,-2.2438145,-16731116
87,86,88,101,"null","null","null",12,25.9,3.0229464,-0.6278828,3.0686347,-1.1166838,-16731116
88,87,89,100,"Chalinolobus","null","null",7,10.5,2.3134422,-1.6418878,3.489029,-0.3719896,-12486656
89,88,90,95,"null","null","null",6,10.1,1.4333854,-3.061065,3.1200051,-0.59051704,-16731116
90,89,91,94,"null","null","null",3,10.1,0.4136026,-3.7909276,2.3745222,-0.66423035,-12486656
91,90,92,93,"null","null","null",2,4.1,0.541974,-3.7111788,1.8611698,-1.7914344,-12486656
95,89,96,99,"null","null","null",3,10.1,3.0657134,-0.2891283,3.1667395,-1.405283,-16731116
96,95,97,98,"null","null","null",2,10.1,2.3408217,-0.6580919,3.7190442,-0.34807962,-16731116
101,87,102,107,"Falsistrellus","null","null",5,12.0,3.4068682,-0.92879343,0.33095554,-2.90701,-16731116
102,101,103,106,"null","null","null",3,7.7,3.7300887,-0.41856924,1.4251035,-2.2381625,-16731116
103,102,104,105,"null","null","null",2,7.7,3.3284109,-0.61676,2.5944998,-1.405283,-16731116
107,101,108,109,"null","null","null",2,4.9,0.3578284,-2.716216,0.90259874,-3.2399788,-16731116
110,86,111,116,"null","null","null",4,10.3,2.330564,-2.0763686,0.56240034,-3.4921465,-16777216
111,110,112,115,"null","null","null",3,7.7,3.4735072,-1.0892061,0.64591223,-2.90701,-16777216
112,111,113,114,"null","null","null",2,4.5,3.8167195,-0.41856924,0.7310606,-2.2381625,-16777216
117,85,118,119,"null","null","null",2,5.2,0.37080052,-2.5711858,0.88575804,-3.344255,-16731116
120,1,121,168,"null","null","null",41,25.9,2.390818,-1.9868113,0.523484,-3.5025072,-16731116
121,120,122,151,"null","null","null",24,25.9,3.4484403,-0.7673135,0.6527475,-2.8958368,-16731116
122,121,123,146,"null","null","null",15,25.9,3.688756,-0.44105422,1.9801602,-2.2705576,-16731116
123,122,124,143,"null","null","null",12,19.3,3.2310975,-0.6278828,3.2191253,-1.1514504,-16731116
124,123,125,140,"null","null","null",10,18.4,2.5840387,-1.4435977,3.6846666,-0.3719896,-16731116
125,124,126,135,"null","null","null",8,16.9,1.4333854,-2.8032877,3.374334,-0.59051704,-16731116
126,125,127,132,"Plecotus","null","null",5,13.5,0.29948908,-3.4558175,2.7051497,-0.9977374,-16731116
127,126,128,131,"null","null","null",3,8.7,0.541974,-3.2755356,1.8611698,-2.4725375,-12486656
128,127,129,130,"null","null","null",2,5.7,0.66192484,-2.571182,0.7546941,-3.3442578,-16731116
132,126,133,134,"null","null","null",2,5.5,2.3408217,-0.42902347,3.7190442,-0.76705277,-16731116
135,125,136,139,"Corynorhinus","null","null",3,6.4,3.0657134,-0.2891283,3.1667395,-1.405283,-16731116
136,135,137,138,"null","null","null",2,2.4,2.3408217,-0.6580919,3.7190442,-0.34807962,-16731116
140,124,141,142,"null","null","null",2,15.8,3.8167195,-0.6717541,0.7310606,-2.2381625,-16731116
143,123,144,145,"Barbastella","null","null",2,12.2,3.005167,-1.0892061,0.33095554,-2.9852347,-16731116
146,122,147,150,"null","null","null",3,8.2,1.9703023,-2.0763686,0.56240034,-3.552319,-16731116
147,146,148,149,"null","null","null",2,8.2,3.005167,-1.0892061,0.64591223,-2.9852347,-16731116
151,121,152,167,"Rhogeessa","some","Yellow Bats",9,9.2,0.59771144,-2.6608276,0.88575804,-3.5377054,-16731116
152,151,153,166,"null","null","null",8,6.1,2.159732,-2.0763686,0.48397285,-3.6238112,-16731116
153,152,154,165,"null","null","null",7,6.0,3.2514257,-1.0892061,0.64591223,-3.0781746,-16731116
154,153,155,162,"null","null","null",6,4.1,3.5280137,-0.41856924,1.9146993,-2.4606762,-16731116
155,154,156,161,"null","null","null",4,4.1,3.0657134,-0.61676,3.2309744,-1.405283,-16731116
156,155,157,160,"null","null","null",3,3.1,2.3408217,-0.8562515,3.8025498,-0.34807962,-16731116
157,156,158,159,"null","null","null",2,3.1,1.6917303,-2.1268024,3.5885572,-0.57550085,-16731116
162,154,163,164,"null","null","null",2,4.1,1.0880178,-2.136557,0.60018253,-3.8261664,-12486656
168,120,169,188,"null","null","null",17,25.9,0.4428653,-3.4099586,1.8248643,-2.5434332,-16731116
169,168,170,185,"null","null","null",10,25.9,0.6619248,-2.745932,0.49051154,-3.4364252,-16731116
170,169,171,180,"Nyctalus","null","Noctule Bats",8,6.2,2.159732,-2.0484705,0.48397285,-3.4921465,-16731116
171,170,172,179,"null","null","null",5,6.2,3.2514257,-1.0892061,0.64591223,-2.90701,-12486656
172,171,173,178,"null","null","null",4,6.2,3.5280137,-0.41856924,1.8652878,-2.2381625,-16731116
173,172,174,177,"null","null","null",3,6.2,3.0657134,-0.61676,3.1667395,-1.405283,-16731116
174,173,175,176,"null","null","null",2,6.2,2.3408217,-0.6580919,3.7190442,-0.34807962,-16731116
180,170,181,184,"null","null","null",3,6.0,0.48358554,-3.378262,1.9384025,-2.3110356,-16731116
181,180,182,183,"null","null","null",2,6.0,0.65809214,-2.716216,0.86752415,-3.2399788,-12486656
185,169,186,187,"null","null","null",2,25.9,0.844921,-3.524499,2.3807096,-0.39556128,-11513776
188,168,189,200,"null","null","null",7,14.5,1.6917332,-2.7374735,3.398308,-0.35959932,-16777216
189,188,190,197,"null","null","null",6,14.5,0.33849168,-3.4762142,2.7278004,-0.816503,-16777216
190,189,191,194,"null","null","null",4,9.8,0.5235956,-3.3782637,2.018173,-2.311033,-16777216
191,190,192,193,"null","null","null",2,9.8,0.6580921,-2.7162182,0.8675258,-3.2399771,-16777216
194,190,195,196,"null","null","null",2,4.5,1.7788403,-1.9610395,3.6551402,-0.4014818,-16777216
197,189,198,199,"null","null","null",2,4.9,2.361209,-0.41842052,3.6646857,-0.79509616,-16777216
201,0,202,207,"null","null","null",93,25.900002,0.79011226,-2.8263788,0.86650705,-3.4975264,-16731116
202,201,203,-268034048,"null","null","null",89,25.900002,2.345892,-2.023679,0.50423634,-3.486683,-16731116
203,202,-268036096,204,"null","null","null",44,25.900002,3.3900363,-0.72747266,0.6527475,-2.8752651,-16731116
204,203,205,206,"null","null","null",2,25.9,0.37080052,-2.5711858,0.88575804,-3.344255,-16731116
207,201,208,211,"null","null","null",4,25.9,0.8210864,-3.7909272,2.7051501,-0.47380704,-16731116
208,207,209,210,"Glischropus","null","null",2,5.2,0.5419736,-3.7111802,1.8611718,-1.7914302,-16731116
211,207,212,213,"null","null","null",2,11.5,2.3408222,-0.4290232,3.7190425,-0.7670536,-16731116
