index,parent,child1,child2,name1,name2,common,richness,lengthbr,hxmax,hxmin,hymax,hymin,color
0,-268116976,1,108,"CERATOPHRYIDAE","null","Common Horned Frogs",81,48.799995,3.1602068,-0.31716126,3.2778976,-1.0306122,-11184866
1,0,2,105,"null","null","null",54,44.29734,2.5264788,-1.6694376,3.6605623,-0.39551753,-11184866
2,1,3,90,"null","null","null",52,43.87824,1.4246784,-3.006155,3.2876089,-0.60428846,-11184866
3,2,4,63,"null","null","null",44,43.87824,0.32388112,-3.6143339,2.6075585,-1.1974869,-11184866
4,3,5,50,"null","null","null",30,43.87824,0.55929863,-3.4101982,1.7338032,-2.6534734,-11184866
5,4,6,47,"null","null","null",23,43.87824,0.8246769,-2.7414122,0.41481906,-3.473288,-11184866
6,5,7,46,"null","null","null",21,43.87824,2.3908234,-2.0102282,0.5042372,-3.4551697,-11184866
7,6,8,45,"null","null","null",20,43.87824,3.448443,-0.9791728,0.65274775,-2.8342974,-11184866
8,7,9,44,"null","null","null",19,43.87824,3.6887553,-0.44105512,1.9801664,-2.1905584,-11184866
9,8,10,29,"null","null","null",18,43.87824,3.2310948,-0.6278832,3.219129,-1.1618762,-11184866
10,9,11,26,"null","null","null",10,43.87824,2.5840368,-1.4436026,3.684667,-0.37199056,-11184866
11,10,12,21,"null","null","null",8,43.87824,1.4333814,-2.8032904,3.3743324,-0.59051764,-11184866
12,11,13,18,"null","null","null",5,43.87824,0.29949006,-3.4558165,2.705148,-0.9977443,-11184866
13,12,14,17,"null","null","null",3,43.87824,0.5419747,-3.2755313,1.8611665,-2.4725435,-8572416
14,13,15,16,"null","null","null",2,43.87824,0.66192496,-2.571176,0.7546901,-3.3442616,-11513776
18,12,19,20,"null","null","null",2,43.87824,2.3408208,-0.4290239,3.7190452,-0.7670516,-11184866
21,11,22,25,"null","null","null",3,43.87824,3.065712,-0.2891289,3.1667423,-1.4052806,-8572416
22,21,23,24,"null","null","null",2,43.87824,2.3408208,-0.6580918,3.7190452,-0.34808022,-11184866
26,10,27,28,"null","null","null",2,43.87824,3.8167202,-0.67175275,0.73106515,-2.238161,-11184866
29,9,30,43,"null","null","null",8,43.87824,3.2514277,-1.0892038,0.3309561,-3.0087004,-11184866
30,29,31,38,"null","null","null",7,43.87824,3.5280137,-0.4185698,1.9147029,-2.3703609,-11184866
31,30,32,37,"null","null","null",4,43.87824,3.065712,-0.6167603,3.2309766,-1.4052806,-8572416
32,31,33,36,"null","null","null",3,43.87824,2.3408208,-0.85625637,3.8025498,-0.34808022,-8572416
33,32,34,35,"null","null","null",2,43.87824,1.6917281,-2.1268067,3.5885556,-0.5755012,-8572416
38,30,39,42,"null","null","null",3,43.87824,1.7924187,-2.1365566,0.6001816,-3.622961,-12486656
39,38,40,41,"null","null","null",2,43.87824,2.8755634,-1.1971815,0.6376133,-3.1081553,-12486656
47,5,48,49,"null","null","null",2,43.87824,0.82108533,-3.5997553,2.3745222,-0.4072522,-11184866
50,4,51,60,"null","null","null",7,43.87824,1.550136,-2.8032897,3.3743331,-0.31738126,-11184866
51,50,52,57,"null","null","null",5,43.87824,0.29948983,-3.4558167,2.7051487,-0.9977424,-8572416
52,51,53,56,"null","null","null",3,43.87824,0.54197454,-3.2755322,1.8611674,-2.4725418,-8572416
53,52,54,55,"null","null","null",2,43.87824,0.66192496,-2.5711775,0.75469065,-3.3442605,-8572416
57,51,58,59,"null","null","null",2,43.87824,2.340821,-0.4290238,3.7190456,-0.76705194,-8572416
60,50,61,62,"null","null","null",2,43.87824,3.3284078,-0.28912875,2.5945044,-1.40528,-12486656
63,3,64,89,"null","null","null",14,43.87824,2.3134413,-1.4749882,3.6141295,-0.7370677,-8572416
64,63,65,84,"null","null","null",13,43.87824,1.4333824,-2.8440928,3.2826343,-0.59051746,-11184866
65,64,66,77,"null","null","null",10,43.87824,0.29948983,-3.5088608,2.5859401,-1.1988066,-11184866
66,65,67,72,"null","null","null",6,43.87824,0.54197454,-3.3444896,1.7061961,-2.7339253,-8572416
67,66,68,71,"null","null","null",3,43.87824,0.66192496,-2.6608222,0.75469065,-3.6840591,-11184866
68,67,69,70,"null","null","null",2,43.87824,1.2662436,-2.076365,0.483974,-3.814066,-11184866
72,66,73,76,"null","null","null",3,43.87824,1.6917278,-2.7746243,3.1313148,-0.35959697,-8572416
73,72,74,75,"null","null","null",2,43.87824,0.52728057,-3.5245035,2.3807096,-0.665,-8572416
77,65,78,83,"null","null","null",4,43.87824,2.340821,-1.354578,3.4508262,-0.76705194,-11184866
78,77,79,82,"null","null","null",3,43.87824,1.6917278,-2.7746243,3.1313148,-0.5755013,-8572416
79,78,80,81,"null","null","null",2,43.87824,0.52728057,-3.5245035,2.3807096,-0.665,-8572416
84,64,85,88,"null","null","null",3,43.87824,3.0657122,-0.28912875,3.1667428,-1.40528,-8572416
85,84,86,87,"null","null","null",2,43.87824,2.340821,-0.6580918,3.7190456,-0.34808034,-8572416
90,2,91,102,"null","null","null",8,43.87824,3.2310956,-0.30320063,3.0686378,-1.1514461,-11184866
91,90,92,99,"null","null","null",6,43.87824,2.5840373,-1.641892,3.48903,-0.37199032,-11184866
92,91,93,98,"null","null","null",4,43.87824,1.6001905,-3.0610676,3.1200047,-0.59051746,-11184866
93,92,94,97,"null","null","null",3,43.87824,0.41359925,-3.7909281,2.374522,-0.66423035,-11184866
94,93,95,96,"null","null","null",2,43.87824,0.54197454,-3.711177,1.8611674,-1.7914399,-11184866
99,91,100,101,"null","null","null",2,43.87824,3.8167205,-0.6717531,0.731066,-2.238161,-11184866
102,90,103,104,"null","null","null",2,43.87824,3.0051708,-1.0892029,0.33095595,-2.9852307,-3014646
105,1,106,107,"null","null","null",2,7.697343,3.827052,-0.63668156,0.90939295,-2.1905591,-8572416
108,0,109,132,"null","null","null",27,46.1,3.3900375,-0.9169626,0.34452933,-2.8958333,-12486656
109,108,110,127,"null","null","null",12,15.199999,3.6128297,-0.4410549,1.8644031,-2.2705545,-16731116
110,109,111,126,"null","null","null",9,13.440268,3.1323924,-0.6278831,3.0686378,-1.3026792,-16731116
111,110,112,119,"","null","South American Horned Frogs",8,12.719797,2.4557233,-1.641892,3.48903,-0.37199032,-16731116
112,111,113,118,"null","null","null",4,8.479865,1.6001905,-3.0610676,3.1200047,-0.59051746,-16731116
113,112,114,117,"null","null","null",3,8.479865,0.41359925,-3.7909281,2.374522,-0.66423035,-12486656
114,113,115,116,"null","null","null",2,8.479865,0.54197454,-3.711177,1.8611674,-1.7914399,-11184866
119,111,120,125,"null","null","null",4,8.479865,3.5280137,-0.6717531,1.8652927,-2.238161,-16731116
120,119,121,124,"null","null","null",3,8.479865,3.0657122,-0.6167604,3.1667428,-1.40528,-16731116
121,120,122,123,"null","null","null",2,8.479865,2.340821,-0.6580918,3.7190456,-0.34808034,-16731116
127,109,128,131,"","null","Budgett's frogs",3,6.7201343,1.9703076,-2.0763667,0.56239915,-3.5523167,-16731116
128,127,129,130,"null","null","null",2,6.7201343,3.0051708,-1.0892029,0.6459124,-2.9852307,-16731116
132,108,133,152,"null","null","null",15,37.878426,0.5977162,-2.7244706,0.88575745,-3.4364264,-12486656
133,132,134,151,"null","null","null",10,32.207047,2.1597364,-2.0763667,0.4839735,-3.4921455,-11184866
134,133,135,144,"null","null","null",9,30.733334,3.2514281,-0.88665044,0.6459124,-2.9070082,-11184866
135,134,136,143,"null","null","null",5,30.733334,3.5280137,-0.41856992,1.8652927,-2.238161,-11184866
136,135,137,140,"null","null","null",4,30.733334,3.0657122,-0.6167604,3.1667428,-1.2878717,-11184866
137,136,138,139,"null","null","null",2,30.733334,2.340821,-0.6580918,3.7190456,-0.34808034,-8572416
140,136,141,142,"null","null","null",2,30.733334,2.875566,-1.1971791,0.31716174,-3.1081529,-11184866
144,134,145,150,"null","null","null",4,30.733334,0.3578288,-2.7521274,0.90259826,-3.4687881,-11184866
145,144,146,149,"null","null","null",3,30.733334,1.7924224,-2.1365554,0.46288532,-3.6229596,-11184866
146,145,147,148,"null","null","null",2,30.733334,2.875566,-1.1971791,0.6376135,-3.1081529,-11184866
152,132,153,158,"null","null","null",5,22.51176,0.8449203,-3.4762135,2.7277994,-0.81651133,-16731116
153,152,154,157,"null","null","null",3,22.51176,0.5235964,-3.3782592,1.9384001,-2.3110406,-16731116
154,153,155,156,"null","null","null",2,22.51176,0.6580923,-2.7162118,0.8675207,-3.2399821,-12486656
158,152,159,160,"null","null","null",2,22.51176,2.3612082,-0.418421,3.6646886,-0.79509497,-16731116
