index,parent,child1,child2,name1,name2,common,richness,lengthbr,hxmax,hxmin,hymax,hymin,color
0,-268283755,1,158,"null","null","null",102,62.7,0.57550013,-3.4455087,1.5297157,-2.7787879,-12486656
1,0,2,153,"null","null","null",79,62.7,0.9527895,-2.7891612,0.33849198,-3.5299242,-8572416
2,1,3,108,"null","null","null",76,62.7,2.4882057,-1.8874397,0.52359545,-3.4480872,-8572416
3,2,4,107,"null","null","null",53,62.7,3.470302,-0.8675265,0.6580921,-2.806989,-8572416
4,3,5,82,"null","null","null",52,55.9,3.6249325,-0.46288425,2.0824366,-2.2078729,-8572416
5,4,6,61,"null","null","null",39,38.0,3.1107192,-0.637613,3.2525895,-1.070386,-8572416
6,5,7,56,"null","null","null",28,38.0,2.4621441,-1.606179,3.6276631,-0.39551717,-3014646
7,6,8,33,"null","null","null",25,38.0,1.3321686,-2.9239204,3.2448406,-0.6042883,-3014646
8,7,9,22,"null","null","null",13,38.0,0.32388073,-3.5074306,2.5519595,-1.2045276,-3014646
9,8,10,17,"null","null","null",7,38.0,0.5592984,-3.2712252,1.6207696,-2.6626277,-16777216
10,9,11,16,"null","null","null",4,38.0,0.66423047,-2.5607474,0.6411318,-3.4851904,-16777216
11,10,12,15,"null","null","null",3,38.0,2.143408,-2.0102282,0.5042372,-3.4706426,-16777216
12,11,13,14,"null","null","null",2,38.0,3.126803,-0.9791728,0.65274775,-2.8544118,-16777216
17,9,18,21,"null","null","null",3,38.0,1.6001918,-2.9140103,3.1200051,-0.3173819,-16777216
18,17,19,20,"null","null","null",2,38.0,0.4136008,-3.5997553,2.3745222,-0.66423035,-16777216
22,8,23,30,"null","null","null",6,38.0,2.5840383,-1.6418905,3.4890296,-0.7370682,-3014646
23,22,24,29,"null","null","null",4,38.0,1.6001918,-3.0610669,3.1200051,-0.5905173,-3014646
24,23,25,28,"null","null","null",3,38.0,0.4136008,-3.7909288,2.3745222,-0.66423035,-16777216
25,24,26,27,"null","null","null",2,38.0,0.5419743,-3.711179,1.8611686,-1.7914356,-16777216
30,22,31,32,"null","null","null",2,38.0,3.81672,-0.67175364,0.73106325,-2.2381618,-16777216
33,7,34,49,"null","null","null",12,38.0,3.0229454,-0.30320042,3.0686367,-1.1166822,-16777216
34,33,35,48,"null","null","null",8,38.0,2.3134418,-1.4749868,3.4890296,-0.37198997,-16777216
35,34,36,47,"null","null","null",7,38.0,1.6001918,-2.8440921,3.1200051,-0.5905173,-16777216
36,35,37,46,"null","null","null",6,38.0,0.4136008,-3.5088615,2.3745222,-1.198804,-16777216
37,36,38,43,"null","null","null",5,38.0,0.5419743,-3.3444917,1.9094158,-2.7339232,-16777216
38,37,39,42,"null","null","null",3,38.0,0.6619249,-2.660825,0.7546941,-3.6840577,-16777216
39,38,40,41,"null","null","null",2,38.0,1.2662381,-2.076367,0.48397338,-3.8140666,-16777216
43,37,44,45,"null","null","null",2,38.0,1.691729,-2.1268048,3.5885563,-0.35959762,-16777216
49,33,50,55,"null","null","null",4,38.0,3.406869,-1.0892045,0.33095574,-2.9070091,-16777216
50,49,51,54,"null","null","null",3,38.0,3.7300882,-0.41856956,1.4251064,-2.2381618,-16777216
51,50,52,53,"null","null","null",2,38.0,3.3284092,-0.6167602,2.5945022,-1.4052815,-16777216
56,6,57,60,"null","null","null",3,38.0,3.6822972,-0.63668215,1.610443,-2.1905596,-16777216
57,56,58,59,"null","null","null",2,38.0,3.2227004,-0.62788296,2.7384913,-1.3026809,-16777216
61,5,62,77,"null","null","null",11,38.0,3.325275,-0.91696286,0.34452912,-2.9853218,-8572416
62,61,63,74,"null","null","null",8,38.0,3.5286393,-0.44105458,1.864401,-2.3868887,-8572416
63,62,64,73,"null","null","null",6,38.0,3.0229454,-0.62788296,3.0686367,-1.3026809,-16777216
64,63,65,72,"null","null","null",5,38.0,2.3134418,-1.52877,3.4890296,-0.37198997,-16777216
65,64,66,69,"null","null","null",4,38.0,1.5501379,-2.9140103,3.1200051,-0.5905173,-16777216
66,65,67,68,"null","null","null",2,38.0,0.4136008,-3.5997553,2.3745222,-0.66423035,-16777216
69,65,70,71,"null","null","null",2,38.0,3.3284092,-0.28912854,2.5945022,-1.4052815,-16777216
74,62,75,76,"null","null","null",2,38.0,1.2662363,-2.0763676,0.56239974,-3.8140664,-8572416
77,61,78,81,"null","null","null",3,38.0,0.37080073,-2.6608262,0.8857578,-3.6840568,-16777216
78,77,79,80,"null","null","null",2,38.0,1.2662363,-2.0763676,0.48397315,-3.8140664,-16777216
82,4,83,104,"","null","Comb-eared Skinks",13,38.0,2.2960765,-2.120686,0.52348334,-3.571342,-16777216
83,82,84,97,"null","null","null",11,38.0,3.325275,-0.80513644,0.6527476,-2.9853218,-16777216
84,83,85,94,"null","null","null",7,38.0,3.5286393,-0.44105458,1.864401,-2.3868887,-16777216
85,84,86,93,"null","null","null",5,38.0,3.0229454,-0.62788296,3.0686367,-1.3026809,-16777216
86,85,87,92,"null","null","null",4,38.0,2.3134418,-1.52877,3.4890296,-0.37198997,-16777216
87,86,88,91,"null","null","null",3,38.0,1.6001918,-2.9140103,3.1200051,-0.5905173,-16777216
88,87,89,90,"null","null","null",2,38.0,0.4136008,-3.5997553,2.3745222,-0.66423035,-16777216
94,84,95,96,"null","null","null",2,38.0,1.2662363,-2.0763676,0.56239974,-3.8140664,-16777216
97,83,98,101,"null","null","null",4,38.0,0.37080073,-2.745932,0.8857578,-3.6840568,-16777216
98,97,99,100,"null","null","null",2,38.0,1.2662363,-2.0763676,0.48397315,-3.8140664,-16777216
101,97,102,103,"null","null","null",2,38.0,0.84492064,-3.5245004,2.3807096,-0.39556143,-16777216
104,82,105,106,"null","null","null",2,38.0,0.44286472,-3.7111793,1.8611706,-1.7914329,-16777216
108,2,109,144,"null","null","null",23,49.0,0.401482,-3.3609893,1.7338068,-2.7222097,-8572416
109,108,110,133,"null","null","null",18,39.300003,0.7517934,-2.677441,0.57826155,-3.5626497,-8572416
110,109,111,132,"null","null","null",12,35.5,2.2960765,-2.01023,0.50423664,-3.571342,-8572416
111,110,112,127,"","null","Water Skinks",11,31.0,3.325275,-0.7673116,0.6527476,-2.9853218,-8572416
112,111,113,124,"null","null","null",8,31.0,3.5286393,-0.44105458,1.864401,-2.3868887,-8572416
113,112,114,123,"null","null","null",6,31.0,3.0229454,-0.62788296,3.0686367,-1.3026809,-16777216
114,113,115,122,"null","null","null",5,22.5,2.3134418,-1.6418905,3.4890296,-0.37198997,-16777216
115,114,116,121,"null","null","null",4,19.400002,1.6001918,-3.0610669,3.1200051,-0.5905173,-16777216
116,115,117,120,"null","null","null",3,17.2,0.4136008,-3.7909288,2.3745222,-0.66423035,-16777216
117,116,118,119,"null","null","null",2,14.0,0.5419743,-3.711179,1.8611686,-1.7914356,-16777216
124,112,125,126,"null","null","null",2,31.0,1.2662363,-2.0763676,0.56239974,-3.8140664,-8572416
127,111,128,131,"null","null","null",3,31.0,0.37080073,-2.6608262,0.8857578,-3.6840568,-8572416
128,127,129,130,"null","null","null",2,31.0,1.2662363,-2.0763676,0.48397315,-3.8140664,-8572416
133,109,134,139,"null","null","null",6,31.800001,0.82108605,-3.455818,2.7422638,-0.9977351,-16777216
134,133,135,138,"null","null","null",3,30.9,0.5419738,-3.2755368,1.8611706,-2.4725354,-16777216
135,134,136,137,"null","null","null",2,30.9,0.66192484,-2.5711837,0.7546954,-3.3442564,-16777216
139,133,140,143,"null","null","null",3,31.6,2.3408217,-0.85624695,3.8025503,-0.7670531,-16777216
140,139,141,142,"null","null","null",2,13.9,1.6917326,-2.1267982,3.5885592,-0.57550055,-16777216
144,108,145,152,"null","null","null",5,15.3,1.600195,-3.061063,3.3743343,-0.31738296,-16777216
145,144,146,149,"null","null","null",4,15.3,0.29948863,-3.7909272,2.7051501,-0.66423047,-16777216
146,145,147,148,"null","null","null",2,15.3,0.5419736,-3.7111802,1.8611718,-1.7914302,-16777216
149,145,150,151,"null","null","null",2,15.3,2.3408222,-0.4290232,3.7190425,-0.7670536,-16777216
153,1,154,157,"null","null","null",3,16.3,0.7950963,-3.802748,2.361209,-0.6648438,-16777216
154,153,155,156,"null","null","null",2,16.3,0.5592979,-3.6551394,1.7788401,-1.9610406,-16777216
158,0,159,186,"null","null","null",23,62.7,1.3321722,-3.0061488,3.0981102,-0.275,-16731116
159,158,160,185,"null","null","null",14,54.7,0.32387993,-3.6143308,2.3612092,-1.1974791,-16777216
160,159,161,174,"null","null","null",13,54.7,0.5592977,-3.4101982,1.7338085,-2.6534677,-16777216
161,160,162,171,"null","null","null",7,54.7,0.88761854,-2.7414122,0.41482198,-3.4732869,-16777216
162,161,163,168,"null","null","null",5,54.7,2.47265,-2.1206875,0.50423634,-3.4551716,-16777216
163,162,164,167,"null","null","null",3,54.7,3.554822,-0.9791769,0.6527475,-2.8343005,-16777216
164,163,165,166,"null","null","null",2,54.7,3.827052,-0.44105422,0.9093875,-2.1905606,-16777216
168,162,169,170,"null","null","null",2,54.7,0.4428653,-3.7111802,1.8611718,-1.7914302,-16777216
171,161,172,173,"null","null","null",2,54.7,0.8210864,-3.5997522,2.3745222,-0.40725175,-16777216
174,160,175,184,"null","null","null",6,54.7,1.6001966,-2.8032858,3.374335,-0.31738362,-16777216
175,174,176,181,"null","null","null",5,54.7,0.29948828,-3.4558187,2.7051506,-0.9977297,-16777216
176,175,177,180,"null","null","null",3,54.7,0.5419733,-3.2755399,1.861173,-2.4725308,-16777216
177,176,178,179,"null","null","null",2,54.7,0.6619247,-2.571188,0.7546987,-3.3442535,-16777216
181,175,182,183,"null","null","null",2,54.7,2.3408225,-0.42902306,3.7190418,-0.76705396,-16777216
186,158,187,202,"null","null","null",9,62.7,3.0229473,-0.30319998,3.2191231,-1.3026853,-16731116
187,186,188,201,"null","null","null",8,9.8,2.313443,-1.4435937,3.6846662,-0.37198898,-16731116
188,187,189,200,"null","null","null",7,9.8,1.6001972,-2.8032854,3.3743353,-0.59051657,-16731116
189,188,190,197,"null","null","null",6,9.8,0.29948807,-3.4558187,2.7051506,-0.9977297,-16731116
190,189,191,194,"null","null","null",4,9.8,0.5419733,-3.2755399,1.9094224,-2.4725308,-16731116
191,190,192,193,"null","null","null",2,9.8,0.6619247,-2.571188,0.7546987,-3.3442535,-16731116
194,190,195,196,"null","null","null",2,9.8,1.6917348,-2.126794,3.5885613,-0.35959995,-16731116
197,189,198,199,"null","null","null",2,9.8,2.3408225,-0.42902306,3.7190418,-0.76705396,-16731116
