index,parent,child1,child2,name1,name2,common,richness,lengthbr,hxmax,hxmin,hymax,hymin,color
0,-268308474,1,135,"null","null","null",170,11.3782015,1.4906974,-2.89292,3.331212,-0.59051883,-16731116
1,0,2,121,"null","null","null",99,11.074897,0.33633357,-3.5723267,2.6490922,-1.0751729,-16731116
2,1,3,100,"null","null","null",60,10.738765,0.5419762,-3.4269881,1.7516334,-2.5731945,-16731116
3,2,4,67,"null","null","null",49,9.965664,0.66192526,-2.7680697,0.5972326,-3.4750993,-16731116
4,3,5,40,"null","null","null",32,9.550747,2.1597526,-2.0640335,0.4839759,-3.5424104,-16731116
5,4,6,35,"Thraupidae","null","Flowerpiercers",18,8.704921,3.2514372,-0.8866369,0.64591336,-2.9723496,-16731116
6,5,7,28,"null","null","null",15,7.6512737,3.5280142,-0.4185726,1.8281269,-2.32311,-16731116
7,6,8,23,"null","null","null",11,6.394622,3.0657072,-0.61676174,3.1184158,-1.2264458,-16731116
8,7,9,22,"null","null","null",8,4.243415,2.3408177,-1.3385954,3.6562085,-0.34808317,-16731116
9,8,10,21,"null","null","null",7,3.850983,1.6917173,-2.7538369,3.3983042,-0.5755031,-16731116
10,9,11,18,"null","null","null",6,3.3622828,0.3384772,-3.4974675,2.7277966,-1.0444148,-16731116
11,10,12,17,"null","null","null",4,0.27380955,0.52359915,-3.4058783,1.9383897,-2.6073048,-16731116
12,11,13,16,"null","null","null",3,0.18240775,0.658093,-2.7521143,0.8675054,-3.6251104,-16731116
13,12,14,15,"null","null","null",2,0.12830362,1.0880487,-2.1365469,0.46288842,-3.8261657,-16731116
18,10,19,20,"null","null","null",2,1.9232789,2.3612056,-0.41842258,3.6646967,-0.79509103,-12486656
23,7,24,27,"null","null","null",3,1.8781445,3.3814867,-1.1971684,0.31716338,-2.9699662,-12486656
24,23,25,26,"null","null","null",2,0.75208545,3.7952142,-0.39552075,0.64591074,-2.279171,-12486656
28,6,29,34,"null","null","null",4,6.774861,2.1816,-2.1365492,0.60017705,-3.516665,-16731116
29,28,30,33,"null","null","null",3,3.368972,3.3814867,-1.1971684,0.63761437,-2.9699662,-16731116
30,29,31,32,"null","null","null",2,0.44474635,3.7952142,-0.39552075,0.64591074,-2.279171,-16731116
35,5,36,39,"null","null","null",3,5.874894,0.35783035,-2.752118,0.90259635,-3.6251075,-16731116
36,35,37,38,"null","null","null",2,3.2095768,1.0880414,-2.1365492,0.46288753,-3.8261657,-16731116
40,4,41,62,"null","null","null",14,8.683563,0.48357958,-3.413304,1.7993698,-2.4241629,-16731116
41,40,42,53,"null","null","null",11,8.41544,0.6580928,-2.7617683,0.72599226,-3.3870301,-16731116
42,41,43,52,"null","null","null",6,7.88079,2.1643987,-2.1365492,0.46288753,-3.516665,-16731116
43,42,44,49,"Emberizidae","null","null",5,5.093074,3.3591247,-1.0121849,0.63761437,-2.9699662,-16731116
44,43,45,48,"null","null","null",3,2.689555,3.7661438,-0.39552075,1.2371571,-2.279171,-16731116
45,44,46,47,"null","null","null",2,1.9360534,3.4248576,-0.60429025,2.4441776,-1.5045701,-16731116
49,43,50,51,"null","null","null",2,1.6999313,0.34453118,-2.8543968,0.9791603,-3.1268158,-16731116
53,41,54,59,"Emberizidae","null","Sierra-finches",5,6.802933,0.8665037,-3.4851902,2.7414103,-0.63437784,-16731116
54,53,55,58,"null","null","null",3,5.9418883,0.5042394,-3.470633,2.0102203,-2.143427,-16731116
55,54,56,57,"null","null","null",2,5.806548,0.65274847,-2.8543968,0.9791603,-3.1268158,-16731116
59,53,60,61,"null","null","null",2,2.5194845,2.3745208,-0.4072535,3.599762,-0.8210826,-16731116
62,40,63,66,"Emberizidae","null","Seedeaters and more",3,6.111293,1.7788285,-2.627285,3.162859,-0.40147567,-16731116
63,62,64,65,"null","null","null",2,2.3584702,0.64111984,-3.4392328,2.4198709,-0.66423064,-16731116
67,3,68,91,"Emberizidae","null","Finches and more",17,8.5027075,0.84491754,-3.574321,2.6208568,-0.90353423,-16731116
68,67,69,82,"null","null","null",12,7.3076572,0.5235983,-3.505791,1.8475287,-2.4241629,-16731116
69,68,70,79,"null","null","null",7,4.476122,0.6580928,-2.8820014,0.58308595,-3.3870301,-16731116
70,69,71,76,"null","null","null",5,3.8702798,2.1816,-2.3053973,0.46288753,-3.516665,-16731116
71,70,72,75,"null","null","null",3,2.1496718,3.3814867,-1.1971684,0.63761437,-2.9699662,-16731116
72,71,73,74,"null","null","null",2,1.1683494,3.7952142,-0.39552075,0.64591074,-2.279171,-16731116
76,70,77,78,"null","null","null",2,1.3898393,0.5234773,-3.7907968,2.0102203,-1.443365,-16731116
79,69,80,81,"null","null","null",2,1.342445,0.8665037,-3.4392328,2.4198709,-0.38339666,-16731116
82,68,83,88,"null","null","null",5,4.8749485,1.7948439,-2.8520827,3.2712164,-0.40147567,-16731116
83,82,84,87,"null","null","null",3,2.4267695,0.64111984,-3.7314699,2.5607355,-0.66423064,-16731116
84,83,85,86,"null","null","null",2,1.374594,0.5042394,-3.7907968,2.0102203,-1.443365,-16731116
88,82,89,90,"null","null","null",2,1.3200109,3.5116925,-0.31737715,2.2880669,-1.600183,-16731116
91,67,92,97,"null","null","null",5,6.80853,2.673546,-1.1773479,3.424078,-0.7950922,-16731116
92,91,93,96,"null","null","null",3,1.5268104,1.7788285,-2.627285,3.162859,-0.5593003,-16731116
93,92,94,95,"null","null","null",2,1.1988188,0.64111984,-3.4392328,2.4198709,-0.66423064,-16731116
97,91,98,99,"null","null","null",2,2.6000326,3.762613,-0.7370647,0.43901938,-2.3134382,-16731116
100,2,101,114,"Thraupidae","null","Conebills",11,5.666885,1.5297012,-2.7538333,3.233565,-0.3595931,-16731116
101,100,102,113,"null","null","null",7,4.365249,0.52727246,-3.497467,2.5136354,-1.0444086,-16731116
102,101,103,110,"null","null","null",6,3.7113955,0.5235983,-3.4058807,2.0181575,-2.6072993,-16731116
103,102,104,107,"null","null","null",4,3.314463,0.6580928,-2.752118,0.58308595,-3.6251075,-16731116
104,103,105,106,"null","null","null",2,1.2879184,1.0880414,-2.1365492,0.46288753,-3.8261657,-16731116
107,103,108,109,"null","null","null",2,1.4178135,0.8665037,-3.4392328,2.4198709,-0.38339666,-12486656
110,102,111,112,"null","null","null",2,1.4086976,1.7788285,-1.9610639,3.655131,-0.40147567,-16731116
114,100,115,118,"null","null","null",4,3.220772,3.098106,-0.27500218,3.0449016,-1.4209347,-16731116
115,114,116,117,"null","null","null",2,1.1397386,2.3612065,-0.66192436,3.6646943,-0.32388347,-16731116
118,114,119,120,"null","null","null",2,1.1494488,2.7385051,-1.3026711,0.303202,-3.2226896,-16731116
121,1,-268305408,122,"Emberizidae","null","Seedeaters and more",39,4.6314163,2.508491,-1.3840656,3.5929284,-0.7670493,-16731116
122,121,123,134,"null","null","null",7,4.13754,3.5147948,-0.70525634,1.5568728,-2.2791727,-16731116
123,122,124,131,"null","null","null",6,3.196826,3.098106,-0.60428977,2.859812,-1.4209347,-16731116
124,123,125,130,"null","null","null",4,1.8735284,2.3612065,-1.1773479,3.424078,-0.32388347,-16731116
125,124,126,129,"null","null","null",3,1.6032075,1.7788285,-2.627285,3.162859,-0.5593003,-16731116
126,125,127,128,"null","null","null",2,0.58549166,0.64111984,-3.4392328,2.4198709,-0.66423064,-16731116
131,123,132,133,"null","null","null",2,0.31626862,2.7385051,-1.3026711,0.303202,-3.2226896,-16731116
135,0,136,158,"null","null","null",71,11.211234,3.1946878,-0.28913003,3.1463397,-1.3109971,-16731116
136,135,-268306432,137,"null","null","null",55,11.024002,2.508491,-1.3540227,3.6925135,-0.34808218,-16731116
137,136,138,149,"null","null","null",11,10.35776,3.5147948,-0.70525634,1.5568728,-2.3938444,-16731116
138,137,139,146,"null","null","null",6,9.145941,3.098106,-0.60428977,2.859812,-1.4209347,-16731116
139,138,140,145,"Emberizidae","null","null",4,5.351438,2.3612065,-1.1773479,3.424078,-0.32388347,-16731116
140,139,141,144,"null","null","null",3,4.3324,1.7788285,-2.627285,3.162859,-0.5593003,-16731116
141,140,142,143,"null","null","null",2,1.7352942,0.64111984,-3.4392328,2.4198709,-0.66423064,-16731116
146,138,147,148,"Thraupidae","null","Tanagers",2,4.6193547,2.7385051,-1.3026711,0.303202,-3.2226896,-16731116
149,137,150,155,"Emberizidae","null","null",5,4.9844036,2.0262978,-2.3868818,0.6366781,-3.5286388,-16731116
150,149,151,154,"null","null","null",3,2.561973,3.279093,-1.3026711,0.6278839,-3.0229406,-16731116
151,150,152,153,"null","null","null",2,2.2179143,3.762613,-0.37199226,0.6527467,-2.3134382,-16731116
155,149,156,157,"null","null","null",2,1.9808772,0.56239605,-3.8140655,2.0763621,-1.2662508,-16731116
158,135,159,182,"null","null","null",16,8.307498,3.1657763,-1.0032526,0.3171628,-3.1601992,-16731116
159,158,160,179,"null","null","null",12,7.651578,3.5147948,-0.39551976,1.6061935,-2.5264726,-16731116
160,159,161,172,"Thraupidae","null","Dacnis",10,6.743245,3.098106,-0.60428977,2.9239287,-1.3321574,-16731116
161,160,162,171,"null","null","null",6,4.568515,2.3612065,-1.3502693,3.5074296,-0.32388347,-16731116
162,161,163,168,"null","null","null",5,3.9758487,1.7948439,-2.8520827,3.2712164,-0.5593003,-16731116
163,162,164,167,"null","null","null",3,1.7790529,0.64111984,-3.7314699,2.5607355,-0.66423064,-16731116
164,163,165,166,"null","null","null",2,1.2814754,0.5042394,-3.7907968,2.0102203,-1.443365,-16731116
168,162,169,170,"null","null","null",2,1.4186147,3.5116925,-0.31737715,2.2880669,-1.600183,-12486656
172,160,173,178,"null","null","null",4,3.6199818,3.3004153,-1.3026711,0.303202,-3.0229406,-12486656
173,172,174,177,"null","null","null",3,2.5301268,3.790332,-0.37199226,1.0472816,-2.3134382,-12486656
174,173,175,176,"null","null","null",2,1.3578545,3.5116925,-0.5905186,2.2880669,-1.600183,-11184866
179,159,180,181,"null","null","null",2,2.5417488,0.9094076,-2.1905546,0.6366781,-3.8270526,-16731116
182,158,183,188,"Thraupidae","null","Honeycreepers",4,6.549776,0.34453064,-2.834292,0.97916484,-3.443476,-16731116
183,182,184,187,"null","null","null",3,4.413432,1.6104609,-2.1905546,0.44105673,-3.6822917,-16731116
184,183,185,186,"null","null","null",2,3.8470774,2.7385051,-1.3026711,0.6278839,-3.2226896,-16731116
