index,parent,child1,child2,name1,name2,common,richness,lengthbr,hxmax,hxmin,hymax,hymin,color
0,-268206061,1,116,"null","null","null",204,29.4,0.40148157,-3.4008198,1.6994865,-2.6721158,-16731116
1,0,2,49,"null","null","null",146,29.4,0.7517928,-2.7292204,0.52432394,-3.4975266,-16731116
2,1,3,20,"null","null","null",112,29.4,2.296076,-1.9536076,0.5042366,-3.4866824,-16731116
3,2,4,-268200960,"null","null","null",97,29.4,3.3252745,-0.7771543,0.6527476,-2.8752642,-16731116
4,3,-268203008,5,"null","null","null",68,29.4,3.5286393,-0.44105446,1.9384234,-2.2438135,-16731116
5,4,6,17,"null","null","null",8,29.4,2.1597314,-2.216559,0.5624,-3.4921463,-12486656
6,5,7,14,"Dasymys","some","Shaggy Rats and Marsh Rats",6,6.5,3.2514253,-0.87069386,0.64591223,-2.90701,-12486656
7,6,8,13,"null","null","null",4,6.5,3.5280132,-0.41856912,1.8652868,-2.2381623,-12486656
8,7,9,12,"null","null","null",3,6.5,3.065713,-0.61675996,3.1667385,-1.4052837,-16731116
9,8,10,11,"null","null","null",2,3.9,2.3408213,-0.6580919,3.7190437,-0.3480795,-16731116
14,6,15,16,"null","null","null",2,6.5,0.35782835,-2.716219,0.90259886,-3.239977,-16731116
17,5,18,19,"Hadromys","null","null",2,5.0,0.48358572,-3.7564604,1.9384029,-1.6186361,-8572416
20,2,21,46,"null","null","null",15,29.4,0.4428649,-3.3352518,1.9094193,-2.5434334,-12486656
21,20,22,45,"null","null","null",13,29.4,0.66192484,-2.6488132,0.7546976,-3.4364245,-16731116
22,21,23,36,"null","null","null",12,29.400002,2.1597314,-2.0607495,0.48397276,-3.4921463,-12486656
23,22,24,31,"null","null","null",7,14.1,3.2514253,-0.88665503,0.64591223,-2.90701,-12486656
24,23,25,30,"Millardia","null","null",4,9.3,3.5280132,-0.41856912,1.8652868,-2.2381623,-12486656
25,24,26,29,"null","null","null",3,9.3,3.065713,-0.61675996,3.1667385,-1.4052837,-12486656
26,25,27,28,"null","null","null",2,9.3,2.3408213,-0.6580919,3.7190437,-0.3480795,-16731116
31,23,32,35,"null","null","null",3,7.4,0.35782835,-2.7521315,0.90259886,-3.6250978,-12486656
32,31,33,34,"null","null","null",2,7.4,1.0880142,-2.136558,0.46288425,-3.8261666,-11184866
36,22,37,42,"Pogonomys","null","null",5,11.7,0.48358572,-3.4058893,2.0181713,-2.6072805,-16731116
37,36,38,41,"null","null","null",3,11.7,0.65809214,-2.7521315,0.8675264,-3.6250978,-12486656
38,37,39,40,"null","null","null",2,4.6,1.0880142,-2.136558,0.46288425,-3.8261666,-12486656
42,36,43,44,"null","null","null",2,11.7,1.7788389,-1.9610431,3.6551383,-0.4014814,-16731116
46,20,47,48,"Nesokia","some","Bandicoot Rats",2,5.0,1.6917316,-2.1268003,3.5885587,-0.35959888,-12486656
49,1,50,103,"null","null","null",34,29.4,0.82108617,-3.5723217,2.6209033,-1.0522718,-16731116
50,49,51,100,"null","null","null",27,29.4,0.54197377,-3.426992,1.9094193,-2.5434334,-16731116
51,50,52,79,"null","null","null",25,29.4,0.67643666,-2.7680755,0.6447744,-3.4364245,-16731116
52,51,53,74,"null","null","null",14,29.4,2.2620752,-2.048472,0.48397276,-3.4921463,-16731116
53,52,54,69,"Lemniscomys","null","Striped Grass Mice",11,14.2,3.3844724,-0.88665503,0.64591223,-2.90701,-16731116
54,53,55,68,"null","null","null",8,14.2,3.700975,-0.41856912,1.7065775,-2.2381623,-16731116
55,54,56,65,"null","null","null",7,14.2,3.290563,-0.61675996,2.9604163,-1.2878772,-16731116
56,55,57,62,"null","null","null",5,14.2,2.6331263,-1.3545718,3.4508247,-0.3480795,-16731116
57,56,58,61,"null","null","null",3,14.2,1.6917307,-2.7746193,3.1313148,-0.5755007,-16731116
58,57,59,60,"null","null","null",2,4.5,0.52728534,-3.5245008,2.3807092,-0.665,-16731116
62,56,63,64,"null","null","null",2,14.2,3.79521,-0.70526004,0.55373085,-2.2791767,-16731116
65,55,66,67,"null","null","null",2,14.2,2.875559,-1.1971848,0.31716126,-3.1081588,-12486656
69,53,70,73,"null","null","null",3,14.2,0.35782835,-2.7521315,0.90259886,-3.6250978,-16731116
70,69,71,72,"null","null","null",2,14.2,1.0880142,-2.136558,0.46288425,-3.8261666,-16731116
74,52,75,78,"null","null","null",3,29.4,0.48358572,-3.3782644,1.9384029,-2.3110337,-11184866
75,74,76,77,"Pithecheir","null","null",2,5.0,0.65809214,-2.716219,0.8675264,-3.239977,-11184866
79,51,80,97,"null","null","null",11,29.4,0.8449211,-3.574321,2.7278004,-0.9518948,-12486656
80,79,81,92,"null","null","null",9,15.9,0.52359575,-3.505802,1.7993869,-2.4870417,-12486656
81,80,82,89,"null","null","null",6,15.9,0.65809214,-2.8820179,0.583107,-3.4687872,-16731116
82,81,83,86,"null","null","null",4,9.3,1.7924132,-2.3054104,0.46288425,-3.6229632,-16731116
83,82,84,85,"null","null","null",2,9.3,2.875559,-1.1971848,0.637613,-3.1081588,-16731116
86,82,87,88,"null","null","null",2,9.3,0.52348334,-3.7908015,2.01023,-1.4433393,-16731116
89,81,90,91,"null","null","null",2,4.6,0.8665067,-3.4392204,2.419892,-0.38339478,-11184866
92,80,93,96,"null","null","null",3,15.9,1.7788389,-2.6272664,3.1628733,-0.4014814,-11184866
93,92,94,95,"null","null","null",2,15.9,0.6411331,-3.4392219,2.4198897,-0.66423047,-12486656
97,79,98,99,"null","null","null",2,29.4,2.361209,-0.4184206,3.6646872,-0.7950959,-16731116
100,50,101,102,"null","null","null",2,5.0,1.6917316,-2.1268003,3.5885587,-0.35959888,-12486656
103,49,104,115,"null","null","null",7,29.4,2.340822,-1.3259987,3.5294883,-0.76705325,-12486656
104,103,105,114,"Bunomys","null","Hill Rats",6,13.0,1.6917316,-2.737475,3.2335782,-0.5755006,-12486656
105,104,106,113,"null","null","null",5,13.0,0.5272858,-3.476214,2.5136518,-0.8165077,-12486656
106,105,107,110,"null","null","null",4,13.0,0.52359605,-3.3782613,2.0181699,-2.3110373,-12486656
107,106,108,109,"null","null","null",2,13.0,0.6580922,-2.7162147,0.8675231,-3.23998,-11184866
110,106,111,112,"null","null","null",2,13.0,1.7788374,-1.9610459,3.6551375,-0.40148073,-16731116
116,0,117,153,"null","null","null",58,29.4,1.5187924,-2.8931744,3.2971153,-0.3173825,-16731116
117,116,118,140,"null","null","null",40,29.4,0.29948908,-3.57267,2.6047654,-1.0751562,-16731116
118,117,119,133,"null","null","null",33,29.4,0.541974,-3.427444,1.7306705,-2.573182,-16731116
119,118,-268201984,120,"null","null","null",29,29.400002,0.67644143,-2.768663,0.54959404,-3.475096,-16731116
120,119,121,132,"Arvicanthis","null","Grass Rats",7,10.8,0.8449204,-3.497466,2.5136495,-0.95189875,-16731116
121,120,122,129,"null","null","null",6,10.8,0.52359635,-3.405888,2.0181682,-2.4870446,-16731116
122,121,123,128,"null","null","null",4,10.8,0.65809226,-2.752129,0.8675231,-3.4687877,-16731116
123,122,124,127,"null","null","null",3,6.9,1.7924187,-2.1365566,0.4628849,-3.622961,-16731116
124,123,125,126,"null","null","null",2,6.9,2.8755634,-1.1971815,0.6376133,-3.1081553,-16731116
129,121,130,131,"null","null","null",2,10.8,1.7788361,-1.9610482,3.6551366,-0.40148008,-16731116
133,118,134,139,"Berylmys","null","White-toothed Rats",4,10.1,1.6917303,-2.9612625,3.1863766,-0.35959825,-16731116
134,133,135,138,"null","null","null",3,10.1,0.5272839,-3.767136,2.4522898,-0.665,-16731116
135,134,136,137,"null","null","null",2,10.1,0.52359635,-3.7564592,1.9384005,-1.6186413,-11513776
140,117,141,152,"null","null","null",7,29.4,2.3408217,-1.326001,3.4931798,-0.76705277,-16731116
141,140,142,149,"null","null","null",6,29.4,1.6749383,-2.7374768,3.1863766,-0.57550085,-16731116
142,141,143,148,"null","null","null",4,29.4,0.5272839,-3.476215,2.4522898,-0.81650966,-16731116
143,142,144,147,"Bandicota","some","Bandicoot Rats",3,8.0,0.52359635,-3.3782616,1.9384005,-2.3110387,-16731116
144,143,145,146,"null","null","null",2,8.0,0.65809226,-2.7162147,0.8675231,-3.23998,-16731116
149,141,150,151,"Phloeomys","null","null",2,5.0,3.4248698,-0.27500066,2.4441574,-1.5045828,-12486656
153,116,154,185,"null","null","null",18,29.4,3.2578793,-0.2891283,3.1463294,-1.2878759,-16731116
154,153,155,170,"null","null","null",16,29.400002,2.5906374,-1.3385757,3.692511,-0.34807962,-16731116
155,154,156,169,"null","null","null",8,15.1,1.6917303,-2.753824,3.4455068,-0.57550085,-16731116
156,155,157,164,"null","null","null",7,15.1,0.33848858,-3.497466,2.7891593,-1.0443912,-16731116
157,156,158,163,"null","null","null",4,15.1,0.52359635,-3.405888,1.9384005,-2.6072845,-16731116
158,157,159,162,"null","null","null",3,15.1,0.65809226,-2.752129,0.8675231,-3.6250997,-16731116
159,158,160,161,"null","null","null",2,15.1,1.0880196,-2.1365566,0.4628849,-3.8261666,-16731116
164,156,165,168,"null","null","null",3,15.1,2.3612084,-0.66485244,3.8027482,-0.7950951,-16731116
165,164,166,167,"null","null","null",2,15.1,1.7788361,-1.9610482,3.6551366,-0.55929875,-16731116
170,154,171,184,"Hylomyscus","null","null",8,5.0,3.6996105,-0.70525986,1.7809258,-2.2791765,-16731116
171,170,172,179,"null","null","null",7,5.0,3.3383713,-0.6042886,3.1510894,-1.3321667,-12486656
172,171,173,176,"null","null","null",4,5.0,2.6735497,-0.66485244,3.8027482,-0.32388124,-12486656
173,172,174,175,"null","null","null",2,5.0,1.7788361,-1.9610482,3.6551366,-0.55929875,-16731116
176,172,177,178,"null","null","null",2,3.7,3.76261,-0.7370676,0.4390185,-2.3134413,-11184866
179,171,180,183,"null","null","null",3,5.0,3.2790847,-1.3026788,0.30320072,-3.0229447,-12486656
180,179,181,182,"null","null","null",2,5.0,3.76261,-0.37199044,0.6527471,-2.3134413,-12486656
185,153,186,187,"Rhabdomys","null","null",2,5.0,2.8755617,-1.1971824,0.31716132,-3.1081567,-16731116
