index,parent,child1,child2,name1,name2,common,richness,lengthbr,hxmax,hxmin,hymax,hymin,color
0,-268175297,1,217,"","null","Pygmy Squirrels, Giant Squirrels and more",147,32.7,0.93439436,-2.7891622,0.33849317,-3.5064232,-16731116
1,0,2,202,"null","null","null",144,26.2,2.4642932,-1.847547,0.5235952,-3.4175372,-16731116
2,1,3,115,"null","null","null",136,26.2,3.4392173,-0.70805204,0.658092,-2.767274,-16731116
3,2,4,100,"null","null","null",92,26.2,3.5845234,-0.4628839,2.1250067,-2.1562426,-16731116
4,3,5,93,"null","null","null",84,20.900002,3.058188,-0.6376129,3.3079321,-1.0032667,-16731116
5,4,6,-268149760,"null","null","null",80,18.2,2.393853,-1.663125,3.6996102,-0.3955168,-16731116
6,5,7,58,"","null","Flying Squirrels",44,13.799999,1.380814,-2.9979515,3.3383727,-0.6042881,-16731116
7,6,8,55,"null","null","null",26,10.400001,0.32388037,-3.6036725,2.6735508,-1.1974823,-12486656
8,7,9,42,"null","null","null",24,10.3,0.55929816,-3.3963406,1.6207708,-2.65347,-16731116
9,8,10,27,"null","null","null",17,8.2,0.7517928,-2.7233973,0.5782621,-3.473287,-12486656
10,9,11,20,"Petinomys","null","null",9,7.1,2.296076,-1.957715,0.5042366,-3.455171,-12486656
11,10,12,19,"null","null","null",5,7.1,3.3252745,-0.97917616,0.6527476,-2.8342996,-11184866
12,11,13,18,"null","null","null",4,7.1,3.5286393,-0.44105446,2.0262814,-2.1905599,-11184866
13,12,14,17,"null","null","null",3,7.1000004,3.0229454,-0.6278829,3.2790818,-1.3026817,-11184866
14,13,15,16,"null","null","null",2,2.2,2.3134413,-0.6527472,3.762609,-0.37198985,-12486656
20,10,21,26,"null","null","null",4,7.1,0.4428649,-3.3444939,1.861171,-2.7339191,-16731116
21,20,22,25,"null","null","null",3,7.1,0.66192484,-2.660828,0.7546976,-3.6840558,-16731116
22,21,23,24,"null","null","null",2,2.2,1.2662327,-2.076369,0.48397276,-3.8140671,-16731116
27,9,28,37,"null","null","null",8,8.2,0.82108617,-3.5592191,2.7422643,-1.1987991,-16731116
28,27,29,36,"null","null","null",5,5.2,0.54197377,-3.4099588,1.861171,-2.7339191,-16731116
29,28,30,33,"null","null","null",4,5.2,0.66192484,-2.745932,0.49051207,-3.6840558,-16731116
30,29,31,32,"null","null","null",2,5.2,1.2662327,-2.076369,0.48397276,-3.8140671,-12486656
33,29,34,35,"null","null","null",2,2.2,0.8449211,-3.5244987,2.3807101,-0.39556122,-16731116
37,27,38,41,"Petaurillus","null","Pygmy Flying Squirrels",3,3.6,2.340822,-0.85624886,3.8025503,-0.76705325,-11513776
38,37,39,40,"null","null","null",2,3.6,1.6917316,-2.1268003,3.5885587,-0.5755006,-11513776
42,8,43,52,"null","null","null",7,9.8,1.5501398,-2.84409,3.1200051,-0.3173825,-16731116
43,42,44,51,"null","null","null",5,6.4,0.4136026,-3.5088603,2.3745222,-1.1988022,-12486656
44,43,45,50,"null","null","null",4,5.5,0.541974,-3.3444915,1.8611698,-2.733922,-16731116
45,44,46,49,"null","null","null",3,4.5,0.66192484,-2.660825,0.7546941,-3.6840577,-16731116
46,45,47,48,"null","null","null",2,3.1,1.2662381,-2.076367,0.48397338,-3.8140666,-11513776
52,42,53,54,"Glaucomys","null","null",2,3.4,3.3284109,-0.2891283,2.5944998,-1.405283,-16731116
55,7,56,57,"Iomys","null","null",2,2.7,2.3134422,-0.43901813,3.7626088,-0.73706865,-12486656
58,6,59,90,"null","null","null",18,11.599999,3.1323948,-0.30320022,3.0686347,-1.1514504,-16731116
59,58,60,75,"null","null","null",16,11.599999,2.4557252,-1.474984,3.489029,-0.3719896,-12486656
60,59,61,74,"Petaurista","null","Giant Flying Squirrels",8,7.4999995,1.6001931,-2.84409,3.1200051,-0.59051704,-16731116
61,60,62,73,"null","null","null",7,7.3999996,0.4136026,-3.5088603,2.3745222,-1.0796628,-16731116
62,61,63,70,"null","null","null",6,7.2,0.541974,-3.3444915,1.9094174,-2.5790405,-16731116
63,62,64,69,"null","null","null",4,6.3,0.66192484,-2.660825,0.7546941,-3.482712,-16731116
64,63,65,68,"null","null","null",3,4.6,1.9703064,-2.076367,0.48397338,-3.5523171,-12486656
65,64,66,67,"null","null","null",2,3.0,3.0051699,-1.0892038,0.6459124,-2.9852314,-12486656
70,62,71,72,"null","null","null",2,2.6,1.6917303,-2.1268024,3.5885572,-0.35959825,-16731116
75,59,76,87,"null","null","null",8,8.3,3.5280137,-0.6717541,1.706578,-2.4606762,-11184866
76,75,77,84,"null","null","null",6,8.1,3.0657134,-0.61676,2.9604168,-1.2878759,-11184866
77,76,78,83,"null","null","null",4,6.1,2.3408217,-1.3545724,3.4508247,-0.34807962,-11184866
78,77,79,82,"null","null","null",3,4.6,1.6917303,-2.7746198,3.1313148,-0.57550085,-11184866
79,78,80,81,"null","null","null",2,3.0,0.5272839,-3.5245008,2.3807096,-0.665,-3014646
84,76,85,86,"Aeromys","null","null",2,2.9,2.8755617,-1.1971824,0.31716132,-3.1081567,-11513776
87,75,88,89,"null","null","null",2,8.3,1.0880178,-2.136557,0.60018253,-3.8261664,-12486656
90,58,91,92,"Pteromys","null","null",2,6.0,3.005167,-1.0892061,0.33095554,-2.9852347,-16731116
93,4,94,99,"Ratufa","some","Giant Squirrels",4,8.0,3.4434724,-0.9791769,0.3445289,-2.8343005,-12486656
94,93,95,98,"null","null","null",3,6.2,3.6822977,-0.44105422,1.6104403,-2.1905606,-12486656
95,94,96,97,"null","null","null",2,4.2,3.222702,-0.6278828,2.7384892,-1.3026825,-12486656
100,3,101,112,"null","null","null",8,20.0,2.2960746,-2.1206875,0.523484,-3.4551716,-12486656
101,100,102,111,"null","null","null",6,15.799999,3.325274,-0.9791769,0.6527475,-2.8343005,-12486656
102,101,103,110,"Prosciurillus","some","Dwarf Squirrels and more",5,12.7,3.5286398,-0.44105422,2.02628,-2.1905606,-16731116
103,102,104,107,"null","null","null",4,12.7,3.0229464,-0.6278828,3.2790809,-1.1514504,-16731116
104,103,105,106,"null","null","null",2,12.7,2.3134422,-0.6527473,3.7626088,-0.3719896,-11513776
107,103,108,109,"null","null","null",2,5.6,3.005167,-1.0892061,0.33095554,-2.9852347,-16731116
112,100,113,114,"Hyosciurus","null","null",2,5.1,0.4428653,-3.7111802,1.8611718,-1.7914302,-12486656
115,2,116,171,"null","null","null",44,26.199999,0.8143009,-2.701016,0.86650705,-3.4732869,-16731116
116,115,117,146,"null","null","null",28,26.199999,2.3773372,-1.9945835,0.50423634,-3.4551716,-16731116
117,116,118,145,"Sundasciurus","null","null",15,17.8,3.430915,-0.9791769,0.6527475,-2.8343005,-16731116
118,117,119,144,"null","null","null",14,17.8,3.6659732,-0.44105422,1.8643985,-2.1905606,-16731116
119,118,120,133,"null","null","null",13,17.8,3.2014802,-0.6278828,3.0686347,-1.192757,-16731116
120,119,121,128,"null","null","null",7,17.8,2.5455363,-1.6418878,3.489029,-0.3719896,-16731116
121,120,122,127,"null","null","null",4,17.8,1.6001931,-3.061065,3.1200051,-0.59051704,-16731116
122,121,123,126,"null","null","null",3,17.8,0.4136026,-3.7909276,2.3745222,-0.66423035,-16731116
123,122,124,125,"null","null","null",2,17.8,0.541974,-3.7111788,1.8611698,-1.7914344,-12486656
128,120,129,132,"null","null","null",3,17.8,3.7300887,-0.6717541,1.4251035,-2.2381625,-12486656
129,128,130,131,"null","null","null",2,17.8,3.3284109,-0.61676,2.5944998,-1.405283,-16731116
133,119,134,143,"null","null","null",6,17.8,3.2514257,-1.0892061,0.33095554,-3.0781746,-16731116
134,133,135,140,"null","null","null",5,17.8,3.5280137,-0.41856924,1.8652878,-2.4606762,-16731116
135,134,136,139,"null","null","null",3,17.8,3.0657134,-0.61676,3.1667395,-1.405283,-16731116
136,135,137,138,"null","null","null",2,17.8,2.3408217,-0.6580919,3.7190442,-0.34807962,-16731116
140,134,141,142,"null","null","null",2,17.8,1.0880178,-2.136557,0.60018253,-3.8261664,-16731116
146,116,147,166,"null","null","null",13,26.199999,0.4428653,-3.427446,1.7062007,-2.5434332,-16731116
147,146,148,159,"null","null","null",10,18.099998,0.7291206,-2.7686656,0.52232623,-3.4364252,-16731116
148,147,149,156,"Dremomys","null","Red-cheeked Squirrel",6,12.2,2.330564,-2.216558,0.48397285,-3.4921465,-16731116
149,148,150,153,"null","null","null",4,12.2,3.4735072,-0.87069225,0.64591223,-2.90701,-16731116
150,149,151,152,"null","null","null",2,12.2,3.8167195,-0.41856924,0.7310606,-2.2381625,-16731116
153,149,154,155,"null","null","null",2,12.2,0.3578284,-2.716216,0.90259874,-3.2399788,-16731116
156,148,157,158,"null","null","null",2,4.7,0.48358554,-3.7564592,1.9384025,-1.6186383,-16731116
159,147,160,165,"Tamiops","null","Asiatic Striped Squirrels",4,9.4,0.844921,-3.4762137,2.4522927,-0.8165059,-16731116
160,159,161,164,"null","null","null",3,7.4,0.5235958,-3.378262,1.9384025,-2.3110356,-16731116
161,160,162,163,"null","null","null",2,7.4,0.65809214,-2.716216,0.86752415,-3.2399788,-16731116
166,146,167,170,"Exilisciurus","null","Pygmy Squirrels",3,13.2,1.6917332,-2.7746146,3.1313152,-0.35959932,-16731116
167,166,168,169,"null","null","null",2,5.7,0.52728903,-3.5244977,2.3807096,-0.665,-16731116
171,115,172,195,"null","null","null",16,19.2,0.8210864,-3.5088606,2.7422647,-1.0522709,-16731116
172,171,173,194,"null","null","null",12,17.6,0.5419736,-3.3444936,1.8611718,-2.5434332,-16731116
173,172,174,193,"null","null","null",11,17.300001,0.6619248,-2.6608276,0.7546971,-3.4364252,-16731116
174,173,175,192,"null","null","null",10,17.2,2.159732,-2.0763686,0.48397285,-3.4921465,-16731116
175,174,176,191,"null","null","null",9,16.800001,3.2514257,-1.0892061,0.64591223,-2.90701,-16731116
176,175,177,190,"null","null","null",8,16.6,3.5280137,-0.41856924,1.7316403,-2.2381625,-16731116
177,176,178,189,"null","null","null",7,16.300001,3.0657134,-0.61676,2.9929976,-1.405283,-16731116
178,177,179,188,"null","null","null",6,16.1,2.3408217,-1.326001,3.4931798,-0.34807962,-16731116
179,178,180,187,"null","null","null",5,16.0,1.6917303,-2.7374768,3.1863766,-0.57550085,-16731116
180,179,181,186,"null","null","null",4,15.900001,0.5272839,-3.476215,2.4522898,-0.81650966,-16731116
181,180,182,185,"null","null","null",3,15.700001,0.52359635,-3.3782616,1.9384005,-2.3110387,-16731116
182,181,183,184,"null","null","null",2,15.1,0.65809226,-2.7162147,0.8675231,-3.23998,-16731116
195,171,196,199,"Lariscus","null","null",4,9.0,2.633128,-0.8562442,3.8025503,-0.7670536,-16731116
196,195,197,198,"null","null","null",2,9.0,1.6917341,-2.1267958,3.58856,-0.5755003,-16731116
199,195,200,201,"null","null","null",2,9.0,3.79521,-0.70526093,0.55372626,-2.2791777,-12486656
202,1,203,212,"null","null","null",8,26.2,0.40148264,-3.2712283,1.6207732,-2.6534677,-16731116
203,202,204,211,"Funambulus","null","null",5,10.4,0.88761854,-2.5607514,0.6411365,-3.4732869,-16731116
204,203,205,210,"null","null","null",4,8.3,2.47265,-2.010231,0.50423634,-3.4551716,-12486656
205,204,206,209,"null","null","null",3,6.6,3.554822,-0.9791769,0.6527475,-2.8343005,-12486656
206,205,207,208,"null","null","null",2,6.6,3.827052,-0.44105422,0.9093875,-2.1905606,-11184866
212,202,213,216,"null","null","null",3,26.2,1.6001966,-2.9140034,3.1200056,-0.31738362,-16731116
213,212,214,215,"null","null","null",2,19.3,0.41360754,-3.5997515,2.3745224,-0.66423047,-16731116
217,0,218,221,"null","null","null",3,8.5,0.79509676,-3.8027482,2.3612092,-0.66484094,-16731116
218,217,219,220,"null","null","null",2,8.5,0.5592977,-3.6551406,1.7788414,-1.9610381,-16731116
