index,parent,child1,child2,name1,name2,common,richness,lengthbr,hxmax,hxmin,hymax,hymin,color
0,-268229626,1,208,"null","null","null",190,19.38614,3.461529,-0.86752254,0.65809226,-2.752128,-16731116
1,0,2,207,"null","null","null",189,17.123762,3.613524,-0.46288514,2.1128852,-2.1365557,-16731116
2,1,3,204,"null","null","null",188,16.565834,3.0958867,-0.6376134,3.2921689,-1.0122006,-16731116
3,2,4,142,"null","null","null",186,15.421648,2.4428635,-1.6730632,3.6791124,-0.39551812,-16731116
4,3,5,134,"null","null","null",92,14.328183,1.4246762,-3.010866,3.3117228,-0.6042888,-16731116
5,4,6,115,"null","null","null",65,12.598551,0.32388172,-3.6204553,2.6389072,-1.2503675,-16731116
6,5,7,76,"null","null","null",55,10.433687,0.5592991,-3.4181542,1.6930455,-2.7222161,-16731116
7,6,8,57,"null","null","null",35,9.872241,0.82468283,-2.7517552,0.56176096,-3.5626512,-16731116
8,7,9,48,"null","null","null",25,8.056621,2.3908284,-1.9577075,0.50423795,-3.5713387,-16731116
9,8,10,37,"null","null","null",20,7.047475,3.448445,-0.7673043,0.652748,-2.9853158,-16731116
10,9,11,34,"null","null","null",14,5.128764,3.6887543,-0.441056,1.8644108,-2.3868842,-16731116
11,10,12,23,"null","null","null",12,3.9559612,3.2310922,-0.62788355,3.068643,-1.116675,-16731116
12,11,13,20,"null","null","null",6,2.8084996,2.5840344,-1.5287814,3.4890313,-0.37199152,-16731116
13,12,14,17,"null","null","null",4,2.1844134,1.55013,-2.914019,3.1200035,-0.59051824,-16731116
14,13,15,16,"null","null","null",2,1.729368,0.4135942,-3.5997598,2.3745208,-0.6642302,-16731116
17,13,18,19,"null","null","null",2,1.7832407,3.328404,-0.28912947,2.5945096,-1.4052767,-16731116
20,12,21,22,"null","null","null",2,0.34658593,3.816721,-0.6717514,0.7310724,-2.2381592,-16731116
23,11,24,33,"null","null","null",6,3.5272727,3.2514307,-1.0891994,0.33095664,-2.9070053,-16731116
24,23,25,32,"null","null","null",5,3.2714942,3.5280137,-0.41857076,1.9147083,-2.2381592,-16731116
25,24,26,31,"null","null","null",4,2.452516,3.0657103,-0.61676085,3.2309797,-1.4052767,-16731116
26,25,27,30,"null","null","null",3,1.1666688,2.3408196,-0.8562642,3.8025498,-0.34808123,-16731116
27,26,28,29,"null","null","null",2,0.81590813,1.6917245,-2.1268134,3.5885527,-0.5755019,-16731116
34,10,35,36,"null","null","null",2,1.9168686,1.2662454,-2.0763643,0.56239724,-3.814066,-16731116
37,9,38,47,"null","null","null",6,6.214307,0.689698,-2.6608212,0.8857566,-3.4364276,-16731116
38,37,39,46,"null","null","null",5,3.9960923,2.2793105,-2.0763643,0.48397422,-3.492144,-16731116
39,38,40,45,"null","null","null",4,2.8578603,3.4068708,-1.0891994,0.64591277,-2.9070053,-16731116
40,39,41,44,"null","null","null",3,2.438887,3.7300858,-0.41857076,1.425116,-2.2381592,-16731116
41,40,42,43,"null","null","null",2,0.9383209,3.328404,-0.61676085,2.5945096,-1.4052767,-16731116
48,8,49,54,"null","null","null",5,5.4815574,0.44286197,-3.344489,1.9094133,-2.7339268,-16731116
49,48,50,53,"null","null","null",3,4.6020126,0.66192496,-2.6608212,0.7546901,-3.6840599,-16731116
50,49,51,52,"null","null","null",2,1.832,1.2662454,-2.0763643,0.48397422,-3.814066,-16731116
54,48,55,56,"null","null","null",2,0.8600499,1.6917281,-2.1268067,3.5885556,-0.35959655,-16731116
57,7,58,73,"null","null","null",10,6.3278155,0.8210844,-3.623031,2.705148,-1.0796676,-16731116
58,57,59,70,"null","null","null",8,4.7108436,0.5419747,-3.49291,1.9094133,-2.5790436,-16731116
59,58,60,65,"null","null","null",6,2.6431231,0.66192496,-2.8537683,0.52231866,-3.482712,-12486656
60,59,61,64,"null","null","null",3,1.6106713,1.9703138,-2.0763643,0.48397422,-3.5523138,-16731116
61,60,62,63,"null","null","null",2,0.7721989,3.005175,-1.0891994,0.64591277,-2.9852262,-16731116
65,59,66,69,"null","null","null",3,1.6888313,0.84491944,-3.7671363,2.4522867,-0.39556205,-11184866
66,65,67,68,"null","null","null",2,0.5748574,0.5235968,-3.7564573,1.9383985,-1.6186471,-12486656
70,58,71,72,"null","null","null",2,1.8063234,1.6917281,-2.1268067,3.5885556,-0.35959655,-16731116
73,57,74,75,"null","null","null",2,2.7425067,2.3408208,-0.4290239,3.7190452,-0.7670516,-16731116
76,6,77,104,"null","null","null",20,8.40054,1.5333146,-2.931917,3.2826333,-0.31738016,-16731116
77,76,78,95,"null","null","null",14,7.238036,0.39173198,-3.623031,2.5859394,-1.0522804,-16731116
78,77,79,94,"null","null","null",9,5.375817,0.5419747,-3.49291,1.8611665,-2.5434403,-16731116
79,78,80,89,"null","null","null",8,4.3864517,0.72913146,-2.8537683,0.52231866,-3.4364276,-16731116
80,79,81,88,"null","null","null",5,2.5270228,2.330574,-2.0763643,0.48397422,-3.492144,-16731116
81,80,82,85,"null","null","null",4,2.5270228,3.4735134,-0.8706838,0.64591277,-2.9070053,-16731116
82,81,83,84,"null","null","null",2,1.3551738,3.816721,-0.41857076,0.7310724,-2.2381592,-16731116
85,81,86,87,"null","null","null",2,1.1013573,0.35782927,-2.716209,0.90259767,-3.2399843,-16731116
89,79,90,93,"null","null","null",3,1.5723882,0.84491944,-3.7671363,2.4522867,-0.39556205,-16731116
90,89,91,92,"null","null","null",2,1.1475593,0.5235968,-3.7564573,1.9383985,-1.6186471,-16731116
95,77,96,101,"null","null","null",5,6.2796164,2.6331253,-1.3545772,3.4508257,-0.7670516,-16731116
96,95,97,100,"null","null","null",3,3.5670166,1.6917281,-2.7746239,3.1313145,-0.5755012,-16731116
97,96,98,99,"null","null","null",2,1.6041048,0.5272817,-3.5245032,2.3807092,-0.665,-16731116
101,95,102,103,"null","null","null",2,3.591986,3.795211,-0.705259,0.5537361,-2.2791758,-16731116
104,76,105,112,"null","null","null",6,6.8242908,3.2905617,-0.2891289,3.2309766,-1.2878731,-16731116
105,104,106,109,"null","null","null",4,4.9649854,2.6331253,-0.85625637,3.8025498,-0.34808022,-16731116
106,105,107,108,"null","null","null",2,2.5002441,1.6917281,-2.1268067,3.5885556,-0.5755012,-16731116
109,105,110,111,"null","null","null",2,1.9055696,3.795211,-0.705259,0.5537361,-2.2791758,-16731116
112,104,113,114,"null","null","null",2,2.1217973,2.8755634,-1.1971815,0.31716168,-3.1081553,-16731116
115,5,116,129,"null","null","null",10,11.392826,2.5455332,-1.4436026,3.684667,-0.737067,-16731116
116,115,117,126,"null","null","null",7,6.395179,1.5501353,-2.8032904,3.3743324,-0.59051764,-16731116
117,116,118,123,"null","null","null",5,3.87574,0.29949006,-3.4558165,2.705148,-0.9977443,-16731116
118,117,119,122,"null","null","null",3,2.1806068,0.5419747,-3.2755313,1.8611665,-2.4725435,-16731116
119,118,120,121,"null","null","null",2,0.9073902,0.66192496,-2.571176,0.7546901,-3.3442616,-16731116
123,117,124,125,"null","null","null",2,1.5423992,2.3408208,-0.4290239,3.7190452,-0.7670516,-16731116
126,116,127,128,"null","null","null",2,1.723916,3.3284082,-0.2891289,2.5945039,-1.4052806,-12486656
129,115,130,133,"null","null","null",3,8.185585,3.7300878,-0.67175275,1.4251086,-2.238161,-16731116
130,129,131,132,"null","null","null",2,1.894664,3.3284082,-0.6167603,2.5945039,-1.4052806,-16731116
134,4,-268223488,135,"null","null","null",27,12.8662615,3.2310948,-0.303201,3.1648693,-1.1166797,-16731116
135,134,136,141,"","null","Sapsuckers",4,6.062371,3.4068692,-1.0892038,0.3309561,-2.9070082,-16731116
136,135,137,140,"null","null","null",3,1.0787665,3.7300878,-0.4185698,1.4251086,-2.238161,-16731116
137,136,138,139,"null","null","null",2,0.20546666,3.3284082,-0.6167603,2.5945039,-1.4052806,-16731116
142,3,143,173,"null","null","null",94,14.207258,3.6389217,-0.63668066,1.9384282,-2.2785776,-16731116
143,142,-268222464,144,"null","null","null",78,10.813646,3.1663113,-0.6278832,3.1648693,-1.1166797,-16731116
144,143,145,166,"null","null","null",15,9.428582,3.378595,-0.92879295,0.3309561,-2.9070082,-16731116
145,144,146,165,"null","null","null",11,7.4109864,3.6933315,-0.4185698,1.7065823,-2.238161,-16731116
146,145,147,162,"null","null","null",10,5.5101504,3.2806253,-0.6167603,2.9604197,-1.2878731,-16731116
147,146,148,155,"null","null","null",8,4.210614,2.620208,-1.3545772,3.4508257,-0.34808022,-16731116
148,147,149,152,"null","null","null",4,2.9704924,1.6749359,-2.7746239,3.1313145,-0.5755012,-16731116
149,148,150,151,"null","null","null",2,2.4622383,0.5272817,-3.5245032,2.3807092,-0.665,-16731116
152,148,153,154,"null","null","null",2,1.4106097,3.4248688,-0.27500102,2.444159,-1.5045819,-16731116
155,147,156,159,"null","null","null",4,3.33997,3.7661476,-0.705259,1.2371341,-2.5264778,-16731116
156,155,157,158,"null","null","null",2,2.363942,3.4248688,-0.6042887,2.444159,-1.5045819,-16731116
159,155,160,161,"null","null","null",2,2.4902792,0.9093931,-2.1905591,0.63668096,-3.827052,-16731116
162,146,163,164,"null","null","null",2,1.8009741,2.8755634,-1.1971815,0.31716168,-3.1081553,-16731116
166,144,167,170,"null","null","null",4,6.077651,0.35782874,-2.752129,0.90259826,-3.6250997,-16731116
167,166,168,169,"null","null","null",2,3.9633336,1.0880196,-2.1365566,0.4628849,-3.8261666,-16731116
170,166,171,172,"null","null","null",2,2.3005702,0.8665061,-3.439223,2.4198875,-0.38339514,-16731116
173,142,174,195,"null","null","null",16,11.846693,2.1597354,-2.0607467,0.5623988,-3.5703702,-16731116
174,173,175,192,"null","null","null",11,5.8909383,3.2514277,-0.8706895,0.6459124,-3.0087004,-16731116
175,174,176,187,"null","null","null",9,4.275296,3.5280137,-0.4185698,1.7065823,-2.3703609,-12486656
176,175,177,184,"null","null","null",6,3.4771528,3.065712,-0.6167603,2.9604197,-1.2878731,-16731116
177,176,178,183,"null","null","null",4,2.9441547,2.3408208,-1.3545772,3.4508257,-0.34808022,-16731116
178,177,179,182,"null","null","null",3,2.6189618,1.6917281,-2.7746239,3.1313145,-0.5755012,-16731116
179,178,180,181,"null","null","null",2,2.2292776,0.5272817,-3.5245032,2.3807092,-0.665,-16731116
184,176,185,186,"null","null","null",2,2.6591353,2.8755634,-1.1971815,0.31716168,-3.1081553,-16731116
187,175,188,191,"null","null","null",3,1.628506,1.7924187,-2.1365566,0.6001816,-3.622961,-11184866
188,187,189,190,"null","null","null",2,0.95219517,2.8755634,-1.1971815,0.6376133,-3.1081553,-3014646
192,174,193,194,"null","null","null",2,2.2399786,0.35782874,-2.7162147,0.90259826,-3.23998,-16731116
195,173,196,201,"null","null","null",5,10.683647,0.48358452,-3.405888,2.0181682,-2.6072845,-16731116
196,195,197,200,"null","null","null",3,6.8608103,0.65809226,-2.752129,0.8675231,-3.6250997,-16731116
197,196,198,199,"null","null","null",2,2.7553246,1.0880196,-2.1365566,0.4628849,-3.8261666,-16731116
201,195,202,203,"null","null","null",2,5.4505434,1.7788361,-1.9610482,3.6551366,-0.40148008,-16731116
204,2,205,206,"null","null","null",2,4.5420322,3.126803,-0.9791728,0.3445297,-2.8544118,-16731116
