index,parent,child1,child2,name1,name2,common,richness,lengthbr,hxmax,hxmin,hymax,hymin,color
0,-268312545,1,60,"null","null","null",33,18.714138,2.3773425,-1.9270635,0.50423723,-3.4551697,-12486656
1,0,2,41,"null","null","null",30,16.68964,3.4309173,-0.805134,0.65274775,-2.834297,-12486656
2,1,3,40,"null","null","null",20,13.213462,3.6659718,-0.44105524,1.980167,-2.1905582,-12486656
3,2,4,27,"null","null","null",19,9.51476,3.2014763,-0.6278832,3.2191296,-1.116679,-12486656
4,3,5,22,"null","null","null",12,6.5848217,2.5455327,-1.4749908,3.6846676,-0.37199068,-12486656
5,4,6,19,"null","null","null",9,5.92094,1.550134,-2.8440948,3.374333,-0.5905177,-12486656
6,5,7,16,"null","null","null",7,5.254215,0.29949018,-3.5088618,2.7051485,-1.1988084,-11184866
7,6,8,13,"null","null","null",5,4.7213883,0.54197484,-3.3444898,1.9094126,-2.7339265,-11184866
8,7,9,12,"null","null","null",3,4.1165094,0.661925,-2.6608222,0.75469065,-3.6840591,-12486656
9,8,10,11,"null","null","null",2,3.629622,1.2662436,-2.076365,0.483974,-3.814066,-11184866
13,7,14,15,"null","null","null",2,3.7135787,1.6917262,-2.1268098,3.5885544,-0.35959634,-3014646
16,6,17,18,"null","null","null",2,2.555703,2.3408206,-0.42902395,3.7190466,-0.76705146,-12486656
19,5,20,21,"null","null","null",2,3.5091863,3.328406,-0.28912896,2.5945067,-1.4052784,-12486656
22,4,23,26,"null","null","null",3,2.261889,3.7300868,-0.6717526,1.4251122,-2.2381606,-16731116
23,22,24,25,"null","null","null",2,2.261889,3.328406,-0.61676055,2.5945067,-1.4052784,-16731116
27,3,28,39,"null","null","null",7,6.9132767,3.2514293,-1.0892012,0.33095616,-2.9070072,-12486656
28,27,29,38,"null","null","null",6,5.227055,3.528014,-0.41857028,1.9147055,-2.2381606,-12486656
29,28,30,35,"null","null","null",5,4.9657316,3.0657115,-0.61676055,3.230978,-1.2878697,-12486656
30,29,31,34,"null","null","null",3,2.8108058,2.3408206,-0.85626006,3.8025498,-0.34808072,-11184866
31,30,32,33,"null","null","null",2,1.2845936,1.6917262,-2.1268098,3.5885544,-0.57550156,-11184866
35,29,36,37,"null","null","null",2,1.3074043,2.8755677,-1.1971774,0.31716195,-3.108151,-16731116
41,1,42,57,"null","null","null",10,12.169283,0.6896951,-2.7459319,0.8857572,-3.436427,-16731116
42,41,43,50,"null","null","null",8,9.443409,2.279308,-2.0607443,0.4839738,-3.492145,-16731116
43,42,44,49,"null","null","null",4,6.7490554,3.40687,-1.0892012,0.6459125,-2.9070072,-16731116
44,43,45,48,"null","null","null",3,3.5100691,3.7300868,-0.41857028,1.4251122,-2.2381606,-16731116
45,44,46,47,"null","null","null",2,2.6935375,3.328406,-0.61676055,2.5945067,-1.4052784,-16731116
50,42,51,56,"null","null","null",4,6.264769,0.4835837,-3.4058857,1.938399,-2.607288,-12486656
51,50,52,55,"null","null","null",3,1.732187,0.6580924,-2.7521257,0.8675192,-3.625102,-16731116
52,51,53,54,"null","null","null",2,1.2650019,1.0880258,-2.1365545,0.46288565,-3.8261662,-16731116
57,41,58,59,"null","null","null",2,3.9954631,0.8449199,-3.5245025,2.3807096,-0.3955618,-16731116
60,0,61,64,"null","null","null",3,6.0974436,0.44286343,-3.2755337,1.8611681,-2.4725404,-12486656
61,60,62,63,"null","null","null",2,4.553284,0.66192496,-2.5711792,0.7546917,-3.3442597,-16731116
