index,parent,child1,child2,name1,name2,common,richness,lengthbr,hxmax,hxmin,hymax,hymin,color
0,-268434393,1,152,"null","null","null",1047,74.2,0.34807852,-3.6366732,2.5906398,-1.3463266,-12486656
1,0,2,100,"null","null","null",1036,72.799995,0.57550013,-3.3729208,1.6279933,-2.7639039,-12486656
2,1,3,79,"null","null","null",887,69.399994,0.9527895,-2.694797,0.44798142,-3.5105748,-12486656
3,2,4,37,"null","null","null",734,67.7,2.4882057,-1.9383584,0.52359545,-3.422933,-12486656
4,3,5,36,"null","null","null",428,62.099995,3.470302,-0.7165938,0.6580921,-2.7742887,-12486656
5,4,6,29,"RHACOPHORIDAE","null","Shrub Frogs",272,45.299995,3.6249325,-0.46288425,2.1293228,-2.1562414,-12486656
6,5,7,14,"null","null","null",268,45.181824,3.1107192,-0.637613,3.3135417,-1.003265,-12486656
7,6,8,9,"null","null","null",260,44.940155,2.4621441,-1.5987651,3.706901,-0.39551717,-12486656
8,7,-268428288,-268413952,"null","null","null",257,25.5,1.4059317,-2.9142823,3.3478503,-0.6042883,-12486656
9,7,10,13,"null","null","null",3,8.860453,3.6822972,-0.63668215,1.610443,-2.1905596,-16731116
10,9,11,12,"null","null","null",2,8.860453,3.2227004,-0.62788296,2.7384913,-1.3026809,-16731116
14,6,15,26,"null","null","null",8,16.77097,3.325275,-0.91696286,0.34452912,-2.8342993,-16777216
15,14,16,25,"null","null","null",6,14.450776,3.5286393,-0.44105458,1.864401,-2.1905596,-16777216
16,15,17,24,"null","null","null",5,14.450776,3.0229454,-0.62788296,3.0686367,-1.3026809,-16777216
17,16,18,23,"null","null","null",4,14.450776,2.3134418,-1.52877,3.4890296,-0.37198997,-16777216
18,17,19,22,"null","null","null",3,14.450776,1.6001918,-2.9140103,3.1200051,-0.5905173,-16777216
19,18,20,21,"null","null","null",2,14.450776,0.4136008,-3.5997553,2.3745222,-0.66423035,-16777216
26,14,27,28,"null","null","null",2,5.5903234,0.37080073,-2.5711837,0.8857578,-3.3442564,-16777216
29,5,30,35,"null","null","null",4,11.180647,2.4726522,-2.01023,0.52348334,-3.455171,-16731116
30,29,31,34,"null","null","null",3,11.180647,3.5548232,-0.979175,0.6527476,-2.8342993,-16731116
31,30,32,33,"null","null","null",2,11.180647,3.827052,-0.44105458,0.90939033,-2.1905596,-16731116
36,4,-268432384,-268414976,"MANTELLIDAE","null","null",156,47.5,0.7517934,-2.7202373,0.8665067,-3.513351,-16731116
37,3,38,54,"null","null","null",306,62.6,0.401482,-3.4755566,1.7338068,-2.6926036,-16731116
38,37,39,49,"RANIDAE","null","null",293,39.8,0.8108182,-2.8263783,0.41482085,-3.5241616,-16731116
39,38,-268423168,40,"null","null","null",290,39.727886,2.3728087,-1.9868102,0.50423664,-3.5213075,-16731116
40,39,41,48,"null","null","null",5,11.277057,0.44286472,-3.4099588,1.8611706,-2.7339203,-16731116
41,40,42,45,"null","null","null",4,9.713528,0.66192484,-2.745932,0.49051046,-3.6840568,-16731116
42,41,43,44,"null","null","null",2,9.713528,1.2662363,-2.0763676,0.48397315,-3.8140664,-16731116
45,41,46,47,"null","null","null",2,9.713528,0.84492064,-3.5245004,2.3807096,-0.39556143,-16731116
49,38,50,53,"null","null","null",3,7.6977887,0.82108605,-3.7909274,2.3745222,-0.47381002,-16731116
50,49,51,52,"null","null","null",2,7.6977887,0.5419738,-3.7111793,1.8611706,-1.7914329,-16731116
54,37,55,78,"NYCTIBATRACHIDAE","null","null",13,52.0,1.600195,-2.8828256,3.3743343,-0.31738296,-11184866
55,54,56,75,"null","null","null",12,50.37727,0.29948863,-3.5592184,2.7051501,-1.0522709,-11184866
56,55,57,68,"null","null","null",10,50.37727,0.5419736,-3.4099586,1.7062007,-2.5434332,-11184866
57,56,58,65,"null","null","null",6,50.37727,0.7291206,-2.745932,0.49051154,-3.4364252,-11184866
58,57,59,64,"null","null","null",4,50.37727,2.330564,-2.0763686,0.48397285,-3.4921465,-12486656
59,58,60,63,"null","null","null",3,50.37727,3.4735072,-1.0892061,0.64591223,-2.90701,-11184866
60,59,61,62,"null","null","null",2,50.37727,3.8167195,-0.41856924,0.7310606,-2.2381625,-11184866
65,57,66,67,"null","null","null",2,50.37727,0.844921,-3.524499,2.3807096,-0.39556128,-8572416
68,56,69,72,"null","null","null",4,50.37727,1.6749431,-2.7746146,3.1313152,-0.35959932,-11184866
69,68,70,71,"null","null","null",2,50.37727,0.52728903,-3.5244977,2.3807096,-0.665,-8572416
72,68,73,74,"null","null","null",2,50.37727,3.4248743,-0.27500018,2.4441504,-1.5045869,-11184866
75,55,76,77,"null","null","null",2,50.37727,2.3408222,-0.4290232,3.7190425,-0.7670536,-8572416
79,2,80,-268430336,"DICROGLOSSIDAE","null","null",153,58.300003,0.7950963,-3.590428,2.6075602,-1.211824,-16731116
80,79,81,-268416000,"null","null","null",131,53.4,0.5592979,-3.3791237,1.7338068,-2.672115,-16731116
81,80,82,83,"null","null","null",82,48.325962,0.8143029,-2.7010155,0.57826155,-3.4975266,-12486656
82,81,-268424192,-268412928,"null","null","null",73,47.070736,2.377339,-1.9536061,0.50423664,-3.486682,-16731116
83,81,84,95,"null","null","null",9,24.029604,0.82108605,-3.5088606,2.7422638,-1.0796609,-11184866
84,83,85,92,"null","null","null",6,24.029604,0.5419738,-3.3444924,1.9094191,-2.579039,-11184866
85,84,86,91,"null","null","null",4,24.029604,0.66192484,-2.6608262,0.7546954,-3.4827113,-11184866
86,85,87,90,"null","null","null",3,24.029604,1.970305,-2.0763676,0.48397315,-3.5523176,-11184866
87,86,88,89,"null","null","null",2,24.029604,3.005169,-1.0892045,0.64591235,-2.9852326,-11184866
92,84,93,94,"null","null","null",2,24.029604,1.691732,-2.1267989,3.5885592,-0.3595987,-8572416
95,83,96,99,"null","null","null",3,24.029604,2.3408217,-0.85624695,3.8025503,-0.7670531,-11184866
96,95,97,98,"null","null","null",2,24.029604,1.6917326,-2.1267982,3.5885592,-0.57550055,-11184866
100,1,101,146,"null","null","null",149,70.90001,1.4070976,-2.987762,3.319235,-0.275,-16731116
101,100,102,-268429312,"null","null","null",81,68.600006,0.32387993,-3.5904279,2.6486716,-1.2275826,-12486656
102,101,103,137,"PYXICEPHALIDAE","null","null",55,56.300003,0.5592977,-3.3791242,1.6207732,-2.6926024,-16731116
103,102,104,120,"null","null","null",50,44.7,0.79011226,-2.701016,0.57826304,-3.5241618,-16731116
104,103,-268425216,105,"null","null","null",41,42.492687,2.345892,-1.9945835,0.50423634,-3.521309,-16731116
105,104,106,119,"null","null","null",8,23.640682,0.4428653,-3.427446,1.8611718,-2.5434332,-12486656
106,105,107,116,"null","null","null",7,22.122595,0.7291206,-2.7686656,0.49051154,-3.4364252,-16731116
107,106,108,113,"null","null","null",5,18.297321,2.330564,-2.216558,0.48397285,-3.4921465,-16731116
108,107,109,112,"null","null","null",3,12.489864,3.4735072,-1.0892061,0.64591223,-2.90701,-12486656
109,108,110,111,"null","null","null",2,12.489864,3.8167195,-0.41856924,0.7310606,-2.2381625,-12486656
113,107,114,115,"null","null","null",2,7.880227,0.48358554,-3.7564592,1.9384025,-1.6186383,-16731116
116,106,117,118,"null","null","null",2,7.880227,0.844921,-3.524499,2.3807096,-0.39556128,-16731116
120,103,121,130,"null","null","null",9,24.979729,0.8210864,-3.5088606,2.7422647,-1.1987982,-16731116
121,120,122,127,"null","null","null",5,24.979729,0.5419736,-3.3444936,1.9094207,-2.7339187,-16731116
122,121,123,126,"null","null","null",3,24.979729,0.6619248,-2.6608276,0.7546971,-3.6840563,-16731116
123,122,124,125,"null","null","null",2,24.979729,1.2662337,-2.0763686,0.48397285,-3.8140674,-16731116
127,121,128,129,"null","null","null",2,24.979729,1.6917332,-2.1267962,3.58856,-0.35959932,-16731116
130,120,131,134,"null","null","null",4,24.979729,2.633128,-0.8562442,3.8025503,-0.7670536,-16731116
131,130,132,133,"null","null","null",2,24.979729,1.6917341,-2.1267958,3.58856,-0.5755003,-16731116
134,130,135,136,"null","null","null",2,24.979729,3.79521,-0.70526093,0.55372626,-2.2791777,-16731116
137,102,138,143,"null","null","null",5,22.510172,1.5501446,-3.0610616,3.1200056,-0.31738362,-16731116
138,137,139,142,"null","null","null",3,15.365582,0.41360754,-3.7909272,2.3745224,-0.66423047,-16731116
139,138,140,141,"null","null","null",2,15.365582,0.5419733,-3.711181,1.861173,-1.7914275,-16731116
143,137,144,145,"null","null","null",2,9.694603,3.3284154,-0.28912786,2.5944934,-1.4052874,-16731116
146,100,-268431360,147,"PHRYNOBATRACHIDAE","null","Dwarf Puddle Frogs",68,50.9,3.1915293,-0.30319998,3.2191231,-1.116687,-16731116
147,146,148,151,"null","null","null",3,50.9,3.4735045,-1.08921,0.33095518,-2.9070127,-12486656
148,147,149,150,"null","null","null",2,50.9,3.8167193,-0.4185685,0.7310526,-2.2381642,-11513776
152,0,153,168,"null","null","null",11,25.56947,2.4621477,-1.6061746,3.6996102,-0.70526135,-11184866
153,152,154,167,"null","null","null",8,25.56947,1.5045888,-2.9239175,3.3383737,-0.60428786,-11184866
154,153,155,164,"null","null","null",7,25.56947,0.32387975,-3.507431,2.6735516,-1.2045227,-11184866
155,154,156,163,"null","null","null",5,25.56947,0.5592977,-3.2712283,1.7788414,-2.6626244,-11184866
156,155,157,162,"null","null","null",4,25.56947,0.66423047,-2.5607514,0.6411365,-3.4851904,-8572416
157,156,158,161,"null","null","null",3,25.56947,2.1434007,-2.010231,0.50423634,-3.4706461,-3014646
158,157,159,160,"null","null","null",2,25.56947,3.126798,-0.9791769,0.6527475,-2.8544173,-3014646
164,154,165,166,"null","null","null",2,25.56947,2.313443,-0.4390179,3.7626073,-0.7370695,-8572416
168,152,169,172,"null","null","null",3,25.56947,3.6823003,-0.63668334,1.6104344,-2.1905618,-11184866
169,168,170,171,"null","null","null",2,25.56947,3.2227063,-0.6278825,2.7384841,-1.3026861,-11184866
