index,parent,child1,child2,name1,name2,common,richness,lengthbr,hxmax,hxmin,hymax,hymin,color
0,-268278779,1,22,"null","null","null",21,12.369966,2.4557223,-1.4749908,3.4890308,-0.37199068,-16731116
1,0,2,17,"null","null","null",11,10.2531,1.4333808,-2.8440948,3.1200047,-0.5905177,-16731116
2,1,3,16,"null","null","null",8,8.6753025,0.4135974,-3.5088618,2.374522,-1.0522809,-16731116
3,2,4,13,"null","null","null",7,8.099899,0.54197484,-3.3444898,1.9094126,-2.5434406,-16731116
4,3,5,12,"null","null","null",5,6.533762,0.72912955,-2.6608222,0.75469065,-3.4364274,-16731116
5,4,6,11,"null","null","null",4,4.5011377,2.3305721,-2.076365,0.483974,-3.4921446,-16731116
6,5,7,10,"null","null","null",3,2.783022,3.4735122,-1.0892006,0.64591265,-2.9070063,-16731116
7,6,8,9,"null","null","null",2,1.4344391,3.8167205,-0.41857052,0.73107064,-2.2381597,-16731116
13,3,14,15,"null","null","null",2,2.6611178,1.6917262,-2.1268098,3.5885544,-0.35959634,-16731116
17,1,18,21,"null","null","null",3,4.3466444,3.0657115,-0.28912896,3.1667447,-1.4052784,-16731116
18,17,19,20,"null","null","null",2,3.017692,2.3408206,-0.65809166,3.7190466,-0.34808072,-16731116
22,0,23,34,"null","null","null",10,10.492274,3.528014,-0.6717526,1.9147055,-2.3231177,-16731116
23,22,24,29,"null","null","null",6,7.543277,3.0657115,-0.61676055,3.230978,-1.2264566,-16731116
24,23,25,28,"null","null","null",3,2.5358682,2.3408206,-0.85626006,3.8025498,-0.34808072,-16731116
25,24,26,27,"null","null","null",2,1.8984125,1.6917262,-2.1268098,3.5885544,-0.57550156,-16731116
29,23,30,33,"null","null","null",3,5.650866,3.381478,-1.1971774,0.31716195,-2.9699717,-16731116
30,29,31,32,"null","null","null",2,4.0675535,3.7952118,-0.3955187,0.6459114,-2.2791748,-16731116
34,22,35,40,"null","null","null",4,6.22231,2.1815865,-2.1365545,0.60018086,-3.516667,-12486656
35,34,36,39,"null","null","null",3,5.886236,3.381478,-1.1971774,0.63761365,-2.9699717,-12486656
36,35,37,38,"null","null","null",2,2.2017822,3.7952118,-0.3955187,0.6459114,-2.2791748,-11184866
