index,parent,child1,child2,name1,name2,common,richness,lengthbr,hxmax,hxmin,hymax,hymin,color
0,-268061688,1,205,"null","null","null",148,25.900002,0.40148264,-3.3791242,1.6207732,-2.7222083,-16731116
1,0,2,192,"null","null","null",145,25.9,0.8143009,-2.701016,0.5617677,-3.5626497,-16731116
2,1,3,119,"null","null","null",138,25.9,2.3773372,-1.9577157,0.50423634,-3.5713432,-16731116
3,2,4,40,"","null","Mouse-eared Bats and more",101,10.799999,3.430915,-0.8149787,0.6527475,-2.9853234,-16731116
4,3,5,37,"null","null","null",61,10.799999,3.6659732,-0.44105422,1.9760315,-2.3868904,-16731116
5,4,6,30,"null","null","null",59,10.799999,3.2014802,-0.6278828,3.2137578,-1.1166838,-16731116
6,5,7,25,"null","null","null",55,10.8,2.5455363,-1.511542,3.6776888,-0.3719896,-16731116
7,6,8,24,"null","null","null",52,10.8,1.6001931,-2.8916152,3.3652627,-0.59051704,-16731116
8,7,-268021760,9,"null","null","null",51,10.8,0.29948908,-3.5706432,2.693357,-1.0878799,-16731116
9,8,10,23,"null","null","null",8,10.799999,2.3408217,-1.326001,3.692511,-0.76705277,-16731116
10,9,11,22,"null","null","null",7,6.2,1.6917303,-2.7374768,3.4455068,-0.57550085,-16731116
11,10,12,17,"null","null","null",6,6.2,0.33848858,-3.476215,2.7891593,-0.81650966,-16731116
12,11,13,16,"null","null","null",3,6.2,0.52359635,-3.3782616,1.9384005,-2.3110387,-16731116
13,12,14,15,"null","null","null",2,3.0,0.65809226,-2.7162147,0.8675231,-3.23998,-16731116
17,11,18,21,"null","null","null",3,6.2,2.3612084,-0.66485244,3.8027482,-0.7950951,-12486656
18,17,19,20,"null","null","null",2,3.0,1.7788361,-1.9610482,3.6551366,-0.55929875,-16731116
25,6,26,29,"null","null","null",3,10.8,3.7300887,-0.6717541,1.4251035,-2.2381625,-16731116
26,25,27,28,"Cistugo","null","null",2,1.1,3.3284109,-0.61676,2.5944998,-1.405283,-16731116
30,5,31,36,"null","null","null",4,10.799999,3.4068682,-1.0892061,0.33095554,-2.90701,-12486656
31,30,32,35,"null","null","null",3,8.2,3.7300887,-0.41856924,1.4251035,-2.2381625,-12486656
32,31,33,34,"null","null","null",2,8.2,3.3284109,-0.61676,2.5944998,-1.405283,-12486656
37,4,38,39,"null","null","null",2,3.8,1.2662337,-2.0763686,0.56240034,-3.8140674,-16731116
40,3,41,94,"null","null","null",40,10.8,0.59771144,-2.7680745,0.88575804,-3.4750953,-16731116
41,40,42,89,"null","null","null",27,10.8,2.159732,-2.0484705,0.48397285,-3.542418,-16731116
42,41,43,74,"null","null","null",24,8.0,3.2514257,-0.9395863,0.64591223,-2.972363,-16731116
43,42,44,65,"null","null","null",16,8.0,3.5280137,-0.41856924,1.7316403,-2.323121,-16731116
44,43,45,56,"null","null","null",11,8.0,3.0657134,-0.61676,2.9929976,-1.3110092,-16731116
45,44,46,55,"null","null","null",6,3.6,2.3408217,-1.326001,3.4931798,-0.34807962,-16731116
46,45,47,54,"null","null","null",5,3.6,1.6917303,-2.7374768,3.1863766,-0.57550085,-16731116
47,46,48,53,"null","null","null",4,3.6,0.5272839,-3.476215,2.4522898,-0.81650966,-12486656
48,47,49,52,"null","null","null",3,3.3,0.52359635,-3.3782616,1.9384005,-2.3110387,-16731116
49,48,50,51,"null","null","null",2,3.3,0.65809226,-2.7162147,0.8675231,-3.23998,-16731116
56,44,57,64,"null","null","null",5,7.2,3.3591177,-1.1971824,0.31716132,-3.1602066,-16731116
57,56,58,61,"null","null","null",4,7.1,3.7661479,-0.39551765,1.237132,-2.5264785,-16731116
58,57,59,60,"null","null","null",2,7.1,3.4248698,-0.6042886,2.4441574,-1.5045828,-16731116
61,57,62,63,"null","null","null",2,7.1,0.9093939,-2.190559,0.63668144,-3.827052,-16731116
65,43,66,73,"null","null","null",5,5.3,2.164383,-2.136557,0.60018253,-3.5166676,-16731116
66,65,67,72,"null","null","null",4,5.3,3.3591177,-1.1971824,0.6376132,-2.969974,-16731116
67,66,68,71,"null","null","null",3,5.3,3.7661479,-0.39551765,1.237132,-2.2791765,-16731116
68,67,69,70,"null","null","null",2,2.4,3.4248698,-0.6042886,2.4441574,-1.5045828,-16731116
74,42,75,84,"null","null","null",8,8.0,0.55628574,-2.8712277,0.90259874,-3.387023,-16731116
75,74,76,83,"null","null","null",5,7.8,2.164383,-2.136557,0.46288466,-3.5166676,-16731116
76,75,77,82,"null","null","null",4,5.4,3.3591177,-1.1971824,0.6376132,-2.969974,-16731116
77,76,78,81,"null","null","null",3,5.4,3.7661479,-0.39551765,1.237132,-2.2791765,-16731116
78,77,79,80,"null","null","null",2,2.5,3.4248698,-0.6042886,2.4441574,-1.5045828,-16731116
84,74,85,88,"null","null","null",3,5.1000004,0.86650634,-3.7314653,2.5607479,-0.38339502,-16731116
85,84,86,87,"null","null","null",2,2.7,0.50423706,-3.7908006,2.0102284,-1.4433441,-16731116
89,41,90,93,"null","null","null",3,10.8,0.48358554,-3.378262,1.9384025,-2.3110356,-16731116
90,89,91,92,"null","null","null",2,10.8,0.65809214,-2.716216,0.86752415,-3.2399788,-16731116
94,40,95,118,"null","null","null",13,10.8,0.844921,-3.57432,2.3807096,-0.90351427,-16731116
95,94,96,113,"null","null","null",12,10.8,0.5235958,-3.5058002,1.7993871,-2.4241464,-16731116
96,95,97,108,"null","null","null",9,10.799999,0.65809214,-2.8820152,0.64570796,-3.387023,-16731116
97,96,98,105,"null","null","null",6,7.7,2.164383,-2.3054085,0.46288466,-3.5166676,-16731116
98,97,99,104,"null","null","null",4,7.7,3.3591177,-1.1971824,0.6376132,-2.969974,-16731116
99,98,100,103,"null","null","null",3,5.1,3.7661479,-0.39551765,1.237132,-2.2791765,-16731116
100,99,101,102,"null","null","null",2,5.1,3.4248698,-0.6042886,2.4441574,-1.5045828,-16731116
105,97,106,107,"null","null","null",2,7.7,0.52348256,-3.7908006,2.0102284,-1.4433441,-16731116
108,96,109,112,"null","null","null",3,4.6,0.86650634,-3.7314653,2.5607479,-0.38339502,-16731116
109,108,110,111,"null","null","null",2,3.2,0.50423706,-3.7908006,2.0102284,-1.4433441,-12486656
113,95,114,117,"null","null","null",3,10.8,1.7788391,-2.6272657,3.1628745,-0.40148115,-12486656
114,113,115,116,"null","null","null",2,10.8,0.6411346,-3.4392211,2.4198914,-0.66423047,-12486656
119,2,120,165,"null","null","null",37,25.9,0.4428653,-3.3444936,1.7062007,-2.5731795,-16731116
120,119,121,164,"null","null","null",23,25.9,0.67295897,-2.6608276,0.7546971,-3.4750953,-16731116
121,120,122,163,"null","null","null",22,19.9,2.2575538,-2.0763686,0.48397285,-3.542418,-16731116
122,121,123,162,"null","null","null",21,10.3,3.378594,-1.0892061,0.64591223,-2.972363,-16731116
123,122,124,155,"null","null","null",20,10.3,3.6933322,-0.41856924,1.8281038,-2.323121,-16731116
124,123,125,146,"null","null","null",16,9.3,3.280627,-0.61676,3.1184,-1.2264614,-16731116
125,124,126,141,"null","null","null",11,9.3,2.6202097,-1.3385757,3.6562033,-0.34807962,-16731116
126,125,127,140,"null","null","null",8,9.3,1.6917303,-2.753824,3.398307,-0.57550085,-16731116
127,126,128,137,"null","null","null",7,9.3,0.33848858,-3.497466,2.7277997,-0.95189875,-16731116
128,127,129,136,"null","null","null",5,9.3,0.52359635,-3.405888,1.9384005,-2.4870446,-16731116
129,128,130,135,"null","null","null",4,9.3,0.65809226,-2.752129,0.8675231,-3.4687877,-16731116
130,129,131,134,"null","null","null",3,9.3,1.7924187,-2.1365566,0.4628849,-3.622961,-16731116
131,130,132,133,"null","null","null",2,2.8,2.8755634,-1.1971815,0.6376133,-3.1081553,-12486656
137,127,138,139,"null","null","null",2,9.3,2.3612084,-0.41842097,3.6646888,-0.7950951,-12486656
141,125,142,145,"null","null","null",3,4.4,3.7661479,-0.70525986,1.237132,-2.2791765,-16731116
142,141,143,144,"null","null","null",2,4.4,3.4248698,-0.6042886,2.4441574,-1.5045828,-16731116
146,124,147,154,"null","null","null",5,9.3,3.1657681,-1.1971824,0.31716132,-2.969974,-16731116
147,146,148,153,"null","null","null",4,9.3,3.5147932,-0.39551765,1.699234,-2.2791765,-16731116
148,147,149,152,"null","null","null",3,9.3,3.0981088,-0.6042886,3.04489,-1.5045828,-16731116
149,148,150,151,"null","null","null",2,9.3,2.3612084,-0.6619246,3.6646888,-0.32388124,-16731116
155,123,156,161,"null","null","null",4,7.1,2.18158,-2.136557,0.60018253,-3.5166676,-16731116
156,155,157,160,"null","null","null",3,4.9,3.381474,-1.1971824,0.6376132,-2.969974,-12486656
157,156,158,159,"null","null","null",2,4.9,3.7952108,-0.39551765,0.64591175,-2.2791765,-16731116
165,119,166,191,"null","null","null",14,25.9,1.6917332,-2.7538197,3.1313152,-0.35959932,-16731116
166,165,167,190,"null","null","null",13,19.8,0.52728903,-3.4974644,2.3807096,-0.9035118,-16731116
167,166,168,183,"Scotophilus","null","null",12,5.0,0.5235956,-3.405889,1.799389,-2.4241445,-16731116
168,167,169,180,"null","null","null",8,5.0,0.6580921,-2.7521312,0.5831063,-3.387022,-16731116
169,168,170,179,"null","null","null",6,5.0,2.1643815,-2.136558,0.46288437,-3.5166678,-16731116
170,169,171,176,"null","null","null",5,4.9,3.3591173,-1.0122048,0.63761306,-2.969975,-16731116
171,170,172,175,"null","null","null",3,4.8,3.7661486,-0.3955173,1.2371293,-2.279177,-16731116
172,171,173,174,"null","null","null",2,4.8,3.4248714,-0.60428834,2.4441552,-1.5045842,-16731116
176,170,177,178,"null","null","null",2,2.9,0.3445292,-2.8544147,0.9791745,-3.1268,-16731116
180,168,181,182,"null","null","null",2,3.7,0.8665067,-3.4392211,2.4198914,-0.38339484,-16731116
183,167,184,187,"null","null","null",4,5.0,1.7948602,-2.6272633,3.1628761,-0.4014818,-16731116
184,183,185,186,"null","null","null",2,3.7,0.6411363,-3.4392195,2.4198937,-0.66423047,-16731116
187,183,188,189,"null","null","null",2,3.7,3.511704,-0.31738308,2.2880454,-1.6001953,-16731116
192,1,193,202,"null","null","null",7,25.9,0.8210864,-3.5088606,2.7051501,-1.0796595,-16731116
193,192,194,201,"Scotoecus","some","House Bats",5,12.0,0.5419736,-3.3444936,1.8611718,-2.5790384,-16731116
194,193,195,200,"null","null","null",4,9.8,0.6619248,-2.6608276,0.7546971,-3.4827118,-16731116
195,194,196,199,"null","null","null",3,7.2,1.9703023,-2.0763686,0.48397285,-3.552319,-16731116
196,195,197,198,"null","null","null",2,7.2,3.005167,-1.0892061,0.64591223,-2.9852347,-16777216
202,192,203,204,"Vespertilio","null","null",2,8.5,2.3408222,-0.4290232,3.7190425,-0.7670536,-16731116
205,0,206,209,"null","null","null",3,25.900002,1.6001966,-2.9140034,3.1200056,-0.31738362,-16731116
206,205,207,208,"null","null","null",2,5.2,0.41360754,-3.5997515,2.3745224,-0.66423047,-16777216
