index,parent,child1,child2,name1,name2,common,richness,lengthbr,hxmax,hxmin,hymax,hymin,color
0,-268020621,1,82,"null","null","null",47,66.5,2.393856,-1.6359198,3.6996102,-0.39551586,-16731116
1,0,2,81,"","null","Spiny Lizards",41,43.3,1.5045918,-2.9625895,3.338375,-0.60428745,-16731116
2,1,3,78,"null","null","null",40,43.1,0.323879,-3.5577078,2.6735528,-1.2275785,-16731116
3,2,4,65,"null","null","null",38,35.6,0.5592972,-3.3365903,1.6207758,-2.6925995,-16731116
4,3,5,64,"null","null","null",31,35.1,0.7517865,-2.645722,0.64114,-3.5241613,-16731116
5,4,6,61,"null","null","null",30,34.0,2.2960706,-2.1206903,0.50423574,-3.5213108,-16731116
6,5,7,60,"null","null","null",28,33.5,3.3252718,-0.9791801,0.6527473,-2.920282,-16731116
7,6,8,39,"null","null","null",27,30.6,3.5286398,-0.44105357,1.864394,-2.3023348,-16731116
8,7,9,24,"null","null","null",16,30.4,3.0229478,-0.6278824,3.0686321,-1.1927606,-16731116
9,8,10,23,"null","null","null",8,28.500002,2.3134432,-1.4435942,3.4890285,-0.37198886,-16731116
10,9,11,18,"null","null","null",7,24.900002,1.4333884,-2.8032858,3.1200058,-0.59051657,-16731116
11,10,12,17,"null","null","null",4,15.8,0.41360605,-3.4558184,2.3745227,-0.99773157,-16731116
12,11,13,16,"null","null","null",3,10.6,0.5419735,-3.275539,1.8611722,-2.4725323,-16731116
13,12,14,15,"null","null","null",2,10.4,0.6619248,-2.5711865,0.7546976,-3.3442545,-16731116
18,10,19,22,"null","null","null",3,12.8,3.0657144,-0.2891279,3.166736,-1.4052861,-16731116
19,18,20,21,"null","null","null",2,7.9,2.3408225,-0.658092,3.7190428,-0.34807888,-16731116
24,8,25,38,"null","null","null",8,28.5,3.2514234,-1.0892096,0.33095512,-3.0781772,-16731116
25,24,26,35,"null","null","null",7,19.5,3.5280132,-0.41856855,1.9146957,-2.4606783,-16731116
26,25,27,32,"null","null","null",5,19.0,3.0657144,-0.61675966,3.2309725,-1.28788,-16731116
27,26,28,31,"null","null","null",3,12.6,2.3408225,-0.8562454,3.8025503,-0.34807888,-16731116
28,27,29,30,"null","null","null",2,8.0,1.691733,-2.1267972,3.5885596,-0.57550037,-16731116
32,26,33,34,"null","null","null",2,16.2,2.875558,-1.1971854,0.3171609,-3.10816,-16731116
35,25,36,37,"null","null","null",2,7.5,1.0880123,-2.1365585,0.6001837,-3.8261666,-16731116
39,7,40,59,"null","null","null",11,29.2,2.1597278,-2.0763705,0.56240153,-3.6238127,-16731116
40,39,41,54,"null","null","null",10,29.0,3.2514234,-0.8866574,0.645912,-3.0781772,-16731116
41,40,42,51,"null","null","null",7,28.900002,3.5280132,-0.41856855,1.9146957,-2.4606783,-16731116
42,41,43,48,"null","null","null",5,24.2,3.0657144,-0.61675966,3.2309725,-1.28788,-16731116
43,42,44,47,"null","null","null",3,8.3,2.3408225,-0.8562454,3.8025503,-0.34807888,-16731116
44,43,45,46,"null","null","null",2,7.4,1.691733,-2.1267972,3.5885596,-0.57550037,-16731116
48,42,49,50,"null","null","null",2,20.0,2.875558,-1.1971854,0.3171609,-3.10816,-16731116
51,41,52,53,"null","null","null",2,22.7,1.0880123,-2.1365585,0.6001837,-3.8261666,-16731116
54,40,55,58,"null","null","null",3,16.9,0.35782802,-2.7521324,0.9025992,-3.6250968,-16731116
55,54,56,57,"null","null","null",2,14.2,1.0880123,-2.1365585,0.462884,-3.8261666,-16731116
61,5,62,63,"null","null","null",2,28.9,0.44286656,-3.7111814,1.8611743,-1.7914251,-16731116
65,3,66,73,"null","null","null",7,35.1,1.4333917,-2.803284,3.120006,-0.3173849,-16731116
66,65,67,72,"null","null","null",4,34.3,0.41361105,-3.4558191,2.3745227,-0.9977241,-16731116
67,66,68,71,"null","null","null",3,8.7,0.54197276,-3.2755432,1.8611755,-2.4725258,-16731116
68,67,69,70,"null","null","null",2,8.5,0.66192466,-2.5711925,0.75470227,-3.3442504,-16731116
73,65,74,77,"null","null","null",3,20.5,3.0657158,-0.2891274,3.1667309,-1.4052902,-16731116
74,73,75,76,"null","null","null",2,12.6,2.3408232,-0.6580922,3.7190404,-0.3480779,-16731116
78,2,79,80,"null","null","null",2,26.1,2.313444,-0.4390176,3.7626064,-0.7370704,-16731116
82,0,83,88,"","null","Tree and Brush Lizards",6,38.3,3.52864,-0.6366844,2.0262702,-2.2705646,-16731116
83,82,84,87,"null","null","null",3,33.4,3.0229492,-0.6278822,3.2790737,-1.3026892,-16731116
84,83,85,86,"null","null","null",2,16.1,2.3134441,-0.6527477,3.7626061,-0.3719881,-16731116
88,82,89,92,"null","null","null",3,22.0,1.9702901,-2.0763724,0.5624025,-3.5523252,-12486656
89,88,90,91,"null","null","null",2,13.6,3.0051577,-1.0892141,0.64591175,-2.9852443,-11184866
