index,parent,child1,child2,name1,name2,common,richness,lengthbr,hxmax,hxmin,hymax,hymin,color
0,-268312568,1,185,"null","null","null",1608,41.378918,0.9499305,-2.620861,0.33848584,-3.5127983,-16731116
1,0,2,90,"null","null","null",1603,38.11513,2.4844832,-1.9051878,0.523597,-3.425817,-16731116
2,1,3,21,"null","null","null",1418,33.459866,3.465454,-0.7206476,0.65809244,-2.778036,-16731116
3,2,4,19,"null","null","null",1126,29.258358,3.6186228,-0.46288598,2.111805,-2.1702385,-16731116
4,3,5,-268309504,"null","null","null",1087,27.581726,3.1025138,-0.6376138,3.2907605,-1.0214618,-16731116
5,4,6,-268297216,"null","null","null",1026,26.009457,2.4514802,-1.5938222,3.6772776,-0.39551908,-16731116
6,5,7,8,"null","null","null",834,22.911995,1.3321605,-2.9078488,3.3093352,-0.6042893,-16731116
7,6,-268308480,-268290048,"null","null","null",828,21.514088,0.32388273,-3.4865289,2.6358042,-1.2118382,-16731116
8,6,9,16,"Emberizidae","null","Buntings, American sparrows and more",6,16.948593,3.022942,-0.30320156,3.068643,-1.1514399,-16731116
9,8,10,15,"null","null","null",4,15.141306,2.3134391,-1.5287814,3.4890313,-0.37199152,-16731116
10,9,11,14,"null","null","null",3,11.933237,1.6001859,-2.914019,3.1200035,-0.59051824,-16731116
11,10,12,13,"null","null","null",2,4.506348,0.4135942,-3.5997598,2.3745208,-0.6642302,-16731116
16,8,17,18,"null","null","null",2,1.4539886,3.005175,-1.0891994,0.33095664,-2.9852262,-16731116
19,3,-268310528,20,"Passeridae","null","Sparrows, Snowfinches and more",39,25.130558,2.377347,-2.010225,0.5234802,-3.4866781,-16731116
21,2,22,63,"null","null","null",292,32.140755,0.80200016,-2.7293725,0.866505,-3.5096998,-16731116
22,21,23,-268292096,"","null","Weavers, Waxbills and more",278,23.283802,2.361341,-1.9945749,0.50423795,-3.5025015,-16731116
23,22,-268300288,24,"","null","Waxbills and more",162,20.307995,3.4101114,-0.7673043,0.652748,-2.8958278,-16731116
24,23,25,62,"Viduidae","null","Indigobirds and more",20,17.649971,0.6764475,-2.6608212,0.8857566,-3.5377078,-16731116
25,24,26,61,"null","null","null",19,8.089175,2.262085,-2.0763643,0.48397422,-3.6238084,-16731116
26,25,27,44,"null","null","null",18,7.0556297,3.3844776,-0.89572597,0.64591277,-3.0781689,-16731116
27,26,28,41,"null","null","null",9,5.9981537,3.7009745,-0.41857076,1.9147083,-2.4606717,-16731116
28,27,29,36,"null","null","null",7,3.0583158,3.2905593,-0.61676085,3.2309797,-1.2264546,-16731116
29,28,30,33,"null","null","null",4,1.4040265,2.6331234,-0.8562642,3.8025498,-0.34808123,-16731116
30,29,31,32,"null","null","null",2,0.72860557,1.6917245,-2.1268134,3.5885527,-0.5755019,-16731116
33,29,34,35,"null","null","null",2,0.4448474,3.7952123,-0.70525765,0.55374324,-2.2791743,-16731116
36,28,37,40,"null","null","null",3,3.0583155,3.3814788,-1.1971772,0.31716225,-2.9699712,-16731116
37,36,38,39,"null","null","null",2,1.6364824,3.7952123,-0.39551884,0.64591134,-2.2791743,-16731116
41,27,42,43,"null","null","null",2,5.464499,1.0880269,-2.1365538,0.60018003,-3.8261664,-16731116
44,26,45,60,"null","null","null",9,2.8143313,0.44188523,-2.772554,0.90259767,-3.3870258,-16731116
45,44,46,55,"null","null","null",8,1.8459303,2.0156596,-2.1631112,0.46288577,-3.516667,-16731116
46,45,47,54,"null","null","null",5,1.1216972,3.1657724,-1.1971772,0.63761365,-2.9699712,-16731116
47,46,48,53,"null","null","null",4,1.1115861,3.5147939,-0.39551884,1.6992425,-2.2791743,-16731116
48,47,49,52,"null","null","null",3,0.98738134,3.0981069,-0.6042892,3.0448964,-1.5045781,-16731116
49,48,50,51,"null","null","null",2,0.6634301,2.361207,-0.6619245,3.664692,-0.32388246,-16731116
55,45,56,59,"null","null","null",3,1.0960917,0.52348053,-3.4706397,2.010226,-2.143413,-16731116
56,55,57,58,"null","null","null",2,0.25171793,0.6527479,-2.8544078,0.9791694,-3.1268065,-16731116
63,21,64,89,"","null","Accentors and Olive Warbler",14,31.403227,0.8210844,-3.57267,2.3745215,-1.0522804,-16731116
64,63,65,84,"Prunellidae","null","Accentors",13,20.072681,0.5419747,-3.4274406,1.7061951,-2.5434403,-16731116
65,64,66,81,"null","null","null",10,9.870407,0.66192496,-2.7686582,0.49050635,-3.4364276,-16731116
66,65,67,78,"null","null","null",8,8.717422,2.1597412,-2.2165523,0.48397422,-3.492144,-16731116
67,66,68,75,"null","null","null",6,7.4443874,3.2514307,-0.8706838,0.64591277,-2.9070053,-16731116
68,67,69,74,"null","null","null",4,5.1153398,3.5280137,-0.41857076,1.8652986,-2.2381592,-16731116
69,68,70,73,"null","null","null",3,2.4165096,3.0657103,-0.61676085,3.166747,-1.4052767,-16731116
70,69,71,72,"null","null","null",2,0.41478586,2.3408196,-0.65809155,3.7190475,-0.34808123,-16731116
75,67,76,77,"null","null","null",2,5.257223,0.35782927,-2.716209,0.90259767,-3.2399843,-16731116
78,66,79,80,"null","null","null",2,4.162765,0.48358285,-3.7564573,1.9383985,-1.6186471,-16731116
81,65,82,83,"null","null","null",2,4.876153,0.84491944,-3.5245032,2.3807092,-0.39556205,-16731116
84,64,85,88,"null","null","null",3,8.462193,1.6917281,-2.7746239,3.1313145,-0.35959655,-16731116
85,84,86,87,"null","null","null",2,4.7347703,0.5272817,-3.5245032,2.3807092,-0.665,-16731116
90,1,91,160,"null","null","null",185,31.206564,0.40147862,-3.4009368,1.7338006,-2.6799438,-16731116
91,90,92,-268293120,"","null","Sunbirds and Flowerpeckers",172,30.464388,0.81082773,-2.7293725,0.54934794,-3.507697,-16731116
92,91,93,129,"Nectariniidae","null","Sunbirds",116,25.7039,2.3728168,-1.9826968,0.50423795,-3.499898,-16731116
93,92,-268301312,94,"null","null","null",100,18.4629,3.42503,-0.8051311,0.652748,-2.8924432,-16731116
94,93,95,126,"null","null","null",18,17.621393,0.5977216,-2.7459316,0.8857566,-3.4965997,-16731116
95,94,96,113,"null","null","null",16,16.533703,2.1597412,-2.0607424,0.48397422,-3.5703678,-16731116
96,95,97,110,"null","null","null",9,14.411503,3.2514307,-0.8706838,0.64591277,-3.008696,-16731116
97,96,98,105,"null","null","null",7,10.39406,3.5280137,-0.41857076,1.8652986,-2.3703573,-16731116
98,97,99,102,"null","null","null",4,9.936848,3.0657103,-0.61676085,3.166747,-1.2878677,-16731116
99,98,100,101,"null","null","null",2,3.7053483,2.3408196,-0.65809155,3.7190475,-0.34808123,-16731116
102,98,103,104,"null","null","null",2,3.9218464,2.8755686,-1.1971772,0.31716225,-3.1081505,-12486656
105,97,106,109,"null","null","null",3,5.339711,1.7924259,-2.1365538,0.60018003,-3.6229587,-16731116
106,105,107,108,"null","null","null",2,2.7732916,2.8755686,-1.1971772,0.63761365,-3.1081505,-16731116
110,96,111,112,"null","null","null",2,4.285575,0.35782927,-2.716209,0.90259767,-3.2399843,-12486656
113,95,114,121,"null","null","null",7,11.143183,0.48358285,-3.4058852,1.7993804,-2.4870472,-16731116
114,113,115,120,"null","null","null",4,7.1879287,0.6580924,-2.7521253,0.867519,-3.4687886,-16731116
115,114,116,119,"null","null","null",3,4.971538,1.7924259,-2.1365538,0.46288577,-3.6229587,-16731116
116,115,117,118,"null","null","null",2,2.7693596,2.8755686,-1.1971772,0.63761365,-3.1081505,-16731116
121,113,122,125,"null","null","null",3,7.218718,1.7788353,-2.6272726,3.1628685,-0.40147904,-16731116
122,121,123,124,"null","null","null",2,4.071534,0.641129,-3.4392254,2.4198835,-0.6642305,-16731116
126,94,127,128,"null","null","null",2,3.8734384,0.84491944,-3.5245032,2.3807092,-0.39556205,-16731116
129,92,130,159,"null","null","null",16,20.468964,0.44286197,-3.4007149,1.8611665,-2.6213481,-16731116
130,129,131,148,"null","null","null",15,17.884678,0.689698,-2.7339149,0.5495896,-3.5377078,-16731116
131,130,132,143,"null","null","null",9,13.682976,2.2793105,-2.0484633,0.48397422,-3.6238084,-16731116
132,131,133,140,"null","null","null",6,9.690745,3.4068708,-0.8706838,0.64591277,-3.0781689,-16731116
133,132,134,137,"null","null","null",4,5.995966,3.7300858,-0.41857076,1.425116,-2.4606717,-16731116
134,133,135,136,"null","null","null",2,2.089234,3.328404,-0.61676085,2.5945096,-1.4052767,-16731116
137,133,138,139,"null","null","null",2,1.974739,1.0880269,-2.1365538,0.60018003,-3.8261664,-16731116
140,132,141,142,"null","null","null",2,2.9814024,0.35782927,-2.716209,0.90259767,-3.2399843,-16731116
143,131,144,147,"null","null","null",3,6.8465786,0.48358285,-3.3782573,1.9383985,-2.311044,-16731116
144,143,145,146,"null","null","null",2,3.3683937,0.6580924,-2.716209,0.867519,-3.2399843,-16731116
148,130,149,158,"null","null","null",6,10.373946,0.84491944,-3.4974654,2.5136464,-1.0443956,-16731116
149,148,150,155,"null","null","null",5,9.616852,0.5235968,-3.4058852,2.0181658,-2.6072886,-16731116
150,149,151,154,"null","null","null",3,4.60274,0.6580924,-2.7521253,0.867519,-3.6251023,-16731116
151,150,152,153,"null","null","null",2,3.4258537,1.0880269,-2.1365538,0.46288577,-3.8261664,-16731116
155,149,156,157,"null","null","null",2,4.1698437,1.7788353,-1.9610502,3.6551359,-0.40147904,-16731116
160,90,161,182,"","null","Leafbirds, Fairy-Bluebirds",13,29.674795,1.5501353,-2.8931777,3.3743324,-0.31738016,-16731116
161,160,162,179,"Chloropseidae","null","Leafbirds",11,25.435074,0.29949006,-3.57267,2.705148,-1.0522804,-16731116
162,161,163,176,"null","null","null",9,22.009876,0.5419747,-3.4274406,1.9094133,-2.5434403,-16731116
163,162,164,173,"null","null","null",7,18.678673,0.72913146,-2.7686582,0.49050635,-3.4364276,-16731116
164,163,165,170,"null","null","null",5,15.126644,2.330574,-2.2165523,0.48397422,-3.492144,-16731116
165,164,166,169,"null","null","null",3,10.28496,3.4735134,-1.0891994,0.64591277,-2.9070053,-16731116
166,165,167,168,"null","null","null",2,6.684503,3.816721,-0.41857076,0.7310724,-2.2381592,-16731116
170,164,171,172,"null","null","null",2,5.51581,0.48358285,-3.7564573,1.9383985,-1.6186471,-16731116
173,163,174,175,"null","null","null",2,5.6476617,0.84491944,-3.5245032,2.3807092,-0.39556205,-12486656
176,162,177,178,"null","null","null",2,5.972959,1.6917281,-2.1268067,3.5885556,-0.35959655,-16731116
179,161,180,181,"null","null","null",2,6.1895723,2.3408208,-0.4290239,3.7190452,-0.7670516,-16731116
182,160,183,184,"Irenidae","null","Fairy-bluebirds",2,10.410436,3.3284082,-0.2891289,2.5945039,-1.4052806,-16731116
185,0,186,193,"null","null","null",5,40.970505,0.79509413,-3.4240804,2.3612075,-1.1773354,-16731116
186,185,187,190,"","null","Sugarbirds and more",4,40.024757,0.5592991,-3.162867,1.7948521,-2.6272743,-16731116
187,186,188,189,"Muscicapidae","null","Chats and Old World flycatchers",2,22.80201,0.6642305,-2.4198818,0.6411279,-3.4392266,-12486656
190,186,191,192,"Promeropidae","null","Sugarbirds",2,5.521652,1.6001897,-2.2880554,3.5116982,-0.31738016,-16731116
