index,parent,child1,child2,name1,name2,common,richness,lengthbr,hxmax,hxmin,hymax,hymin,color
0,-268116974,1,94,"","null","Poison Dart Frogs",227,24.3,1.4070913,-3.010863,3.3060744,-0.2750006,-12486656
1,0,2,3,"DENDROBATIDAE","null","null",142,22.225367,0.32388112,-3.6204545,2.6315637,-1.2190323,-12486656
2,1,-268106752,-268105728,"null","null","null",96,20.504309,0.55929863,-3.4181552,1.7242546,-2.6814826,-12486656
3,1,4,85,"null","null","null",46,17.300001,2.4557233,-1.5425444,3.668141,-0.7370677,-12486656
4,3,5,84,"null","null","null",41,16.780052,1.6001905,-2.9319158,3.352849,-0.59051746,-12486656
5,4,6,67,"null","null","null",40,16.668476,0.39173245,-3.6230307,2.6772194,-1.052279,-12486656
6,5,7,58,"null","null","null",31,16.668476,0.54197454,-3.4929104,1.7306666,-2.5434394,-16731116
7,6,8,51,"null","null","null",26,16.668476,0.6764462,-2.8537693,0.64476943,-3.4364274,-16731116
8,7,9,46,"null","null","null",22,13.967105,2.2620838,-2.0484648,0.483974,-3.4921446,-12486656
9,8,10,31,"null","null","null",19,13.967105,3.3844771,-0.93958163,0.64591265,-2.9070063,-12486656
10,9,11,30,"null","null","null",11,13.967105,3.700975,-0.41857052,1.7316476,-2.2381597,-16731116
11,10,12,25,"null","null","null",10,13.967105,3.2905602,-0.6167606,2.9930017,-1.2264555,-12486656
12,11,13,22,"null","null","null",7,13.967105,2.6331239,-1.4981518,3.4931793,-0.34808096,-16731116
13,12,14,19,"null","null","null",5,13.967105,1.6749322,-2.961268,3.1863718,-0.5755017,-16731116
14,13,15,18,"null","null","null",3,13.967105,0.5272785,-3.7671375,2.4522836,-0.665,-16731116
15,14,16,17,"null","null","null",2,13.967105,0.52359736,-3.7564564,1.9383965,-1.6186526,-16731116
19,13,20,21,"null","null","null",2,13.967105,3.4248662,-0.27500144,2.4441638,-1.5045791,-12486656
22,12,23,24,"null","null","null",2,13.967105,3.7952118,-0.705258,0.5537415,-2.2791743,-12486656
25,11,26,29,"null","null","null",3,13.967105,3.3814778,-1.1971784,0.3171621,-2.9699712,-12486656
26,25,27,28,"null","null","null",2,13.967105,3.7952118,-0.3955186,0.6459114,-2.2791743,-16731116
31,9,32,41,"null","null","null",8,13.967105,0.5562911,-2.8712273,0.9025978,-3.3870246,-12486656
32,31,33,40,"null","null","null",5,13.967105,2.1643877,-2.1365547,0.46288556,-3.5166664,-12486656
33,32,34,39,"null","null","null",4,13.967105,3.35912,-1.1971784,0.6376136,-2.9699712,-12486656
34,33,35,38,"null","null","null",3,13.967105,3.7661467,-0.3955186,1.2371399,-2.2791743,-12486656
35,34,36,37,"null","null","null",2,13.967105,3.4248662,-0.60428905,2.4441638,-1.5045791,-11184866
41,31,42,45,"null","null","null",3,13.967105,0.8665055,-3.731467,2.5607438,-0.3833955,-16731116
42,41,43,44,"null","null","null",2,13.967105,0.5042379,-3.7907996,2.0102258,-1.4433501,-16731116
46,8,47,50,"null","null","null",3,13.967105,0.48358327,-3.3782585,1.9383984,-2.3110435,-12486656
47,46,48,49,"null","null","null",2,13.967105,0.65809244,-2.7162104,0.8675197,-3.239983,-16731116
51,7,52,55,"null","null","null",4,6.264074,0.8449197,-3.767137,2.7277992,-0.39556193,-16731116
52,51,53,54,"null","null","null",2,6.264074,0.5235969,-3.756458,1.9383984,-1.6186465,-16731116
55,51,56,57,"null","null","null",2,6.264074,2.361208,-0.4184213,3.6646907,-0.79509425,-16731116
58,6,59,66,"null","null","null",5,7.2723646,1.6917278,-2.737479,3.1863737,-0.35959697,-16731116
59,58,60,65,"null","null","null",4,7.2723646,0.52728057,-3.4762144,2.4522865,-0.816515,-16731116
60,59,61,64,"null","null","null",3,7.2723646,0.5235969,-3.3782585,1.9383984,-2.3110435,-16731116
61,60,62,63,"null","null","null",2,7.2723646,0.65809244,-2.7162104,0.8675197,-3.239983,-16731116
67,5,68,81,"null","null","null",9,9.928322,2.633125,-1.3385797,3.6562047,-0.76705194,-12486656
68,67,69,80,"null","null","null",7,9.928322,1.6917278,-2.7538266,3.3983068,-0.5755013,-11184866
69,68,70,77,"null","null","null",6,9.928322,0.3384863,-3.4974663,2.7277992,-1.0443957,-11184866
70,69,71,76,"null","null","null",4,9.928322,0.5235969,-3.405886,1.9383984,-2.6072884,-11184866
71,70,72,75,"null","null","null",3,9.928322,0.65809244,-2.7521262,0.8675197,-3.6251016,-12486656
72,71,73,74,"null","null","null",2,9.928322,1.0880251,-2.1365547,0.46288556,-3.8261662,-12486656
77,69,78,79,"null","null","null",2,9.928322,2.361208,-0.4184213,3.6646907,-0.79509425,-11184866
81,67,82,83,"null","null","null",2,9.928322,3.7952118,-0.70525885,0.55373955,-2.2791753,-16731116
85,3,86,93,"null","null","null",5,7.2723646,3.5280137,-0.6717531,1.9147032,-2.238161,-12486656
86,85,87,92,"null","null","null",4,7.2723646,3.0657122,-0.6167604,3.2309766,-1.40528,-12486656
87,86,88,91,"null","null","null",3,7.2723646,2.340821,-0.8562573,3.8025494,-0.34808034,-11184866
88,87,89,90,"null","null","null",2,7.2723646,1.6917278,-2.1268075,3.5885549,-0.5755013,-12486656
94,0,95,163,"AROMOBATIDAE","null","null",85,19.867859,3.1915243,-0.30320063,3.1734364,-1.1166805,-11184866
95,94,96,124,"null","null","null",61,18.384127,2.5325947,-1.5047874,3.625268,-0.37199032,-12486656
96,95,97,117,"null","null","null",41,16.607365,1.4333824,-2.8828318,3.297114,-0.59051746,-12486656
97,96,-268107776,98,"null","null","null",37,16.607365,0.33634126,-3.5592217,2.6047637,-1.0751604,-12486656
98,97,99,108,"null","null","null",10,16.607365,2.5084949,-1.4981482,3.4931793,-0.76705194,-11184866
99,98,100,105,"null","null","null",5,16.607365,1.6749347,-2.9612656,3.1863737,-0.5755013,-11184866
100,99,101,104,"null","null","null",3,16.607365,0.52728057,-3.767137,2.4522865,-0.665,-11184866
101,100,102,103,"null","null","null",2,16.607365,0.5235969,-3.756458,1.9383984,-1.6186465,-11184866
105,99,106,107,"null","null","null",2,16.607365,3.4248672,-0.27500108,2.4441621,-1.5045799,-8572416
108,98,109,116,"null","null","null",5,16.607365,3.5147936,-0.70525885,1.6992391,-2.2791753,-12486656
109,108,110,113,"null","null","null",4,16.607365,3.0981078,-0.60428894,3.0448937,-1.420942,-12486656
110,109,111,112,"null","null","null",2,16.607365,2.361208,-0.6619245,3.6646907,-0.32388195,-12486656
113,109,114,115,"null","null","null",2,16.607365,2.7384984,-1.3026757,0.30320114,-3.2226949,-11513776
117,96,118,123,"null","null","null",4,16.607365,3.0657122,-0.28912875,3.2309766,-1.40528,-11184866
118,117,119,122,"null","null","null",3,16.607365,2.340821,-0.8562573,3.8025494,-0.34808034,-11184866
119,118,120,121,"null","null","null",2,16.607365,1.6917278,-2.1268075,3.5885549,-0.5755013,-11184866
124,95,125,160,"null","null","null",20,13.397133,3.7009745,-0.6717531,1.8281087,-2.4606743,-16731116
125,124,126,145,"null","null","null",18,12.925953,3.2905612,-0.6167604,3.1184037,-1.2264582,-12486656
126,125,127,142,"null","null","null",10,12.925953,2.633125,-1.3385797,3.6562047,-0.34808034,-12486656
127,126,128,139,"null","null","null",8,12.925953,1.6749347,-2.7538266,3.3983068,-0.5755013,-12486656
128,127,129,136,"null","null","null",6,12.925953,0.3384863,-3.4974663,2.7277992,-1.0443957,-11184866
129,128,130,135,"null","null","null",4,12.925953,0.5235969,-3.405886,1.9383984,-2.6072884,-11513776
130,129,131,134,"null","null","null",3,12.925953,0.65809244,-2.7521262,0.8675197,-3.6251016,-11513776
131,130,132,133,"null","null","null",2,12.925953,1.0880251,-2.1365547,0.46288556,-3.8261662,-11513776
136,128,137,138,"null","null","null",2,12.925953,2.361208,-0.4184213,3.6646907,-0.79509425,-11184866
139,127,140,141,"null","null","null",2,12.925953,3.4248672,-0.27500108,2.4441621,-1.5045799,-16731116
142,126,143,144,"null","null","null",2,12.925953,3.7952118,-0.70525885,0.55373955,-2.2791753,-11184866
145,125,146,157,"null","null","null",8,12.925953,3.3079376,-1.0121982,0.31716174,-2.9699724,-16731116
146,145,147,156,"null","null","null",6,12.925953,3.6996107,-0.39551836,1.7809302,-2.2791753,-16731116
147,146,148,155,"null","null","null",5,12.925953,3.33837,-0.60428894,3.151092,-1.5045799,-16731116
148,147,149,152,"null","null","null",4,12.925953,2.6735487,-0.66485816,3.8027484,-0.32388195,-16731116
149,148,150,151,"null","null","null",2,12.925953,1.7788337,-1.9610533,3.6551347,-0.55929923,-16731116
152,148,153,154,"null","null","null",2,12.925953,3.7626114,-0.7370666,0.4390188,-2.31344,-11513776
157,145,158,159,"null","null","null",2,12.925953,0.3445298,-2.8544085,0.9791695,-3.1268055,-11513776
160,124,161,162,"null","null","null",2,3.0998046,1.0880233,-2.1365554,0.6001814,-3.8261666,-16731116
163,94,164,187,"null","null","null",24,14.212488,3.3277478,-0.9287931,0.33095595,-2.9070082,-8572416
164,163,165,186,"null","null","null",12,11.112683,3.6272292,-0.41856992,1.731644,-2.238161,-8572416
165,164,166,183,"null","null","null",11,11.112683,3.1946921,-0.6167604,2.9929996,-1.2878717,-8572416
166,165,167,176,"null","null","null",9,11.112683,2.5084949,-1.3260047,3.4931793,-0.34808034,-8572416
167,166,168,175,"null","null","null",5,11.112683,1.6917278,-2.737479,3.1863737,-0.5755013,-8572416
168,167,169,174,"null","null","null",4,11.112683,0.52728057,-3.4762144,2.4522865,-0.816515,-8572416
169,168,170,173,"null","null","null",3,11.112683,0.5235969,-3.3782585,1.9383984,-2.3110435,-8572416
170,169,171,172,"null","null","null",2,11.112683,0.65809244,-2.7162104,0.8675197,-3.239983,-3014646
176,166,177,182,"null","null","null",4,11.112683,3.5147936,-0.70525885,1.6992391,-2.2791753,-8572416
177,176,178,181,"null","null","null",3,11.112683,3.0981078,-0.60428894,3.0448937,-1.5045799,-8572416
178,177,179,180,"null","null","null",2,11.112683,2.361208,-0.6619245,3.6646907,-0.32388195,-3014646
183,165,184,185,"null","null","null",2,11.112683,2.875566,-1.1971791,0.31716174,-3.1081529,-8572416
187,163,188,209,"","null","Skunk Frogs",12,11.112683,0.5260043,-2.7521274,0.90259826,-3.3870244,-8572416
188,187,189,208,"null","null","null",11,11.112683,2.1250157,-2.1365554,0.46288532,-3.516667,-8572416
189,188,190,207,"null","null","null",10,11.112683,3.3079376,-1.1971791,0.6376135,-2.9699724,-8572416
190,189,191,206,"null","null","null",9,11.112683,3.6996107,-0.39551836,1.556866,-2.2791753,-8572416
191,190,192,201,"null","null","null",8,11.112683,3.33837,-0.60428894,2.8598087,-1.3321635,-8572416
192,191,193,198,"null","null","null",5,11.112683,2.6735487,-1.1773367,3.4240801,-0.32388195,-8572416
193,192,194,197,"null","null","null",3,11.112683,1.7788337,-2.6272755,3.162866,-0.55929923,-8572416
194,193,195,196,"null","null","null",2,11.112683,0.64112616,-3.439227,2.4198804,-0.6642306,-8572416
198,192,199,200,"null","null","null",2,11.112683,3.7626114,-0.7370666,0.4390188,-2.31344,-8572416
201,191,202,205,"null","null","null",3,11.112683,3.279088,-1.3026757,0.30320114,-3.022943,-8572416
202,201,203,204,"null","null","null",2,11.112683,3.7626114,-0.37199116,0.6527469,-2.31344,-8572416
