index,parent,child1,child2,name1,name2,common,richness,lengthbr,hxmax,hxmin,hymax,hymin,color
0,-268197881,1,40,"null","null","null",24,23.4,3.2014766,-0.6278832,3.1648693,-1.1166797,-16731116
1,0,2,33,"null","null","null",20,23.4,2.5455332,-1.542546,3.6141295,-0.37199056,-16731116
2,1,3,28,"null","null","null",16,23.4,1.4333814,-2.931917,3.2826333,-0.59051764,-16731116
3,2,4,21,"null","null","null",13,23.4,0.29949006,-3.623031,2.5859394,-1.0796676,-16731116
4,3,5,16,"null","null","null",9,23.4,0.5419747,-3.49291,1.7061951,-2.5790436,-16731116
5,4,6,11,"null","null","null",6,23.4,0.66192496,-2.8537683,0.52231866,-3.482712,-16731116
6,5,7,10,"null","null","null",3,23.4,1.9703138,-2.0763643,0.48397422,-3.5523138,-16731116
7,6,8,9,"null","null","null",2,23.4,3.005175,-1.0891994,0.64591277,-2.9852262,-16731116
11,5,12,15,"null","null","null",3,23.4,0.84491944,-3.7671363,2.4522867,-0.39556205,-16731116
12,11,13,14,"null","null","null",2,23.4,0.5235968,-3.7564573,1.9383985,-1.6186471,-16731116
16,4,17,20,"null","null","null",3,23.4,1.6917281,-2.7746239,3.1313145,-0.35959655,-16777216
17,16,18,19,"null","null","null",2,23.4,0.5272817,-3.5245032,2.3807092,-0.665,-16777216
21,3,22,27,"null","null","null",4,23.4,2.3408208,-1.3545772,3.4508257,-0.7670516,-16731116
22,21,23,26,"null","null","null",3,23.4,1.6917281,-2.7746239,3.1313145,-0.5755012,-12486656
23,22,24,25,"null","null","null",2,23.4,0.5272817,-3.5245032,2.3807092,-0.665,-12486656
28,2,29,32,"null","null","null",3,23.4,3.065712,-0.2891289,3.1667423,-1.4052806,-16731116
29,28,30,31,"null","null","null",2,23.4,2.3408208,-0.6580918,3.7190452,-0.34808022,-16731116
33,1,34,37,"null","null","null",4,23.4,3.7300878,-0.67175275,1.4251086,-2.4606745,-12486656
34,33,35,36,"null","null","null",2,23.4,3.3284082,-0.6167603,2.5945039,-1.4052806,-11184866
37,33,38,39,"null","null","null",2,23.4,1.0880196,-2.1365566,0.6001816,-3.8261666,-16731116
40,0,41,46,"null","null","null",4,23.4,3.4068692,-1.0892038,0.3309561,-2.9070082,-16731116
41,40,42,45,"null","null","null",3,23.4,3.7300878,-0.4185698,1.4251086,-2.238161,-11513776
42,41,43,44,"null","null","null",2,23.4,3.3284082,-0.6167603,2.5945039,-1.4052806,-16777216
