index,parent,child1,child2,name1,name2,common,richness,lengthbr,hxmax,hxmin,hymax,hymin,color
0,-268152832,1,168,"null","null","null",291,81.0,0.4014834,-3.400941,1.7338108,-2.6799352,-16731116
1,0,2,158,"CARNIVORA","null","Carnivorans",283,64.1,0.80989695,-2.7293777,0.5493576,-3.507697,-16731116
2,1,3,91,"CANIFORMIA","null","'Dog-like' carnivorans",163,55.9,2.371614,-1.9503839,0.50423574,-3.4999073,-16731116
3,2,4,76,"null","null","null",129,49.5,3.4234786,-0.7673187,0.6527473,-2.8924575,-16731116
4,3,5,7,"null","null","null",121,46.5,3.6563094,-0.44105333,1.9450063,-2.2661624,-16731116
5,4,-268147712,6,"null","null","null",86,39.1,3.1889188,-0.62788224,3.1734297,-1.3026884,-16731116
7,4,8,41,"","null","Seals, Sea Lions and Walrus",35,33.699997,2.1597238,-2.0607545,0.5624022,-3.5424216,-12486656
8,7,9,40,"null","null","null",17,24.8,3.2514207,-1.0892134,0.6459118,-2.9723697,-12486656
9,8,10,25,"Otariidae","null","null",16,9.2,3.5280132,-0.41856778,1.7531168,-2.3231268,-12486656
10,9,11,24,"Arctocephalus","most","Fur Seals",8,9.0,3.0657163,-0.6167592,3.0209239,-1.4052911,-16731116
11,10,12,23,"null","null","null",7,4.7,2.3408237,-1.32599,3.5294921,-0.3480777,-16731116
12,11,13,22,"null","null","null",6,4.7,1.6917387,-2.7374697,3.2335877,-0.5754995,-16731116
13,12,14,21,"null","null","null",5,4.5,0.52729595,-3.4762154,2.5136638,-0.8164922,-12486656
14,13,15,18,"null","null","null",4,2.5,0.5235944,-3.37827,2.0181794,-2.3110232,-12486656
15,14,16,17,"null","null","null",2,2.5,0.6580918,-2.716227,0.86753273,-3.2399707,-16731116
18,14,19,20,"null","null","null",2,2.5,1.7788453,-1.9610294,3.6551437,-0.4014843,-12486656
25,9,26,39,"null","null","null",8,9.2,2.01564,-2.1365614,0.60018516,-3.5166698,-12486656
26,25,27,34,"","null","Sea Lions",7,9.0,3.16576,-1.003273,0.63761246,-2.9699793,-12486656
27,26,28,33,"null","null","null",4,7.2000003,3.5147915,-0.39551562,1.6992172,-2.2791798,-11184866
28,27,29,32,"null","null","null",3,5.6000004,3.0981114,-0.60428727,3.0448768,-1.5045929,-12486656
29,28,30,31,"null","null","null",2,3.2,2.36121,-0.6619249,3.6646824,-0.32387877,-11184866
34,26,35,38,"Zalophus","null","null",3,6.3,0.34452826,-2.8343053,0.9791835,-3.5548177,-12486656
35,34,36,37,"null","null","null",2,6.3,0.909375,-2.190564,0.4410529,-3.8270519,-12486656
41,7,42,61,"Phocidae","null","True seals",18,22.800001,0.48358777,-3.405892,1.9093138,-2.4241388,-16731116
42,41,43,60,"null","null","null",10,19.1,0.6580919,-2.7521358,0.867532,-3.3870196,-16731116
43,42,44,59,"null","null","null",9,12.0,2.015641,-2.136561,0.46288323,-3.5166693,-16731116
44,43,45,56,"null","null","null",8,9.1,3.1657605,-1.0122144,0.6376125,-2.9699788,-16731116
45,44,46,55,"null","null","null",6,3.8,3.5147915,-0.3955158,1.7809141,-2.2791796,-16731116
46,45,47,52,"null","null","null",5,3.6,3.0981112,-0.6042874,3.1510818,-1.420959,-16731116
47,46,48,51,"Pusa","null","null",3,3.5,2.3612099,-0.66483176,3.8027482,-0.32387894,-12486656
48,47,49,50,"null","null","null",2,3.5,1.7788453,-1.9610294,3.6551437,-0.559297,-16731116
52,46,53,54,"Phoca","null","null",2,1.6,2.7384791,-1.3026897,0.30319938,-3.2227101,-16731116
56,44,57,58,"null","null","null",2,4.3,0.34452835,-2.854425,0.9791828,-3.1267917,-16731116
61,41,62,73,"null","null","null",8,16.0,1.7948656,-2.6626225,3.4101982,-0.40148383,-12486656
62,61,63,70,"null","null","null",6,14.2,0.4148249,-3.4851913,2.7414124,-0.66423035,-16731116
63,62,64,67,"null","null","null",4,8.9,0.50423557,-3.4706507,2.120692,-2.143393,-16731116
64,63,65,66,"null","null","null",2,8.7,0.6527472,-2.854424,0.9791821,-3.1267922,-16731116
67,63,68,69,"null","null","null",2,8.3,1.8611758,-1.7914212,3.7111826,-0.4428671,-16731116
70,62,71,72,"Mirounga","null","null",2,3.5,2.3745227,-0.4072513,3.599749,-0.82108736,-16731116
73,61,74,75,"Monachus","null","null",2,13.5,3.5117073,-0.31738505,2.2880383,-1.6001995,-3014646
76,3,77,90,"Ursidae","null","Bears",8,36.4,0.6896827,-2.6608324,0.88575876,-3.4364233,-12486656
77,76,78,89,"null","null","null",7,27.1,2.2792976,-2.0763721,0.48397186,-3.4921484,-12486656
78,77,79,84,"null","null","null",6,10.9,3.4068666,-0.8866618,0.6459118,-2.9070146,-12486656
79,78,80,83,"null","null","null",3,10.9,3.730093,-0.41856778,1.4250891,-2.2381654,-12486656
80,79,81,82,"null","null","null",2,10.7,3.3284197,-0.6167592,2.594488,-1.4052911,-11184866
84,78,85,88,"null","null","null",3,10.700001,0.35782757,-2.7521362,0.9025997,-3.625095,-12486656
85,84,86,87,"null","null","null",2,2.1,1.088003,-2.1365614,0.46288314,-3.8261676,-12486656
91,2,92,129,"Canidae","null","Wolves, Foxes and more",34,7.0,0.44286668,-3.327991,1.8248677,-2.595947,-16731116
92,91,93,128,"null","null","null",19,6.3,0.66192466,-2.6393747,0.7547023,-3.5046976,-16731116
93,92,94,123,"null","null","null",18,3.4,2.159725,-2.048477,0.48397192,-3.5809047,-12486656
94,93,95,118,"null","null","null",15,3.4,3.2514215,-0.88666075,0.6459119,-3.0223975,-16731116
95,94,96,107,"null","null","null",12,3.4,3.5280132,-0.41856796,1.9146909,-2.3881636,-16731116
96,95,97,102,"Canis","null","null",6,1.6,3.0657158,-0.6167593,3.2309694,-1.2264694,-16731116
97,96,98,101,"null","null","null",3,1.5,2.3408232,-0.8562355,3.8025508,-0.3480779,-16731116
98,97,99,100,"null","null","null",2,1.3,1.6917381,-2.1267884,3.5885634,-0.5754996,-16731116
102,96,103,106,"null","null","null",3,1.4,3.381466,-1.1971908,0.31716034,-2.9699788,-12486656
103,102,104,105,"null","null","null",2,1.4,3.7952085,-0.3955158,0.64591235,-2.2791796,-12486656
107,95,108,117,"Lycalopex","null","null",6,0.90000004,2.1643748,-2.136561,0.6001849,-3.6630034,-16777216
108,107,109,116,"null","null","null",5,0.8,3.3591144,-1.1971908,0.6376125,-3.160213,-16777216
109,108,110,113,"null","null","null",4,0.8,3.7661514,-0.3955158,1.2371144,-2.5264838,-16777216
110,109,111,112,"null","null","null",2,0.8,3.424879,-0.6042874,2.4441426,-1.504592,-16777216
113,109,114,115,"null","null","null",2,0.6,0.90937626,-2.1905634,0.6366845,-3.8270519,-16777216
118,94,119,122,"null","null","null",3,3.4,0.35782766,-2.7521353,0.9025996,-3.6250951,-12486656
119,118,120,121,"null","null","null",2,3.4,1.0880044,-2.136561,0.4628833,-3.826167,-11184866
123,93,124,127,"null","null","null",3,3.4,0.48358747,-3.3782685,1.9384067,-2.311026,-12486656
124,123,125,126,"null","null","null",2,3.4,0.6580919,-2.716225,0.8675311,-3.2399724,-12486656
129,91,130,157,"","most","Foxes",15,6.8999996,1.6917369,-2.7631173,3.3983083,-0.35960102,-16731116
130,129,131,154,"null","null","null",14,6.7999997,0.33849454,-3.509555,2.7278008,-0.9035062,-16731116
131,130,132,149,"Vulpes","null","null",12,6.7,0.52359486,-3.4216099,1.7993944,-2.4241397,-16731116
132,131,133,146,"null","null","null",9,3.8,0.6580919,-2.7725687,0.58311313,-3.38702,-16731116
133,132,134,141,"null","null","null",7,1.7,2.1815698,-2.163124,0.46288338,-3.5166693,-16731116
134,133,135,138,"null","null","null",4,1.5,3.381467,-1.0122135,0.6376126,-2.9699783,-16731116
135,134,136,137,"null","null","null",2,0.9,3.795209,-0.39551598,0.6459123,-2.2791793,-16731116
138,134,139,140,"null","null","null",2,0.9,0.34452844,-2.854424,0.9791818,-3.1267924,-16731116
141,133,142,145,"null","null","null",3,1.5,0.52348506,-3.4706502,2.0102334,-2.143394,-16731116
142,141,143,144,"null","null","null",2,0.9,0.6527473,-2.854423,0.97918135,-3.126793,-16731116
146,132,147,148,"null","null","null",2,1.4,0.86650753,-3.4392166,2.4198992,-0.38339427,-16731116
149,131,150,153,"null","null","null",3,3.4,1.7788435,-2.6272573,3.162881,-0.40148348,-16731116
150,149,151,152,"null","null","null",2,3.4,0.64114046,-3.4392161,2.4199,-0.66423035,-16731116
154,130,155,156,"Urocyon","null","null",2,2.8,2.3612096,-0.41842014,3.6646838,-0.79509723,-11184866
158,1,159,160,"FELIFORMIA","null","'Cat-like' carnivorans",120,42.100002,0.8210871,-3.5726714,2.6772227,-1.0926645,-16731116
159,158,-268148736,-268150784,"null","null","null",76,40.399998,0.541973,-3.42745,1.8009735,-2.5959475,-16731116
160,158,-268149760,161,"null","null","null",44,39.9,2.5084994,-1.3539946,3.6562018,-0.76705456,-12486656
161,160,162,167,"Hyaenidae","null","Hyena family",4,25.199999,3.5147917,-0.70526195,1.6992217,-2.279179,-16731116
162,161,163,166,"null","null","null",3,18.8,3.0981107,-0.6042876,3.0448804,-1.5045902,-16731116
163,162,164,165,"Hyaena","null","null",2,18.8,2.3612094,-0.66192484,3.664684,-0.32387942,-12486656
168,0,169,176,"PHOLIDOTA Manis","null","Pangolins",8,19.000002,1.433391,-3.0610595,3.3743355,-0.3173847,-11184866
169,168,170,173,"null","null","null",4,16.400002,0.29948768,-3.790927,2.705151,-0.66423047,-11184866
170,169,171,172,"null","null","null",2,8.1,0.5419729,-3.7111824,1.8611751,-1.7914228,-11184866
173,169,174,175,"null","null","null",2,8.1,2.3408232,-0.42902282,3.7190409,-0.76705456,-11184866
176,168,177,180,"null","null","null",4,16.4,3.0657156,-0.28912753,3.1667318,-1.2878848,-16777216
177,176,178,179,"null","null","null",2,16.4,2.3408232,-0.65809214,3.7190409,-0.3480781,-16777216
180,176,181,182,"null","null","null",2,16.4,2.8755527,-1.1971896,0.31716046,-3.1081653,-16777216
