index,parent,child1,child2,name1,name2,common,richness,lengthbr,hxmax,hxmin,hymax,hymin,color
0,-268435340,1,120,"","null","Geckos and Legless Lizards",174,134.19998,1.0751492,-2.6772218,0.82108676,-3.552108,-16731116
1,0,2,101,"","null","Geckos",103,134.1,2.5731766,-1.7883086,0.5419732,-3.4007168,-16731116
2,1,3,70,"null","null","null",93,117.6,3.475095,-0.6137149,0.6619247,-2.7339182,-16731116
3,2,4,64,"null","null","null",77,111.7,3.5424206,-0.48397207,2.218433,-2.0659308,-16731116
4,3,5,35,"null","null","null",53,111.7,2.9723682,-0.6459119,3.3277416,-0.88859326,-16731116
5,4,6,14,"null","null","null",38,111.7,2.3231258,-1.7071621,3.6272297,-0.41856802,-16731116
6,5,-268108800,7,"null","null","null",27,102.9,1.2264682,-2.9611819,3.1946974,-0.6167593,-16777216
7,6,8,13,"null","null","null",4,39.0,2.969978,-0.3171605,3.3591151,-1.1971898,-16777216
8,7,9,12,"null","null","null",3,31.2,2.279179,-1.2371163,3.7661512,-0.39551604,-16777216
9,8,10,11,"null","null","null",2,31.2,1.5045912,-2.444144,3.4248781,-0.6042875,-16777216
14,5,15,34,"null","null","null",11,111.7,3.5166693,-0.6001848,2.0156415,-2.136561,-16731116
15,14,16,33,"null","null","null",10,111.7,2.9699788,-0.6376126,3.165761,-1.1971906,-16731116
16,15,17,32,"null","null","null",9,111.7,2.2791796,-1.6061704,3.5147917,-0.39551586,-16731116
17,16,18,31,"null","null","null",8,111.7,1.5045918,-2.9239151,3.0981112,-0.60428745,-16731116
18,17,19,30,"","null","House Geckos",7,62.699997,0.323879,-3.507431,2.3612099,-1.2045189,-16731116
19,18,20,27,"null","null","null",6,62.699997,0.5592972,-3.271231,1.7948654,-2.662622,-16731116
20,19,21,26,"null","null","null",4,62.399998,0.66423035,-2.5607548,0.64114,-3.4851906,-16777216
21,20,22,25,"null","null","null",3,55.899998,2.1433957,-2.010233,0.50423574,-3.4706488,-16777216
22,21,23,24,"null","null","null",2,55.6,3.1267943,-0.9791801,0.6527473,-2.8544214,-16777216
27,19,28,29,"null","null","null",2,62.7,1.6001993,-2.2880385,3.5117075,-0.3173849,-16731116
35,4,36,51,"null","null","null",15,111.7,3.470302,-0.9025996,0.44186652,-2.7564838,-16731116
36,35,37,50,"null","null","null",8,111.7,3.624936,-0.46288335,2.0156415,-2.136561,-16777216
37,36,38,49,"null","null","null",7,111.7,3.1107254,-0.6376126,3.165761,-1.1971906,-16777216
38,37,39,44,"null","null","null",6,111.7,2.4621503,-1.699219,3.5147917,-0.39551586,-16777216
39,38,40,43,"","null","Dwarf Geckos",3,29.3,1.5045918,-3.0448782,3.0981112,-0.60428745,-16777216
40,39,41,42,"null","null","null",2,29.3,0.323879,-3.6646833,2.3612099,-0.66192484,-16777216
44,38,45,48,"","null","Croaking Geckos",3,29.3,3.682302,-0.6366844,1.6104288,-2.1905634,-16777216
45,44,46,47,"null","null","null",2,29.3,3.2227097,-0.6278822,2.7384799,-1.3026892,-16777216
51,35,52,63,"null","null","null",7,111.7,0.7517853,-2.5607553,0.86650753,-3.4732869,-16731116
52,51,53,62,"null","null","null",6,111.7,2.2960691,-2.0102336,0.5042357,-3.4551742,-16731116
53,52,54,61,"null","null","null",5,111.7,3.325271,-0.97918236,0.6527473,-2.8343048,-16731116
54,53,55,60,"null","null","null",4,111.7,3.52864,-0.44105315,2.0262702,-2.1905634,-16731116
55,54,56,59,"null","null","null",3,111.7,3.0229492,-0.6278822,3.2790737,-1.3026892,-16731116
56,55,57,58,"","null","Bent-toed Geckos",2,18.5,2.3134441,-0.6527477,3.7626061,-0.3719881,-16731116
64,3,-268106752,65,"null","null","null",24,111.700005,2.510728,-1.799394,0.48358738,-3.41754,-16731116
65,64,66,69,"","null","Calling Geckos",3,88.8,0.4014834,-3.1628807,1.7788435,-2.6272578,-16731116
66,65,67,68,"null","null","null",2,88.8,0.66423035,-2.4198995,0.64114004,-3.4392164,-16731116
70,2,71,88,"null","null","null",16,88.2,0.97011274,-2.6579108,0.8449218,-3.4974647,-16731116
71,70,72,85,"null","null","null",9,88.0,2.510728,-2.018177,0.523595,-3.405892,-16731116
72,71,73,84,"null","null","null",7,63.8,3.4995842,-0.86753124,0.6580919,-2.7521353,-16731116
73,72,74,83,"null","null","null",6,59.1,3.663003,-0.46288335,2.164375,-2.136561,-16731116
74,73,75,82,"null","null","null",5,50.1,3.1602125,-0.6376126,3.3591144,-1.1971906,-16731116
75,74,76,79,"null","null","null",4,43.899998,2.5264835,-1.2371151,3.7661512,-0.39551586,-16731116
76,75,77,78,"null","null","null",2,27.3,1.5045918,-2.4441433,3.4248786,-0.60428745,-16731116
79,75,80,81,"null","null","null",2,43.3,3.8270519,-0.6366844,0.90937686,-2.1905634,-16777216
85,71,86,87,"","null","Scaly-eyed Geckos",2,22.7,0.4014834,-3.6551423,1.7788435,-1.9610333,-16777216
88,70,89,98,"","null","Dwarf Geckos",7,46.8,0.795097,-3.507432,2.6735525,-1.3502436,-16777216
89,88,90,95,"null","null","null",5,46.8,0.55929744,-3.271231,1.7948642,-2.852063,-16777216
90,89,91,94,"null","null","null",3,46.8,0.66423047,-2.5607548,0.6411398,-3.731463,-16777216
91,90,92,93,"null","null","null",2,46.8,1.4433315,-2.0102332,0.50423586,-3.7908025,-16777216
95,89,96,97,"null","null","null",2,46.8,1.6001984,-2.2880404,3.5117066,-0.31738454,-16777216
98,88,99,100,"null","null","null",2,46.8,2.3134434,-0.43901774,3.762607,-0.73707,-16777216
101,1,102,119,"null","null","null",10,115.3,0.3596006,-3.3160524,1.691736,-2.7538173,-16731116
102,101,103,112,"null","null","null",9,101.7,1.0443803,-2.6208677,0.33849376,-3.4974644,-16731116
103,102,104,109,"","null","Banded Geckos",5,57.4,2.6072752,-2.018176,0.52359504,-3.4058914,-16731116
104,103,105,108,"null","null","null",3,43.8,3.6250954,-0.8675306,0.658092,-2.7521348,-16731116
105,104,106,107,"null","null","null",2,28.5,3.8261669,-0.46288353,1.088006,-2.1365604,-16731116
109,103,110,111,"null","null","null",2,27.6,0.40148306,-3.6551414,1.7788428,-1.9610348,-16777216
112,102,113,118,"null","null","null",4,72.49999,0.7950969,-3.4240851,2.3612094,-1.1773181,-11184866
113,112,114,117,"null","null","null",3,64.399994,0.5592975,-3.1628795,1.7788424,-2.6272593,-16777216
114,113,115,116,"null","null","null",2,35.6,0.66423047,-2.419898,0.64113885,-3.439217,-16777216
120,0,121,149,"null","null","null",71,100.59999,0.7670542,-3.6562014,2.5084991,-1.3577752,-12486656
121,120,122,132,"","null","Geckos",43,91.19999,0.57549995,-3.398308,1.5297167,-2.778788,-16777216
122,121,123,129,"null","null","null",34,80.29999,0.9035075,-2.7278006,0.33849353,-3.529926,-16777216
123,122,-268107776,124,"null","null","null",32,80.29999,2.4241405,-1.7993928,0.5235951,-3.448091,-16777216
124,123,125,128,"null","null","null",3,80.3,0.40148306,-3.1628795,1.7788428,-2.6272585,-16777216
125,124,126,127,"","null","Leaf-tailed Geckos",2,16.6,0.66423047,-2.4198983,0.6411392,-3.4392169,-16777216
129,122,130,131,"null","null","null",2,16.6,0.7950969,-3.6646845,2.3612094,-0.41842026,-16777216
132,121,133,148,"null","null","null",9,49.5,1.5045892,-3.0061474,3.0981102,-0.2750006,-16777216
133,132,134,147,"","null","Knob-tailed Geckos",8,31.300001,0.32387963,-3.6143303,2.3612094,-1.1974778,-16777216
134,133,135,146,"null","null","null",7,31.300001,0.5592975,-3.4101982,1.7788424,-2.653467,-16777216
135,134,136,143,"null","null","null",6,31.300001,0.8876146,-2.7414122,0.41482335,-3.473287,-16777216
136,135,137,142,"null","null","null",4,31.1,2.4726462,-2.0102327,0.504236,-3.4551735,-16777216
137,136,138,141,"null","null","null",3,31.0,3.5548193,-0.9791807,0.65274733,-2.8343034,-16777216
138,137,139,140,"null","null","null",2,24.7,3.8270519,-0.4410535,0.90937954,-2.1905627,-16777216
143,135,144,145,"null","null","null",2,13.9,0.8210869,-3.5997505,2.3745227,-0.40725154,-16777216
149,120,150,183,"PYGOPODIDAE","null","Legless Lizards",28,54.200005,2.4650178,-1.606174,3.514792,-0.7052617,-12486656
150,149,151,180,"null","null","null",17,54.2,1.4209553,-2.9239175,3.0981104,-0.60428774,-11184866
151,150,152,179,"null","null","null",15,54.2,0.3238796,-3.5074317,2.3612094,-1.2118211,-11184866
152,151,153,178,"null","null","null",14,37.3,0.5592975,-3.2712302,1.7788424,-2.6721132,-11184866
153,152,154,177,"null","null","null",13,37.300003,0.7517878,-2.5607538,0.64113885,-3.4975274,-11184866
154,153,155,176,"null","null","null",12,37.300003,2.2960713,-2.0102327,0.504236,-3.4866858,-11184866
155,154,156,173,"null","null","null",11,34.9,3.325272,-0.72747827,0.65274733,-2.8752692,-11184866
156,155,157,166,"null","null","null",9,24.8,3.5286403,-0.4410535,2.0426807,-2.243818,-11184866
157,156,158,163,"null","null","null",5,24.8,3.0229487,-0.62788236,3.3004057,-1.1514577,-11184866
158,157,159,162,"null","null","null",3,14.299999,2.3134437,-1.0472484,3.7903361,-0.37198845,-16777216
159,158,160,161,"null","null","null",2,7.2,1.6001993,-2.2880385,3.5117075,-0.5905162,-16777216
163,157,164,165,"null","null","null",2,16.7,3.0051594,-1.0892124,0.33095488,-2.9852424,-11184866
166,156,167,172,"null","null","null",4,17.5,2.3305564,-2.0763717,0.5624019,-3.4921482,-16777216
167,166,168,171,"null","null","null",3,16.9,3.4735022,-1.0892124,0.6459119,-2.907014,-16777216
168,167,169,170,"null","null","null",2,12.0,3.8167186,-0.41856796,0.7310486,-2.2381651,-16777216
173,155,174,175,"null","null","null",2,24.5,0.37080008,-2.5711927,0.88575864,-3.3442507,-11184866
180,150,181,182,"null","null","null",2,23.1,3.2227068,-0.30319977,2.738484,-1.3026865,-16777216
183,149,184,203,"null","null","null",11,44.100002,3.688757,-0.6366836,1.8643929,-2.1905622,-12486656
184,183,185,202,"null","null","null",10,44.000004,3.2311,-0.6278824,3.068631,-1.3026865,-12486656
185,184,186,199,"null","null","null",9,43.800003,2.584041,-1.4435936,3.4890277,-0.3719887,-12486656
186,185,187,194,"null","null","null",7,29.7,1.4333901,-2.803286,3.120006,-0.59051645,-12486656
187,186,188,193,"null","null","null",4,29.7,0.41360873,-3.45582,2.3745227,-0.99772674,-12486656
188,187,189,192,"null","null","null",3,22.0,0.5419731,-3.2755427,1.8611742,-2.4725277,-12486656
189,188,190,191,"null","null","null",2,21.5,0.6619247,-2.5711918,0.75470114,-3.3442512,-12486656
194,186,195,198,"null","null","null",3,17.1,3.0657153,-0.28912765,3.1667328,-1.4052887,-16777216
195,194,196,197,"null","null","null",2,6.8,2.340823,-0.65809214,3.7190413,-0.34807834,-16777216
199,185,200,201,"","null","Scalyfoots",2,16.4,3.816719,-0.67175555,0.7310517,-2.2381644,-16777216
