index,parent,child1,child2,name1,name2,common,richness,lengthbr,hxmax,hxmin,hymax,hymin,color
0,-268377996,1,44,"null","null","null",38,19.6,3.3844748,-0.9443785,0.3309561,-2.9070082,-11184866
1,0,2,43,"","null","Stream Toads",22,18.9,3.700975,-0.4185698,1.7906663,-2.238161,-12486656
2,1,3,40,"null","null","null",21,18.9,3.2905617,-0.6167603,3.069729,-1.2878731,-12486656
3,2,4,37,"null","null","null",19,18.9,2.6331253,-1.3385786,3.592928,-0.34808022,-12486656
4,3,5,26,"null","null","null",17,18.9,1.5297087,-2.7538254,3.3160472,-0.5755012,-12486656
5,4,6,19,"null","null","null",11,18.9,0.3384865,-3.4974654,2.6208618,-0.9035219,-12486656
6,5,7,16,"null","null","null",7,18.9,0.5235968,-3.4058852,2.0181658,-2.4241529,-12486656
7,6,8,15,"null","null","null",5,18.9,0.6580924,-2.7521253,0.867519,-3.3870258,-12486656
8,7,9,14,"null","null","null",4,18.9,2.1815877,-2.1365538,0.46288577,-3.516667,-12486656
9,8,10,13,"null","null","null",3,18.9,3.3814788,-1.1971772,0.63761365,-2.9699712,-12486656
10,9,11,12,"null","null","null",2,18.9,3.7952123,-0.39551884,0.64591134,-2.2791743,-16731116
16,6,17,18,"null","null","null",2,18.9,1.7788353,-1.9610502,3.6551359,-0.40147904,-12486656
19,5,20,25,"null","null","null",4,18.9,2.3612075,-1.1773334,3.4240808,-0.7950944,-8572416
20,19,21,24,"null","null","null",3,18.9,1.7788353,-2.6272726,3.1628685,-0.5592989,-8572416
21,20,22,23,"null","null","null",2,18.9,0.641129,-3.4392254,2.4198835,-0.6642305,-8572416
26,4,27,32,"null","null","null",6,18.9,3.0981078,-0.27500102,3.1510901,-1.3321657,-11184866
27,26,28,31,"null","null","null",3,18.9,2.3612075,-0.6648546,3.8027482,-0.32388148,-11513776
28,27,29,30,"null","null","null",2,18.9,1.7788353,-1.9610502,3.6551359,-0.5592989,-16777216
32,26,33,36,"null","null","null",3,18.9,3.2790842,-1.3026797,0.30320084,-3.0229445,-11184866
33,32,34,35,"null","null","null",2,18.9,3.76261,-0.37199032,0.6527471,-2.3134408,-12486656
37,3,38,39,"null","null","null",2,18.9,3.795211,-0.705259,0.5537361,-2.2791758,-11184866
40,2,41,42,"null","null","null",2,18.9,2.8755634,-1.1971815,0.31716168,-3.1081553,-12486656
44,0,45,74,"null","null","null",16,14.939231,0.52932,-2.8820148,0.90259826,-3.3870234,-11184866
45,44,46,71,"null","null","null",15,14.591485,2.129327,-2.305408,0.4628849,-3.5166674,-11184866
46,45,47,68,"null","null","null",13,14.591485,3.313544,-1.0122019,0.6376133,-2.9699733,-11184866
47,46,48,67,"null","null","null",11,12.920312,3.706901,-0.3955179,1.5568639,-2.2791758,-11184866
48,47,49,60,"null","null","null",10,12.920312,3.3478484,-0.6042887,2.859808,-1.3321657,-11184866
49,48,50,55,"null","null","null",6,12.920312,2.6858704,-1.1773334,3.4240808,-0.32388148,-11184866
50,49,51,54,"null","null","null",3,12.920312,1.7788353,-2.6272726,3.1628685,-0.5592989,-8572416
51,50,52,53,"null","null","null",2,12.920312,0.641129,-3.4392254,2.4198835,-0.6642305,-8572416
55,49,56,59,"null","null","null",3,12.920312,3.7903333,-0.7370672,1.0472662,-2.3134408,-11184866
56,55,57,58,"null","null","null",2,12.920312,3.5116992,-0.59051746,2.288054,-1.6001905,-16731116
60,48,61,66,"null","null","null",4,12.920312,3.3004098,-1.3026797,0.30320084,-3.0229445,-8572416
61,60,62,65,"null","null","null",3,12.920312,3.7903333,-0.37199032,1.0472662,-2.3134408,-8572416
62,61,63,64,"null","null","null",2,12.920312,3.5116992,-0.59051746,2.288054,-1.6001905,-8572416
68,46,69,70,"","null","Ethiopian Toads",2,3.7348077,0.34452954,-2.854413,0.9791734,-3.1268015,-11184866
71,45,72,73,"null","null","null",2,3.7348077,0.5234822,-3.7908006,2.010228,-1.4433446,-3014646
