index,parent,child1,child2,name1,name2,common,richness,lengthbr,hxmax,hxmin,hymax,hymin,color
0,-268206072,1,161,"HYSTRICOMORPHA","null","Degus, Porcupines, Chinchillas and more",237,48.100002,1.2264667,-3.0817478,3.1946964,-0.28912768,-16731116
1,0,2,148,"null","null","null",229,47.0,0.34807852,-3.6085598,2.5084987,-1.3577757,-16731116
2,1,3,146,"null","null","null",222,45.5,0.57550013,-3.3363733,1.6246564,-2.7787879,-16731116
3,2,4,138,"null","null","null",171,45.3,0.94447416,-2.6472855,0.47731072,-3.5299242,-16731116
4,3,5,123,"null","null","null",138,45.3,2.4773958,-1.8475455,0.52359545,-3.4480872,-16731116
5,4,6,110,"null","null","null",130,45.3,3.4562492,-0.6457105,0.6580921,-2.806989,-16731116
6,5,7,87,"null","null","null",123,45.3,3.606664,-0.46288425,2.1019034,-2.2078729,-16731116
7,6,8,36,"null","null","null",111,45.3,3.0869699,-0.637613,3.2778964,-1.003265,-16731116
8,7,-268179456,9,"null","null","null",85,21.8,2.43127,-1.66522,3.660562,-0.39551717,-16731116
9,8,10,35,"Capromyidae","null","Hutias",14,19.7,3.6128302,-0.63668215,1.9801625,-2.1905596,-11184866
10,9,11,34,"null","null","null",13,19.7,3.1323936,-0.62788296,3.2191267,-1.3026809,-11184866
11,10,12,27,"null","null","null",12,18.0,2.4557242,-1.6418905,3.6846669,-0.37198997,-11184866
12,11,13,20,"null","null","null",8,14.4,1.4333838,-3.0610669,3.3743334,-0.5905173,-11184866
13,12,14,17,"null","null","null",4,8.9,0.29948944,-3.7909288,2.7051492,-0.66423035,-8572416
14,13,15,16,"null","null","null",2,8.9,0.5419743,-3.711179,1.8611686,-1.7914356,-11184866
17,13,18,19,"null","null","null",2,8.9,2.3408213,-0.42902362,3.719045,-0.76705235,-3014646
20,12,21,24,"null","null","null",4,8.9,3.0657125,-0.28912854,3.1667411,-1.2878737,-12486656
21,20,22,23,"Geocapromys","null","null",2,3.4,2.3408213,-0.6580918,3.719045,-0.34807998,-11184866
24,20,25,26,"Capromys","null","null",2,3.4,2.8755636,-1.1971806,0.31716153,-3.1081548,-16731116
27,11,28,33,"null","null","null",4,9.6,3.5280137,-0.67175364,1.8652903,-2.2381618,-8572416
28,27,29,32,"null","null","null",3,9.6,3.0657125,-0.6167602,3.1667411,-1.4052815,-8572416
29,28,30,31,"null","null","null",2,9.6,2.3408213,-0.6580918,3.719045,-0.34807998,-8572416
36,7,37,64,"null","null","null",26,45.300003,3.4309158,-0.91696286,0.38394403,-2.8342993,-16731116
37,36,38,63,"Bathyergidae","null","Mole Rats",14,32.9,3.6659727,-0.44105458,1.9931568,-2.1905596,-16731116
38,37,39,62,"null","null","null",13,23.7,3.201479,-0.62788296,3.2360194,-1.3026809,-16731116
39,38,40,57,"null","null","null",12,16.1,2.545535,-1.4436002,3.7066274,-0.37198997,-16731116
40,39,41,52,"Cryptomys","null","null",9,12.8,1.4333838,-2.8032897,3.402882,-0.5905173,-16731116
41,40,42,47,"null","null","null",6,12.8,0.29948944,-3.4558184,2.7422624,-0.9977391,-16731116
42,41,43,46,"null","null","null",3,12.8,0.5419743,-3.2755356,1.8611686,-2.4725387,-16731116
43,42,44,45,"null","null","null",2,12.8,0.6619249,-2.571182,0.7546941,-3.3442578,-16731116
47,41,48,51,"null","null","null",3,8.6,2.3408213,-0.8562542,3.8025498,-0.76705235,-16731116
48,47,49,50,"null","null","null",2,8.6,1.691729,-2.1268048,3.5885563,-0.5755011,-16731116
52,40,53,56,"null","null","null",3,12.8,3.0657125,-0.28912854,3.1667411,-1.4052815,-16731116
53,52,54,55,"null","null","null",2,12.8,2.3408213,-0.6580918,3.719045,-0.34807998,-16731116
57,39,58,61,"null","null","null",3,13.2,3.7300882,-0.67175364,1.4251064,-2.2381618,-16731116
58,57,59,60,"Bathyergus","null","null",2,3.8,3.3284092,-0.6167602,2.5945022,-1.4052815,-16731116
64,36,65,86,"","null","Guinea Pigs and Cavys",12,35.6,0.5977137,-2.6608262,0.8857578,-3.4965982,-16731116
65,64,66,85,"null","null","null",11,15.3,2.1597342,-2.0763676,0.48397315,-3.5703707,-16731116
66,65,67,78,"null","null","null",10,15.3,3.251427,-0.886652,0.64591235,-3.0087013,-16731116
67,66,68,73,"null","null","null",6,15.3,3.5280137,-0.41856956,1.8652903,-2.3703616,-16731116
68,67,69,72,"Microcavia","null","null",3,10.4,3.0657125,-0.6167602,3.1667411,-1.4052815,-16731116
69,68,70,71,"null","null","null",2,10.4,2.3408213,-0.6580918,3.719045,-0.34807998,-16731116
73,67,74,77,"null","null","null",3,15.3,1.7924193,-2.1365561,0.60018194,-3.6229608,-16731116
74,73,75,76,"null","null","null",2,15.3,2.8755636,-1.1971806,0.63761336,-3.1081548,-16731116
78,66,79,84,"null","null","null",4,15.3,0.3578286,-2.7521284,0.9025985,-3.468788,-16731116
79,78,80,83,"Galea","null","null",3,3.8,1.7924193,-2.1365561,0.46288502,-3.6229608,-16731116
80,79,81,82,"null","null","null",2,3.8,2.8755636,-1.1971806,0.63761336,-3.1081548,-16731116
87,6,88,109,"null","null","null",12,45.300003,2.2960765,-2.01023,0.52348334,-3.571342,-16731116
88,87,89,108,"Hystricidae","null","Old World Porcupines",11,18.1,3.325275,-0.979175,0.6527476,-2.9853218,-16731116
89,88,90,105,"null","null","null",10,18.1,3.5286393,-0.44105458,1.864401,-2.3868887,-16731116
90,89,91,100,"Hystrix","null","null",8,12.8,3.0229454,-0.62788296,3.0686367,-1.1166822,-16731116
91,90,92,99,"null","null","null",5,12.8,2.3134418,-1.6418905,3.4890296,-0.37198997,-16731116
92,91,93,98,"null","null","null",4,12.8,1.6001918,-3.0610669,3.1200051,-0.5905173,-16731116
93,92,94,97,"null","null","null",3,12.8,0.4136008,-3.7909288,2.3745222,-0.66423035,-16731116
94,93,95,96,"null","null","null",2,12.8,0.5419743,-3.711179,1.8611686,-1.7914356,-16731116
100,90,101,104,"null","null","null",3,12.8,3.4735088,-1.0892045,0.33095574,-2.9070091,-16731116
101,100,102,103,"null","null","null",2,12.8,3.81672,-0.41856956,0.73106325,-2.2381618,-12486656
105,89,106,107,"Atherurus","null","null",2,16.1,1.2662363,-2.0763676,0.56239974,-3.8140664,-16731116
110,5,111,122,"","null","Chinchillas, Viscachas and more",7,45.3,0.82173336,-2.56075,0.8665067,-3.4732876,-11184866
111,110,112,121,"Chinchillidae","null","null",6,15.9,2.3869984,-2.01023,0.50423664,-3.455171,-12486656
112,111,113,118,"null","null","null",5,14.1,3.4434733,-0.7274705,0.6527476,-2.8342993,-11184866
113,112,114,117,"Lagidium","null","null",3,9.6,3.6822972,-0.44105458,1.610443,-2.1905596,-16731116
114,113,115,116,"null","null","null",2,9.6,3.2227004,-0.62788296,2.7384913,-1.3026809,-16731116
118,112,119,120,"Chinchilla","null","Chinchillas",2,6.1,0.37080073,-2.5711837,0.8857578,-3.3442564,-3014646
123,4,124,135,"null","null","null",8,45.3,0.401482,-3.2712274,1.79486,-2.6534698,-16731116
124,123,125,134,"","most","Chinchilla Rats",6,45.3,0.8876209,-2.56075,0.6411348,-3.4732876,-16731116
125,124,126,133,"null","null","null",5,14.3,2.4726522,-2.01023,0.50423664,-3.455171,-16731116
126,125,127,130,"null","null","null",4,14.3,3.5548232,-0.7274705,0.6527476,-2.8342993,-16731116
127,126,128,129,"null","null","null",2,14.3,3.827052,-0.44105458,0.90939033,-2.1905596,-16731116
130,126,131,132,"null","null","null",2,14.3,0.37080073,-2.5711837,0.8857578,-3.3442564,-11513776
135,123,136,137,"","null","Capybaras",2,6.1,1.600195,-2.288046,3.511704,-0.31738296,-16731116
138,3,139,143,"","null","Agoutis, Porcupines and more",33,45.3,0.7950963,-3.4835274,2.673551,-1.2503585,-16731116
139,138,-268180480,140,"null","null","null",31,45.3,0.5592979,-3.2401528,1.79486,-2.7222097,-16731116
140,139,141,142,"Cuniculidae","null","null",2,5.0,1.600195,-2.288046,3.511704,-0.31738296,-16731116
143,138,144,145,"Dolichotis","null","null",2,23.9,2.3134425,-0.43901807,3.762608,-0.737069,-16731116
146,2,-268181504,147,"Ctenomyidae","null","Tuco-tuco",51,9.6,1.5045881,-3.0061488,3.3117268,-0.275,-12486656
148,1,149,158,"","null","Rock Rats, Viscacha Rats and more",7,47.0,2.5264819,-1.7809182,3.5147924,-0.70526135,-16731116
149,148,150,155,"null","null","null",5,47.0,1.4209546,-3.1510844,3.0981102,-0.60428786,-16731116
150,149,151,154,"Aconaemys","null","null",3,8.0,0.32387975,-3.8027482,2.3612092,-0.66484094,-16731116
151,150,152,153,"null","null","null",2,6.0,0.5592977,-3.6551406,1.7788414,-1.9610381,-16731116
155,149,156,157,"null","null","null",2,20.0,3.2227063,-0.30319986,2.7384841,-1.3026861,-16731116
158,148,159,160,"null","null","null",2,40.8,3.827052,-0.63668334,0.90938234,-2.1905618,-16731116
161,0,162,171,"","some","Gundis and Degus",8,47.9,2.9699774,-0.3171607,3.165763,-1.0032692,-16731116
162,161,163,170,"CTENODACTYLOMORPHI","null","Gundis",5,20.2,2.2791786,-1.7809172,3.514792,-0.3955164,-16731116
163,162,164,169,"null","null","null",4,9.4,1.5045897,-3.1510837,3.0981104,-0.60428774,-16731116
164,163,165,168,"null","null","null",3,9.4,0.32387957,-3.8027477,2.3612094,-0.66483784,-16731116
165,164,166,167,"Ctenodactylus","null","null",2,4.7,0.55929744,-3.6551414,1.7788426,-1.9610354,-16731116
171,161,172,175,"Octodon","some","Degus",3,4.2,3.55482,-0.97918,0.34452868,-2.8343027,-12486656
172,171,173,174,"null","null","null",2,4.2,3.827052,-0.4410537,0.909381,-2.190562,-12486656
