index,parent,child1,child2,name1,name2,common,richness,lengthbr,hxmax,hxmin,hymax,hymin,color
0,-268130300,1,104,"null","null","null",153,62.7,0.76705414,-3.6925101,2.584097,-1.3577757,-12486656
1,0,2,59,"null","null","null",102,62.7,0.57550013,-3.4455087,1.5297157,-2.7787879,-12486656
2,1,3,54,"null","null","null",79,62.7,0.9527895,-2.7891612,0.33849198,-3.5299242,-8572416
3,2,4,-268127232,"null","null","null",76,62.7,2.4882057,-1.8874397,0.52359545,-3.4480872,-8572416
4,3,5,53,"null","null","null",53,62.7,3.470302,-0.8675265,0.6580921,-2.806989,-8572416
5,4,6,28,"null","null","null",52,55.9,3.6249325,-0.46288425,2.0824366,-2.2078729,-8572416
6,5,-268126208,7,"null","null","null",39,38.0,3.1107192,-0.637613,3.2525895,-1.070386,-8572416
7,6,8,23,"null","null","null",11,38.0,3.325275,-0.91696286,0.34452912,-2.9853218,-8572416
8,7,9,20,"null","null","null",8,38.0,3.5286393,-0.44105458,1.864401,-2.3868887,-8572416
9,8,10,19,"null","null","null",6,38.0,3.0229454,-0.62788296,3.0686367,-1.3026809,-16777216
10,9,11,18,"null","null","null",5,38.0,2.3134418,-1.52877,3.4890296,-0.37198997,-16777216
11,10,12,15,"null","null","null",4,38.0,1.5501379,-2.9140103,3.1200051,-0.5905173,-16777216
12,11,13,14,"null","null","null",2,38.0,0.4136008,-3.5997553,2.3745222,-0.66423035,-16777216
15,11,16,17,"null","null","null",2,38.0,3.3284092,-0.28912854,2.5945022,-1.4052815,-16777216
20,8,21,22,"null","null","null",2,38.0,1.2662363,-2.0763676,0.56239974,-3.8140664,-8572416
23,7,24,27,"null","null","null",3,38.0,0.37080073,-2.6608262,0.8857578,-3.6840568,-16777216
24,23,25,26,"null","null","null",2,38.0,1.2662363,-2.0763676,0.48397315,-3.8140664,-16777216
28,5,29,50,"","null","Comb-eared Skinks",13,38.0,2.2960765,-2.120686,0.52348334,-3.571342,-16777216
29,28,30,43,"null","null","null",11,38.0,3.325275,-0.80513644,0.6527476,-2.9853218,-16777216
30,29,31,40,"null","null","null",7,38.0,3.5286393,-0.44105458,1.864401,-2.3868887,-16777216
31,30,32,39,"null","null","null",5,38.0,3.0229454,-0.62788296,3.0686367,-1.3026809,-16777216
32,31,33,38,"null","null","null",4,38.0,2.3134418,-1.52877,3.4890296,-0.37198997,-16777216
33,32,34,37,"null","null","null",3,38.0,1.6001918,-2.9140103,3.1200051,-0.5905173,-16777216
34,33,35,36,"null","null","null",2,38.0,0.4136008,-3.5997553,2.3745222,-0.66423035,-16777216
40,30,41,42,"null","null","null",2,38.0,1.2662363,-2.0763676,0.56239974,-3.8140664,-16777216
43,29,44,47,"null","null","null",4,38.0,0.37080073,-2.745932,0.8857578,-3.6840568,-16777216
44,43,45,46,"null","null","null",2,38.0,1.2662363,-2.0763676,0.48397315,-3.8140664,-16777216
47,43,48,49,"null","null","null",2,38.0,0.84492064,-3.5245004,2.3807096,-0.39556143,-16777216
50,28,51,52,"null","null","null",2,38.0,0.44286472,-3.7111793,1.8611706,-1.7914329,-16777216
54,2,55,58,"null","null","null",3,16.3,0.7950963,-3.802748,2.361209,-0.6648438,-16777216
55,54,56,57,"null","null","null",2,16.3,0.5592979,-3.6551394,1.7788401,-1.9610406,-16777216
59,1,60,87,"null","null","null",23,62.7,1.3321722,-3.0061488,3.0981102,-0.275,-16731116
60,59,61,86,"null","null","null",14,54.7,0.32387993,-3.6143308,2.3612092,-1.1974791,-16777216
61,60,62,75,"null","null","null",13,54.7,0.5592977,-3.4101982,1.7338085,-2.6534677,-16777216
62,61,63,72,"null","null","null",7,54.7,0.88761854,-2.7414122,0.41482198,-3.4732869,-16777216
63,62,64,69,"null","null","null",5,54.7,2.47265,-2.1206875,0.50423634,-3.4551716,-16777216
64,63,65,68,"null","null","null",3,54.7,3.554822,-0.9791769,0.6527475,-2.8343005,-16777216
65,64,66,67,"null","null","null",2,54.7,3.827052,-0.44105422,0.9093875,-2.1905606,-16777216
69,63,70,71,"null","null","null",2,54.7,0.4428653,-3.7111802,1.8611718,-1.7914302,-16777216
72,62,73,74,"null","null","null",2,54.7,0.8210864,-3.5997522,2.3745222,-0.40725175,-16777216
75,61,76,85,"null","null","null",6,54.7,1.6001966,-2.8032858,3.374335,-0.31738362,-16777216
76,75,77,82,"null","null","null",5,54.7,0.29948828,-3.4558187,2.7051506,-0.9977297,-16777216
77,76,78,81,"null","null","null",3,54.7,0.5419733,-3.2755399,1.861173,-2.4725308,-16777216
78,77,79,80,"null","null","null",2,54.7,0.6619247,-2.571188,0.7546987,-3.3442535,-16777216
82,76,83,84,"null","null","null",2,54.7,2.3408225,-0.42902306,3.7190418,-0.76705396,-16777216
87,59,88,103,"null","null","null",9,62.7,3.0229473,-0.30319998,3.2191231,-1.3026853,-16731116
88,87,89,102,"null","null","null",8,9.8,2.313443,-1.4435937,3.6846662,-0.37198898,-16731116
89,88,90,101,"null","null","null",7,9.8,1.6001972,-2.8032854,3.3743353,-0.59051657,-16731116
90,89,91,98,"null","null","null",6,9.8,0.29948807,-3.4558187,2.7051506,-0.9977297,-16731116
91,90,92,95,"null","null","null",4,9.8,0.5419733,-3.2755399,1.9094224,-2.4725308,-16731116
92,91,93,94,"null","null","null",2,9.8,0.6619247,-2.571188,0.7546987,-3.3442535,-16731116
95,91,96,97,"null","null","null",2,9.8,1.6917348,-2.126794,3.5885613,-0.35959995,-16731116
98,90,99,100,"null","null","null",2,9.8,2.3408225,-0.42902306,3.7190418,-0.76705396,-16731116
104,0,105,204,"null","null","null",51,62.7,2.2791781,-1.647031,3.6848884,-0.70526135,-16731116
105,104,106,201,"null","null","null",50,62.7,1.4209546,-2.9770308,3.3192353,-0.60428786,-16731116
106,105,107,170,"null","null","null",48,62.7,0.32387975,-3.5764785,2.6486716,-1.1974791,-16731116
107,106,108,143,"null","null","null",32,62.699997,0.5592977,-3.36099,1.7338085,-2.6534677,-16777216
108,107,109,134,"null","null","null",18,62.699997,0.75179124,-2.6774416,0.5617677,-3.4732869,-16777216
109,108,110,125,"","null","Four-fingered Skinks",13,17.9,2.2960746,-1.9868113,0.50423634,-3.4551716,-16777216
110,109,111,124,"null","null","null",8,17.9,3.325274,-0.9791769,0.6527475,-2.8343005,-16777216
111,110,112,123,"null","null","null",7,17.9,3.5286398,-0.44105422,2.0426855,-2.1905606,-16777216
112,111,113,118,"null","null","null",6,17.9,3.0229464,-0.6278828,3.300408,-1.1166838,-16777216
113,112,114,117,"null","null","null",3,17.9,2.3134422,-1.0472604,3.790334,-0.3719896,-16777216
114,113,115,116,"null","null","null",2,17.9,1.6001931,-2.2880492,3.5117016,-0.59051704,-16777216
118,112,119,122,"null","null","null",3,17.9,3.4735072,-1.0892061,0.33095554,-2.90701,-16777216
119,118,120,121,"null","null","null",2,17.9,3.8167195,-0.41856924,0.7310606,-2.2381625,-16777216
125,109,126,133,"null","null","null",5,17.9,0.4428653,-3.4099586,1.8611718,-2.7339187,-16777216
126,125,127,130,"null","null","null",4,17.9,0.6619248,-2.745932,0.49051154,-3.6840563,-16777216
127,126,128,129,"null","null","null",2,17.9,1.2662337,-2.0763686,0.48397285,-3.8140674,-16777216
130,126,131,132,"null","null","null",2,17.9,0.844921,-3.524499,2.3807096,-0.39556128,-16777216
134,108,135,140,"null","null","null",5,23.9,0.8210864,-3.4558182,2.7051501,-0.9977322,-16777216
135,134,136,139,"null","null","null",3,23.9,0.5419736,-3.2755384,1.8611718,-2.472533,-16777216
136,135,137,138,"null","null","null",2,23.9,0.6619248,-2.5711858,0.7546971,-3.344255,-16777216
140,134,141,142,"null","null","null",2,23.9,2.3408222,-0.4290232,3.7190425,-0.7670536,-16777216
143,107,144,167,"null","null","null",14,18.8,1.5501446,-2.8440874,3.374335,-0.31738362,-16777216
144,143,145,164,"null","null","null",12,18.6,0.29948828,-3.5088606,2.7051506,-1.1121984,-16777216
145,144,146,163,"null","null","null",10,18.5,0.5419733,-3.3444946,1.861173,-2.6213398,-16777216
146,145,147,162,"null","null","null",9,18.300001,0.6619247,-2.660829,0.7546987,-3.5377052,-16777216
147,146,148,161,"null","null","null",8,18.2,2.15973,-2.0763695,0.48397252,-3.623812,-16777216
148,147,149,160,"null","null","null",7,16.0,3.2514246,-1.089208,0.6459121,-3.0781758,-16777216
149,148,150,157,"null","null","null",6,13.0,3.5280137,-0.41856888,1.8652852,-2.4606771,-16777216
150,149,151,154,"null","null","null",4,12.8,3.065714,-0.6167598,3.1667376,-1.2878778,-16777216
151,150,152,153,"null","null","null",2,2.7,2.340822,-0.6580919,3.7190435,-0.34807926,-16777216
154,150,155,156,"null","null","null",2,12.4,2.8755598,-1.197184,0.3171611,-3.108158,-16777216
157,149,158,159,"null","null","null",2,5.8,1.0880151,-2.136558,0.6001831,-3.8261666,-16777216
164,144,165,166,"null","null","null",2,6.8,2.3408225,-0.42902306,3.7190418,-0.76705396,-16777216
167,143,168,169,"null","null","null",2,18.8,3.3284154,-0.28912786,2.5944934,-1.4052874,-16777216
170,106,171,192,"null","null","null",16,62.7,2.455727,-1.4435937,3.7066276,-0.7370695,-16731116
171,170,172,183,"null","null","null",11,62.7,1.4333893,-2.8032854,3.4028852,-0.59051657,-16731116
172,171,173,178,"null","null","null",6,62.7,0.29948807,-3.4558187,2.7422655,-0.9977297,-16731116
173,172,174,177,"","null","Lidless Skinks",3,16.3,0.5419733,-3.2755399,1.861173,-2.4725308,-16777216
174,173,175,176,"null","null","null",2,16.3,0.6619247,-2.571188,0.7546987,-3.3442535,-16777216
178,172,179,182,"null","null","null",3,2.3,2.3408225,-0.8562415,3.8025506,-0.76705396,-16731116
179,178,180,181,"null","null","null",2,2.3,1.6917354,-2.1267936,3.5885613,-0.5755001,-16731116
183,171,184,189,"","null","Shade Skinks",5,13.8,3.0657148,-0.28912774,3.2309718,-1.287883,-16777216
184,183,185,188,"null","null","null",3,13.8,2.3408227,-0.8562393,3.8025513,-0.34807846,-16777216
185,184,186,187,"null","null","null",2,13.8,1.691736,-2.1267915,3.5885625,-0.57549995,-16777216
189,183,190,191,"null","null","null",2,13.8,2.8755538,-1.1971884,0.31716064,-3.1081638,-16777216
192,170,193,198,"","null","Earless Skinks",5,43.4,3.5280135,-0.6717553,1.8652799,-2.4606793,-16777216
193,192,194,197,"null","null","null",3,43.4,3.0657148,-0.61675954,3.1667333,-1.405288,-16777216
194,193,195,196,"null","null","null",2,43.4,2.3408227,-0.6580921,3.7190413,-0.34807846,-16777216
198,192,199,200,"null","null","null",2,43.4,1.0880084,-2.1365597,0.6001841,-3.826167,-16777216
201,105,202,203,"null","null","null",2,34.2,3.2227063,-0.30319986,2.7384841,-1.3026861,-16777216
