index,parent,child1,child2,name1,name2,common,richness,lengthbr,hxmax,hxmin,hymax,hymin,color
0,-268380157,1,166,"null","null","null",110,44.17607,3.6563058,-0.44105512,1.9760373,-2.3023288,-16777216
1,0,2,111,"null","null","null",83,44.17607,3.1889105,-0.6278832,3.2137613,-1.1457253,-16777216
2,1,3,84,"null","null","null",55,44.17607,2.5291972,-1.4674752,3.677689,-0.37199056,-16777216
3,2,4,63,"null","null","null",41,44.17607,1.5288985,-2.8343248,3.365261,-0.59051764,-16777216
4,3,5,34,"null","null","null",30,44.17607,0.33634067,-3.4961612,2.6933553,-1.0522804,-16777216
5,4,6,27,"null","null","null",15,44.17607,0.5419747,-3.3279796,1.7306662,-2.5434403,-16777216
6,5,7,26,"null","null","null",11,44.17607,0.66192496,-2.639359,0.7546901,-3.4364276,-16777216
7,6,8,21,"null","null","null",10,44.17607,2.1597412,-2.0484633,0.48397422,-3.492144,-16777216
8,7,9,18,"null","null","null",7,44.17607,3.2514307,-0.8706838,0.64591277,-2.9070053,-16777216
9,8,10,17,"null","null","null",5,44.17607,3.5280137,-0.41857076,1.9147083,-2.2381592,-16777216
10,9,11,16,"null","null","null",4,44.17607,3.0657103,-0.61676085,3.2309797,-1.4052767,-16777216
11,10,12,15,"null","null","null",3,44.17607,2.3408196,-0.8562642,3.8025498,-0.34808123,-16777216
12,11,13,14,"null","null","null",2,44.17607,1.6917245,-2.1268134,3.5885527,-0.5755019,-16777216
18,8,19,20,"null","null","null",2,44.17607,0.35782927,-2.716209,0.90259767,-3.2399843,-16777216
21,7,22,25,"null","null","null",3,44.17607,0.48358285,-3.3782573,1.9383985,-2.311044,-16777216
22,21,23,24,"null","null","null",2,44.17607,0.6580924,-2.716209,0.867519,-3.2399843,-16777216
27,5,28,33,"null","null","null",4,44.17607,1.6917281,-2.9612648,3.1863742,-0.35959655,-16777216
28,27,29,32,"null","null","null",3,44.17607,0.5272817,-3.7671363,2.4522867,-0.665,-16777216
29,28,30,31,"null","null","null",2,44.17607,0.5235968,-3.7564573,1.9383985,-1.6186471,-16777216
34,4,35,52,"null","null","null",15,44.17607,2.5084949,-1.3385786,3.6925116,-0.7670516,-16777216
35,34,36,49,"null","null","null",9,44.17607,1.6749359,-2.7538254,3.445506,-0.5755012,-16777216
36,35,37,44,"null","null","null",7,44.17607,0.3384865,-3.4974654,2.7891583,-1.0443956,-16777216
37,36,38,43,"null","null","null",4,44.17607,0.5235968,-3.4058852,1.9383985,-2.6072886,-16777216
38,37,39,42,"null","null","null",3,44.17607,0.6580924,-2.7521253,0.867519,-3.6251023,-16777216
39,38,40,41,"null","null","null",2,44.17607,1.0880269,-2.1365538,0.46288577,-3.8261664,-16777216
44,36,45,48,"null","null","null",3,44.17607,2.3612075,-0.6648546,3.8027482,-0.7950944,-16777216
45,44,46,47,"null","null","null",2,44.17607,1.7788353,-1.9610502,3.6551359,-0.5592989,-16777216
49,35,50,51,"null","null","null",2,44.17607,3.4248688,-0.27500102,2.444159,-1.5045819,-16777216
52,34,53,60,"null","null","null",6,44.17607,3.514793,-0.705259,1.7809273,-2.5264778,-16777216
53,52,54,59,"null","null","null",4,44.17607,3.0981078,-0.6042887,3.1510901,-1.5045819,-16777216
54,53,55,58,"null","null","null",3,44.17607,2.3612075,-0.6648546,3.8027482,-0.32388148,-16777216
55,54,56,57,"null","null","null",2,44.17607,1.7788353,-1.9610502,3.6551359,-0.5592989,-16777216
60,52,61,62,"null","null","null",2,44.17607,0.9093931,-2.1905591,0.63668096,-3.827052,-16777216
63,3,64,79,"null","null","null",11,44.17607,3.2806253,-0.2891289,2.9929993,-1.2264589,-16777216
64,63,65,74,"null","null","null",8,44.17607,2.620208,-1.4981474,3.4931793,-0.34808022,-16777216
65,64,66,71,"null","null","null",5,44.17607,1.6749359,-2.9612648,3.1863742,-0.5755012,-16777216
66,65,67,70,"null","null","null",3,44.17607,0.5272817,-3.7671363,2.4522867,-0.665,-16777216
67,66,68,69,"null","null","null",2,44.17607,0.5235968,-3.7564573,1.9383985,-1.6186471,-16777216
71,65,72,73,"null","null","null",2,44.17607,3.4248688,-0.27500102,2.444159,-1.5045819,-16777216
74,64,75,78,"null","null","null",3,44.17607,3.7661476,-0.705259,1.2371341,-2.2791758,-16777216
75,74,76,77,"null","null","null",2,44.17607,3.4248688,-0.6042887,2.444159,-1.5045819,-16777216
79,63,80,83,"null","null","null",3,44.17607,3.381475,-1.1971815,0.31716168,-2.9699733,-16777216
80,79,81,82,"null","null","null",2,44.17607,3.795211,-0.3955179,0.64591163,-2.2791758,-16777216
84,2,85,106,"null","null","null",14,44.17607,3.6933315,-0.67175275,1.7316434,-2.3703609,-16777216
85,84,86,105,"null","null","null",11,44.17607,3.2806253,-0.6167603,2.9929993,-1.4052806,-16777216
86,85,87,100,"null","null","null",10,44.17607,2.620208,-1.3260034,3.4931793,-0.34808022,-16777216
87,86,88,95,"null","null","null",7,44.17607,1.5297087,-2.7374778,3.1863742,-0.5755012,-16777216
88,87,89,94,"null","null","null",4,44.17607,0.5272817,-3.4762132,2.4522867,-0.8165151,-16777216
89,88,90,93,"null","null","null",3,44.17607,0.5235968,-3.3782573,1.9383985,-2.311044,-16777216
90,89,91,92,"null","null","null",2,44.17607,0.6580924,-2.716209,0.867519,-3.2399843,-16777216
95,87,96,99,"null","null","null",3,44.17607,3.0981078,-0.27500102,3.0448914,-1.5045819,-16777216
96,95,97,98,"null","null","null",2,44.17607,2.3612075,-0.66192454,3.6646893,-0.32388148,-16777216
100,86,101,104,"null","null","null",3,44.17607,3.7661476,-0.705259,1.2371341,-2.2791758,-16777216
101,100,102,103,"null","null","null",2,44.17607,3.4248688,-0.6042887,2.444159,-1.5045819,-16777216
106,84,107,110,"null","null","null",3,44.17607,1.7924187,-2.1365566,0.6001816,-3.622961,-16777216
107,106,108,109,"null","null","null",2,44.17607,2.8755634,-1.1971815,0.6376133,-3.1081553,-16777216
111,1,112,159,"null","null","null",28,44.17607,3.3844748,-0.92879295,0.3309561,-2.9723606,-16777216
112,111,113,152,"null","null","null",24,44.17607,3.700975,-0.4185698,1.7316434,-2.3231192,-16777216
113,112,114,135,"null","null","null",20,44.17607,3.2905617,-0.6167603,2.9929993,-1.2264589,-16777216
114,113,115,132,"null","null","null",11,44.17607,2.6331253,-1.3385786,3.4931793,-0.34808022,-16777216
115,114,116,125,"null","null","null",9,44.17607,1.5297087,-2.7538254,3.1863742,-0.5755012,-16777216
116,115,117,124,"null","null","null",5,44.17607,0.5272817,-3.4974654,2.4522867,-1.0443956,-16777216
117,116,118,123,"null","null","null",4,44.17607,0.5235968,-3.4058852,1.9383985,-2.6072886,-16777216
118,117,119,122,"null","null","null",3,44.17607,0.6580924,-2.7521253,0.867519,-3.6251023,-16777216
119,118,120,121,"null","null","null",2,44.17607,1.0880269,-2.1365538,0.46288577,-3.8261664,-16777216
125,115,126,129,"null","null","null",4,44.17607,3.0981078,-0.27500102,3.0448914,-1.4209453,-16777216
126,125,127,128,"null","null","null",2,44.17607,2.3612075,-0.66192454,3.6646893,-0.32388148,-16777216
129,125,130,131,"null","null","null",2,44.17607,2.7384934,-1.3026797,0.30320084,-3.2226985,-16777216
132,114,133,134,"null","null","null",2,44.17607,3.795211,-0.705259,0.5537361,-2.2791758,-16777216
135,113,136,145,"null","null","null",9,44.17607,3.1657686,-1.0032619,0.31716168,-2.9699733,-16777216
136,135,137,144,"null","null","null",5,44.17607,3.514793,-0.3955179,1.7809273,-2.2791758,-16777216
137,136,138,143,"null","null","null",4,44.17607,3.0981078,-0.6042887,3.1510901,-1.5045819,-16777216
138,137,139,142,"null","null","null",3,44.17607,2.3612075,-0.6648546,3.8027482,-0.32388148,-16777216
139,138,140,141,"null","null","null",2,44.17607,1.7788353,-1.9610502,3.6551359,-0.5592989,-16777216
145,135,146,151,"null","null","null",4,44.17607,0.34452954,-2.8342981,0.9791734,-3.4434738,-16777216
146,145,147,150,"null","null","null",3,44.17607,1.6104459,-2.1905591,0.4410549,-3.6822963,-16777216
147,146,148,149,"null","null","null",2,44.17607,2.7384934,-1.3026797,0.6278831,-3.2226985,-16777216
152,112,153,158,"null","null","null",4,44.17607,2.1815815,-2.1365566,0.6001816,-3.5166674,-16777216
153,152,154,157,"null","null","null",3,44.17607,3.381475,-1.1971815,0.6376133,-2.9699733,-16777216
154,153,155,156,"null","null","null",2,44.17607,3.795211,-0.3955179,0.64591163,-2.2791758,-16777216
159,111,160,165,"null","null","null",4,44.17607,0.35782874,-2.752129,0.90259826,-3.4687877,-16777216
160,159,161,164,"null","null","null",3,44.17607,1.7924187,-2.1365566,0.4628849,-3.622961,-16777216
161,160,162,163,"null","null","null",2,44.17607,2.8755634,-1.1971815,0.6376133,-3.1081553,-16777216
166,0,167,212,"null","null","null",27,44.17607,2.2620795,-2.0484684,0.5623988,-3.6238103,-16777216
167,166,168,193,"null","null","null",23,44.17607,3.3844748,-0.8885864,0.6459124,-3.0781724,-16777216
168,167,169,190,"null","null","null",13,44.17607,3.700975,-0.4185698,1.7316434,-2.4606745,-16777216
169,168,170,187,"null","null","null",11,44.17607,3.2905617,-0.6167603,2.9929993,-1.2878731,-16777216
170,169,171,184,"null","null","null",9,44.17607,2.6331253,-1.3385786,3.4931793,-0.34808022,-16777216
171,170,172,183,"null","null","null",7,44.17607,1.6917281,-2.7538254,3.1863742,-0.5755012,-16777216
172,171,173,182,"null","null","null",6,44.17607,0.5272817,-3.4974654,2.4522867,-0.95190215,-16777216
173,172,174,181,"null","null","null",5,44.17607,0.5235968,-3.4058852,1.9383985,-2.4870472,-16777216
174,173,175,180,"null","null","null",4,44.17607,0.6580924,-2.7521253,0.867519,-3.4687886,-16777216
175,174,176,179,"null","null","null",3,44.17607,1.7924259,-2.1365538,0.46288577,-3.6229587,-16777216
176,175,177,178,"null","null","null",2,44.17607,2.8755686,-1.1971772,0.63761365,-3.1081505,-16777216
184,170,185,186,"null","null","null",2,44.17607,3.795211,-0.705259,0.5537361,-2.2791758,-16777216
187,169,188,189,"null","null","null",2,44.17607,2.8755634,-1.1971815,0.31716168,-3.1081553,-16777216
190,168,191,192,"null","null","null",2,44.17607,1.0880196,-2.1365566,0.6001816,-3.8261666,-16777216
193,167,194,203,"null","null","null",10,44.17607,0.5695158,-2.7564826,0.90259826,-3.3870234,-16777216
194,193,195,202,"null","null","null",5,44.17607,2.1815815,-2.1365566,0.4628849,-3.5166674,-16777216
195,194,196,199,"null","null","null",4,44.17607,3.381475,-1.0122019,0.6376133,-2.9699733,-16777216
196,195,197,198,"null","null","null",2,44.17607,3.795211,-0.3955179,0.64591163,-2.2791758,-16777216
199,195,200,201,"null","null","null",2,44.17607,0.34452954,-2.854413,0.9791734,-3.1268015,-16777216
203,193,204,211,"null","null","null",5,44.17607,0.8665061,-3.473289,2.560747,-0.8876252,-16777216
204,203,205,210,"null","null","null",4,44.17607,0.50423723,-3.4551706,2.010228,-2.4726558,-16777216
205,204,206,209,"null","null","null",3,44.17607,0.65274775,-2.8342981,0.9791734,-3.5548244,-16777216
206,205,207,208,"null","null","null",2,44.17607,0.9093931,-2.1905591,0.4410549,-3.827052,-16777216
212,166,213,216,"null","null","null",4,44.17607,0.48358452,-3.3782616,2.0181682,-2.3110387,-16777216
213,212,214,215,"null","null","null",2,44.17607,0.65809226,-2.7162147,0.8675231,-3.23998,-16777216
216,212,217,218,"null","null","null",2,44.17607,1.7788361,-1.9610482,3.6551366,-0.40148008,-16777216
