index,parent,child1,child2,name1,name2,common,richness,lengthbr,hxmax,hxmin,hymax,hymin,color
0,-268296041,1,122,"null","null","null",82,44.98316,0.93440056,-2.647284,0.33848965,-3.512798,-16731116
1,0,2,121,"Charadriidae","null","Dotterels, other Plovers and more",61,39.567978,2.464298,-1.9384017,0.52359605,-3.4258206,-16731116
2,1,3,90,"null","null","null",60,37.79937,3.439219,-0.763765,0.6580922,-2.7780418,-16731116
3,2,4,49,"null","null","null",44,34.98438,3.5845218,-0.4628849,2.129327,-2.1702433,-16731116
4,3,5,42,"","null","Lapwings",23,28.030773,3.0581841,-0.6376133,3.313544,-1.0032616,-16731116
5,4,6,31,"null","null","null",19,24.860355,2.3938498,-1.6061828,3.706901,-0.3955179,-16731116
6,5,7,24,"null","null","null",13,16.563206,1.3321655,-2.9239225,3.3478484,-0.6042887,-16731116
7,6,8,17,"null","null","null",9,16.563206,0.32388148,-3.5074303,2.6858704,-1.3502572,-16731116
8,7,9,14,"null","null","null",5,10.751408,0.5592989,-3.2712228,1.7948527,-2.8520734,-16731116
9,8,10,13,"null","null","null",3,4.8838363,0.6642305,-2.5607443,0.6411284,-3.7314665,-16731116
10,9,11,12,"null","null","null",2,3.409992,1.4433506,-2.010226,0.5042378,-3.7907991,-16731116
14,8,15,16,"null","null","null",2,5.0430107,1.600189,-2.2880564,3.5116978,-0.3173806,-16731116
17,7,18,21,"null","null","null",4,9.541395,2.5840364,-1.0472691,3.7903333,-0.7370672,-16731116
18,17,19,20,"null","null","null",2,3.9986856,1.600189,-2.2880564,3.5116978,-0.5905177,-16731116
21,17,22,23,"null","null","null",2,5.3291936,3.8167205,-0.6717526,0.73106873,-2.2381606,-16731116
24,6,25,30,"null","null","null",4,12.935818,3.022944,-0.30320084,3.300411,-1.3026779,-16731116
25,24,26,29,"null","null","null",3,6.5457764,2.3134408,-1.0472691,3.7903333,-0.37199068,-16731116
26,25,27,28,"null","null","null",2,4.521981,1.600189,-2.2880564,3.5116978,-0.5905177,-16731116
31,5,32,41,"null","null","null",6,16.849428,3.528639,-0.6366811,2.0426912,-2.1905582,-16731116
32,31,33,38,"null","null","null",5,13.368164,3.022944,-0.6278832,3.300411,-1.151444,-16731116
33,32,34,37,"null","null","null",3,7.843815,2.3134408,-1.0472691,3.7903333,-0.37199068,-12486656
34,33,35,36,"null","null","null",2,3.8346102,1.600189,-2.2880564,3.5116978,-0.5905177,-16731116
38,32,39,40,"null","null","null",2,5.2016664,3.0051725,-1.0892012,0.33095616,-2.9852285,-16731116
42,4,43,48,"null","null","null",4,12.449003,3.443474,-0.9791716,0.34452954,-2.834297,-16731116
43,42,44,47,"null","null","null",3,6.8402724,3.6822953,-0.44105524,1.6104487,-2.1905582,-16731116
44,43,45,46,"null","null","null",2,5.075809,3.222697,-0.6278832,2.7384958,-1.3026779,-16731116
49,3,50,87,"null","null","null",21,32.83706,2.3908236,-2.120683,0.5234822,-3.48668,-16731116
50,49,51,86,"null","null","null",19,21.548546,3.4484427,-0.9791716,0.65274775,-2.8752604,-16731116
51,50,52,79,"null","null","null",18,15.886263,3.6887548,-0.44105524,1.8644058,-2.2438107,-16731116
52,51,53,66,"null","null","null",14,15.886263,3.2310944,-0.6278832,3.0686398,-1.116679,-16731116
53,52,54,63,"null","null","null",7,9.890383,2.5840364,-1.6418946,3.4890308,-0.37199068,-12486656
54,53,55,60,"null","null","null",5,8.369884,1.550134,-3.0610695,3.1200047,-0.5905177,-11184866
55,54,56,59,"null","null","null",3,8.369884,0.4135974,-3.790929,2.374522,-0.66423035,-12486656
56,55,57,58,"null","null","null",2,4.3456283,0.54197484,-3.7111773,1.8611662,-1.7914411,-12486656
60,54,61,62,"null","null","null",2,4.2250934,3.328406,-0.28912896,2.5945067,-1.4052784,-11184866
63,53,64,65,"null","null","null",2,4.1845098,3.8167205,-0.6717526,0.73106873,-2.2381606,-16731116
66,52,67,78,"null","null","null",7,14.298831,3.2514293,-1.0892012,0.33095616,-2.9070072,-16731116
67,66,68,77,"null","null","null",6,12.482563,3.528014,-0.41857028,1.9147055,-2.2381606,-16731116
68,67,69,74,"null","null","null",5,11.485434,3.0657115,-0.61676055,3.230978,-1.2878697,-16731116
69,68,70,73,"null","null","null",3,9.063249,2.3408206,-0.85626006,3.8025498,-0.34808072,-16731116
70,69,71,72,"null","null","null",2,4.6650214,1.6917262,-2.1268098,3.5885544,-0.57550156,-16731116
74,68,75,76,"null","null","null",2,2.060447,2.8755677,-1.1971774,0.31716195,-3.108151,-16731116
79,51,80,85,"null","null","null",4,8.897779,2.3305707,-2.0763655,0.5623986,-3.492145,-16731116
80,79,81,84,"null","null","null",3,7.689441,3.4735112,-1.0892012,0.6459125,-2.9070072,-16731116
81,80,82,83,"null","null","null",2,0.42385626,3.8167205,-0.41857028,0.73106873,-2.2381606,-16731116
87,49,88,89,"null","null","null",2,11.239276,0.44286343,-3.7111778,1.8611681,-1.791438,-12486656
90,2,91,116,"null","null","null",16,34.252113,0.75179815,-2.8263776,0.8665061,-3.5096993,-16731116
91,90,92,111,"null","null","null",13,30.730259,2.2960806,-1.9270635,0.50423723,-3.5025039,-16731116
92,91,93,104,"null","null","null",10,26.880375,3.3252769,-0.805134,0.65274775,-2.8958313,-16731116
93,92,94,99,"null","null","null",6,18.376688,3.528639,-0.44105524,2.026287,-2.2705529,-16731116
94,93,95,98,"null","null","null",3,17.125824,3.022944,-0.6278832,3.2790856,-1.3026779,-12486656
95,94,96,97,"null","null","null",2,13.290303,2.3134408,-0.65274704,3.7626104,-0.37199068,-11184866
99,93,100,103,"null","null","null",3,9.180304,1.9703102,-2.0763655,0.5623986,-3.5523152,-16731116
100,99,101,102,"null","null","null",2,5.448971,3.0051725,-1.0892012,0.6459125,-2.9852285,-16731116
104,92,105,108,"null","null","null",4,16.563118,0.3708011,-2.7459319,0.8857572,-3.6840587,-16731116
105,104,106,107,"null","null","null",2,9.985566,1.2662416,-2.0763655,0.4839738,-3.8140664,-16731116
108,104,109,110,"null","null","null",2,13.984953,0.8449199,-3.5245025,2.3807096,-0.3955618,-16731116
111,91,112,115,"null","null","null",3,13.653001,0.44286343,-3.2755337,1.8611681,-2.4725404,-16731116
112,111,113,114,"null","null","null",2,7.7717524,0.66192496,-2.5711792,0.7546917,-3.3442597,-16731116
116,90,117,120,"null","null","null",3,19.282566,0.8210852,-3.7909281,2.3745217,-0.47381568,-16731116
117,116,118,119,"null","null","null",2,7.3587375,0.5419744,-3.7111778,1.8611681,-1.791438,-12486656
122,0,123,162,"null","null","null",21,35.446285,0.79509544,-3.4835267,2.3612084,-1.1974858,-16731116
123,122,124,145,"null","null","null",20,29.254612,0.55929846,-3.2401495,1.6207691,-2.6534727,-16731116
124,123,125,144,"Haematopodidae","null","Oystercatchers",11,19.607386,0.75179815,-2.520349,0.64113134,-3.4732883,-16731116
125,124,126,137,"null","null","null",10,17.435146,2.2960806,-1.9577107,0.50423723,-3.4551697,-16731116
126,125,127,136,"null","null","null",6,7.9875455,3.3252769,-0.9791716,0.65274775,-2.834297,-16731116
127,126,128,135,"null","null","null",5,7.2643228,3.528639,-0.44105524,2.0426912,-2.1905582,-16731116
128,127,129,134,"null","null","null",4,4.9461746,3.022944,-0.6278832,3.300411,-1.3026779,-16731116
129,128,130,133,"null","null","null",3,1.8040847,2.3134408,-1.0472691,3.7903333,-0.37199068,-16731116
130,129,131,132,"null","null","null",2,0.7350383,1.600189,-2.2880564,3.5116978,-0.5905177,-16731116
137,125,138,143,"null","null","null",4,1.72931,0.44286343,-3.34449,1.8611681,-2.7339242,-16731116
138,137,139,142,"null","null","null",3,1.0004629,0.66192496,-2.6608229,0.7546917,-3.6840587,-12486656
139,138,140,141,"null","null","null",2,0.32389918,1.2662416,-2.0763655,0.4839738,-3.8140664,-16731116
145,123,146,155,"Recurvirostridae","null","Stilts and avocets",9,20.337996,1.4333841,-2.8440912,3.120005,-0.31738168,-16731116
146,145,147,154,"","null","Stilts",5,15.113179,0.4136024,-3.5088606,2.374522,-1.1988025,-16731116
147,146,148,153,"null","null","null",4,4.2131453,0.5419741,-3.3444915,1.8611695,-2.733922,-12486656
148,147,149,152,"null","null","null",3,2.301435,0.6619249,-2.6608248,0.7546936,-3.6840575,-16731116
149,148,150,151,"null","null","null",2,1.7732995,1.2662389,-2.0763667,0.4839735,-3.8140662,-16731116
155,145,156,161,"","null","Avocets",4,8.386475,3.065713,-0.28912848,3.2309754,-1.4052829,-16731116
156,155,157,160,"null","null","null",3,4.309831,2.3408215,-0.85625,3.8025503,-0.34807974,-16731116
157,156,158,159,"null","null","null",2,1.2214729,1.6917312,-2.1268008,3.5885582,-0.5755008,-16731116
