index,parent,child1,child2,name1,name2,common,richness,lengthbr,hxmax,hxmin,hymax,hymin,color
0,-268244967,1,88,"null","null","null",54,43.39982,0.34807852,-3.6925101,2.5084987,-1.3457222,-11184866
1,0,2,59,"null","null","null",44,39.00257,0.57550013,-3.4455087,1.5949298,-2.7631183,-11184866
2,1,3,54,"null","null","null",29,35.139698,0.9701168,-2.7891612,0.33849198,-3.5095537,-11184866
3,2,4,37,"null","null","null",26,31.922451,2.5107312,-1.8765936,0.52359545,-3.4216056,-11184866
4,3,5,34,"","null","Typical Tortoises",17,28.621168,3.4995854,-0.58310705,0.6580921,-2.7725625,-11184866
5,4,6,29,"null","null","null",15,24.101252,3.6630008,-0.46288425,2.0156493,-2.1631186,-11184866
6,5,7,28,"null","null","null",12,16.50744,3.160208,-0.637613,3.1657662,-1.1971844,-11184866
7,6,8,25,"null","null","null",11,3.9317088,2.5264797,-1.606179,3.514793,-0.39551717,-16777216
8,7,9,18,"null","null","null",9,2.6278968,1.3321686,-2.9239204,3.0981092,-0.6042883,-16777216
9,8,10,17,"null","null","null",5,1.0301605,0.32388073,-3.5074306,2.361209,-1.3502524,-16777216
10,9,11,16,"null","null","null",4,0.66956866,0.5592984,-3.2712252,1.7788378,-2.8520699,-16777216
11,10,12,15,"null","null","null",3,0.41502705,0.66423047,-2.5607474,0.6411318,-3.7314653,-16777216
12,11,13,14,"null","null","null",2,0.23716895,1.4433452,-2.0102282,0.5042372,-3.7908,-16777216
18,8,19,24,"null","null","null",4,1.5698484,3.0229454,-0.30320042,3.300409,-1.3026809,-16777216
19,18,20,23,"null","null","null",3,0.7499639,2.3134418,-1.0472633,3.790334,-0.37198997,-16777216
20,19,21,22,"null","null","null",2,0.35226694,1.6001918,-2.2880516,3.5117006,-0.5905173,-16777216
25,7,26,27,"null","null","null",2,0.3260403,3.827052,-0.63668215,0.90939033,-2.1905596,-16777216
29,5,30,33,"null","null","null",3,18.406836,2.1434035,-2.01023,0.52348334,-3.470645,-11184866
30,29,31,32,"null","null","null",2,4.1456294,3.1267998,-0.979175,0.6527476,-2.8544154,-11184866
34,4,35,36,"null","null","null",2,15.252182,0.38339475,-2.419892,0.8665067,-3.4392204,-11184866
37,3,38,47,"null","null","null",9,26.081268,0.401482,-3.3365858,1.6207718,-2.6626258,-16777036
38,37,39,46,"null","null","null",5,20.18206,0.66423047,-2.6457162,0.6411348,-3.4851904,-16777036
39,38,40,43,"null","null","null",4,9.788476,2.1434035,-2.120686,0.50423664,-3.470645,-16777036
40,39,41,42,"null","null","null",2,3.244532,3.1267998,-0.979175,0.6527476,-2.8544154,-16777036
43,39,44,45,"null","null","null",2,3.4337008,0.44286472,-3.7111793,1.8611706,-1.7914329,-16777036
47,37,48,53,"null","null","null",4,17.265678,1.600195,-3.061063,3.1200054,-0.31738296,-16777216
48,47,49,52,"null","null","null",3,4.5616236,0.41360593,-3.7909272,2.3745222,-0.66423047,-16777216
49,48,50,51,"null","null","null",2,1.7815496,0.5419736,-3.7111802,1.8611718,-1.7914302,-16777216
54,2,55,58,"null","null","null",3,22.236898,0.7950963,-3.802748,2.361209,-0.6648438,-3014646
55,54,56,57,"null","null","null",2,13.9417925,0.5592979,-3.6551394,1.7788401,-1.9610406,-3014646
59,1,60,77,"null","null","null",15,33.682186,1.3321722,-2.9239182,3.244842,-0.275,-11184866
60,59,61,70,"null","null","null",9,28.117157,0.32387993,-3.507431,2.551961,-1.3502465,-12486656
61,60,62,67,"","null","Hinged Tortoises",5,16.299156,0.5592977,-3.2712283,1.7948618,-2.8520653,-12486656
62,61,63,66,"null","null","null",3,12.692677,0.66423047,-2.5607514,0.6411365,-3.7314637,-12486656
63,62,64,65,"null","null","null",2,8.320415,1.4433382,-2.010231,0.50423634,-3.7908013,-12486656
67,61,68,69,"null","null","null",2,13.520752,1.6001966,-2.288043,3.511705,-0.31738362,-11184866
70,60,71,76,"null","null","null",4,18.862505,2.313443,-1.5287609,3.4890282,-0.7370695,-11184866
71,70,72,75,"null","null","null",3,10.738823,1.6001972,-2.914003,3.1200058,-0.59051657,-11184866
72,71,73,74,"null","null","null",2,1.2484182,0.41360754,-3.5997515,2.3745224,-0.66423047,-11184866
77,59,78,85,"null","null","null",6,30.43442,3.0229473,-0.30319998,3.0686324,-1.1514546,-8572416
78,77,79,84,"null","null","null",4,27.831253,2.313443,-1.5287609,3.4890282,-0.37198898,-8572416
79,78,80,83,"null","null","null",3,21.54867,1.6001972,-2.914003,3.1200058,-0.59051657,-8572416
80,79,81,82,"null","null","null",2,16.639727,0.41360754,-3.5997515,2.3745224,-0.66423047,-8572416
85,77,86,87,"null","null","null",2,19.13893,3.0051622,-1.08921,0.33095518,-2.9852395,-3014646
88,0,89,102,"null","null","null",10,33.44335,2.4621477,-1.5568565,3.5147924,-0.70526135,-11184866
89,88,90,97,"null","null","null",7,29.371685,1.332173,-2.8598042,3.0981102,-0.60428786,-11184866
90,89,91,96,"null","null","null",4,16.860102,0.32387975,-3.4240837,2.3612092,-1.1773208,-11184866
91,90,92,95,"null","null","null",3,12.1404295,0.5592977,-3.1628768,1.7788414,-2.6272619,-11184866
92,91,93,94,"null","null","null",2,0.5566767,0.66423047,-2.4198945,0.6411365,-3.4392192,-16731116
97,89,98,101,"null","null","null",3,26.704235,3.0229478,-0.30319986,3.2790768,-1.3026861,-11184866
98,97,99,100,"null","null","null",2,22.288958,2.3134432,-0.6527475,3.7626069,-0.3719888,-11184866
102,88,103,106,"null","null","null",3,13.298609,3.6823003,-0.63668334,1.6104344,-2.1905618,-11184866
103,102,104,105,"null","null","null",2,6.8521037,3.2227063,-0.6278825,2.7384841,-1.3026861,-11184866
