index,parent,child1,child2,name1,name2,common,richness,lengthbr,hxmax,hxmin,hymax,hymin,color
0,-268182520,1,140,"null","null","null",71,18.9,1.5045848,-3.0006738,3.2876096,-0.6042883,-16731116
1,0,2,83,"","null","Spiny Rats, Tree Rats and more",70,18.2,0.32388073,-3.60721,2.6075592,-1.1974847,-16731116
2,1,3,78,"null","null","null",41,18.2,0.5592984,-3.4009383,1.6207696,-2.653472,-16731116
3,2,4,55,"null","null","null",38,18.2,0.8246769,-2.7293744,0.57825905,-3.473288,-16731116
4,3,5,54,"null","null","null",26,18.2,2.3908234,-2.0102282,0.5042372,-3.4551697,-16731116
5,4,6,53,"null","null","null",25,18.199999,3.448443,-0.9791728,0.65274775,-2.8342974,-16731116
6,5,7,52,"null","null","null",24,18.199999,3.6887553,-0.44105512,1.993161,-2.1905584,-16731116
7,6,8,37,"null","null","null",23,14.9,3.2310948,-0.6278832,3.236022,-1.1927527,-16731116
8,7,9,34,"null","null","null",15,11.2,2.5840368,-1.5047891,3.7066278,-0.37199056,-12486656
9,8,10,29,"null","null","null",13,11.2,1.4333814,-2.882833,3.4028811,-0.59051764,-12486656
10,9,11,24,"null","null","null",10,11.2,0.29949006,-3.559222,2.7422612,-1.0796676,-16731116
11,10,12,21,"null","null","null",7,11.2,0.5419747,-3.4099584,1.9094133,-2.5790436,-16731116
12,11,13,18,"null","null","null",5,11.2,0.66192496,-2.7459316,0.49050635,-3.482712,-16731116
13,12,14,17,"null","null","null",3,11.200001,1.9703138,-2.0763643,0.48397422,-3.5523138,-16731116
14,13,15,16,"null","null","null",2,3.1,3.005175,-1.0891994,0.64591277,-2.9852262,-16731116
18,12,19,20,"null","null","null",2,11.2,0.84491944,-3.5245032,2.3807092,-0.39556205,-16731116
21,11,22,23,"null","null","null",2,11.2,1.6917281,-2.1268067,3.5885556,-0.35959655,-16731116
24,10,25,28,"null","null","null",3,11.2,2.3408208,-0.85625637,3.8025498,-0.7670516,-11184866
25,24,26,27,"null","null","null",2,11.2,1.6917281,-2.1268067,3.5885556,-0.5755012,-8572416
29,9,30,33,"null","null","null",3,11.2,3.065712,-0.2891289,3.1667423,-1.4052806,-8572416
30,29,31,32,"null","null","null",2,11.2,2.3408208,-0.6580918,3.7190452,-0.34808022,-8572416
34,8,35,36,"null","null","null",2,11.2,3.8167202,-0.67175275,0.73106515,-2.238161,-8572416
37,7,38,47,"null","null","null",8,14.9,3.2514277,-0.92879295,0.3309561,-3.0781724,-16731116
38,37,39,44,"null","null","null",5,14.9,3.5280137,-0.4185698,1.8652921,-2.4606745,-16731116
39,38,40,43,"Diplomys","null","null",3,5.4,3.065712,-0.6167603,3.1667423,-1.4052806,-16731116
40,39,41,42,"null","null","null",2,5.4,2.3408208,-0.6580918,3.7190452,-0.34808022,-16777216
44,38,45,46,"null","null","null",2,3.4,1.0880196,-2.1365566,0.6001816,-3.8261666,-16731116
47,37,48,51,"Isothrix","null","Brush-tailed Rats",3,4.6,0.35782874,-2.752129,0.90259826,-3.6250997,-16731116
48,47,49,50,"null","null","null",2,3.1,1.0880196,-2.1365566,0.4628849,-3.8261666,-16731116
55,3,56,73,"null","null","null",12,18.2,0.82108533,-3.572671,2.7422624,-1.0522765,-16731116
56,55,57,70,"null","null","null",9,18.2,0.5419743,-3.427444,1.9094158,-2.5434372,-16731116
57,56,58,69,"null","null","null",7,18.2,0.7291248,-2.768663,0.7546941,-3.4364262,-16731116
58,57,59,66,"null","null","null",6,18.2,2.3305678,-2.216556,0.48397338,-3.4921455,-16731116
59,58,60,63,"null","null","null",4,4.1,3.4735096,-0.8706895,0.6459124,-2.9070082,-16731116
60,59,61,62,"null","null","null",2,4.1,3.8167202,-0.4185698,0.73106515,-2.238161,-16731116
63,59,64,65,"null","null","null",2,4.1,0.35782874,-2.7162147,0.90259826,-3.23998,-16731116
66,58,67,68,"null","null","null",2,18.2,0.48358452,-3.7564592,1.9384005,-1.6186413,-16731116
70,56,71,72,"Thrichomys","null","null",2,3.7,1.691729,-2.1268048,3.5885563,-0.35959762,-16731116
73,55,74,77,"null","null","null",3,5.9,2.3408213,-0.8562542,3.8025498,-0.76705235,-16731116
74,73,75,76,"null","null","null",2,5.9,1.691729,-2.1268048,3.5885563,-0.5755011,-16731116
78,2,79,82,"null","null","null",3,18.2,1.6001918,-2.9140103,3.1200051,-0.3173819,-11513776
79,78,80,81,"null","null","null",2,18.2,0.4136008,-3.5997553,2.3745222,-0.66423035,-11513776
83,1,84,129,"null","null","null",29,18.2,2.4557242,-1.512744,3.6141293,-0.7370682,-16731116
84,83,85,116,"null","null","null",23,18.2,1.4333838,-2.8931763,3.2826347,-0.5905173,-16731116
85,84,86,107,"null","null","null",16,18.2,0.39173377,-3.572671,2.5859406,-1.0522765,-16731116
86,85,87,98,"null","null","null",11,18.2,0.5419743,-3.427444,1.7306687,-2.5434372,-16731116
87,86,88,97,"null","null","null",6,18.2,0.7291248,-2.768663,0.7546941,-3.4364262,-16731116
88,87,89,94,"null","null","null",5,18.2,2.3305678,-2.216556,0.48397338,-3.4921455,-16731116
89,88,90,93,"null","null","null",3,18.2,3.4735096,-1.0892038,0.6459124,-2.9070082,-16731116
90,89,91,92,"null","null","null",2,18.2,3.8167202,-0.4185698,0.73106515,-2.238161,-16731116
94,88,95,96,"null","null","null",2,18.2,0.48358452,-3.7564592,1.9384005,-1.6186413,-16731116
98,86,99,104,"null","null","null",5,18.2,1.6749367,-2.9612634,3.1863751,-0.35959762,-12486656
99,98,100,103,"null","null","null",3,18.2,0.52728236,-3.7671359,2.4522882,-0.665,-11184866
100,99,101,102,"null","null","null",2,18.2,0.5235966,-3.7564578,1.9383993,-1.6186452,-11184866
104,98,105,106,"null","null","null",2,18.2,3.4248686,-0.27500087,2.4441597,-1.5045813,-16731116
107,85,108,113,"null","null","null",5,18.2,2.6331258,-1.354575,3.4508257,-0.76705235,-16731116
108,107,109,112,"null","null","null",3,18.2,1.691729,-2.774622,3.131315,-0.5755011,-16731116
109,108,110,111,"null","null","null",2,18.2,0.52728236,-3.524502,2.38071,-0.665,-16731116
113,107,114,115,"null","null","null",2,18.2,3.7952113,-0.7052593,0.55373704,-2.2791758,-16731116
116,84,117,128,"null","null","null",7,18.2,3.0657125,-0.28912854,2.9929988,-1.4052815,-16731116
117,116,118,127,"","null","Bamboo Rats and Olalla Rats",6,10.8,2.3408213,-1.4981455,3.4931798,-0.34807998,-16731116
118,117,119,124,"null","null","null",5,10.8,1.6749367,-2.9612634,3.1863751,-0.5755011,-16731116
119,118,120,123,"Dactylomys","null","null",3,3.3,0.52728236,-3.7671359,2.4522882,-0.665,-16731116
120,119,121,122,"null","null","null",2,3.3,0.5235966,-3.7564578,1.9383993,-1.6186452,-16731116
124,118,125,126,"Olallamys","null","null",2,3.7,3.4248686,-0.27500087,2.4441597,-1.5045813,-11513776
129,83,130,137,"null","null","null",6,18.2,3.5280137,-0.67175364,1.9147013,-2.4606752,-16731116
130,129,131,136,"null","null","null",4,18.2,3.0657125,-0.6167602,3.2309756,-1.4052815,-16731116
131,130,132,135,"null","null","null",3,18.2,2.3408213,-0.8562542,3.8025498,-0.34807998,-12486656
132,131,133,134,"Clyomys","null","null",2,3.7,1.691729,-2.1268048,3.5885563,-0.5755011,-16731116
137,129,138,139,"null","null","null",2,18.2,1.0880204,-2.1365561,0.60018194,-3.8261666,-16731116
