index,parent,child1,child2,name1,name2,common,richness,lengthbr,hxmax,hxmin,hymax,hymin,color
0,-268258292,1,46,"null","null","null",35,16.391674,3.1107178,-0.6376132,3.2525904,-1.0306122,-16731116
1,0,2,39,"null","null","null",23,12.750089,2.462143,-1.6694376,3.627663,-0.39551753,-16731116
2,1,3,28,"null","null","null",19,12.155392,1.332167,-3.006155,3.2448397,-0.60428846,-16731116
3,2,4,17,"null","null","null",13,11.0394,0.32388112,-3.6143339,2.5519586,-1.1974869,-16731116
4,3,5,16,"null","null","null",7,5.280944,0.55929863,-3.4101982,1.7788366,-2.6534734,-16731116
5,4,6,13,"null","null","null",6,4.462685,0.8876251,-2.7414122,0.41481906,-3.473288,-16731116
6,5,7,12,"null","null","null",4,2.7699244,2.472656,-2.0102282,0.5042372,-3.4551697,-16731116
7,6,8,11,"null","null","null",3,2.1659539,3.5548253,-0.9791728,0.65274775,-2.8342974,-16731116
8,7,9,10,"null","null","null",2,0.21332061,3.8270524,-0.44105512,0.9093949,-2.1905584,-16731116
13,5,14,15,"null","null","null",2,1.7171086,0.82108533,-3.5997553,2.3745222,-0.4072522,-16731116
17,3,18,25,"null","null","null",6,9.31506,2.5840373,-1.641892,3.48903,-0.7370677,-16731116
18,17,19,24,"GALLUS","null","Junglefowl",4,2.9389884,1.6001905,-3.0610676,3.1200047,-0.59051746,-16731116
19,18,20,23,"null","null","null",3,2.2197387,0.41359925,-3.7909281,2.374522,-0.66423035,-16731116
20,19,21,22,"null","null","null",2,1.2180432,0.54197454,-3.711177,1.8611674,-1.7914399,-16731116
25,17,26,27,"BAMBUSICOLA","null","Bamboo-Partridges",2,5.2753677,3.8167205,-0.6717531,0.731066,-2.238161,-16731116
28,2,29,38,"null","null","null",6,10.328424,3.0229447,-0.30320063,3.0686378,-1.3026792,-16731116
29,28,30,37,"null","null","null",5,9.956487,2.3134413,-1.5287724,3.48903,-0.37199032,-16731116
30,29,31,34,"null","null","null",4,8.255497,1.550136,-2.9140122,3.1200047,-0.59051746,-16731116
31,30,32,33,"null","null","null",2,3.3796282,0.41359925,-3.5997562,2.374522,-0.66423035,-16731116
34,30,35,36,"null","null","null",2,3.482678,3.3284078,-0.28912875,2.5945044,-1.40528,-12486656
39,1,40,43,"null","null","null",4,10.198933,3.6822963,-0.63668156,1.6104459,-2.3868876,-16731116
40,39,41,42,"null","null","null",2,3.1297224,3.2226985,-0.6278831,2.7384934,-1.3026792,-16731116
43,39,44,45,"null","null","null",2,3.2108169,1.2662389,-2.0763667,0.56239915,-3.8140662,-16731116
46,0,47,68,"null","null","null",12,9.627422,3.4484425,-0.9791734,0.34452933,-2.8958333,-12486656
47,46,48,63,"null","null","null",11,7.959092,3.6887555,-0.4410549,1.8644031,-2.2705545,-12486656
48,47,49,62,"POLYPLECTRON","null","Peacock-Pheasants",8,5.3424063,3.2310956,-0.6278831,3.0686378,-1.3026792,-12486656
49,48,50,59,"null","null","null",7,4.224877,2.5840373,-1.4436011,3.48903,-0.37199032,-12486656
50,49,51,58,"null","null","null",5,2.1886117,1.6001905,-2.8032897,3.1200047,-0.59051746,-12486656
51,50,52,57,"null","null","null",4,1.7834994,0.41359925,-3.4558167,2.374522,-0.9977424,-16731116
52,51,53,56,"null","null","null",3,1.3104901,0.54197454,-3.2755322,1.8611674,-2.4725418,-16731116
53,52,54,55,"null","null","null",2,0.72968787,0.66192496,-2.5711775,0.75469065,-3.3442605,-16731116
59,49,60,61,"null","null","null",2,2.2559648,3.8167205,-0.6717531,0.731066,-2.238161,-11184866
63,47,64,67,"null","null","null",3,4.6270494,1.9703076,-2.0763667,0.56239915,-3.5523167,-16731116
64,63,65,66,"null","null","null",2,2.063565,3.0051708,-1.0892029,0.6459124,-2.9852307,-16731116
