index,parent,child1,child2,name1,name2,common,richness,lengthbr,hxmax,hxmin,hymax,hymin,color
0,-268370939,1,44,"null","null","null",24,25.654112,0.5419747,-3.3934488,1.9094133,-2.5434403,-16731116
1,0,2,33,"Vangidae","null","Vangas and Newtonias",22,23.019936,0.66192496,-2.7244692,0.67203933,-3.4364276,-16731116
2,1,3,24,"null","null","null",16,21.160517,2.1597412,-2.0607424,0.48397422,-3.492144,-16731116
3,2,4,19,"null","null","null",11,19.704073,3.2514307,-0.8866466,0.64591277,-2.9070053,-16731116
4,3,5,18,"null","null","null",8,13.763081,3.5280137,-0.41857076,1.7065886,-2.2381592,-16731116
5,4,6,13,"null","null","null",7,11.020685,3.0657103,-0.61676085,2.9604242,-1.2264546,-16731116
6,5,7,12,"null","null","null",4,8.371425,2.3408196,-1.3545845,3.4508276,-0.34808123,-16731116
7,6,8,11,"null","null","null",3,4.9712315,1.6917245,-2.7746296,3.1313143,-0.5755019,-16731116
8,7,9,10,"null","null","null",2,2.8378372,0.52727723,-3.5245066,2.3807092,-0.665,-12486656
13,5,14,17,"null","null","null",3,6.8010798,3.3814788,-1.1971772,0.31716225,-2.9699712,-12486656
14,13,15,16,"null","null","null",2,3.0913665,3.7952123,-0.39551884,0.64591134,-2.2791743,-11184866
19,3,20,23,"null","null","null",3,9.095137,0.35782927,-2.7521253,0.90259767,-3.6251023,-16731116
20,19,21,22,"null","null","null",2,4.1214094,1.0880269,-2.1365538,0.46288577,-3.8261664,-12486656
24,2,25,32,"null","null","null",5,19.132391,0.48358285,-3.4058852,1.9383985,-2.6072886,-16731116
25,24,26,29,"null","null","null",4,11.117767,0.6580924,-2.7521253,0.5830978,-3.6251023,-16731116
26,25,27,28,"null","null","null",2,5.2605214,1.0880269,-2.1365538,0.46288577,-3.8261664,-16731116
29,25,30,31,"null","null","null",2,3.995169,0.86650527,-3.4392254,2.4198835,-0.38339564,-12486656
33,1,34,39,"null","null","null",6,14.331621,0.84491944,-3.4762132,2.7891583,-0.8165151,-16731116
34,33,35,38,"null","null","null",3,7.4569817,0.5235968,-3.3782573,1.9383985,-2.311044,-16731116
35,34,36,37,"null","null","null",2,6.4900503,0.6580924,-2.716209,0.867519,-3.2399843,-16731116
39,33,40,43,"null","null","null",3,5.6852374,2.3612075,-0.6648546,3.8027482,-0.7950944,-16731116
40,39,41,42,"null","null","null",2,4.1507015,1.7788353,-1.9610502,3.6551359,-0.5592989,-16731116
44,0,45,46,"Muscicapidae","null","Chats and Old World flycatchers",2,9.950503,1.6917281,-2.1268067,3.5885556,-0.35959655,-16731116
