index,parent,child1,child2,name1,name2,common,richness,lengthbr,hxmax,hxmin,hymax,hymin,color
0,-268045290,1,60,"null","null","null",38,16.28302,2.2184377,-2.0607502,0.48397252,-3.5424185,-16731116
1,0,2,59,"null","null","null",30,15.224867,3.3277445,-1.089208,0.6459121,-2.9723644,-16731116
2,1,3,50,"null","null","null",29,15.224867,3.6272297,-0.41856888,1.7316387,-2.3231223,-16731116
3,2,4,37,"null","null","null",24,14.226004,3.1946948,-0.6167598,2.992997,-1.2264631,-16731116
4,3,5,28,"null","null","null",17,14.226004,2.5084972,-1.3385733,3.4931805,-0.34807926,-16731116
5,4,6,23,"null","null","null",12,14.226004,1.5297128,-2.753822,3.186378,-0.5755006,-16731116
6,5,7,22,"null","null","null",9,14.226004,0.5272858,-3.4974651,2.4522915,-0.9035156,-16731116
7,6,8,21,"null","null","null",8,14.226004,0.52359605,-3.4058878,1.9384017,-2.4241476,-16731116
8,7,9,20,"null","null","null",7,14.226004,0.6580922,-2.752129,0.8675231,-3.3870234,-16731116
9,8,10,19,"null","null","null",6,14.226004,2.0156536,-2.1365566,0.4628849,-3.5166674,-16731116
10,9,11,18,"null","null","null",5,14.226004,3.1657686,-1.1971815,0.6376133,-2.9699733,-16731116
11,10,12,17,"null","null","null",4,14.226004,3.514793,-0.3955179,1.6992358,-2.2791758,-16731116
12,11,13,16,"null","null","null",3,14.226004,3.0981078,-0.6042887,3.0448914,-1.5045819,-16731116
13,12,14,15,"null","null","null",2,14.226004,2.3612075,-0.66192454,3.6646893,-0.32388148,-16731116
23,5,24,27,"null","null","null",3,14.226004,3.0981092,-0.27500045,3.0448883,-1.5045842,-16731116
24,23,25,26,"null","null","null",2,14.226004,2.3612087,-0.6619246,3.664688,-0.32388085,-16731116
28,4,29,36,"null","null","null",5,14.226004,3.514793,-0.70526034,1.7809238,-2.279177,-16731116
29,28,30,35,"null","null","null",4,14.226004,3.0981092,-0.60428834,3.1510882,-1.5045842,-16731116
30,29,31,34,"null","null","null",3,14.226004,2.3612087,-0.66484976,3.8027482,-0.32388085,-16731116
31,30,32,33,"null","null","null",2,14.226004,1.7788374,-1.9610459,3.6551375,-0.55929846,-16731116
37,3,38,45,"null","null","null",7,14.226004,3.1657667,-1.0032645,0.3171611,-2.969975,-16731116
38,37,39,44,"null","null","null",4,14.226004,3.514793,-0.3955173,1.6992316,-2.279177,-16731116
39,38,40,43,"null","null","null",3,14.226004,3.0981092,-0.60428834,3.0448883,-1.5045842,-16731116
40,39,41,42,"null","null","null",2,14.226004,2.3612087,-0.6619246,3.664688,-0.32388085,-16731116
45,37,46,49,"null","null","null",3,14.226004,0.3445292,-2.834299,0.9791745,-3.5548234,-16731116
46,45,47,48,"null","null","null",2,14.226004,0.90939116,-2.1905596,0.44105467,-3.8270519,-16731116
50,2,51,56,"null","null","null",5,7.204368,2.1815777,-2.3054097,0.6001831,-3.5166678,-16731116
51,50,52,55,"null","null","null",3,7.204368,3.3814723,-1.197184,0.63761306,-2.969975,-16731116
52,51,53,54,"null","null","null",2,7.204368,3.7952104,-0.3955173,0.6459119,-2.279177,-16731116
56,50,57,58,"null","null","null",2,7.204368,0.52348316,-3.7908006,2.0102296,-1.4433415,-16731116
60,0,61,72,"null","null","null",8,9.308257,0.48358613,-3.405889,2.018173,-2.4241445,-16731116
61,60,62,69,"null","null","null",6,9.308257,0.6580921,-2.7521312,0.5831063,-3.387022,-16731116
62,61,63,68,"null","null","null",4,9.308257,2.1815777,-2.136558,0.46288437,-3.5166678,-16731116
63,62,64,67,"null","null","null",3,9.308257,3.3814723,-1.197184,0.63761306,-2.969975,-16731116
64,63,65,66,"null","null","null",2,9.308257,3.7952104,-0.3955173,0.6459119,-2.279177,-16731116
69,61,70,71,"null","null","null",2,9.308257,0.8665067,-3.4392211,2.4198914,-0.38339484,-12486656
72,60,73,74,"null","null","null",2,9.308257,1.7788403,-1.9610395,3.6551402,-0.4014818,-11513776
