index,parent,child1,child2,name1,name2,common,richness,lengthbr,hxmax,hxmin,hymax,hymin,color
0,-268422978,1,36,"null","null","null",21,21.658407,0.65809226,-2.8712273,0.6457061,-3.4703035,-16777216
1,0,2,25,"null","null","null",18,21.658407,2.0156546,-2.2078693,0.46288502,-3.624931,-16777216
2,1,3,16,"null","null","null",12,21.658407,3.165769,-1.003261,0.63761336,-3.1107159,-16777216
3,2,4,11,"null","null","null",7,21.658407,3.5147934,-0.395518,1.7809281,-2.462141,-16777216
4,3,5,10,"null","null","null",4,21.658407,3.0981085,-0.6042887,3.1510909,-1.5045813,-16777216
5,4,6,9,"null","null","null",3,21.658407,2.3612084,-0.6648554,3.8027484,-0.3238816,-16777216
6,5,7,8,"null","null","null",2,21.658407,1.7788349,-1.9610509,3.6551359,-0.559299,-16777216
11,3,12,15,"null","null","null",3,21.658407,1.6104498,-2.190558,0.63668084,-3.6822953,-16777216
12,11,13,14,"null","null","null",2,21.658407,2.7384965,-1.3026772,0.6278833,-3.2226965,-16777216
16,2,17,22,"null","null","null",5,21.658407,0.34452963,-2.8342967,0.9169625,-3.4434743,-16777216
17,16,18,21,"null","null","null",3,21.658407,1.6104498,-2.190558,0.44105536,-3.6822953,-16777216
18,17,19,20,"null","null","null",2,21.658407,2.7384965,-1.3026772,0.6278833,-3.2226965,-16777216
22,16,23,24,"null","null","null",2,21.658407,0.8857571,-3.3442602,2.5711784,-0.37080115,-16777216
25,1,26,35,"null","null","null",6,21.658407,0.52348197,-3.5713398,2.0102274,-2.387002,-16777216
26,25,27,34,"null","null","null",5,21.658407,0.6527478,-2.9853182,0.97917116,-3.4434743,-16777216
27,26,28,31,"null","null","null",4,21.658407,1.6104498,-2.3868861,0.44105536,-3.6822953,-16777216
28,27,29,30,"null","null","null",2,21.658407,2.7384965,-1.3026772,0.6278833,-3.2226965,-16777216
31,27,32,33,"null","null","null",2,21.658407,0.56239843,-3.814066,2.0763652,-1.2662426,-16777216
36,0,37,40,"null","null","null",3,21.658407,0.866506,-3.7314653,2.5607462,-0.3833952,-16777216
37,36,38,39,"null","null","null",2,21.658407,0.50423735,-3.7907996,2.0102274,-1.443347,-16777216
