index,parent,child1,child2,name1,name2,common,richness,lengthbr,hxmax,hxmin,hymax,hymin,color
0,-268323822,1,72,"Dasyuridae","null","null",63,25.4,3.4995847,-0.7080542,0.658092,-2.806994,-16731116
1,0,2,43,"null","null","null",36,13.099999,3.6630027,-0.46288353,2.1250026,-2.2078776,-16731116
2,1,3,38,"null","null","null",21,8.1,3.160212,-0.63761264,3.3079295,-1.0032711,-12486656
3,2,4,35,"null","null","null",18,8.1,2.5264833,-1.6991744,3.69961,-0.39551604,-12486656
4,3,5,30,"null","null","null",16,7.9999995,1.3321753,-3.0448194,3.3383746,-0.6042875,-12486656
5,4,6,27,"null","null","null",13,7.9999995,0.32387918,-3.6646056,2.6735528,-1.1974748,-12486656
6,5,7,26,"null","null","null",11,6.9999995,0.5592972,-3.4755578,1.7788439,-2.6534648,-12486656
7,6,8,21,"null","null","null",10,5.3999996,0.7517865,-2.8263798,0.41482425,-3.4732862,-12486656
8,7,9,20,"null","null","null",7,4.7999997,2.2960706,-2.010233,0.50423574,-3.455173,-12486656
9,8,10,19,"Dasyurus","null","Quolls",6,4.7,3.3252718,-0.9791801,0.6527473,-2.834303,-12486656
10,9,11,18,"null","null","null",5,4.5,3.5286398,-0.44105357,2.0426815,-2.190562,-12486656
11,10,12,17,"null","null","null",4,2.3999999,3.0229478,-0.6278824,3.300406,-1.3026856,-12486656
12,11,13,16,"null","null","null",3,2.1,2.3134432,-1.0472546,3.7903347,-0.37198886,-12486656
13,12,14,15,"null","null","null",2,1.4,1.6001961,-2.2880442,3.511704,-0.59051657,-12486656
21,7,22,25,"null","null","null",3,4.1,0.8210871,-3.7909265,2.3745227,-0.47380137,-16731116
22,21,23,24,"Phascolosorex","null","null",2,2.1,0.541973,-3.7111814,1.8611743,-1.7914251,-16731116
27,5,28,29,"null","null","null",2,6.5,2.313444,-0.4390176,3.7626064,-0.7370704,-12486656
30,4,31,34,"null","null","null",3,4.1,3.0229487,-0.30319953,3.2790747,-1.3026884,-12486656
31,30,32,33,"null","null","null",2,2.3,2.313444,-0.65274763,3.7626064,-0.37198827,-12486656
35,3,36,37,"null","null","null",2,7.0,3.827052,-0.6366841,0.9093783,-2.190563,-12486656
38,2,39,42,"null","null","null",3,7.6,3.554819,-0.9791815,0.3445285,-2.834304,-16731116
39,38,40,41,"Myoictis","null","null",2,3.5,3.827052,-0.44105333,0.9093783,-2.190563,-16731116
43,1,44,69,"null","null","null",15,11.7,2.390814,-2.120691,0.52348495,-3.5713463,-16731116
44,43,45,60,"null","null","null",13,10.2,3.4484386,-0.7673187,0.6527473,-2.9853282,-16731116
45,44,46,57,"Antechinus","null","null",8,9.7,3.6887574,-0.44105333,1.8643903,-2.3868942,-16731116
46,45,47,56,"null","null","null",6,8.5,3.2311015,-0.62788224,3.068629,-1.3026884,-16731116
47,46,48,53,"null","null","null",5,7.3999996,2.5840425,-1.5287559,3.489027,-0.37198827,-16731116
48,47,49,52,"null","null","null",3,5.1,1.6002,-2.913999,3.1200063,-0.5905161,-16731116
49,48,50,51,"null","null","null",2,4.4,0.41361105,-3.5997496,2.3745227,-0.66423047,-16731116
53,47,54,55,"null","null","null",2,3.1,3.816719,-0.6717563,0.73104715,-2.2381654,-16731116
57,45,58,59,"null","null","null",2,7.7,1.266223,-2.0763721,0.5624022,-3.814068,-16731116
60,44,61,68,"null","null","null",5,7.6,0.729112,-2.6608324,0.88575876,-3.4364233,-16731116
61,60,62,67,"null","null","null",4,7.1,2.3305557,-2.0763721,0.48397186,-3.4921484,-16731116
62,61,63,66,"null","null","null",3,6.1,3.4735022,-1.0892134,0.6459118,-2.9070146,-16731116
63,62,64,65,"null","null","null",2,3.5,3.816719,-0.41856778,0.73104715,-2.2381654,-16777216
69,43,70,71,"Phascogale","null","null",2,3.8,0.44286668,-3.7111824,1.8611751,-1.7914228,-12486656
72,0,73,116,"null","null","null",27,21.000002,0.75178635,-2.7010174,0.8665074,-3.4995468,-16731116
73,72,74,115,"null","null","null",22,15.100001,2.29607,-2.0102332,0.50423586,-3.4893115,-16731116
74,73,75,110,"null","null","null",21,14.300001,3.3252714,-0.7673187,0.6527473,-2.8786829,-16731116
75,74,76,101,"Sminthopsis","null","Dunnart",18,14.2,3.52864,-0.44105333,1.9384145,-2.2438188,-16731116
76,75,77,98,"null","null","null",13,14.0,3.0229487,-0.62788224,3.1648605,-1.1514587,-16731116
77,76,78,97,"null","null","null",11,13.3,2.313444,-1.4749753,3.6141279,-0.37198827,-16731116
78,77,79,96,"null","null","null",10,13.1,1.6002,-2.8440843,3.2826374,-0.5905161,-16731116
79,78,80,89,"null","null","null",9,12.700001,0.29948735,-3.5088606,2.585943,-1.0796533,-16731116
80,79,81,88,"null","null","null",5,10.1,0.54197276,-3.3444967,1.8611755,-2.5790339,-16731116
81,80,82,87,"null","null","null",4,8.0,0.66192466,-2.660832,0.75470227,-3.482711,-16731116
82,81,83,86,"null","null","null",3,8.0,1.9702942,-2.0763717,0.4839719,-3.5523224,-16731116
83,82,84,85,"null","null","null",2,8.0,3.005161,-1.0892112,0.6459119,-2.9852405,-16731116
89,79,90,95,"null","null","null",4,10.7,2.3408232,-1.3545582,3.4508214,-0.7670549,-16731116
90,89,91,94,"null","null","null",3,10.2,1.6917381,-2.774608,3.1313152,-0.5754996,-12486656
91,90,92,93,"null","null","null",2,9.7,0.52729416,-3.5244944,2.3807096,-0.665,-16731116
98,76,99,100,"null","null","null",2,10.7,3.0051584,-1.0892134,0.33095476,-2.9852433,-11184866
101,75,102,109,"null","null","null",5,12.7,2.2792976,-2.0763721,0.5624022,-3.4921484,-16731116
102,101,103,108,"null","null","null",4,6.7,3.4068666,-1.0892134,0.6459118,-2.9070146,-16731116
103,102,104,107,"null","null","null",3,4.6,3.730093,-0.41856778,1.4250891,-2.2381654,-12486656
104,103,105,106,"null","null","null",2,3.6,3.3284197,-0.6167592,2.594488,-1.4052911,-12486656
110,74,111,114,"Ningaui","null","null",3,12.700001,0.3708,-2.6608324,0.88575876,-3.684054,-16731116
111,110,112,113,"null","null","null",2,9.1,1.266223,-2.0763721,0.48397186,-3.814068,-16731116
116,72,117,124,"Planigale","null","null",5,8.8,0.821087,-3.508861,2.3745227,-1.1987927,-16731116
117,116,118,123,"null","null","null",4,6.3,0.541973,-3.3444967,1.8611748,-2.7339141,-16731116
118,117,119,122,"null","null","null",3,5.3,0.66192466,-2.660832,0.754702,-3.6840544,-16731116
119,118,120,121,"null","null","null",2,5.3,1.2662241,-2.0763717,0.483972,-3.8140683,-16731116
