index,parent,child1,child2,name1,name2,common,richness,lengthbr,hxmax,hxmin,hymax,hymin,color
0,-268405757,1,186,"","null","Mockingbirds, Thrashers, Starlings and more",147,22.99303,0.8210844,-3.5521116,2.705148,-1.0751618,-16731116
1,0,2,119,"null","null","null",145,21.853107,0.5419747,-3.4007149,1.8009634,-2.5731862,-16731116
2,1,3,44,"null","null","null",111,20.66741,0.6764475,-2.7339149,0.67203933,-3.4750972,-16731116
3,2,4,-268398592,"Sturnidae","null","Starlings",73,15.96882,2.262085,-2.1051474,0.48397422,-3.5424147,-16731116
4,3,5,23,"null","null","null",46,14.772896,3.3844776,-0.8866466,0.64591277,-2.972357,-16731116
5,4,-268397568,6,"null","null","null",35,14.266606,3.7009745,-0.41857076,1.8036424,-2.3231165,-16731116
6,5,7,20,"null","null","null",9,13.217378,2.0156596,-2.3054042,0.60018003,-3.516667,-16731116
7,6,8,19,"null","null","null",7,12.181519,3.1657724,-1.1971772,0.63761365,-2.9699712,-16731116
8,7,9,18,"null","null","null",6,11.463612,3.5147939,-0.39551884,1.5568684,-2.2791743,-16731116
9,8,10,17,"null","null","null",5,8.358858,3.0981069,-0.6042892,2.8598099,-1.5045781,-16731116
10,9,11,16,"null","null","null",4,7.372711,2.361207,-1.1773405,3.4240794,-0.32388246,-16731116
11,10,12,15,"null","null","null",3,2.7894576,1.7788317,-2.6272786,3.1628635,-0.5592996,-16731116
12,11,13,14,"null","null","null",2,1.6309712,0.6411245,-3.439229,2.419877,-0.6642306,-16731116
20,6,21,22,"null","null","null",2,11.767178,0.52348053,-3.7907991,2.010226,-1.4433506,-16731116
23,4,24,43,"null","null","null",11,11.510674,0.44188523,-2.7521253,0.90259767,-3.4995887,-16731116
24,23,25,42,"null","null","null",10,10.036055,2.0156596,-2.1365538,0.46288577,-3.6629987,-16731116
25,24,26,39,"null","null","null",9,7.7203507,3.1657724,-1.0121964,0.63761365,-3.1602027,-16731116
26,25,27,36,"null","null","null",7,7.19261,3.5147939,-0.39551884,1.780933,-2.5264754,-16731116
27,26,28,33,"null","null","null",5,6.505104,3.0981069,-0.6042892,3.151094,-1.4209399,-16731116
28,27,29,32,"null","null","null",3,3.1914482,2.361207,-0.6648622,3.8027487,-0.32388246,-16731116
29,28,30,31,"null","null","null",2,2.4277432,1.7788317,-1.9610568,3.6551337,-0.5592996,-16731116
33,27,34,35,"null","null","null",2,5.625528,2.7384992,-1.3026755,0.30320144,-3.2226942,-16731116
36,26,37,38,"null","null","null",2,6.09875,0.90940034,-2.1905565,0.63667953,-3.8270526,-16731116
39,25,40,41,"null","null","null",2,2.8988442,0.3445301,-2.8544078,0.9791694,-3.1268065,-16731116
44,2,45,114,"null","null","null",38,18.9645,0.84491944,-3.4974654,2.7891583,-0.9527993,-16731116
45,44,46,91,"Sturnidae","null","Starlings",35,8.47408,0.5235968,-3.4058852,1.8256665,-2.4882135,-16731116
46,45,47,88,"null","null","null",23,7.852822,0.6580924,-2.7521253,0.5830978,-3.4703047,-16731116
47,46,48,87,"null","null","null",21,5.432756,2.1250188,-2.1365538,0.46288577,-3.6249294,-16731116
48,47,49,70,"null","null","null",20,4.5978427,3.3079393,-1.0306057,0.63761365,-3.1107125,-16731116
49,48,50,65,"null","null","null",11,4.3266773,3.699611,-0.39551884,1.5568684,-2.4621382,-12486656
50,49,51,60,"null","null","null",8,3.773419,3.338369,-0.6042892,2.8598099,-1.3321614,-12486656
51,50,52,57,"null","null","null",5,3.6596606,2.6735475,-1.1773405,3.4240794,-0.32388246,-12486656
52,51,53,56,"null","null","null",3,2.1934083,1.7788317,-2.6272786,3.1628635,-0.5592996,-11184866
53,52,54,55,"null","null","null",2,0.51050043,0.6411245,-3.439229,2.419877,-0.6642306,-11184866
57,51,58,59,"null","null","null",2,1.4082632,3.7626114,-0.73706603,0.439019,-2.3134394,-16731116
60,50,61,64,"null","null","null",3,3.345044,3.2790883,-1.3026755,0.30320144,-3.0229423,-16731116
61,60,62,63,"null","null","null",2,1.3956978,3.7626114,-0.37199128,0.6527469,-2.3134394,-12486656
65,49,66,69,"null","null","null",3,1.7054082,1.6104532,-2.1905565,0.63667953,-3.6822941,-16731116
66,65,67,68,"null","null","null",2,1.2546487,2.7384992,-1.3026755,0.6278835,-3.2226942,-12486656
70,48,71,84,"null","null","null",9,3.8101683,0.4220519,-2.8958287,0.9169619,-3.3252785,-16731116
71,70,72,79,"null","null","null",7,2.8913574,2.042694,-2.2705507,0.44105583,-3.5286388,-16731116
72,71,73,78,"null","null","null",4,2.3846262,3.3004124,-1.3026755,0.6278835,-3.0229423,-16731116
73,72,74,77,"null","null","null",3,1.5369322,3.7903328,-0.37199128,1.0472739,-2.3134394,-16731116
74,73,75,76,"null","null","null",2,1.0942931,3.5116959,-0.59051806,2.2880604,-1.6001867,-16731116
79,71,80,83,"null","null","null",3,2.0375128,0.5623976,-3.5523148,2.0763648,-1.9703121,-16731116
80,79,81,82,"null","null","null",2,1.4457054,0.64591265,-2.9852276,1.0892005,-3.0051742,-16731116
84,70,85,86,"null","null","null",2,1.3654903,0.88575673,-3.3442605,2.5711775,-0.37080142,-16731116
88,46,89,90,"null","null","null",2,5.918979,0.86650527,-3.4392254,2.4198835,-0.38339564,-16731116
91,45,92,105,"null","null","null",12,6.179092,1.6207669,-2.6534753,3.2220125,-0.40147904,-16731116
92,91,93,104,"null","null","null",7,5.8558044,0.641129,-3.473289,2.4967709,-0.88763,-16731116
93,92,94,99,"null","null","null",6,4.0811067,0.5042378,-3.4551682,1.9270607,-2.4726603,-16731116
94,93,95,98,"null","null","null",3,2.1495419,0.6527479,-2.8342948,0.9791694,-3.5548277,-16731116
95,94,96,97,"null","null","null",2,1.0105665,0.90940034,-2.1905565,0.44105583,-3.8270526,-16731116
99,93,100,103,"null","null","null",3,2.2014701,1.8611674,-2.4725418,3.2755322,-0.4428624,-16731116
100,99,101,102,"null","null","null",2,1.4398618,0.75469124,-3.3442605,2.5711775,-0.66192496,-12486656
105,91,106,111,"null","null","null",5,5.717022,3.1200044,-0.3173806,3.0610676,-1.5501366,-16731116
106,105,107,110,"null","null","null",3,4.84994,2.3745215,-0.66423035,3.7909281,-0.41359985,-16731116
107,106,108,109,"null","null","null",2,1.6625054,1.8611674,-1.7914399,3.711177,-0.54197454,-16731116
111,105,112,113,"null","null","null",2,4.0704794,2.5945022,-1.4052817,0.28912875,-3.3284092,-16731116
114,44,115,118,"Rhabdornithidae","null","Philippine creepers",3,10.944554,2.3612075,-0.6648546,3.8027482,-0.7950944,-16731116
115,114,116,117,"null","null","null",2,3.8933485,1.7788353,-1.9610502,3.6551359,-0.5592989,-16731116
119,1,120,169,"Mimidae","null","Mockingbirds and Thrashers",34,14.971386,1.5297087,-2.763124,3.344543,-0.35959655,-16731116
120,119,121,150,"null","null","null",25,12.305233,0.42326432,-3.5095534,2.657906,-0.9035219,-16731116
121,120,122,149,"null","null","null",15,9.427649,0.5235968,-3.4215996,1.9383985,-2.4241529,-16731116
122,121,123,140,"null","null","null",14,5.049689,0.6580924,-2.772554,0.725999,-3.3870258,-16731116
123,122,124,133,"null","null","null",9,4.4298506,2.0156596,-2.1631112,0.46288577,-3.516667,-12486656
124,123,125,132,"null","null","null",5,4.1048436,3.1657724,-1.1971772,0.63761365,-2.9699712,-16731116
125,124,126,131,"null","null","null",4,3.605702,3.5147939,-0.39551884,1.6992425,-2.2791743,-12486656
126,125,127,130,"null","null","null",3,2.3285031,3.0981069,-0.6042892,3.0448964,-1.5045781,-12486656
127,126,128,129,"null","null","null",2,1.6102483,2.361207,-0.6619245,3.664692,-0.32388246,-16731116
133,123,134,137,"null","null","null",4,3.3733804,0.52348053,-3.4706397,2.1206808,-2.143413,-11184866
134,133,135,136,"null","null","null",2,0.3348631,0.6527479,-2.8544078,0.9791694,-3.1268065,-11184866
137,133,138,139,"null","null","null",2,2.63614,1.8611674,-1.7914399,3.711177,-0.4428624,-11184866
140,122,141,146,"null","null","null",5,3.4240122,0.86650527,-3.48519,2.7414112,-0.6343628,-16731116
141,140,142,145,"null","null","null",3,2.355361,0.5042378,-3.4706397,2.010226,-2.143413,-16731116
142,141,143,144,"null","null","null",2,0.6978389,0.6527479,-2.8544078,0.9791694,-3.1268065,-16731116
146,140,147,148,"null","null","null",2,1.6472015,2.3745215,-0.40725255,3.5997562,-0.8210846,-16731116
150,120,151,160,"null","null","null",10,9.644835,2.5519576,-1.2045312,3.5074303,-0.7950944,-16731116
151,150,152,159,"null","null","null",5,8.036706,1.7788353,-2.6626298,3.2712228,-0.5592989,-16731116
152,151,153,158,"null","null","null",4,7.1998158,0.641129,-3.48519,2.5607443,-0.6642305,-12486656
153,152,154,157,"null","null","null",3,4.5984263,0.5042378,-3.4706397,2.010226,-2.143413,-12486656
154,153,155,156,"null","null","null",2,3.7973597,0.6527479,-2.8544078,0.9791694,-3.1268065,-11184866
160,150,161,166,"null","null","null",5,8.007213,3.48903,-0.7370672,1.5287724,-2.5840373,-16731116
161,160,162,165,"null","null","null",3,6.365301,3.1200044,-0.59051746,2.9140122,-1.6001905,-16731116
162,161,163,164,"null","null","null",2,5.397106,2.3745215,-0.66423035,3.5997562,-0.41359985,-16731116
166,160,167,168,"null","null","null",2,1.2356836,0.7310634,-2.2381618,0.6717531,-3.81672,-12486656
169,119,170,183,"null","null","null",9,11.649855,3.0981078,-0.27500102,2.9239225,-1.4209453,-16731116
170,169,171,182,"null","null","null",7,6.631926,2.3612075,-1.1974893,3.5074303,-0.32388148,-16731116
171,170,172,181,"null","null","null",6,6.185252,1.7788353,-2.6534753,3.2712228,-0.5592989,-16731116
172,171,173,180,"null","null","null",5,4.900514,0.641129,-3.473289,2.5607443,-0.88763,-16731116
173,172,174,179,"null","null","null",4,4.2425,0.5042378,-3.4551682,2.010226,-2.4726603,-16731116
174,173,175,178,"null","null","null",3,3.581897,0.6527479,-2.8342948,0.9791694,-3.5548277,-16731116
175,174,176,177,"null","null","null",2,1.2013997,0.90940034,-2.1905565,0.44105583,-3.8270526,-16731116
183,169,184,185,"null","null","null",2,5.5075283,2.7384934,-1.3026797,0.30320084,-3.2226985,-16731116
186,0,187,188,"Sturnidae","null","Starlings",2,6.213683,2.3408208,-0.4290239,3.7190452,-0.7670516,-16731116
