index,parent,child1,child2,name1,name2,common,richness,lengthbr,hxmax,hxmin,hymax,hymin,color
0,-268251131,1,130,"null","null","null",122,45.800003,2.3532834,-1.7071629,3.6272302,-0.4185682,-16731116
1,0,2,129,"MACROPODIFORMES","null","Kangaroos, Wallabys and more",65,35.1,1.4052893,-2.9611819,3.1946974,-0.6167594,-12486656
2,1,3,120,"null","null","null",64,24.7,0.34807813,-3.4518256,2.5084994,-1.357774,-12486656
3,2,4,115,"null","null","null",59,24.7,0.5754999,-3.1326199,1.529717,-2.778787,-12486656
4,3,5,114,"Macropodidae","null","null",56,18.2,0.9527873,-2.3824058,0.5272909,-3.5299244,-12486656
5,4,6,103,"null","null","null",55,14.2,2.488204,-1.847547,0.5235952,-3.4480886,-16731116
6,5,7,82,"null","null","null",49,11.0,3.4703014,-0.64571226,0.658092,-2.806991,-16731116
7,6,8,45,"null","null","null",38,10.9,3.624933,-0.4628839,2.015647,-2.2078745,-16731116
8,7,9,34,"null","null","null",19,10.7,3.1107204,-0.6376129,3.1657646,-1.0703881,-16731116
9,8,10,29,"Petrogale","null","null",13,9.5,2.4621453,-1.6061778,3.5147924,-0.3955168,-16731116
10,9,11,22,"null","null","null",10,9.4,1.3321702,-2.9239202,3.0981097,-0.6042881,-16731116
11,10,12,21,"null","null","null",6,9.4,0.32388037,-3.5074317,2.361209,-1.3502498,-16731116
12,11,13,18,"null","null","null",5,9.2,0.55929816,-3.2712276,1.7948582,-2.8520675,-16731116
13,12,14,17,"null","null","null",3,9.2,0.66423047,-2.5607505,0.64113533,-3.731464,-16731116
14,13,15,16,"null","null","null",2,3.1,1.4433398,-2.0102303,0.5042366,-3.7908006,-16731116
18,12,19,20,"null","null","null",2,9.1,1.6001931,-2.2880492,3.5117016,-0.3173825,-16731116
22,10,23,26,"null","null","null",4,9.4,3.0229464,-0.30320022,3.2790809,-1.1514504,-12486656
23,22,24,25,"null","null","null",2,2.5,2.3134422,-0.6527473,3.7626088,-0.3719896,-16731116
26,22,27,28,"null","null","null",2,9.4,3.005167,-1.0892061,0.33095554,-2.9852347,-12486656
29,9,30,33,"null","null","null",3,0.6,3.6822977,-0.6366827,1.6104403,-2.1905606,-16731116
30,29,31,32,"null","null","null",2,0.4,3.222702,-0.6278828,2.7384892,-1.3026825,-12486656
34,8,35,44,"Thylogale","null","null",6,6.0,3.325274,-0.9791769,0.40942287,-2.9853234,-12486656
35,34,36,41,"null","null","null",5,5.3,3.5286398,-0.44105422,2.02628,-2.3868904,-12486656
36,35,37,40,"null","null","null",3,3.6,3.0229464,-0.6278828,3.2790809,-1.3026825,-11184866
37,36,38,39,"null","null","null",2,3.6,2.3134422,-0.6527473,3.7626088,-0.3719896,-11184866
41,35,42,43,"null","null","null",2,2.3,1.2662337,-2.0763686,0.56240034,-3.8140674,-16731116
45,7,46,79,"null","null","null",19,10.5,2.345892,-2.1206875,0.523484,-3.5713432,-16731116
46,45,47,78,"null","null","null",17,10.400002,3.3900363,-0.9791769,0.6527475,-2.9853234,-16731116
47,46,48,75,"null","null","null",16,10.300001,3.6128306,-0.44105422,1.9801602,-2.3868904,-16731116
48,47,49,74,"null","null","null",14,10.200001,3.1323948,-0.6278828,3.2191253,-1.3026825,-16731116
49,48,50,63,"Macropus","null","null",13,10.1,2.4557252,-1.4435977,3.6846666,-0.3719896,-16731116
50,49,51,60,"null","null","null",7,10.0,1.5501398,-2.8032877,3.374334,-0.59051704,-16731116
51,50,52,57,"null","null","null",5,10.0,0.29948908,-3.4558175,2.7051497,-0.9977374,-16731116
52,51,53,56,"null","null","null",3,10.0,0.541974,-3.2755356,1.8611698,-2.4725375,-16731116
53,52,54,55,"null","null","null",2,3.0,0.66192484,-2.571182,0.7546941,-3.3442578,-16731116
57,51,58,59,"null","null","null",2,9.6,2.3408217,-0.42902347,3.7190442,-0.76705277,-16731116
60,50,61,62,"null","null","null",2,9.8,3.3284109,-0.2891283,2.5944998,-1.405283,-16731116
63,49,64,71,"null","null","null",6,9.4,3.5280137,-0.6717541,1.9146993,-2.4606762,-16731116
64,63,65,70,"null","null","null",4,8.2,3.0657134,-0.61676,3.2309744,-1.405283,-16731116
65,64,66,69,"null","null","null",3,8.0,2.3408217,-0.8562515,3.8025498,-0.34807962,-16731116
66,65,67,68,"null","null","null",2,4.3,1.6917303,-2.1268024,3.5885572,-0.57550085,-16731116
71,63,72,73,"null","null","null",2,3.0,1.0880178,-2.136557,0.60018253,-3.8261664,-16731116
75,47,76,77,"Onychogalea","null","null",2,0.2,1.2662337,-2.0763686,0.56240034,-3.8140674,-12486656
79,45,80,81,"Lagorchestes","null","null",2,2.3,0.4428653,-3.7111802,1.8611718,-1.7914302,-12486656
82,6,83,102,"Dendrolagus","null","null",11,9.9,0.8246709,-2.5607514,0.86650705,-3.4732869,-11184866
83,82,84,101,"null","null","null",10,8.5,2.390818,-2.010231,0.50423634,-3.4551716,-11184866
84,83,85,100,"null","null","null",9,7.3,3.4484403,-0.9791769,0.6527475,-2.8343005,-11184866
85,84,86,99,"null","null","null",8,6.9,3.688756,-0.44105422,2.0426855,-2.1905606,-11184866
86,85,87,94,"null","null","null",7,6.7000003,3.2310975,-0.6278828,3.300408,-1.1166838,-11184866
87,86,88,91,"null","null","null",4,4.8,2.5840387,-1.0472604,3.790334,-0.3719896,-11184866
88,87,89,90,"null","null","null",2,2.4,1.6001931,-2.2880492,3.5117016,-0.59051704,-8572416
91,87,92,93,"null","null","null",2,2.4,3.8167195,-0.6717541,0.7310606,-2.2381625,-12486656
94,86,95,98,"null","null","null",3,3.8000002,3.4735072,-1.0892061,0.33095554,-2.90701,-11184866
95,94,96,97,"null","null","null",2,2.4,3.8167195,-0.41856924,0.7310606,-2.2381625,-11184866
103,5,104,111,"null","null","null",6,7.8,0.40148264,-3.2712283,1.7948618,-2.6626244,-12486656
104,103,105,110,"Dorcopsis","null","null",4,6.5,0.66423047,-2.5607514,0.6411365,-3.4851904,-12486656
105,104,106,109,"null","null","null",3,6.5,2.1434007,-2.010231,0.50423634,-3.4706461,-11184866
106,105,107,108,"null","null","null",2,6.5,3.126798,-0.9791769,0.6527475,-2.8544173,-8572416
111,103,112,113,"Dorcopsulus","null","null",2,3.2,1.6001966,-2.288043,3.511705,-0.31738362,-16731116
115,3,116,119,"Potorous","null","null",3,17.6,1.5045897,-3.044881,3.0981104,-0.27500063,-11184866
116,115,117,118,"null","null","null",2,7.4,0.32387957,-3.6646843,2.3612094,-0.6619248,-11184866
120,2,121,128,"null","null","null",5,24.7,2.2791789,-1.6992218,3.514792,-0.7052618,-12486656
121,120,122,125,"Bettongia","null","null",4,5.8,1.4209566,-3.0448804,3.0981107,-0.6042876,-11184866
122,121,123,124,"null","null","null",2,5.8,0.3238794,-3.6646843,2.3612094,-0.66192484,-12486656
125,121,126,127,"null","null","null",2,4.6,3.2227082,-0.30319965,2.738482,-1.3026878,-8572416
130,0,131,190,"PHALANGERIFORMES","null","Possums, Cuscuses, Trioks and Gliders",57,44.9,3.5845249,-0.60018456,2.1250026,-2.2078776,-16731116
131,130,132,163,"Petauroidea","null","null",30,32.5,3.0581908,-0.63761264,3.3079295,-1.022995,-16731116
132,131,133,148,"Pseudocheiridae","null","null",16,27.400002,2.3938556,-1.6061716,3.69961,-0.39551604,-16731116
133,132,134,147,"null","null","null",8,21.0,1.5045912,-2.9239159,3.3383746,-0.6042875,-16731116
134,133,135,144,"Pseudochirulus","null","null",7,19.5,0.32387918,-3.507431,2.6735528,-1.350242,-16731116
135,134,136,141,"null","null","null",5,16.1,0.5592972,-3.271231,1.7948654,-2.852062,-16731116
136,135,137,140,"null","null","null",3,10.8,0.66423035,-2.5607548,0.64114,-3.7314625,-16731116
137,136,138,139,"null","null","null",2,6.9,1.4433327,-2.010233,0.50423574,-3.7908022,-16731116
141,135,142,143,"null","null","null",2,6.8,1.6001993,-2.2880385,3.5117075,-0.3173849,-16731116
144,134,145,146,"null","null","null",2,19.5,2.313444,-0.4390176,3.7626064,-0.7370704,-16731116
148,132,149,160,"null","null","null",8,22.7,3.52864,-0.6366841,1.8643903,-2.3868942,-16731116
149,148,150,159,"null","null","null",6,22.5,3.0229487,-0.62788224,3.068629,-1.3026884,-16731116
150,149,151,158,"Pseudochirops","null","null",5,22.4,2.313444,-1.5287559,3.489027,-0.37198827,-16731116
151,150,152,155,"null","null","null",4,22.3,1.5501496,-2.913999,3.1200063,-0.5905161,-16731116
152,151,153,154,"null","null","null",2,6.9,0.41361105,-3.5997496,2.3745227,-0.66423047,-12486656
155,151,156,157,"null","null","null",2,22.1,3.3284197,-0.28912732,2.594488,-1.4052911,-16731116
160,148,161,162,"null","null","null",2,6.9,1.266223,-2.0763721,0.5624022,-3.814068,-16731116
163,131,164,185,"null","null","null",14,32.4,3.3252714,-0.9169636,0.3445285,-2.8786829,-12486656
164,163,165,176,"Petauridae","null","null",11,28.6,3.52864,-0.44105333,1.8643903,-2.2438188,-12486656
165,164,166,173,"Petaurus","null","Gliders",6,5.6,3.0229487,-0.62788224,3.068629,-1.1514587,-12486656
166,165,167,172,"null","null","null",4,5.6,2.313444,-1.5287559,3.489027,-0.37198827,-12486656
167,166,168,171,"null","null","null",3,5.6,1.6002,-2.913999,3.1200063,-0.5905161,-12486656
168,167,169,170,"null","null","null",2,5.4,0.41361105,-3.5997496,2.3745227,-0.66423047,-16731116
173,165,174,175,"null","null","null",2,5.6,3.0051584,-1.0892134,0.33095476,-2.9852433,-16731116
176,164,177,184,"null","null","null",5,25.9,2.3305557,-2.0763721,0.5624022,-3.4921484,-12486656
177,176,178,181,"Dactylopsila","null","null",4,16.4,3.4735022,-0.8707022,0.6459118,-2.9070146,-12486656
178,177,179,180,"null","null","null",2,16.4,3.816719,-0.41856778,0.73104715,-2.2381654,-16731116
181,177,182,183,"null","null","null",2,16.4,0.35782757,-2.716227,0.9025997,-3.2399707,-8572416
185,163,186,189,"null","null","null",3,28.9,0.3708,-2.6608324,0.88575876,-3.684054,-16731116
186,185,187,188,"Acrobatidae","null","null",2,11.1,1.266223,-2.0763721,0.48397186,-3.814068,-16731116
190,130,191,234,"Phalangeroidea","null","null",27,39.4,2.390814,-1.9577198,0.52348495,-3.5713463,-12486656
191,190,192,221,"Phalangeridae","null","null",22,25.7,3.4484386,-0.80514073,0.6527473,-2.9853282,-12486656
192,191,193,218,"null","null","null",15,25.6,3.6887574,-0.44105333,1.8643903,-2.3868942,-12486656
193,192,194,213,"null","null","null",13,18.4,3.2311015,-0.62788224,3.068629,-1.1166904,-16731116
194,193,195,210,"null","null","null",10,13.9,2.5840425,-1.504771,3.489027,-0.37198827,-16731116
195,194,196,209,"null","null","null",8,13.7,1.6002,-2.8828187,3.1200063,-0.5905161,-16731116
196,195,197,208,"null","null","null",7,10.7,0.41361105,-3.5592155,2.3745227,-1.0796533,-16731116
197,196,198,207,"null","null","null",6,8.7,0.54197276,-3.4099584,1.8611755,-2.5790339,-16731116
198,197,199,204,"null","null","null",5,8.5,0.66192466,-2.745932,0.49051493,-3.482711,-16731116
199,198,200,203,"null","null","null",3,5.5,1.9702942,-2.0763717,0.4839719,-3.5523224,-16731116
200,199,201,202,"null","null","null",2,5.5,3.005161,-1.0892112,0.6459119,-2.9852405,-16731116
204,198,205,206,"null","null","null",2,5.0,0.84492207,-3.5244956,2.3807096,-0.3955607,-16731116
210,194,211,212,"null","null","null",2,5.0,3.816719,-0.6717563,0.73104715,-2.2381654,-12486656
213,193,214,217,"Spilocuscus","null","null",3,7.5,3.4735022,-1.0892134,0.33095476,-2.9070146,-12486656
214,213,215,216,"null","null","null",2,5.3,3.816719,-0.41856778,0.73104715,-2.2381654,-16731116
218,192,219,220,"Ailurops","null","null",2,7.0,1.266223,-2.0763721,0.5624022,-3.814068,-8572416
221,191,222,231,"null","null","null",7,18.9,0.6896827,-2.7459319,0.88575876,-3.4364233,-12486656
222,221,223,230,"null","null","null",5,13.200001,2.2792976,-2.0763721,0.48397186,-3.4921484,-16731116
223,222,224,229,"Trichosurus","null","null",4,7.4,3.4068666,-1.0892134,0.6459118,-2.9070146,-16731116
224,223,225,228,"null","null","null",3,4.3,3.730093,-0.41856778,1.4250891,-2.2381654,-16731116
225,224,226,227,"null","null","null",2,3.9,3.3284197,-0.6167592,2.594488,-1.4052911,-16731116
231,221,232,233,"null","null","null",2,7.0,0.84492207,-3.5244946,2.3807096,-0.39556068,-11184866
234,190,235,242,"Burramyidae","null","null",5,32.6,0.44286668,-3.3444967,1.8611751,-2.5790353,-16731116
235,234,236,241,"Cercartetus","null","null",4,20.1,0.66192466,-2.660832,0.7547023,-3.4827123,-16731116
236,235,237,240,"null","null","null",3,14.3,1.9702926,-2.0763717,0.48397192,-3.5523238,-16731116
237,236,238,239,"null","null","null",2,14.3,3.0051594,-1.0892124,0.6459119,-2.9852424,-16731116
