index,parent,child1,child2,name1,name2,common,richness,lengthbr,hxmax,hxmin,hymax,hymin,color
0,-268028924,1,40,"null","null","null",21,12.1,3.700976,-0.6717566,1.8280911,-2.2381659,-16731116
1,0,2,33,"null","null","null",20,12.1,3.2905679,-0.61675906,3.118391,-1.226471,-16731116
2,1,3,30,"null","null","null",16,12.1,2.6331306,-1.3840389,3.6562004,-0.34807754,-16731116
3,2,4,23,"null","null","null",14,12.1,1.5297208,-2.812934,3.398309,-0.57549936,-16731116
4,3,5,20,"null","null","null",10,12.1,0.33849633,-3.5743198,2.7278013,-0.95188594,-16731116
5,4,6,19,"null","null","null",8,12.1,0.5235944,-3.5058057,1.9384081,-2.487035,-16731116
6,5,7,14,"null","null","null",7,12.099999,0.6580918,-2.8820236,0.64571726,-3.4687862,-16731116
7,6,8,11,"null","null","null",4,8.4,1.792403,-2.3054147,0.46288306,-3.6229668,-16731116
8,7,9,10,"null","null","null",2,3.9,2.8755515,-1.1971903,0.63761246,-3.1081655,-16731116
11,7,12,13,"null","null","null",2,8.4,0.52348554,-3.7908022,2.0102336,-1.4433308,-16731116
14,6,15,18,"null","null","null",3,12.1,0.8665079,-3.7314618,2.5607557,-0.38339406,-16731116
15,14,16,17,"null","null","null",2,5.9,0.5042355,-3.7908022,2.0102336,-1.4433308,-16731116
20,4,21,22,"null","null","null",2,12.1,2.36121,-0.41841984,3.6646824,-0.7950978,-16731116
23,3,24,27,"null","null","null",4,12.1,3.0981116,-0.27500236,3.0448759,-1.4209609,-16731116
24,23,25,26,"null","null","null",2,12.1,2.3612103,-0.6619249,3.664682,-0.3238786,-16731116
27,23,28,29,"null","null","null",2,12.1,2.7384772,-1.302691,0.30319917,-3.2227116,-16731116
30,2,31,32,"null","null","null",2,12.1,3.795208,-0.7052629,0.55371547,-2.27918,-16731116
33,1,34,39,"null","null","null",4,12.1,3.3591137,-1.1971924,0.31716013,-2.9699798,-16731116
34,33,35,38,"null","null","null",3,12.1,3.766152,-0.39551544,1.2371116,-2.27918,-16731116
35,34,36,37,"null","null","null",2,12.1,3.4248805,-0.60428715,2.4441402,-1.5045936,-16731116
