index,parent,child1,child2,name1,name2,common,richness,lengthbr,hxmax,hxmin,hymax,hymin,color
0,-268415996,1,153,"null","null","null",225,20.124437,0.5419755,-3.427437,1.8009593,-2.5731902,-16731116
1,0,2,54,"null","null","null",177,19.438787,0.66588235,-2.7686534,0.49050337,-3.4750981,-16731116
2,1,3,51,"Timaliidae","null","Babblers and parrotbills",127,14.723095,2.2483478,-2.2165487,0.48397505,-3.5424125,-16731116
3,2,-268434432,4,"null","null","null",125,14.140159,3.3666153,-0.8933699,0.645913,-2.9723532,-16731116
4,3,5,28,"null","null","null",24,10.747823,0.44189167,-2.76726,0.90259707,-3.387028,-16731116
5,4,6,21,"null","null","null",12,9.85424,2.0156658,-2.1562314,0.46288663,-3.516666,-16731116
6,5,7,14,"","null","Sibias",8,7.3176546,3.1657763,-1.0032526,0.637614,-2.9699686,-16731116
7,6,8,13,"null","null","null",4,3.9273386,3.5147948,-0.39551976,1.6992495,-2.2791727,-16731116
8,7,9,12,"null","null","null",3,1.2853034,3.098106,-0.60428977,3.0449016,-1.5045741,-16731116
9,8,10,11,"null","null","null",2,0.28960794,2.3612065,-0.66192436,3.6646943,-0.32388347,-16731116
14,6,15,20,"null","null","null",4,3.9445324,0.34453064,-2.834292,0.97916484,-3.443476,-16731116
15,14,16,19,"null","null","null",3,2.9895704,1.6104609,-2.1905546,0.44105673,-3.6822917,-16731116
16,15,17,18,"null","null","null",2,2.1253772,2.7385051,-1.3026711,0.6278839,-3.2226896,-16731116
21,5,22,27,"","null","Liocichla",4,5.999,0.523479,-3.4551668,2.0102232,-2.4726658,-12486656
22,21,23,26,"null","null","null",3,4.8585925,0.6527482,-2.834292,0.97916484,-3.5548306,-16731116
23,22,24,25,"null","null","null",2,1.8846531,0.9094076,-2.1905546,0.44105673,-3.8270526,-12486656
28,4,29,48,"null","null","null",12,10.104439,0.86650443,-3.4732904,2.7414107,-0.7518083,-16731116
29,28,30,39,"null","null","null",10,9.084423,0.50423855,-3.4551668,1.9577041,-2.2960894,-16731116
30,29,31,38,"null","null","null",5,3.783944,0.6527482,-2.834292,0.97916484,-3.3252814,-16731116
31,30,32,37,"null","null","null",4,3.1599607,2.0262978,-2.1905546,0.44105673,-3.5286388,-16731116
32,31,33,36,"null","null","null",3,1.8613088,3.279093,-1.3026711,0.6278839,-3.0229406,-16731116
33,32,34,35,"null","null","null",2,0.6435477,3.762613,-0.37199226,0.6527467,-2.3134382,-16731116
39,29,40,45,"null","null","null",5,7.737593,1.90941,-2.7339306,3.3444867,-0.44286072,-16731116
40,39,41,44,"null","null","null",3,7.399267,0.7546867,-3.6840615,2.660818,-0.6619251,-16731116
41,40,42,43,"null","null","null",2,5.6445184,0.48397484,-3.8140655,2.0763621,-1.2662508,-16731116
45,39,46,47,"null","null","null",2,1.7554679,3.5885534,-0.35959524,2.1268117,-1.6917254,-16731116
48,28,49,50,"null","null","null",2,3.502161,2.374521,-0.40725303,3.599759,-0.82108366,-16731116
51,2,52,53,"null","null","null",2,4.4825997,0.48358122,-3.756456,1.9383955,-1.6186541,-16731116
54,1,55,152,"null","null","null",50,18.357038,0.8449185,-3.5064235,2.3807092,-0.93441224,-16731116
55,54,56,147,"null","null","null",49,17.333609,0.5235976,-3.4175277,1.799375,-2.4643075,-16731116
56,55,57,124,"Timaliidae","null","Babblers and parrotbills",46,15.568505,0.6580926,-2.76726,0.7259956,-3.4392226,-16731116
57,56,58,99,"null","null","null",34,14.029358,2.1250243,-2.1562314,0.46288663,-3.584519,-16731116
58,57,59,84,"null","null","null",21,13.432037,3.3079424,-1.070373,0.637614,-3.0581775,-16731116
59,58,60,75,"null","null","null",13,12.624809,3.699611,-0.39551976,1.6061935,-2.3938444,-16731116
60,59,61,72,"null","null","null",8,11.893005,3.338367,-0.60428977,2.9239287,-1.4209347,-16731116
61,60,62,69,"null","null","null",6,8.721838,2.673546,-1.3502693,3.5074296,-0.32388347,-16731116
62,61,63,68,"null","null","null",4,5.0627527,1.7788285,-2.8520827,3.2712164,-0.5593003,-16731116
63,62,64,67,"null","null","null",3,2.9458385,0.64111984,-3.7314699,2.5607355,-0.66423064,-16731116
64,63,65,66,"null","null","null",2,1.3082722,0.5042394,-3.7907968,2.0102203,-1.443365,-16731116
69,61,70,71,"null","null","null",2,2.5824351,3.762613,-0.7370647,0.43901938,-2.3134382,-16731116
72,60,73,74,"null","null","null",2,9.462453,2.7385051,-1.3026711,0.303202,-3.2226896,-16731116
75,59,76,83,"null","null","null",5,11.179581,2.0426993,-2.1905546,0.6366781,-3.5286388,-16731116
76,75,77,82,"null","null","null",4,6.2058196,3.3004153,-1.3026711,0.6278839,-3.0229406,-16731116
77,76,78,81,"null","null","null",3,4.961793,3.790332,-0.37199226,1.0472816,-2.3134382,-16731116
78,77,79,80,"null","null","null",2,2.6548321,3.5116925,-0.5905186,2.2880669,-1.600183,-16731116
84,58,85,94,"null","null","null",8,10.048694,0.40944088,-2.985313,0.91696143,-3.3252814,-16731116
85,84,86,91,"null","null","null",5,7.359141,2.0262978,-2.3868818,0.44105673,-3.5286388,-16731116
86,85,87,90,"null","null","null",3,5.811371,3.279093,-1.3026711,0.6278839,-3.0229406,-16731116
87,86,88,89,"null","null","null",2,3.0207443,3.762613,-0.37199226,0.6527467,-2.3134382,-16731116
91,85,92,93,"null","null","null",2,4.1160383,0.56239605,-3.8140655,2.0763621,-1.2662508,-16731116
94,84,95,98,"null","null","null",3,7.800817,0.885756,-3.6840615,2.660818,-0.37080196,-16731116
95,94,96,97,"null","null","null",2,4.399617,0.48397484,-3.8140655,2.0763621,-1.2662508,-16731116
99,57,100,123,"null","null","null",13,12.909016,0.523479,-3.4551668,2.0102232,-2.2960894,-16731116
100,99,101,114,"null","null","null",12,11.441403,0.6527482,-2.834292,0.8051287,-3.3252814,-16731116
101,100,102,113,"null","null","null",7,7.703739,1.8644158,-2.1905546,0.44105673,-3.5286388,-16731116
102,101,103,112,"null","null","null",6,5.443015,3.0686464,-1.3026711,0.6278839,-3.0229406,-16731116
103,102,104,111,"null","null","null",5,4.013255,3.4890325,-0.37199226,1.6419035,-2.3134382,-16731116
104,103,105,110,"null","null","null",4,3.3825912,3.1200032,-0.5905186,3.0610754,-1.600183,-16731116
105,104,106,109,"null","null","null",3,2.6886067,2.3745208,-0.6642302,3.7909296,-0.41359067,-16731116
106,105,107,108,"null","null","null",2,1.2451322,1.8611609,-1.7914538,3.711173,-0.541976,-16731116
114,100,115,120,"null","null","null",5,9.651288,0.885756,-3.4827127,2.7459316,-0.4520136,-16731116
115,114,116,119,"null","null","null",3,4.684712,0.48397484,-3.552312,2.0763621,-1.970319,-16731116
116,115,117,118,"null","null","null",2,1.9812003,0.64591295,-2.9852223,1.0891962,-3.005179,-12486656
120,114,121,122,"null","null","null",2,2.8530746,2.3807092,-0.3955624,3.5245056,-0.8449187,-16731116
124,56,125,144,"null","null","null",12,14.803274,0.86650443,-3.4732904,2.7414107,-0.7518083,-16731116
125,124,126,137,"null","null","null",10,10.095095,0.50423855,-3.4551668,1.9577041,-2.2960894,-16731116
126,125,127,134,"null","null","null",6,7.0895777,0.6527482,-2.834292,0.7274575,-3.3252814,-16731116
127,126,128,133,"null","null","null",4,4.2649174,2.0262978,-2.1905546,0.44105673,-3.5286388,-16731116
128,127,129,132,"null","null","null",3,3.031804,3.279093,-1.3026711,0.6278839,-3.0229406,-16731116
129,128,130,131,"null","null","null",2,1.5601696,3.762613,-0.37199226,0.6527467,-2.3134382,-12486656
134,126,135,136,"null","null","null",2,1.9942087,0.885756,-3.3442645,2.5711715,-0.37080196,-16731116
137,125,138,143,"null","null","null",4,6.3702717,1.8611641,-2.7339306,3.3444867,-0.44286072,-16731116
138,137,139,142,"null","null","null",3,3.5078921,0.7546867,-3.6840615,2.660818,-0.6619251,-16731116
139,138,140,141,"null","null","null",2,2.0118704,0.48397484,-3.8140655,2.0763621,-1.2662508,-16731116
144,124,145,146,"null","null","null",2,3.7698507,2.374521,-0.40725303,3.599759,-0.82108366,-16731116
147,55,148,151,"null","null","null",3,6.3373604,1.7788317,-2.6272786,3.1628635,-0.40147734,-12486656
148,147,149,150,"Timaliidae","null","Babblers and parrotbills",2,2.20642,0.6411245,-3.439229,2.419877,-0.6642306,-11184866
153,0,154,215,"Timaliidae","null","Babblers and parrotbills",48,15.510498,1.5949185,-2.7631273,3.344541,-0.35959482,-16731116
154,153,155,198,"null","null","null",31,14.396311,0.33848345,-3.5095534,2.6579041,-0.9528048,-16731116
155,154,156,187,"null","null","null",22,10.913701,0.5235976,-3.421596,1.8475332,-2.4882178,-16731116
156,155,157,186,"null","null","null",16,10.142062,0.6580926,-2.7725487,0.86751455,-3.4703062,-16731116
157,156,158,181,"null","null","null",15,9.075147,2.0156658,-2.1631067,0.46288663,-3.6249275,-16731116
158,157,159,174,"null","null","null",12,6.968191,3.1657763,-1.0032526,0.637614,-3.1107087,-16731116
159,158,160,169,"null","null","null",8,4.9833,3.5147948,-0.39551976,1.7809386,-2.4621346,-16731116
160,159,161,166,"null","null","null",5,2.2029657,3.098106,-0.60428977,3.1510973,-1.4209347,-16731116
161,160,162,165,"null","null","null",3,0.89487433,2.3612065,-0.66487014,3.8027487,-0.32388347,-16731116
162,161,163,164,"null","null","null",2,0.5606134,1.7788285,-1.9610639,3.655131,-0.5593003,-16731116
166,160,167,168,"null","null","null",2,0.7770458,2.7385051,-1.3026711,0.303202,-3.2226896,-16731116
169,159,170,173,"null","null","null",3,2.3430247,1.6104609,-2.1905546,0.6366781,-3.6822917,-16731116
170,169,171,172,"null","null","null",2,1.7682337,2.7385051,-1.3026711,0.6278839,-3.2226896,-12486656
174,158,175,180,"null","null","null",4,3.8126552,0.34453064,-2.834292,0.97916484,-3.443476,-16731116
175,174,176,179,"null","null","null",3,1.7307391,1.6104609,-2.1905546,0.44105673,-3.6822917,-16731116
176,175,177,178,"null","null","null",2,1.1695946,2.7385051,-1.3026711,0.6278839,-3.2226896,-16731116
181,157,182,185,"null","null","null",3,6.412182,0.523479,-3.4706364,2.0102232,-2.14342,-16731116
182,181,183,184,"null","null","null",2,2.0536134,0.6527482,-2.8544023,0.97916484,-3.126811,-16731116
187,155,188,193,"null","null","null",6,5.0579433,1.6207633,-2.8520777,3.2712197,-0.40147734,-16731116
188,187,189,192,"null","null","null",3,2.5358276,0.6411245,-3.7314677,2.56074,-0.6642306,-16731116
189,188,190,191,"null","null","null",2,1.2116586,0.50423855,-3.7907977,2.0102232,-1.4433578,-16731116
193,187,194,197,"null","null","null",3,2.8639755,3.1200037,-0.31737888,2.914018,-1.6001867,-16731116
194,193,195,196,"null","null","null",2,1.3710119,2.374521,-0.6642302,3.599759,-0.4135952,-16731116
198,154,199,214,"null","null","null",9,9.769337,2.361207,-1.2045364,3.50743,-0.7950933,-16731116
199,198,200,207,"null","null","null",8,7.1195717,1.6207633,-2.6626332,3.2712197,-0.5592996,-16731116
200,199,201,206,"null","null","null",4,5.030283,0.6411245,-3.48519,2.56074,-0.6642306,-12486656
201,200,202,205,"null","null","null",3,2.6683562,0.50423855,-3.4706364,2.0102232,-2.14342,-16731116
202,201,203,204,"null","null","null",2,1.4727334,0.6527482,-2.8544023,0.97916484,-3.126811,-16731116
207,199,208,211,"null","null","null",4,4.5869064,3.1200037,-0.31737888,2.914018,-1.5501313,-16731116
208,207,209,210,"null","null","null",2,2.0032966,2.374521,-0.6642302,3.599759,-0.4135952,-12486656
211,207,212,213,"null","null","null",2,1.8718575,2.5945082,-1.4052775,0.28912932,-3.328405,-16731116
215,153,216,243,"null","null","null",17,11.967434,3.2448373,-0.2750016,3.0448341,-1.3321614,-16731116
216,215,217,234,"null","null","null",14,9.933696,2.5519564,-1.2045364,3.6646109,-0.32388246,-16731116
217,216,218,229,"null","null","null",9,7.164266,1.6207633,-2.6626332,3.4755545,-0.5592996,-16731116
218,217,219,224,"null","null","null",6,5.290277,0.4148134,-3.48519,2.826375,-0.6642306,-16731116
219,218,220,223,"null","null","null",3,3.0572822,0.50423855,-3.4706364,2.0102232,-2.14342,-16731116
220,219,221,222,"null","null","null",2,1.8784634,0.6527482,-2.8544023,0.97916484,-3.126811,-16731116
224,218,225,228,"null","null","null",3,2.082164,2.374521,-0.47382563,3.7909288,-0.82108366,-16731116
225,224,226,227,"null","null","null",2,0.30514637,1.8611641,-1.7914469,3.711175,-0.54197526,-16731116
229,217,230,233,"null","null","null",3,2.2063537,3.1200037,-0.31737888,2.914018,-1.6001867,-16731116
230,229,231,232,"null","null","null",2,2.1553247,2.374521,-0.6642302,3.599759,-0.4135952,-16731116
234,216,235,242,"null","null","null",5,6.287982,3.4890313,-0.73706603,1.6418977,-2.3134394,-16731116
235,234,236,241,"null","null","null",4,4.8091784,3.1200037,-0.59051806,3.0610714,-1.6001867,-16731116
236,235,237,240,"null","null","null",3,3.2941692,2.374521,-0.6642302,3.7909288,-0.4135952,-16731116
237,236,238,239,"null","null","null",2,1.539854,1.8611641,-1.7914469,3.711175,-0.54197526,-16731116
243,215,244,247,"null","null","null",3,9.439091,3.2790883,-1.3026755,0.30320144,-3.0229423,-16731116
244,243,245,246,"null","null","null",2,8.330538,3.7626114,-0.37199128,0.6527469,-2.3134394,-16731116
