index,parent,child1,child2,name1,name2,common,richness,lengthbr,hxmax,hxmin,hymax,hymin,color
0,-268242935,1,52,"null","null","null",29,7.7559853,0.523479,-3.4551668,1.9270557,-2.3908322,-16731116
1,0,2,51,"null","null","null",26,7.298593,0.6527482,-2.834292,0.97916484,-3.448447,-16731116
2,1,3,50,"null","null","null",25,6.81465,1.9931704,-2.1905546,0.44105673,-3.688754,-16731116
3,2,4,31,"null","null","null",24,6.3816833,3.2360275,-1.1166716,0.6278839,-3.2310905,-16731116
4,3,5,28,"null","null","null",14,5.8949366,3.706628,-0.37199226,1.4749993,-2.584033,-16731116
5,4,6,23,"null","null","null",12,5.5281334,3.4028773,-0.5905186,2.8440998,-1.4333744,-16731116
6,5,7,18,"null","null","null",9,5.1799097,2.7422576,-1.0522908,3.5088613,-0.29949182,-16731116
7,6,8,17,"null","null","null",6,4.62448,1.8611609,-2.5434484,3.3444843,-0.541976,-16731116
8,7,9,16,"null","null","null",5,3.0096905,0.754682,-3.4364305,2.6608143,-0.72914255,-16731116
9,8,10,15,"null","null","null",4,2.2735612,0.4839757,-3.4921417,2.0763595,-2.330584,-16731116
10,9,11,14,"null","null","null",3,1.96829,0.64591324,-2.9070005,1.0891917,-3.4735193,-16731116
11,10,12,13,"null","null","null",2,1.662833,0.73108506,-2.2381558,0.41857237,-3.816722,-16731116
18,6,19,22,"null","null","null",3,4.416022,3.8025496,-0.76704955,0.8562701,-2.3408191,-16731116
19,18,20,21,"null","null","null",2,2.4252572,3.5885506,-0.57550234,2.1268184,-1.6917218,-16731116
23,5,24,27,"null","null","null",3,5.2797103,3.1667507,-1.4052734,0.28912988,-3.0657094,-16731116
24,23,25,26,"null","null","null",2,4.084655,3.719049,-0.34808195,0.6580914,-2.3408191,-16731116
28,4,29,30,"null","null","null",2,5.603621,0.7310779,-2.2381577,0.6717503,-3.8167214,-16731116
31,3,32,43,"null","null","null",10,5.652992,0.33095706,-2.9070032,0.92879224,-3.2514334,-16731116
32,31,33,42,"null","null","null",6,4.8032236,1.7065935,-2.2381577,0.4185714,-3.5280142,-16731116
33,32,34,41,"null","null","null",5,3.9343178,2.9604275,-1.4052734,0.61676115,-3.0657094,-16731116
34,33,35,40,"null","null","null",4,3.0999913,3.4508288,-0.34808195,1.3545897,-2.3408191,-16731116
35,34,36,39,"null","null","null",3,2.5709682,3.1313138,-0.57550234,2.774634,-1.6917218,-16731116
36,35,37,38,"null","null","null",2,1.9280972,2.380709,-0.665,3.5245087,-0.5272737,-16731116
43,31,44,49,"null","null","null",4,3.3644218,0.9025972,-3.4687893,2.7521224,-0.35782966,-16731116
44,43,45,48,"null","null","null",3,1.9169087,0.46288642,-3.6229568,2.136552,-1.7924314,-16731116
45,44,46,47,"null","null","null",2,0.73701066,0.6376139,-3.1081471,1.1971738,-2.8755727,-16731116
52,0,53,56,"null","null","null",3,7.0633326,1.8611641,-2.4725482,3.275528,-0.44286072,-16731116
53,52,54,55,"null","null","null",2,3.1275902,0.7546867,-3.3442645,2.5711715,-0.6619251,-16731116
