index,parent,child1,child2,name1,name2,common,richness,lengthbr,hxmax,hxmin,hymax,hymin,color
0,-268206068,1,96,"null","null","null",231,48.0,2.4892108,-1.905195,0.48358634,-3.4175363,-16731116
1,0,2,95,"null","null","null",155,48.0,3.4716086,-0.8675265,0.6580921,-2.7672725,-16731116
2,1,3,84,"null","null","null",154,48.0,3.626631,-0.46288425,2.0824366,-2.1562414,-16731116
3,2,4,71,"","null","Voles, Lemmings and Muskrats",148,19.6,3.1129272,-0.637613,3.2525895,-1.0306141,-16731116
4,3,5,63,"null","null","null",141,19.6,2.4650147,-1.6098008,3.6276631,-0.39551717,-16731116
5,4,6,14,"null","null","null",103,19.6,1.4115169,-2.9286287,3.2448406,-0.6042883,-16731116
6,5,-268185600,7,"null","null","null",78,19.6,0.32388073,-3.5135515,2.5519595,-1.2118273,-16731116
7,6,8,13,"null","null","null",4,9.4,2.3134418,-1.52877,3.4890296,-0.7370682,-16731116
8,7,9,12,"null","null","null",3,9.4,1.6001918,-2.9140103,3.1200051,-0.5905173,-16731116
9,8,10,11,"null","null","null",2,9.4,0.4136008,-3.5997553,2.3745222,-0.66423035,-16731116
14,5,15,48,"null","null","null",25,19.6,3.201479,-0.30320042,3.1648672,-1.1166822,-16731116
15,14,16,43,"","some","Muskrat and Voles",17,19.6,2.545535,-1.4749868,3.6141293,-0.37198997,-16731116
16,15,17,38,"null","null","null",14,19.6,1.4333838,-2.8440921,3.2826347,-0.5905173,-16731116
17,16,18,29,"null","null","null",11,19.6,0.39173377,-3.5088615,2.5859406,-1.0522765,-16731116
18,17,19,28,"","null","Mole Voles",6,12.099999,0.5419743,-3.3444917,1.8611686,-2.5434372,-16731116
19,18,20,27,"Ellobius","null","null",5,10.7,0.7291248,-2.660825,0.7546941,-3.4364262,-16731116
20,19,21,26,"null","null","null",4,10.7,2.3305678,-2.076367,0.48397338,-3.4921455,-16731116
21,20,22,25,"null","null","null",3,10.7,3.4735096,-1.0892038,0.6459124,-2.9070082,-16731116
22,21,23,24,"null","null","null",2,10.7,3.8167202,-0.4185698,0.73106515,-2.238161,-16731116
29,17,30,35,"null","null","null",5,4.5,2.6331258,-1.354575,3.4508257,-0.76705235,-16731116
30,29,31,34,"Arborimus","null","null",3,2.0,1.691729,-2.774622,3.131315,-0.5755011,-16731116
31,30,32,33,"null","null","null",2,2.0,0.52728236,-3.524502,2.38071,-0.665,-16731116
35,29,36,37,"Phenacomys","null","null",2,3.5,3.7952113,-0.7052593,0.55373704,-2.2791758,-16731116
38,16,39,42,"Lasiopodomys","null","null",3,7.5,3.0657125,-0.28912854,3.1667411,-1.4052815,-16731116
39,38,40,41,"null","null","null",2,7.5,2.3408213,-0.6580918,3.719045,-0.34807998,-16731116
43,15,44,47,"null","null","null",3,19.6,3.7300882,-0.67175364,1.4251064,-2.2381618,-16731116
44,43,45,46,"Blanfordimys","null","null",2,4.7,3.3284092,-0.6167602,2.5945022,-1.4052815,-16731116
48,14,49,60,"","some","Lemmings",8,13.1,3.251427,-0.9287933,0.33095574,-2.9070091,-16731116
49,48,50,59,"null","null","null",6,12.400001,3.5280137,-0.41856956,1.7065808,-2.2381618,-16731116
50,49,51,58,"Lemmus","null","null",5,9.1,3.0657125,-0.6167602,2.9604187,-1.4052815,-16731116
51,50,52,57,"null","null","null",4,9.1,2.3408213,-1.354575,3.4508257,-0.34807998,-16731116
52,51,53,56,"null","null","null",3,6.4,1.691729,-2.774622,3.131315,-0.5755011,-16731116
53,52,54,55,"null","null","null",2,6.4,0.52728236,-3.524502,2.38071,-0.665,-16731116
60,48,61,62,"Synaptomys","null","null",2,4.3,0.3578286,-2.7162137,0.9025985,-3.2399807,-16731116
63,4,64,70,"","some","Voles",38,19.6,3.688756,-0.63668215,1.9450151,-2.1905596,-16731116
64,63,65,69,"null","null","null",37,19.300001,3.2310967,-0.62788296,3.173435,-1.3026809,-16731116
65,64,-268187648,66,"null","null","null",36,17.7,2.5840383,-1.5425422,3.6252675,-0.37198997,-16731116
66,65,67,68,"Hyperacrius","null","null",2,3.6,3.81672,-0.67175364,0.73106325,-2.2381618,-12486656
71,3,72,83,"null","null","null",7,19.6,3.325275,-0.979175,0.40942526,-2.895835,-16731116
72,71,73,78,"null","null","null",6,19.6,3.5286393,-0.44105458,2.0262823,-2.270556,-16731116
73,72,74,77,"null","null","null",3,7.5,3.0229454,-0.62788296,3.2790823,-1.3026809,-16731116
74,73,75,76,"Eolagurus","null","null",2,4.3,2.3134418,-0.6527472,3.7626092,-0.37198997,-16731116
78,72,79,82,"Arvicola","some","Water Voles",3,7.5,1.970305,-2.0763676,0.56239974,-3.5523176,-16731116
79,78,80,81,"null","null","null",2,4.3,3.005169,-1.0892045,0.64591235,-2.9852326,-16731116
84,2,85,90,"","null","Zokors",6,11.3,2.4726522,-1.927067,0.52348334,-3.455171,-16731116
85,84,86,89,"Eospalax","null","null",3,11.3,3.5548232,-0.979175,0.6527476,-2.8342993,-16731116
86,85,87,88,"null","null","null",2,11.3,3.827052,-0.44105458,0.90939033,-2.1905596,-16731116
90,84,91,94,"Myospalax","null","null",3,11.3,0.44286472,-3.2755368,1.8611706,-2.4725354,-16731116
91,90,92,93,"null","null","null",2,11.3,0.66192484,-2.5711837,0.7546954,-3.3442564,-16731116
96,0,-268186624,97,"null","null","null",76,48.0,0.401482,-3.4009387,1.6994879,-2.7222097,-16731116
97,96,98,153,"null","null","null",39,48.0,1.4333872,-2.893173,3.2971168,-0.31738296,-16731116
98,97,99,130,"null","null","null",28,48.0,0.33634627,-3.57267,2.6047673,-1.0522709,-16731116
99,98,100,123,"null","null","null",16,14.3,0.5419736,-3.427446,1.7306741,-2.5434332,-16731116
100,99,101,114,"Tachyoryctes","some","Mole Rats",12,14.2,0.6896894,-2.7686656,0.64477384,-3.4364252,-12486656
101,100,102,111,"null","null","null",7,14.2,2.2793033,-2.216558,0.48397285,-3.4921465,-12486656
102,101,103,108,"null","null","null",5,14.2,3.4068682,-0.87069225,0.64591223,-2.90701,-12486656
103,102,104,107,"null","null","null",3,14.2,3.7300887,-0.41856924,1.4251035,-2.2381625,-12486656
104,103,105,106,"null","null","null",2,4.5,3.3284109,-0.61676,2.5944998,-1.405283,-16731116
108,102,109,110,"null","null","null",2,14.2,0.3578284,-2.716216,0.90259874,-3.2399788,-16777216
111,101,112,113,"null","null","null",2,14.2,0.48358554,-3.7564592,1.9384025,-1.6186383,-16777216
114,100,115,120,"null","null","null",5,14.2,0.844921,-3.4762137,2.7278,-0.8165059,-16777216
115,114,116,119,"null","null","null",3,14.2,0.5235958,-3.378262,1.9384025,-2.3110356,-16777216
116,115,117,118,"null","null","null",2,14.2,0.65809214,-2.716216,0.86752415,-3.2399788,-16777216
120,114,121,122,"null","null","null",2,14.2,2.361209,-0.41842067,3.6646867,-0.7950958,-16777216
123,99,124,129,"","some","Bamboo Rats",4,9.3,1.6917332,-2.9612584,3.1863804,-0.35959932,-16731116
124,123,125,128,"Rhizomys","null","null",3,6.0,0.52728903,-3.7671347,2.4522943,-0.665,-16731116
125,124,126,127,"null","null","null",2,6.0,0.5235956,-3.7564604,1.9384036,-1.6186355,-16731116
130,98,131,142,"Dendromus","some","Climbing Mice",12,22.5,2.508498,-1.4981381,3.4931815,-0.7670536,-16731116
131,130,132,137,"null","null","null",6,22.5,1.5297151,-2.961258,3.1863804,-0.5755003,-12486656
132,131,133,136,"null","null","null",3,22.5,0.52728903,-3.7671347,2.4522943,-0.665,-16731116
133,132,134,135,"null","null","null",2,22.5,0.5235956,-3.7564604,1.9384036,-1.6186355,-12486656
137,131,138,141,"null","null","null",3,22.5,3.09811,-0.2750001,3.0448835,-1.5045875,-3014646
138,137,139,140,"null","null","null",2,22.5,2.3612092,-0.6619247,3.6646852,-0.32388005,-16777216
142,130,143,150,"null","null","null",6,22.5,3.5147924,-0.70526093,1.6992261,-2.5264812,-16731116
143,142,144,147,"null","null","null",4,22.5,3.09811,-0.604288,3.0448835,-1.4209529,-16731116
144,143,145,146,"null","null","null",2,22.5,2.3612092,-0.6619247,3.6646852,-0.32388005,-16731116
147,143,148,149,"null","null","null",2,6.1,2.7384858,-1.3026849,0.30320004,-3.222705,-16731116
150,142,151,152,"null","null","null",2,22.5,0.90938455,-2.1905613,0.63668287,-3.827052,-16731116
153,97,154,173,"null","null","null",11,48.0,3.0657141,-0.28912807,3.1183977,-1.4052857,-16731116
154,153,155,172,"null","null","null",10,48.0,2.3408222,-1.33857,3.6562026,-0.348079,-16731116
155,154,156,171,"null","null","null",9,19.9,1.6917341,-2.7538192,3.398308,-0.5755003,-16731116
156,155,157,168,"Steatomys","null","Fat Mice",8,18.2,0.33849168,-3.4974644,2.7278004,-0.95189375,-16731116
157,156,158,167,"null","null","null",6,18.2,0.5235956,-3.405889,1.9384036,-2.487041,-16731116
158,157,159,164,"null","null","null",5,18.2,0.6580921,-2.7521312,0.5831063,-3.4687872,-16731116
159,158,160,163,"null","null","null",3,9.1,1.7924141,-2.136558,0.46288437,-3.6229625,-16731116
160,159,161,162,"null","null","null",2,9.1,2.8755598,-1.197184,0.63761306,-3.108158,-16731116
164,158,165,166,"null","null","null",2,18.2,0.8665067,-3.4392211,2.4198914,-0.38339484,-16731116
168,156,169,170,"null","null","null",2,18.2,2.361209,-0.41842052,3.6646857,-0.79509616,-16731116
