index,parent,child1,child2,name1,name2,common,richness,lengthbr,hxmax,hxmin,hymax,hymin,color
0,-268435338,1,160,"null","null","null",694,170.7,2.266161,-1.9760256,3.6563087,-0.44105357,-16731116
1,0,2,77,"null","null","null",487,146.0,1.1621865,-3.2137537,3.1889176,-0.62788236,-16731116
2,1,3,30,"","null","Skinks",445,100.700005,0.3719885,-3.6776881,2.5292034,-1.5019625,-16731116
3,2,4,18,"null","null","null",421,99.9,0.5905163,-3.3652647,1.5333233,-2.8791661,-16731116
4,3,5,-268128256,"null","null","null",352,80.0,1.0751499,-2.693359,0.3699472,-3.5544643,-12486656
5,4,6,9,"null","null","null",199,76.0,2.5731773,-1.730676,0.54197323,-3.4037795,-12486656
6,5,7,-268121088,"null","null","null",194,76.0,3.4750948,-0.61371297,0.6619247,-2.7378993,-12486656
7,6,-268123136,8,"null","null","null",143,66.700005,3.542419,-0.48397243,2.218437,-2.0763698,-12486656
9,5,10,15,"","null","Ground Skinks",5,69.7,0.3596002,-3.1863809,1.6749446,-2.9612572,-16731116
10,9,11,14,"null","null","null",3,69.7,0.665,-2.452295,0.5272892,-3.7671342,-16777216
11,10,12,13,"null","null","null",2,69.7,1.6186348,-1.938404,0.52359545,-3.7564602,-16777216
15,9,16,17,"null","null","null",2,69.7,1.5045881,-2.4441488,3.4248753,-0.275,-16731116
18,3,-268125184,19,"null","null","null",69,86.799995,1.2264667,-3.1183956,3.2905655,-0.28912768,-16731116
19,18,20,29,"null","null","null",6,82.7,2.9699774,-0.3171607,3.165763,-1.1971881,-16777216
20,19,21,28,"null","null","null",5,62.4,2.2791786,-1.6992228,3.514792,-0.3955164,-16777216
21,20,22,25,"null","null","null",4,62.2,1.4209557,-3.044881,3.0981104,-0.60428774,-16777216
22,21,23,24,"null","null","null",2,40.0,0.32387957,-3.6646843,2.3612094,-0.6619248,-16777216
25,21,26,27,"null","null","null",2,24.4,3.2227073,-0.30319974,2.7384832,-1.3026869,-16777216
30,2,31,74,"null","null","null",24,98.6,2.46068,-1.8495796,3.6933339,-0.6717557,-12486656
31,30,32,73,"null","null","null",22,98.6,1.4052893,-3.1463237,3.280632,-0.6167594,-12486656
32,31,33,68,"null","null","null",21,98.6,0.34807813,-3.6925101,2.6202145,-1.3385665,-12486656
33,32,34,67,"null","null","null",18,98.6,0.5754999,-3.4455094,1.6917357,-2.7538173,-11184866
34,33,35,62,"null","null","null",17,91.7,0.9035089,-2.7891622,0.33849317,-3.497464,-11184866
35,34,36,49,"null","null","null",14,91.299995,2.4241421,-1.8765955,0.5235952,-3.40589,-11184866
36,35,37,48,"null","null","null",7,23.1,3.3870208,-0.8675283,0.658092,-2.752133,-11184866
37,36,38,47,"","null","Lance Skinks",6,22.9,3.516668,-0.4628839,2.015647,-2.136559,-16777216
38,37,39,46,"null","null","null",5,22.9,2.969976,-0.6376129,3.1657646,-1.197186,-16777216
39,38,40,45,"null","null","null",4,20.9,2.2791777,-1.6992283,3.5147924,-0.3955168,-16777216
40,39,41,44,"null","null","null",3,7.2,1.5045863,-3.0448856,3.0981097,-0.6042881,-16777216
41,40,42,43,"null","null","null",2,7.0,0.32388037,-3.664687,2.361209,-0.66192466,-16777216
49,35,50,61,"","null","Worm-skinks",7,34.1,0.40148264,-3.3365872,1.7788414,-2.6534677,-11184866
50,49,51,60,"null","null","null",6,34.1,0.88761854,-2.645718,0.6411365,-3.4732869,-16777216
51,50,52,57,"null","null","null",5,34.1,2.47265,-2.1206875,0.50423634,-3.4551716,-16777216
52,51,53,56,"null","null","null",3,34.1,3.554822,-0.9791769,0.6527475,-2.8343005,-16777216
53,52,54,55,"null","null","null",2,18.6,3.827052,-0.44105422,0.9093875,-2.1905606,-16777216
57,51,58,59,"null","null","null",2,34.1,0.4428653,-3.7111802,1.8611718,-1.7914302,-16777216
62,34,63,66,"null","null","null",3,13.4,0.79509676,-3.8027482,2.3612092,-0.66484094,-16777216
63,62,64,65,"null","null","null",2,13.4,0.5592977,-3.6551406,1.7788414,-1.9610381,-16777216
68,32,69,72,"","null","Snake-eyed Skinks",3,27.0,2.2791789,-1.237118,3.766151,-0.7052618,-16731116
69,68,70,71,"null","null","null",2,27.0,1.5045903,-2.4441457,3.4248772,-0.6042876,-16731116
74,30,75,76,"null","null","null",2,17.1,3.8261669,-0.60018456,1.088006,-2.1365604,-16777216
77,1,78,145,"null","null","null",42,146.0,3.0093827,-0.3309549,3.3277416,-0.9287939,-16731116
78,77,79,118,"null","null","null",34,91.299995,2.3712444,-1.8280945,3.6272297,-0.41856802,-12486656
79,78,80,115,"null","null","null",20,49.699997,1.2878847,-3.118394,3.1946974,-0.6167593,-11184866
80,79,81,108,"null","null","null",18,49.499996,0.34807813,-3.6562014,2.5084994,-1.343868,-11184866
81,80,82,107,"","null","Girdle-tailed Lizards",14,49.399998,0.5754999,-3.3983083,1.6917357,-2.760709,-11184866
82,81,83,104,"null","null","null",13,49.399998,0.9035089,-2.7278008,0.33849317,-3.5064232,-11184866
83,82,84,103,"null","null","null",11,49.399998,2.4241421,-1.9384052,0.5235952,-3.4175372,-11184866
84,83,85,100,"null","null","null",10,43.6,3.3870208,-0.58310926,0.658092,-2.767274,-11184866
85,84,86,93,"null","null","null",8,41.3,3.516668,-0.4628839,2.1643786,-2.1562426,-11184866
86,85,87,92,"null","null","null",4,35.2,2.969976,-0.6376129,3.3591158,-1.197186,-11184866
87,86,88,91,"null","null","null",3,33.8,2.2791777,-1.2371252,3.766149,-0.3955168,-11184866
88,87,89,90,"null","null","null",2,24.6,1.5045863,-2.4441519,3.4248734,-0.6042881,-16777216
93,85,94,99,"null","null","null",4,37.5,2.47265,-2.010231,0.523484,-3.4551716,-16777216
94,93,95,98,"null","null","null",3,33.6,3.554822,-0.9791769,0.6527475,-2.8343005,-16777216
95,94,96,97,"null","null","null",2,26.8,3.827052,-0.44105422,0.9093875,-2.1905606,-16777216
100,84,101,102,"null","null","null",2,43.1,0.38339457,-2.4198945,0.86650705,-3.4392192,-11184866
104,82,105,106,"null","null","null",2,49.4,0.79509676,-3.6646852,2.3612092,-0.4184203,-16777216
108,80,109,114,"","null","Flat Lizards",4,38.8,2.2791789,-1.6992218,3.514792,-0.7052618,-16777216
109,108,110,113,"null","null","null",3,38.8,1.5045903,-3.0448804,3.0981107,-0.6042876,-16777216
110,109,111,112,"null","null","null",2,38.8,0.3238794,-3.6646843,2.3612094,-0.66192484,-16777216
115,79,116,117,"","null","Grass Lizards",2,14.4,3.1081653,-0.3171605,2.8755522,-1.1971898,-16777216
118,78,119,144,"null","null","null",14,62.7,3.624936,-0.6001848,2.0156415,-2.136561,-16731116
119,118,120,135,"null","null","null",13,58.100002,3.1107254,-0.6376126,3.165761,-1.0032719,-16731116
120,119,121,130,"null","null","null",8,57.9,2.4621503,-1.556853,3.5147917,-0.39551586,-16777216
121,120,122,129,"null","null","null",5,54.0,1.5045918,-2.8598025,3.0981112,-0.60428745,-16777216
122,121,123,128,"null","null","null",4,54.0,0.323879,-3.4240847,2.3612099,-1.1773154,-16777216
123,122,124,127,"null","null","null",3,50.2,0.5592972,-3.1628804,1.7788439,-2.6272573,-16777216
124,123,125,126,"null","null","null",2,5.2,0.66423035,-2.4198992,0.64114,-3.4392164,-16777216
130,120,131,134,"null","null","null",3,33.8,3.682302,-0.6366844,1.6104288,-2.1905634,-16777216
131,130,132,133,"null","null","null",2,29.4,3.2227097,-0.6278822,2.7384799,-1.3026892,-16777216
135,119,136,141,"null","null","null",5,32.4,3.4434724,-0.9169636,0.34452838,-2.8343048,-16731116
136,135,137,140,"null","null","null",3,32.2,3.682302,-0.44105315,1.6104288,-2.1905634,-16731116
137,136,138,139,"null","null","null",2,17.0,3.2227097,-0.6278822,2.7384799,-1.3026892,-16777216
141,135,142,143,"null","null","null",2,13.0,0.3707999,-2.5711951,0.8857589,-3.3442495,-16777216
145,77,146,153,"null","null","null",8,65.5,3.38702,-0.9025996,0.56950295,-2.761775,-16731116
146,145,147,152,"","null","Night Lizards",4,22.2,3.5166693,-0.46288335,2.1815689,-2.136561,-16731116
147,146,148,151,"null","null","null",3,22.0,2.9699788,-0.6376126,3.3814664,-1.1971906,-16731116
148,147,149,150,"null","null","null",2,7.0,2.2791796,-0.6459123,3.7952087,-0.39551586,-16731116
153,145,154,159,"","null","Tropical Night Lizards",4,65.5,0.6343421,-2.5607553,0.86650753,-3.485192,-11184866
154,153,155,158,"null","null","null",3,24.6,2.143393,-2.0102336,0.5042357,-3.470651,-11184866
155,154,156,157,"null","null","null",2,17.8,3.126792,-0.97918236,0.6527473,-2.8544245,-11184866
160,0,161,202,"","null","Wall Lizards, Whiptail Lizards and more",207,157.5,3.5424206,-0.56240183,2.218433,-2.0659308,-16731116
161,160,162,189,"null","null","null",105,80.8,2.9723682,-0.6459119,3.3277416,-0.939591,-16731116
162,161,163,164,"null","null","null",98,48.1,2.3231258,-1.8280945,3.6272297,-0.41856802,-16731116
163,162,-268129280,-268120064,"null","null","null",85,48.0,1.2890222,-3.118394,3.1946974,-0.6167593,-16731116
164,162,165,188,"","null","Wall Lizards and more",13,18.8,3.5166693,-0.6001848,2.1250017,-2.136561,-16731116
165,164,166,185,"null","null","null",12,18.8,2.9699788,-0.6376126,3.307929,-1.0122141,-16731116
166,165,167,184,"null","null","null",10,18.8,2.2791796,-1.6359198,3.6996102,-0.39551586,-16731116
167,166,168,183,"null","null","null",9,18.8,1.5045918,-2.9625895,3.338375,-0.60428745,-16731116
168,167,169,180,"null","null","null",8,15.8,0.323879,-3.5577078,2.6735528,-1.2045189,-16731116
169,168,170,179,"null","null","null",6,14.7,0.5592972,-3.3365903,1.7788439,-2.662622,-16731116
170,169,171,178,"null","null","null",5,13.4,0.66423035,-2.645722,0.64114,-3.4851906,-16731116
171,170,172,175,"null","null","null",4,11.9,2.1433957,-2.1206903,0.50423574,-3.4706488,-16731116
172,171,173,174,"null","null","null",2,11.0,3.1267943,-0.9791801,0.6527473,-2.8544214,-16731116
175,171,176,177,"null","null","null",2,5.7,0.44286656,-3.7111814,1.8611743,-1.7914251,-16731116
180,168,181,182,"null","null","null",2,15.6,2.313444,-0.4390176,3.7626064,-0.7370704,-16731116
185,165,186,187,"null","null","null",2,18.8,3.126792,-0.97918236,0.34452838,-2.8544245,-16777216
189,161,190,197,"null","null","null",7,52.300003,3.38702,-0.9025996,0.56950295,-2.8712287,-12486656
190,189,191,196,"null","null","null",4,35.7,3.5166693,-0.46288335,2.1815689,-2.136561,-12486656
191,190,192,195,"null","null","null",3,35.7,2.9699788,-0.6376126,3.3814664,-1.1971906,-12486656
192,191,193,194,"null","null","null",2,31.3,2.2791796,-0.6459123,3.7952087,-0.39551586,-16731116
197,189,198,201,"","null","Wall Lizards",3,18.1,0.38339424,-2.5607553,0.86650753,-3.7314625,-12486656
198,197,199,200,"null","null","null",2,18.1,1.44333,-2.0102336,0.5042357,-3.7908027,-11184866
202,160,-268124160,-268119040,"null","null","null",102,100.200005,2.510728,-1.903154,0.48358738,-3.41754,-16777216
