index,parent,child1,child2,name1,name2,common,richness,lengthbr,hxmax,hxmin,hymax,hymin,color
0,-268285886,1,80,"null","null","null",71,32.747566,0.8246757,-2.7293744,0.41481966,-3.509699,-16731116
1,0,2,41,"","null","Coots, Moorhens and more",40,27.814222,2.3908224,-1.9945798,0.50423694,-3.502505,-16731116
2,1,3,32,"null","null","null",20,22.760485,3.4484425,-0.7673098,0.6527477,-2.8958333,-16731116
3,2,4,27,"null","null","null",15,20.727436,3.6887555,-0.4410549,1.8644031,-2.2705545,-16731116
4,3,5,18,"null","null","null",12,16.679281,3.2310956,-0.6278831,3.0686378,-1.1166805,-12486656
5,4,6,15,"null","null","null",7,10.174023,2.5840373,-1.641892,3.48903,-0.37199032,-12486656
6,5,7,12,"null","null","null",5,6.79506,1.550136,-3.0610676,3.1200047,-0.59051746,-16731116
7,6,8,11,"null","null","null",3,6.79506,0.41359925,-3.7909281,2.374522,-0.66423035,-16731116
8,7,9,10,"null","null","null",2,4.260828,0.54197454,-3.711177,1.8611674,-1.7914399,-16731116
12,6,13,14,"null","null","null",2,2.753606,3.3284078,-0.28912875,2.5945044,-1.40528,-11184866
15,5,16,17,"null","null","null",2,3.7677164,3.8167205,-0.6717531,0.731066,-2.238161,-12486656
18,4,19,24,"null","null","null",5,11.485712,3.4068694,-0.9287931,0.33095595,-2.9070082,-12486656
19,18,20,23,"null","null","null",3,9.711459,3.7300873,-0.41856992,1.4251093,-2.238161,-11184866
20,19,21,22,"null","null","null",2,6.330546,3.3284078,-0.6167604,2.5945044,-1.40528,-8572416
24,18,25,26,"null","null","null",2,4.4909916,0.3578288,-2.7162118,0.90259826,-3.2399821,-16731116
27,3,28,31,"null","null","null",3,7.4823403,1.9703076,-2.0763667,0.56239915,-3.5523167,-16731116
28,27,29,30,"null","null","null",2,4.0465813,3.0051708,-1.0892029,0.6459124,-2.9852307,-16731116
32,2,33,40,"null","null","null",5,8.93385,0.72912574,-2.6608248,0.88575745,-3.4364264,-16731116
33,32,34,39,"null","null","null",4,8.811563,2.3305688,-2.0763667,0.4839735,-3.4921455,-16731116
34,33,35,38,"null","null","null",3,7.319656,3.4735103,-1.0892029,0.6459124,-2.9070082,-16731116
35,34,36,37,"null","null","null",2,3.0976868,3.8167205,-0.41856992,0.731066,-2.238161,-16731116
41,1,42,63,"null","null","null",20,23.317863,0.44286406,-3.427443,1.8248615,-2.6213443,-16731116
42,41,43,60,"null","null","null",11,14.4081335,0.6619249,-2.768662,0.49050927,-3.5377066,-16731116
43,42,44,57,"null","null","null",9,9.005883,2.1597364,-2.2165554,0.4839735,-3.62381,-16731116
44,43,45,54,"null","null","null",7,7.225322,3.2514281,-0.87068796,0.6459124,-3.0781722,-16731116
45,44,46,51,"null","null","null",5,5.9071236,3.5280137,-0.41856992,1.8652927,-2.4606743,-16731116
46,45,47,50,"null","null","null",3,4.4840956,3.0657122,-0.6167604,3.1667428,-1.40528,-16731116
47,46,48,49,"null","null","null",2,2.4573636,2.340821,-0.6580918,3.7190456,-0.34808034,-16731116
51,45,52,53,"null","null","null",2,3.7032688,1.0880233,-2.1365554,0.6001814,-3.8261666,-16731116
54,44,55,56,"null","null","null",2,2.380961,0.3578288,-2.7162118,0.90259826,-3.2399821,-16731116
57,43,58,59,"null","null","null",2,3.7432067,0.48358428,-3.7564583,1.9384001,-1.6186436,-16731116
60,42,61,62,"null","null","null",2,1.9168491,0.8449203,-3.5245016,2.3807096,-0.39556164,-12486656
63,41,64,79,"null","null","null",9,23.317863,1.6917305,-2.7538228,3.3983073,-0.35959804,-16731116
64,63,65,76,"null","null","null",8,19.304409,0.33848935,-3.497465,2.7278,-0.9518976,-16731116
65,64,66,73,"null","null","null",6,14.523268,0.52359617,-3.4058871,2.0181699,-2.4870439,-16731116
66,65,67,72,"null","null","null",4,6.242376,0.65809226,-2.7521284,0.86752254,-3.468788,-12486656
67,66,68,71,"null","null","null",3,5.498024,1.7924193,-2.1365561,0.46288502,-3.6229608,-12486656
68,67,69,70,"null","null","null",2,3.3340068,2.8755636,-1.1971806,0.63761336,-3.1081548,-12486656
73,65,74,75,"null","null","null",2,4.369125,1.7788377,-1.9610444,3.6551383,-0.40148056,-16731116
76,64,77,78,"null","null","null",2,4.0483656,2.3612084,-0.41842085,3.6646879,-0.7950953,-16731116
80,0,81,140,"null","null","null",31,28.948883,0.8210856,-3.5726695,2.374522,-1.1122043,-16731116
81,80,82,123,"null","null","null",30,26.283241,0.5419741,-3.427443,1.8248615,-2.6213443,-16731116
82,81,83,106,"null","null","null",21,19.253815,0.6619249,-2.768662,0.6720425,-3.5377066,-12486656
83,82,84,103,"null","null","null",12,13.687647,2.1597364,-2.2165554,0.4839735,-3.62381,-12486656
84,83,85,100,"null","null","null",10,9.8918915,3.2514281,-0.87068796,0.6459124,-3.0781722,-12486656
85,84,86,97,"null","null","null",8,8.610303,3.5280137,-0.41856992,1.9147032,-2.4606743,-12486656
86,85,87,92,"null","null","null",6,7.176544,3.0657122,-0.6167604,3.2309766,-1.2264582,-11184866
87,86,88,91,"null","null","null",3,3.0528433,2.340821,-0.8562573,3.8025494,-0.34808034,-12486656
88,87,89,90,"null","null","null",2,2.3620396,1.6917278,-2.1268075,3.5885549,-0.5755013,-8572416
92,86,93,96,"null","null","null",3,5.1141443,3.3814769,-1.1971791,0.31716174,-2.9699724,-11184866
93,92,94,95,"null","null","null",2,2.4449008,3.7952118,-0.39551836,0.6459115,-2.2791753,-11184866
97,85,98,99,"null","null","null",2,2.4987795,1.0880233,-2.1365554,0.6001814,-3.8261666,-12486656
100,84,101,102,"null","null","null",2,2.370041,0.3578288,-2.7162118,0.90259826,-3.2399821,-16731116
103,83,104,105,"null","null","null",2,5.0099697,0.48358428,-3.7564583,1.9384001,-1.6186436,-16731116
106,82,107,118,"null","null","null",9,14.576434,0.8449203,-3.4974654,2.7891593,-1.0443926,-12486656
107,106,108,113,"null","null","null",6,9.804468,0.5235964,-3.4058867,1.799383,-2.607286,-12486656
108,107,109,112,"null","null","null",3,5.1739445,0.6580923,-2.7521274,0.8675207,-3.625101,-16731116
109,108,110,111,"null","null","null",2,3.3870232,1.0880233,-2.1365554,0.46288532,-3.8261666,-12486656
113,107,114,117,"null","null","null",3,4.3577657,1.7788364,-2.62727,3.162871,-0.4014799,-11184866
114,113,115,116,"null","null","null",2,2.8871129,0.6411311,-3.4392238,2.4198866,-0.6642305,-12486656
118,106,119,122,"null","null","null",3,3.8016264,2.3612082,-0.6648511,3.8027484,-0.79509497,-16731116
119,118,120,121,"null","null","null",2,1.3537467,1.778837,-1.9610467,3.6551373,-0.55929863,-16731116
123,81,124,137,"null","null","null",9,18.888823,1.6749393,-2.7538228,3.3983073,-0.35959804,-16731116
124,123,125,134,"","null","Bush hens, Waterhens and more",7,13.864901,0.33848935,-3.497465,2.7278,-1.04439,-16731116
125,124,126,131,"null","null","null",5,10.196452,0.52359617,-3.4058871,2.0181699,-2.607284,-16731116
126,125,127,130,"null","null","null",3,6.5010214,0.65809226,-2.7521284,0.86752254,-3.6251001,-16731116
127,126,128,129,"null","null","null",2,3.9485893,1.0880204,-2.1365561,0.46288502,-3.8261666,-16731116
131,125,132,133,"null","null","null",2,3.9788017,1.7788377,-1.9610444,3.6551383,-0.40148056,-12486656
134,124,135,136,"null","null","null",2,4.1208835,2.3612084,-0.41842085,3.6646879,-0.7950953,-16731116
137,123,138,139,"null","null","null",2,3.6416922,3.4248714,-0.27500063,2.4441552,-1.5045838,-12486656
