index,parent,child1,child2,name1,name2,common,richness,lengthbr,hxmax,hxmin,hymax,hymin,color
0,-268240893,1,38,"null","null","null",23,48.0,3.1107247,-0.3171605,3.3079295,-1.0032711,-16731116
1,0,2,33,"null","null","null",19,47.8,2.4621496,-1.669425,3.69961,-0.39551604,-16731116
2,1,3,26,"null","null","null",16,47.800003,1.3321753,-3.0061452,3.3383746,-0.6042875,-16731116
3,2,4,23,"null","null","null",12,47.800003,0.32387918,-3.6143293,2.6735528,-1.1974748,-16731116
4,3,5,20,"null","null","null",10,30.699999,0.5592972,-3.4101985,1.7948654,-2.6534648,-16731116
5,4,6,17,"","null","Grass Lizards",8,19.3,0.7517865,-2.7414126,0.41482425,-3.4732862,-16777216
6,5,7,16,"null","null","null",6,19.3,2.2960706,-2.010233,0.50423574,-3.455173,-16777216
7,6,8,15,"null","null","null",5,19.3,3.3252718,-0.9791801,0.6527473,-2.834303,-16777216
8,7,9,14,"null","null","null",4,19.3,3.5286398,-0.44105357,2.0262752,-2.190562,-16777216
9,8,10,13,"null","null","null",3,19.3,3.0229478,-0.6278824,3.2790775,-1.3026856,-16777216
10,9,11,12,"null","null","null",2,19.3,2.3134432,-0.6527475,3.7626076,-0.37198886,-16777216
17,5,18,19,"null","null","null",2,19.3,0.8210871,-3.5997503,2.3745227,-0.4072514,-16777216
20,4,21,22,"null","null","null",2,9.4,1.6001993,-2.2880385,3.5117075,-0.3173849,-16731116
23,3,24,25,"null","null","null",2,36.9,2.313444,-0.4390176,3.7626064,-0.7370704,-16731116
26,2,27,32,"null","null","null",4,38.9,3.0229487,-0.30319953,3.300405,-1.3026884,-12486656
27,26,28,31,"null","null","null",3,33.4,2.313444,-1.0472472,3.790336,-0.37198827,-12486656
28,27,29,30,"null","null","null",2,21.9,1.6002,-2.2880378,3.5117078,-0.5905161,-12486656
33,1,34,37,"null","null","null",3,47.8,3.6823015,-0.6366841,1.6104301,-2.190563,-16731116
34,33,35,36,"null","null","null",2,10.2,3.2227087,-0.62788224,2.7384808,-1.3026884,-16731116
38,0,39,44,"null","null","null",4,14.1,3.4434726,-0.9791815,0.3445285,-2.834304,-16731116
39,38,40,43,"null","null","null",3,14.1,3.6823015,-0.44105333,1.6104301,-2.190563,-16731116
40,39,41,42,"null","null","null",2,14.1,3.2227087,-0.62788224,2.7384808,-1.3026884,-16777216
