index,parent,child1,child2,name1,name2,common,richness,lengthbr,hxmax,hxmin,hymax,hymin,color
0,-268045312,1,163,"null","null","null",354,99.5,0.8246676,-2.717754,0.8665073,-3.473287,-16731116
1,0,2,115,"null","null","null",323,85.3,2.390815,-1.9835725,0.504236,-3.4551735,-16731116
2,1,3,107,"HYPEROLIIDAE","null","African Wart Frogs, Reed Frogs, Midwife Frogs and more",195,32.1,3.448439,-0.7956033,0.65274733,-2.8343034,-16731116
3,2,4,106,"null","null","null",170,31.275448,3.6887572,-0.4410535,1.9801538,-2.1905627,-16731116
4,3,5,82,"null","null","null",169,31.24002,3.2311008,-0.62788236,3.2191207,-1.1457361,-16731116
5,4,6,79,"null","null","null",129,29.62101,2.5840416,-1.502447,3.6846657,-0.37198845,-16731116
6,5,7,74,"null","null","null",127,29.527533,1.4333917,-2.8797967,3.374336,-0.5905162,-16731116
7,6,8,71,"","null","African Reed Frogs",124,29.384565,0.29948753,-3.555286,2.7051516,-1.0881059,-16731116
8,7,9,37,"null","null","null",122,29.384565,0.54197276,-3.40485,1.8248566,-2.590022,-16731116
9,8,-268038144,10,"null","null","null",76,29.384565,0.66192466,-2.7392912,0.6720496,-3.4969957,-16731116
10,9,11,30,"null","null","null",14,29.384565,0.84492207,-3.509554,2.7891626,-0.9035073,-16731116
11,10,12,27,"null","null","null",10,29.384565,0.523595,-3.4216075,2.018176,-2.4241407,-16731116
12,11,13,24,"null","null","null",8,29.384565,0.658092,-2.7725658,0.58311075,-3.3870203,-16731116
13,12,14,19,"null","null","null",6,29.384565,2.1815732,-2.1631215,0.4628837,-3.5166686,-16731116
14,13,15,18,"null","null","null",3,29.384565,3.3814695,-1.1971871,0.63761276,-2.969977,-16731116
15,14,16,17,"null","null","null",2,29.384565,3.7952096,-0.39551657,0.64591205,-2.2791781,-16731116
19,13,20,23,"null","null","null",3,29.384565,0.52348435,-3.470647,2.0102317,-2.1433992,-16731116
20,19,21,22,"null","null","null",2,29.384565,0.65274745,-2.8544188,0.97917783,-3.1267967,-16731116
24,12,25,26,"null","null","null",2,29.384565,0.8665073,-3.439218,2.4198961,-0.38339445,-11513776
27,11,28,29,"null","null","null",2,29.384565,1.7788428,-1.9610344,3.6551418,-0.40148306,-12486656
30,10,31,34,"null","null","null",4,29.384565,2.6735523,-0.66483647,3.8027482,-0.795097,-16731116
31,30,32,33,"null","null","null",2,29.384565,1.7788435,-1.9610338,3.655142,-0.55929744,-16731116
34,30,35,36,"null","null","null",2,29.384565,3.7626069,-0.73707,0.43901774,-2.3134434,-16731116
37,8,-268037120,38,"null","null","null",46,29.384565,1.594933,-2.763116,3.3982825,-0.35960123,-12486656
38,37,39,60,"null","null","null",17,29.384565,3.2448435,-0.27500138,2.923916,-1.3321755,-12486656
39,38,40,53,"null","null","null",11,29.384565,2.5519621,-1.2045183,3.5074317,-0.32387912,-12486656
40,39,41,48,"null","null","null",7,29.384565,1.6207768,-2.6626213,3.2712317,-0.55929714,-12486656
41,40,42,47,"null","null","null",4,29.384565,0.6411415,-3.4851904,2.5607557,-0.66423035,-11184866
42,41,43,46,"null","null","null",3,29.384565,0.5042355,-3.4706495,2.0102336,-2.143394,-8572416
43,42,44,45,"null","null","null",2,29.384565,0.6527473,-2.8544226,0.97918123,-3.1267931,-11513776
48,40,49,52,"null","null","null",3,29.384565,3.1200063,-0.31738532,2.913998,-1.6002003,-16731116
49,48,50,51,"null","null","null",2,29.384565,2.3745227,-0.66423047,3.5997484,-0.41361213,-16731116
53,39,54,59,"null","null","null",4,29.384565,3.489027,-0.73707044,1.5287547,-2.313444,-16731116
54,53,55,58,"null","null","null",3,29.384565,3.1200063,-0.5905161,2.913998,-1.6002003,-16731116
55,54,56,57,"null","null","null",2,29.384565,2.3745227,-0.66423047,3.5997484,-0.41361213,-16731116
60,38,61,70,"null","null","null",6,29.384565,3.0686288,-1.3026888,0.3031995,-3.0229487,-12486656
61,60,62,69,"null","null","null",5,29.384565,3.489027,-0.3719882,1.6418781,-2.313444,-12486656
62,61,63,68,"null","null","null",4,29.384565,3.1200063,-0.5905161,3.0610583,-1.6002003,-12486656
63,62,64,67,"null","null","null",3,29.384565,2.3745227,-0.66423047,3.790927,-0.41361213,-12486656
64,63,65,66,"null","null","null",2,29.384565,1.861177,-1.7914188,3.7111838,-0.5419726,-12486656
71,7,72,73,"null","null","null",2,29.384565,2.3408232,-0.42902276,3.7190404,-0.7670549,-16731116
74,6,75,78,"","null","Midwife Frogs",3,6.675013,3.0657158,-0.2891274,3.1667309,-1.4052902,-12486656
75,74,76,77,"null","null","null",2,6.675013,2.3408232,-0.6580922,3.7190404,-0.3480779,-11184866
79,5,80,81,"null","null","null",2,4.2114644,3.8167186,-0.671756,0.7310486,-2.2381651,-16731116
82,4,-268039168,83,"null","null","null",40,22.41311,3.327742,-0.94438857,0.33095488,-2.9723687,-16731116
83,82,84,105,"null","null","null",12,15.097941,0.44186616,-2.8820229,0.9025996,-3.3870199,-16731116
84,83,85,102,"","null","Madagascan Reed Frogs",11,14.569273,2.015641,-2.3054147,0.4628833,-3.5166693,-16731116
85,84,86,95,"null","null","null",9,14.569273,3.1657605,-1.003272,0.6376125,-2.9699788,-16731116
86,85,87,94,"null","null","null",5,14.569273,3.5147915,-0.3955158,1.6992185,-2.2791796,-16731116
87,86,88,91,"null","null","null",4,14.569273,3.0981112,-0.6042874,3.0448778,-1.420959,-16731116
88,87,89,90,"null","null","null",2,14.569273,2.3612099,-0.66192484,3.6646829,-0.32387894,-16731116
91,87,92,93,"null","null","null",2,14.569273,2.7384791,-1.3026897,0.30319938,-3.2227101,-12486656
95,85,96,101,"null","null","null",4,14.569273,0.34452835,-2.8343048,0.9791828,-3.4434724,-16731116
96,95,97,100,"null","null","null",3,14.569273,1.6104281,-2.1905634,0.4410531,-3.6823022,-16731116
97,96,98,99,"null","null","null",2,14.569273,2.7384791,-1.3026897,0.6278821,-3.2227101,-16731116
102,84,103,104,"null","null","null",2,14.569273,0.52348536,-3.7908027,2.0102339,-1.44333,-16731116
107,2,-268035072,108,"null","null","null",25,19.557436,0.6764308,-2.724474,0.88575864,-3.4364235,-16731116
108,107,109,114,"null","null","null",4,8.422929,0.8449218,-3.4762156,2.4522986,-0.8164962,-12486656
109,108,110,113,"null","null","null",3,6.675013,0.5235949,-3.3782682,1.9384065,-2.3110266,-12486656
110,109,111,112,"","null","African Wart Frogs",2,4.2114644,0.6580919,-2.7162247,0.8675309,-3.2399726,-16731116
115,1,116,117,"ARTHROLEPTIDAE","null","Forest Treefrogs, Night Frogs and more",128,67.0,0.44286638,-3.4026668,1.8172159,-2.6213381,-12486656
116,115,-268040192,-268036096,"","null","Screeching Frogs, Night Frogs and more",79,62.0,0.66192466,-2.7364533,0.6062379,-3.5377052,-12486656
117,115,118,146,"","null","Forest Treefrogs",49,53.740795,1.5297172,-2.7787874,3.3810935,-0.35960072,-16731116
118,117,-268041216,119,"null","null","null",40,53.740795,0.4232726,-3.5299253,2.7054212,-0.90350705,-16731116
119,118,120,135,"null","null","null",14,53.740795,2.5519614,-1.2045208,3.61433,-0.795097,-16731116
120,119,121,130,"null","null","null",8,53.740795,1.6207751,-2.6626232,3.4101982,-0.55929744,-12486656
121,120,122,127,"null","null","null",5,53.740795,0.4148239,-3.485191,2.7414124,-0.66423047,-12486656
122,121,123,126,"null","null","null",3,53.740795,0.50423586,-3.4706492,2.010233,-2.1433954,-12486656
123,122,124,125,"null","null","null",2,53.740795,0.65274733,-2.854422,0.97918046,-3.1267939,-12486656
127,121,128,129,"null","null","null",2,53.740795,2.3745227,-0.40725148,3.5997503,-0.821087,-12486656
130,120,131,134,"null","null","null",3,53.740795,3.120006,-0.31738448,2.914001,-1.6001981,-16731116
131,130,132,133,"null","null","null",2,53.740795,2.3745227,-0.66423047,3.5997503,-0.41360927,-12486656
135,119,136,143,"null","null","null",6,53.740795,3.4890275,-0.73706996,1.641881,-2.5840414,-16731116
136,135,137,142,"null","null","null",4,53.740795,3.120006,-0.5905163,3.0610602,-1.600198,-16731116
137,136,138,141,"null","null","null",3,53.740795,2.3745227,-0.66423047,3.7909272,-0.41360915,-16731116
138,137,139,140,"null","null","null",2,53.740795,1.8611747,-1.7914236,3.711182,-0.541973,-16731116
143,135,144,145,"null","null","null",2,53.740795,0.7310506,-2.2381644,0.6717558,-3.8167188,-11184866
146,117,147,158,"null","null","null",9,53.740795,3.0981104,-0.27500078,2.9239175,-1.332174,-16731116
147,146,148,157,"null","null","null",6,53.740795,2.3612094,-1.2045212,3.507432,-0.32387954,-16731116
148,147,149,156,"null","null","null",5,53.740795,1.7788428,-2.6626234,3.2712305,-0.55929744,-16731116
149,148,150,155,"null","null","null",4,53.740795,0.6411395,-3.485191,2.5607543,-0.66423047,-16731116
150,149,151,154,"null","null","null",3,53.740795,0.50423586,-3.4706492,2.010233,-2.1433954,-16731116
151,150,152,153,"null","null","null",2,53.740795,0.65274733,-2.854422,0.97918046,-3.1267939,-16731116
158,146,159,162,"null","null","null",3,53.740795,3.279076,-1.3026868,0.30319974,-3.0229483,-16731116
159,158,160,161,"null","null","null",2,53.740795,3.7626066,-0.37198865,0.6527476,-2.3134434,-16731116
163,0,-268042240,164,"null","null","null",31,70.0,0.8210869,-3.5465195,2.6047688,-1.0522668,-16731116
164,163,165,176,"","null","Shovelnose Frogs",9,44.789253,2.620214,-1.3259938,3.4931822,-0.7670543,-16731116
165,164,166,173,"null","null","null",6,44.789253,1.6749465,-2.7374723,3.1863828,-0.57549995,-16731116
166,165,167,172,"null","null","null",4,44.789253,0.52729183,-3.4762158,2.4522977,-0.81649756,-16731116
167,166,168,171,"null","null","null",3,44.789253,0.5235951,-3.3782678,1.9384059,-2.3110278,-16731116
168,167,169,170,"null","null","null",2,44.789253,0.658092,-2.7162237,0.8675299,-3.2399733,-16731116
173,165,174,175,"null","null","null",2,44.789253,3.4248767,-0.2750007,2.4441464,-1.5045894,-12486656
176,164,177,180,"null","null","null",3,44.789253,3.7661505,-0.7052617,1.2371192,-2.2791786,-16731116
177,176,178,179,"null","null","null",2,44.789253,3.4248767,-0.6042877,2.4441464,-1.5045893,-16731116
