index,parent,child1,child2,name1,name2,common,richness,lengthbr,hxmax,hxmin,hymax,hymin,color
0,-268163071,1,-268151808,"null","null","null",618,85.4,2.4856627,-1.9051986,0.48358738,-3.4397883,-12486656
1,0,2,173,"Ungulata and Cetacea","null","Ungulates, Whales, Dolphins and Porpoises",327,85.3,3.4669995,-0.7180013,0.6580919,-2.7962008,-12486656
2,1,3,166,"Cetartiodactyla","null","Even-toed Ungulates, Whales, Dolphins and Porpoises",311,65.8,3.6206427,-0.46288335,2.1293166,-2.1631248,-12486656
3,2,4,125,"null","null","null",307,65.600006,3.105144,-0.6376126,3.3135386,-1.0306227,-12486656
4,3,5,121,"null","null","null",286,59.500004,2.4548945,-1.6552804,3.7069025,-0.39551586,-12486656
5,4,6,106,"null","null","null",201,48.300003,1.3321762,-2.987758,3.347855,-0.60428745,-12486656
6,5,7,101,"null","null","null",193,26.800001,0.323879,-3.590427,2.685877,-1.2118179,-12486656
7,6,8,87,"null","null","null",190,26.7,0.5592972,-3.379125,1.7242631,-2.6721106,-12486656
8,7,9,42,"Bovidae","null","Bovids",138,26.5,0.7517865,-2.7010174,0.5493574,-3.4975257,-12486656
9,8,10,37,"null","null","null",115,21.8,2.2960706,-1.9270728,0.50423574,-3.4866846,-12486656
10,9,11,20,"null","null","null",112,21.8,3.3252718,-0.75777984,0.6527473,-2.875268,-12486656
11,10,12,13,"null","null","null",103,21.8,3.5286398,-0.44105357,1.980156,-2.2438169,-12486656
12,11,-268145664,-268146688,"null","null","null",99,21.8,3.0229478,-0.6278824,3.2191226,-1.1457332,-12486656
13,11,14,19,"null","null","null",4,21.8,2.3305597,-2.0763705,0.56240153,-3.4921474,-12486656
14,13,15,18,"Procapra","null","null",3,5.7,3.4735045,-1.0892096,0.645912,-2.9070122,-12486656
15,14,16,17,"null","null","null",2,5.7,3.816719,-0.41856855,0.7310552,-2.238164,-12486656
20,10,21,36,"null","null","null",9,19.699999,0.68968534,-2.6393716,0.88575864,-3.4364238,-16731116
21,20,22,31,"null","null","null",8,19.199999,2.2793,-2.048474,0.48397225,-3.4921474,-16731116
22,21,23,28,"Kobus","null","null",5,15.599999,3.406867,-0.8706966,0.645912,-2.9070122,-16731116
23,22,24,27,"null","null","null",3,15.2,3.7300901,-0.41856855,1.425098,-2.238164,-12486656
24,23,25,26,"null","null","null",2,10.8,3.328414,-0.61675966,2.5944955,-1.4052861,-12486656
28,22,29,30,"null","null","null",2,0.2,0.35782802,-2.7162204,0.9025992,-3.239976,-16731116
31,21,32,35,"Redunca","null","null",3,9.0,0.48358673,-3.3782651,1.9384048,-2.3110309,-16731116
32,31,33,34,"null","null","null",2,6.9,0.658092,-2.7162204,0.8675277,-3.239976,-16731116
37,9,38,41,"null","null","null",3,21.8,0.44286656,-3.2755415,1.8611743,-2.472528,-16731116
38,37,39,40,"null","null","null",2,21.8,0.6619247,-2.5711904,0.7547004,-3.3442519,-16731116
42,8,43,64,"","null","Cows, Bison, Ox and more",23,21.300001,0.8210871,-3.5088603,2.6772223,-1.0522664,-12486656
43,42,44,61,"null","null","null",11,20.8,0.541973,-3.3444955,1.9094243,-2.5434296,-16731116
44,43,45,60,"null","null","null",9,17.0,0.6619247,-2.6608305,0.7547004,-3.4364238,-16731116
45,44,46,59,"null","null","null",8,17.0,2.1597278,-2.0763705,0.48397225,-3.4921474,-16731116
46,45,47,54,"null","null","null",7,17.0,3.2514234,-0.8866574,0.645912,-2.9070122,-16731116
47,46,48,53,"null","null","null",4,17.0,3.5280132,-0.41856855,1.865283,-2.238164,-16731116
48,47,49,52,"null","null","null",3,9.5,3.0657144,-0.61675966,3.166736,-1.4052861,-16731116
49,48,50,51,"null","null","null",2,6.9,2.3408225,-0.658092,3.7190428,-0.34807888,-16731116
54,46,55,58,"null","null","null",3,8.0,0.35782802,-2.7521324,0.9025992,-3.6250968,-16731116
55,54,56,57,"Taurotragus","null","null",2,5.3,1.0880123,-2.1365585,0.462884,-3.8261666,-16777216
61,43,62,63,"null","null","null",2,6.3,1.691736,-2.1267915,3.5885625,-0.3596006,-12486656
64,42,65,78,"null","null","null",12,18.6,2.5084996,-1.3259921,3.6562014,-0.76705444,-11184866
65,64,66,75,"null","null","null",7,5.6,1.6749479,-2.7374706,3.3983083,-0.57549983,-11184866
66,65,67,72,"null","null","null",5,5.5,0.33849406,-3.4762144,2.7278008,-0.8164975,-11184866
67,66,68,71,"null","null","null",3,3.9,0.523595,-3.3782663,1.938406,-2.311028,-12486656
68,67,69,70,"Bison","null","null",2,3.7,0.658092,-2.7162223,0.8675292,-3.239974,-12486656
72,66,73,74,"null","null","null",2,3.2,2.3612094,-0.4184202,3.6646843,-0.795097,-3014646
75,65,76,77,"null","null","null",2,4.9,3.4248781,-0.27500108,2.4441447,-1.5045905,-8572416
78,64,79,86,"null","null","null",5,12.0,3.514792,-0.70526195,1.6992209,-2.2791789,-11184866
79,78,80,83,"Bubalus","null","null",4,3.2,3.098111,-0.6042876,3.0448797,-1.4209569,-8572416
80,79,81,82,"null","null","null",2,3.2,2.3612099,-0.66192484,3.6646838,-0.3238793,-8572416
83,79,84,85,"null","null","null",2,3.2,2.7384815,-1.3026879,0.30319962,-3.2227082,-3014646
87,7,-268144640,88,"null","null","null",52,26.5,1.5333256,-2.931904,3.3528523,-0.3173849,-12486656
88,87,89,100,"Moschidae","null","Musk Deer",7,10.9,3.290567,-0.2891274,2.9929938,-1.4052902,-11184866
89,88,90,97,"null","null","null",6,6.7,2.6331298,-1.4981315,3.4931822,-0.3480779,-8572416
90,89,91,96,"null","null","null",4,1.4000001,1.6917381,-2.9612532,3.1863844,-0.5754996,-8572416
91,90,92,95,"null","null","null",3,1.2,0.52729416,-3.7671332,2.4522996,-0.665,-8572416
92,91,93,94,"null","null","null",2,1.2,0.52359474,-3.756462,1.9384072,-1.6186279,-8572416
97,89,98,99,"null","null","null",2,3.6,3.7952085,-0.7052624,0.55371827,-2.2791796,-8572416
101,6,102,105,"null","null","null",3,20.2,2.313444,-1.0472472,3.790336,-0.7370704,-16731116
102,101,103,104,"Giraffidae","null","null",2,7.8,1.6002,-2.2880378,3.5117078,-0.5905161,-16731116
106,5,107,120,"Tragulidae","null","Mouse deer",8,20.3,3.0229492,-0.30319944,3.0686283,-1.3026892,-16731116
107,106,108,119,"null","null","null",7,20.3,2.3134441,-1.6418772,3.489027,-0.3719881,-16731116
108,107,109,114,"Tragulus","null","null",6,12.7,1.4333931,-3.0610573,3.1200066,-0.590516,-12486656
109,108,110,113,"null","null","null",3,9.5,0.41361272,-3.7909262,2.374523,-0.66423047,-16731116
110,109,111,112,"null","null","null",2,9.5,0.5419725,-3.711183,1.8611767,-1.7914197,-16731116
114,108,115,118,"null","null","null",3,9.5,3.0657163,-0.2891272,3.1667287,-1.4052919,-12486656
115,114,116,117,"null","null","null",2,9.5,2.3408237,-0.65809226,3.7190394,-0.34807754,-16731116
121,4,-268143616,122,"null","null","null",85,52.700005,3.6659763,-0.6366844,1.9639375,-2.3868947,-12486656
122,121,123,124,"Hippopotamidae","null","null",2,12.7,1.2662215,-2.0763724,0.5624025,-3.8140683,-11184866
125,3,126,161,"null","null","null",21,44.699997,3.4484384,-0.9169636,0.3839339,-2.895844,-12486656
126,125,127,154,"Suidae","null","Pig family",18,26.4,3.6887577,-0.44105315,1.9931467,-2.2705646,-12486656
127,126,128,151,"null","null","null",14,21.7,3.231102,-0.6278822,3.2360132,-1.1514597,-12486656
128,127,129,148,"null","null","null",12,21.5,2.5840425,-1.4749742,3.7066274,-0.3719881,-12486656
129,128,130,147,"null","null","null",10,21.5,1.6002007,-2.8440835,3.4028873,-0.590516,-12486656
130,129,131,140,"Sus","null","null",9,9.7,0.3917426,-3.5088603,2.742268,-1.1987886,-11184866
131,130,132,137,"null","null","null",5,9.7,0.5419725,-3.3444977,1.9094278,-2.733911,-11184866
132,131,133,136,"null","null","null",3,9.7,0.6619246,-2.6608334,0.75470394,-3.684053,-11184866
133,132,134,135,"null","null","null",2,5.0,1.2662228,-2.0763726,0.4839716,-3.814068,-11184866
137,131,138,139,"null","null","null",2,9.7,1.6917387,-2.1267867,3.5885649,-0.35960186,-8572416
140,130,141,144,"null","null","null",4,9.7,2.6331306,-0.8562327,3.8025513,-0.76705533,-12486656
141,140,142,143,"null","null","null",2,9.7,1.6917396,-2.126786,3.5885649,-0.57549936,-11184866
144,140,145,146,"null","null","null",2,9.7,3.795208,-0.7052629,0.55371547,-2.27918,-16731116
148,128,149,150,"Potamochoerus","null","null",2,7.0,3.8167186,-0.6717566,0.7310459,-2.2381659,-16731116
151,127,152,153,"Phacochoerus","null","null",2,18.6,3.0051577,-1.0892141,0.33095467,-2.9852443,-16731116
154,126,155,158,"Babyrousa","null","null",4,16.3,1.9702901,-2.2165644,0.5624025,-3.5523252,-11184866
155,154,156,157,"null","null","null",2,16.3,3.0051577,-1.0892141,0.64591175,-2.9852443,-11184866
158,154,159,160,"null","null","null",2,16.3,0.4835881,-3.7564626,1.9384077,-1.6186256,-11184866
161,125,162,165,"Tayassuidae","null","null",3,21.9,0.3707999,-2.6608334,0.8857589,-3.6840534,-12486656
162,161,163,164,"null","null","null",2,8.4,1.2662215,-2.0763724,0.4839717,-3.8140683,-11184866
166,2,167,170,"Camelidae","null","null",4,21.8,2.143393,-2.1206918,0.52348524,-3.470651,-16731116
167,166,168,169,"Camelus","null","Camels",2,10.4,3.126792,-0.97918236,0.6527473,-2.8544245,-16777216
170,166,171,172,"null","null","null",2,8.3,0.44286698,-3.7111826,1.8611758,-1.7914215,-16731116
173,1,174,191,"PERISSODACTYLA","null","Odd-toed Ungulates",16,58.5,0.82172704,-2.7233973,0.86650753,-3.5626502,-11184866
174,173,175,184,"null","null","null",9,52.9,2.3869934,-1.9577205,0.5042357,-3.5713465,-11184866
175,174,176,183,"Rhinocerotidae","null","Rhinoceros",5,26.6,3.4434724,-0.97918236,0.6527473,-2.9853287,-8572416
176,175,177,180,"null","null","null",4,26.6,3.682302,-0.44105315,1.6104288,-2.3868947,-11184866
177,176,178,179,"Rhinoceros","null","null",2,11.3,3.2227097,-0.6278822,2.7384799,-1.3026892,-8572416
180,176,181,182,"null","null","null",2,15.3,1.2662215,-2.0763724,0.5624025,-3.8140683,-11184866
184,174,185,190,"Tapiridae","null","Tapirs",4,29.300001,0.44286698,-3.3444972,1.8611758,-2.7339127,-11184866
185,184,186,189,"null","null","null",3,29.1,0.6619246,-2.660833,0.75470304,-3.6840537,-11184866
186,185,187,188,"null","null","null",2,2.9,1.266223,-2.0763721,0.48397177,-3.814068,-11184866
191,173,192,203,"Equidae","null","Horse family",7,12.2,0.82108724,-3.5592155,2.3745227,-1.0796548,-11184866
192,191,193,202,"null","null","null",6,1.9,0.5419729,-3.4099581,1.8611754,-2.5790353,-11184866
193,192,194,199,"null","null","null",5,1.9,0.66192466,-2.7459319,0.4905151,-3.4827125,-12486656
194,193,195,198,"null","null","null",3,1.7,1.9702911,-2.0763721,0.48397186,-3.5523243,-11184866
195,194,196,197,"null","null","null",2,1.7,3.0051584,-1.0892134,0.6459118,-2.9852433,-11184866
199,193,200,201,"null","null","null",2,1.9,0.84492207,-3.5244946,2.3807096,-0.39556068,-16731116
