index,parent,child1,child2,name1,name2,common,richness,lengthbr,hxmax,hxmin,hymax,hymin,color
0,-268361653,1,84,"null","null","null",46,40.333736,3.1323936,-0.62788296,3.1648672,-1.1166822,-11184866
1,0,2,77,"null","null","null",42,40.333736,2.4557242,-1.4972713,3.6141293,-0.37198997,-11184866
2,1,3,64,"null","null","null",38,40.333736,1.533317,-2.873062,3.2826347,-0.5905173,-11184866
3,2,4,57,"null","null","null",31,40.333736,0.29948944,-3.5465224,2.5859406,-1.1122056,-11184866
4,3,5,50,"null","null","null",27,40.333736,0.5419743,-3.3934507,1.7061975,-2.6213453,-11184866
5,4,6,39,"null","null","null",23,40.333736,0.6619249,-2.7244716,0.6447718,-3.5377066,-11184866
6,5,7,30,"null","null","null",17,40.333736,2.1597354,-2.0607467,0.48397338,-3.6238103,-11184866
7,6,8,23,"null","null","null",12,40.333736,3.2514277,-0.8866515,0.6459124,-3.0781724,-11184866
8,7,9,20,"null","null","null",8,40.333736,3.5280137,-0.4185698,1.7065823,-2.4606745,-11184866
9,8,10,17,"null","null","null",6,40.333736,3.065712,-0.6167603,2.9604197,-1.2878731,-12486656
10,9,11,16,"null","null","null",4,40.333736,2.3408208,-1.3545772,3.4508257,-0.34808022,-12486656
11,10,12,15,"null","null","null",3,40.333736,1.6917281,-2.7746239,3.1313145,-0.5755012,-12486656
12,11,13,14,"null","null","null",2,40.333736,0.5272817,-3.5245032,2.3807092,-0.665,-8572416
17,9,18,19,"null","null","null",2,40.333736,2.8755634,-1.1971815,0.31716168,-3.1081553,-11184866
20,8,21,22,"null","null","null",2,40.333736,1.0880196,-2.1365566,0.6001816,-3.8261666,-3014646
23,7,24,29,"null","null","null",4,40.333736,0.35782874,-2.752129,0.90259826,-3.4687877,-11184866
24,23,25,28,"null","null","null",3,40.333736,1.7924187,-2.1365566,0.4628849,-3.622961,-11184866
25,24,26,27,"null","null","null",2,40.333736,2.8755634,-1.1971815,0.6376133,-3.1081553,-11184866
30,6,31,36,"null","null","null",5,40.333736,0.48358452,-3.405888,2.0181682,-2.6072845,-11184866
31,30,32,35,"null","null","null",3,40.333736,0.65809226,-2.752129,0.8675231,-3.6250997,-12486656
32,31,33,34,"null","null","null",2,40.333736,1.0880196,-2.1365566,0.4628849,-3.8261666,-12486656
36,30,37,38,"null","null","null",2,40.333736,1.7788361,-1.9610482,3.6551366,-0.40148008,-8572416
39,5,40,47,"null","null","null",6,40.333736,0.8449204,-3.476215,2.7277997,-0.81650966,-12486656
40,39,41,44,"null","null","null",4,40.333736,0.52359635,-3.3782616,2.0181682,-2.3110387,-11184866
41,40,42,43,"null","null","null",2,40.333736,0.65809226,-2.7162147,0.8675231,-3.23998,-3014646
44,40,45,46,"null","null","null",2,40.333736,1.7788361,-1.9610482,3.6551366,-0.40148008,-12486656
47,39,48,49,"null","null","null",2,40.333736,2.3612084,-0.41842097,3.6646888,-0.7950951,-16731116
50,4,51,54,"null","null","null",4,40.333736,1.6749367,-2.774622,3.131315,-0.35959762,-8572416
51,50,52,53,"null","null","null",2,40.333736,0.52728236,-3.524502,2.38071,-0.665,-3014646
54,50,55,56,"null","null","null",2,40.333736,3.4248686,-0.27500087,2.4441597,-1.5045813,-11184866
57,3,58,63,"null","null","null",4,40.333736,2.3408213,-1.354575,3.4508257,-0.76705235,-11184866
58,57,59,62,"null","null","null",3,40.333736,1.691729,-2.774622,3.131315,-0.5755011,-8572416
59,58,60,61,"null","null","null",2,40.333736,0.52728236,-3.524502,2.38071,-0.665,-8572416
64,2,65,74,"null","null","null",7,40.333736,3.2905622,-0.28912854,2.9604187,-1.2878737,-8572416
65,64,66,71,"null","null","null",5,40.333736,2.6331258,-1.354575,3.4508257,-0.34807998,-8572416
66,65,67,70,"null","null","null",3,40.333736,1.691729,-2.774622,3.131315,-0.5755011,-8572416
67,66,68,69,"null","null","null",2,40.333736,0.52728236,-3.524502,2.38071,-0.665,-8572416
71,65,72,73,"null","null","null",2,40.333736,3.7952113,-0.7052593,0.55373704,-2.2791758,-8572416
74,64,75,76,"null","null","null",2,40.333736,2.8755636,-1.1971806,0.31716153,-3.1081548,-8572416
77,1,78,83,"null","null","null",4,40.333736,3.5280137,-0.67175364,1.8652903,-2.2381618,-8572416
78,77,79,82,"null","null","null",3,40.333736,3.0657125,-0.6167602,3.1667411,-1.4052815,-11513776
79,78,80,81,"null","null","null",2,40.333736,2.3408213,-0.6580918,3.719045,-0.34807998,-16777216
84,0,85,90,"null","null","null",4,40.333736,3.406869,-1.0892045,0.33095574,-2.9070091,-8572416
85,84,86,89,"null","null","null",3,40.333736,3.7300882,-0.41856956,1.4251064,-2.2381618,-8572416
86,85,87,88,"null","null","null",2,40.333736,3.3284092,-0.6167602,2.5945022,-1.4052815,-11184866
