index,parent,child1,child2,name1,name2,common,richness,lengthbr,hxmax,hxmin,hymax,hymin,color
0,-268141357,1,44,"null","null","null",24,18.599998,0.5419738,-3.3934503,1.9094191,-2.6213427,-16731116
1,0,2,37,"Neotoma","null","null",22,15.8,0.66192484,-2.7244713,0.52232444,-3.537706,-16731116
2,1,3,28,"null","null","null",18,7.5,2.1597342,-2.0607471,0.48397315,-3.6238103,-16731116
3,2,4,17,"null","null","null",13,7.5,3.251427,-0.886652,0.64591235,-3.0781732,-16731116
4,3,5,14,"null","null","null",7,7.5,3.5280137,-0.41856956,1.7065808,-2.4606752,-12486656
5,4,6,13,"null","null","null",5,7.5,3.0657125,-0.6167602,2.9604187,-1.4052815,-16731116
6,5,7,12,"null","null","null",4,7.5,2.3408213,-1.354575,3.4508257,-0.34807998,-16731116
7,6,8,11,"null","null","null",3,7.5,1.691729,-2.774622,3.131315,-0.5755011,-12486656
8,7,9,10,"null","null","null",2,7.5,0.52728236,-3.524502,2.38071,-0.665,-16731116
14,4,15,16,"null","null","null",2,7.5,1.0880204,-2.1365561,0.60018194,-3.8261666,-11184866
17,3,18,27,"null","null","null",6,7.5,0.55628777,-2.7521284,0.9025985,-3.387024,-16731116
18,17,19,26,"null","null","null",5,7.5,2.1643848,-2.1365561,0.46288502,-3.5166674,-16731116
19,18,20,25,"null","null","null",4,7.5,3.359119,-1.1971806,0.63761336,-2.969973,-12486656
20,19,21,24,"null","null","null",3,7.5,3.7661476,-0.395518,1.2371349,-2.2791758,-16731116
21,20,22,23,"null","null","null",2,3.2,3.4248686,-0.6042887,2.4441597,-1.5045813,-16731116
28,2,29,36,"null","null","null",5,7.5,0.48358494,-3.4058871,1.9384013,-2.4870439,-12486656
29,28,30,35,"null","null","null",4,7.5,0.65809226,-2.7521284,0.86752254,-3.468788,-12486656
30,29,31,34,"null","null","null",3,7.5,1.7924193,-2.1365561,0.46288502,-3.6229608,-12486656
31,30,32,33,"null","null","null",2,3.2,2.8755636,-1.1971806,0.63761336,-3.1081548,-16731116
37,1,38,43,"null","null","null",4,15.8,0.84492064,-3.4762137,2.452291,-0.81650865,-16731116
38,37,39,42,"null","null","null",3,14.3,0.52359617,-3.3782606,1.9384013,-2.3110383,-16731116
39,38,40,41,"null","null","null",2,5.6,0.65809226,-2.7162137,0.86752254,-3.2399807,-16731116
44,0,45,46,"null","null","null",2,12.9,1.691732,-2.1267989,3.5885592,-0.3595987,-12486656
