index,parent,child1,child2,name1,name2,common,richness,lengthbr,hxmax,hxmin,hymax,hymin,color
0,-1,1,143,"Testudines","null","Turtles, Tortoises and Terrapins",233,209.2285,2.7631197,-1.6364993,0.275,-3.3729212,-11184866
1,0,2,90,"null","null","null",214,162.2443,3.5095556,-0.33849263,0.94991744,-2.6947975,-11184866
2,1,3,85,"null","null","null",187,112.1235,3.4216084,-0.52359533,2.4844728,-1.7993919,-11184866
3,2,4,72,"null","null","null",184,90.98303,2.7725668,-0.658092,3.4654508,-0.6834773,-11184866
4,3,5,67,"null","null","null",177,82.422516,2.163123,-2.082432,3.6186275,-0.46288377,-11184866
5,4,6,65,"null","null","null",174,77.2683,1.041482,-3.2525866,3.1025236,-0.6376127,-11184866
6,5,7,-268432384,"null","null","null",135,60.872627,0.39551646,-3.6276627,2.4514887,-1.6652153,-11184866
7,6,8,48,"null","null","null",75,57.471767,0.60428786,-3.2448416,1.3321717,-3.0006704,-11184866
8,7,-268434432,9,"null","null","null",66,51.296036,1.2118235,-2.5519605,0.32388,-3.6072087,-8572416
9,8,10,39,"null","null","null",20,48.537354,0.73706913,-3.4890285,2.4557261,-1.5005729,-8572416
10,9,11,36,"null","null","null",15,43.541435,0.5905168,-3.1200054,1.5501418,-2.877357,-8572416
11,10,12,35,"null","null","null",13,37.36359,1.0522721,-2.3745222,0.4136045,-3.5521092,-8572416
12,11,13,34,"null","null","null",12,33.003593,2.543434,-1.861171,0.5419737,-3.4007158,-8572416
13,12,14,25,"null","null","null",11,27.195429,3.4364252,-0.52232486,0.7291224,-2.7339165,-3014646
14,13,15,20,"null","null","null",6,19.346682,3.492146,-0.4839731,2.3305657,-2.0484693,-3014646
15,14,16,19,"null","null","null",3,14.0385895,2.9070096,-0.64591235,3.4735084,-1.089205,-3014646
16,15,17,18,"null","null","null",2,7.5549226,2.238162,-0.7310625,3.81672,-0.41856945,-3014646
20,14,21,24,"null","null","null",3,8.948757,2.3110373,-1.9384017,0.48358512,-3.3782613,-3014646
21,20,22,23,"null","null","null",2,6.449957,3.23998,-0.8675231,0.6580922,-2.7162147,-3014646
25,13,26,33,"null","null","null",5,24.643286,1.044389,-2.4522915,0.84492064,-3.4974651,-16777216
26,25,27,32,"null","null","null",4,13.453414,2.607283,-1.9384017,0.52359605,-3.4058878,-16777216
27,26,28,31,"null","null","null",3,9.221268,3.6250997,-0.8675231,0.6580922,-2.752129,-16777216
28,27,29,30,"null","null","null",2,6.555697,3.8261666,-0.4628849,1.0880196,-2.1365566,-16777216
36,10,37,38,"null","null","null",2,26.901981,1.4052846,-2.5944977,3.3284123,-0.2891281,-11184866
39,9,40,45,"null","null","null",5,38.7349,2.460678,-1.8652835,3.5280137,-0.6717546,-8572416
40,39,41,44,"null","null","null",3,25.459076,1.4052863,-3.166736,3.0657144,-0.6167597,-8572416
41,40,42,43,"null","null","null",2,18.441046,0.34807888,-3.7190428,2.3408222,-0.658092,-8572416
45,39,46,47,"null","null","null",2,21.531721,3.826167,-0.60018337,1.0880116,-2.1365588,-8572416
48,7,49,60,"","null","Neotropical Wood Turtles",9,26.71475,1.1166859,-3.2191238,3.0229466,-0.3032,-12486656
49,48,50,59,"null","null","null",6,19.76285,0.37198922,-3.6846662,2.3134422,-1.6418855,-12486656
50,49,51,58,"null","null","null",5,12.92034,0.5905168,-3.3743343,1.6001947,-3.0610633,-12486656
51,50,52,55,"null","null","null",4,4.2268014,0.66423047,-2.70515,0.2994887,-3.7909274,-12486656
52,51,53,54,"null","null","null",2,2.669094,1.7914319,-1.861171,0.5419737,-3.7111797,-12486656
55,51,56,57,"null","null","null",2,2.3234186,0.76705325,-3.7190435,2.3408217,-0.42902333,-16777216
60,48,61,64,"null","null","null",3,20.018425,2.907012,-0.33095533,3.4735053,-1.089209,-12486656
61,60,62,63,"null","null","null",2,11.349647,2.2381637,-0.7310552,3.816719,-0.41856873,-12486656
65,5,-268433408,66,"null","null","null",39,38.791927,2.9202821,-0.34452873,3.325272,-0.97917956,-12486656
67,4,68,71,"null","null","null",3,72.800674,3.4706497,-0.5234846,2.143396,-2.0102324,-11184866
68,67,69,70,"","null","Snapping Turtles",2,33.469906,2.8544223,-0.65274733,3.1267939,-0.97918046,-11184866
72,3,73,84,"null","null","null",7,68.47615,3.473287,-0.8665072,0.82172906,-2.6457212,-8572416
73,72,74,81,"null","null","null",6,34.354664,3.455173,-0.50423604,2.3869948,-2.1206903,-8572416
74,73,75,80,"null","null","null",4,20.05028,2.834303,-0.65274733,3.4434724,-0.97918046,-8572416
75,74,76,79,"null","null","null",3,16.759008,2.1905622,-1.6104324,3.6823006,-0.44105357,-8572416
76,75,77,78,"","null","Ridley Sea Turtles",2,5.29322,1.3026873,-2.7384827,3.2227068,-0.62788236,-8572416
81,73,82,83,"null","null","null",2,21.434278,1.7914244,-1.8611743,0.44286627,-3.711182,-8572416
85,2,86,89,"null","null","null",3,96.7509,2.62726,-1.778842,0.40148264,-3.162879,-11184866
86,85,87,88,"null","null","null",2,53.853596,3.4392173,-0.64113855,0.66423047,-2.4198976,-12486656
90,1,91,142,"null","null","null",27,150.501,1.1974789,-2.3612092,0.7950965,-3.5904284,-11184866
91,90,92,131,"null","null","null",26,123.28929,2.6534674,-1.620774,0.5592977,-3.379125,-11184866
92,91,93,120,"","null","Softshell Turtles",20,76.62409,3.473287,-0.41482306,0.7517879,-2.7010171,-11184866
93,92,94,113,"null","null","null",14,59.547173,3.455173,-0.50423604,2.2960713,-1.9577187,-11184866
94,93,95,110,"null","null","null",10,49.96239,2.834303,-0.65274733,3.3252718,-0.7274779,-11184866
95,94,96,109,"null","null","null",8,39.02822,2.1905622,-1.864392,3.5286398,-0.44105357,-11184866
96,95,97,106,"null","null","null",7,28.767876,1.1514573,-3.0686302,3.022948,-0.62788236,-11184866
97,96,98,105,"null","null","null",5,20.039267,0.3719885,-3.4890275,2.3134432,-1.5287596,-11184866
98,97,99,102,"null","null","null",4,17.547613,0.5905163,-3.120006,1.5501455,-2.9140022,-11184866
99,98,100,101,"null","null","null",2,9.445655,0.66423047,-2.3745227,0.41360784,-3.599751,-11184866
102,98,103,104,"null","null","null",2,12.841175,1.4052877,-2.5944932,3.3284154,-0.28912768,-11184866
106,96,107,108,"null","null","null",2,5.086345,2.9852421,-0.3309549,3.0051599,-1.0892122,-11184866
110,94,111,112,"null","null","null",2,15.134276,3.344251,-0.88575864,0.37080014,-2.5711923,-11184866
113,93,114,119,"null","null","null",4,50.307205,2.7339146,-1.8611743,0.44286627,-3.3444963,-8572416
114,113,115,118,"null","null","null",3,18.397572,3.6840544,-0.7547017,0.6619247,-2.6608315,-16777216
115,114,116,117,"null","null","null",2,11.7359295,3.8140678,-0.48397207,1.2662247,-2.0763712,-16777216
120,92,121,130,"null","null","null",6,55.232124,1.1987939,-2.3745224,0.82108676,-3.5088615,-8572416
121,120,122,127,"null","null","null",5,34.293427,2.7339146,-1.9094241,0.5419732,-3.3444963,-8572416
122,121,123,126,"null","null","null",3,10.841583,3.6840544,-0.7547017,0.6619247,-2.6608315,-8572416
123,122,124,125,"null","null","null",2,7.4629498,3.8140678,-0.48397207,1.2662247,-2.0763712,-3014646
127,121,128,129,"null","null","null",2,11.501862,0.3596006,-3.588562,1.691736,-2.1267917,-11184866
131,91,132,139,"","null","Flap-shell Turtles",6,55.526672,0.31738394,-3.120006,1.5501454,-2.8032866,-16731116
132,131,133,138,"null","null","null",4,40.477158,0.9977279,-2.3745227,0.4136079,-3.45582,-12486656
133,132,134,137,"null","null","null",3,34.689556,2.4725287,-1.8611736,0.54197323,-3.2755423,-12486656
134,133,135,136,"null","null","null",2,25.070833,3.3442519,-0.7547009,0.6619247,-2.571191,-12486656
139,131,140,141,"null","null","null",2,26.246212,1.4052879,-2.5944924,3.3284159,-0.28912774,-16731116
143,0,144,163,"null","null","null",19,193.93506,0.275,-3.3383734,1.3321723,-2.9625928,-11184866
144,143,145,160,"null","null","null",10,141.43204,1.1974798,-2.6735516,0.32387993,-3.5577083,-11184866
145,144,146,157,"null","null","null",8,103.70784,2.6534684,-1.7948618,0.55929774,-3.3365889,-11184866
146,145,147,156,"","null","South American River Turtles",6,47.66696,3.4732876,-0.6411378,0.8876163,-2.64572,-11184866
147,146,148,153,"null","null","null",5,38.977703,3.455173,-0.5042362,2.4726477,-2.1206894,-11184866
148,147,149,152,"null","null","null",3,30.271177,2.8343027,-0.6527474,3.5548203,-0.97917956,-11184866
149,148,150,151,"null","null","null",2,23.908045,2.190562,-0.9093821,3.827052,-0.44105375,-11184866
153,147,154,155,"null","null","null",2,27.961458,1.7914257,-1.8611736,0.44286597,-3.7111816,-11184866
157,145,158,159,"null","null","null",2,84.989456,0.31738362,-3.511705,1.6001966,-2.2880435,-3014646
160,144,161,162,"null","null","null",2,45.44848,0.73706937,-3.7626076,2.3134427,-0.43901795,-16777216
163,143,164,177,"null","null","null",9,85.041336,1.151454,-3.0686326,3.0229473,-0.30319995,-12486656
164,163,165,176,"null","null","null",7,59.741734,0.371989,-3.4890285,2.313443,-1.4749806,-12486656
165,164,166,175,"null","null","null",6,50.206043,0.59051657,-3.1200058,1.6001966,-2.844088,-12486656
166,165,167,174,"null","null","null",5,45.821636,1.1987963,-2.3745227,0.41360688,-3.5088615,-12486656
167,166,168,173,"null","null","null",4,22.089872,2.7339168,-1.8611732,0.54197335,-3.3444955,-12486656
168,167,169,172,"null","null","null",3,4.233636,3.6840553,-0.7546998,0.6619247,-2.6608303,-12486656
169,168,170,171,"null","null","null",2,2.1636434,3.8140678,-0.48397237,1.2662275,-2.0763705,-12486656
177,163,178,179,"null","null","null",2,57.103703,2.9852386,-0.3309552,3.005163,-1.0892096,-16777216
