index,parent,child1,child2,name1,name2,common,richness,lengthbr,hxmax,hxmin,hymax,hymin,color
0,-268435455,1,90,"null","null","null",46,44.60639,2.6721146,-1.7788405,0.55929786,-3.400939,-8572416
1,0,2,51,"null","null","null",45,39.212006,3.4975266,-0.56176686,0.7517928,-2.7293754,-8572416
2,1,3,28,"null","null","null",25,25.147057,3.4866824,-0.5042366,2.296076,-2.0236783,-8572416
3,2,4,25,"null","null","null",13,13.934545,2.8752642,-0.6527476,3.3252745,-0.7274712,-3014646
4,3,5,16,"null","null","null",11,10.512694,2.2438135,-1.8643999,3.5286393,-0.44105446,-3014646
5,4,6,13,"null","null","null",6,4.7746663,1.151449,-3.068636,3.0229456,-0.6278829,-3014646
6,5,7,12,"null","null","null",4,3.95508,0.37198985,-3.4890294,2.3134418,-1.528769,-3014646
7,6,8,11,"null","null","null",3,2.8309054,0.59051716,-3.1200051,1.6001923,-2.9140096,-3014646
8,7,9,10,"null","null","null",2,1.0814008,0.66423035,-2.3745222,0.41360146,-3.5997548,-3014646
13,5,14,15,"null","null","null",2,0.79356635,2.9852333,-0.33095568,3.005168,-1.089205,-16777216
16,4,17,24,"","null","Asian Box Turtles",5,8.987118,3.492146,-0.5624,2.2793043,-2.0763679,-3014646
17,16,18,23,"null","null","null",4,7.295617,2.9070096,-0.64591235,3.4068685,-1.089205,-3014646
18,17,19,22,"null","null","null",3,6.3489017,2.238162,-1.4251056,3.7300882,-0.41856945,-3014646
19,18,20,21,"null","null","null",2,4.8525467,1.4052819,-2.5945015,3.3284097,-0.61676013,-3014646
25,3,26,27,"null","null","null",2,10.461251,3.344256,-0.8857578,0.37080064,-2.5711844,-16777216
28,2,29,44,"null","null","null",12,16.74754,2.543434,-1.7061999,0.4428649,-3.4929109,-11184866
29,28,30,39,"null","null","null",8,15.191761,3.4364252,-0.52232486,0.7291224,-2.85377,-11184866
30,29,31,36,"null","null","null",5,8.280763,3.492146,-0.4839731,2.3305657,-2.2165573,-11184866
31,30,32,35,"null","null","null",3,6.39416,2.9070096,-0.64591235,3.4735084,-1.089205,-8572416
32,31,33,34,"null","null","null",2,0.9312981,2.238162,-0.7310625,3.81672,-0.41856945,-16777216
36,30,37,38,"null","null","null",2,6.4405937,1.6186401,-1.9384017,0.48358512,-3.7564592,-12486656
39,29,40,43,"null","null","null",3,13.461708,0.3955614,-2.4522915,0.84492064,-3.7671354,-16777216
40,39,41,42,"null","null","null",2,8.303068,1.6186401,-1.9384017,0.52359605,-3.7564592,-16777216
44,28,45,48,"null","null","null",4,9.317585,0.3595989,-3.1313152,1.674941,-2.774618,-8572416
45,44,46,47,"null","null","null",2,1.7925676,0.665,-2.38071,0.5272858,-3.5244997,-3014646
48,44,49,50,"null","null","null",2,1.2231778,1.5045854,-2.4441533,3.4248726,-0.27500045,-8572416
51,1,52,87,"null","null","null",20,32.793423,1.1122015,-2.70515,0.82108617,-3.57267,-11184866
52,51,53,84,"null","null","null",18,30.358288,2.6213422,-1.9094193,0.5419737,-3.427445,-11184866
53,52,54,77,"null","null","null",16,29.153055,3.537706,-0.52232486,0.66192484,-2.7686644,-11184866
54,53,55,74,"","null","Asian Leaf Turtles",12,20.234266,3.6238108,-0.4839731,2.1597333,-2.2165573,-12486656
55,54,56,67,"null","null","null",10,13.195812,3.0781736,-0.64591235,3.2514265,-0.88665277,-12486656
56,55,57,64,"null","null","null",6,6.732991,2.4606755,-1.8652892,3.5280137,-0.41856945,-16777216
57,56,58,61,"null","null","null",4,3.1570468,1.2878745,-3.1667404,3.065713,-0.61676013,-16777216
58,57,59,60,"null","null","null",2,1.2455987,0.34807986,-3.7190447,2.3408215,-0.6580918,-16777216
61,57,62,63,"null","null","null",2,1.6518737,3.1081553,-0.31716147,2.8755634,-1.1971812,-16777216
64,56,65,66,"null","null","null",2,1.2934699,3.8261666,-0.6001822,1.0880196,-2.1365566,-16777216
67,55,68,71,"null","null","null",4,0.9947346,3.6250997,-0.9025985,0.35782853,-2.752129,-12486656
68,67,69,70,"null","null","null",2,0.34352574,3.8261666,-0.4628849,1.0880196,-2.1365566,-12486656
71,67,72,73,"null","null","null",2,0.35820913,0.38339514,-2.4198875,0.8665061,-3.439223,-16777216
74,54,75,76,"null","null","null",2,9.13104,1.6186401,-1.9384017,0.48358512,-3.7564592,-16777216
77,53,78,83,"null","null","null",4,21.130684,0.8165077,-2.4522915,0.84492064,-3.476214,-8572416
78,77,79,82,"null","null","null",3,16.31729,2.3110373,-1.9384017,0.52359605,-3.3782613,-8572416
79,78,80,81,"null","null","null",2,10.922094,3.23998,-0.8675231,0.6580922,-2.7162147,-8572416
84,52,85,86,"null","null","null",2,21.561508,0.3595989,-3.5885587,1.6917318,-2.1268003,-8572416
87,51,88,89,"null","null","null",2,20.89686,0.76705325,-3.7190435,2.3408217,-0.42902333,-8572416
