index,parent,child1,child2,name1,name2,common,richness,lengthbr,hxmax,hxmin,hymax,hymin,color
0,-268435454,1,54,"null","null","null",38,33.99327,2.3023353,-1.864394,3.5286393,-0.44105375,-12486656
1,0,2,35,"null","null","null",27,17.764652,1.1166875,-3.0686321,3.0229473,-0.6278824,-12486656
2,1,3,34,"null","null","null",17,8.893874,0.37198886,-3.4890285,2.3134427,-1.4972637,-12486656
3,2,4,29,"null","null","null",16,7.6950607,0.59051657,-3.1200058,1.4333884,-2.8730562,-12486656
4,3,5,28,"null","null","null",13,4.408071,1.0522699,-2.3745227,0.41360605,-3.5465198,-12486656
5,4,6,27,"null","null","null",12,2.154237,2.5434322,-1.8611722,0.5419735,-3.3934507,-12486656
6,5,7,18,"","null","Map Turtles",11,1.2113147,3.4364245,-0.54959816,0.68968856,-2.7244723,-12486656
7,6,8,17,"null","null","null",6,0.85237885,3.4921463,-0.48397276,2.2793026,-2.076369,-12486656
8,7,9,14,"null","null","null",5,0.7386313,2.9070103,-0.64591223,3.406868,-0.870693,-12486656
9,8,10,13,"null","null","null",3,0.68344235,2.2381625,-1.4251026,3.7300892,-0.41856912,-12486656
10,9,11,12,"null","null","null",2,0.5687201,1.4052837,-2.594499,3.3284116,-0.61675996,-12486656
14,8,15,16,"null","null","null",2,0.23850387,3.2399783,-0.90259886,0.35782835,-2.716217,-8572416
18,6,19,26,"null","null","null",5,0.71779364,0.8165048,-2.5136538,0.8449211,-3.4762142,-11184866
19,18,20,23,"null","null","null",4,0.4597754,2.3110347,-2.0181713,0.52359575,-3.3782628,-11184866
20,19,21,22,"null","null","null",2,0.18202658,3.2399783,-0.86752474,0.65809214,-2.716217,-8572416
23,19,24,25,"null","null","null",2,0.17742424,0.4014814,-3.6551383,1.7788389,-1.9610431,-12486656
29,3,30,33,"null","null","null",3,5.9843507,1.4052863,-3.166736,3.0657144,-0.2891279,-12486656
30,29,31,32,"null","null","null",2,5.1069984,0.34807888,-3.7190428,2.3408222,-0.658092,-12486656
35,1,36,53,"null","null","null",10,11.467323,2.907013,-0.33095512,3.3844705,-1.0892107,-12486656
36,35,37,52,"","null","Cooters",9,1.1914824,2.2381642,-1.9146936,3.7009754,-0.41856837,-12486656
37,36,38,45,"null","null","null",8,0.8387264,1.2264667,-3.230971,3.2905655,-0.6167594,-11184866
38,37,39,42,"null","null","null",4,0.36714706,0.34807852,-3.80255,2.6331284,-0.8562428,-12486656
39,38,40,41,"null","null","null",2,0.17014812,0.57550013,-3.5885606,1.6917346,-2.126795,-12486656
42,38,43,44,"null","null","null",2,0.16683559,2.2791781,-0.55372405,3.7952094,-0.70526135,-16777216
45,37,46,51,"null","null","null",4,0.5044882,2.9699774,-0.3171607,3.359116,-1.1971881,-8572416
46,45,47,50,"null","null","null",3,0.294973,2.2791786,-1.2371192,3.766151,-0.3955164,-8572416
47,46,48,49,"null","null","null",2,0.15162265,1.5045897,-2.4441464,3.4248772,-0.60428774,-8572416
54,0,55,66,"null","null","null",11,25.097378,3.6238139,-0.56240153,2.279299,-2.060753,-11184866
55,54,56,63,"null","null","null",6,18.650455,3.0781791,-0.64591193,3.4068668,-0.8706996,-11184866
56,55,57,60,"null","null","null",4,13.211315,2.46068,-1.4250932,3.7300913,-0.4185682,-12486656
57,56,58,59,"null","null","null",2,9.780431,1.4052893,-2.5944912,3.3284168,-0.6167594,-12486656
60,56,61,62,"null","null","null",2,2.4075751,3.8261669,-0.60018456,1.088006,-2.1365604,-16777216
63,55,64,65,"null","null","null",2,9.92743,3.2399726,-0.90259945,0.3578278,-2.7162244,-11184866
66,54,67,74,"null","null","null",5,20.540035,2.6072752,-1.938406,0.4835871,-3.4058914,-11184866
67,66,68,71,"","null","Box Turtle",4,13.079395,3.6250954,-0.5831127,0.658092,-2.7521348,-11184866
68,67,69,70,"null","null","null",2,10.153628,3.8261669,-0.46288353,1.088006,-2.1365604,-8572416
71,67,72,73,"null","null","null",2,9.92546,0.38339433,-2.4198992,0.8665074,-3.4392166,-12486656
